-0.000243
-0.000249
-0.000157
0.000632
-0.000122
-0.000122
-0.000178
0.000438
-0.000307
-0.000358
-0.000434
-0.000603
-0.000765
-0.000803
-0.000840
-0.000732
-0.000663
-0.000680
-0.000702
-0.000719
-0.000752
-0.000660
-0.000617
-0.000747
-0.000750
-0.000747
-0.000775
-0.000700
-0.000711
-0.000709
-0.000553
-0.000638
-0.000562
-0.000589
-0.000652
-0.000709
-0.000716
-0.000704
-0.000679
-0.000655
-0.000633
-0.000641
-0.000605
-0.000621
-0.000628
-0.000626
-0.000633
-0.000650
-0.000663
-0.000710
-0.000716
-0.000731
-0.000685
-0.000640
-0.000641
-0.000611
-0.000575
-0.000590
-0.000684
-0.000776
-0.000629
-0.000548
-0.000287
0.000071
0.000210
0.000174
-0.001158
0.000128
0.000150
-0.000008
0.000061
-0.000005
0.000195
-0.000646
-0.000634
-0.000647
-0.000665
-0.000599
-0.000689
-0.000734
-0.000736
-0.000813
-0.000803
-0.000743
-0.000861
-0.000817
-0.000841
-0.000783
-0.000663
-0.000691
-0.000687
-0.000688
-0.000685
-0.000659
-0.000540
-0.000612
-0.000652
-0.000717
-0.000779
-0.000783
-0.000679
-0.000649
-0.000705
-0.000695
-0.000563
-0.000521
-0.000630
-0.000702
-0.000727
-0.000730
-0.000750
-0.000706
-0.000682
-0.000687
-0.000602
-0.000610
-0.000612
-0.000675
-0.000670
-0.000678
-0.000739
-0.000777
-0.000632
-0.000688
-0.000634
-0.000676
-0.000579
-0.000676
-0.000632
-0.000619
-0.000577
-0.000604
-0.000664
-0.000642
-0.000611
-0.000654
-0.000795
-0.000769
-0.000659
-0.000748
-0.000770
-0.000762
-0.000825
-0.000708
-0.000686
-0.000511
-0.000557
-0.000633
-0.000645
-0.000649
-0.000654
-0.000614
-0.000708
-0.000767
-0.000723
-0.000765
-0.000691
-0.000727
-0.000845
-0.000834
-0.000756
-0.000684
-0.000756
-0.000727
-0.000715
-0.000705
-0.000673
-0.000666
-0.000627
-0.000760
-0.000735
-0.000769
-0.000728
-0.000678
-0.000627
-0.000622
-0.000649
-0.000631
-0.000649
-0.000621
-0.000698
-0.000572
-0.000753
-0.000752
-0.000652
-0.000703
-0.000689
-0.000670
-0.000607
-0.000670
-0.000720
-0.000667
-0.000520
-0.000693
-0.000704
-0.000714
-0.000715
-0.000676
-0.000636
-0.000639
-0.000615
-0.000634
-0.000613
-0.000608
-0.000588
-0.000703
-0.000639
-0.000638
-0.000703
-0.000746
-0.000623
-0.000651
-0.000729
-0.000747
-0.000737
-0.000748
-0.000681
-0.000814
-0.000737
-0.000577
-0.000637
-0.000678
-0.000637
-0.000630
-0.000559
-0.000649
-0.000693
-0.000698
-0.000730
-0.000714
-0.000890
-0.000833
-0.000788
-0.000779
-0.000706
-0.000731
-0.000731
-0.000757
-0.000729
-0.000646
-0.000669
-0.000699
-0.000755
-0.000799
-0.000762
-0.000738
-0.000698
-0.000663
-0.000687
-0.000683
-0.000717
-0.000593
-0.000622
-0.000653
-0.000555
-0.000721
-0.000776
-0.000733
-0.000681
-0.000716
-0.000688
-0.000629
-0.000766
-0.000793
-0.000647
-0.000560
-0.000654
-0.000651
-0.000661
-0.000693
-0.000651
-0.000638
-0.000661
-0.000622
-0.000600
-0.000567
-0.000604
-0.000642
-0.000673
-0.000647
-0.000663
-0.000649
-0.000769
-0.000743
-0.000711
-0.000678
-0.000707
-0.000768
-0.000683
-0.000677
-0.000801
-0.000805
-0.000509
-0.000601
-0.000616
-0.000610
-0.000638
-0.000506
-0.000572
-0.000630
-0.000602
-0.000648
-0.000762
-0.000817
-0.000799
-0.000781
-0.000734
-0.000673
-0.000682
-0.000761
-0.000715
-0.000700
-0.000685
-0.000756
-0.000762
-0.000732
-0.000750
-0.000647
-0.000612
-0.000727
-0.000602
-0.000651
-0.000705
-0.000723
-0.000697
-0.000624
-0.000682
-0.000544
-0.000597
-0.000666
-0.000746
-0.000705
-0.000734
-0.000673
-0.000669
-0.000746
-0.000725
-0.000620
-0.000582
-0.000632
-0.000628
-0.000635
-0.000608
-0.000583
-0.000595
-0.000553
-0.000554
-0.000582
-0.000582
-0.000590
-0.000647
-0.000637
-0.000601
-0.000690
-0.000753
-0.000753
-0.000769
-0.000772
-0.000693
-0.000745
-0.000705
-0.000725
-0.000772
-0.000796
-0.002169
-0.000477
-0.000559
-0.000612
-0.000483
-0.000583
-0.000548
-0.000540
-0.000638
-0.000645
-0.000758
-0.000747
-0.000755
-0.000756
-0.000727
-0.000730
-0.000721
-0.000709
-0.000690
-0.000721
-0.000668
-0.000670
-0.000716
-0.000778
-0.000658
-0.000651
-0.000612
-0.000601
-0.000610
-0.000716
-0.000704
-0.000642
-0.000694
-0.000767
-0.000628
-0.000637
-0.000552
-0.000483
-0.000619
-0.000633
-0.000647
-0.000712
-0.000718
-0.000692
-0.000683
-0.000698
-0.000682
-0.000581
-0.000579
-0.000557
-0.000550
-0.000577
-0.000578
-0.000527
-0.000525
-0.000551
-0.000544
-0.000538
-0.000565
-0.000615
-0.000570
-0.000644
-0.000619
-0.000748
-0.000595
-0.000659
-0.000771
-0.000726
-0.000688
-0.000733
-0.000751
-0.000793
-0.000800
-0.000808
-0.000529
-0.000539
-0.000541
-0.000518
-0.000617
-0.000601
-0.000596
-0.000613
-0.000582
-0.000606
-0.000695
-0.000740
-0.000771
-0.000747
-0.000690
-0.000722
-0.000768
-0.000751
-0.000691
-0.000693
-0.000708
-0.000655
-0.000625
-0.000642
-0.000717
-0.000665
-0.000691
-0.000745
-0.000748
-0.000634
-0.000677
-0.000613
-0.000727
-0.000676
-0.000590
-0.000511
-0.000536
-0.000650
-0.000641
-0.000694
-0.000682
-0.000765
-0.000686
-0.000741
-0.000604
-0.000586
-0.000538
-0.000551
-0.000539
-0.000518
-0.000538
-0.000537
-0.000557
-0.000536
-0.000495
-0.000506
-0.000556
-0.000584
-0.000610
-0.000630
-0.000625
-0.000591
-0.000814
-0.000644
-0.000842
-0.000763
-0.000667
-0.000714
-0.000733
-0.000769
-0.000853
-0.000830
-0.000830
-0.000520
-0.000514
-0.000560
-0.000565
-0.000563
-0.000601
-0.000561
-0.000578
-0.000565
-0.000500
-0.000660
-0.000668
-0.000700
-0.000664
-0.000726
-0.000767
-0.000808
-0.000761
-0.000718
-0.000704
-0.000676
-0.000686
-0.000662
-0.000646
-0.000617
-0.000745
-0.000761
-0.000756
-0.000687
-0.000585
-0.000542
-0.000666
-0.000702
-0.000655
-0.000509
-0.000496
-0.000556
-0.000517
-0.000677
-0.000696
-0.000735
-0.000761
-0.000675
-0.000619
-0.000597
-0.000616
-0.000498
-0.000473
-0.000545
-0.000533
-0.000449
-0.000496
-0.000552
-0.000578
-0.000556
-0.000540
-0.000571
-0.000571
-0.000538
-0.000500
-0.000597
-0.000692
-0.000757
-0.000600
-0.000733
-0.000696
-0.000687
-0.000703
-0.000788
-0.000824
-0.000802
-0.000796
-0.000817
-0.000513
-0.000467
-0.000514
-0.000664
-0.000521
-0.000581
-0.000622
-0.000653
-0.000601
-0.000530
-0.000667
-0.000553
-0.000552
-0.000614
-0.000707
-0.000696
-0.000765
-0.000793
-0.000755
-0.000709
-0.000659
-0.000667
-0.000547
-0.000656
-0.000658
-0.000746
-0.000774
-0.000651
-0.000638
-0.000569
-0.000643
-0.000632
-0.000679
-0.000729
-0.000543
-0.000510
-0.000470
-0.000583
-0.000645
-0.000654
-0.000687
-0.000719
-0.000664
-0.000660
-0.000591
-0.000589
-0.000583
-0.000487
-0.000502
-0.000489
-0.000431
-0.000525
-0.000613
-0.000607
-0.000553
-0.000589
-0.000543
-0.000516
-0.000515
-0.000554
-0.000713
-0.000640
-0.000676
-0.000765
-0.000628
-0.000542
-0.000742
-0.000810
-0.000810
-0.000860
-0.000831
-0.000878
0.001326
-0.000463
-0.000465
-0.000535
-0.000671
-0.000480
-0.000530
-0.000684
-0.000599
-0.000645
-0.000730
-0.000634
-0.000637
-0.000669
-0.000733
-0.000779
-0.000726
-0.000703
-0.000705
-0.000675
-0.000655
-0.000694
-0.000688
-0.000737
-0.000703
-0.000653
-0.000694
-0.000717
-0.000663
-0.000665
-0.000647
-0.000667
-0.000708
-0.000784
-0.000699
-0.000598
-0.000597
-0.000575
-0.000560
-0.000557
-0.000605
-0.000629
-0.000702
-0.000635
-0.000653
-0.000636
-0.000566
-0.000610
-0.000611
-0.000536
-0.000532
-0.000561
-0.000542
-0.000583
-0.000594
-0.000595
-0.000581
-0.000558
-0.000599
-0.000542
-0.000605
-0.000630
-0.000604
-0.000747
-0.000654
-0.000719
-0.000794
-0.000771
-0.000816
-0.000859
-0.000894
-0.000907
-0.000944
-0.001003
-0.000578
-0.000496
-0.000547
-0.000652
-0.000501
-0.000623
-0.000687
-0.000662
-0.000644
-0.000782
-0.000610
-0.000631
-0.000601
-0.000650
-0.000767
-0.000783
-0.000711
-0.000648
-0.000621
-0.000742
-0.000757
-0.000728
-0.000631
-0.000699
-0.000666
-0.000630
-0.000555
-0.000753
-0.000718
-0.000708
-0.000656
-0.000612
-0.000720
-0.000538
-0.000571
-0.000551
-0.000573
-0.000519
-0.000474
-0.000527
-0.000682
-0.000668
-0.000668
-0.000672
-0.000629
-0.000629
-0.000604
-0.000571
-0.000549
-0.000575
-0.000584
-0.000551
-0.000564
-0.000602
-0.000588
-0.000570
-0.000555
-0.000584
-0.000652
-0.000578
-0.000661
-0.000745
-0.000655
-0.000676
-0.000791
-0.000802
-0.000833
-0.000890
-0.000970
-0.001031
-0.000946
-0.001017
-0.001013
-0.000470
-0.000377
-0.000490
-0.000490
-0.000583
-0.000624
-0.000633
-0.000631
-0.000589
-0.000617
-0.000629
-0.000599
-0.000558
-0.000661
-0.000681
-0.000682
-0.000668
-0.000688
-0.000716
-0.000697
-0.000644
-0.000694
-0.000693
-0.000630
-0.000672
-0.000684
-0.000637
-0.000696
-0.000714
-0.000676
-0.000614
-0.000565
-0.000619
-0.000629
-0.000555
-0.000559
-0.000506
-0.000487
-0.000504
-0.000512
-0.000565
-0.000597
-0.000653
-0.000654
-0.000631
-0.000612
-0.000608
-0.000605
-0.000596
-0.000565
-0.000485
-0.000489
-0.000560
-0.000570
-0.000609
-0.000625
-0.000507
-0.000548
-0.000595
-0.000638
-0.000680
-0.000750
-0.000768
-0.000791
-0.000752
-0.000816
-0.000838
-0.000889
-0.000973
-0.000952
-0.000978
-0.001010
-0.000874
-0.000526
-0.000498
-0.000497
-0.000526
-0.000643
-0.000620
-0.000616
-0.000618
-0.000529
-0.000485
-0.000614
-0.000568
-0.000535
-0.000580
-0.000687
-0.000684
-0.000639
-0.000589
-0.000573
-0.000576
-0.000649
-0.000658
-0.000595
-0.000552
-0.000547
-0.000541
-0.000652
-0.000706
-0.000761
-0.000664
-0.000633
-0.000516
-0.000533
-0.000584
-0.000559
-0.000527
-0.000499
-0.000512
-0.000569
-0.000616
-0.000576
-0.000583
-0.000621
-0.000616
-0.000628
-0.000628
-0.000609
-0.000606
-0.000620
-0.000604
-0.000478
-0.000478
-0.000530
-0.000589
-0.000623
-0.000619
-0.000603
-0.000586
-0.000678
-0.000651
-0.000689
-0.000755
-0.000812
-0.000757
-0.000817
-0.000786
-0.000849
-0.000821
-0.000883
-0.000974
-0.001017
-0.000991
0.000725
-0.000472
-0.000446
-0.000443
-0.000494
-0.000598
-0.000561
-0.000526
-0.000562
-0.000548
-0.000520
-0.000527
-0.000553
-0.000497
-0.000534
-0.000648
-0.000620
-0.000659
-0.000677
-0.000663
-0.000639
-0.000636
-0.000717
-0.000610
-0.000368
-0.000611
-0.001158
-0.002458
-0.002197
-0.001259
-0.000871
-0.000684
-0.000558
-0.000592
-0.000612
-0.000622
-0.000527
-0.000494
-0.000538
-0.000541
-0.000600
-0.000519
-0.000543
-0.000633
-0.000653
-0.000630
-0.000602
-0.000596
-0.000580
-0.000589
-0.000564
-0.000519
-0.000510
-0.000532
-0.000568
-0.000620
-0.000684
-0.000773
-0.000719
-0.000729
-0.000712
-0.000726
-0.000725
-0.000736
-0.000842
-0.000765
-0.000915
-0.000918
-0.000962
-0.000990
-0.001054
-0.000979
-0.000968
-0.000860
-0.000591
-0.000566
-0.000548
-0.000577
-0.000576
-0.000571
-0.000547
-0.000518
-0.000532
-0.000508
-0.000477
-0.000529
-0.000495
-0.000499
-0.000557
-0.000561
-0.000620
-0.000692
-0.000737
-0.000739
-0.000726
-0.000119
0.000585
0.000654
-0.002144
-0.006475
-0.002855
-0.002426
-0.002431
-0.003589
-0.003132
-0.002404
-0.001957
-0.001441
-0.000684
-0.000540
-0.000533
-0.000501
-0.000476
-0.000361
-0.000352
-0.000354
-0.000514
-0.000585
-0.000639
-0.000652
-0.000652
-0.000602
-0.000587
-0.000593
-0.000548
-0.000565
-0.000559
-0.000593
-0.000630
-0.000676
-0.000701
-0.000823
-0.000775
-0.000822
-0.000847
-0.000795
-0.000857
-0.000843
-0.000894
-0.000956
-0.000956
-0.001062
-0.001021
-0.001068
-0.001069
-0.001217
-0.000982
-0.000626
-0.000592
-0.000577
-0.000541
-0.000528
-0.000535
-0.000513
-0.000480
-0.000501
-0.000478
-0.000455
-0.000477
-0.000514
-0.000500
-0.000530
-0.000508
-0.000527
-0.000658
-0.000710
-0.000700
-0.000276
0.004036
0.012184
0.008389
0.005422
0.003931
0.005603
0.007998
0.003867
-0.005160
-0.004572
-0.000994
-0.001584
-0.000656
-0.000557
-0.000614
-0.000491
-0.000484
-0.000470
-0.000431
-0.000371
-0.000294
-0.000368
-0.000476
-0.000567
-0.000571
-0.000602
-0.000607
-0.000647
-0.000625
-0.000606
-0.000551
-0.000572
-0.000619
-0.000602
-0.000580
-0.000655
-0.000738
-0.000791
-0.000822
-0.000882
-0.000820
-0.000895
-0.000922
-0.000935
-0.001006
-0.001020
-0.001092
-0.001041
-0.001078
-0.001237
-0.001243
-0.001049
-0.000608
-0.000510
-0.000500
-0.000519
-0.000520
-0.000511
-0.000496
-0.000436
-0.000453
-0.000435
-0.000407
-0.000425
-0.000424
-0.000454
-0.000504
-0.000510
-0.000233
-0.000136
-0.000064
0.000072
-0.000069
0.000834
0.000274
0.001308
-0.000365
-0.003304
0.000900
0.011993
0.014670
-0.000916
-0.000918
-0.000622
-0.000652
-0.000567
-0.000595
-0.000584
-0.000582
-0.000548
-0.000529
-0.000424
-0.000249
0.000047
-0.000231
-0.000428
-0.000497
-0.000566
-0.000589
-0.000614
-0.000693
-0.000624
-0.000530
-0.000473
-0.000580
-0.000640
-0.000600
-0.000644
-0.000752
-0.000798
-0.000801
-0.000818
-0.000887
-0.000871
-0.000900
-0.000917
-0.001033
-0.001058
-0.001060
-0.001091
-0.001185
-0.001155
-0.001183
-0.001209
-0.001100
-0.000560
-0.000516
-0.000502
-0.000519
-0.000492
-0.000484
-0.000466
-0.000427
-0.000440
-0.000438
-0.000399
-0.000402
-0.000445
-0.000385
-0.000188
-0.000040
-0.000244
0.000664
0.001598
0.002368
0.001221
0.000448
-0.000401
0.000045
0.000803
0.002091
0.001559
0.008337
-0.000062
-0.000734
-0.000745
-0.000649
-0.000599
-0.000522
-0.000389
-0.000344
-0.000358
-0.000371
-0.000474
-0.000476
-0.000351
-0.000278
-0.000333
-0.000400
-0.000505
-0.000571
-0.000621
-0.000648
-0.000698
-0.000633
-0.000501
-0.000548
-0.000591
-0.000579
-0.000625
-0.000706
-0.000825
-0.000936
-0.000874
-0.000837
-0.000797
-0.000930
-0.000932
-0.000952
-0.001068
-0.001108
-0.001054
-0.001002
-0.001069
-0.001157
-0.001108
-0.001060
-0.001042
-0.000548
-0.000550
-0.000532
-0.000511
-0.000454
-0.000457
-0.000457
-0.000421
-0.000465
-0.000475
-0.000421
-0.000392
-0.000392
-0.000139
-0.001069
-0.000719
-0.000400
0.001570
0.001048
0.001334
0.002072
0.000676
0.000129
0.000947
0.000734
0.004644
0.004572
0.001640
0.003109
0.000860
-0.000439
-0.000401
-0.000910
-0.000149
0.002333
0.003541
0.002403
0.001313
-0.000180
-0.000564
-0.000435
-0.000480
-0.000446
-0.000475
-0.000546
-0.000549
-0.000660
-0.000666
-0.000742
-0.000657
-0.000541
-0.000564
-0.000598
-0.000644
-0.000715
-0.000808
-0.000825
-0.000903
-0.000952
-0.000908
-0.000965
-0.001006
-0.001016
-0.000961
-0.001020
-0.001053
-0.000951
-0.000990
-0.001028
-0.000928
-0.001022
-0.001066
-0.001154
-0.000503
-0.000480
-0.000457
-0.000463
-0.000380
-0.000432
-0.000430
-0.000453
-0.000411
-0.000462
-0.000411
-0.000378
-0.000206
-0.001776
-0.001878
-0.001357
-0.002008
-0.000145
-0.000289
-0.000084
0.000088
0.000786
0.001962
0.001194
0.001974
0.003528
0.000460
0.005212
0.010074
0.004359
0.003414
0.001380
0.002007
0.002166
0.003257
0.004104
0.004562
0.004403
0.002173
-0.000077
-0.000640
-0.000498
-0.000499
-0.000508
-0.000443
-0.000664
-0.000762
-0.000674
-0.000720
-0.000689
-0.000574
-0.000590
-0.000673
-0.000667
-0.000718
-0.000784
-0.000824
-0.000911
-0.001040
-0.001048
-0.001013
-0.000953
-0.000947
-0.001014
-0.000929
-0.001057
-0.001074
-0.001082
-0.000934
-0.000887
-0.000928
-0.001076
-0.000948
-0.000490
-0.000443
-0.000432
-0.000404
-0.000398
-0.000406
-0.000437
-0.000398
-0.000350
-0.000448
-0.000446
-0.000295
-0.000507
-0.003536
-0.001276
0.002681
0.000443
-0.000384
-0.000389
-0.000400
-0.000320
0.001904
0.004804
0.002499
0.002149
0.000458
0.000631
0.001141
0.001920
0.002030
0.000852
-0.001002
-0.001130
-0.000662
-0.000961
0.000975
0.003241
0.005355
0.004808
0.001312
-0.000620
-0.000583
-0.000651
-0.000572
-0.000769
-0.000746
-0.000780
-0.000724
-0.000763
-0.000706
-0.000675
-0.000696
-0.000714
-0.000704
-0.000802
-0.000826
-0.000819
-0.000927
-0.001072
-0.000941
-0.001017
-0.001082
-0.000860
-0.000884
-0.001026
-0.001057
-0.001112
-0.001008
-0.000946
-0.000904
-0.001138
-0.001155
-0.000596
-0.000484
-0.000466
-0.000406
-0.000412
-0.000419
-0.000437
-0.000428
-0.000412
-0.000416
-0.000447
-0.000486
-0.000350
-0.000438
-0.002528
-0.003696
0.008221
-0.003020
-0.000774
-0.000318
-0.000592
-0.000126
0.002397
0.001080
0.001646
0.001150
-0.000692
-0.000934
0.000796
0.001053
-0.000323
0.000393
-0.001677
-0.002800
-0.001934
0.000455
0.001256
0.003279
0.004046
0.004202
0.001467
-0.000333
-0.000716
-0.000755
-0.000904
-0.000878
-0.000790
-0.000707
-0.000753
-0.000750
-0.000746
-0.000721
-0.000722
-0.000780
-0.000816
-0.000834
-0.000915
-0.000924
-0.000984
-0.001047
-0.001137
-0.001161
-0.000958
-0.000942
-0.001014
-0.000943
-0.000945
-0.000945
-0.000951
-0.000990
-0.001229
-0.001138
-0.001042
-0.000862
-0.000527
-0.000466
-0.000394
-0.000381
-0.000390
-0.000391
-0.000399
-0.000388
-0.000421
-0.000412
-0.000345
-0.000333
-0.000362
-0.001047
-0.003491
0.004577
-0.004438
-0.000829
-0.000294
0.000402
0.001864
0.001969
0.000740
0.004327
0.002512
0.000735
0.000541
0.001436
0.001792
0.000060
-0.000720
-0.001009
-0.000774
-0.000671
0.001411
0.001046
0.001648
0.001679
0.002829
0.001963
-0.000062
0.000018
-0.000355
0.000707
-0.000287
-0.000653
-0.000873
-0.000791
-0.000754
-0.000751
-0.000737
-0.000805
-0.000812
-0.000866
-0.000907
-0.000926
-0.000923
-0.001062
-0.001094
-0.001158
-0.000967
-0.001030
-0.001082
-0.001038
-0.000939
-0.000878
-0.000912
-0.001179
-0.001191
-0.001033
-0.000901
-0.000948
-0.000857
-0.000424
-0.000477
-0.000419
-0.000457
-0.000372
-0.000362
-0.000345
-0.000401
-0.000383
-0.000391
-0.000326
-0.000319
-0.000332
-0.000620
-0.002549
0.002020
-0.001584
-0.000656
0.000348
0.001448
0.001076
0.002808
0.002043
0.001977
0.002173
0.000777
0.000010
0.000838
0.002633
0.000133
-0.001212
-0.001104
-0.000982
-0.000438
0.003008
0.000938
0.000007
-0.000219
0.001274
0.001730
0.000036
-0.000672
0.000423
0.001077
0.002284
0.003456
-0.000531
-0.000849
-0.000772
-0.000796
-0.000820
-0.000902
-0.000913
-0.000934
-0.000939
-0.000993
-0.001105
-0.001155
-0.001113
-0.000891
-0.001040
-0.001085
-0.000965
-0.001008
-0.001031
-0.000993
-0.001111
-0.001149
-0.001155
-0.001005
-0.000862
-0.000825
-0.000676
-0.000429
-0.000378
-0.000367
-0.000397
-0.000467
-0.000412
-0.000336
-0.000409
-0.000365
-0.000396
-0.000322
-0.000296
-0.000339
-0.000440
-0.001692
0.000684
-0.000003
-0.000088
0.000368
0.001590
0.002179
0.002275
0.003496
0.004441
0.002266
0.000630
-0.000788
-0.000845
0.000919
0.002112
0.006747
0.001276
0.000096
0.002438
0.008313
-0.000264
-0.000582
-0.000377
-0.000502
0.000144
-0.000231
0.000030
0.000080
0.001658
0.002365
0.003207
0.002511
-0.000302
-0.000784
-0.000839
-0.000899
-0.000923
-0.000932
-0.000980
-0.000964
-0.001025
-0.001045
-0.001079
-0.001057
-0.000936
-0.000953
-0.000922
-0.000917
-0.000966
-0.000980
-0.001047
-0.001195
-0.001356
-0.001065
-0.001182
-0.001015
-0.000989
-0.000571
-0.000458
-0.000477
-0.000470
-0.000448
-0.000436
-0.000387
-0.000335
-0.000433
-0.000416
-0.000297
-0.000257
-0.000275
-0.000296
-0.000252
-0.001258
-0.000800
-0.000180
0.000460
0.000961
0.001666
0.001826
0.000952
0.002967
0.004221
0.005453
0.004055
0.001695
-0.000243
-0.001288
-0.000972
0.001635
0.001994
0.001558
0.003078
-0.000211
-0.001681
-0.000311
0.001828
0.001612
0.000094
0.000632
0.000811
0.000339
0.000012
0.000446
0.000656
0.002285
0.003624
-0.000305
-0.000871
-0.000968
-0.000956
-0.000954
-0.001077
-0.001013
-0.001023
-0.001001
-0.000993
-0.001040
-0.000953
-0.000882
-0.000773
-0.000882
-0.000966
-0.001105
-0.001304
-0.001229
-0.001238
-0.001146
-0.001134
-0.000955
-0.000891
-0.000601
-0.000434
-0.000341
-0.000418
-0.000440
-0.000436
-0.000354
-0.000419
-0.000382
-0.000472
-0.000338
-0.000269
-0.000306
-0.000381
-0.000481
-0.000600
-0.000445
-0.000531
-0.000438
-0.000494
-0.001190
-0.000953
0.000144
0.001181
0.000824
0.001875
-0.000310
-0.001720
-0.002412
-0.004587
-0.004185
-0.001830
-0.003273
-0.004690
-0.000336
0.000275
-0.001567
0.004016
0.009890
0.010901
0.009483
0.005563
-0.000225
0.001393
0.000448
0.001583
0.000038
0.000489
-0.000393
0.001303
-0.000592
-0.001027
-0.001008
-0.000966
-0.001029
-0.001101
-0.001001
-0.000989
-0.001037
-0.001028
-0.000884
-0.000844
-0.000831
-0.000976
-0.001024
-0.001204
-0.001154
-0.001179
-0.001140
-0.001160
-0.001108
-0.001006
-0.001003
-0.000858
-0.000457
-0.000398
-0.000438
-0.000441
-0.000447
-0.000375
-0.000502
-0.000467
-0.000385
-0.000287
-0.000342
-0.000303
-0.000384
-0.000538
-0.000575
-0.000533
-0.000507
-0.000507
-0.000635
-0.000710
-0.000585
-0.000934
-0.000326
0.001446
-0.007345
-0.011930
-0.013388
-0.009650
-0.010360
-0.007875
-0.006968
-0.008157
-0.005977
-0.002557
-0.000963
-0.001363
0.000614
0.008920
0.011105
0.006383
0.002543
-0.002761
-0.001085
0.001456
0.000061
-0.000750
-0.002681
-0.008742
-0.004571
0.000100
-0.000762
-0.001038
-0.001025
-0.001016
-0.001173
-0.001099
-0.000961
-0.001047
-0.000984
-0.000898
-0.000891
-0.000968
-0.001024
-0.001220
-0.001207
-0.001234
-0.001242
-0.001167
-0.001121
-0.001038
-0.001166
-0.001220
-0.001035
-0.000432
-0.000404
-0.000414
-0.000453
-0.000386
-0.000406
-0.000410
-0.000469
-0.000361
-0.000354
-0.000447
-0.000465
-0.000486
-0.000612
-0.000600
-0.000631
-0.000707
-0.000564
-0.000512
-0.000515
-0.000246
0.004217
0.001864
0.001598
-0.003830
-0.010411
-0.013500
-0.009356
-0.008486
-0.008465
-0.008636
-0.008731
-0.006027
-0.002191
-0.000188
0.001859
-0.000341
0.002042
0.006467
-0.001546
-0.003013
-0.003033
0.002233
-0.001693
-0.004888
-0.003271
-0.006785
-0.008479
-0.006550
-0.001211
-0.003243
-0.000802
-0.000907
-0.000958
-0.001130
-0.001033
-0.000952
-0.000908
-0.000911
-0.000984
-0.001043
-0.001067
-0.001238
-0.001225
-0.001261
-0.001316
-0.001255
-0.001251
-0.001203
-0.001137
-0.001239
-0.001292
-0.001015
-0.000442
-0.000475
-0.000442
-0.000470
-0.000467
-0.000325
-0.000372
-0.000405
-0.000459
-0.000498
-0.000525
-0.000515
-0.000489
-0.000589
-0.000628
-0.000709
-0.000733
-0.000448
-0.000467
-0.000302
0.002214
0.004948
0.002909
0.001417
-0.000556
-0.006435
-0.010526
-0.010823
-0.010221
-0.016336
-0.018810
-0.016448
-0.006407
-0.001681
0.000314
0.002022
0.000461
0.000402
0.000775
0.006311
0.006295
0.005474
-0.000948
-0.007425
-0.013468
-0.004886
-0.004596
-0.004058
0.000071
-0.004812
-0.020207
-0.020400
0.000359
-0.000975
-0.001056
-0.001019
-0.000912
-0.000962
-0.001095
-0.001126
-0.001086
-0.001163
-0.001281
-0.001173
-0.001350
-0.001317
-0.001360
-0.001301
-0.001206
-0.001315
-0.001153
-0.001092
-0.001155
-0.000527
-0.000463
-0.000395
-0.000402
-0.000403
-0.000302
-0.000335
-0.000381
-0.000472
-0.000538
-0.000543
-0.000484
-0.000553
-0.000633
-0.000598
-0.000615
-0.000580
-0.000251
-0.000317
-0.000236
0.000354
0.005276
0.003605
0.003557
0.000411
-0.009179
-0.012149
-0.014921
-0.018396
-0.020883
-0.024115
-0.023518
-0.003147
-0.000454
-0.002427
-0.002518
-0.001256
-0.000522
-0.000340
-0.000835
-0.002451
-0.002170
0.001743
-0.001678
-0.005967
-0.010803
-0.003502
-0.000377
0.008604
-0.008629
-0.022028
-0.017756
-0.009830
0.000290
-0.000098
-0.000968
-0.000991
-0.001003
-0.001125
-0.001280
-0.001289
-0.001303
-0.001117
-0.001151
-0.001061
-0.001079
-0.001282
-0.001204
-0.001277
-0.001133
-0.001051
-0.001090
-0.001208
-0.000582
-0.000461
-0.000430
-0.000405
-0.000333
-0.000467
-0.000479
-0.000499
-0.000473
-0.000488
-0.000529
-0.000525
-0.000549
-0.000534
-0.000402
-0.000545
-0.000301
-0.000284
-0.000350
-0.000439
-0.000609
0.000877
0.003205
0.002090
-0.001626
-0.011373
-0.017395
-0.019578
-0.022236
-0.026346
-0.027784
-0.025162
-0.002580
-0.000001
-0.001929
-0.002365
-0.001311
-0.001479
-0.001815
-0.002641
-0.002134
-0.002441
-0.002598
-0.001988
-0.001579
-0.001357
-0.008444
0.006136
0.007583
-0.008477
-0.021356
-0.014772
-0.010433
-0.003597
-0.000690
0.000348
-0.001037
-0.001063
-0.001133
-0.001206
-0.001070
-0.000935
-0.000938
-0.001206
-0.001162
-0.000999
-0.000944
-0.001102
-0.001097
-0.001040
-0.001118
-0.001112
-0.001276
-0.000642
-0.000542
-0.000471
-0.000448
-0.000592
-0.000559
-0.000539
-0.000620
-0.000522
-0.000457
-0.000532
-0.000641
-0.000590
-0.000547
-0.000158
-0.000202
-0.000245
-0.000349
-0.000388
-0.000471
-0.000495
-0.000886
0.000668
0.002407
-0.004673
-0.007753
-0.006757
-0.010093
-0.014815
-0.024854
-0.020393
-0.018784
-0.008446
-0.003356
-0.002373
-0.002104
-0.001230
-0.002067
-0.004255
-0.003660
-0.002713
-0.002754
-0.002232
-0.002308
-0.001445
-0.000657
0.000089
0.007369
-0.000638
-0.008458
-0.011592
-0.007589
0.002295
0.011185
0.011013
0.021911
-0.000086
-0.000177
-0.001043
-0.000966
-0.001093
-0.001152
-0.001153
-0.001256
-0.001162
-0.001097
-0.001167
-0.001204
-0.001144
-0.001124
-0.001129
-0.001099
-0.001215
-0.000664
-0.000574
-0.000498
-0.000482
-0.000547
-0.000512
-0.000705
-0.000687
-0.000308
-0.000446
-0.000444
-0.000633
-0.000205
-0.000206
-0.000101
-0.000243
-0.000268
-0.000359
-0.000479
-0.000568
-0.000549
-0.000701
-0.000294
0.001614
-0.000970
-0.003247
-0.004761
-0.010505
-0.012418
-0.017204
-0.014298
-0.013424
-0.006517
-0.003271
-0.004736
-0.003556
-0.002189
-0.002214
-0.003674
-0.003752
-0.003988
-0.003196
-0.002105
-0.002134
-0.002072
-0.001397
0.000044
0.000234
0.006018
-0.003555
-0.006894
0.005431
0.032263
0.028394
0.025452
0.005414
-0.001139
0.001606
0.000161
-0.000011
-0.000081
-0.001268
-0.001299
-0.001245
-0.001094
-0.001312
-0.001355
-0.001223
-0.001228
-0.001290
-0.001141
-0.001155
-0.001234
-0.000550
-0.000540
-0.000620
-0.000566
-0.000755
-0.000777
-0.000768
-0.000899
-0.000718
-0.000625
-0.000520
-0.000506
-0.000385
-0.000251
-0.000234
-0.000230
-0.000398
-0.000320
-0.000532
-0.000634
-0.000634
-0.000884
-0.000969
-0.000953
-0.001539
-0.001762
-0.001621
-0.002257
-0.000627
-0.011508
-0.009896
-0.006998
-0.005597
-0.004306
-0.003717
-0.003143
-0.002401
-0.002738
-0.003811
-0.004008
-0.004274
-0.002765
-0.003005
-0.003380
-0.003145
-0.002083
-0.001122
-0.000092
0.002895
0.000248
-0.001160
0.008904
0.026368
0.014830
0.010769
0.000136
-0.000913
-0.000332
-0.001958
-0.000522
-0.000654
0.000216
-0.000090
-0.001090
-0.001088
-0.001361
-0.001280
-0.001195
-0.001017
-0.000941
-0.001187
-0.001208
-0.001108
-0.000631
-0.000679
-0.000653
-0.000631
-0.000757
-0.000777
-0.000742
-0.000818
-0.000576
-0.000674
-0.000870
-0.000587
-0.000295
-0.000363
-0.000144
-0.000068
-0.000133
-0.000353
-0.000487
-0.000613
-0.000681
-0.001338
-0.001282
-0.001108
-0.001146
-0.001329
-0.001347
-0.001335
-0.000075
-0.001269
-0.000487
-0.007875
-0.006526
-0.004548
-0.003525
-0.002382
-0.002473
-0.002904
-0.004649
-0.004580
-0.004888
-0.005343
-0.006574
-0.008766
-0.008379
-0.006613
-0.004781
-0.002493
0.000349
0.004766
0.011414
0.031874
0.019562
0.004898
0.000055
-0.001343
0.000394
-0.000089
-0.000233
0.000427
-0.000064
-0.000898
-0.001219
0.000121
-0.000314
-0.000595
-0.001025
-0.001048
-0.001001
-0.001014
-0.001255
-0.001271
-0.000978
-0.000766
-0.000731
-0.000666
-0.000738
-0.000725
-0.000759
-0.000641
-0.000670
-0.000635
-0.000937
-0.001285
-0.000873
-0.000982
-0.000945
-0.000806
-0.000349
-0.000990
-0.000984
-0.000853
-0.001032
-0.001036
-0.001202
-0.001236
-0.001172
-0.001207
-0.001302
-0.001328
-0.001182
-0.000909
-0.001108
-0.001394
-0.001163
-0.001002
-0.000354
-0.000059
-0.000136
-0.000109
-0.002874
-0.003967
-0.005251
-0.006144
-0.011168
-0.007650
-0.002787
-0.004868
-0.010297
-0.007226
-0.003777
-0.007967
-0.016608
0.001383
0.022671
0.003415
0.000239
-0.002235
-0.002834
-0.001500
0.000294
-0.000409
-0.001059
-0.001269
-0.001363
-0.001265
-0.001259
-0.001404
-0.001234
-0.001167
-0.001065
-0.001131
-0.001119
-0.001120
-0.001224
-0.001015
-0.000658
-0.000645
-0.000706
-0.000602
-0.000708
-0.000638
-0.000592
-0.000917
-0.001069
-0.001294
-0.001122
-0.001261
-0.001090
-0.001074
-0.000889
-0.000862
-0.000829
-0.000928
-0.000886
-0.000676
-0.000864
-0.001168
-0.001230
-0.001220
-0.001211
-0.001263
-0.001346
-0.001283
-0.000940
-0.000975
-0.001533
-0.001530
-0.001585
-0.001546
-0.001944
-0.001524
-0.001703
-0.000513
-0.000091
-0.000141
-0.000161
-0.001252
-0.001306
-0.000379
0.003600
-0.009416
-0.008721
-0.008028
-0.014496
-0.023096
-0.018582
-0.005118
-0.000895
-0.000604
-0.000022
-0.000702
-0.000823
-0.000862
-0.001084
-0.001214
-0.001379
-0.001106
-0.001192
-0.001233
-0.001330
-0.001281
-0.001197
-0.001305
-0.001211
-0.001086
-0.001147
-0.001186
-0.000908
-0.000919
-0.000853
-0.000727
-0.000684
-0.000774
-0.000845
-0.001039
-0.001255
-0.001362
-0.001442
-0.001170
-0.001004
-0.001289
-0.001360
-0.001238
-0.001080
-0.001024
-0.001164
-0.001013
-0.000884
-0.000974
-0.001124
-0.001188
-0.001167
-0.001187
-0.001344
-0.001436
-0.001298
-0.000841
-0.001417
-0.001604
-0.001731
-0.002150
-0.002055
-0.001760
-0.001645
-0.001619
-0.001692
-0.001732
-0.001747
-0.001533
-0.001657
-0.001485
-0.001498
0.000437
-0.005917
-0.023070
-0.024846
-0.028155
-0.030810
-0.022820
-0.000172
0.000253
-0.000847
-0.001694
-0.001904
-0.001470
-0.001428
-0.001528
-0.001358
-0.001287
-0.001159
-0.001220
-0.001226
-0.001222
-0.001254
-0.001361
-0.001371
-0.001075
-0.001023
-0.001142
-0.001146
-0.000974
-0.000911
-0.000913
-0.000780
-0.000817
-0.000964
-0.001138
-0.001203
-0.001446
-0.001390
-0.001275
-0.001328
-0.001292
-0.001072
-0.001172
-0.001045
-0.001136
-0.001069
-0.001175
-0.001089
-0.001049
-0.001017
-0.001143
-0.001270
-0.001375
-0.001351
-0.001541
-0.001197
-0.001476
-0.001509
-0.001947
-0.001525
-0.001885
-0.001646
-0.001768
-0.001694
-0.001941
-0.001571
-0.001529
-0.001359
-0.001424
-0.001656
-0.001702
-0.001683
-0.001640
-0.001553
0.001116
-0.023025
-0.024124
-0.023655
-0.025406
-0.020774
-0.010910
-0.003074
-0.002051
-0.001540
-0.001332
-0.001598
-0.001622
-0.001350
-0.001356
-0.001175
-0.001267
-0.001311
-0.001193
-0.001220
-0.001260
-0.001187
-0.001155
-0.001068
-0.000962
-0.000984
-0.001099
-0.001428
-0.001056
-0.000995
-0.000935
-0.000877
-0.001162
-0.001411
-0.001439
-0.001421
-0.001430
-0.001366
-0.001376
-0.001466
-0.001239
-0.001028
-0.000554
-0.001128
-0.001228
-0.001053
-0.000978
-0.001192
-0.001337
-0.001208
-0.001345
-0.001568
-0.001604
-0.001682
-0.001503
-0.001485
-0.001429
-0.001904
-0.002151
-0.001751
-0.001784
-0.001820
-0.001822
-0.001749
-0.001391
-0.001434
-0.001493
-0.001746
-0.002127
-0.001942
-0.001866
-0.001836
-0.001627
-0.001594
-0.002496
-0.014924
-0.015899
-0.021122
-0.010577
0.001085
-0.001873
-0.002149
-0.001267
-0.001486
-0.001695
-0.001397
-0.001331
-0.001266
-0.001283
-0.001440
-0.001353
-0.001422
-0.001458
-0.001133
-0.001194
-0.001286
-0.001159
-0.001021
-0.001093
-0.001015
-0.001129
-0.001170
-0.000990
-0.000858
-0.001240
-0.001082
-0.001384
-0.001475
-0.001393
-0.001377
-0.001298
-0.001315
-0.001404
-0.001364
-0.001111
-0.001104
-0.001256
-0.001169
-0.000709
-0.001141
-0.001242
-0.001312
-0.001300
-0.001408
-0.001686
-0.001796
-0.001733
-0.001562
-0.001545
-0.001613
-0.001768
-0.001886
-0.001931
-0.001750
-0.001732
-0.001862
-0.001818
-0.001461
-0.001411
-0.001832
-0.002083
-0.001985
-0.002296
-0.002087
-0.002040
-0.001907
-0.002001
-0.001851
-0.003295
-0.005224
-0.005405
-0.001419
-0.000564
-0.002001
-0.001982
-0.001797
-0.001584
-0.001420
-0.001260
-0.001251
-0.001206
-0.001216
-0.001062
-0.001313
-0.001513
-0.001402
-0.001254
-0.001455
-0.001502
-0.001207
-0.001202
-0.001323
-0.001324
-0.001433
-0.001127
-0.001012
-0.000917
-0.001226
-0.001230
-0.001101
-0.001239
-0.001370
-0.001272
-0.001404
-0.001452
-0.001411
-0.001468
-0.001122
-0.001217
-0.001261
-0.001203
-0.001300
-0.001384
-0.001267
-0.001349
-0.001289
-0.001473
-0.001691
-0.001807
-0.001954
-0.001683
-0.001696
-0.001937
-0.001732
-0.001804
-0.001759
-0.001805
-0.001869
-0.001836
-0.001833
-0.001872
-0.001875
-0.001816
-0.001808
-0.001984
-0.001913
-0.001861
-0.002259
-0.002035
-0.002113
-0.001885
-0.002137
-0.002210
-0.002273
-0.002123
-0.001698
-0.001679
-0.001716
-0.001625
-0.001396
-0.001504
-0.001431
-0.001376
-0.001398
-0.001190
-0.001347
-0.001450
-0.001386
-0.001332
-0.001287
-0.001396
-0.001166
-0.001060
-0.001137
-0.001333
-0.001621
-0.001699
-0.001337
-0.001084
-0.000977
-0.001120
-0.001208
-0.001016
-0.001159
-0.001239
-0.001408
-0.001461
-0.001397
-0.001364
-0.001465
-0.001355
-0.001222
-0.001277
-0.001315
-0.001378
-0.001426
-0.001405
-0.001325
-0.001440
-0.001501
-0.001625
-0.001887
-0.001913
-0.001914
-0.002026
-0.002055
-0.001725
-0.001838
-0.002036
-0.002081
-0.002165
-0.001978
-0.001998
-0.002250
-0.002299
-0.002295
-0.002062
-0.002023
-0.001971
-0.001898
-0.002166
-0.002154
-0.002035
-0.001995
-0.001921
-0.001865
-0.001755
-0.001603
-0.001807
-0.001692
-0.001594
-0.001587
-0.001579
-0.001776
-0.001393
-0.001401
-0.001315
-0.001154
-0.001279
-0.001272
-0.001309
-0.001489
-0.001262
-0.000991
-0.001007
-0.001122
-0.001295
-0.001492
-0.001481
-0.001572
-0.001328
-0.001322
-0.001189
-0.001055
-0.001138
-0.001204
-0.001357
-0.001511
-0.001383
-0.001344
-0.001376
-0.001379
-0.001210
-0.001269
-0.001263
-0.001293
-0.001362
-0.001365
-0.001503
-0.001405
-0.001385
-0.001418
-0.001692
-0.001752
-0.001789
-0.001712
-0.001927
-0.001866
-0.001907
-0.001860
-0.001941
-0.002172
-0.002227
-0.002163
-0.001743
-0.002041
-0.002175
-0.002136
-0.002209
-0.002002
-0.001914
-0.002140
-0.002074
-0.001971
-0.001799
-0.002066
-0.001856
-0.001844
-0.001752
-0.001710
-0.001644
-0.002029
-0.001758
-0.001635
-0.001720
-0.001684
-0.001551
-0.001295
-0.001330
-0.001272
-0.001235
-0.001364
-0.001418
-0.001496
-0.001413
-0.001232
-0.001049
-0.001147
-0.001258
-0.001288
-0.001411
-0.001355
-0.001467
-0.001342
-0.001275
-0.001157
-0.001122
-0.001116
-0.001164
-0.001380
-0.001438
-0.001341
-0.001385
-0.001295
-0.001245
-0.001089
-0.001107
-0.001214
-0.001194
-0.001338
-0.001244
-0.001446
-0.001424
-0.001332
-0.001410
-0.001573
-0.001722
-0.001868
-0.001645
-0.001914
-0.001778
-0.001904
-0.002048
-0.001745
-0.002000
-0.002086
-0.002100
-0.001899
-0.001607
-0.001748
-0.002082
-0.001930
-0.002087
-0.001937
-0.001673
-0.001598
-0.001539
-0.001583
-0.001660
-0.001725
-0.001803
-0.001909
-0.001778
-0.002052
-0.002032
-0.001835
-0.001830
-0.001841
-0.001540
-0.001366
-0.001338
-0.001328
-0.001295
-0.001264
-0.001380
-0.001406
-0.001447
-0.001377
-0.001356
-0.001205
-0.001213
-0.001227
-0.001274
-0.001376
-0.001059
-0.001080
