0.000215
0.000177
0.000108
0.000632
0.000027
0.000026
0.000025
0.000438
-0.000006
-0.000011
-0.000005
-0.000603
0.000052
0.000054
0.000067
0.000055
0.000055
0.000057
0.000053
0.000051
0.000066
0.000093
0.000164
0.000418
0.000248
0.000089
0.000050
-0.000146
-0.000092
0.000086
0.000063
0.000116
0.000529
0.000193
-0.000217
-0.001196
-0.000049
0.000063
0.000417
0.000971
0.000128
0.000052
0.000045
0.000038
0.000028
0.000028
0.000030
0.000028
0.000026
0.000027
0.000021
0.000019
0.000018
0.000022
0.000019
0.000029
0.000177
0.000175
0.000060
0.000011
-0.000034
0.000020
0.000068
0.000044
0.000032
0.000022
-0.001158
0.000013
-0.000003
-0.000013
0.000061
-0.000012
0.000195
0.000037
0.000044
0.000043
0.000039
0.000034
0.000050
0.000068
0.000064
0.000057
0.000057
0.000063
0.000074
0.000079
0.000070
0.000070
0.000071
0.000064
0.000053
0.000055
0.000050
0.000071
0.000412
0.000627
0.000537
0.000193
0.000142
0.000069
0.000020
-0.000095
-0.000070
0.000003
0.000039
0.000166
0.000088
0.000056
0.000022
-0.000034
-0.001334
0.001568
0.001042
0.000138
0.000052
0.000049
0.000050
0.000033
0.000026
0.000029
0.000029
0.000027
0.000023
0.000024
0.000024
0.000019
0.000020
0.000025
0.000026
0.000041
0.000242
0.000165
-0.000029
0.000106
-0.000017
-0.000076
0.000019
0.000018
0.000022
0.000025
0.000024
0.000025
0.000028
0.000022
0.000021
0.000035
0.000010
-0.000001
0.000029
0.000033
0.000035
0.000043
0.000057
0.000051
0.000056
0.000049
0.000051
0.000060
0.000072
0.000068
0.000051
0.000059
0.000071
0.000054
0.000045
0.000045
0.000055
0.000300
0.000854
0.000384
0.000180
0.000106
0.000065
0.000097
0.000035
-0.000079
-0.000138
-0.000176
-0.000027
0.000113
0.000317
0.000249
0.000005
0.001224
0.000505
0.000122
0.000066
0.000065
0.000056
0.000047
0.000037
0.000028
0.000034
0.000031
0.000032
0.000029
0.000026
0.000026
0.000022
0.000021
0.000024
0.000028
0.000029
0.000008
0.000338
0.000132
-0.000072
-0.000027
-0.000056
0.000013
0.000019
0.000020
0.000024
0.000021
0.000022
0.000017
0.000027
0.000023
0.000028
0.000025
-0.000001
-0.000001
0.000027
0.000041
0.000045
0.000060
0.000054
0.000064
0.000063
0.000061
0.000053
0.000065
0.000064
0.000051
0.000071
0.000067
0.000063
0.000051
0.000044
0.000052
0.000029
0.000629
0.000089
0.000092
0.000110
0.000057
-0.000028
-0.000133
-0.000086
-0.000278
-0.000321
-0.000041
-0.000077
-0.000165
0.000250
0.000833
-0.000133
0.000041
0.000060
0.000065
0.000067
0.000064
0.000043
0.000037
0.000030
0.000028
0.000033
0.000029
0.000027
0.000026
0.000026
0.000023
0.000021
0.000024
0.000024
0.000029
-0.000001
-0.000319
0.000371
0.000031
-0.000052
-0.000078
0.000014
0.000016
0.000021
0.000012
0.000021
0.000022
0.000024
0.000021
0.000023
0.000031
0.000043
-0.000030
-0.000010
0.000015
0.000024
0.000047
0.000056
0.000066
0.000070
0.000062
0.000062
0.000060
0.000062
0.000063
0.000052
0.000068
0.000065
0.000068
0.000052
0.000044
0.000052
0.000058
0.000203
0.000548
0.000122
0.000045
0.000057
-0.000011
0.000008
0.000042
0.000018
-0.000157
-0.000314
-0.000671
-0.001263
-0.001247
-0.000220
0.000033
0.000054
0.000056
0.000057
0.000061
0.000053
0.000036
0.000040
0.000034
0.000028
0.000030
0.000030
0.000029
0.000027
0.000028
0.000026
0.000025
0.000019
0.000022
0.000016
0.000023
0.000005
0.000071
-0.000226
-0.000364
-0.000001
0.000023
0.000019
0.000019
0.000020
0.000022
0.000019
0.000022
0.000019
0.000023
-0.002169
0.000046
-0.000014
-0.000015
0.000014
0.000018
0.000035
0.000050
0.000061
0.000066
0.000064
0.000062
0.000052
0.000059
0.000058
0.000057
0.000063
0.000070
0.000068
0.000052
0.000043
0.000050
0.000026
-0.000160
0.000383
0.000220
0.000011
-0.000008
-0.000025
-0.000173
0.000031
0.000040
0.000044
-0.000200
-0.000093
0.000030
0.000036
0.000056
0.000065
0.000062
0.000063
0.000071
0.000067
0.000053
0.000040
0.000037
0.000034
0.000023
0.000021
0.000023
0.000025
0.000025
0.000026
0.000024
0.000017
0.000019
0.000023
0.000024
0.000021
-0.000023
-0.000585
-0.000138
0.000006
0.000011
0.000018
0.000021
0.000016
0.000016
0.000016
0.000020
0.000020
0.000029
0.000021
0.000032
0.000044
0.000027
0.000013
0.000010
0.000024
0.000032
0.000050
0.000059
0.000066
0.000061
0.000053
0.000049
0.000053
0.000058
0.000051
0.000051
0.000066
0.000071
0.000070
0.000052
0.000058
0.000056
0.000003
-0.000469
-0.001082
-0.000930
-0.000523
-0.001225
-0.000579
-0.000026
0.000033
0.000045
0.000051
0.000058
0.000062
0.000070
0.000070
0.000070
0.000067
0.000071
0.000073
0.000067
0.000044
0.000036
0.000040
0.000033
0.000031
0.000034
0.000030
0.000026
0.000021
0.000018
0.000021
0.000023
0.000014
0.000015
0.000023
0.000024
0.000023
0.000008
0.000013
0.000023
0.000019
0.000021
0.000022
0.000013
0.000013
0.000018
0.000020
0.000010
0.000020
0.000016
0.000028
0.000018
0.000029
0.000033
0.000027
0.000031
0.000034
0.000048
0.000059
0.000066
0.000060
0.000054
0.000053
0.000049
0.000056
0.000061
0.000058
0.000068
0.000075
0.000070
0.000058
0.000059
0.000059
0.000042
-0.000217
-0.001374
-0.001336
-0.000980
-0.000366
-0.000012
0.000047
0.000059
0.000060
0.000063
0.000064
0.000068
0.000071
0.000071
0.000072
0.000072
0.000069
0.000068
0.000057
0.000039
0.000028
0.000041
0.000040
0.000038
0.000035
0.000029
0.000025
0.000024
0.000022
0.000021
0.000020
0.000025
0.000020
0.000023
0.000025
0.000020
0.000023
0.000022
0.000019
0.000018
0.000022
0.000023
0.000009
0.000018
0.000015
0.000019
0.000017
0.000013
0.000015
0.000031
0.000027
0.000024
0.000035
0.000025
0.000030
0.000036
0.000035
0.000038
0.000042
0.000054
0.000052
0.000065
0.000053
0.000055
0.000059
0.000057
0.000067
0.000072
0.000069
0.000064
0.000056
0.000062
0.000057
0.000061
0.000051
-0.000004
0.000044
0.000069
0.000063
0.000069
0.000059
0.000061
0.000077
0.000072
0.000069
0.000071
0.000072
0.000073
0.000073
0.000072
0.000063
0.000051
0.000038
0.000043
0.000050
0.000039
0.000032
0.000025
0.000025
0.000028
0.000022
0.000024
0.000021
0.000023
0.000021
0.000019
0.000025
0.000027
0.000026
0.000019
0.000021
0.000018
0.000020
0.000016
0.000026
0.000020
0.000018
0.000018
0.000018
0.000019
0.000017
0.000017
0.001326
0.000031
0.000028
0.000029
0.000033
0.000031
0.000032
0.000041
0.000037
0.000028
0.000042
0.000042
0.000054
0.000051
0.000057
0.000059
0.000059
0.000062
0.000069
0.000073
0.000071
0.000073
0.000068
0.000062
0.000066
0.000067
0.000075
0.000070
0.000068
0.000074
0.000084
0.000081
0.000073
0.000088
0.000086
0.000084
0.000076
0.000077
0.000078
0.000072
0.000067
0.000055
0.000058
0.000039
0.000048
0.000052
0.000048
0.000039
0.000032
0.000028
0.000024
0.000018
0.000020
0.000026
0.000022
0.000019
0.000021
0.000019
0.000022
0.000029
0.000021
0.000025
0.000024
0.000020
0.000023
0.000022
0.000020
0.000022
0.000019
0.000024
0.000020
0.000025
0.000020
0.000034
0.000023
0.000022
0.000032
0.000030
0.000037
0.000035
0.000032
0.000027
0.000019
0.000034
0.000031
0.000046
0.000049
0.000054
0.000054
0.000051
0.000053
0.000063
0.000073
0.000074
0.000068
0.000068
0.000069
0.000068
0.000067
0.000078
0.000082
0.000076
0.000075
0.000093
0.000100
0.000094
0.000090
0.000095
0.000089
0.000087
0.000072
0.000070
0.000066
0.000066
0.000054
0.000060
0.000053
0.000052
0.000058
0.000049
0.000037
0.000035
0.000028
0.000024
0.000016
0.000020
0.000026
0.000024
0.000023
0.000020
0.000016
0.000022
0.000029
0.000021
0.000021
0.000015
0.000016
0.000023
0.000022
0.000017
0.000017
0.000025
0.000024
0.000021
0.000020
0.000022
0.000026
0.000022
0.000027
0.000029
0.000031
0.000041
0.000041
0.000025
0.000021
0.000017
0.000034
0.000034
0.000041
0.000043
0.000048
0.000048
0.000048
0.000051
0.000054
0.000068
0.000079
0.000078
0.000072
0.000065
0.000067
0.000076
0.000074
0.000078
0.000094
0.000089
0.000106
0.000104
0.000101
0.000082
0.000093
0.000095
0.000091
0.000076
0.000076
0.000073
0.000065
0.000059
0.000053
0.000048
0.000055
0.000056
0.000050
0.000039
0.000036
0.000032
0.000022
0.000022
0.000016
0.000021
0.000024
0.000023
0.000014
0.000017
0.000022
0.000024
0.000022
0.000019
0.000017
0.000014
0.000014
0.000017
0.000017
0.000022
0.000025
0.000026
0.000023
0.000021
0.000023
0.000022
0.000026
0.000020
0.000030
0.000031
0.000032
0.000027
0.000018
0.000021
0.000023
0.000026
0.000037
0.000038
0.000040
0.000046
0.000047
0.000051
0.000051
0.000047
0.000061
0.000077
0.000086
0.000077
0.000073
0.000075
0.000078
0.000082
0.000093
0.000103
0.000101
0.000090
0.000102
0.000102
0.000083
0.000104
0.000105
0.000098
0.000089
0.000086
0.000079
0.000068
0.000065
0.000053
0.000050
0.000048
0.000046
0.000044
0.000038
0.000031
0.000025
0.000023
0.000018
0.000013
0.000021
0.000018
0.000025
0.000011
0.000010
0.000019
0.000026
0.000023
0.000019
0.000020
0.000015
0.000020
0.000018
0.000022
0.000026
0.000020
0.000024
0.000027
0.000022
0.000023
0.000725
0.000027
0.000024
0.000027
0.000028
0.000025
0.000018
0.000017
0.000021
0.000023
0.000020
0.000031
0.000039
0.000036
0.000035
0.000042
0.000051
0.000053
0.000044
0.000054
0.000075
0.000085
0.000083
0.000036
-0.000058
-0.000212
-0.000309
-0.000167
-0.000094
-0.000118
-0.000032
0.000115
0.000105
0.000088
0.000093
0.000082
0.000093
0.000088
0.000083
0.000075
0.000069
0.000071
0.000063
0.000053
0.000042
0.000051
0.000045
0.000042
0.000034
0.000028
0.000019
0.000018
0.000011
0.000007
0.000024
0.000021
0.000023
0.000012
0.000017
0.000018
0.000024
0.000020
0.000024
0.000026
0.000027
0.000017
0.000014
0.000019
0.000029
0.000030
0.000029
0.000025
0.000020
0.000016
0.000031
0.000024
0.000020
0.000028
0.000021
0.000016
0.000015
0.000016
0.000017
0.000019
0.000027
0.000032
0.000035
0.000038
0.000041
0.000042
0.000050
0.000047
0.000052
0.000073
0.000084
0.000004
-0.001504
-0.002229
-0.003164
-0.007933
-0.006646
-0.006104
-0.009033
-0.005532
-0.001853
0.000264
-0.000774
-0.000053
0.000093
0.000098
0.000093
0.000087
0.000080
0.000069
0.000068
0.000060
0.000053
0.000055
0.000041
0.000046
0.000035
0.000033
0.000028
0.000024
0.000016
0.000013
0.000004
0.000018
0.000025
0.000031
0.000012
0.000020
0.000017
0.000021
0.000025
0.000021
0.000022
0.000025
0.000018
0.000025
0.000020
0.000025
0.000027
0.000021
0.000017
0.000019
0.000016
0.000034
0.000034
0.000028
0.000016
0.000010
0.000011
0.000015
0.000023
0.000021
0.000022
0.000027
0.000032
0.000031
0.000035
0.000035
0.000045
0.000052
0.000052
0.000060
0.000075
0.000071
-0.000350
-0.001231
-0.007515
-0.006557
-0.007464
-0.003642
-0.008813
-0.007565
-0.009131
-0.002929
-0.001258
-0.000651
0.000082
0.000093
0.000096
0.000088
0.000080
0.000078
0.000076
0.000066
0.000061
0.000057
0.000041
0.000047
0.000040
0.000038
0.000035
0.000023
0.000020
0.000013
0.000015
0.000014
0.000019
0.000026
0.000028
0.000026
0.000019
0.000018
0.000019
0.000024
0.000024
0.000020
0.000024
0.000026
0.000022
0.000020
0.000024
0.000021
0.000024
0.000022
0.000018
0.000023
0.000030
0.000034
0.000028
0.000012
0.000005
0.000006
0.000011
0.000020
0.000017
0.000021
0.000027
0.000033
0.000031
0.000033
0.000038
0.000037
0.000044
0.000014
0.000043
0.000047
0.000011
-0.000836
-0.001923
-0.002985
-0.002647
-0.003472
-0.002609
-0.003082
-0.003387
-0.003716
-0.000698
-0.000353
-0.000276
0.000093
0.000092
0.000098
0.000093
0.000085
0.000090
0.000088
0.000066
0.000053
0.000048
0.000046
0.000042
0.000044
0.000032
0.000032
0.000030
0.000017
0.000017
0.000019
0.000019
0.000022
0.000024
0.000024
0.000025
0.000021
0.000026
0.000022
0.000028
0.000026
0.000023
0.000025
0.000023
0.000027
0.000024
0.000026
0.000027
0.000021
0.000023
0.000016
-0.001100
0.000033
0.000026
0.000025
0.000019
0.000010
0.000011
0.000016
0.000017
0.000018
0.000021
0.000019
0.000030
0.000025
0.000030
-0.000052
0.000014
-0.000496
-0.000334
0.000091
0.000218
0.000269
0.000358
0.000327
-0.000204
0.000099
0.000279
-0.000160
0.000891
-0.001334
0.000784
0.000581
0.000135
0.000109
0.000137
0.000161
0.000233
0.000136
0.000095
0.000095
0.000077
0.000068
0.000052
0.000042
0.000044
0.000040
0.000041
0.000024
0.000030
0.000029
0.000025
0.000020
0.000020
0.000022
0.000016
0.000025
0.000023
0.000024
0.000027
0.000034
0.000024
0.000036
0.000030
0.000024
0.000024
0.000023
0.000024
0.000023
0.000022
0.000024
0.000020
0.000023
0.000020
0.000021
0.000023
0.000026
0.000023
0.000020
0.000009
0.000016
0.000011
0.000012
0.000019
0.000018
0.000019
0.000019
0.000024
0.000010
-0.000224
0.000026
-0.000832
0.000030
0.000066
0.000179
0.000259
0.000296
0.000241
0.000182
0.000196
0.000277
0.001825
-0.003947
-0.001210
-0.000873
-0.000391
0.000113
-0.000270
0.000295
0.000829
0.001830
0.001137
0.000226
0.000090
0.000075
0.000061
0.000050
0.000044
0.000039
0.000036
0.000032
0.000035
0.000029
0.000027
0.000024
0.000016
0.000014
0.000020
0.000018
0.000019
0.000027
0.000030
0.000030
0.000033
0.000037
0.000038
0.000028
0.000019
0.000024
0.000029
0.000024
0.000026
0.000022
0.000021
0.000026
0.000017
0.000016
0.000019
0.000025
0.000025
0.000024
0.000015
0.000010
0.000019
0.000019
0.000014
0.000015
0.000017
0.000022
0.000017
0.000052
0.000222
0.000499
-0.000061
0.000031
0.000039
0.000062
0.000088
0.000148
0.000232
0.000280
0.000285
0.000465
0.000551
-0.003527
-0.004990
-0.003081
-0.001276
-0.000904
-0.000807
-0.000499
-0.000359
0.000368
0.001086
0.001954
0.001507
0.000290
0.000072
0.000061
0.000049
0.000041
0.000036
0.000031
0.000033
0.000030
0.000037
0.000026
0.000026
0.000022
0.000020
0.000026
0.000024
0.000030
0.000032
0.000033
0.000035
0.000028
0.000030
0.000025
0.000028
0.000028
0.000025
0.000026
0.000032
0.000030
0.000031
0.000032
0.000024
0.000019
0.000017
0.000018
0.000025
0.000027
0.000022
0.000019
0.000014
0.000014
0.000017
0.000016
0.000016
0.000021
0.000022
0.000041
-0.000008
0.000085
0.003107
-0.000673
-0.000004
0.000086
0.000068
0.000084
0.000093
0.000127
0.000275
0.000373
0.003001
0.004242
0.002177
-0.000187
-0.000131
-0.001128
-0.000993
-0.000891
-0.000463
0.001751
0.002615
0.002656
0.001395
0.001805
0.000686
0.000057
0.000035
0.000054
0.000042
0.000033
0.000032
0.000034
0.000035
0.000032
0.000024
0.000025
0.000027
0.000028
0.000030
0.000028
0.000032
0.000029
0.000030
0.000031
0.000032
0.000029
0.000027
0.000029
0.000030
0.000032
0.000033
0.000028
0.000038
0.000040
0.000031
0.000026
0.000021
0.000015
-0.000596
0.000022
0.000025
0.000020
0.000015
0.000019
0.000016
0.000014
0.000015
0.000015
0.000018
0.000018
-0.000004
0.000003
0.000463
0.004959
0.000271
-0.000008
0.000090
0.000095
0.000090
0.000118
0.000098
0.005741
0.008170
0.013418
0.010790
0.007397
0.003148
0.002062
0.000658
-0.000520
-0.000554
-0.000158
0.002627
0.005376
0.006524
0.002754
0.001632
0.000660
-0.000739
-0.000146
0.000050
0.000041
0.000033
0.000039
0.000037
0.000038
0.000034
0.000029
0.000031
0.000028
0.000031
0.000034
0.000033
0.000029
0.000029
0.000032
0.000033
0.000033
0.000035
0.000034
0.000030
0.000033
0.000035
0.000036
0.000046
0.000038
0.000040
0.000025
0.000024
0.000024
0.000022
0.000018
0.000020
0.000015
0.000015
0.000016
0.000014
0.000013
0.000015
0.000015
0.000018
0.000011
-0.000001
-0.000004
-0.000005
0.000161
0.005958
-0.002512
-0.000096
0.000108
0.000122
0.000114
0.000111
0.007029
0.011959
0.012146
0.012280
0.009875
0.008917
0.003902
0.003564
0.001959
0.001851
0.002206
0.000905
0.002553
0.003054
0.008632
0.004134
0.001318
0.000020
-0.002342
-0.000579
0.000005
0.000042
0.000038
0.000028
0.000039
0.000039
0.000033
0.000032
0.000029
0.000028
0.000033
0.000031
0.000027
0.000029
0.000031
0.000031
0.000035
0.000030
0.000026
0.000035
0.000035
0.000035
0.000034
0.000039
0.000032
0.000035
0.000036
0.000030
0.000030
0.000027
0.000027
0.000023
0.000011
0.000011
0.000016
0.000016
0.000012
0.000008
0.000014
0.000011
0.000003
0.000000
0.000003
-0.000001
-0.000003
0.000005
0.001665
0.014082
-0.000116
-0.000090
0.000066
0.000095
0.001364
0.006656
0.007363
0.007860
0.008937
0.005193
0.006410
0.005738
0.001959
-0.000381
-0.001879
-0.001358
0.000535
-0.000345
-0.000259
0.004800
0.007158
0.002395
-0.000544
-0.003112
-0.001957
-0.000135
0.000045
0.000041
0.000036
0.000030
0.000039
0.000030
0.000027
0.000029
0.000030
0.000032
0.000031
0.000029
0.000030
0.000031
0.000032
0.000034
0.000031
0.000024
0.000035
0.000033
0.000036
0.000030
0.000031
0.000030
0.000028
0.000042
0.000041
0.000038
0.000034
0.000024
0.000026
0.000013
0.000013
0.000019
0.000016
0.000011
0.000010
0.000005
0.000012
0.000003
0.000001
0.000000
-0.000003
-0.000002
-0.000003
0.000494
0.002829
0.004785
0.000258
0.000115
0.000304
0.001181
0.002442
0.004161
0.004332
0.004297
0.003553
0.003719
0.004953
0.001391
-0.000236
-0.001841
-0.001918
-0.001362
-0.001263
-0.000891
0.001862
0.007416
0.003627
-0.001072
-0.003591
-0.001889
-0.000136
0.000040
0.000041
0.000036
0.000032
0.000031
0.000033
0.000028
0.000030
0.000024
0.000028
0.000031
0.000032
0.000030
0.000027
0.000034
0.000036
0.000031
0.000034
0.000033
0.000030
0.000024
0.000030
0.000031
0.000034
0.000029
0.000063
0.000038
0.000030
0.000024
0.000020
0.000023
0.000019
0.000016
0.000015
0.000012
0.000012
0.000006
0.000003
0.000003
0.000006
-0.000002
-0.000002
-0.000004
-0.000008
-0.000003
0.000029
0.000932
0.000059
0.000014
-0.000085
0.000017
0.000645
0.001349
0.001831
0.001409
0.001611
0.002551
0.002339
0.002654
0.001846
-0.000460
-0.001037
-0.000014
-0.001478
-0.001219
-0.000597
0.000615
0.004530
0.002143
-0.003205
-0.004699
-0.000972
0.000841
0.000031
0.000021
0.000031
0.000029
0.000033
0.000243
0.000182
0.000030
0.000028
0.000027
0.000030
0.000037
0.000029
0.000033
0.000030
0.000036
0.000036
0.000034
0.000032
0.000036
0.000036
0.000033
0.000035
0.000039
0.000039
0.000036
0.000032
0.000026
0.000026
0.000024
0.000031
0.000019
0.000017
0.000011
0.000012
0.000007
0.000005
0.000002
0.000005
0.000004
-0.000002
-0.000000
-0.000011
-0.000018
-0.000021
-0.000028
-0.000040
-0.000056
-0.000075
-0.000112
-0.000127
-0.000121
-0.000087
-0.000099
-0.000056
0.000083
0.000628
0.000851
0.000736
0.000613
0.000350
0.000798
-0.000214
0.001370
0.000636
0.000403
0.000251
-0.000577
0.000032
0.000394
0.000919
0.002107
-0.001318
0.002741
0.001621
0.000056
0.000035
0.000062
0.001746
0.003079
0.000201
0.000030
0.000036
0.000036
0.000043
0.000040
0.000033
0.000032
0.000035
0.000040
0.000036
0.000037
0.000036
0.000039
0.000042
0.000038
0.000042
0.000044
0.000026
0.000034
0.000032
0.000033
0.000033
0.000035
0.000024
0.000020
0.000013
0.000008
0.000010
0.000010
0.000009
0.000001
0.000004
0.000000
-0.000006
-0.000013
-0.000020
-0.000026
-0.000041
-0.000052
-0.000067
-0.000073
-0.000098
-0.000119
-0.000127
-0.000099
0.000079
0.006508
0.008235
0.007071
0.002272
-0.000323
-0.000084
-0.000851
-0.004277
-0.002243
-0.000574
0.000153
0.000748
0.001709
0.003916
-0.000666
-0.000464
0.000539
0.000963
0.000571
-0.002921
-0.001070
0.002743
0.000098
0.000155
0.003168
0.004294
0.005002
0.000358
0.000032
0.000036
0.000039
0.000037
0.000037
0.000037
0.000037
0.000036
0.000038
0.000039
0.000040
0.000050
0.000037
0.000036
0.000039
0.000037
0.000033
0.000033
0.000044
0.000030
0.000028
0.000024
0.000020
0.000021
0.000017
0.000017
0.000012
0.000013
0.000006
0.000009
0.000001
-0.000003
-0.000010
-0.000012
-0.000021
-0.000027
-0.000036
-0.000047
-0.000068
-0.000080
-0.000086
-0.000090
-0.000046
0.001729
0.002655
0.003533
0.005624
0.008907
0.005068
0.000512
-0.000485
-0.001104
-0.006308
-0.003186
-0.000834
0.000271
0.000408
0.002179
0.000319
0.005098
0.003213
0.001318
-0.000937
-0.001155
-0.000902
-0.004864
-0.002795
0.002166
0.000895
0.004065
0.004411
0.005285
0.007013
0.000765
0.000033
0.000037
0.000041
0.000047
0.000037
0.000032
0.000031
0.000035
0.000039
0.000056
0.000055
0.000033
0.000034
0.000035
0.000034
0.000033
0.000027
0.000030
0.000024
0.000027
0.000020
0.000022
0.000020
0.000019
0.000014
0.000015
0.000017
0.000012
0.000008
0.000007
0.000002
-0.000004
-0.000017
-0.000028
-0.000032
-0.000042
-0.000054
-0.000065
-0.000072
-0.000058
-0.000032
0.000035
0.000320
0.000974
0.001579
0.002599
0.006019
0.006425
0.002633
0.000828
-0.000683
-0.006154
-0.003636
-0.000876
0.000569
0.000382
0.001859
0.001209
-0.001607
-0.003444
0.000044
0.000297
0.002766
-0.004078
-0.003367
-0.003785
-0.002266
0.002459
0.004579
0.005398
0.006732
0.011101
0.007505
0.000720
0.000038
0.000043
0.000041
0.000036
0.000026
0.000027
0.000038
0.000044
0.000040
0.000035
0.000034
0.000034
0.000027
0.000036
0.000032
0.000026
0.000033
0.000028
0.000025
0.000015
0.000022
0.000022
0.000022
0.000012
0.000013
0.000018
0.000015
0.000011
0.000005
0.000004
-0.000007
-0.000019
-0.000027
-0.000033
-0.000045
-0.000054
-0.000056
-0.000015
0.000014
0.000017
0.000015
0.000278
0.000638
0.000655
0.001018
0.004205
0.007376
0.004809
0.001264
-0.000716
-0.006871
-0.003357
0.000151
0.000118
0.002469
0.000316
-0.001278
-0.000586
-0.004316
-0.001601
-0.000729
0.000004
-0.000312
0.001318
-0.000109
-0.002619
0.000946
0.004556
0.007518
0.010297
0.010718
0.008573
0.000358
0.000046
0.000083
0.000043
0.000039
0.000030
0.000018
0.000033
0.000041
0.000031
0.000037
0.000038
0.000028
0.000030
0.000041
0.000033
0.000029
0.000033
0.000034
0.000025
0.000015
0.000023
0.000021
0.000019
0.000010
0.000017
0.000019
0.000014
0.000012
0.000005
0.000004
-0.000005
-0.000018
-0.000023
-0.000028
-0.000035
-0.000042
-0.000002
0.000021
0.000021
0.000020
0.000012
0.000145
0.000993
0.000687
0.001166
0.003966
0.006877
0.006469
0.002127
-0.000805
-0.006333
-0.002195
0.001428
0.000712
0.003319
-0.001477
-0.001966
0.000032
0.000753
0.000862
0.000299
-0.000833
-0.002063
-0.003730
-0.004102
-0.001224
-0.003792
0.000456
0.007883
0.010925
0.008955
0.001172
-0.001013
-0.000674
-0.000303
0.000008
0.000035
0.000024
0.000014
0.000025
0.000042
0.000038
0.000032
0.000030
0.000030
0.000040
0.000036
0.000034
0.000033
0.000035
0.000033
0.000029
0.000018
0.000023
0.000018
0.000012
0.000010
0.000015
0.000017
0.000011
0.000009
0.000007
-0.000000
-0.000011
-0.000018
-0.000017
-0.000018
-0.000005
0.000024
0.000025
0.000026
0.000031
0.000036
0.000027
0.000085
0.001044
0.001391
0.002159
0.003944
0.009818
0.006782
0.001656
-0.001291
-0.003627
-0.004586
0.000675
0.001995
0.001526
-0.001541
-0.001935
0.001026
0.000891
-0.000306
-0.000382
-0.001162
-0.003185
-0.004561
-0.005330
-0.002510
-0.001533
-0.000959
0.003088
0.005855
0.004107
0.002715
0.003669
0.001397
-0.000549
-0.000381
0.000000
0.000033
0.000024
0.000008
0.000036
0.000038
0.000031
0.000031
0.000037
0.000036
0.000038
0.000031
0.000031
0.000031
0.000031
0.000025
0.000016
0.000019
0.000014
0.000013
0.000012
0.000019
0.000029
0.000033
0.000034
0.000046
0.000002
-0.000009
-0.000012
0.000010
0.000086
0.000032
0.000031
0.000027
0.000022
0.000040
0.000046
0.000037
0.000038
0.000623
0.002789
0.005322
0.007584
0.009293
0.006067
0.001534
-0.000916
-0.002052
-0.005819
-0.002184
-0.001997
0.000186
0.000862
0.002531
0.002494
0.001611
-0.001027
-0.000891
-0.000673
-0.002325
-0.005011
-0.004360
-0.002859
-0.001643
-0.000482
-0.000891
-0.000787
0.005378
0.008823
0.010283
0.004464
0.001455
0.000053
-0.000063
-0.000116
0.000118
0.000076
0.000035
0.000030
0.000032
0.000030
0.000033
0.000037
0.000033
0.000036
0.000029
0.000028
0.000022
0.000029
0.000015
0.000019
0.000020
0.000018
0.000020
0.000022
0.000033
0.000024
0.000033
0.000031
0.000032
0.000045
0.000052
0.000004
0.000043
0.000044
0.000043
0.000029
0.000024
0.000029
0.000039
0.000022
0.000053
0.000051
0.000034
-0.000028
0.000032
0.000250
0.000444
0.000582
-0.000818
-0.001629
-0.002957
-0.005440
-0.004686
-0.001424
0.002057
0.002796
0.001996
0.000910
-0.000919
-0.001840
-0.001499
-0.003493
-0.006718
-0.003380
-0.002080
-0.001355
-0.000967
-0.000329
0.001911
0.008281
0.010509
0.009141
0.007280
0.004204
0.003759
0.002609
0.001743
0.001784
0.000948
0.000358
0.000334
0.000288
0.000029
0.000032
0.000033
0.000034
0.000037
0.000025
0.000025
0.000029
0.000032
0.000028
0.000028
0.000024
0.000024
0.000031
0.000036
0.000037
0.000033
0.000033
0.000039
0.000035
0.000033
0.000038
0.000058
0.000060
0.000057
0.000027
0.000022
0.000048
0.000061
0.000061
0.000060
0.000050
0.000046
0.000052
0.000052
0.000041
0.000042
0.000060
0.000068
0.000088
0.000502
-0.003385
-0.005100
-0.003879
-0.001069
0.001425
0.002174
0.001533
-0.000711
-0.000894
-0.003370
-0.004597
-0.004649
-0.004273
-0.002842
-0.002047
-0.001110
-0.001432
-0.001862
0.005506
0.008274
0.007685
0.006110
0.005051
0.003869
0.007419
0.008600
0.005713
0.004985
0.003391
0.006015
0.010607
0.005815
0.000294
0.000038
0.000032
0.000032
0.000029
0.000023
0.000026
0.000032
0.000032
0.000034
0.000033
0.000026
0.000029
0.000035
0.000033
0.000038
0.000041
0.000042
0.000040
0.000047
0.000040
0.000036
0.000037
0.000046
0.000050
0.000060
0.000048
0.000041
0.000045
0.000048
0.000051
0.000051
0.000048
0.000044
0.000040
0.000025
0.000026
0.000053
0.000063
0.000064
0.000031
-0.000262
0.000197
0.000097
-0.000026
-0.000076
0.000005
0.000797
-0.000634
-0.001600
-0.002918
-0.005215
-0.003748
-0.002687
-0.002546
-0.001431
-0.001471
-0.002953
-0.004130
-0.003598
0.004879
0.003881
0.003543
0.002699
0.003040
0.005662
0.009287
0.008210
0.006296
0.005446
0.007232
0.006731
0.004997
0.000788
0.000028
0.000015
0.000019
0.000019
0.000021
0.000023
0.000025
0.000038
0.000035
0.000030
0.000030
0.000030
0.000028
0.000033
0.000037
0.000038
0.000034
0.000030
0.000025
0.000028
0.000036
0.000048
0.000051
0.000048
0.000034
0.000042
0.000040
0.000046
0.000047
0.000045
0.000051
0.000048
0.000028
0.000026
0.000022
0.000031
0.000035
0.000055
0.000065
0.000050
0.000035
0.000037
0.000064
0.000073
0.000070
0.000074
0.000067
0.000082
0.000096
-0.000081
-0.000326
-0.000247
-0.000438
-0.002862
-0.001962
-0.003060
-0.003917
-0.003051
-0.002864
-0.001911
0.000554
0.000122
-0.000147
-0.001113
0.002560
0.002883
0.001498
0.000414
0.000247
0.000489
0.000131
0.000221
0.000049
0.000022
0.000020
0.000022
0.000021
0.000024
0.000029
0.000032
0.000030
0.000026
0.000033
0.000032
0.000030
0.000036
0.000034
0.000036
0.000032
0.000038
0.000039
0.000035
0.000033
0.000039
0.000038
0.000048
0.000044
0.000034
0.000025
0.000042
0.000053
0.000046
0.000042
0.000055
0.000052
0.000030
0.000018
0.000009
0.000010
0.000007
0.000036
0.000055
0.000052
0.000047
0.000039
0.000048
0.000074
0.000088
0.000078
0.000056
0.000077
0.000077
0.000063
0.000056
0.000068
0.000026
0.000284
-0.002252
-0.003346
-0.002634
-0.002509
-0.002268
-0.001627
0.000124
-0.000002
0.000014
-0.000021
0.000129
0.000161
0.000131
0.000039
0.000012
0.000015
-0.000002
0.000016
0.000021
0.000019
0.000019
0.000020
0.000020
0.000025
0.000026
0.000022
0.000029
0.000039
0.000036
0.000040
0.000033
0.000027
0.000030
0.000034
0.000027
0.000041
0.000036
0.000040
0.000040
0.000032
0.000032
0.000041
0.000035
0.000028
0.000030
0.000051
0.000046
0.000044
0.000041
0.000047
0.000049
0.000041
0.000025
0.000027
0.000011
0.000003
0.000032
0.000053
0.000048
0.000053
0.000073
0.000078
0.000091
0.000075
0.000077
0.000077
0.000072
0.000076
0.000068
0.000054
0.000055
0.000059
0.000046
0.000529
-0.002661
-0.002147
-0.001780
-0.001469
-0.001060
-0.000359
-0.000031
0.000014
0.000012
0.000013
0.000017
0.000031
0.000019
0.000015
0.000019
0.000019
0.000021
0.000031
0.000028
0.000025
0.000028
0.000025
0.000027
0.000026
0.000026
0.000031
0.000035
0.000041
0.000043
0.000039
0.000030
0.000034
0.000032
0.000039
0.000034
0.000042
0.000046
0.000049
0.000038
0.000029
0.000027
0.000019
0.000034
0.000044
0.000052
0.000051
0.000046
0.000052
0.000050
0.000053
0.000051
0.000036
0.000049
0.000030
0.000025
0.000035
0.000062
0.000059
0.000063
0.000084
0.000079
0.000067
0.000089
0.000087
0.000094
0.000083
0.000070
0.000062
0.000060
0.000043
0.000056
0.000051
0.000052
0.000566
-0.001623
-0.000125
0.000659
0.000171
0.000278
-0.000594
-0.000037
0.000019
0.000022
0.000041
0.000025
0.000014
0.000017
0.000018
0.000018
0.000024
0.000072
0.000035
0.000023
0.000042
0.000029
0.000027
0.000021
0.000017
0.000025
0.000030
0.000042
0.000042
0.000042
0.000028
0.000030
0.000033
0.000029
0.000031
0.000042
0.000046
0.000052
0.000052
0.000044
0.000042
0.000026
0.000037
0.000045
0.000051
0.000055
0.000048
0.000048
0.000055
0.000052
0.000054
0.000052
0.000056
0.000052
0.000056
0.000061
0.000077
0.000076
0.000085
0.000083
0.000082
0.000088
0.000097
0.000093
0.000086
0.000079
0.000063
0.000057
0.000058
0.000054
0.000062
0.000064
0.000047
0.000035
0.000168
0.000123
0.001345
0.001676
0.000896
-0.000792
-0.000038
0.000026
0.000022
0.000018
0.000017
0.000012
0.000012
0.000016
0.000013
0.000019
0.000040
0.000029
0.000023
0.000023
0.000025
0.000023
0.000021
0.000017
0.000024
0.000032
0.000025
0.000025
0.000032
0.000019
0.000015
0.000032
0.000043
0.000028
0.000037
0.000047
0.000041
0.000043
0.000039
0.000043
0.000021
0.000031
0.000043
0.000051
0.000051
0.000051
0.000045
0.000051
0.000052
0.000058
0.000052
0.000057
0.000066
0.000073
0.000084
0.000078
0.000086
0.000084
0.000079
0.000083
0.000096
0.000097
0.000087
0.000078
0.000062
0.000048
0.000048
0.000058
0.000063
0.000061
0.000053
0.000038
0.000040
0.000029
0.000010
0.000161
0.000218
-0.000061
-0.000005
0.000023
0.000022
0.000018
0.000018
0.000013
0.000014
0.000017
0.000015
0.000015
0.000015
0.000014
0.000019
0.000019
0.000021
0.000018
0.000014
0.000016
0.000019
0.000048
0.000028
0.000032
0.000024
0.000026
0.000034
0.000029
0.000035
0.000042
0.000041
0.000042
0.000050
0.000051
0.000041
0.000034
0.000027
0.000028
0.000028
0.000043
0.000053
0.000049
0.000048
0.000045
0.000047
0.000049
0.000055
0.000048
0.000051
0.000064
0.000066
0.000076
0.000072
0.000077
0.000086
0.000082
0.000085
0.000091
0.000088
0.000073
0.000066
0.000046
0.000042
0.000052
0.000061
0.000060
0.000061
0.000055
0.000054
0.000054
0.000047
0.000034
0.000028
0.000027
0.000025
0.000033
0.000019
0.000019
0.000020
0.000016
0.000017
0.000014
0.000018
0.000012
0.000015
0.000015
0.000010
0.000014
0.000016
0.000020
0.000015
0.000018
0.000020
0.000017
0.000027
0.000016
0.000033
0.000016
0.000025
0.000031
0.000038
0.000042
0.000040
0.000039
0.000047
0.000045
0.000046
0.000034
0.000030
0.000023
0.000030
0.000035
0.000045
0.000053
0.000047
0.000046
0.000047
0.000057
0.000062
0.000064
0.000057
0.000053
0.000054
0.000063
0.000074
0.000076
0.000078
0.000085
0.000090
0.000087
0.000088
0.000082
0.000072
0.000061
0.000053
0.000049
0.000063
0.000064
0.000063
0.000065
0.000061
0.000053
0.000053
0.000054
0.000038
0.000023
0.000022
0.000028
0.000032
0.000025
0.000020
0.000018
0.000019
0.000020
0.000014
0.000000
-0.000117
0.000028
0.000021
0.000011
0.000013
0.000015
0.000011
0.000015
0.000018
0.000019
0.000018
0.000015
0.000012
0.000055
0.000038
0.000044
0.000045
0.000042
0.000040
0.000044
0.000049
0.000056
0.000050
0.000039
0.000026
0.000038
0.000028
0.000031
0.000037
0.000050
0.000059
0.000054
0.000052
0.000061
0.000066
0.000054
0.000064
0.000064
0.000068
0.000062
0.000063
0.000066
0.000080
0.000071
0.000086
0.000089
0.000086
0.000078
0.000075
0.000063
0.000054
0.000059
0.000045
0.000053
0.000064
0.000072
0.000062
0.000057
0.000052
0.000049
0.000051
0.000040
0.000027
0.000032
0.000034
0.000037
0.000030
0.000019
0.000014
0.000012
0.000015
0.000017
-0.000402
-0.001601
0.000626
0.000037
0.000014
0.000007
0.000011
0.000013
0.000011
0.000015
0.000018
0.000014
0.000016
0.000017
