-0.000117
-0.000155
-0.000144
0.000632
-0.000158
-0.000192
-0.000196
0.000438
-0.000161
-0.000156
-0.000127
-0.000603
-0.000140
-0.000133
-0.000135
-0.000088
-0.000080
-0.000078
-0.000084
-0.000081
-0.000069
-0.000037
-0.000010
-0.000031
-0.000016
-0.000010
-0.000029
-0.000007
-0.000011
-0.000000
0.000005
0.000004
0.000013
0.000026
0.000037
0.000030
0.000033
0.000041
0.000044
0.000057
0.000062
0.000064
0.000040
0.000030
0.000025
0.000022
0.000021
0.000006
0.000001
-0.000004
-0.000016
-0.000033
-0.000037
-0.000043
-0.000065
-0.000068
-0.000073
-0.000075
-0.000105
-0.000114
-0.000118
-0.000120
-0.000091
-0.000044
0.000006
-0.000006
-0.001158
-0.000022
-0.000051
-0.000117
0.000061
-0.000152
0.000195
-0.000295
-0.000312
-0.000330
-0.000343
-0.000359
-0.000373
-0.000348
-0.000280
-0.000215
-0.000185
-0.000181
-0.000148
-0.000127
-0.000094
-0.000095
-0.000085
-0.000080
-0.000064
-0.000076
-0.000066
-0.000049
-0.000036
-0.000022
-0.000013
-0.000018
-0.000005
-0.000004
0.000001
0.000006
0.000017
0.000010
0.000025
0.000026
0.000033
0.000028
0.000038
0.000030
0.000031
0.000054
0.000049
0.000072
0.000062
0.000062
0.000048
0.000034
0.000028
0.000013
0.000006
-0.000010
-0.000014
-0.000023
-0.000024
-0.000028
-0.000038
-0.000061
-0.000076
-0.000079
-0.000071
-0.000088
-0.000111
-0.000116
-0.000121
-0.000150
-0.000123
-0.000115
-0.000120
-0.000131
-0.000144
-0.000148
-0.000152
-0.000127
-0.000132
-0.000151
-0.000205
-0.000269
-0.000288
-0.000325
-0.000353
-0.000352
-0.000321
-0.000302
-0.000240
-0.000193
-0.000169
-0.000113
-0.000112
-0.000083
-0.000091
-0.000080
-0.000096
-0.000089
-0.000076
-0.000061
-0.000047
-0.000034
-0.000026
-0.000024
-0.000015
-0.000004
0.000005
0.000005
0.000008
0.000014
0.000022
0.000026
0.000023
0.000037
0.000036
0.000029
0.000032
0.000030
0.000048
0.000058
0.000079
0.000083
0.000068
0.000057
0.000037
0.000024
0.000016
0.000010
-0.000006
-0.000005
-0.000026
-0.000021
-0.000032
-0.000035
-0.000053
-0.000069
-0.000081
-0.000084
-0.000096
-0.000111
-0.000108
-0.000111
-0.000122
-0.000130
-0.000121
-0.000127
-0.000140
-0.000138
-0.000148
-0.000154
-0.000165
-0.000132
-0.000145
-0.000176
-0.000223
-0.000262
-0.000283
-0.000323
-0.000316
-0.000300
-0.000275
-0.000246
-0.000153
-0.000130
-0.000121
-0.000071
-0.000074
-0.000066
-0.000079
-0.000093
-0.000077
-0.000062
-0.000054
-0.000039
-0.000024
-0.000027
-0.000019
-0.000011
-0.000014
0.000005
-0.000005
0.000005
0.000027
0.000031
0.000021
0.000024
0.000032
0.000026
0.000032
0.000053
0.000043
0.000048
0.000064
0.000069
0.000076
0.000070
0.000050
0.000043
0.000031
0.000030
0.000014
0.000004
0.000008
-0.000010
-0.000028
-0.000017
-0.000039
-0.000039
-0.000056
-0.000066
-0.000087
-0.000095
-0.000100
-0.000106
-0.000105
-0.000116
-0.000123
-0.000119
-0.000136
-0.000134
-0.000136
-0.000146
-0.000133
-0.000136
-0.000156
-0.000145
-0.000113
-0.000161
-0.000204
-0.000256
-0.000266
-0.000254
-0.000265
-0.000244
-0.000215
-0.000140
-0.000113
-0.000091
-0.000077
-0.000078
-0.000062
-0.000081
-0.000062
-0.000067
-0.000049
-0.000046
-0.000035
-0.000022
-0.000020
-0.000018
-0.000016
-0.000021
0.000003
0.000010
0.000012
0.000016
0.000016
0.000024
0.000016
0.000029
0.000039
0.000042
0.000059
0.000050
0.000060
0.000065
0.000077
0.000082
0.000073
0.000053
0.000038
0.000040
0.000042
0.000025
0.000004
0.000001
-0.000009
-0.000029
-0.000033
-0.000032
-0.000034
-0.000068
-0.000075
-0.000072
-0.000081
-0.000088
-0.000090
-0.000105
-0.000116
-0.000125
-0.000139
-0.000143
-0.000132
-0.000157
-0.000147
-0.000147
-0.000155
-0.000158
-0.002169
-0.000072
-0.000100
-0.000161
-0.000204
-0.000231
-0.000228
-0.000233
-0.000198
-0.000179
-0.000150
-0.000118
-0.000105
-0.000099
-0.000080
-0.000068
-0.000063
-0.000059
-0.000049
-0.000044
-0.000027
-0.000028
-0.000037
-0.000028
-0.000023
-0.000013
-0.000010
-0.000004
-0.000008
0.000003
0.000015
0.000027
0.000032
0.000034
0.000039
0.000041
0.000051
0.000054
0.000075
0.000074
0.000070
0.000089
0.000077
0.000068
0.000058
0.000045
0.000039
0.000053
0.000032
0.000014
-0.000003
-0.000008
-0.000016
-0.000022
-0.000029
-0.000038
-0.000048
-0.000066
-0.000073
-0.000071
-0.000082
-0.000094
-0.000108
-0.000112
-0.000098
-0.000111
-0.000141
-0.000157
-0.000136
-0.000144
-0.000153
-0.000161
-0.000164
-0.000162
-0.000057
-0.000078
-0.000119
-0.000159
-0.000213
-0.000211
-0.000212
-0.000168
-0.000126
-0.000103
-0.000089
-0.000103
-0.000101
-0.000082
-0.000061
-0.000050
-0.000041
-0.000051
-0.000037
-0.000033
-0.000041
-0.000027
-0.000024
-0.000026
-0.000018
-0.000026
-0.000011
-0.000010
0.000009
0.000021
0.000018
0.000021
0.000038
0.000047
0.000077
0.000068
0.000072
0.000080
0.000084
0.000082
0.000098
0.000086
0.000088
0.000064
0.000069
0.000068
0.000046
0.000004
0.000014
0.000020
0.000007
-0.000005
-0.000015
-0.000030
-0.000030
-0.000044
-0.000052
-0.000060
-0.000076
-0.000081
-0.000095
-0.000107
-0.000126
-0.000129
-0.000131
-0.000141
-0.000138
-0.000129
-0.000134
-0.000129
-0.000162
-0.000167
-0.000183
-0.000049
-0.000065
-0.000092
-0.000162
-0.000161
-0.000172
-0.000165
-0.000182
-0.000113
-0.000081
-0.000088
-0.000084
-0.000086
-0.000070
-0.000062
-0.000041
-0.000050
-0.000057
-0.000042
-0.000028
-0.000028
-0.000031
-0.000024
-0.000024
-0.000023
-0.000019
-0.000010
0.000002
0.000022
0.000036
0.000017
0.000043
0.000046
0.000060
0.000075
0.000088
0.000097
0.000082
0.000084
0.000101
0.000112
0.000109
0.000079
0.000067
0.000072
0.000070
0.000031
0.000044
0.000037
0.000028
0.000021
0.000005
-0.000007
-0.000018
-0.000029
-0.000046
-0.000047
-0.000070
-0.000070
-0.000081
-0.000107
-0.000107
-0.000130
-0.000133
-0.000125
-0.000129
-0.000143
-0.000146
-0.000157
-0.000157
-0.000177
-0.000169
-0.000200
-0.000047
-0.000055
-0.000077
-0.000118
-0.000131
-0.000155
-0.000166
-0.000158
-0.000127
-0.000106
-0.000091
-0.000060
-0.000065
-0.000051
-0.000057
-0.000054
-0.000053
-0.000056
-0.000051
-0.000043
-0.000032
-0.000015
-0.000017
-0.000022
-0.000021
-0.000012
-0.000018
0.000001
0.000016
0.000048
0.000032
0.000044
0.000078
0.000077
0.000087
0.000106
0.000116
0.000120
0.000111
0.000113
0.000122
0.000124
0.000089
0.000097
0.000087
0.000071
0.000067
0.000066
0.000047
0.000030
0.000020
0.000010
-0.000004
-0.000031
-0.000033
-0.000040
-0.000051
-0.000062
-0.000070
-0.000081
-0.000102
-0.000120
-0.000129
-0.000145
-0.000124
-0.000182
-0.000177
-0.000169
-0.000172
-0.000176
-0.000177
-0.000186
0.001326
-0.000040
-0.000046
-0.000077
-0.000114
-0.000114
-0.000136
-0.000140
-0.000119
-0.000108
-0.000109
-0.000071
-0.000060
-0.000070
-0.000077
-0.000053
-0.000059
-0.000061
-0.000052
-0.000043
-0.000031
-0.000011
-0.000006
-0.000041
-0.000029
-0.000022
-0.000016
-0.000001
0.000008
0.000042
0.000056
0.000043
0.000045
0.000065
0.000101
0.000118
0.000104
0.000122
0.000141
0.000142
0.000145
0.000138
0.000140
0.000128
0.000113
0.000104
0.000105
0.000092
0.000080
0.000049
0.000039
0.000026
0.000005
-0.000008
-0.000031
-0.000025
-0.000038
-0.000049
-0.000054
-0.000072
-0.000084
-0.000094
-0.000115
-0.000147
-0.000123
-0.000165
-0.000168
-0.000171
-0.000179
-0.000188
-0.000195
-0.000198
-0.000190
-0.000226
-0.000035
-0.000044
-0.000065
-0.000089
-0.000106
-0.000124
-0.000121
-0.000106
-0.000108
-0.000111
-0.000078
-0.000069
-0.000048
-0.000042
-0.000074
-0.000069
-0.000054
-0.000029
-0.000060
-0.000057
-0.000033
-0.000039
-0.000012
-0.000008
0.000002
0.000015
0.000013
0.000006
0.000029
0.000041
0.000055
0.000070
0.000085
0.000103
0.000116
0.000131
0.000131
0.000144
0.000160
0.000166
0.000179
0.000166
0.000160
0.000157
0.000154
0.000147
0.000123
0.000094
0.000059
0.000046
0.000022
0.000011
0.000005
-0.000007
-0.000023
-0.000027
-0.000045
-0.000061
-0.000080
-0.000093
-0.000101
-0.000114
-0.000132
-0.000167
-0.000151
-0.000164
-0.000175
-0.000198
-0.000204
-0.000225
-0.000218
-0.000235
-0.000217
-0.000027
-0.000032
-0.000040
-0.000058
-0.000081
-0.000095
-0.000088
-0.000085
-0.000081
-0.000080
-0.000072
-0.000073
-0.000044
-0.000051
-0.000047
-0.000026
-0.000040
-0.000030
-0.000048
-0.000041
-0.000025
-0.000016
-0.000013
0.000005
-0.000004
-0.000005
0.000007
0.000045
0.000033
0.000049
0.000058
0.000089
0.000087
0.000093
0.000120
0.000136
0.000152
0.000154
0.000201
0.000230
0.000218
0.000188
0.000188
0.000172
0.000183
0.000152
0.000141
0.000105
0.000077
0.000050
0.000024
0.000019
0.000011
-0.000006
-0.000023
-0.000039
-0.000055
-0.000063
-0.000077
-0.000100
-0.000108
-0.000132
-0.000145
-0.000154
-0.000233
-0.000169
-0.000189
-0.000205
-0.000219
-0.000244
-0.000235
-0.000243
-0.000216
-0.000015
-0.000018
-0.000023
-0.000033
-0.000051
-0.000061
-0.000066
-0.000074
-0.000069
-0.000067
-0.000067
-0.000059
-0.000043
-0.000042
-0.000056
-0.000046
-0.000043
-0.000030
-0.000029
-0.000021
-0.000005
0.000007
0.000031
0.000039
0.000020
0.000017
-0.000019
0.000010
0.000035
0.000058
0.000083
0.000107
0.000108
0.000129
0.000151
0.000172
0.000184
0.000229
0.000233
0.000263
0.000289
0.000267
0.000226
0.000218
0.000211
0.000183
0.000150
0.000127
0.000073
0.000040
0.000025
0.000023
0.000014
-0.000014
-0.000039
-0.000055
-0.000075
-0.000077
-0.000090
-0.000105
-0.000126
-0.000139
-0.000162
-0.000166
-0.000182
-0.000197
-0.000212
-0.000202
-0.000241
-0.000263
-0.000248
-0.000249
0.000725
0.000002
-0.000002
-0.000009
-0.000012
-0.000023
-0.000034
-0.000044
-0.000054
-0.000057
-0.000052
-0.000048
-0.000054
-0.000037
-0.000036
-0.000045
-0.000047
-0.000035
-0.000048
-0.000034
-0.000010
-0.000013
-0.000087
0.000120
0.000094
-0.000067
-0.000026
-0.000040
0.000018
0.000013
0.000048
0.000066
0.000121
0.000129
0.000151
0.000176
0.000208
0.000226
0.000251
0.000281
0.000314
0.000335
0.000336
0.000309
0.000262
0.000235
0.000204
0.000163
0.000119
0.000081
0.000047
0.000028
0.000013
0.000003
-0.000020
-0.000084
-0.000056
-0.000078
-0.000081
-0.000098
-0.000130
-0.000137
-0.000152
-0.000171
-0.000203
-0.000205
-0.000212
-0.000235
-0.000254
-0.000232
-0.000266
-0.000251
-0.000224
-0.000235
0.000010
0.000011
0.000009
0.000015
0.000006
-0.000016
-0.000032
-0.000041
-0.000051
-0.000046
-0.000045
-0.000034
-0.000043
-0.000032
-0.000037
-0.000050
-0.000042
-0.000055
-0.000056
-0.000054
-0.000046
0.000637
0.001223
0.000578
0.001048
-0.001138
-0.001283
-0.000261
-0.000072
0.000025
0.000073
0.000129
0.000141
0.000145
0.000174
0.000223
0.000258
0.000289
0.000321
0.000371
0.000422
0.000468
0.000407
0.000342
0.000281
0.000225
0.000162
0.000120
0.000082
0.000053
0.000033
0.000004
-0.000008
-0.000017
-0.000036
-0.000060
-0.000087
-0.000092
-0.000105
-0.000129
-0.000149
-0.000161
-0.000180
-0.000214
-0.000221
-0.000233
-0.000239
-0.000254
-0.000251
-0.000261
-0.000281
-0.000322
-0.000340
0.000023
0.000017
0.000022
0.000023
0.000011
-0.000007
-0.000026
-0.000033
-0.000044
-0.000044
-0.000044
-0.000039
-0.000044
-0.000045
-0.000042
-0.000047
-0.000047
-0.000035
-0.000025
-0.000060
0.000448
0.003284
0.004059
0.002852
0.003142
0.005408
0.002138
-0.000373
-0.002146
-0.000068
0.000084
0.000136
0.000124
0.000161
0.000195
0.000226
0.000292
0.000345
0.000379
0.000444
0.000530
0.000619
0.000545
0.000410
0.000319
0.000243
0.000171
0.000118
0.000075
0.000050
0.000028
0.000004
-0.000009
-0.000021
-0.000037
-0.000059
-0.000087
-0.000109
-0.000120
-0.000138
-0.000154
-0.000173
-0.000182
-0.000208
-0.000226
-0.000237
-0.000232
-0.000233
-0.000247
-0.000288
-0.000343
-0.000364
-0.000257
0.000027
0.000026
0.000027
0.000018
0.000009
-0.000004
-0.000018
-0.000032
-0.000035
-0.000041
-0.000042
-0.000040
-0.000032
-0.000039
-0.000038
-0.000046
-0.000005
0.000017
-0.000077
-0.000117
-0.000070
-0.000685
-0.002594
0.000670
0.001121
-0.000770
0.005997
0.006250
0.004213
-0.000390
0.000074
0.000139
0.000146
0.000190
0.000217
0.000220
0.000270
0.000335
0.000407
0.000518
0.000689
0.000908
0.000667
0.000456
0.000332
0.000245
0.000165
0.000096
0.000059
0.000039
0.000013
-0.000004
-0.000016
-0.000028
-0.000048
-0.000062
-0.000091
-0.000159
-0.000141
-0.000160
-0.000183
-0.000197
-0.000198
-0.000216
-0.000234
-0.000250
-0.000230
-0.000246
-0.000341
-0.000380
-0.000349
-0.000335
-0.001100
0.000031
0.000030
0.000034
0.000020
0.000008
-0.000004
-0.000018
-0.000030
-0.000034
-0.000039
-0.000040
-0.000034
-0.000038
-0.000041
-0.000060
-0.000006
-0.000076
0.000056
-0.000079
-0.000136
-0.000147
-0.000034
-0.000271
-0.000174
0.000310
0.002764
0.007705
0.013080
-0.000477
-0.000021
0.000082
0.000128
0.000161
0.000174
0.000237
0.000292
0.000270
0.000339
0.000381
0.000482
0.000511
0.000614
0.000546
0.000373
0.000277
0.000179
0.000110
0.000067
0.000037
0.000023
0.000009
-0.000003
-0.000033
-0.000039
-0.000053
-0.000075
-0.000111
-0.000138
-0.000142
-0.000262
-0.000269
-0.000201
-0.000233
-0.000236
-0.000250
-0.000257
-0.000312
-0.000274
-0.000283
-0.000309
-0.000306
-0.000253
-0.000243
0.000024
0.000032
0.000020
0.000009
0.000004
-0.000005
-0.000017
-0.000030
-0.000034
-0.000037
-0.000034
-0.000031
-0.000033
-0.000045
-0.000086
-0.000894
-0.000329
-0.000316
-0.000128
-0.000289
-0.000069
-0.000112
0.000084
0.000299
0.001361
0.006994
0.023077
0.003662
0.001220
0.000478
0.000146
0.000140
-0.000031
-0.000413
0.000720
0.001587
0.000620
0.000502
0.000438
0.000390
0.000437
0.000426
0.000347
0.000252
0.000206
0.000111
0.000062
0.000038
0.000021
0.000011
-0.000009
-0.000019
-0.000051
-0.000059
-0.000076
-0.000084
-0.000103
-0.000108
-0.000177
-0.000213
-0.000304
-0.000236
-0.000259
-0.000238
-0.000265
-0.000273
-0.000222
-0.000269
-0.000286
-0.000255
-0.000240
-0.000236
-0.000287
0.000023
0.000018
0.000013
0.000014
0.000006
-0.000008
-0.000027
-0.000034
-0.000036
-0.000031
-0.000037
-0.000030
-0.000038
-0.000840
-0.001188
-0.000976
-0.000268
-0.000283
-0.000087
-0.000020
-0.000025
0.000036
0.000214
0.000179
0.000947
0.003022
0.003462
0.003455
0.004309
0.001204
0.001926
0.001516
0.000685
0.000708
0.002551
0.002845
0.003393
0.003252
0.002629
0.000658
0.000370
0.000272
0.000258
0.000213
0.000105
0.000050
0.000032
0.000023
0.000007
-0.000006
-0.000019
-0.000043
-0.000048
-0.000063
-0.000082
-0.000097
-0.000114
-0.000140
-0.000189
-0.000430
-0.000407
-0.000301
-0.000224
-0.000234
-0.000228
-0.000255
-0.000286
-0.000321
-0.000244
-0.000233
-0.000253
-0.000317
-0.000285
0.000017
0.000015
0.000007
0.000012
-0.000004
-0.000017
-0.000029
-0.000030
-0.000028
-0.000029
-0.000029
-0.000013
0.000001
0.000303
0.000971
-0.000248
-0.000403
-0.000120
-0.000029
0.000011
0.000021
0.000022
0.001409
0.001551
-0.000981
-0.001487
0.000211
0.002093
0.001550
0.000998
0.001494
0.000826
0.000586
0.000638
0.001092
0.001239
0.003297
0.004035
0.003558
0.002215
0.000407
0.000223
0.000156
0.000057
0.000052
0.000035
0.000015
-0.000001
-0.000006
-0.000022
-0.000039
-0.000052
-0.000057
-0.000073
-0.000097
-0.000104
-0.000146
-0.000193
-0.000503
-0.000338
-0.000310
-0.000246
-0.000220
-0.000207
-0.000224
-0.000272
-0.000269
-0.000235
-0.000217
-0.000227
-0.000246
-0.000280
-0.000596
0.000003
0.000013
0.000002
0.000005
-0.000009
-0.000026
-0.000032
-0.000032
-0.000035
-0.000034
-0.000023
-0.000006
0.000001
0.000204
0.002865
-0.000939
-0.000282
-0.000024
-0.000005
0.000024
0.000016
0.000051
0.000450
0.000241
-0.000749
-0.001525
-0.002421
-0.000586
0.000868
0.000077
0.000649
0.000891
-0.000229
-0.001862
0.000336
-0.000130
0.000901
0.001512
0.001155
0.001969
0.000632
0.000495
0.000438
0.000004
0.000032
0.000017
-0.000006
-0.000027
-0.000025
-0.000036
-0.000048
-0.000059
-0.000073
-0.000094
-0.000144
-0.000158
-0.000173
-0.000221
-0.000402
-0.000348
-0.000316
-0.000239
-0.000202
-0.000218
-0.000233
-0.000246
-0.000219
-0.000207
-0.000199
-0.000231
-0.000296
-0.000328
-0.000280
-0.000007
-0.000003
-0.000002
-0.000012
-0.000028
-0.000023
-0.000035
-0.000031
-0.000031
-0.000026
-0.000009
-0.000007
-0.000001
0.000207
0.000175
-0.006805
-0.000517
-0.000108
-0.000014
0.000015
0.000028
0.001355
0.002753
0.002350
0.000442
-0.000030
-0.000302
-0.000348
-0.000200
-0.000094
-0.000156
0.000030
-0.000236
-0.000545
0.000466
0.000865
0.000530
0.000245
-0.000060
0.000786
0.000632
0.000680
-0.000285
-0.000652
-0.000059
-0.000178
-0.000028
-0.000034
-0.000045
-0.000064
-0.000083
-0.000136
-0.000159
-0.000137
-0.000158
-0.000170
-0.000180
-0.000251
-0.000290
-0.000299
-0.000240
-0.000216
-0.000235
-0.000228
-0.000228
-0.000196
-0.000215
-0.000233
-0.000272
-0.000277
-0.000297
-0.000278
-0.000231
-0.000014
-0.000004
-0.000015
-0.000015
-0.000036
-0.000032
-0.000030
-0.000030
-0.000030
-0.000020
-0.000008
-0.000008
-0.000009
0.000016
-0.000143
0.000219
-0.002776
-0.001003
-0.000492
-0.000185
0.000953
0.003041
0.001894
0.003173
0.004593
0.001726
0.000130
-0.000129
-0.000141
-0.000070
-0.000211
-0.000106
-0.000175
-0.000117
-0.000137
0.001246
0.000149
-0.000145
-0.000052
0.000269
0.000258
0.000101
0.000518
-0.000602
-0.000357
-0.002240
-0.000367
-0.000068
-0.000122
-0.000213
-0.000144
-0.000131
-0.000164
-0.000175
-0.000158
-0.000195
-0.000240
-0.000278
-0.000268
-0.000230
-0.000244
-0.000237
-0.000243
-0.000220
-0.000208
-0.000213
-0.000218
-0.000244
-0.000292
-0.000277
-0.000273
-0.000295
-0.000224
-0.000016
-0.000003
-0.000005
-0.000034
-0.000037
-0.000042
-0.000021
-0.000030
-0.000024
-0.000017
-0.000014
-0.000016
-0.000017
-0.000003
0.000272
0.001100
-0.001032
-0.000735
0.000237
0.000480
0.002492
0.004265
0.004239
0.002627
0.003143
0.000958
0.001757
0.001259
-0.000027
-0.000611
-0.000678
-0.000137
-0.000110
-0.000250
0.002400
0.001920
-0.000204
-0.000018
0.000124
0.000058
0.000054
-0.000224
0.000391
-0.000298
-0.000963
-0.002104
-0.002009
-0.000297
-0.000137
-0.000133
-0.000149
-0.000182
-0.000158
-0.000181
-0.000183
-0.000214
-0.000223
-0.000216
-0.000266
-0.000298
-0.000266
-0.000266
-0.000231
-0.000221
-0.000190
-0.000228
-0.000238
-0.000288
-0.000302
-0.000339
-0.000334
-0.000344
-0.000325
-0.000009
-0.000030
-0.000040
-0.000045
-0.000051
-0.000047
-0.000031
-0.000036
-0.000029
-0.000014
-0.000007
-0.000015
-0.000017
-0.000007
0.000051
0.000537
0.000105
0.000472
0.000898
0.000998
0.001837
0.002851
0.002949
0.002991
0.003518
0.002428
0.000432
0.002113
0.002429
0.000743
0.000570
0.000718
0.000595
0.001135
0.004898
-0.000412
0.000783
0.001900
0.002198
0.001867
0.000582
0.001221
-0.000024
-0.000400
-0.000508
-0.001816
-0.002849
-0.002092
-0.000253
-0.000202
-0.000194
-0.000194
-0.000154
-0.000180
-0.000185
-0.000174
-0.000188
-0.000251
-0.000457
-0.000430
-0.000250
-0.000242
-0.000240
-0.000232
-0.000228
-0.000357
-0.000367
-0.000315
-0.000331
-0.000361
-0.000384
-0.000352
-0.000186
-0.000019
-0.000032
-0.000046
-0.000048
-0.000063
-0.000059
-0.000064
-0.000051
-0.000047
-0.000035
-0.000041
-0.000050
-0.000049
-0.000050
-0.000056
-0.000041
-0.000032
0.000285
0.000563
-0.000082
-0.000279
0.000283
0.000735
0.001029
0.001404
0.000395
-0.000572
-0.001620
-0.000919
0.000209
0.000943
0.000233
0.002413
0.000121
-0.000186
-0.000894
0.002642
0.007962
0.011227
0.012055
0.003147
-0.001997
0.001090
0.001176
-0.000271
-0.003413
-0.004746
-0.004455
-0.001233
-0.000433
-0.000255
-0.000205
-0.000176
-0.000177
-0.000191
-0.000187
-0.000210
-0.000500
-0.000319
-0.000210
-0.000207
-0.000211
-0.000208
-0.000283
-0.000346
-0.000536
-0.000466
-0.000401
-0.000366
-0.000326
-0.000288
-0.000277
-0.000284
-0.000037
-0.000057
-0.000063
-0.000059
-0.000072
-0.000075
-0.000082
-0.000056
-0.000048
-0.000043
-0.000054
-0.000054
-0.000050
-0.000075
-0.000063
-0.000068
-0.000063
-0.000060
-0.000084
-0.000094
-0.000079
-0.000146
-0.000165
0.000226
-0.001053
-0.004231
-0.005430
-0.005786
-0.006044
-0.003791
-0.002257
-0.001092
0.001902
0.003724
0.003495
0.002339
0.000537
0.005303
0.010030
0.003360
0.000961
-0.000431
-0.000158
-0.003204
-0.002538
-0.003683
-0.002220
-0.003783
-0.003219
0.000073
-0.001244
-0.000209
-0.000165
-0.000182
-0.000233
-0.000187
-0.000184
-0.000248
-0.000250
-0.000192
-0.000203
-0.000216
-0.000247
-0.000400
-0.000432
-0.000466
-0.000369
-0.000334
-0.000303
-0.000290
-0.000311
-0.000361
-0.000556
-0.000046
-0.000048
-0.000081
-0.000071
-0.000065
-0.000078
-0.000064
-0.000066
-0.000054
-0.000047
-0.000063
-0.000069
-0.000064
-0.000074
-0.000078
-0.000071
-0.000072
-0.000066
-0.000076
-0.000061
0.000062
0.003795
0.003076
0.000677
-0.001047
-0.004663
-0.005771
-0.005969
-0.007652
-0.007024
-0.004443
-0.003037
0.001205
0.003534
0.003659
0.003037
0.003060
0.001203
0.006081
0.001931
0.001391
-0.000306
-0.000386
-0.006796
-0.018915
-0.007076
-0.000979
-0.001895
-0.003658
-0.000450
-0.006101
-0.000488
-0.000173
-0.000191
-0.000233
-0.000183
-0.000176
-0.000194
-0.000221
-0.000274
-0.000268
-0.000277
-0.000370
-0.000514
-0.000415
-0.000371
-0.000346
-0.000378
-0.000377
-0.000321
-0.000358
-0.000464
-0.000320
-0.000070
-0.000063
-0.000057
-0.000080
-0.000067
-0.000073
-0.000081
-0.000072
-0.000054
-0.000074
-0.000076
-0.000084
-0.000081
-0.000076
-0.000086
-0.000079
-0.000071
-0.000066
-0.000062
-0.000044
0.001044
0.002937
0.004419
0.002624
-0.000565
-0.005042
-0.007408
-0.007921
-0.009856
-0.011644
-0.009103
-0.007167
0.000059
0.002458
0.003758
0.003938
0.002643
0.003420
0.003413
0.006759
0.008519
0.006420
-0.003986
-0.017732
-0.026620
-0.016346
-0.004641
-0.003586
-0.000334
-0.001798
-0.010368
-0.010729
0.000126
-0.000186
-0.000199
-0.000275
-0.000229
-0.000209
-0.000237
-0.000364
-0.000353
-0.000401
-0.000585
-0.000392
-0.000372
-0.000363
-0.000385
-0.000356
-0.000369
-0.000344
-0.000373
-0.000336
-0.000380
-0.000100
-0.000074
-0.000085
-0.000084
-0.000064
-0.000077
-0.000069
-0.000079
-0.000082
-0.000082
-0.000074
-0.000088
-0.000102
-0.000097
-0.000080
-0.000078
-0.000060
-0.000065
-0.000089
-0.000086
0.000152
0.001936
0.004029
0.004226
-0.000030
-0.005588
-0.007981
-0.008256
-0.013938
-0.014930
-0.011180
-0.007486
0.001655
0.003667
0.003473
0.002427
0.002600
0.002558
0.003277
0.004118
0.004153
0.005425
0.000658
-0.005232
-0.011598
-0.025279
-0.007973
-0.001886
0.004095
-0.004523
-0.008187
-0.004974
-0.002721
0.000085
0.000212
-0.000184
-0.000229
-0.000270
-0.000265
-0.000402
-0.000438
-0.000373
-0.000333
-0.000360
-0.000450
-0.000487
-0.000372
-0.000294
-0.000394
-0.000355
-0.000325
-0.000374
-0.000367
-0.000125
-0.000092
-0.000103
-0.000109
-0.000072
-0.000077
-0.000076
-0.000085
-0.000088
-0.000082
-0.000089
-0.000101
-0.000112
-0.000096
-0.000088
-0.000073
-0.000065
-0.000109
-0.000117
-0.000124
-0.000209
0.000450
0.001720
0.003904
0.000363
-0.005330
-0.007570
-0.010849
-0.013833
-0.015769
-0.013609
-0.007983
0.003302
0.003500
0.002307
0.000966
0.002979
0.002624
0.002629
0.002878
0.003216
0.005469
0.005914
0.006210
0.005734
-0.002239
-0.015555
0.006589
0.005870
-0.004112
-0.006583
-0.003989
-0.002747
-0.001537
0.001138
0.000095
-0.000217
-0.000227
-0.000282
-0.000480
-0.000330
-0.000324
-0.000355
-0.000404
-0.000461
-0.000378
-0.000333
-0.000368
-0.000331
-0.000337
-0.000320
-0.000384
-0.000425
-0.000145
-0.000137
-0.000132
-0.000160
-0.000164
-0.000149
-0.000125
-0.000114
-0.000106
-0.000080
-0.000069
-0.000089
-0.000105
-0.000137
-0.000161
-0.000081
-0.000100
-0.000116
-0.000131
-0.000126
-0.000172
-0.000423
0.000532
0.002956
0.000551
-0.003860
-0.003651
-0.004832
-0.011484
-0.010137
-0.009328
-0.005338
0.000126
-0.000135
0.001212
0.001778
0.003557
0.001877
0.000689
0.003249
0.004480
0.004676
0.005086
0.005067
0.004803
0.005746
-0.001092
0.006772
0.000763
-0.004112
-0.003232
-0.002441
-0.000842
0.000793
0.001985
0.000228
0.000049
-0.000109
-0.000268
-0.000249
-0.000289
-0.000358
-0.000348
-0.000520
-0.000401
-0.000426
-0.000422
-0.000373
-0.000363
-0.000352
-0.000354
-0.000364
-0.000350
-0.000167
-0.000162
-0.000164
-0.000188
-0.000215
-0.000203
-0.000249
-0.000254
-0.000083
-0.000073
-0.000043
-0.000112
-0.000043
-0.000079
-0.000043
-0.000073
-0.000128
-0.000112
-0.000122
-0.000203
-0.000191
-0.000313
-0.000025
0.001739
0.001284
-0.001201
-0.002928
-0.003185
-0.007006
-0.006819
-0.004430
-0.002799
0.000470
0.001296
0.000577
0.002088
0.002989
0.003144
0.003273
0.003287
0.004082
0.004603
0.004720
0.004800
0.004759
0.006218
0.006359
0.000200
0.004071
0.000156
-0.003365
-0.001825
0.005707
0.003997
0.001269
0.001248
-0.000701
-0.001248
0.000035
-0.000010
-0.000025
-0.000484
-0.000487
-0.000570
-0.000367
-0.000466
-0.000400
-0.000361
-0.000354
-0.000326
-0.000351
-0.000359
-0.000379
-0.000156
-0.000169
-0.000201
-0.000224
-0.000248
-0.000229
-0.000245
-0.000298
-0.000241
-0.000214
-0.000224
-0.000196
-0.000022
-0.000131
-0.000104
-0.000087
-0.000144
-0.000094
-0.000123
-0.000194
-0.000250
-0.000372
-0.000362
-0.000450
-0.000620
-0.000702
-0.000302
-0.000547
-0.000257
0.000513
-0.001667
-0.000849
0.001033
0.000947
0.001841
0.002656
0.003168
0.002878
0.003297
0.003331
0.004117
0.005001
0.005678
0.006192
0.005033
0.004913
0.006049
0.006754
0.002814
0.001207
-0.003016
0.000434
0.007767
0.005918
0.007657
0.001688
-0.000812
-0.000202
0.000380
-0.000793
-0.000921
0.000074
-0.000080
-0.000396
-0.000446
-0.000397
-0.000397
-0.000397
-0.000350
-0.000357
-0.000385
-0.000453
-0.000369
-0.000189
-0.000187
-0.000217
-0.000217
-0.000245
-0.000235
-0.000239
-0.000237
-0.000192
-0.000262
-0.000314
-0.000285
-0.000175
-0.000221
-0.000066
0.000012
-0.000168
-0.000169
-0.000203
-0.000197
-0.000316
-0.000508
-0.000490
-0.000465
-0.000489
-0.000491
-0.000484
-0.000456
-0.000452
-0.000604
-0.000138
-0.000029
0.001098
0.001441
0.002284
0.002744
0.003204
0.003210
0.002480
0.003356
0.004473
0.003515
0.003374
0.003869
0.003145
0.003369
0.006394
0.008013
0.003797
-0.001496
0.000883
0.008794
0.008682
0.004593
0.001201
0.000531
0.000551
0.003404
0.000615
-0.000578
-0.000313
0.000689
-0.000465
0.000039
-0.000101
-0.000252
-0.000404
-0.000356
-0.000369
-0.000381
-0.000472
-0.000395
-0.000317
-0.000152
-0.000225
-0.000233
-0.000195
-0.000248
-0.000243
-0.000247
-0.000233
-0.000202
-0.000310
-0.000425
-0.000245
-0.000296
-0.000317
-0.000348
-0.000263
-0.000387
-0.000395
-0.000381
-0.000439
-0.000456
-0.000478
-0.000499
-0.000481
-0.000486
-0.000493
-0.000474
-0.000451
-0.000471
-0.000509
-0.000516
0.000262
0.000209
0.000158
0.000202
0.000029
-0.000129
0.003893
0.003232
0.004193
0.003924
0.001860
-0.001466
-0.001508
-0.000359
0.001817
0.003007
0.004076
0.001109
-0.004890
-0.003903
0.003945
-0.000173
-0.000545
-0.000854
-0.001471
0.000048
-0.000292
-0.000639
-0.000469
-0.000384
-0.000311
-0.000393
-0.000435
-0.000452
-0.000441
-0.000386
-0.000354
-0.000369
-0.000395
-0.000386
-0.000381
-0.000291
-0.000257
-0.000243
-0.000241
-0.000217
-0.000214
-0.000250
-0.000214
-0.000363
-0.000395
-0.000455
-0.000345
-0.000456
-0.000429
-0.000323
-0.000355
-0.000321
-0.000317
-0.000376
-0.000346
-0.000358
-0.000452
-0.000446
-0.000444
-0.000481
-0.000478
-0.000479
-0.000477
-0.000513
-0.000512
-0.000576
-0.000620
-0.000565
-0.000700
-0.000571
-0.000609
-0.000552
-0.000579
-0.000043
-0.000027
0.000031
0.000208
0.000136
-0.000735
-0.000702
0.003247
0.001560
-0.002621
-0.003522
-0.008290
-0.014707
-0.013054
-0.005373
-0.000409
-0.000621
-0.000172
-0.000152
-0.000546
-0.000489
-0.000318
-0.000388
-0.000445
-0.000313
-0.000330
-0.000437
-0.000486
-0.000404
-0.000357
-0.000387
-0.000368
-0.000343
-0.000364
-0.000329
-0.000240
-0.000270
-0.000246
-0.000254
-0.000235
-0.000201
-0.000284
-0.000361
-0.000476
-0.000505
-0.000545
-0.000470
-0.000358
-0.000465
-0.000459
-0.000415
-0.000437
-0.000395
-0.000439
-0.000435
-0.000368
-0.000442
-0.000474
-0.000480
-0.000478
-0.000497
-0.000483
-0.000476
-0.000505
-0.000539
-0.000562
-0.000664
-0.000593
-0.000559
-0.000622
-0.000579
-0.000650
-0.000766
-0.000758
-0.000675
-0.000703
-0.000684
-0.000677
-0.000660
-0.000729
0.000259
-0.001000
-0.007021
-0.016384
-0.019738
-0.021727
-0.013220
-0.000848
-0.000564
-0.000966
-0.000635
-0.000707
-0.000305
-0.000329
-0.000370
-0.000417
-0.000407
-0.000380
-0.000431
-0.000483
-0.000497
-0.000383
-0.000368
-0.000369
-0.000346
-0.000308
-0.000271
-0.000290
-0.000263
-0.000357
-0.000347
-0.000324
-0.000306
-0.000309
-0.000390
-0.000446
-0.000541
-0.000505
-0.000487
-0.000477
-0.000401
-0.000449
-0.000440
-0.000411
-0.000473
-0.000454
-0.000463
-0.000375
-0.000335
-0.000421
-0.000480
-0.000495
-0.000547
-0.000541
-0.000490
-0.000366
-0.000586
-0.000525
-0.000587
-0.000630
-0.000655
-0.000593
-0.000576
-0.000636
-0.000696
-0.000691
-0.000646
-0.000632
-0.000663
-0.000690
-0.000750
-0.000757
-0.000777
-0.000718
0.000354
-0.016846
-0.016364
-0.015829
-0.009638
-0.004076
-0.004547
-0.001677
-0.000488
-0.000347
-0.000293
-0.000337
-0.000389
-0.000301
-0.000356
-0.000378
-0.000492
-0.000461
-0.000428
-0.000454
-0.000369
-0.000372
-0.000329
-0.000349
-0.000288
-0.000290
-0.000323
-0.000392
-0.000429
-0.000462
-0.000430
-0.000427
-0.000438
-0.000520
-0.000550
-0.000556
-0.000543
-0.000515
-0.000530
-0.000548
-0.000503
-0.000416
-0.000321
-0.000425
-0.000459
-0.000493
-0.000398
-0.000415
-0.000482
-0.000491
-0.000529
-0.000611
-0.000632
-0.000624
-0.000386
-0.000518
-0.000584
-0.000612
-0.000691
-0.000647
-0.000597
-0.000672
-0.000738
-0.000656
-0.000636
-0.000604
-0.000637
-0.000725
-0.000777
-0.000786
-0.000810
-0.000782
-0.000733
-0.000662
-0.002198
-0.009358
-0.009322
-0.006129
-0.004648
-0.002700
-0.003109
-0.001071
-0.000348
-0.000291
-0.000373
-0.000376
-0.000293
-0.000349
-0.000363
-0.000537
-0.000441
-0.000433
-0.000403
-0.000381
-0.000375
-0.000428
-0.000375
-0.000305
-0.000328
-0.000372
-0.000458
-0.000486
-0.000448
-0.000434
-0.000470
-0.000451
-0.000487
-0.000493
-0.000549
-0.000551
-0.000535
-0.000514
-0.000569
-0.000509
-0.000417
-0.000424
-0.000443
-0.000447
-0.000448
-0.000468
-0.000416
-0.000494
-0.000516
-0.000554
-0.000643
-0.000697
-0.000600
-0.000488
-0.000535
-0.000672
-0.000671
-0.000689
-0.000646
-0.000645
-0.000664
-0.000700
-0.000617
-0.000585
-0.000546
-0.000689
-0.000839
-0.000769
-0.000816
-0.000797
-0.000834
-0.000736
-0.000759
-0.000838
-0.001850
-0.005467
-0.004492
-0.001709
-0.002049
-0.002838
-0.000971
-0.000651
-0.000443
-0.000390
-0.000381
-0.000282
-0.000341
-0.000387
-0.000453
-0.000428
-0.000399
-0.000381
-0.000383
-0.000428
-0.000481
-0.000373
-0.000329
-0.000356
-0.000435
-0.000507
-0.000472
-0.000491
-0.000461
-0.000490
-0.000500
-0.000473
-0.000493
-0.000562
-0.000566
-0.000582
-0.000550
-0.000575
-0.000551
-0.000453
-0.000407
-0.000435
-0.000447
-0.000502
-0.000541
-0.000500
-0.000540
-0.000498
-0.000568
-0.000664
-0.000693
-0.000635
-0.000500
-0.000523
-0.000693
-0.000723
-0.000694
-0.000686
-0.000698
-0.000693
-0.000712
-0.000642
-0.000640
-0.000700
-0.000663
-0.000685
-0.000746
-0.000644
-0.000728
-0.000820
-0.000842
-0.000918
-0.000897
-0.000997
-0.001349
-0.001249
-0.001219
-0.001258
-0.001090
-0.000578
-0.000492
-0.000442
-0.000408
-0.000396
-0.000346
-0.000402
-0.000393
-0.000378
-0.000492
-0.000376
-0.000327
-0.000393
-0.000402
-0.000361
-0.000365
-0.000379
-0.000486
-0.000524
-0.000545
-0.000500
-0.000472
-0.000437
-0.000480
-0.000488
-0.000504
-0.000519
-0.000552
-0.000588
-0.000559
-0.000537
-0.000561
-0.000557
-0.000510
-0.000416
-0.000432
-0.000457
-0.000496
-0.000546
-0.000529
-0.000543
-0.000556
-0.000565
-0.000641
-0.000645
-0.000648
-0.000601
-0.000585
-0.000819
-0.000779
-0.000821
-0.000779
-0.000820
-0.000832
-0.000774
-0.000812
-0.000816
-0.000918
-0.000970
-0.000728
-0.000735
-0.000867
-0.000825
-0.000875
-0.000797
-0.000911
-0.000870
-0.000869
-0.000877
-0.000819
-0.000715
-0.000967
-0.000551
-0.000410
-0.000410
-0.000391
-0.000406
-0.000363
-0.000407
-0.000439
-0.000349
-0.000386
-0.000484
-0.000424
-0.000444
-0.000445
-0.000324
-0.000329
-0.000394
-0.000559
-0.000548
-0.000467
-0.000500
-0.000435
-0.000437
-0.000464
-0.000490
-0.000492
-0.000500
-0.000523
-0.000536
-0.000576
-0.000599
-0.000549
-0.000530
-0.000448
-0.000433
-0.000385
-0.000439
-0.000464
-0.000495
-0.000546
-0.000531
-0.000536
-0.000551
-0.000611
-0.000686
-0.000528
-0.000540
-0.000598
-0.000631
-0.000772
-0.000790
-0.000833
-0.000793
-0.000849
-0.000871
-0.000702
-0.000745
-0.000800
-0.000912
-0.000927
-0.000816
-0.000910
-0.001015
-0.000902
-0.000737
-0.000735
-0.000755
-0.000864
-0.000751
-0.000761
-0.000680
-0.000561
-0.000632
-0.000535
-0.000431
-0.000465
-0.000409
-0.000372
-0.000358
-0.000421
-0.000435
-0.000374
-0.000415
-0.000529
-0.000426
-0.000408
-0.000399
-0.000345
-0.000394
-0.000476
-0.000435
-0.000448
-0.000485
-0.000497
-0.000435
-0.000437
-0.000477
-0.000507
-0.000480
-0.000474
-0.000486
-0.000472
-0.000537
-0.000534
-0.000504
-0.000456
-0.000361
-0.000342
-0.000365
-0.000400
-0.000458
-0.000506
-0.000504
-0.000508
-0.000481
-0.000545
-0.000624
-0.000681
-0.000531
-0.000504
-0.000591
-0.000615
-0.000662
-0.000635
-0.000702
-0.000767
-0.000856
-0.000813
-0.000905
-0.000703
-0.000718
-0.000801
-0.000819
-0.000786
-0.000833
-0.000810
-0.000663
-0.000601
-0.000655
-0.000705
-0.000731
-0.000819
-0.000831
-0.000832
-0.000733
-0.000694
-0.000559
-0.000495
-0.000464
-0.000411
-0.000308
-0.000261
-0.000353
-0.000439
-0.000444
-0.000379
-0.000434
-0.000400
-0.000425
-0.000425
-0.000383
-0.000392
-0.000369
-0.000412
-0.000375
-0.000420
-0.000430
