-0.000006
-0.000006
-0.000005
0.000632
0.000000
0.000002
0.000003
0.000438
0.000004
0.000006
0.000008
-0.000603
0.000011
0.000009
0.000015
0.000011
0.000015
0.000010
0.000011
0.000011
0.000016
0.000016
0.000018
0.000025
0.000020
0.000016
0.000021
0.000019
0.000020
0.000019
0.000024
0.000022
0.000029
0.000032
0.000036
0.000037
0.000039
0.000037
0.000040
0.000041
0.000041
0.000040
0.000044
0.000042
0.000043
0.000045
0.000040
0.000039
0.000038
0.000036
0.000042
0.000039
0.000041
0.000039
0.000040
0.000037
0.000037
0.000036
0.000045
0.000050
0.000040
0.000027
0.000010
0.000002
-0.000009
-0.000008
-0.001158
-0.000007
-0.000010
-0.000003
0.000061
0.000004
0.000195
-0.000009
-0.000008
-0.000005
-0.000004
-0.000002
0.000001
0.000004
0.000005
0.000004
0.000007
0.000006
0.000009
0.000010
0.000011
0.000009
0.000012
0.000014
0.000015
0.000011
0.000017
0.000014
0.000012
0.000020
0.000019
0.000019
0.000016
0.000024
0.000025
0.000024
0.000023
0.000027
0.000028
0.000031
0.000028
0.000038
0.000040
0.000039
0.000038
0.000039
0.000044
0.000041
0.000041
0.000044
0.000043
0.000038
0.000041
0.000043
0.000039
0.000040
0.000035
0.000039
0.000039
0.000035
0.000033
0.000041
0.000041
0.000039
0.000036
0.000034
0.000042
0.000040
0.000034
0.000035
0.000031
0.000027
0.000030
0.000029
0.000030
0.000034
0.000031
0.000029
0.000023
0.000023
-0.000008
-0.000007
-0.000005
-0.000005
-0.000002
-0.000001
0.000003
0.000006
0.000003
0.000003
0.000007
0.000007
0.000010
0.000009
0.000012
0.000014
0.000013
0.000014
0.000013
0.000017
0.000015
0.000016
0.000017
0.000016
0.000016
0.000018
0.000022
0.000025
0.000025
0.000025
0.000028
0.000024
0.000030
0.000033
0.000037
0.000038
0.000041
0.000046
0.000038
0.000045
0.000044
0.000042
0.000046
0.000046
0.000043
0.000046
0.000044
0.000042
0.000042
0.000041
0.000033
0.000038
0.000042
0.000035
0.000040
0.000042
0.000037
0.000033
0.000043
0.000045
0.000030
0.000032
0.000032
0.000030
0.000027
0.000030
0.000030
0.000032
0.000030
0.000034
0.000027
0.000030
0.000024
-0.000007
-0.000009
-0.000009
-0.000003
-0.000002
0.000001
0.000001
0.000005
0.000005
0.000004
0.000006
0.000009
0.000011
0.000011
0.000010
0.000013
0.000014
0.000015
0.000013
0.000015
0.000016
0.000013
0.000015
0.000015
0.000020
0.000019
0.000020
0.000021
0.000022
0.000022
0.000023
0.000024
0.000029
0.000034
0.000035
0.000037
0.000042
0.000032
0.000030
0.000039
0.000033
0.000034
0.000035
0.000044
0.000048
0.000044
0.000042
0.000045
0.000042
0.000038
0.000038
0.000038
0.000036
0.000040
0.000036
0.000033
0.000037
0.000042
0.000035
0.000037
0.000030
0.000029
0.000028
0.000028
0.000027
0.000028
0.000030
0.000032
0.000030
0.000026
0.000027
0.000029
0.000021
-0.000008
-0.000011
-0.000008
-0.000004
-0.000002
0.000001
0.000003
0.000006
0.000005
0.000006
0.000006
0.000007
0.000009
0.000011
0.000010
0.000010
0.000013
0.000012
0.000014
0.000014
0.000015
0.000013
0.000015
0.000016
0.000018
0.000017
0.000020
0.000022
0.000022
0.000021
0.000025
0.000027
0.000027
0.000030
0.000029
0.000033
0.000035
0.000036
0.000030
0.000034
0.000037
0.000047
0.000036
0.000030
0.000045
0.000039
0.000039
0.000045
0.000039
0.000037
0.000034
0.000036
0.000032
0.000034
0.000040
0.000038
0.000037
0.000034
0.000032
0.000034
0.000032
0.000030
0.000030
0.000031
0.000029
0.000030
0.000028
0.000029
0.000025
0.000030
0.000033
0.000030
-0.002169
-0.000009
-0.000009
-0.000008
-0.000003
-0.000002
0.000002
0.000002
0.000004
0.000004
0.000005
0.000005
0.000007
0.000008
0.000008
0.000009
0.000011
0.000014
0.000012
0.000010
0.000011
0.000011
0.000014
0.000015
0.000014
0.000016
0.000018
0.000013
0.000018
0.000020
0.000021
0.000025
0.000025
0.000026
0.000028
0.000027
0.000026
0.000033
0.000034
0.000031
0.000033
0.000039
0.000039
0.000047
0.000043
0.000038
0.000045
0.000035
0.000040
0.000033
0.000037
0.000037
0.000037
0.000031
0.000031
0.000030
0.000031
0.000032
0.000024
0.000028
0.000032
0.000029
0.000026
0.000032
0.000024
0.000025
0.000025
0.000033
0.000028
0.000030
0.000032
0.000031
0.000031
0.000027
-0.000010
-0.000009
-0.000008
-0.000003
-0.000002
-0.000001
0.000003
0.000004
0.000004
0.000006
0.000006
0.000004
0.000004
0.000007
0.000009
0.000011
0.000009
0.000010
0.000010
0.000013
0.000010
0.000013
0.000015
0.000012
0.000012
0.000008
0.000016
0.000013
0.000020
0.000018
0.000020
0.000023
0.000030
0.000033
0.000033
0.000032
0.000034
0.000029
0.000028
0.000033
0.000050
0.000038
0.000038
0.000049
0.000048
0.000047
0.000038
0.000038
0.000031
0.000030
0.000036
0.000034
0.000032
0.000030
0.000027
0.000030
0.000029
0.000029
0.000033
0.000030
0.000026
0.000033
0.000030
0.000033
0.000034
0.000035
0.000028
0.000025
0.000024
0.000029
0.000030
0.000029
0.000029
-0.000010
-0.000010
-0.000010
-0.000008
-0.000002
0.000001
0.000002
0.000005
0.000004
0.000005
0.000004
0.000006
0.000005
0.000007
0.000007
0.000008
0.000009
0.000012
0.000013
0.000009
0.000011
0.000011
0.000008
0.000010
0.000013
0.000015
0.000015
0.000020
0.000014
0.000022
0.000021
0.000024
0.000025
0.000030
0.000032
0.000032
0.000034
0.000038
0.000036
0.000033
0.000041
0.000040
0.000041
0.000046
0.000040
0.000037
0.000036
0.000033
0.000036
0.000033
0.000032
0.000031
0.000027
0.000029
0.000029
0.000024
0.000026
0.000028
0.000028
0.000028
0.000031
0.000035
0.000032
0.000037
0.000034
0.000028
0.000027
0.000025
0.000027
0.000027
0.000030
0.000030
0.000028
-0.000009
-0.000009
-0.000008
-0.000004
-0.000001
0.000001
0.000002
0.000003
0.000004
0.000003
0.000004
0.000005
0.000006
0.000006
0.000007
0.000008
0.000008
0.000009
0.000010
0.000012
0.000014
0.000010
0.000010
0.000013
0.000015
0.000013
0.000010
0.000016
0.000018
0.000021
0.000020
0.000020
0.000031
0.000032
0.000036
0.000033
0.000033
0.000039
0.000039
0.000042
0.000040
0.000036
0.000041
0.000038
0.000035
0.000038
0.000036
0.000032
0.000035
0.000031
0.000030
0.000030
0.000029
0.000030
0.000025
0.000026
0.000026
0.000027
0.000028
0.000029
0.000033
0.000031
0.000035
0.000037
0.000031
0.000025
0.000028
0.000028
0.000032
0.000030
0.000031
0.000033
0.001326
-0.000007
-0.000004
-0.000008
-0.000004
-0.000000
0.000001
0.000001
0.000004
0.000003
0.000004
0.000004
0.000004
0.000004
0.000003
0.000005
0.000007
0.000008
0.000010
0.000010
0.000008
0.000012
0.000012
0.000010
0.000009
0.000014
0.000011
0.000015
0.000016
0.000021
0.000023
0.000024
0.000028
0.000028
0.000032
0.000029
0.000036
0.000037
0.000041
0.000043
0.000044
0.000043
0.000042
0.000039
0.000036
0.000035
0.000035
0.000038
0.000035
0.000037
0.000030
0.000027
0.000029
0.000028
0.000027
0.000028
0.000027
0.000029
0.000025
0.000026
0.000029
0.000030
0.000030
0.000034
0.000029
0.000030
0.000029
0.000029
0.000029
0.000031
0.000030
0.000035
0.000033
0.000035
-0.000005
-0.000004
-0.000006
-0.000004
-0.000000
-0.000000
0.000000
0.000001
0.000002
0.000002
0.000003
0.000000
0.000004
0.000006
0.000004
0.000002
0.000008
0.000010
0.000007
0.000010
0.000007
0.000008
0.000011
0.000013
0.000014
0.000013
0.000013
0.000015
0.000015
0.000017
0.000024
0.000021
0.000029
0.000027
0.000033
0.000038
0.000039
0.000042
0.000038
0.000041
0.000039
0.000041
0.000037
0.000039
0.000038
0.000036
0.000037
0.000037
0.000036
0.000031
0.000027
0.000029
0.000029
0.000027
0.000025
0.000026
0.000026
0.000027
0.000030
0.000030
0.000031
0.000033
0.000030
0.000030
0.000028
0.000028
0.000028
0.000034
0.000038
0.000035
0.000037
0.000036
0.000033
-0.000006
-0.000006
-0.000004
-0.000004
0.000000
0.000000
0.000000
0.000001
0.000001
0.000002
0.000002
0.000003
0.000003
0.000004
0.000004
0.000006
0.000008
0.000008
0.000008
0.000010
0.000012
0.000011
0.000009
0.000014
0.000011
0.000013
0.000015
0.000011
0.000014
0.000017
0.000013
0.000018
0.000024
0.000028
0.000025
0.000039
0.000038
0.000039
0.000041
0.000041
0.000041
0.000042
0.000039
0.000038
0.000037
0.000040
0.000040
0.000040
0.000033
0.000030
0.000027
0.000026
0.000025
0.000025
0.000026
0.000027
0.000032
0.000026
0.000027
0.000028
0.000031
0.000032
0.000033
0.000030
0.000031
0.000039
0.000036
0.000037
0.000035
0.000036
0.000034
0.000035
0.000031
-0.000004
-0.000003
-0.000004
-0.000004
-0.000002
-0.000001
0.000001
-0.000001
0.000002
0.000002
0.000000
0.000001
0.000004
0.000005
0.000002
0.000003
0.000007
0.000006
0.000008
0.000011
0.000009
0.000012
0.000012
0.000014
0.000012
0.000010
0.000007
0.000010
0.000023
0.000020
0.000022
0.000026
0.000026
0.000025
0.000028
0.000037
0.000042
0.000043
0.000041
0.000045
0.000043
0.000043
0.000042
0.000042
0.000039
0.000040
0.000040
0.000038
0.000033
0.000031
0.000027
0.000025
0.000025
0.000024
0.000026
0.000036
0.000035
0.000033
0.000027
0.000030
0.000030
0.000033
0.000033
0.000030
0.000033
0.000040
0.000037
0.000041
0.000040
0.000038
0.000041
0.000037
0.000725
-0.000003
-0.000004
-0.000002
-0.000005
-0.000001
0.000001
0.000002
0.000001
-0.000000
0.000003
0.000001
0.000001
0.000003
0.000003
0.000004
0.000004
0.000005
0.000007
0.000008
0.000010
0.000008
-0.000026
-0.000052
-0.000078
-0.000093
-0.000090
-0.000213
0.000213
0.000807
0.000076
0.000016
0.000027
0.000026
0.000029
0.000031
0.000035
0.000041
0.000044
0.000042
0.000045
0.000041
0.000037
0.000040
0.000039
0.000044
0.000042
0.000040
0.000034
0.000031
0.000033
0.000026
0.000026
0.000025
0.000026
0.000030
0.000040
0.000042
0.000028
0.000031
0.000032
0.000031
0.000034
0.000038
0.000047
0.000036
0.000036
0.000041
0.000035
0.000034
0.000038
0.000034
0.000035
0.000037
-0.000003
-0.000004
-0.000004
-0.000003
-0.000003
-0.000001
-0.000000
-0.000002
-0.000000
0.000001
0.000001
0.000001
0.000002
0.000003
0.000002
0.000003
0.000003
0.000003
0.000005
0.000005
-0.000025
-0.000452
-0.000636
-0.001251
-0.002298
-0.001363
-0.000859
-0.003279
-0.001352
-0.000109
-0.000069
0.000023
0.000026
0.000021
0.000033
0.000037
0.000042
0.000044
0.000043
0.000042
0.000043
0.000042
0.000041
0.000036
0.000041
0.000045
0.000040
0.000039
0.000035
0.000032
0.000030
0.000031
0.000031
0.000028
0.000027
0.000035
0.000040
0.000037
0.000035
0.000034
0.000033
0.000034
0.000038
0.000036
0.000036
0.000041
0.000036
0.000032
0.000033
0.000036
0.000036
0.000041
0.000047
-0.000005
-0.000003
-0.000002
-0.000003
-0.000003
-0.000001
0.000000
-0.000000
-0.000000
-0.000002
-0.000001
0.000000
0.000001
0.000002
0.000002
0.000001
0.000003
0.000008
0.000005
-0.000023
-0.000270
-0.000067
-0.000882
-0.000794
-0.001446
-0.000315
-0.001305
-0.003617
-0.003054
-0.003752
-0.005149
-0.000322
0.000024
0.000031
0.000032
0.000036
0.000044
0.000047
0.000046
0.000039
0.000042
0.000040
0.000034
0.000034
0.000042
0.000045
0.000047
0.000042
0.000038
0.000034
0.000030
0.000030
0.000029
0.000027
0.000026
0.000031
0.000036
0.000036
0.000036
0.000038
0.000034
0.000036
0.000034
0.000038
0.000037
0.000036
0.000035
0.000030
0.000035
0.000037
0.000045
0.000050
0.000035
-0.000004
-0.000009
-0.000004
-0.000003
-0.000002
-0.000001
-0.000000
-0.000001
-0.000004
0.000000
-0.000001
0.000001
0.000003
0.000001
0.000000
0.000003
0.000003
0.000169
0.000106
-0.000220
-0.000320
-0.000992
-0.001301
-0.001429
-0.000575
-0.000690
-0.000170
-0.000186
0.003873
-0.004705
-0.002148
-0.000120
0.000025
0.000033
0.000033
0.000036
0.000043
0.000048
0.000046
0.000050
0.000047
0.000039
0.000037
0.000035
0.000035
0.000042
0.000043
0.000041
0.000039
0.000035
0.000028
0.000029
0.000029
0.000028
0.000031
0.000034
0.000035
0.000035
0.000034
0.000036
0.000033
0.000035
0.000037
0.000036
0.000035
0.000033
0.000030
0.000032
0.000038
0.000051
0.000045
0.000043
-0.001100
-0.000005
-0.000006
-0.000007
-0.000005
-0.000004
-0.000004
-0.000000
-0.000002
-0.000000
0.000002
0.000001
0.000002
0.000001
-0.000000
0.000001
0.000027
0.000890
0.001030
0.000181
0.000157
0.000145
-0.000077
-0.000107
-0.000531
-0.001412
0.001217
0.002341
0.009894
0.000284
-0.000419
-0.001558
-0.000090
0.000032
0.000043
0.000058
0.000073
0.000071
0.000052
0.000047
0.000051
0.000040
0.000047
0.000036
0.000034
0.000035
0.000037
0.000038
0.000038
0.000037
0.000034
0.000029
0.000028
0.000030
0.000029
0.000034
0.000035
0.000042
0.000034
0.000035
0.000036
0.000042
0.000034
0.000036
0.000038
0.000036
0.000035
0.000033
0.000037
0.000039
0.000042
0.000040
0.000038
0.000033
-0.000007
-0.000006
-0.000005
-0.000002
-0.000004
-0.000003
-0.000002
-0.000001
0.000001
0.000001
0.000003
0.000001
0.000002
-0.000005
0.000437
0.001700
0.000993
0.000235
0.000392
0.000555
0.000077
-0.000003
-0.000015
-0.000310
-0.001328
-0.000036
0.001325
0.001074
0.000992
0.001436
0.000188
0.000128
0.000134
0.000344
0.000504
0.000743
0.000580
0.000268
0.000144
0.000082
0.000047
0.000038
0.000035
0.000036
0.000032
0.000030
0.000034
0.000038
0.000036
0.000032
0.000027
0.000027
0.000034
0.000034
0.000034
0.000037
0.000038
0.000039
0.000039
0.000038
0.000037
0.000034
0.000034
0.000036
0.000037
0.000036
0.000030
0.000039
0.000039
0.000039
0.000038
0.000035
0.000037
-0.000006
-0.000005
-0.000006
-0.000005
-0.000003
-0.000002
-0.000001
-0.000000
-0.000000
0.000001
-0.000000
0.000001
0.000003
-0.000001
-0.000023
0.002218
-0.000349
0.000565
0.000183
0.000019
-0.000001
0.000005
-0.000209
-0.000223
-0.000219
-0.000371
0.000276
0.000828
0.000566
0.000168
0.000468
0.000146
0.000097
0.000699
0.001138
0.001306
0.001412
0.001143
0.001050
0.000279
0.000097
0.000049
0.000038
0.000034
0.000033
0.000032
0.000035
0.000037
0.000037
0.000034
0.000030
0.000029
0.000031
0.000030
0.000031
0.000034
0.000034
0.000032
0.000035
0.000043
0.000039
0.000034
0.000031
0.000035
0.000033
0.000035
0.000040
0.000045
0.000041
0.000032
0.000035
0.000035
0.000034
-0.000009
-0.000007
-0.000009
-0.000005
-0.000005
-0.000002
-0.000000
-0.000001
-0.000001
0.000002
0.000001
0.000002
0.000000
0.000574
0.002092
-0.001766
0.000293
-0.000003
0.000045
-0.000007
-0.000004
-0.000414
-0.001194
-0.000625
-0.000141
-0.000213
0.000112
0.000571
0.000240
-0.000209
-0.000092
-0.000598
-0.001074
-0.001238
0.000517
0.001544
0.001724
0.001713
0.001660
0.000872
0.000292
0.000278
0.000054
0.000034
0.000034
0.000035
0.000036
0.000033
0.000031
0.000032
0.000034
0.000028
0.000029
0.000030
0.000031
0.000032
0.000033
0.000034
0.000049
0.000038
0.000037
0.000036
0.000031
0.000027
0.000031
0.000035
0.000034
0.000033
0.000031
0.000031
0.000032
0.000040
-0.000596
-0.000008
-0.000009
-0.000007
-0.000006
-0.000004
-0.000004
-0.000004
-0.000001
0.000001
0.000002
0.000001
-0.000001
-0.000002
0.000249
0.000691
-0.001057
-0.000427
-0.000068
-0.000012
-0.000006
-0.000140
-0.001294
0.000273
0.000769
-0.000356
-0.000123
-0.000605
0.000262
0.000213
-0.000182
-0.000475
-0.000433
-0.000909
-0.000902
0.000034
0.001216
0.001111
0.001309
0.001746
0.001078
0.000518
0.000391
-0.000091
-0.000133
0.000021
0.000018
0.000034
0.000032
0.000031
0.000030
0.000032
0.000030
0.000031
0.000030
0.000031
0.000031
0.000033
0.000034
0.000036
0.000037
0.000040
0.000031
0.000026
0.000027
0.000030
0.000033
0.000031
0.000032
0.000027
0.000031
0.000038
0.000037
0.000037
-0.000009
-0.000006
-0.000007
-0.000005
-0.000005
-0.000004
-0.000003
-0.000003
-0.000001
0.000000
-0.000000
-0.000002
-0.000002
0.000029
0.000369
0.001927
-0.001255
-0.000055
-0.000008
-0.000163
-0.001680
0.001091
0.004127
0.002510
-0.000373
0.000464
0.000171
0.000334
0.000232
-0.000092
-0.000008
0.000092
-0.000010
-0.000771
-0.000828
0.000535
-0.000138
0.000416
0.000694
0.000986
0.000248
0.000540
-0.000220
-0.001880
0.000058
-0.000191
-0.000059
0.000034
0.000032
0.000030
0.000032
0.000036
0.000038
0.000033
0.000033
0.000033
0.000034
0.000034
0.000042
0.000037
0.000030
0.000030
0.000030
0.000030
0.000029
0.000029
0.000032
0.000034
0.000034
0.000033
0.000035
0.000032
0.000031
-0.000006
-0.000009
-0.000007
-0.000006
-0.000005
-0.000004
-0.000003
-0.000002
-0.000002
-0.000002
-0.000002
-0.000002
-0.000002
0.000001
0.000721
0.004519
-0.003472
0.000324
0.000428
-0.000304
0.000428
0.001567
0.001645
0.004674
0.002640
0.001587
-0.000891
0.000427
-0.000072
0.000038
-0.000056
0.000072
0.000096
-0.000476
-0.000378
-0.000167
-0.000483
-0.000452
-0.000486
0.000403
0.000354
0.000620
0.000783
0.001345
0.002545
0.001538
-0.000679
-0.000029
0.000035
0.000036
0.000033
0.000033
0.000035
0.000030
0.000031
0.000035
0.000041
0.000039
0.000038
0.000036
0.000033
0.000032
0.000029
0.000027
0.000027
0.000031
0.000035
0.000037
0.000033
0.000030
0.000034
0.000033
0.000027
-0.000003
-0.000003
-0.000009
-0.000009
-0.000005
-0.000003
-0.000003
-0.000003
-0.000004
-0.000002
-0.000002
-0.000001
-0.000002
-0.000001
0.000022
0.002464
0.002109
0.003206
0.000110
0.000270
0.000821
0.000743
0.000715
0.001109
0.001794
0.003866
0.001367
-0.000093
0.003281
0.001129
0.000835
0.000138
-0.000504
-0.000600
-0.000139
0.000063
0.000050
0.000232
0.000063
0.000214
0.000426
0.000534
0.000982
0.002822
0.001324
0.001309
0.000245
0.000014
0.000024
0.000032
0.000037
0.000036
0.000031
0.000030
0.000035
0.000037
0.000036
0.000033
0.000037
0.000036
0.000032
0.000031
0.000029
0.000026
0.000028
0.000031
0.000035
0.000035
0.000034
0.000038
0.000038
0.000041
0.000031
-0.000014
-0.000008
-0.000005
-0.000010
-0.000008
-0.000006
-0.000004
-0.000005
-0.000004
-0.000002
-0.000004
-0.000003
-0.000003
-0.000004
0.000012
0.000458
0.000455
0.001221
0.000188
0.000472
0.000543
0.000456
0.000494
0.000687
0.001043
0.001706
0.002012
0.000336
0.004945
0.004119
0.001947
-0.000064
-0.000618
-0.000544
0.000449
-0.000130
-0.000236
-0.000036
0.000162
0.000346
0.000430
0.000559
-0.000039
-0.000153
0.000564
0.000395
0.000550
0.001171
0.000190
0.000028
0.000035
0.000029
0.000026
0.000030
0.000030
0.000030
0.000029
0.000029
0.000043
0.000035
0.000031
0.000033
0.000031
0.000029
0.000030
0.000036
0.000045
0.000041
0.000041
0.000044
0.000039
0.000036
0.000022
-0.000010
-0.000009
-0.000009
-0.000012
-0.000009
-0.000008
-0.000007
-0.000011
-0.000011
-0.000013
-0.000011
-0.000008
-0.000010
-0.000007
-0.000005
0.000002
-0.000006
0.000017
0.000044
-0.000025
-0.000007
0.000098
0.000222
0.000161
0.000267
0.000295
0.000179
-0.000470
-0.001188
0.000764
0.001287
-0.002337
-0.003841
0.000133
-0.000056
-0.000566
0.000799
0.001501
0.001394
0.001708
0.002539
0.006108
0.000661
-0.000333
0.000304
0.000421
0.001200
0.001624
0.001637
0.000145
0.000032
0.000030
0.000029
0.000031
0.000032
0.000036
0.000033
0.000034
0.000033
0.000027
0.000027
0.000030
0.000030
0.000032
0.000042
0.000040
0.000050
0.000055
0.000040
0.000034
0.000030
0.000028
0.000027
-0.000012
-0.000013
-0.000009
-0.000014
-0.000008
-0.000007
-0.000011
-0.000011
-0.000014
-0.000013
-0.000008
-0.000013
-0.000012
-0.000006
-0.000008
-0.000007
-0.000009
-0.000014
-0.000019
-0.000023
-0.000024
-0.000041
0.000115
0.002793
0.001805
-0.000750
-0.001767
-0.002299
-0.002193
-0.004773
-0.003656
-0.003290
-0.003496
-0.001936
-0.000563
-0.001604
0.000293
0.002023
0.001762
0.001640
0.003332
0.002587
0.002455
0.002781
0.002053
0.001437
0.000260
0.001594
0.001638
0.001082
-0.000239
0.000030
0.000030
0.000030
0.000031
0.000033
0.000031
0.000033
0.000026
0.000027
0.000028
0.000032
0.000035
0.000034
0.000036
0.000036
0.000045
0.000037
0.000030
0.000027
0.000029
0.000035
0.000033
-0.000015
-0.000013
-0.000014
-0.000018
-0.000013
-0.000012
-0.000008
-0.000011
-0.000014
-0.000011
-0.000010
-0.000008
-0.000013
-0.000008
-0.000008
-0.000012
-0.000011
-0.000014
-0.000020
-0.000027
0.000001
0.000949
0.000923
0.001417
0.001511
-0.000120
-0.001236
-0.001939
-0.002685
-0.003921
-0.004354
-0.004157
-0.003774
-0.001471
-0.000858
-0.000363
-0.001121
0.000543
0.001213
0.000180
0.001788
0.002800
0.002191
0.002481
0.005426
0.001383
0.000568
-0.000409
0.000943
0.000923
-0.001608
-0.000492
0.000030
0.000032
0.000035
0.000036
0.000030
0.000026
0.000031
0.000034
0.000036
0.000037
0.000046
0.000049
0.000035
0.000036
0.000036
0.000032
0.000034
0.000027
0.000033
0.000048
0.000032
-0.000011
-0.000013
-0.000017
-0.000014
-0.000011
-0.000010
-0.000010
-0.000011
-0.000013
-0.000009
-0.000011
-0.000011
-0.000012
-0.000011
-0.000013
-0.000010
-0.000013
-0.000017
-0.000032
-0.000054
0.000348
0.000714
0.000593
0.000620
0.000938
-0.000237
-0.001048
-0.001342
-0.002075
-0.002877
-0.002875
-0.003094
-0.002245
-0.001554
0.000431
0.000463
-0.000258
-0.000860
-0.000928
0.001392
0.001423
-0.000248
0.000236
0.002314
0.004068
0.004553
-0.000419
0.000097
0.000276
-0.000963
-0.006685
-0.010967
0.000107
0.000029
0.000030
0.000033
0.000026
0.000032
0.000039
0.000039
0.000025
0.000034
0.000043
0.000038
0.000036
0.000031
0.000029
0.000030
0.000044
0.000049
0.000034
0.000030
0.000032
-0.000011
-0.000014
-0.000011
-0.000017
-0.000015
-0.000012
-0.000011
-0.000011
-0.000014
-0.000011
-0.000011
-0.000015
-0.000011
-0.000010
-0.000012
-0.000017
-0.000015
-0.000040
-0.000051
-0.000055
0.000094
0.000608
0.000568
0.000519
0.000323
-0.000245
-0.000779
-0.002042
-0.002739
-0.002729
-0.002804
-0.001777
-0.000657
0.000387
0.000538
0.000185
-0.001089
-0.000192
-0.001429
-0.001618
-0.001684
0.001573
0.000425
0.000342
0.000679
-0.000576
-0.000559
0.000311
-0.000253
-0.006444
-0.011868
-0.008842
-0.009653
0.000289
0.000005
0.000028
0.000030
0.000031
0.000037
0.000027
0.000020
0.000035
0.000032
0.000035
0.000037
0.000034
0.000031
0.000029
0.000042
0.000027
0.000027
0.000031
0.000034
-0.000013
-0.000014
-0.000015
-0.000020
-0.000012
-0.000012
-0.000013
-0.000015
-0.000015
-0.000014
-0.000011
-0.000013
-0.000014
-0.000016
-0.000020
-0.000025
-0.000032
-0.000040
-0.000043
-0.000048
-0.000045
0.000231
0.000509
0.000447
0.000238
-0.000654
-0.000102
-0.000352
-0.002003
-0.004371
-0.003712
-0.001024
-0.000125
0.000713
0.001406
0.000102
-0.000359
-0.000302
-0.000906
-0.001298
-0.002373
-0.002796
-0.002484
-0.002345
-0.002003
-0.000316
-0.000933
0.000618
-0.003047
-0.009470
-0.010237
-0.007666
-0.004527
-0.000992
0.000043
0.000049
0.000025
0.000031
0.000036
0.000019
0.000031
0.000032
0.000033
0.000039
0.000038
0.000028
0.000027
0.000032
0.000027
0.000021
0.000028
0.000031
0.000032
-0.000014
-0.000015
-0.000015
-0.000014
-0.000013
-0.000010
-0.000012
-0.000016
-0.000011
-0.000013
-0.000012
-0.000014
-0.000016
-0.000019
-0.000038
-0.000035
-0.000038
-0.000039
-0.000045
-0.000050
-0.000051
-0.000025
0.000187
0.000448
-0.000058
-0.000940
0.000299
-0.000279
-0.000891
-0.004404
-0.004343
-0.002589
-0.000068
0.000232
0.001155
0.000568
-0.000059
-0.000986
-0.001600
-0.002153
-0.002496
-0.002657
-0.002406
-0.002007
-0.001713
-0.001683
-0.000026
-0.002036
-0.006439
-0.007832
-0.005872
-0.004686
-0.001165
0.001995
0.001283
0.000885
-0.000011
-0.000103
0.000032
0.000028
0.000033
0.000033
0.000038
0.000041
0.000014
0.000021
0.000030
0.000027
0.000029
0.000026
0.000026
0.000029
0.000029
-0.000012
-0.000016
-0.000017
-0.000011
-0.000015
-0.000022
-0.000007
-0.000002
-0.000009
-0.000016
-0.000016
-0.000016
-0.000041
-0.000036
-0.000030
-0.000036
-0.000033
-0.000038
-0.000045
-0.000052
-0.000056
-0.000063
0.000016
0.000351
0.000029
-0.000152
0.000265
-0.000252
-0.000526
-0.003885
-0.004730
-0.001972
-0.000795
-0.000072
0.000159
0.000100
-0.000774
-0.001353
-0.001702
-0.002249
-0.002303
-0.002001
-0.001977
-0.001877
-0.001792
-0.001823
-0.001402
0.000244
-0.003283
-0.003313
-0.002495
0.000317
0.008500
0.006754
0.001877
0.000951
-0.000146
-0.000351
0.000016
0.000020
0.000016
0.000023
0.000030
0.000029
-0.000055
0.000030
0.000030
0.000029
0.000028
0.000026
0.000025
0.000026
0.000028
-0.000015
-0.000013
-0.000019
-0.000016
-0.000013
-0.000007
-0.000002
-0.000004
-0.000007
-0.000004
-0.000004
-0.000025
-0.000052
-0.000042
-0.000043
-0.000039
-0.000042
-0.000046
-0.000048
-0.000057
-0.000061
-0.000032
-0.000029
-0.000065
-0.000119
-0.000213
-0.000055
-0.000037
0.000066
-0.003457
-0.003238
-0.003000
-0.002518
-0.001588
-0.000972
-0.000761
-0.000832
-0.001971
-0.002106
-0.002278
-0.002294
-0.002528
-0.002998
-0.002784
-0.002593
-0.002336
-0.002119
-0.002338
-0.000454
-0.001034
0.000412
0.004032
0.011367
0.007603
0.003700
0.003747
0.002602
0.001512
0.002922
0.001559
0.000720
0.000005
-0.000002
0.000033
0.000032
0.000030
0.000031
0.000027
0.000026
0.000025
0.000026
0.000028
0.000027
-0.000013
-0.000013
-0.000018
-0.000016
-0.000012
-0.000007
-0.000010
-0.000009
-0.000011
-0.000009
-0.000010
-0.000008
0.000002
-0.000003
-0.000008
-0.000017
-0.000040
-0.000014
-0.000021
-0.000026
-0.000035
-0.000039
-0.000009
-0.000005
-0.000005
0.000000
-0.000000
0.000003
0.000009
-0.000105
-0.000040
-0.004291
-0.004234
-0.001905
-0.002249
-0.001570
-0.001323
-0.002409
-0.002509
-0.002645
-0.002809
-0.002780
-0.004090
-0.004881
-0.005722
-0.006938
-0.005396
-0.004179
-0.004723
-0.000229
0.007405
0.014560
0.014438
0.007528
0.005897
0.009958
0.007289
0.005377
0.006635
0.001022
0.000903
0.001131
0.000492
0.000005
0.000012
0.000019
0.000028
0.000021
0.000025
0.000027
0.000030
0.000045
0.000023
-0.000008
-0.000011
-0.000016
-0.000005
-0.000008
-0.000013
-0.000016
-0.000006
-0.000006
-0.000004
-0.000005
-0.000014
-0.000013
-0.000009
-0.000016
-0.000019
-0.000009
-0.000011
-0.000010
-0.000013
-0.000028
-0.000036
-0.000006
-0.000004
-0.000005
-0.000002
-0.000001
-0.000001
0.000001
0.000001
0.000007
-0.000587
-0.000496
-0.000304
-0.000143
-0.000041
-0.000018
-0.001902
-0.002193
-0.002521
-0.003417
-0.003502
-0.005340
-0.007894
-0.010384
-0.015032
-0.010068
-0.005330
-0.003809
-0.005781
0.004453
0.016567
0.007506
0.007508
0.004030
0.003160
0.007305
0.001715
0.000145
0.000102
0.000140
0.000070
0.000030
0.000023
0.000021
0.000020
0.000020
0.000020
0.000022
0.000026
0.000032
0.000023
0.000018
-0.000007
-0.000011
-0.000012
-0.000005
-0.000010
-0.000013
-0.000012
-0.000002
-0.000001
0.000001
0.000003
-0.000006
-0.000009
-0.000010
-0.000014
-0.000019
-0.000010
-0.000005
-0.000009
-0.000007
-0.000007
-0.000002
-0.000004
-0.000003
-0.000004
-0.000000
0.000001
-0.000001
-0.000000
-0.000001
-0.000014
-0.000000
-0.000002
-0.000003
-0.000002
-0.000002
-0.000003
-0.000039
-0.000060
-0.000086
-0.000192
-0.000060
-0.000319
-0.000174
-0.005621
-0.006976
-0.005700
-0.005823
-0.005863
-0.006061
-0.005676
-0.000156
-0.001711
-0.001020
-0.001431
-0.001154
0.000365
0.000155
0.000021
0.000018
0.000020
0.000013
0.000013
0.000016
0.000019
0.000019
0.000019
0.000020
0.000021
0.000020
0.000022
0.000020
0.000015
-0.000006
-0.000011
-0.000013
-0.000013
-0.000006
-0.000002
0.000002
0.000001
-0.000003
-0.000001
0.000001
-0.000007
-0.000002
-0.000001
-0.000007
-0.000009
-0.000010
-0.000003
-0.000005
-0.000009
-0.000007
-0.000004
-0.000005
-0.000005
-0.000006
-0.000002
-0.000001
-0.000001
-0.000001
0.000000
-0.000001
0.000000
-0.000001
-0.000002
-0.000003
-0.000005
-0.000024
-0.000006
-0.000003
-0.000003
-0.000003
-0.000004
-0.000025
-0.000090
0.000152
-0.002738
-0.004745
-0.005155
-0.005885
-0.004914
-0.004236
-0.000781
0.000227
0.000331
0.000262
0.000106
0.000034
0.000020
0.000014
0.000013
0.000016
0.000012
0.000016
0.000023
0.000024
0.000020
0.000018
0.000018
0.000019
0.000017
0.000015
0.000019
0.000018
-0.000002
-0.000002
-0.000003
-0.000004
-0.000000
-0.000002
-0.000002
-0.000001
-0.000002
-0.000000
0.000002
0.000004
0.000003
-0.000001
-0.000020
-0.000030
-0.000005
-0.000005
-0.000009
-0.000004
-0.000006
-0.000001
-0.000002
-0.000005
-0.000006
-0.000002
0.000001
-0.000006
0.000001
0.000001
-0.000000
0.000002
0.000001
0.000000
-0.000002
-0.000006
-0.000012
-0.000002
-0.000002
-0.000003
-0.000006
-0.000015
-0.000019
-0.000059
-0.000004
0.000104
-0.004758
-0.005005
-0.003730
-0.003251
-0.001481
-0.001121
-0.000058
0.000008
0.000028
0.000020
0.000022
0.000015
0.000014
0.000015
0.000017
0.000016
0.000021
0.000029
0.000027
0.000024
0.000019
0.000019
0.000018
0.000016
0.000018
0.000019
0.000032
-0.000004
-0.000002
-0.000004
0.000001
-0.000003
-0.000004
-0.000003
-0.000002
-0.000004
0.000000
0.000001
0.000002
0.000004
-0.000001
-0.000005
-0.000011
-0.000009
-0.000012
-0.000008
-0.000002
-0.000001
-0.000000
-0.000000
-0.000004
-0.000006
-0.000004
-0.000000
-0.000001
-0.000000
0.000001
0.000000
0.000001
0.000001
-0.000001
-0.000005
-0.000002
-0.000002
-0.000002
-0.000002
-0.000003
-0.000005
-0.000013
-0.000016
-0.000003
-0.000003
-0.000002
-0.000270
-0.003438
-0.002885
-0.002452
-0.001431
-0.000166
0.000368
-0.000146
-0.000012
0.000016
0.000026
0.000022
0.000012
0.000012
0.000016
0.000023
0.000029
0.000030
0.000010
0.000016
0.000020
0.000025
0.000020
0.000017
0.000018
0.000027
0.000029
-0.000003
-0.000004
-0.000002
-0.000001
0.000002
-0.000000
-0.000003
-0.000002
-0.000001
-0.000002
-0.000001
0.000000
0.000003
0.000003
-0.000003
-0.000004
-0.000008
-0.000011
-0.000009
-0.000006
-0.000006
-0.000003
-0.000003
-0.000007
-0.000009
-0.000004
-0.000001
0.000000
0.000001
-0.000001
0.000000
-0.000001
0.000001
-0.000001
-0.000002
-0.000003
-0.000002
-0.000002
-0.000002
-0.000002
-0.000002
-0.000003
-0.000004
-0.000002
-0.000003
-0.000002
-0.000002
-0.000525
-0.002766
-0.001914
0.000066
0.000354
0.000237
-0.000043
-0.000019
-0.000008
0.000012
0.000009
0.000008
0.000008
0.000012
0.000020
0.000030
0.000024
-0.000037
0.000016
0.000023
0.000022
0.000021
0.000020
0.000020
0.000026
0.000032
-0.000005
-0.000001
0.000001
-0.000000
0.000000
-0.000002
-0.000002
-0.000001
-0.000001
-0.000001
0.000001
0.000001
0.000003
0.000003
0.000001
-0.000001
-0.000003
-0.000008
-0.000008
-0.000005
-0.000008
-0.000006
-0.000003
-0.000010
-0.000009
-0.000009
-0.000008
-0.000004
-0.000003
-0.000001
-0.000001
0.000001
0.000000
-0.000000
-0.000001
-0.000002
-0.000001
-0.000002
-0.000002
-0.000002
-0.000003
-0.000003
-0.000002
-0.000001
-0.000002
-0.000000
-0.000001
0.000001
-0.000239
-0.000115
0.000458
0.000456
0.000112
-0.000010
0.000006
0.000009
0.000010
0.000010
0.000010
0.000012
0.000014
0.000016
0.000024
0.000019
0.000017
0.000019
0.000019
0.000018
0.000021
0.000023
0.000027
0.000026
0.000024
-0.000001
-0.000002
-0.000002
-0.000001
-0.000000
0.000001
0.000001
0.000001
0.000002
0.000000
0.000001
0.000002
0.000002
0.000002
-0.000003
-0.000002
-0.000002
-0.000007
-0.000006
-0.000003
-0.000004
-0.000005
-0.000003
-0.000003
-0.000006
-0.000020
-0.000004
-0.000004
-0.000002
-0.000003
-0.000001
-0.000001
-0.000002
-0.000003
-0.000001
-0.000002
-0.000002
-0.000002
-0.000002
-0.000002
-0.000002
-0.000002
-0.000001
-0.000002
-0.000002
-0.000001
-0.000002
-0.000002
0.000001
0.000009
0.000041
0.000446
0.000166
-0.000052
0.000000
0.000007
0.000009
0.000010
0.000011
0.000014
0.000012
0.000016
0.000019
0.000017
0.000019
0.000019
0.000016
0.000017
0.000021
0.000028
0.000025
0.000022
0.000021
-0.000002
-0.000003
-0.000003
-0.000001
0.000001
0.000001
0.000002
0.000002
0.000002
0.000002
0.000003
0.000003
-0.000001
-0.000004
-0.000006
-0.000004
-0.000002
-0.000004
-0.000005
-0.000001
-0.000003
-0.000004
-0.000007
-0.000008
-0.000008
-0.000008
-0.000003
-0.000002
-0.000003
-0.000001
-0.000001
-0.000001
-0.000002
-0.000002
-0.000000
-0.000003
-0.000003
-0.000002
-0.000001
-0.000001
-0.000003
-0.000021
-0.000001
-0.000001
-0.000002
-0.000000
-0.000001
-0.000001
-0.000001
0.000003
0.000005
0.000030
0.000170
-0.000061
0.000002
0.000007
0.000008
0.000009
0.000011
0.000012
0.000011
0.000013
0.000015
0.000018
0.000018
0.000016
0.000015
0.000018
0.000022
0.000022
0.000021
0.000023
0.000022
-0.000002
-0.000003
-0.000002
0.000000
0.000001
0.000003
0.000003
0.000002
0.000002
0.000002
0.000003
0.000002
0.000000
-0.000003
-0.000005
-0.000003
-0.000000
-0.000003
-0.000002
-0.000001
-0.000000
-0.000001
-0.000005
-0.000003
-0.000004
-0.000000
0.000000
0.000001
-0.000002
-0.000000
-0.000002
-0.000001
-0.000001
-0.000001
-0.000002
-0.000004
-0.000017
-0.000004
-0.000001
-0.000005
-0.000001
-0.000000
-0.000000
-0.000002
-0.000002
-0.000002
-0.000001
-0.000001
0.000002
0.000004
0.000002
0.000005
0.000011
0.000020
0.000009
0.000007
0.000007
0.000007
0.000009
0.000011
0.000014
0.000013
0.000014
0.000014
0.000016
0.000017
0.000016
0.000018
0.000020
0.000019
0.000019
0.000021
0.000020
