0.000154
0.000100
0.000107
0.000632
0.000118
0.000101
0.000033
0.000438
0.000028
0.000099
0.000114
-0.000603
0.000238
0.000226
0.000173
0.000154
0.000140
0.000149
0.000157
0.000150
0.000150
0.000188
0.000186
0.000168
0.000167
0.000163
0.000156
0.000145
0.000129
0.000140
0.000122
0.000116
0.000141
0.000126
0.000122
0.000113
0.000111
0.000124
0.000147
0.000143
0.000173
0.000205
0.000215
0.000216
0.000240
0.000199
0.000193
0.000225
0.000227
0.000231
0.000182
0.000192
0.000202
0.000217
0.000197
0.000193
0.000227
0.000181
0.000151
0.000163
0.000153
0.000177
0.000174
0.000160
0.000139
0.000082
-0.001158
0.000053
0.000088
0.000108
0.000061
0.000126
0.000195
0.000116
0.000128
0.000127
0.000107
0.000142
0.000143
0.000140
0.000146
0.000121
0.000150
0.000186
0.000138
0.000198
0.000192
0.000190
0.000149
0.000157
0.000159
0.000142
0.000142
0.000123
0.000150
0.000157
0.000149
0.000139
0.000165
0.000162
0.000139
0.000115
0.000142
0.000144
0.000123
0.000130
0.000133
0.000132
0.000140
0.000128
0.000146
0.000160
0.000169
0.000198
0.000221
0.000235
0.000239
0.000267
0.000276
0.000234
0.000246
0.000257
0.000255
0.000229
0.000185
0.000192
0.000202
0.000171
0.000194
0.000206
0.000199
0.000178
0.000165
0.000195
0.000176
0.000207
0.000180
0.000211
0.000189
0.000218
0.000220
0.000175
0.000151
0.000147
0.000085
0.000171
0.000114
0.000139
0.000104
0.000068
0.000133
0.000139
0.000134
0.000112
0.000135
0.000122
0.000162
0.000195
0.000174
0.000157
0.000144
0.000141
0.000152
0.000162
0.000161
0.000159
0.000151
0.000138
0.000142
0.000133
0.000132
0.000154
0.000149
0.000137
0.000137
0.000133
0.000131
0.000115
0.000121
0.000132
0.000144
0.000150
0.000156
0.000159
0.000160
0.000187
0.000198
0.000221
0.000234
0.000260
0.000294
0.000269
0.000267
0.000253
0.000290
0.000254
0.000260
0.000214
0.000199
0.000196
0.000188
0.000182
0.000191
0.000218
0.000156
0.000150
0.000166
0.000167
0.000209
0.000252
0.000235
0.000160
0.000193
0.000202
0.000153
0.000156
0.000129
0.000132
0.000201
0.000107
0.000139
0.000118
0.000084
0.000077
0.000108
0.000142
0.000127
0.000131
0.000150
0.000193
0.000193
0.000160
0.000179
0.000144
0.000130
0.000138
0.000158
0.000145
0.000127
0.000128
0.000115
0.000134
0.000132
0.000116
0.000128
0.000130
0.000128
0.000141
0.000148
0.000138
0.000123
0.000125
0.000137
0.000148
0.000155
0.000162
0.000151
0.000141
0.000150
0.000189
0.000247
0.000292
0.000340
0.000244
0.000258
0.000252
0.000214
0.000257
0.000251
0.000251
0.000161
0.000139
0.000166
0.000201
0.000187
0.000199
0.000215
0.000183
0.000161
0.000158
0.000149
0.000192
0.000207
0.000217
0.000119
0.000171
0.000162
0.000129
0.000137
0.000156
0.000137
0.000162
0.000137
0.000164
0.000167
0.000108
0.000131
0.000130
0.000156
0.000146
0.000147
0.000147
0.000166
0.000193
0.000160
0.000176
0.000154
0.000146
0.000136
0.000126
0.000127
0.000131
0.000136
0.000134
0.000128
0.000115
0.000115
0.000119
0.000121
0.000130
0.000134
0.000145
0.000132
0.000096
0.000102
0.000139
0.000154
0.000160
0.000145
0.000139
0.000134
0.000119
0.000197
0.000180
0.000216
0.000266
0.000318
0.000227
0.000211
0.000217
0.000185
0.000168
0.000173
0.000160
0.000146
0.000196
0.000209
0.000190
0.000180
0.000220
0.000160
0.000208
0.000168
0.000167
0.000217
0.000221
0.000155
0.000142
0.000124
0.000156
0.000121
0.000122
0.000166
0.000150
-0.002169
0.000145
0.000143
0.000160
0.000129
0.000126
0.000125
0.000129
0.000122
0.000164
0.000151
0.000142
0.000122
0.000143
0.000162
0.000143
0.000134
0.000124
0.000135
0.000143
0.000137
0.000146
0.000142
0.000121
0.000113
0.000124
0.000128
0.000129
0.000130
0.000141
0.000150
0.000146
0.000126
0.000118
0.000139
0.000146
0.000139
0.000128
0.000116
0.000115
0.000105
0.000142
0.000197
0.000180
0.000249
0.000299
0.000269
0.000245
0.000206
0.000131
0.000167
0.000214
0.000224
0.000206
0.000188
0.000195
0.000208
0.000201
0.000226
0.000229
0.000185
0.000191
0.000168
0.000174
0.000166
0.000133
0.000173
0.000107
0.000127
0.000154
0.000148
0.000171
0.000152
0.000173
0.000174
0.000148
0.000144
0.000134
0.000127
0.000138
0.000135
0.000155
0.000149
0.000168
0.000106
0.000119
0.000152
0.000125
0.000158
0.000150
0.000123
0.000129
0.000133
0.000136
0.000140
0.000133
0.000134
0.000129
0.000127
0.000128
0.000126
0.000124
0.000138
0.000135
0.000135
0.000140
0.000139
0.000141
0.000137
0.000130
0.000141
0.000118
0.000083
0.000089
0.000137
0.000198
0.000220
0.000229
0.000305
0.000251
0.000224
0.000225
0.000203
0.000186
0.000225
0.000213
0.000217
0.000137
0.000204
0.000217
0.000195
0.000212
0.000239
0.000232
0.000215
0.000171
0.000163
0.000254
0.000183
0.000168
0.000123
0.000121
0.000130
0.000133
0.000162
0.000188
0.000147
0.000150
0.000149
0.000142
0.000127
0.000118
0.000108
0.000132
0.000155
0.000172
0.000128
0.000105
0.000151
0.000125
0.000129
0.000131
0.000152
0.000135
0.000134
0.000143
0.000132
0.000144
0.000135
0.000134
0.000132
0.000127
0.000126
0.000138
0.000127
0.000120
0.000131
0.000134
0.000144
0.000143
0.000153
0.000145
0.000138
0.000139
0.000104
0.000073
0.000077
0.000110
0.000172
0.000195
0.000247
0.000274
0.000282
0.000243
0.000247
0.000232
0.000244
0.000254
0.000212
0.000218
0.000202
0.000180
0.000170
0.000190
0.000200
0.000231
0.000225
0.000194
0.000175
0.000139
0.000179
0.000182
0.000169
0.000147
0.000113
0.000144
0.000158
0.000164
0.000148
0.000083
0.000160
0.000148
0.000150
0.000140
0.000097
0.000127
0.000118
0.000155
0.000157
0.000151
0.000116
0.000107
0.000116
0.000144
0.000134
0.000136
0.000155
0.000142
0.000124
0.000127
0.000142
0.000139
0.000125
0.000121
0.000128
0.000150
0.000138
0.000130
0.000135
0.000133
0.000128
0.000139
0.000147
0.000149
0.000152
0.000130
0.000120
0.000115
0.000106
0.000081
0.000100
0.000143
0.000163
0.000235
0.000283
0.000285
0.000289
0.000228
0.000239
0.000223
0.000250
0.000221
0.000214
0.000175
0.000142
0.000171
0.000217
0.000228
0.000224
0.000215
0.000174
0.000145
0.000155
0.000165
0.000168
0.000201
0.000165
0.000171
0.000119
0.000138
0.000131
0.000123
0.001326
0.000147
0.000153
0.000151
0.000146
0.000127
0.000122
0.000124
0.000114
0.000125
0.000127
0.000117
0.000113
0.000124
0.000121
0.000112
0.000136
0.000140
0.000114
0.000095
0.000111
0.000133
0.000131
0.000134
0.000139
0.000139
0.000168
0.000150
0.000143
0.000133
0.000128
0.000122
0.000121
0.000134
0.000149
0.000143
0.000133
0.000125
0.000121
0.000095
0.000073
0.000094
0.000126
0.000155
0.000245
0.000298
0.000284
0.000294
0.000258
0.000245
0.000248
0.000232
0.000240
0.000248
0.000148
0.000166
0.000199
0.000245
0.000231
0.000231
0.000213
0.000203
0.000191
0.000198
0.000149
0.000162
0.000191
0.000167
0.000175
0.000158
0.000173
0.000134
0.000151
0.000113
0.000139
0.000091
0.000154
0.000115
0.000100
0.000125
0.000103
0.000087
0.000100
0.000106
0.000125
0.000119
0.000113
0.000063
0.000067
0.000139
0.000132
0.000104
0.000076
0.000112
0.000118
0.000132
0.000149
0.000150
0.000171
0.000183
0.000171
0.000167
0.000148
0.000131
0.000120
0.000130
0.000157
0.000159
0.000135
0.000137
0.000124
0.000110
0.000095
0.000079
0.000077
0.000108
0.000138
0.000205
0.000288
0.000317
0.000304
0.000264
0.000229
0.000212
0.000190
0.000226
0.000254
0.000177
0.000207
0.000204
0.000236
0.000227
0.000241
0.000228
0.000249
0.000208
0.000189
0.000189
0.000176
0.000182
0.000194
0.000230
0.000165
0.000179
0.000182
0.000185
0.000143
0.000115
0.000085
0.000101
0.000115
0.000059
0.000113
0.000121
0.000109
0.000111
0.000103
0.000116
0.000111
0.000096
0.000046
0.000075
0.000127
0.000125
0.000105
0.000105
0.000121
0.000136
0.000136
0.000133
0.000149
0.000161
0.000173
0.000160
0.000168
0.000152
0.000117
0.000131
0.000126
0.000154
0.000158
0.000130
0.000132
0.000131
0.000124
0.000104
0.000073
0.000058
0.000070
0.000107
0.000185
0.000247
0.000317
0.000293
0.000287
0.000263
0.000236
0.000218
0.000219
0.000211
0.000214
0.000225
0.000212
0.000229
0.000227
0.000238
0.000241
0.000248
0.000225
0.000237
0.000189
0.000194
0.000197
0.000231
0.000217
0.000185
0.000184
0.000189
0.000163
0.000181
0.000133
0.000092
0.000106
0.000117
0.000109
0.000117
0.000121
0.000123
0.000105
0.000110
0.000102
0.000099
0.000097
0.000091
0.000098
0.000110
0.000125
0.000141
0.000144
0.000146
0.000143
0.000142
0.000121
0.000119
0.000139
0.000157
0.000154
0.000168
0.000165
0.000159
0.000144
0.000148
0.000147
0.000146
0.000134
0.000132
0.000138
0.000114
0.000081
0.000045
0.000012
0.000027
0.000052
0.000117
0.000204
0.000263
0.000306
0.000289
0.000259
0.000209
0.000180
0.000205
0.000232
0.000232
0.000270
0.000227
0.000224
0.000252
0.000274
0.000270
0.000253
0.000237
0.000235
0.000203
0.000238
0.000222
0.000214
0.000219
0.000169
0.000193
0.000188
0.000190
0.000725
0.000133
0.000109
0.000121
0.000143
0.000135
0.000117
0.000126
0.000111
0.000098
0.000105
0.000094
0.000093
0.000082
0.000097
0.000093
0.000116
0.000117
0.000128
0.000148
0.000155
0.000151
0.000109
-0.000867
-0.003226
-0.001640
-0.002345
-0.000615
-0.000115
-0.000067
0.000116
0.000184
0.000172
0.000157
0.000150
0.000143
0.000146
0.000144
0.000105
0.000075
0.000006
-0.000076
-0.000066
0.000008
0.000087
0.000151
0.000220
0.000298
0.000288
0.000257
0.000226
0.000208
0.000230
0.000260
0.000232
0.000243
0.000202
0.000186
0.000295
0.000274
0.000284
0.000244
0.000245
0.000236
0.000205
0.000219
0.000254
0.000242
0.000216
0.000127
0.000209
0.000158
0.000202
0.000112
0.000139
0.000124
0.000106
0.000139
0.000122
0.000105
0.000101
0.000115
0.000096
0.000093
0.000107
0.000106
0.000087
0.000098
0.000085
0.000105
0.000129
0.000135
0.000142
0.000149
0.000007
-0.002263
-0.007307
-0.013647
-0.015247
-0.015890
-0.016920
-0.016807
-0.008692
-0.003486
-0.001548
0.000209
0.000156
0.000150
0.000147
0.000161
0.000166
0.000132
0.000047
-0.000101
-0.000158
-0.000234
-0.000087
0.000064
0.000148
0.000247
0.000294
0.000318
0.000323
0.000245
0.000189
0.000197
0.000238
0.000256
0.000249
0.000229
0.000265
0.000322
0.000290
0.000296
0.000267
0.000243
0.000235
0.000237
0.000234
0.000242
0.000238
0.000269
0.000292
0.000252
0.000193
0.000209
0.000118
0.000142
0.000110
0.000083
0.000125
0.000121
0.000092
0.000096
0.000087
0.000093
0.000096
0.000095
0.000098
0.000091
0.000086
0.000079
0.000093
0.000138
0.000147
0.000153
-0.000163
-0.001958
-0.002899
-0.003130
-0.008716
-0.014171
-0.011429
-0.012075
-0.015128
-0.032862
-0.012366
-0.009998
-0.000165
0.000158
0.000148
0.000144
0.000157
0.000164
0.000127
0.000052
-0.000125
-0.000365
-0.000476
-0.000236
0.000025
0.000177
0.000258
0.000271
0.000320
0.000315
0.000281
0.000241
0.000230
0.000246
0.000247
0.000278
0.000250
0.000214
0.000307
0.000306
0.000291
0.000251
0.000226
0.000254
0.000258
0.000249
0.000247
0.000256
0.000318
0.000302
0.000296
0.000265
0.000237
0.000077
0.000138
0.000118
0.000110
0.000128
0.000112
0.000093
0.000085
0.000070
0.000070
0.000078
0.000089
0.000092
0.000093
0.000093
0.000084
0.000088
0.000118
-0.000042
-0.000052
-0.002561
-0.002207
-0.005744
-0.010225
-0.006054
-0.005472
-0.008826
-0.008624
-0.013242
-0.011677
0.000286
0.000042
0.000167
0.000167
0.000156
0.000148
0.000156
0.000161
0.000119
0.000060
-0.000069
-0.000325
-0.000589
-0.000224
0.000028
0.000180
0.000167
0.000258
0.000334
0.000361
0.000312
0.000243
0.000230
0.000256
0.000203
0.000226
0.000262
0.000224
0.000285
0.000311
0.000309
0.000291
0.000192
0.000218
0.000211
0.000220
0.000280
0.000303
0.000314
0.000327
0.000369
0.000402
0.000297
-0.001100
0.000137
0.000127
0.000123
0.000106
0.000107
0.000094
0.000079
0.000075
0.000080
0.000098
0.000087
0.000102
0.000088
0.000074
-0.000027
0.000044
-0.000257
-0.002506
-0.000214
0.000173
0.000108
-0.000091
-0.000433
-0.000136
-0.000066
0.000753
-0.002531
-0.005455
-0.001156
0.000133
0.000140
0.000148
0.000161
0.000197
0.000355
0.000459
0.000390
0.000196
0.000099
0.000013
-0.000089
-0.000217
-0.000049
0.000134
0.000193
0.000177
0.000245
0.000329
0.000340
0.000302
0.000245
0.000287
0.000285
0.000250
0.000226
0.000260
0.000242
0.000242
0.000311
0.000318
0.000331
0.000232
0.000207
0.000199
0.000285
0.000336
0.000360
0.000271
0.000352
0.000369
0.000344
0.000313
0.000308
0.000151
0.000134
0.000120
0.000086
0.000094
0.000091
0.000089
0.000095
0.000093
0.000084
0.000095
0.000084
0.000078
-0.000018
-0.000825
0.000450
0.000564
-0.000032
0.000024
0.000143
0.000208
0.000122
0.000194
0.000438
0.000384
0.001605
0.001121
0.002028
0.001931
0.000348
0.000001
-0.000158
0.000343
0.000886
0.004042
0.006442
0.005341
0.001851
0.000381
0.000180
0.000022
-0.000011
0.000088
0.000176
0.000214
0.000186
0.000167
0.000280
0.000319
0.000334
0.000296
0.000264
0.000283
0.000278
0.000235
0.000261
0.000233
0.000214
0.000311
0.000309
0.000348
0.000204
0.000171
0.000245
0.000320
0.000368
0.000377
0.000432
0.000437
0.000362
0.000404
0.000389
0.000346
0.000140
0.000140
0.000112
0.000083
0.000093
0.000102
0.000101
0.000092
0.000079
0.000089
0.000085
0.000070
0.000132
-0.000196
-0.000142
0.000781
0.000219
0.000192
0.000154
0.000200
0.000218
0.000217
0.000346
0.000468
0.000611
0.000027
0.000161
0.001537
0.001345
0.003365
0.003207
0.004312
0.008113
0.008552
0.010939
0.011865
0.012213
0.010399
0.004562
0.001740
0.000262
0.000090
0.000146
0.000206
0.000244
0.000259
0.000185
0.000269
0.000340
0.000342
0.000328
0.000297
0.000276
0.000305
0.000221
0.000307
0.000272
0.000262
0.000353
0.000367
0.000306
0.000335
0.000343
0.000350
0.000333
0.000323
0.000350
0.000419
0.000380
0.000405
0.000460
0.000452
0.000399
0.000151
0.000142
0.000106
0.000091
0.000097
0.000094
0.000101
0.000084
0.000080
0.000079
0.000074
0.000136
0.000035
0.000513
0.002367
-0.000243
0.000044
0.000128
0.000164
0.000213
0.000263
0.000302
0.000303
0.000341
-0.000663
-0.000649
-0.001112
-0.000173
0.001660
0.005107
0.005654
0.008400
0.012759
0.012893
0.009957
0.007071
0.010128
0.014523
0.012983
0.004375
0.000425
0.000294
0.000239
0.000199
0.000261
0.000216
0.000264
0.000262
0.000324
0.000329
0.000345
0.000331
0.000294
0.000291
0.000299
0.000312
0.000347
0.000358
0.000382
0.000401
0.000417
0.000441
0.000420
0.000377
0.000323
0.000422
0.000431
0.000447
0.000462
0.000505
0.000546
0.000515
-0.000596
0.000134
0.000121
0.000099
0.000101
0.000093
0.000097
0.000098
0.000092
0.000071
0.000064
0.000080
0.000047
0.000047
0.000406
0.004455
0.000932
0.000133
0.000162
0.000211
0.000224
0.000287
0.000187
-0.000289
-0.000767
-0.000996
-0.000356
-0.001128
-0.000629
0.001385
0.001622
0.006406
0.004657
0.005813
0.005089
0.002660
0.001391
0.003644
0.007573
0.008704
0.004462
0.000286
0.002522
0.002833
0.000421
0.000229
0.000285
0.000353
0.000306
0.000344
0.000350
0.000373
0.000384
0.000333
0.000297
0.000310
0.000294
0.000387
0.000422
0.000438
0.000479
0.000469
0.000505
0.000487
0.000406
0.000452
0.000537
0.000485
0.000556
0.000569
0.000592
0.000617
0.000537
0.000487
0.000127
0.000091
0.000061
0.000093
0.000084
0.000102
0.000093
0.000093
0.000074
0.000072
0.000056
0.000052
0.000048
0.000234
0.004279
0.008460
0.001878
0.000225
0.000290
0.000204
0.000147
0.003588
0.004799
0.004022
0.003595
0.001859
0.000437
0.000607
0.000325
0.000420
0.000416
0.000892
0.000445
-0.000058
0.000880
0.000544
0.000720
0.002238
0.004633
0.005371
0.001261
0.002664
0.003613
0.000497
0.000890
0.000680
0.000284
0.000318
0.000361
0.000378
0.000349
0.000394
0.000334
0.000277
0.000319
0.000420
0.000422
0.000455
0.000450
0.000532
0.000489
0.000511
0.000527
0.000500
0.000580
0.000528
0.000633
0.000688
0.000641
0.000608
0.000531
0.000509
0.000477
0.000054
0.000063
0.000069
0.000097
0.000093
0.000095
0.000096
0.000090
0.000087
0.000071
0.000060
0.000058
0.000053
0.000104
0.002952
0.020542
0.011917
0.001282
0.000261
0.000119
0.008998
0.014621
0.016098
0.012897
0.013279
0.012531
0.005318
0.001210
0.000701
0.000654
0.000068
0.000211
-0.000153
-0.000252
0.000068
0.000542
0.000157
0.000444
0.002163
0.002221
0.001154
0.001427
0.002210
0.001873
0.001644
0.015502
0.000876
0.000365
0.000321
0.000392
0.000362
0.000420
0.000408
0.000321
0.000409
0.000471
0.000503
0.000516
0.000500
0.000537
0.000550
0.000524
0.000511
0.000551
0.000308
0.000506
0.000667
0.000693
0.000599
0.000595
0.000507
0.000502
0.000554
0.000078
0.000038
0.000041
0.000079
0.000097
0.000081
0.000090
0.000100
0.000085
0.000072
0.000057
0.000059
0.000050
0.000038
0.001175
0.008886
0.016377
0.002778
0.003161
0.010860
0.013239
0.015796
0.022643
0.021205
0.020830
0.019122
0.010561
0.002580
0.000600
0.000542
0.000514
0.000041
-0.000243
0.000034
0.000262
0.000374
-0.000330
0.000004
0.000090
-0.000268
-0.000130
0.001872
0.001665
0.000615
0.000335
0.010486
0.006426
0.001262
0.000362
0.000400
0.000382
0.000363
0.000419
0.000357
0.000396
0.000435
0.000478
0.000520
0.000541
0.000552
0.000562
0.000528
0.000498
0.000533
0.000213
0.000156
0.000601
0.000626
0.000658
0.000650
0.000517
0.000547
0.000496
0.000126
0.000078
0.000066
0.000030
0.000106
0.000088
0.000080
0.000102
0.000089
0.000071
0.000070
0.000059
0.000060
0.000035
0.000298
0.007031
0.002701
0.007652
0.007564
0.009210
0.008608
0.011085
0.015506
0.017557
0.020827
0.022043
0.012493
0.001425
0.000169
0.000272
0.000201
-0.000749
-0.000781
0.000362
0.000764
-0.000924
-0.001189
-0.001347
-0.001041
-0.004028
-0.001687
-0.000005
-0.000472
-0.000129
-0.000740
0.000972
0.003840
-0.003058
0.000674
0.000348
0.000418
0.000415
0.000451
0.000493
0.000413
0.000462
0.000498
0.000518
0.000536
0.000600
0.000598
0.000572
0.000548
0.000569
0.000320
0.000421
0.000620
0.000658
0.000622
0.000553
0.000433
0.000450
0.000472
0.000190
0.000119
0.000082
0.000050
0.000083
0.000078
0.000047
0.000079
0.000084
0.000079
0.000066
0.000059
0.000056
0.000054
0.000071
0.000141
0.000328
0.000578
0.000475
-0.000936
0.000134
0.001462
0.005653
0.005734
0.009399
0.013926
0.006873
0.000392
0.000015
-0.000475
-0.001142
-0.004250
-0.002235
-0.002162
-0.001481
-0.001568
-0.007875
-0.004668
-0.003691
-0.005261
-0.008927
-0.010369
-0.002691
-0.002106
-0.001228
-0.000431
0.000290
-0.004741
-0.005382
0.001233
0.000339
0.000415
0.000447
0.000491
0.000484
0.000453
0.000510
0.000541
0.000560
0.000619
0.000626
0.000613
0.000637
0.000626
0.000467
0.000506
0.000650
0.000611
0.000607
0.000510
0.000494
0.000487
0.000433
0.000170
0.000173
0.000071
0.000060
0.000065
0.000072
0.000058
0.000085
0.000076
0.000071
0.000061
0.000051
0.000046
0.000048
0.000062
0.000069
0.000056
0.000051
0.000060
0.000044
0.000086
0.000425
0.000953
0.000126
-0.001733
-0.001980
-0.002288
-0.002042
-0.001887
-0.002506
-0.003876
-0.005394
-0.004754
-0.004112
-0.002943
-0.002181
-0.014586
-0.005722
-0.005549
-0.007437
-0.012014
-0.016428
-0.011942
-0.011926
-0.004263
-0.003631
-0.004070
-0.005209
-0.006392
-0.004449
0.000269
0.000482
0.000556
0.000548
0.000526
0.000540
0.000567
0.000651
0.000618
0.000611
0.000632
0.000675
0.000625
0.000606
0.000539
0.000450
0.000653
0.000580
0.000610
0.000501
0.000565
0.000494
0.000482
0.000149
0.000164
0.000137
0.000071
0.000061
0.000067
0.000044
0.000054
0.000069
0.000071
0.000060
0.000052
0.000042
0.000052
0.000062
0.000069
0.000061
0.000056
0.000046
0.000063
0.000723
0.017744
0.016785
0.008139
-0.000441
-0.002106
-0.002149
-0.002657
-0.002965
-0.002231
-0.003502
-0.005459
-0.004738
-0.004909
-0.004667
-0.004623
-0.002650
-0.012698
-0.009756
-0.008253
-0.014882
-0.017004
-0.014749
-0.016763
-0.012702
-0.006207
-0.005554
-0.005448
-0.007143
-0.007037
-0.006711
0.000488
0.000648
0.000592
0.000551
0.000603
0.000567
0.000651
0.000642
0.000660
0.000678
0.000657
0.000495
0.000635
0.000629
0.000483
0.000652
0.000607
0.000635
0.000583
0.000565
0.000427
0.000459
0.000151
0.000167
0.000165
0.000112
0.000074
0.000041
0.000050
0.000031
0.000052
0.000083
0.000068
0.000060
0.000063
0.000058
0.000067
0.000068
0.000061
0.000055
0.000062
0.000156
0.006033
0.014468
0.020984
0.015982
0.003657
-0.001595
-0.002270
-0.002729
-0.002633
-0.001457
-0.005495
-0.006240
-0.005135
-0.005051
-0.004906
-0.004789
-0.005378
-0.003186
-0.001778
-0.012786
-0.016101
-0.016627
-0.014925
-0.017135
-0.016422
-0.013053
-0.006760
-0.006761
-0.007159
-0.008485
-0.008966
-0.005350
0.000307
0.000553
0.000575
0.000402
0.000524
0.000602
0.000682
0.000657
0.000604
0.000564
0.000474
0.000605
0.000613
0.000657
0.000695
0.000696
0.000651
0.000696
0.000445
0.000347
0.000410
0.000158
0.000132
0.000147
0.000142
0.000087
0.000039
0.000027
0.000042
0.000048
0.000071
0.000068
0.000071
0.000062
0.000052
0.000054
0.000063
0.000058
0.000094
0.000073
0.000181
0.002169
0.011043
0.019172
0.020003
0.009960
-0.000338
-0.001880
-0.003267
-0.004024
-0.003088
-0.006516
-0.008679
-0.004901
-0.004341
-0.004954
-0.004821
-0.005978
-0.004442
-0.003554
-0.004416
-0.004003
-0.003868
-0.012912
-0.012205
-0.012678
-0.014752
-0.006373
-0.006877
-0.008185
-0.008580
-0.008530
-0.010040
-0.005994
0.000228
0.000547
0.000368
0.000509
0.000580
0.000568
0.000604
0.000598
0.000628
0.000510
0.000520
0.000620
0.000741
0.000729
0.000672
0.000634
0.000675
0.000647
0.000492
0.000434
0.000186
0.000132
0.000140
0.000156
0.000120
0.000072
0.000027
0.000017
0.000028
0.000034
0.000052
0.000060
0.000068
0.000067
0.000068
0.000084
0.000105
0.000059
0.000045
0.000032
-0.000092
0.007025
0.015909
0.021274
0.014682
0.002599
-0.003643
-0.003758
-0.004952
-0.004091
-0.006262
-0.008218
-0.003564
-0.003618
-0.004641
-0.004897
-0.004705
-0.004485
-0.004447
-0.005842
-0.005248
-0.006736
-0.006743
-0.006278
-0.005807
-0.006262
-0.008946
-0.005214
-0.006155
-0.007996
-0.008119
-0.009240
-0.008835
-0.005653
-0.003757
0.000410
0.000462
0.000400
0.000557
0.000557
0.000608
0.000495
0.000533
0.000655
0.000703
0.000578
0.000737
0.000751
0.000692
0.000611
0.000613
0.000476
0.000480
0.000207
0.000164
0.000118
0.000147
0.000101
0.000078
0.000023
0.000023
0.000043
0.000022
0.000043
0.000065
0.000076
0.000081
0.000110
0.000092
0.000086
0.000092
0.000059
0.000065
-0.000284
-0.000814
0.008189
0.017533
0.017662
0.009294
-0.001277
-0.003161
-0.003727
-0.003658
-0.005696
-0.009729
-0.008135
-0.003921
-0.004550
-0.005451
-0.005739
-0.005023
-0.005523
-0.005921
-0.005764
-0.007201
-0.008409
-0.007825
-0.005620
-0.003514
-0.003207
-0.003483
-0.005742
-0.007478
-0.008002
-0.008329
-0.007890
-0.006291
-0.004943
-0.002779
0.000307
0.000370
0.000462
0.000608
0.000677
0.000522
0.000699
0.000668
0.000658
0.000627
0.000593
0.000652
0.000594
0.000703
0.000614
0.000491
0.000491
0.000179
0.000175
0.000144
0.000139
0.000126
0.000180
0.000183
0.000178
0.000372
-0.000006
0.000008
0.000061
0.000149
0.000089
0.000079
0.000089
0.000092
0.000095
0.000104
0.000099
0.000089
-0.000049
0.002630
0.010568
0.017339
0.012617
0.001142
-0.003605
-0.003191
-0.003550
-0.004672
-0.007635
-0.006730
-0.003883
-0.004102
-0.005538
-0.005610
-0.005908
-0.006297
-0.006520
-0.008013
-0.007673
-0.007347
-0.006337
-0.005441
-0.003261
-0.002002
-0.003270
-0.004003
-0.007294
-0.007085
-0.006719
-0.006002
-0.005295
-0.004739
-0.004455
-0.003700
-0.002218
0.000353
0.000585
0.000579
0.000631
0.000533
0.000557
0.000594
0.000573
0.000685
0.000587
0.000730
0.000736
0.000675
0.000647
0.000639
0.000182
0.000186
0.000150
0.000158
0.000184
0.000207
0.000185
0.000159
0.000161
0.000194
0.000217
0.000316
-0.000006
0.000103
0.000097
0.000078
0.000078
0.000080
0.000076
0.000080
0.000068
0.000289
0.000284
0.000540
0.000899
0.000853
0.000583
0.001826
0.001035
-0.001122
-0.001665
-0.007702
-0.007064
-0.004685
-0.005579
-0.006637
-0.006831
-0.006646
-0.006726
-0.007148
-0.008287
-0.007448
-0.007499
-0.005929
-0.005433
-0.003745
-0.002502
-0.001201
-0.000152
-0.006001
-0.006553
-0.005774
-0.004396
-0.004288
-0.003011
-0.003231
-0.004322
-0.003408
-0.001989
-0.000733
0.000272
0.000852
0.000694
0.000520
0.000664
0.000655
0.000627
0.000648
0.000789
0.000798
0.000790
0.000701
0.000666
0.000162
0.000195
0.000160
0.000171
0.000181
0.000199
0.000183
0.000142
0.000150
0.000155
0.000179
0.000232
0.000303
0.000312
0.000328
0.000032
0.000329
0.000295
0.000257
0.000262
0.000141
0.000135
0.000137
0.000228
0.000181
0.000188
0.000220
0.000299
0.001181
0.001071
-0.000443
-0.003528
-0.005358
-0.004326
-0.005119
-0.005387
-0.006210
-0.007017
-0.007681
-0.007389
-0.007475
-0.007947
-0.007571
-0.005684
-0.005328
-0.003905
-0.002010
-0.001859
-0.001859
-0.003639
-0.006067
-0.004724
-0.002432
-0.000865
0.000132
-0.001583
-0.001408
0.000235
0.002630
0.006169
0.010744
0.011023
0.004550
0.000735
0.000608
0.000631
0.000767
0.000737
0.000760
0.000768
0.000727
0.000829
0.000691
0.000193
0.000178
0.000170
0.000133
0.000138
0.000178
0.000170
0.000157
0.000163
0.000197
0.000201
0.000227
0.000238
0.000261
0.000227
0.000176
0.000060
0.000122
0.000188
0.000178
0.000088
0.000088
0.000120
0.000202
0.000171
0.000172
0.000124
0.000137
0.000197
0.000458
0.001013
-0.001771
0.000100
0.000650
-0.000164
-0.000336
-0.000346
-0.003189
-0.004256
-0.005598
-0.005697
-0.006698
-0.006541
-0.005371
-0.005557
-0.004148
-0.002267
-0.002306
-0.002704
-0.002223
-0.003557
-0.000263
0.005188
0.005569
0.004285
0.005325
0.006142
0.009155
0.005597
0.005018
0.006090
0.004071
0.001614
0.000935
0.000743
0.000823
0.001044
0.000924
0.000865
0.000707
0.000655
0.000768
0.000590
0.000166
0.000209
0.000218
0.000152
0.000117
0.000167
0.000168
0.000085
0.000104
0.000166
0.000210
0.000258
0.000269
0.000282
0.000201
0.000211
0.000099
0.000175
0.000225
0.000194
0.000141
0.000128
0.000106
0.000142
0.000157
0.000155
0.000074
0.000093
0.000090
0.000239
0.000706
-0.000390
-0.000590
0.000008
0.000211
0.000243
0.000240
0.000035
-0.000161
-0.000079
-0.000063
-0.000027
0.000090
0.000104
-0.005041
-0.005292
-0.004549
-0.003990
-0.003842
-0.004508
-0.003825
0.005361
0.006849
0.010143
0.012507
0.009246
0.007211
0.002927
0.001045
0.001229
0.001134
0.001256
0.001240
0.001035
0.000936
0.000994
0.001066
0.001089
0.000865
0.000670
0.000662
0.000624
0.000595
0.000154
0.000208
0.000219
0.000165
0.000118
0.000115
0.000156
0.000178
0.000181
0.000173
0.000153
0.000258
0.000252
0.000241
0.000207
0.000230
0.000178
0.000178
0.000237
0.000170
0.000158
0.000160
0.000100
0.000123
0.000150
0.000153
0.000124
0.000053
0.000108
0.000033
0.000035
-0.000322
-0.000445
0.000151
0.000241
0.000246
0.000291
0.000280
0.000333
0.000382
0.000474
0.000575
0.000812
0.000856
0.001112
-0.006786
-0.007522
-0.006865
-0.005624
-0.006039
-0.006105
0.007394
0.003944
0.004565
0.006759
0.003602
0.001685
0.001176
0.000834
0.000926
0.000892
0.001214
0.001159
0.001085
0.000787
0.001041
0.001132
0.000986
0.000898
0.000767
0.000720
0.000681
0.000559
0.000206
0.000180
0.000235
0.000184
0.000112
0.000139
0.000133
0.000188
0.000132
0.000174
0.000218
0.000234
0.000237
0.000207
0.000189
0.000245
0.000235
0.000192
0.000244
0.000150
0.000182
0.000143
0.000117
0.000087
0.000152
0.000173
0.000119
0.000100
0.000102
0.000026
0.000107
0.000153
0.000184
0.000196
0.000262
0.000322
0.000363
0.000317
0.000334
0.000369
0.000369
0.000519
0.000773
0.000845
0.000816
0.002374
-0.007447
-0.006562
-0.005756
-0.005887
-0.006205
-0.004060
-0.004008
-0.001269
0.001551
0.001420
0.001156
0.001012
0.001087
0.001017
0.000913
0.001092
0.001105
0.001040
0.000733
0.000960
0.000904
0.000829
0.000895
0.000835
0.000717
0.000702
0.000565
0.000235
0.000203
0.000242
0.000225
0.000183
0.000147
0.000122
0.000216
0.000152
0.000208
0.000214
0.000224
0.000271
0.000259
0.000214
0.000224
0.000211
0.000243
0.000261
0.000182
0.000204
0.000135
0.000139
0.000148
0.000165
0.000168
0.000126
0.000132
0.000136
0.000094
0.000135
0.000158
0.000174
0.000210
0.000305
0.000336
0.000248
0.000232
0.000283
0.000275
0.000493
0.000492
0.000754
0.000842
0.000792
0.000776
0.001762
-0.004040
-0.002570
-0.000627
-0.001686
-0.001379
-0.007375
0.000419
0.001315
0.001377
0.001209
0.001123
0.001142
0.001029
0.001043
0.001011
0.001021
0.001049
0.001011
0.000842
0.000842
0.000892
0.000994
0.000809
0.000694
0.000529
0.000361
0.000222
0.000237
0.000248
0.000276
0.000258
0.000154
0.000164
0.000222
0.000208
0.000243
0.000221
0.000229
0.000302
0.000310
0.000253
0.000213
0.000214
0.000187
0.000197
0.000158
0.000183
0.000117
0.000128
0.000168
0.000171
0.000184
0.000166
0.000130
0.000189
0.000184
0.000127
0.000137
0.000138
0.000212
0.000288
0.000310
0.000313
0.000109
0.000247
0.000422
0.000491
0.000512
0.000658
0.000821
0.000867
0.000889
0.000959
0.001036
0.000836
0.002089
0.000700
0.000007
0.000456
0.001239
0.001407
0.001360
0.001179
0.001098
0.001187
0.001210
0.001207
0.001078
0.000996
0.001002
0.000766
0.000641
0.000875
0.000977
0.001003
0.001081
0.000670
0.000416
0.000399
0.000211
0.000235
0.000267
0.000270
0.000286
0.000204
0.000197
0.000220
0.000233
0.000240
0.000179
0.000171
0.000253
0.000320
0.000240
0.000206
0.000202
0.000219
0.000152
0.000147
0.000170
0.000130
0.000081
0.000110
0.000119
0.000191
0.000216
0.000204
0.000217
0.000199
0.000155
0.000168
0.000168
0.000203
0.000300
0.000289
0.000319
0.000194
0.000297
0.000448
0.000468
0.000449
0.000563
0.000827
0.000948
0.000862
0.000917
0.000950
0.000977
0.001166
0.000782
0.000943
0.001080
0.001166
0.001326
0.001301
0.001296
0.001392
0.001347
0.001363
0.001282
0.001191
0.000865
0.000803
0.000752
0.000733
0.000912
0.000952
0.000964
0.001065
0.000904
0.000511
0.000544
0.000197
0.000215
0.000236
0.000257
0.000260
0.000232
0.000238
0.000225
0.000225
0.000268
0.000205
0.000194
0.000190
0.000242
0.000220
0.000175
0.000195
0.000197
0.000119
0.000120
0.000124
0.000149
0.000102
0.000127
0.000141
0.000216
0.000237
0.000242
0.000226
0.000266
0.000294
0.000228
0.000299
0.000296
0.000284
0.000265
0.000267
0.000431
0.000329
0.000353
0.000341
0.000462
0.000603
0.000862
0.000785
0.000880
0.000934
0.000889
0.000797
0.000786
0.001024
0.001178
0.001456
0.001374
0.001327
0.001340
0.001475
0.001417
0.001429
0.001404
0.001260
0.000966
0.000792
0.000774
0.000783
0.000978
0.000921
0.000877
0.000978
0.001223
0.001086
0.000850
0.000604
0.000217
0.000202
0.000229
0.000249
0.000261
0.000175
0.000165
0.000173
0.000158
0.000261
0.000216
0.000167
0.000206
0.000201
0.000171
0.000172
0.000179
0.000145
0.000136
0.000127
0.000114
0.000151
0.000158
0.000163
0.000170
0.000153
0.000236
0.000213
0.000195
0.000233
0.000241
0.000289
0.000334
0.000251
0.000345
0.000343
0.000293
0.000139
0.000065
0.000181
0.000411
0.000441
0.000644
0.000763
0.000821
0.000812
0.000796
0.000882
0.000866
0.000788
0.001159
0.001311
0.001438
0.001477
0.001526
0.001418
0.001437
0.001320
0.001387
0.001344
0.001035
0.000850
0.000756
0.000840
0.000966
0.001075
0.000892
0.000914
0.001059
0.001197
0.001133
0.000773
0.000741
0.000246
0.000193
0.000220
0.000270
0.000246
0.000195
0.000162
0.000185
0.000160
0.000207
0.000223
0.000221
0.000214
0.000202
0.000178
0.000149
0.000176
0.000168
0.000179
0.000094
0.000073
0.000134
0.000219
0.000201
0.000150
0.000102
0.000135
0.000220
0.000221
0.000293
0.000262
0.000296
0.000294
0.000354
0.000396
0.000317
0.000193
0.000115
0.000049
0.000160
0.000341
0.000462
0.000444
0.000708
0.000911
0.000960
0.000971
0.001044
0.000967
0.000741
0.001118
0.001326
0.001523
0.001633
0.001516
0.001361
0.001266
0.001219
0.001301
0.001249
0.001045
0.001101
0.000915
0.000908
0.000956
0.001062
0.001143
0.001130
0.001177
0.001187
0.001081
0.000766
0.000588
