0.000622
0.000502
0.000492
0.000632
0.000676
0.000761
0.000813
0.000438
0.000854
0.001043
0.001016
-0.000603
0.001320
0.001411
0.001250
0.001169
0.001030
0.000855
0.000830
0.000683
0.000722
0.000908
0.000942
0.001023
0.000996
0.000837
0.000773
0.000849
0.000738
0.000851
0.000857
0.000874
0.000971
0.000810
0.000755
0.000626
0.000521
0.000562
0.000574
0.000548
0.000528
0.000432
0.000430
0.000398
0.000408
0.000305
0.000232
0.000260
0.000261
0.000352
0.000365
0.000308
0.000298
0.000311
0.000281
0.000294
0.000302
0.000292
0.000252
0.000352
0.000327
0.000394
0.000517
0.000538
0.000577
0.000326
-0.001158
0.000224
0.000230
0.000364
0.000061
0.000465
0.000195
0.000539
0.000489
0.000603
0.000603
0.000621
0.000759
0.000806
0.001056
0.001066
0.000983
0.001053
0.001064
0.001275
0.001225
0.001057
0.000977
0.000972
0.001070
0.000998
0.000888
0.000824
0.000752
0.000886
0.000955
0.000890
0.000868
0.000854
0.000967
0.001063
0.000901
0.000840
0.000884
0.000971
0.000834
0.000794
0.000689
0.000532
0.000385
0.000490
0.000459
0.000484
0.000461
0.000468
0.000403
0.000446
0.000440
0.000337
0.000327
0.000333
0.000422
0.000368
0.000353
0.000288
0.000306
0.000295
0.000324
0.000296
0.000287
0.000298
0.000306
0.000295
0.000273
0.000398
0.000293
0.000330
0.000212
0.000355
0.000469
0.000414
0.000346
0.000299
0.000284
0.000468
0.000445
0.000529
0.000541
0.000552
0.000548
0.000633
0.000606
0.000808
0.001042
0.000972
0.000921
0.001065
0.001098
0.000989
0.000964
0.000985
0.001002
0.000929
0.000875
0.000790
0.000691
0.000695
0.000716
0.000757
0.000763
0.000810
0.000825
0.000888
0.001034
0.000913
0.000884
0.000776
0.000877
0.000813
0.000819
0.000749
0.000540
0.000392
0.000443
0.000499
0.000554
0.000495
0.000500
0.000479
0.000488
0.000492
0.000391
0.000252
0.000346
0.000281
0.000476
0.000348
0.000347
0.000287
0.000325
0.000293
0.000276
0.000307
0.000283
0.000280
0.000280
0.000240
0.000325
0.000413
0.000314
0.000313
0.000327
0.000441
0.000413
0.000364
0.000278
0.000269
0.000496
0.000574
0.000572
0.000508
0.000541
0.000564
0.000487
0.000730
0.000821
0.000953
0.000948
0.001013
0.001017
0.000980
0.001009
0.000951
0.000948
0.000921
0.000824
0.000754
0.000616
0.000437
0.000635
0.000771
0.000746
0.000619
0.000669
0.000815
0.000795
0.000833
0.000880
0.000799
0.000729
0.000771
0.000765
0.000739
0.000812
0.000752
0.000567
0.000494
0.000421
0.000595
0.000562
0.000621
0.000532
0.000564
0.000478
0.000395
0.000378
0.000370
0.000497
0.000451
0.000292
0.000246
0.000272
0.000290
0.000281
0.000264
0.000330
0.000289
0.000274
0.000302
0.000245
0.000272
0.000378
0.000297
0.000281
0.000285
0.000301
0.000366
0.000359
0.000302
0.000275
0.000375
0.000570
0.000565
0.000616
0.000487
0.000574
0.000638
0.000673
0.000823
0.000915
0.000987
0.000836
0.000929
0.000971
0.000990
0.000929
0.000976
0.000889
0.000828
0.000673
0.000504
0.000437
0.000626
0.000655
0.000586
0.000671
0.000666
0.000623
0.000694
0.000805
0.000783
0.000749
0.000615
0.000671
0.000823
0.000806
0.000813
0.000720
0.000592
0.000382
0.000324
0.000560
0.000599
0.000617
0.000364
0.000604
0.000420
0.000330
0.000282
0.000324
0.000231
0.000296
0.000295
0.000267
0.000294
0.000318
0.000306
0.000320
0.000342
0.000326
0.000301
0.000277
0.000198
0.000252
0.000323
0.000384
0.000236
0.000302
0.000406
0.000402
0.000383
0.000388
0.000339
-0.002169
0.000568
0.000534
0.000618
0.000550
0.000522
0.000623
0.000625
0.000682
0.000892
0.000982
0.000838
0.000769
0.000942
0.000938
0.000933
0.001005
0.000804
0.000833
0.000716
0.000460
0.000622
0.000609
0.000688
0.000665
0.000669
0.000712
0.000703
0.000622
0.000710
0.000756
0.000718
0.000657
0.000740
0.000842
0.000892
0.000874
0.000768
0.000664
0.000404
0.000442
0.000371
0.000482
0.000535
0.000472
0.000575
0.000484
0.000317
0.000250
0.000238
0.000232
0.000285
0.000298
0.000321
0.000270
0.000238
0.000259
0.000314
0.000361
0.000288
0.000295
0.000273
0.000229
0.000231
0.000268
0.000311
0.000328
0.000273
0.000342
0.000336
0.000381
0.000388
0.000384
0.000423
0.000580
0.000628
0.000581
0.000532
0.000556
0.000561
0.000586
0.000627
0.000884
0.001024
0.000753
0.000667
0.000899
0.000835
0.001000
0.000851
0.000858
0.000803
0.000655
0.000556
0.000676
0.000809
0.000745
0.000690
0.000690
0.000731
0.000682
0.000641
0.000682
0.000785
0.000804
0.000758
0.000717
0.000837
0.000869
0.000776
0.000838
0.000769
0.000564
0.000415
0.000424
0.000507
0.000445
0.000459
0.000493
0.000459
0.000287
0.000252
0.000218
0.000297
0.000331
0.000326
0.000362
0.000216
0.000279
0.000304
0.000328
0.000367
0.000413
0.000414
0.000311
0.000211
0.000231
0.000349
0.000474
0.000364
0.000239
0.000311
0.000345
0.000312
0.000408
0.000358
0.000411
0.000568
0.000604
0.000619
0.000584
0.000576
0.000556
0.000510
0.000590
0.000849
0.000842
0.000693
0.000646
0.000667
0.000896
0.000870
0.000832
0.000897
0.000839
0.000827
0.000811
0.000784
0.000810
0.000746
0.000726
0.000671
0.000686
0.000726
0.000686
0.000764
0.000792
0.000867
0.000839
0.000740
0.000828
0.000872
0.000815
0.000829
0.000752
0.000577
0.000407
0.000501
0.000479
0.000493
0.000562
0.000441
0.000433
0.000380
0.000245
0.000335
0.000350
0.000364
0.000332
0.000340
0.000258
0.000279
0.000263
0.000296
0.000361
0.000393
0.000350
0.000259
0.000232
0.000264
0.000294
0.000341
0.000396
0.000317
0.000279
0.000327
0.000326
0.000356
0.000348
0.000356
0.000599
0.000585
0.000586
0.000524
0.000472
0.000516
0.000505
0.000552
0.000752
0.000899
0.000861
0.000696
0.000757
0.000897
0.000822
0.000922
0.000964
0.000928
0.000850
0.000809
0.000868
0.000830
0.000792
0.000710
0.000727
0.000701
0.000746
0.000757
0.000818
0.000849
0.000809
0.000876
0.000811
0.000757
0.000842
0.000837
0.000680
0.000792
0.000836
0.000512
0.000516
0.000542
0.000498
0.000551
0.000477
0.000463
0.000466
0.000371
0.000363
0.000344
0.000358
0.000335
0.000299
0.000257
0.000207
0.000249
0.000336
0.000414
0.000393
0.000348
0.000302
0.000269
0.000280
0.000295
0.000349
0.000398
0.000332
0.000348
0.000298
0.000308
0.000348
0.000341
0.001326
0.000642
0.000619
0.000635
0.000588
0.000450
0.000545
0.000497
0.000528
0.000474
0.000787
0.000769
0.000698
0.000696
0.000902
0.000845
0.000901
0.000954
0.000885
0.000812
0.000919
0.000937
0.000879
0.000890
0.000876
0.000890
0.000916
0.000798
0.000795
0.000790
0.000806
0.000829
0.000755
0.000756
0.000825
0.000884
0.000881
0.000849
0.000840
0.000747
0.000529
0.000452
0.000452
0.000470
0.000525
0.000562
0.000521
0.000497
0.000434
0.000364
0.000362
0.000326
0.000376
0.000353
0.000245
0.000246
0.000267
0.000432
0.000515
0.000451
0.000350
0.000376
0.000322
0.000337
0.000305
0.000329
0.000347
0.000323
0.000393
0.000320
0.000367
0.000391
0.000415
0.000476
0.000593
0.000555
0.000601
0.000520
0.000505
0.000593
0.000514
0.000473
0.000482
0.000592
0.000731
0.000788
0.000659
0.000766
0.000837
0.000933
0.000972
0.000782
0.000801
0.000854
0.000884
0.000892
0.000859
0.000878
0.000985
0.000979
0.001025
0.001068
0.000900
0.000732
0.000827
0.000721
0.000719
0.000678
0.000788
0.000788
0.000889
0.000827
0.000778
0.000572
0.000471
0.000425
0.000469
0.000490
0.000533
0.000600
0.000530
0.000496
0.000384
0.000353
0.000315
0.000272
0.000331
0.000280
0.000304
0.000314
0.000426
0.000454
0.000412
0.000339
0.000397
0.000413
0.000397
0.000370
0.000332
0.000323
0.000430
0.000498
0.000368
0.000407
0.000421
0.000440
0.000385
0.000579
0.000485
0.000467
0.000507
0.000524
0.000580
0.000459
0.000466
0.000491
0.000544
0.000668
0.000715
0.000553
0.000659
0.000668
0.000815
0.000919
0.000758
0.000805
0.000777
0.000806
0.000843
0.000757
0.000832
0.000890
0.000848
0.000879
0.000961
0.000951
0.000811
0.000862
0.000819
0.000870
0.000949
0.000876
0.000856
0.000880
0.000885
0.000783
0.000602
0.000457
0.000411
0.000461
0.000427
0.000526
0.000595
0.000562
0.000493
0.000397
0.000340
0.000258
0.000302
0.000308
0.000327
0.000349
0.000325
0.000440
0.000408
0.000341
0.000308
0.000411
0.000354
0.000338
0.000350
0.000320
0.000380
0.000479
0.000505
0.000385
0.000484
0.000473
0.000457
0.000341
0.000570
0.000563
0.000460
0.000505
0.000555
0.000587
0.000430
0.000485
0.000536
0.000550
0.000630
0.000754
0.000618
0.000609
0.000553
0.000736
0.000826
0.000872
0.000847
0.000805
0.000786
0.000832
0.000770
0.000809
0.000893
0.000817
0.000852
0.000978
0.000931
0.000885
0.000881
0.000965
0.000955
0.000980
0.000917
0.000922
0.000906
0.000865
0.000902
0.000852
0.000615
0.000478
0.000458
0.000461
0.000522
0.000512
0.000511
0.000518
0.000424
0.000371
0.000323
0.000322
0.000315
0.000287
0.000293
0.000181
0.000256
0.000420
0.000466
0.000388
0.000353
0.000419
0.000368
0.000388
0.000360
0.000413
0.000487
0.000441
0.000494
0.000493
0.000339
0.000536
0.000725
0.000607
0.000523
0.000539
0.000589
0.000595
0.000479
0.000439
0.000422
0.000459
0.000457
0.000555
0.000624
0.000628
0.000544
0.000581
0.000586
0.000666
0.000725
0.000810
0.000799
0.000785
0.000726
-0.000270
-0.001640
-0.001021
-0.001070
-0.000143
0.000377
0.000636
0.000902
0.000950
0.001077
0.001067
0.001027
0.000941
0.000962
0.000950
0.000967
0.000896
0.000820
0.000622
0.000483
0.000525
0.000521
0.000532
0.000533
0.000505
0.000508
0.000434
0.000394
0.000318
0.000327
0.000325
0.000349
0.000353
0.000157
0.000237
0.000439
0.000451
0.000435
0.000335
0.000416
0.000444
0.000345
0.000397
0.000415
0.000512
0.000554
0.000432
0.000448
0.000491
0.000548
0.000331
0.000570
0.000538
0.000498
0.000569
0.000539
0.000430
0.000471
0.000410
0.000398
0.000405
0.000507
0.000582
0.000599
0.000546
0.000503
0.000511
0.000459
0.000672
0.000763
0.000829
0.000727
-0.001601
-0.012780
-0.022756
-0.027627
-0.025979
-0.012436
-0.025170
-0.016936
-0.002339
0.000639
0.001030
0.001059
0.001045
0.000965
0.001091
0.001208
0.001061
0.000840
0.000728
0.000556
0.000414
0.000469
0.000439
0.000472
0.000598
0.000495
0.000520
0.000494
0.000470
0.000279
0.000288
0.000313
0.000328
0.000356
0.000347
0.000246
0.000481
0.000529
0.000601
0.000496
0.000488
0.000470
0.000520
0.000540
0.000469
0.000423
0.000375
0.000465
0.000397
0.000455
0.000527
0.000374
0.000532
0.000532
0.000453
0.000460
0.000384
0.000416
0.000386
0.000375
0.000347
0.000362
0.000460
0.000509
0.000559
0.000565
0.000544
0.000563
0.000652
0.000852
0.000842
0.000527
-0.002023
-0.002509
-0.004230
-0.012377
-0.010431
-0.012469
-0.027318
-0.034841
-0.043574
-0.036369
-0.021767
0.000334
0.001187
0.001101
0.001019
0.001109
0.001271
0.001229
0.001082
0.000723
0.000420
0.000116
0.000339
0.000493
0.000526
0.000564
0.000649
0.000595
0.000506
0.000494
0.000332
0.000354
0.000309
0.000348
0.000314
0.000342
0.000274
0.000456
0.000525
0.000546
0.000550
0.000479
0.000611
0.000538
0.000465
0.000390
0.000423
0.000493
0.000548
0.000532
0.000531
0.000573
0.000436
0.000512
0.000537
0.000409
0.000452
0.000358
0.000388
0.000372
0.000336
0.000310
0.000287
0.000437
0.000491
0.000537
0.000482
0.000482
0.000547
0.000638
0.000415
0.000552
-0.001520
-0.004092
-0.008385
-0.015460
-0.015732
-0.014124
-0.016456
-0.013251
-0.021011
-0.048118
-0.000421
0.000956
0.001073
0.001120
0.001135
0.001077
0.001136
0.001151
0.001243
0.000843
0.000580
0.000348
-0.000064
0.000252
0.000472
0.000551
0.000610
0.000537
0.000471
0.000532
0.000470
0.000392
0.000393
0.000408
0.000334
0.000260
0.000274
0.000293
0.000526
0.000525
0.000532
0.000584
0.000461
0.000515
0.000426
0.000442
0.000445
0.000477
0.000455
0.000535
0.000692
0.000703
0.000577
-0.001100
0.000519
0.000477
0.000448
0.000417
0.000387
0.000399
0.000421
0.000341
0.000386
0.000410
0.000407
0.000494
0.000544
0.000472
0.000302
0.000328
-0.002546
-0.002568
0.001748
0.001099
0.000748
0.000497
-0.000127
-0.000395
-0.000106
0.002888
-0.008888
-0.020806
-0.002049
0.001037
0.001099
0.001128
0.001148
0.001335
0.001531
0.001856
0.001620
0.001262
0.001082
0.000674
0.000547
0.000253
0.000326
0.000498
0.000498
0.000505
0.000525
0.000467
0.000455
0.000421
0.000316
0.000398
0.000419
0.000299
0.000279
0.000209
0.000278
0.000380
0.000525
0.000548
0.000565
0.000427
0.000534
0.000422
0.000467
0.000549
0.000588
0.000407
0.000630
0.000746
0.000789
0.000652
0.000526
0.000505
0.000457
0.000406
0.000368
0.000361
0.000401
0.000345
0.000356
0.000396
0.000436
0.000457
0.000454
0.000492
0.000245
-0.004526
0.000294
-0.000415
0.001665
0.001123
0.001111
0.000970
0.000785
0.000957
0.001303
0.001276
0.003425
-0.004530
0.003878
0.007253
0.002721
0.001137
0.000869
0.002133
0.007146
0.011007
0.016471
0.009475
0.003004
0.001649
0.001023
0.000532
0.000412
0.000413
0.000469
0.000537
0.000487
0.000464
0.000429
0.000419
0.000450
0.000381
0.000367
0.000395
0.000398
0.000224
0.000191
0.000246
0.000260
0.000559
0.000579
0.000615
0.000507
0.000491
0.000504
0.000614
0.000688
0.000708
0.000815
0.000798
0.000655
0.000589
0.000587
0.000530
0.000469
0.000450
0.000402
0.000350
0.000355
0.000370
0.000331
0.000257
0.000297
0.000322
0.000363
0.000379
0.000325
-0.003308
-0.002638
0.001131
0.000984
0.000863
0.000919
0.001026
0.001135
0.001032
0.001190
0.001553
0.001269
0.000488
0.000266
0.006110
0.012730
0.010884
0.010384
0.010537
0.016603
0.018539
0.015877
0.013496
0.020301
0.015533
0.010362
0.003597
0.000928
0.000419
0.000443
0.000483
0.000511
0.000547
0.000496
0.000444
0.000459
0.000465
0.000442
0.000416
0.000383
0.000399
0.000267
0.000193
0.000243
0.000397
0.000551
0.000640
0.000564
0.000539
0.000531
0.000645
0.000578
0.000654
0.000803
0.000789
0.000706
0.000652
0.000682
0.000616
0.000698
0.000455
0.000410
0.000359
0.000309
0.000315
0.000376
0.000317
0.000230
0.000267
0.000289
0.000315
0.000662
-0.000520
-0.007117
0.001358
0.000958
0.000754
0.000717
0.000872
0.001095
0.001315
0.001358
0.001333
0.001267
-0.001929
-0.002528
-0.001838
0.003071
0.006240
0.009987
0.009439
0.008052
0.013008
0.015098
0.006779
0.007202
0.016769
0.021429
0.018932
0.007003
0.000325
0.000191
0.000509
0.000472
0.000561
0.000608
0.000535
0.000481
0.000451
0.000430
0.000484
0.000475
0.000461
0.000485
0.000352
0.000324
0.000357
0.000472
0.000548
0.000659
0.000733
0.000643
0.000667
0.000654
0.000653
0.000763
0.000815
0.000758
0.000778
0.000788
0.000842
0.000695
-0.000596
0.000488
0.000441
0.000357
0.000338
0.000335
0.000330
0.000326
0.000287
0.000249
0.000237
0.000303
0.000181
-0.000373
-0.013392
0.004185
0.002688
0.000874
0.000878
0.000944
0.001048
0.001393
0.000896
0.000933
-0.003267
-0.002840
-0.002929
-0.001363
-0.000013
0.001846
-0.004992
0.004770
0.004393
0.006121
0.004406
0.001270
0.000952
0.006968
0.013097
0.012094
0.005093
-0.000676
-0.000829
0.002881
0.000815
0.000785
0.000591
0.000525
0.000471
0.000483
0.000469
0.000512
0.000534
0.000495
0.000484
0.000462
0.000425
0.000483
0.000516
0.000707
0.000767
0.000803
0.000729
0.000702
0.000728
0.000800
0.000832
0.000823
0.000827
0.000855
0.000916
0.000890
0.000738
0.000692
0.000447
0.000388
0.000320
0.000414
0.000353
0.000354
0.000306
0.000241
0.000238
0.000221
0.000198
0.000187
-0.000010
-0.005548
-0.001476
0.006025
0.001614
0.000927
0.001171
0.001242
0.000815
0.000285
-0.000754
-0.000439
-0.002267
-0.001360
-0.001645
0.000406
0.000819
-0.000676
0.001538
0.000832
0.000669
0.001286
0.000527
-0.000332
0.001692
0.005668
0.006795
0.010530
-0.001402
0.002828
0.003722
0.001434
0.001499
0.001687
0.000587
0.000496
0.000574
0.000551
0.000559
0.000637
0.000556
0.000473
0.000524
0.000576
0.000537
0.000511
0.000757
0.000792
0.000755
0.000817
0.000856
0.000704
0.000756
0.000760
0.000894
0.001038
0.000893
0.000923
0.000839
0.000816
0.000766
0.000315
0.000358
0.000296
0.000298
0.000269
0.000307
0.000304
0.000333
0.000264
0.000171
0.000207
0.000215
0.000153
-0.000841
0.000227
0.023411
0.005686
0.001206
0.000990
0.000619
0.007573
0.008424
0.008210
0.006563
0.007824
0.006744
0.001659
0.001016
0.000977
0.001443
-0.001058
0.000088
0.000146
0.000551
0.000898
-0.000328
0.000469
0.002332
0.003123
0.005606
-0.000101
0.001481
0.002296
0.001591
0.001410
0.014795
0.002236
0.000587
0.000483
0.000691
0.000449
0.000502
0.000583
0.000486
0.000628
0.000678
0.000622
0.000595
0.000662
0.000828
0.000874
0.000855
0.000431
0.000731
0.000566
0.000804
0.000970
0.001092
0.000977
0.000864
0.000842
0.000733
0.000797
0.000287
0.000355
0.000354
0.000306
0.000240
0.000240
0.000253
0.000251
0.000190
0.000162
0.000185
0.000200
0.000123
-0.000868
-0.010155
0.010165
0.013235
0.001889
0.002305
0.009112
0.016398
0.025266
0.026195
0.021548
0.019475
0.017393
0.006238
0.001464
0.001296
0.000310
-0.000254
-0.000918
-0.000054
-0.000023
-0.001161
-0.001162
-0.000455
0.000864
0.001332
0.002580
0.000220
0.000651
0.002036
-0.000147
-0.000161
0.005349
0.010009
0.001760
0.000528
0.000570
0.000602
0.000627
0.000637
0.000602
0.000607
0.000627
0.000660
0.000614
0.000653
0.000826
0.000904
0.000882
0.000820
0.000776
0.000673
0.000820
0.001099
0.001121
0.001016
0.000892
0.000821
0.000724
0.000896
0.000363
0.000352
0.000304
0.000313
0.000273
0.000211
0.000209
0.000224
0.000187
0.000170
0.000189
0.000183
0.000153
-0.000555
-0.012880
0.004854
0.003938
0.006717
0.010659
0.022820
0.022982
0.029396
0.027955
0.027529
0.026091
0.022286
0.011619
0.001247
0.000493
-0.000118
-0.000260
-0.001388
-0.001650
-0.001133
-0.002158
-0.002160
-0.002270
-0.000695
0.000242
0.000539
-0.001771
-0.000089
-0.000735
0.000483
-0.000427
-0.000225
0.005058
-0.000563
0.000543
0.000649
0.000641
0.000636
0.000619
0.000676
0.000523
0.000691
0.000646
0.000472
0.000436
0.000797
0.000962
0.001003
0.000870
0.000776
0.000920
0.001010
0.001004
0.001175
0.001060
0.000924
0.000815
0.000788
0.000921
0.000343
0.000349
0.000305
0.000233
0.000253
0.000184
0.000158
0.000162
0.000129
0.000108
0.000097
0.000088
0.000072
0.000064
0.000233
0.000032
0.000395
0.001526
0.006776
-0.009041
-0.001907
0.007157
0.005878
0.006053
0.013398
0.014191
0.007066
0.001658
0.000617
-0.000169
-0.001088
-0.007218
-0.004974
-0.002136
-0.002620
-0.003011
-0.006072
-0.002726
-0.002602
-0.003710
-0.007396
-0.009818
-0.004308
-0.002878
-0.000530
-0.000243
0.002623
-0.002378
-0.005699
0.001086
0.000820
0.000829
0.000733
0.000721
0.000684
0.000718
0.000676
0.000597
0.000718
0.000788
0.000971
0.000918
0.000866
0.000680
0.000952
0.000965
0.001080
0.001074
0.000993
0.000807
0.000992
0.000841
0.000923
0.000327
0.000328
0.000278
0.000224
0.000223
0.000205
0.000153
0.000168
0.000109
0.000070
0.000027
0.000033
0.000013
-0.000013
-0.000050
-0.000057
-0.000083
0.000021
-0.000116
0.000006
0.000279
0.000064
0.000886
-0.000944
-0.002961
-0.003478
-0.003520
-0.003614
-0.003257
-0.002542
-0.007873
-0.009262
-0.009251
-0.006884
-0.007518
-0.005251
-0.012644
-0.002700
-0.003545
-0.005335
-0.010886
-0.018538
-0.014398
-0.012416
-0.003837
-0.000409
-0.005564
-0.004246
-0.006082
-0.006055
0.000842
0.000876
0.000824
0.000823
0.000864
0.000938
0.000871
0.000687
0.000813
0.000881
0.000825
0.001062
0.000915
0.000758
0.000872
0.001008
0.000970
0.001099
0.000955
0.000912
0.000971
0.000828
0.000967
0.000350
0.000308
0.000302
0.000196
0.000194
0.000213
0.000096
0.000104
0.000080
0.000033
0.000033
0.000039
0.000003
-0.000038
-0.000073
-0.000070
-0.000103
-0.000081
-0.000023
0.000125
0.000965
0.017802
0.013897
0.003757
-0.002033
-0.001853
-0.003958
-0.003117
-0.002938
-0.004062
-0.009331
-0.010378
-0.009666
-0.009193
-0.007953
-0.011058
-0.008127
-0.012387
-0.009431
-0.008499
-0.016109
-0.016999
-0.015695
-0.016511
-0.013639
-0.004849
-0.002500
-0.006759
-0.006457
-0.007156
-0.006035
0.000905
0.000924
0.000936
0.000961
0.000804
0.000690
0.000798
0.000827
0.000884
0.000951
0.000932
0.000670
0.000766
0.000853
0.000986
0.001040
0.001081
0.001235
0.000938
0.000775
0.000777
0.000821
0.000412
0.000348
0.000361
0.000253
0.000196
0.000141
0.000125
0.000053
0.000087
0.000097
0.000073
0.000025
-0.000008
-0.000050
-0.000083
-0.000123
-0.000152
-0.000135
-0.000088
0.000151
0.013225
0.024144
0.020116
0.012467
0.002666
-0.001663
-0.004604
-0.003614
-0.002984
-0.004601
-0.009526
-0.011014
-0.008779
-0.008745
-0.009424
-0.009348
-0.009951
-0.007816
-0.004387
-0.012408
-0.016017
-0.017914
-0.014635
-0.015855
-0.017090
-0.014880
-0.003183
-0.005383
-0.006961
-0.008369
-0.009141
-0.006313
0.000642
0.000978
0.000849
0.000579
0.000531
0.000786
0.000837
0.000936
0.000902
0.000792
0.000598
0.000753
0.000892
0.001035
0.001006
0.001110
0.001264
0.001260
0.000833
0.000555
0.000684
0.000375
0.000326
0.000308
0.000282
0.000202
0.000109
0.000102
0.000097
0.000051
0.000039
0.000073
0.000008
-0.000032
-0.000086
-0.000140
-0.000192
-0.000206
-0.000154
-0.000624
-0.000624
0.004221
0.022311
0.020316
0.014396
0.006607
-0.000858
-0.004206
-0.006235
-0.004473
-0.006171
-0.013319
-0.012152
-0.008077
-0.007867
-0.012878
-0.011356
-0.009980
-0.009491
-0.008100
-0.007474
-0.006847
-0.008815
-0.013061
-0.012752
-0.011524
-0.013473
-0.004625
-0.005279
-0.007101
-0.009639
-0.009327
-0.010060
-0.005677
0.000515
0.000728
0.000637
0.000592
0.000639
0.000708
0.000717
0.000628
0.000527
0.000511
0.000727
0.000922
0.000865
0.001168
0.001133
0.001198
0.001107
0.000975
0.000748
0.000604
0.000444
0.000316
0.000337
0.000325
0.000279
0.000159
0.000107
0.000055
0.000050
0.000013
0.000030
0.000008
-0.000034
-0.000108
-0.000165
-0.000210
-0.000191
-0.000523
-0.000658
-0.000897
-0.001804
0.009318
0.017223
0.016586
0.011803
0.000886
-0.005096
-0.005716
-0.007186
-0.006782
-0.014913
-0.013953
-0.007351
-0.008507
-0.011775
-0.010807
-0.010535
-0.008416
-0.009066
-0.011569
-0.011305
-0.011534
-0.009997
-0.008607
-0.006732
-0.003889
-0.009134
-0.002319
-0.006502
-0.007584
-0.008313
-0.008247
-0.007751
-0.005418
-0.003665
0.000608
0.000416
0.000580
0.000615
0.000692
0.000681
0.000428
0.000303
0.000440
0.000678
0.000839
0.001075
0.001126
0.000919
0.000999
0.001020
0.000836
0.000794
0.000497
0.000357
0.000347
0.000361
0.000317
0.000225
0.000125
0.000051
0.000043
0.000013
0.000014
-0.000008
-0.000059
-0.000016
-0.000089
-0.000107
-0.000533
-0.000562
-0.000620
-0.000680
-0.001127
-0.001557
0.010084
0.017704
0.013130
0.006261
-0.002901
-0.005636
-0.005095
-0.007601
-0.014299
-0.013774
-0.011491
-0.007979
-0.010084
-0.010664
-0.010574
-0.010956
-0.011948
-0.014135
-0.014538
-0.013245
-0.012385
-0.009554
-0.004331
-0.000829
-0.002538
-0.004566
-0.006386
-0.006237
-0.006675
-0.007409
-0.006756
-0.005065
-0.004596
-0.002787
0.000457
0.000490
0.000563
0.000808
0.000766
0.000505
0.000404
0.000364
0.000402
0.000880
0.000905
0.000994
0.000896
0.000956
0.001037
0.000773
0.000743
0.000450
0.000433
0.000403
0.000344
0.000455
0.000463
0.000505
0.000593
0.000817
-0.000054
-0.000017
-0.000021
-0.000005
0.000170
-0.000552
-0.000591
-0.000624
-0.000687
-0.000562
-0.000655
-0.000838
-0.000932
0.000622
0.015426
0.011807
0.009783
0.000312
-0.004573
-0.005564
-0.008269
-0.012287
-0.012047
-0.010524
-0.008654
-0.007039
-0.013033
-0.011263
-0.011807
-0.012518
-0.012481
-0.014835
-0.013270
-0.011592
-0.009146
-0.004885
-0.001966
-0.002571
-0.003302
-0.005499
-0.006584
-0.006325
-0.004885
-0.004587
-0.003392
-0.003752
-0.004167
-0.003513
-0.002043
0.000598
0.000715
0.000794
0.000673
0.000552
0.000510
0.000881
0.000931
0.000828
0.000973
0.001080
0.001235
0.001051
0.000818
0.000949
0.000435
0.000462
0.000436
0.000408
0.000474
0.000493
0.000483
0.000496
0.000438
0.000574
0.000638
0.000640
-0.000098
-0.000508
-0.000600
-0.000601
-0.000459
-0.000572
-0.000671
-0.000645
-0.000667
0.000602
0.000726
0.000918
0.001735
0.001450
0.000647
0.000203
-0.000606
-0.007456
-0.008702
-0.008986
-0.010791
-0.011060
-0.008451
-0.011713
-0.013447
-0.013703
-0.013962
-0.013619
-0.015111
-0.012275
-0.012267
-0.010797
-0.008400
-0.004568
-0.002660
-0.002617
-0.003962
-0.007065
-0.005627
-0.004556
-0.002963
-0.002654
-0.003241
-0.003662
-0.004255
-0.004113
-0.002235
-0.001020
0.000490
0.001017
0.001004
0.000905
0.000811
0.000939
0.000802
0.000964
0.001225
0.001174
0.001205
0.001010
0.000975
0.000426
0.000506
0.000480
0.000383
0.000441
0.000492
0.000495
0.000446
0.000423
0.000476
0.000580
0.000711
0.000775
0.000762
0.000719
-0.000347
0.000508
0.000646
0.000613
0.000546
0.000587
0.000698
0.000539
0.000477
0.000602
0.000580
0.000536
0.000178
-0.001425
-0.001323
-0.000524
-0.006303
-0.009755
-0.008849
-0.009906
-0.008659
-0.010714
-0.013526
-0.013754
-0.013678
-0.013558
-0.013776
-0.012128
-0.012189
-0.010170
-0.005703
-0.003126
-0.003273
-0.002137
-0.004691
-0.004823
-0.003250
-0.000771
-0.000023
-0.000356
-0.001466
-0.002174
-0.001191
0.001517
0.003258
0.005344
0.009688
0.004090
0.001053
0.001071
0.000808
0.001010
0.000940
0.001142
0.001160
0.001149
0.001271
0.001186
0.000464
0.000473
0.000454
0.000326
0.000432
0.000489
0.000471
0.000436
0.000413
0.000469
0.000606
0.000720
0.000557
0.000672
0.000624
0.000490
0.000497
0.000563
0.000578
0.000522
0.000551
0.000557
0.000401
0.000429
0.000582
0.000561
0.000368
0.000350
0.000217
-0.000340
0.001874
0.000400
0.000189
-0.003058
-0.000353
-0.000367
0.000019
-0.005940
-0.008460
-0.010927
-0.011018
-0.012956
-0.010789
-0.011129
-0.010469
-0.007679
-0.004061
-0.003602
-0.004156
-0.002843
-0.003025
-0.001186
0.004510
0.005809
0.004014
0.003429
0.004712
0.007101
0.006100
0.005398
0.004136
0.002165
0.001924
0.001145
0.001090
0.000880
0.000929
0.001266
0.001228
0.001155
0.001109
0.001194
0.001060
0.000436
0.000524
0.000514
0.000364
0.000337
0.000415
0.000483
0.000447
0.000424
0.000470
0.000599
0.000720
0.000710
0.000728
0.000580
0.000653
0.000454
0.000528
0.000545
0.000477
0.000423
0.000506
0.000434
0.000449
0.000534
0.000505
0.000376
0.000258
0.000296
0.000145
-0.000389
0.000406
0.000404
0.000457
0.000741
0.000530
0.000533
0.000590
0.000279
0.000160
0.000282
0.000439
0.000413
0.001071
-0.009748
-0.009114
-0.006419
-0.004721
-0.005808
-0.005040
-0.003337
0.002659
0.009694
0.006250
0.005148
0.005005
0.004406
0.003522
0.001865
0.001591
0.001235
0.001448
0.001310
0.001301
0.001361
0.001302
0.001291
0.001387
0.001150
0.001101
0.001200
0.001076
0.001074
0.000469
0.000502
0.000513
0.000345
0.000311
0.000426
0.000521
0.000614
0.000520
0.000456
0.000557
0.000714
0.000692
0.000693
0.000590
0.000726
0.000500
0.000499
0.000552
0.000494
0.000435
0.000549
0.000601
0.000436
0.000426
0.000483
0.000427
0.000229
0.000306
0.000225
0.000208
0.000452
0.000496
0.000748
0.000683
0.000454
0.000526
0.000648
0.001042
0.001082
0.001095
0.001277
0.001398
0.001606
0.001423
-0.008317
-0.008997
-0.007646
-0.006955
-0.006082
-0.006798
0.007396
0.008684
0.001652
0.000477
0.001237
0.002166
0.001988
0.001564
0.001539
0.001026
0.001200
0.001094
0.001330
0.001137
0.001147
0.001460
0.001237
0.001153
0.001159
0.001240
0.001216
0.000956
0.000517
0.000501
0.000519
0.000403
0.000417
0.000504
0.000573
0.000615
0.000455
0.000411
0.000513
0.000658
0.000648
0.000595
0.000569
0.000720
0.000634
0.000592
0.000705
0.000672
0.000546
0.000571
0.000628
0.000444
0.000410
0.000506
0.000525
0.000399
0.000381
0.000410
0.000538
0.000680
0.000603
0.000685
0.000720
0.000608
0.000567
0.000503
0.000826
0.001154
0.001152
0.001282
0.001516
0.001324
0.001285
0.002528
-0.007188
-0.006994
-0.006426
-0.007327
-0.008211
-0.005278
0.000146
0.002119
0.002160
0.002099
0.001904
0.001999
0.001538
0.001329
0.001334
0.001236
0.001240
0.001124
0.001136
0.001478
0.001354
0.001259
0.001380
0.001419
0.001439
0.001216
0.000998
0.000592
0.000593
0.000633
0.000688
0.000546
0.000575
0.000651
0.000594
0.000560
0.000588
0.000538
0.000639
0.000756
0.000652
0.000625
0.000722
0.000785
0.000730
0.000732
0.000670
0.000556
0.000536
0.000603
0.000537
0.000526
0.000535
0.000502
0.000624
0.000592
0.000628
0.000689
0.000727
0.000738
0.000712
0.000871
0.000804
0.000531
0.000402
0.000766
0.000956
0.001173
0.001294
0.001583
0.001446
0.001369
0.001330
0.002109
-0.004559
-0.004242
-0.002036
-0.002430
-0.001266
-0.009281
0.000818
0.001862
0.002129
0.001788
0.001861
0.001707
0.001349
0.001495
0.001314
0.001071
0.001131
0.000988
0.001334
0.001332
0.001461
0.001697
0.001407
0.001344
0.001308
0.001033
0.000647
0.000623
0.000658
0.000705
0.000635
0.000506
0.000635
0.000461
0.000631
0.000630
0.000579
0.000661
0.000805
0.000776
0.000665
0.000652
0.000714
0.000707
0.000695
0.000658
0.000601
0.000458
0.000506
0.000603
0.000577
0.000691
0.000628
0.000647
0.000732
0.000717
0.000654
0.000734
0.000805
0.000867
0.000801
0.000749
0.000528
0.000409
0.000283
0.000883
0.001074
0.001157
0.001291
0.001390
0.001555
0.001278
0.001066
0.001207
0.001279
0.002444
0.000214
-0.000263
-0.002577
0.001651
0.001825
0.002011
0.001720
0.001489
0.001726
0.001720
0.001431
0.001250
0.000875
0.000905
0.001139
0.001357
0.001418
0.001375
0.001487
0.001264
0.001215
0.000909
0.000830
0.000650
0.000690
0.000733
0.000671
0.000680
0.000602
0.000699
0.000693
0.000793
0.000697
0.000511
0.000431
0.000643
0.000766
0.000716
0.000655
0.000671
0.000729
0.000638
0.000506
0.000541
0.000435
0.000450
0.000544
0.000571
0.000696
0.000757
0.000838
0.000802
0.000698
0.000725
0.000888
0.000801
0.000838
0.000907
0.000886
0.000602
0.000365
0.000254
0.000676
0.000680
0.000838
0.000973
0.001374
0.001421
0.001121
0.001076
0.001263
0.000969
0.001386
0.000667
0.001726
0.000267
0.001560
0.001634
0.001818
0.001917
0.001768
0.002044
0.001881
0.001395
0.001519
0.001106
0.000646
0.001140
0.001318
0.001387
0.001362
0.001391
0.001409
0.001384
0.001063
0.000914
0.000631
0.000676
0.000546
0.000609
0.000650
0.000634
0.000694
0.000712
0.000796
0.000686
0.000521
0.000244
0.000460
0.000724
0.000602
0.000585
0.000575
0.000670
0.000622
0.000491
0.000422
0.000435
0.000398
0.000507
0.000715
0.000827
0.000757
0.000775
0.000832
0.000834
0.000793
0.000837
0.000983
0.000922
0.000961
0.000785
0.001033
0.000854
0.000444
0.000444
0.000620
0.000900
0.001134
0.001344
0.001265
0.001178
0.001313
0.001350
0.001131
0.001281
0.001458
0.002022
0.001873
0.001983
0.001942
0.001970
0.002010
0.001958
0.001989
0.001895
0.001470
0.001731
0.001498
0.001255
0.001150
0.001434
0.001486
0.001355
0.001292
0.001581
0.001466
0.001405
0.000947
0.000567
0.000548
0.000534
0.000522
0.000750
0.000580
0.000586
0.000473
0.000536
0.000703
0.000611
0.000368
0.000455
0.000646
0.000538
0.000447
0.000567
0.000593
0.000650
0.000445
0.000430
0.000432
0.000532
0.000721
0.000806
0.000820
0.000798
0.000725
0.000783
0.000791
0.000771
0.000841
0.000989
0.000970
0.000884
0.000868
0.000864
0.000562
0.000207
0.000176
0.000511
0.000626
0.000669
0.000908
0.000974
0.000987
0.001094
0.001201
0.001452
0.001515
0.001733
0.001974
0.002157
0.002163
0.002151
0.002181
0.002161
0.001921
0.001835
0.001755
0.001496
0.001558
0.001570
0.001325
0.001449
0.001566
0.001386
0.001298
0.001567
0.001546
0.001429
0.001125
0.000720
0.000551
0.000541
0.000550
0.000709
0.000535
0.000529
0.000555
0.000598
0.000603
0.000646
0.000647
0.000598
0.000576
0.000578
0.000596
0.000371
0.000446
0.000453
0.000446
0.000389
0.000307
0.000597
0.000742
0.000802
0.000752
0.000742
0.000809
0.000836
0.000875
0.000857
0.000981
0.000849
0.000755
0.000782
0.000996
0.000850
0.000801
0.000493
0.000444
0.000483
0.000875
0.000422
0.000828
0.000960
0.000927
0.001144
0.001300
0.001392
0.001431
0.001530
0.001921
0.002089
0.002353
0.002420
0.002275
0.002133
0.002020
0.001815
0.001894
0.001788
0.001637
0.001506
0.001297
0.001719
0.001487
0.001478
0.001548
0.001521
0.001619
0.001544
0.001273
0.000717
0.000543
