0.000011
0.000022
0.000028
0.000632
0.000042
0.000059
0.000070
0.000438
0.000099
0.000098
0.000107
-0.000603
0.000087
0.000084
0.000082
0.000079
0.000068
0.000083
0.000081
0.000092
0.000086
0.000086
0.000089
0.000096
0.000090
0.000088
0.000092
0.000077
0.000085
0.000092
0.000088
0.000078
0.000076
0.000077
0.000077
0.000073
0.000072
0.000054
0.000057
0.000064
0.000066
0.000062
0.000067
0.000066
0.000064
0.000067
0.000063
0.000067
0.000071
0.000063
0.000072
0.000064
0.000066
0.000068
0.000063
0.000064
0.000061
0.000064
0.000071
0.000059
0.000071
0.000065
0.000045
0.000026
0.000009
0.000013
-0.001158
0.000032
0.000040
0.000037
0.000061
0.000031
0.000195
0.000110
0.000101
0.000110
0.000114
0.000104
0.000107
0.000109
0.000103
0.000094
0.000106
0.000109
0.000093
0.000095
0.000090
0.000081
0.000078
0.000074
0.000076
0.000075
0.000066
0.000078
0.000079
0.000086
0.000086
0.000084
0.000080
0.000086
0.000080
0.000082
0.000067
0.000071
0.000068
0.000064
0.000075
0.000072
0.000076
0.000076
0.000057
0.000065
0.000072
0.000067
0.000075
0.000071
0.000070
0.000070
0.000059
0.000067
0.000075
0.000074
0.000066
0.000060
0.000061
0.000053
0.000056
0.000070
0.000068
0.000056
0.000057
0.000052
0.000066
0.000057
0.000053
0.000057
0.000049
0.000048
0.000048
0.000052
0.000047
0.000050
0.000056
0.000041
0.000035
0.000030
0.000100
0.000111
0.000096
0.000091
0.000119
0.000105
0.000105
0.000113
0.000103
0.000095
0.000090
0.000097
0.000099
0.000091
0.000074
0.000068
0.000070
0.000078
0.000081
0.000067
0.000081
0.000075
0.000071
0.000076
0.000073
0.000080
0.000071
0.000082
0.000084
0.000075
0.000070
0.000075
0.000076
0.000070
0.000073
0.000071
0.000070
0.000067
0.000064
0.000067
0.000077
0.000077
0.000077
0.000072
0.000074
0.000064
0.000068
0.000074
0.000072
0.000060
0.000065
0.000063
0.000058
0.000059
0.000068
0.000065
0.000058
0.000048
0.000050
0.000058
0.000054
0.000047
0.000051
0.000047
0.000051
0.000049
0.000044
0.000044
0.000049
0.000048
0.000042
0.000047
0.000031
0.000086
0.000097
0.000087
0.000112
0.000114
0.000111
0.000103
0.000096
0.000094
0.000074
0.000075
0.000082
0.000072
0.000071
0.000076
0.000062
0.000069
0.000078
0.000079
0.000076
0.000074
0.000081
0.000071
0.000077
0.000083
0.000079
0.000072
0.000073
0.000079
0.000078
0.000069
0.000076
0.000079
0.000073
0.000057
0.000069
0.000067
0.000072
0.000052
0.000074
0.000077
0.000075
0.000071
0.000080
0.000080
0.000065
0.000064
0.000071
0.000074
0.000073
0.000065
0.000060
0.000065
0.000056
0.000059
0.000057
0.000053
0.000054
0.000054
0.000058
0.000051
0.000047
0.000045
0.000056
0.000050
0.000045
0.000044
0.000045
0.000043
0.000045
0.000045
0.000050
0.000035
0.000094
0.000100
0.000101
0.000108
0.000110
0.000103
0.000113
0.000099
0.000092
0.000078
0.000062
0.000073
0.000071
0.000083
0.000066
0.000074
0.000071
0.000075
0.000068
0.000071
0.000076
0.000070
0.000068
0.000066
0.000072
0.000070
0.000073
0.000075
0.000071
0.000070
0.000074
0.000074
0.000079
0.000073
0.000063
0.000061
0.000061
0.000063
0.000057
0.000072
0.000073
0.000067
0.000076
0.000075
0.000067
0.000063
0.000058
0.000065
0.000063
0.000067
0.000057
0.000058
0.000064
0.000051
0.000054
0.000059
0.000048
0.000046
0.000044
0.000049
0.000048
0.000044
0.000050
0.000054
0.000052
0.000051
0.000049
0.000050
0.000041
0.000045
0.000049
0.000046
-0.002169
0.000074
0.000092
0.000100
0.000087
0.000091
0.000103
0.000108
0.000093
0.000094
0.000094
0.000079
0.000084
0.000091
0.000082
0.000088
0.000072
0.000078
0.000078
0.000065
0.000068
0.000071
0.000067
0.000061
0.000062
0.000054
0.000063
0.000066
0.000074
0.000058
0.000065
0.000066
0.000069
0.000072
0.000063
0.000056
0.000058
0.000055
0.000065
0.000057
0.000060
0.000064
0.000071
0.000073
0.000081
0.000069
0.000066
0.000055
0.000054
0.000028
0.000050
0.000056
0.000055
0.000051
0.000046
0.000048
0.000049
0.000021
0.000039
0.000042
0.000046
0.000039
0.000039
0.000046
0.000044
0.000042
0.000041
0.000049
0.000044
0.000050
0.000049
0.000048
0.000048
0.000038
0.000083
0.000076
0.000094
0.000096
0.000101
0.000103
0.000116
0.000104
0.000089
0.000084
0.000089
0.000087
0.000085
0.000085
0.000078
0.000084
0.000086
0.000077
0.000073
0.000071
0.000073
0.000063
0.000060
0.000074
0.000063
0.000061
0.000062
0.000074
0.000076
0.000065
0.000066
0.000067
0.000069
0.000063
0.000056
0.000055
0.000063
0.000065
0.000072
0.000068
0.000077
0.000070
0.000063
0.000075
0.000067
0.000056
0.000057
0.000051
0.000056
0.000052
0.000051
0.000053
0.000048
0.000048
0.000044
0.000044
0.000045
0.000044
0.000047
0.000039
0.000041
0.000043
0.000044
0.000043
0.000043
0.000052
0.000048
0.000041
0.000044
0.000047
0.000048
0.000048
0.000041
0.000076
0.000080
0.000083
0.000107
0.000094
0.000100
0.000097
0.000103
0.000091
0.000082
0.000083
0.000076
0.000089
0.000087
0.000090
0.000088
0.000089
0.000075
0.000083
0.000070
0.000071
0.000069
0.000058
0.000062
0.000067
0.000070
0.000066
0.000067
0.000068
0.000061
0.000069
0.000069
0.000083
0.000075
0.000060
0.000061
0.000058
0.000058
0.000060
0.000059
0.000071
0.000070
0.000070
0.000063
0.000058
0.000057
0.000049
0.000045
0.000060
0.000057
0.000045
0.000048
0.000044
0.000044
0.000052
0.000047
0.000041
0.000042
0.000040
0.000035
0.000037
0.000044
0.000045
0.000053
0.000048
0.000040
0.000044
0.000042
0.000045
0.000046
0.000047
0.000045
0.000046
0.000070
0.000083
0.000079
0.000088
0.000084
0.000079
0.000096
0.000099
0.000094
0.000078
0.000079
0.000073
0.000077
0.000093
0.000096
0.000091
0.000088
0.000083
0.000085
0.000071
0.000063
0.000068
0.000070
0.000073
0.000075
0.000071
0.000071
0.000065
0.000072
0.000065
0.000073
0.000066
0.000077
0.000068
0.000063
0.000058
0.000058
0.000062
0.000063
0.000068
0.000065
0.000070
0.000063
0.000063
0.000062
0.000055
0.000055
0.000049
0.000058
0.000053
0.000044
0.000044
0.000045
0.000040
0.000044
0.000049
0.000045
0.000041
0.000038
0.000036
0.000039
0.000040
0.000043
0.000051
0.000038
0.000040
0.000045
0.000043
0.000046
0.000046
0.000047
0.000049
0.001326
0.000083
0.000068
0.000083
0.000105
0.000095
0.000108
0.000098
0.000104
0.000078
0.000073
0.000071
0.000073
0.000084
0.000103
0.000092
0.000085
0.000082
0.000079
0.000079
0.000070
0.000072
0.000067
0.000071
0.000079
0.000072
0.000072
0.000070
0.000068
0.000072
0.000064
0.000062
0.000055
0.000059
0.000057
0.000055
0.000062
0.000055
0.000062
0.000062
0.000069
0.000069
0.000062
0.000057
0.000059
0.000051
0.000059
0.000057
0.000064
0.000064
0.000053
0.000045
0.000047
0.000048
0.000047
0.000049
0.000049
0.000045
0.000040
0.000040
0.000033
0.000039
0.000042
0.000041
0.000037
0.000038
0.000044
0.000044
0.000044
0.000049
0.000050
0.000048
0.000049
0.000049
0.000086
0.000079
0.000076
0.000103
0.000101
0.000105
0.000114
0.000101
0.000093
0.000102
0.000083
0.000068
0.000068
0.000073
0.000105
0.000098
0.000094
0.000068
0.000080
0.000074
0.000081
0.000075
0.000063
0.000063
0.000065
0.000058
0.000065
0.000059
0.000073
0.000067
0.000059
0.000056
0.000065
0.000055
0.000053
0.000061
0.000057
0.000063
0.000058
0.000056
0.000066
0.000069
0.000064
0.000057
0.000054
0.000057
0.000057
0.000059
0.000057
0.000051
0.000047
0.000047
0.000049
0.000047
0.000046
0.000043
0.000041
0.000041
0.000042
0.000040
0.000040
0.000039
0.000039
0.000041
0.000041
0.000044
0.000045
0.000050
0.000054
0.000053
0.000048
0.000047
0.000050
0.000071
0.000087
0.000067
0.000082
0.000094
0.000103
0.000083
0.000086
0.000088
0.000087
0.000083
0.000075
0.000075
0.000071
0.000080
0.000072
0.000081
0.000075
0.000070
0.000068
0.000071
0.000067
0.000063
0.000058
0.000058
0.000060
0.000061
0.000064
0.000069
0.000075
0.000064
0.000058
0.000060
0.000060
0.000051
0.000060
0.000065
0.000064
0.000058
0.000071
0.000069
0.000072
0.000065
0.000059
0.000057
0.000055
0.000062
0.000057
0.000055
0.000052
0.000047
0.000043
0.000045
0.000047
0.000047
0.000046
0.000046
0.000039
0.000040
0.000039
0.000040
0.000040
0.000042
0.000040
0.000041
0.000042
0.000052
0.000050
0.000050
0.000050
0.000048
0.000048
0.000049
0.000099
0.000089
0.000070
0.000076
0.000089
0.000096
0.000082
0.000087
0.000082
0.000071
0.000085
0.000084
0.000064
0.000076
0.000081
0.000078
0.000069
0.000063
0.000066
0.000068
0.000066
0.000062
0.000061
0.000059
0.000050
0.000053
0.000060
0.000065
0.000066
0.000072
0.000060
0.000059
0.000067
0.000064
0.000068
0.000065
0.000064
0.000063
0.000066
0.000070
0.000070
0.000063
0.000064
0.000059
0.000055
0.000058
0.000062
0.000056
0.000049
0.000049
0.000044
0.000044
0.000048
0.000044
0.000051
0.000055
0.000044
0.000044
0.000043
0.000038
0.000040
0.000041
0.000042
0.000043
0.000046
0.000049
0.000051
0.000056
0.000055
0.000053
0.000049
0.000050
0.000725
0.000094
0.000097
0.000089
0.000093
0.000083
0.000072
0.000064
0.000078
0.000081
0.000073
0.000073
0.000085
0.000068
0.000057
0.000076
0.000066
0.000067
0.000080
0.000073
0.000068
0.000073
0.000079
0.000047
0.000031
0.000013
0.000026
0.000005
-0.000020
-0.000020
0.000070
0.000071
0.000060
0.000058
0.000062
0.000074
0.000069
0.000066
0.000069
0.000066
0.000064
0.000064
0.000049
0.000062
0.000062
0.000055
0.000057
0.000057
0.000052
0.000050
0.000052
0.000043
0.000038
0.000008
0.000042
0.000055
0.000056
0.000043
0.000048
0.000042
0.000044
0.000039
0.000040
0.000043
0.000046
0.000046
0.000047
0.000050
0.000052
0.000050
0.000052
0.000048
0.000046
0.000044
0.000101
0.000091
0.000095
0.000095
0.000089
0.000087
0.000084
0.000089
0.000101
0.000082
0.000088
0.000073
0.000069
0.000067
0.000063
0.000069
0.000076
0.000087
0.000086
0.000086
0.000058
0.000227
-0.000221
-0.000584
-0.000974
-0.000841
-0.001118
-0.002680
-0.004303
-0.000312
-0.000018
0.000056
0.000061
0.000066
0.000078
0.000071
0.000068
0.000065
0.000064
0.000064
0.000066
0.000063
0.000056
0.000056
0.000059
0.000058
0.000054
0.000055
0.000047
0.000046
0.000042
0.000039
0.000042
0.000040
0.000044
0.000047
0.000057
0.000047
0.000048
0.000041
0.000043
0.000047
0.000049
0.000050
0.000045
0.000048
0.000049
0.000051
0.000050
0.000049
0.000049
0.000060
0.000047
0.000103
0.000106
0.000102
0.000111
0.000078
0.000079
0.000075
0.000076
0.000091
0.000095
0.000087
0.000088
0.000082
0.000064
0.000055
0.000076
0.000075
0.000078
0.000077
0.000064
-0.000112
0.001325
0.001025
0.000335
0.001219
0.003177
0.002297
-0.001170
-0.000824
-0.005423
-0.004391
-0.000322
0.000060
0.000063
0.000070
0.000070
0.000067
0.000063
0.000059
0.000063
0.000059
0.000055
0.000059
0.000052
0.000060
0.000056
0.000050
0.000053
0.000051
0.000043
0.000040
0.000038
0.000038
0.000037
0.000032
0.000036
0.000046
0.000045
0.000047
0.000045
0.000044
0.000048
0.000047
0.000045
0.000045
0.000044
0.000047
0.000046
0.000049
0.000054
0.000056
0.000061
0.000044
0.000098
0.000102
0.000095
0.000088
0.000072
0.000071
0.000079
0.000080
0.000086
0.000076
0.000064
0.000064
0.000060
0.000068
0.000068
0.000062
0.000025
0.000015
0.000065
-0.000016
0.000063
-0.000172
-0.000728
-0.000049
-0.000734
0.000015
0.001506
0.000491
0.001760
-0.000334
-0.000041
0.000056
0.000058
0.000062
0.000068
0.000073
0.000069
0.000060
0.000067
0.000065
0.000053
0.000056
0.000055
0.000053
0.000055
0.000055
0.000053
0.000053
0.000047
0.000041
0.000038
0.000041
0.000041
0.000038
0.000032
0.000035
0.000044
0.000046
0.000048
0.000047
0.000046
0.000050
0.000049
0.000045
0.000046
0.000049
0.000048
0.000050
0.000050
0.000058
0.000053
0.000056
-0.001100
0.000099
0.000100
0.000102
0.000087
0.000080
0.000074
0.000077
0.000081
0.000070
0.000057
0.000070
0.000055
0.000068
0.000061
0.000017
0.000019
-0.000179
-0.000062
-0.000098
-0.000053
0.000192
0.000040
-0.000009
0.000036
0.000106
0.000206
0.000430
0.001118
0.000015
0.000588
0.000145
0.000050
0.000053
0.000068
0.000088
0.000090
0.000076
0.000058
0.000068
0.000054
0.000065
0.000051
0.000043
0.000048
0.000047
0.000047
0.000048
0.000054
0.000049
0.000044
0.000039
0.000041
0.000039
0.000040
0.000038
0.000038
0.000045
0.000048
0.000047
0.000051
0.000051
0.000053
0.000050
0.000049
0.000050
0.000050
0.000047
0.000047
0.000052
0.000053
0.000052
0.000055
0.000058
0.000092
0.000102
0.000103
0.000087
0.000077
0.000076
0.000084
0.000070
0.000042
0.000057
0.000057
0.000053
0.000053
-0.000008
0.000186
0.000436
-0.000696
-0.000001
-0.000086
-0.000019
0.000204
0.000059
0.000063
0.000207
0.000328
0.000366
0.000347
0.000433
0.001712
0.002050
0.001578
-0.000244
-0.000191
0.000146
0.000514
0.000675
0.000314
0.000104
0.000094
0.000076
0.000052
0.000052
0.000047
0.000053
0.000053
0.000050
0.000051
0.000058
0.000049
0.000045
0.000036
0.000040
0.000050
0.000044
0.000041
0.000040
0.000048
0.000049
0.000056
0.000057
0.000054
0.000050
0.000046
0.000043
0.000047
0.000049
0.000050
0.000054
0.000057
0.000050
0.000053
0.000053
0.000052
0.000097
0.000101
0.000091
0.000091
0.000076
0.000070
0.000066
0.000061
0.000067
0.000073
0.000053
0.000042
0.000002
0.000259
0.000791
0.000624
-0.004597
-0.000284
0.000061
0.000261
0.000106
0.000031
0.000119
0.000229
0.000520
-0.000112
0.000601
0.000656
0.001329
0.000279
0.000153
0.000429
0.000258
0.000390
0.000513
0.000821
0.000753
0.000603
0.000677
0.000181
0.000093
0.000055
0.000049
0.000053
0.000047
0.000041
0.000041
0.000049
0.000046
0.000044
0.000037
0.000042
0.000043
0.000043
0.000040
0.000038
0.000045
0.000051
0.000052
0.000056
0.000046
0.000043
0.000041
0.000041
0.000043
0.000046
0.000054
0.000053
0.000052
0.000050
0.000055
0.000052
0.000047
0.000100
0.000090
0.000080
0.000088
0.000082
0.000065
0.000052
0.000061
0.000061
0.000054
0.000040
0.000009
0.000053
0.000181
0.001134
0.002501
-0.000571
-0.000137
0.000045
0.000049
0.000030
-0.000009
0.000144
0.000214
0.000037
-0.000128
0.000249
0.000252
0.000292
0.000264
-0.000601
-0.001885
-0.001141
-0.000258
-0.001339
0.000395
0.000972
0.000903
0.001241
0.000448
0.000108
0.000062
0.000058
0.000052
0.000052
0.000047
0.000049
0.000047
0.000046
0.000041
0.000038
0.000038
0.000041
0.000039
0.000039
0.000040
0.000047
0.000050
0.000055
0.000054
0.000051
0.000047
0.000044
0.000045
0.000041
0.000046
0.000050
0.000050
0.000043
0.000044
0.000050
0.000049
-0.000596
0.000090
0.000061
0.000064
0.000080
0.000070
0.000062
0.000053
0.000053
0.000051
0.000047
0.000035
0.000040
0.000033
0.000071
0.000345
0.004201
-0.001023
-0.000254
0.000029
0.000045
0.000000
-0.000292
0.000342
0.000415
-0.000043
0.000280
0.000144
0.000191
0.000167
-0.000079
-0.001399
-0.002592
-0.001893
-0.001471
0.000204
0.001196
0.001496
0.001242
0.001375
0.000859
0.000212
0.000191
0.000216
0.000071
0.000099
0.000036
0.000051
0.000053
0.000038
0.000048
0.000046
0.000042
0.000042
0.000040
0.000040
0.000043
0.000044
0.000052
0.000055
0.000053
0.000044
0.000042
0.000042
0.000044
0.000044
0.000046
0.000045
0.000044
0.000044
0.000045
0.000056
0.000049
0.000036
0.000067
0.000059
0.000062
0.000066
0.000074
0.000067
0.000055
0.000065
0.000062
0.000056
0.000052
0.000052
0.000050
0.000061
0.000362
0.001888
-0.006662
-0.000512
0.000040
-0.000144
-0.000939
0.000837
0.002202
0.001150
-0.000389
0.000665
0.001281
0.000787
0.000127
-0.000221
-0.000068
-0.000305
-0.000517
-0.000563
0.000182
0.001974
0.001806
0.001684
0.001669
0.001491
0.000585
0.000305
0.000225
0.000118
0.001015
-0.000118
0.000013
0.000046
0.000035
0.000037
0.000044
0.000045
0.000044
0.000043
0.000040
0.000040
0.000043
0.000051
0.000054
0.000050
0.000049
0.000046
0.000046
0.000048
0.000046
0.000045
0.000048
0.000051
0.000048
0.000050
0.000044
0.000041
0.000034
0.000048
0.000071
0.000080
0.000076
0.000066
0.000058
0.000050
0.000055
0.000060
0.000063
0.000054
0.000064
0.000048
0.000053
0.000441
0.001805
-0.000509
-0.001465
-0.000014
-0.000461
0.000164
0.000741
0.000710
0.001138
0.001529
0.000395
0.001510
0.001538
0.000525
0.000224
0.000081
-0.000104
-0.000172
-0.000081
-0.000074
0.001448
0.001348
0.001564
0.001864
0.001725
0.000774
0.000322
0.000710
0.000503
0.001682
0.000907
-0.000041
0.000036
0.000045
0.000047
0.000048
0.000054
0.000047
0.000044
0.000043
0.000047
0.000049
0.000049
0.000047
0.000045
0.000047
0.000046
0.000043
0.000039
0.000045
0.000047
0.000056
0.000061
0.000053
0.000041
0.000043
0.000041
0.000037
0.000037
0.000081
0.000087
0.000072
0.000067
0.000067
0.000063
0.000055
0.000066
0.000067
0.000063
0.000048
0.000038
0.000065
0.000186
0.001041
0.001278
0.002096
0.000104
0.000028
0.000416
0.000432
0.000551
0.000515
0.000274
0.003299
0.001326
0.003067
0.001403
0.001326
0.000469
0.000109
0.000011
0.000064
0.000168
0.000395
0.000649
0.000802
0.001609
0.001857
0.000746
0.000841
0.001195
0.000420
0.000530
0.001187
0.001326
0.000233
0.000031
0.000042
0.000044
0.000043
0.000044
0.000043
0.000051
0.000050
0.000045
0.000043
0.000047
0.000049
0.000045
0.000041
0.000042
0.000043
0.000044
0.000051
0.000056
0.000065
0.000048
0.000048
0.000042
0.000048
0.000035
0.000063
0.000085
0.000080
0.000076
0.000052
0.000049
0.000048
0.000058
0.000063
0.000053
-0.000138
-0.000018
-0.000161
0.000054
0.000109
0.000292
0.000136
0.000467
0.000306
0.000250
0.000231
0.000269
0.000242
0.000417
0.000429
0.000512
0.002036
0.003373
0.001918
0.001037
0.002211
0.000024
-0.000083
0.000191
0.000267
-0.000040
-0.000006
0.000067
0.000246
0.000607
-0.000001
0.000509
0.001009
-0.000348
-0.000190
0.001124
0.001698
0.001870
0.000237
0.000040
0.000045
0.000046
0.000044
0.000046
0.000047
0.000040
0.000041
0.000042
0.000052
0.000051
0.000044
0.000044
0.000047
0.000047
0.000045
0.000059
0.000064
0.000058
0.000056
0.000053
0.000048
0.000050
0.000035
0.000067
0.000066
0.000074
0.000072
0.000050
0.000048
0.000046
0.000047
0.000045
-0.000082
-0.000035
0.000086
0.000203
0.000065
0.000031
0.000034
0.000051
0.000190
0.000266
0.000172
0.000133
0.000175
0.000154
0.000122
0.000132
0.000073
0.000048
-0.000381
-0.000556
-0.000728
0.001280
-0.003595
-0.003003
-0.000047
-0.000066
-0.000275
0.001045
0.001891
0.000480
0.001685
0.002599
0.003790
0.000464
-0.000877
0.000214
0.000798
0.001146
0.002374
0.002408
0.000215
0.000052
0.000052
0.000048
0.000042
0.000045
0.000041
0.000038
0.000047
0.000046
0.000044
0.000045
0.000050
0.000048
0.000047
0.000055
0.000057
0.000056
0.000054
0.000053
0.000051
0.000047
0.000045
0.000043
0.000059
0.000075
0.000067
0.000075
0.000042
0.000038
0.000034
0.000043
0.000040
0.000032
-0.000049
0.000083
0.000105
0.000026
0.000019
0.000019
0.000017
0.000020
0.000017
0.000026
0.000014
0.000003
0.000082
0.001032
0.000107
-0.000771
-0.001380
-0.002389
-0.002912
-0.005140
-0.006092
-0.003146
-0.002180
0.000050
0.000599
-0.000139
0.000512
0.002236
0.000709
0.003219
0.001480
0.000998
0.001224
0.001236
0.000347
0.000262
0.000862
0.001961
0.002442
0.001901
0.000148
0.000049
0.000047
0.000043
0.000040
0.000045
0.000044
0.000045
0.000043
0.000047
0.000048
0.000050
0.000051
0.000055
0.000061
0.000056
0.000050
0.000047
0.000046
0.000047
0.000053
0.000053
0.000048
0.000041
0.000057
0.000059
0.000060
0.000051
0.000037
0.000031
0.000034
0.000037
0.000031
0.000028
0.000032
0.000030
0.000022
0.000018
0.000013
0.000014
0.000014
0.000019
0.000018
0.000018
0.000797
0.000705
0.001230
0.000855
-0.000071
-0.001411
-0.001821
-0.002980
-0.006094
-0.005620
-0.004268
-0.001786
-0.000177
0.000454
-0.000162
-0.000518
0.000128
0.000819
0.002128
0.001240
0.002065
0.002223
0.001961
0.001585
-0.000224
-0.000550
-0.000307
0.000987
0.001437
0.000290
-0.000473
0.000050
0.000044
0.000050
0.000042
0.000034
0.000034
0.000042
0.000056
0.000062
0.000054
0.000057
0.000049
0.000051
0.000053
0.000055
0.000050
0.000044
0.000041
0.000052
0.000053
0.000043
0.000053
0.000044
0.000049
0.000050
0.000047
0.000040
0.000032
0.000029
0.000028
0.000028
0.000032
0.000026
0.000019
0.000014
0.000011
0.000011
0.000012
0.000012
0.000006
-0.000008
0.000255
0.000487
0.000544
0.000630
0.000837
0.000366
-0.001233
-0.001018
-0.002795
-0.005733
-0.004397
-0.004663
-0.001415
-0.000169
0.000753
-0.000359
-0.000670
-0.000215
-0.000474
0.001098
0.001378
0.000585
0.000599
0.000678
0.000586
0.000181
-0.000992
0.000352
0.000586
-0.001988
-0.007403
-0.010680
0.000102
0.000043
0.000047
0.000046
0.000039
0.000042
0.000055
0.000067
0.000051
0.000056
0.000062
0.000053
0.000049
0.000031
0.000047
0.000047
0.000043
0.000043
0.000048
0.000042
0.000042
0.000044
0.000035
0.000032
0.000052
0.000046
0.000036
0.000037
0.000027
0.000029
0.000026
0.000028
0.000032
0.000019
0.000013
0.000013
0.000013
0.000009
-0.000012
-0.000045
-0.000048
-0.000017
0.000321
0.000526
0.000458
0.000784
0.000680
-0.000422
-0.000336
-0.003635
-0.005945
-0.004613
-0.004526
-0.001400
0.000042
-0.000040
0.000109
-0.000335
-0.000350
-0.000497
-0.001190
-0.000901
-0.001236
0.000213
-0.000304
-0.000622
-0.002654
-0.000563
0.000516
-0.001669
-0.006775
-0.012016
-0.011204
-0.006569
0.000129
0.000042
0.000044
0.000042
0.000044
0.000053
0.000046
0.000055
0.000049
0.000048
0.000049
0.000057
-0.000017
0.000040
0.000039
0.000043
0.000044
0.000044
0.000041
0.000045
0.000033
0.000040
0.000044
0.000048
0.000050
0.000035
0.000033
0.000036
0.000031
0.000026
0.000021
0.000024
0.000028
0.000018
0.000015
0.000001
-0.000012
-0.000043
-0.000056
-0.000062
-0.000086
0.000049
0.000294
0.000309
0.000357
0.000058
-0.000323
-0.000043
-0.003933
-0.005584
-0.003570
-0.002653
-0.000822
0.000327
0.000609
0.000061
-0.000305
-0.000383
-0.000160
-0.001603
-0.001576
-0.002095
-0.001925
-0.001612
-0.001156
-0.000384
-0.002074
-0.000309
-0.004344
-0.008137
-0.012358
-0.007322
-0.002905
-0.000157
0.000885
0.000259
0.000032
0.000045
0.000049
0.000011
0.000042
0.000041
0.000044
0.000053
0.000052
0.000045
0.000037
0.000040
0.000039
0.000044
0.000043
0.000038
0.000038
0.000039
0.000038
0.000039
0.000043
0.000040
0.000030
0.000034
0.000036
0.000042
0.000027
0.000025
0.000031
0.000021
0.000001
0.000014
-0.000028
-0.000044
-0.000049
-0.000057
-0.000057
-0.000074
-0.000118
0.000133
0.000326
0.000011
-0.000414
0.001129
0.000653
-0.003304
-0.005410
-0.004250
-0.003196
-0.002046
-0.000936
0.000212
-0.000206
-0.000394
-0.000451
-0.000855
-0.002268
-0.002562
-0.002467
-0.001931
-0.001474
-0.001077
-0.001216
0.000186
-0.001326
-0.006537
-0.007510
-0.004761
-0.002692
0.000996
0.002944
0.003484
0.004985
0.000108
-0.000015
0.000047
0.000041
0.000038
0.000039
0.000052
0.000054
0.000042
0.000042
0.000043
0.000046
0.000042
0.000042
0.000041
0.000041
0.000046
0.000034
0.000037
0.000034
0.000034
0.000038
0.000032
0.000024
0.000021
0.000021
0.000034
0.000032
0.000017
0.000020
-0.000036
-0.000030
-0.000041
-0.000047
-0.000049
-0.000057
-0.000063
-0.000070
-0.000086
-0.000008
0.000295
0.000024
0.000184
0.000831
-0.000125
-0.001111
-0.004754
-0.003970
-0.003676
-0.002409
-0.001311
-0.000460
-0.000476
-0.000650
-0.001036
-0.001324
-0.002434
-0.002589
-0.002488
-0.001871
-0.001404
-0.001201
-0.001389
-0.001208
0.000029
-0.001876
-0.002105
-0.000843
0.001842
0.013447
0.011815
0.006430
0.005845
0.000827
-0.000449
0.000012
0.000019
0.000016
0.000037
0.000038
0.000042
0.000041
0.000039
0.000014
0.000021
0.000038
0.000040
0.000042
0.000038
0.000041
0.000028
0.000035
0.000029
0.000030
0.000033
0.000023
0.000020
0.000020
0.000022
0.000016
0.000013
0.000022
-0.000021
-0.000030
-0.000036
-0.000039
-0.000046
-0.000047
-0.000056
-0.000065
-0.000066
0.000000
0.000007
-0.000032
-0.000124
-0.000246
-0.000125
-0.000165
-0.000069
-0.004932
-0.005061
-0.004118
-0.003717
-0.002442
-0.001497
-0.000947
-0.000799
-0.000992
-0.001445
-0.002600
-0.002958
-0.002757
-0.002145
-0.001629
-0.001545
-0.001589
-0.001816
-0.001930
-0.000514
-0.000283
0.000757
0.005918
0.016181
0.017928
0.009544
0.003758
0.000248
0.000566
-0.000257
-0.000004
0.000614
0.000007
-0.000002
0.000038
0.000041
0.000040
-0.000045
0.000025
0.000036
0.000037
0.000038
0.000042
0.000034
0.000023
0.000030
0.000021
0.000025
0.000024
0.000020
0.000021
0.000020
0.000018
0.000023
0.000024
0.000017
0.000006
0.000005
0.000002
-0.000033
0.000007
0.000009
0.000009
0.000005
0.000002
0.000021
0.000021
0.000018
0.000021
0.000024
0.000025
0.000023
0.000019
-0.000038
-0.000051
-0.004373
-0.003348
-0.002591
-0.001987
-0.001370
-0.001147
-0.001343
-0.002731
-0.002756
-0.003087
-0.003172
-0.002576
-0.002477
-0.002549
-0.003127
-0.004061
-0.003731
-0.003089
-0.000485
0.003532
0.012940
0.017096
0.012363
0.008820
0.002542
0.002253
0.002766
0.000897
0.001267
0.002094
0.001462
0.000666
0.000005
0.000014
0.000023
0.000035
0.000033
0.000034
0.000035
0.000039
0.000065
0.000034
0.000025
0.000012
0.000022
0.000018
0.000021
0.000023
0.000021
0.000020
0.000020
0.000022
0.000025
0.000021
0.000023
0.000023
0.000021
0.000014
0.000022
0.000022
0.000019
0.000004
-0.000006
0.000021
0.000021
0.000021
0.000022
0.000023
0.000024
0.000021
0.000022
0.000020
0.000020
-0.000869
-0.000770
-0.000336
-0.000150
-0.000066
-0.000026
-0.001611
-0.002121
-0.002592
-0.002970
-0.003163
-0.003525
-0.005426
-0.006359
-0.007145
-0.008561
-0.004613
-0.002808
-0.004038
0.001602
0.011295
0.011299
0.003727
0.001499
-0.000543
0.002352
0.000906
0.000511
0.000264
0.000510
0.000405
0.000149
0.000042
0.000032
0.000031
0.000028
0.000028
0.000029
0.000035
0.000039
0.000037
0.000028
0.000024
0.000020
0.000022
0.000020
0.000019
0.000017
0.000017
0.000022
0.000024
0.000025
0.000019
0.000025
0.000019
0.000022
0.000022
0.000014
0.000018
0.000018
0.000017
0.000018
0.000019
0.000017
0.000021
0.000022
0.000021
0.000022
0.000022
0.000023
0.000023
0.000023
0.000024
0.000022
0.000021
0.000021
0.000021
0.000020
0.000022
-0.000024
-0.000028
-0.000074
-0.000010
-0.000085
-0.000430
-0.000289
-0.005653
-0.006302
-0.005619
-0.003881
-0.003887
-0.004110
-0.004279
0.002392
0.000263
-0.001521
-0.000943
-0.001068
0.000345
0.000204
0.000053
0.000033
0.000044
0.000037
0.000026
0.000029
0.000029
0.000028
0.000028
0.000030
0.000031
0.000031
0.000036
0.000033
0.000027
0.000024
0.000023
0.000022
0.000021
0.000017
0.000022
0.000023
0.000027
0.000033
0.000033
0.000027
0.000016
0.000025
0.000027
0.000026
0.000026
0.000018
0.000018
0.000020
0.000018
0.000017
0.000015
0.000021
0.000020
0.000020
0.000020
0.000019
0.000022
0.000023
0.000021
0.000023
0.000023
0.000021
0.000023
0.000021
0.000022
0.000018
0.000018
0.000020
0.000022
0.000022
0.000020
0.000001
-0.000033
0.000150
-0.004984
-0.004987
-0.005012
-0.004589
-0.004256
-0.004021
0.000003
0.000869
0.000441
0.000538
0.000238
0.000089
0.000036
0.000026
0.000022
0.000020
0.000019
0.000026
0.000025
0.000025
0.000024
0.000030
0.000028
0.000028
0.000030
0.000028
0.000027
0.000026
0.000025
0.000028
0.000026
0.000022
0.000024
0.000026
0.000027
0.000033
0.000031
0.000029
0.000027
0.000021
0.000023
0.000025
0.000025
0.000023
0.000021
0.000022
0.000021
0.000021
0.000017
0.000016
0.000020
0.000019
0.000018
0.000020
0.000017
0.000022
0.000024
0.000021
0.000025
0.000024
0.000022
0.000021
0.000021
0.000022
0.000019
0.000020
0.000020
0.000021
0.000022
0.000017
0.000013
-0.000004
0.000014
-0.000071
-0.005794
-0.005000
-0.003650
-0.002992
-0.001438
0.000020
0.000830
-0.000050
0.000028
0.000024
0.000019
0.000024
0.000019
0.000021
0.000020
0.000025
0.000030
0.000024
0.000025
0.000028
0.000029
0.000028
0.000028
0.000029
0.000025
0.000023
0.000025
0.000028
0.000028
0.000029
0.000029
0.000031
0.000033
0.000031
0.000032
0.000031
0.000030
0.000030
0.000029
0.000023
0.000022
0.000018
0.000023
0.000022
0.000018
0.000018
0.000023
0.000023
0.000020
0.000020
0.000022
0.000022
0.000023
0.000021
0.000019
0.000024
0.000025
0.000026
0.000024
0.000024
0.000024
0.000024
0.000021
0.000020
0.000019
0.000020
0.000022
0.000024
0.000014
0.000007
0.000021
0.000017
0.000018
-0.000841
-0.003896
-0.002905
-0.002463
-0.001314
0.000842
0.000620
0.000084
0.000019
0.000010
0.000020
0.000022
0.000019
0.000019
0.000023
0.000031
0.000028
0.000027
0.000014
0.000017
0.000027
0.000027
0.000027
0.000024
0.000024
0.000028
0.000036
0.000028
0.000028
0.000029
0.000031
0.000029
0.000033
0.000031
0.000030
0.000032
0.000033
0.000031
0.000030
0.000026
0.000020
0.000026
0.000023
0.000023
0.000016
0.000021
0.000021
0.000021
0.000020
0.000021
0.000027
0.000026
0.000025
0.000027
0.000027
0.000028
0.000028
0.000027
0.000026
0.000025
0.000025
0.000024
0.000021
0.000020
0.000021
0.000024
0.000026
0.000027
0.000020
0.000018
0.000026
0.000020
0.000021
0.000019
-0.000744
-0.002432
-0.001780
0.000095
0.001090
0.000283
0.000048
0.000031
0.000023
0.000023
0.000023
0.000017
0.000018
0.000023
0.000024
0.000030
0.000036
-0.000037
0.000023
0.000028
0.000028
0.000025
0.000026
0.000029
0.000034
0.000039
0.000028
0.000028
0.000030
0.000031
0.000031
0.000030
0.000029
0.000032
0.000032
0.000033
0.000031
0.000030
0.000028
0.000024
0.000024
0.000022
0.000022
0.000024
0.000021
0.000024
0.000023
0.000019
0.000020
0.000026
0.000029
0.000028
0.000030
0.000033
0.000031
0.000030
0.000027
0.000026
0.000026
0.000025
0.000024
0.000021
0.000020
0.000023
0.000024
0.000025
0.000023
0.000022
0.000026
0.000025
0.000021
0.000020
0.000021
0.000022
-0.000199
-0.000096
0.000385
0.000328
0.000046
0.000019
0.000021
0.000021
0.000022
0.000023
0.000022
0.000025
0.000023
0.000025
0.000025
0.000025
0.000024
0.000025
0.000030
0.000022
0.000024
0.000028
0.000033
0.000036
0.000039
0.000030
0.000030
0.000032
0.000032
0.000024
0.000028
0.000027
0.000028
0.000032
0.000035
0.000032
0.000030
0.000029
0.000029
0.000024
0.000024
0.000023
0.000023
0.000023
0.000022
0.000023
0.000023
0.000023
0.000026
0.000030
0.000030
0.000029
0.000031
0.000031
0.000026
0.000031
0.000030
0.000029
0.000030
0.000023
0.000022
0.000026
0.000028
0.000016
0.000026
0.000027
0.000023
0.000023
0.000017
0.000019
0.000019
0.000019
0.000000
0.000021
0.000030
0.000033
0.000086
0.000020
0.000016
0.000020
0.000021
0.000020
0.000021
0.000025
0.000023
0.000023
0.000023
0.000023
0.000022
0.000024
0.000027
0.000023
0.000026
0.000027
0.000032
0.000033
0.000031
0.000031
0.000030
0.000031
0.000028
0.000028
0.000029
0.000026
0.000028
0.000030
0.000030
0.000031
0.000029
0.000030
0.000024
0.000024
0.000023
0.000026
0.000024
0.000020
0.000023
0.000024
0.000024
0.000023
0.000025
0.000029
0.000032
0.000029
0.000031
0.000030
0.000030
0.000028
0.000029
0.000030
0.000032
0.000025
0.000021
0.000022
0.000028
0.000026
0.000027
0.000028
0.000029
0.000026
0.000024
0.000020
0.000024
0.000022
0.000020
0.000017
0.000020
0.000019
0.000016
0.000018
0.000016
0.000015
0.000019
0.000020
0.000019
0.000017
0.000022
0.000023
0.000025
0.000023
0.000019
0.000019
0.000026
0.000028
0.000025
0.000025
0.000033
0.000036
0.000029
0.000031
0.000034
0.000027
0.000028
0.000031
0.000029
0.000028
0.000030
0.000028
0.000030
0.000029
0.000028
0.000027
0.000025
0.000021
0.000018
0.000020
0.000020
0.000022
0.000022
0.000021
0.000021
0.000022
0.000024
0.000025
0.000027
0.000030
0.000028
0.000028
0.000027
0.000028
0.000029
0.000028
0.000029
0.000030
0.000029
0.000024
0.000019
0.000025
0.000027
0.000027
0.000027
0.000028
0.000022
0.000020
0.000020
0.000020
0.000022
0.000020
0.000020
0.000022
0.000020
0.000018
0.000017
0.000013
0.000015
0.000017
0.000019
0.000018
0.000017
0.000020
0.000024
0.000024
0.000023
0.000022
0.000019
0.000025
0.000031
0.000025
0.000032
0.000031
0.000030
0.000029
0.000031
0.000027
