0.000650
0.000675
0.000674
0.000632
0.000735
0.000722
0.000676
0.000438
0.000452
0.000438
0.000509
-0.000603
0.000850
0.000881
0.000860
0.000822
0.000734
0.000584
0.000593
0.000493
0.000542
0.000571
0.000682
0.000695
0.000712
0.000645
0.000597
0.000683
0.000603
0.000499
0.000530
0.000674
0.000782
0.000770
0.000694
0.000826
0.000733
0.000657
0.000796
0.000704
0.000767
0.000721
0.000626
0.000575
0.000554
0.000482
0.000501
0.000528
0.000557
0.000533
0.000536
0.000483
0.000429
0.000416
0.000459
0.000496
0.000458
0.000424
0.000484
0.000459
0.000586
0.000580
0.000821
0.000690
0.000582
0.000678
-0.001158
0.000672
0.000681
0.000633
0.000061
0.000633
0.000195
0.000520
0.000521
0.000524
0.000486
0.000491
0.000605
0.000620
0.000582
0.000535
0.000524
0.000613
0.000605
0.000664
0.000672
0.000709
0.000699
0.000595
0.000679
0.000653
0.000600
0.000646
0.000571
0.000710
0.000737
0.000743
0.000811
0.000815
0.000971
0.000894
0.000630
0.000512
0.000746
0.000803
0.000831
0.000821
0.000831
0.000713
0.000559
0.000649
0.000658
0.000692
0.000771
0.000722
0.000595
0.000630
0.000564
0.000533
0.000552
0.000674
0.000619
0.000562
0.000490
0.000500
0.000535
0.000491
0.000531
0.000529
0.000458
0.000524
0.000594
0.000579
0.000625
0.000688
0.000555
0.000563
0.000506
0.000616
0.000636
0.000598
0.000565
0.000345
0.000365
0.000769
0.000512
0.000499
0.000440
0.000445
0.000470
0.000545
0.000569
0.000533
0.000612
0.000547
0.000655
0.000664
0.000675
0.000635
0.000587
0.000544
0.000619
0.000735
0.000686
0.000683
0.000628
0.000527
0.000581
0.000651
0.000696
0.000812
0.000855
0.000857
0.000886
0.000669
0.000555
0.000620
0.000797
0.000756
0.000786
0.000851
0.000760
0.000715
0.000635
0.000669
0.000754
0.000786
0.000767
0.000676
0.000621
0.000634
0.000601
0.000631
0.000627
0.000457
0.000585
0.000553
0.000489
0.000505
0.000504
0.000540
0.000518
0.000516
0.000522
0.000516
0.000562
0.000554
0.000650
0.000530
0.000628
0.000435
0.000524
0.000671
0.000527
0.000521
0.000539
0.000500
0.000759
0.000563
0.000520
0.000439
0.000470
0.000452
0.000410
0.000577
0.000622
0.000626
0.000540
0.000601
0.000694
0.000617
0.000653
0.000597
0.000594
0.000649
0.000593
0.000548
0.000718
0.000658
0.000604
0.000587
0.000651
0.000664
0.000772
0.000839
0.000845
0.000867
0.000864
0.000696
0.000721
0.000748
0.000849
0.000691
0.000874
0.000885
0.000769
0.000511
0.000691
0.000769
0.000713
0.000768
0.000660
0.000608
0.000624
0.000575
0.000627
0.000655
0.000648
0.000562
0.000466
0.000530
0.000510
0.000556
0.000522
0.000522
0.000485
0.000503
0.000575
0.000570
0.000519
0.000553
0.000722
0.000664
0.000443
0.000498
0.000524
0.000566
0.000540
0.000548
0.000552
0.000698
0.000479
0.000526
0.000541
0.000492
0.000464
0.000403
0.000527
0.000594
0.000669
0.000677
0.000573
0.000528
0.000629
0.000679
0.000663
0.000663
0.000666
0.000686
0.000674
0.000656
0.000724
0.000627
0.000475
0.000436
0.000606
0.000669
0.000761
0.000807
0.000874
0.000871
0.000809
0.000572
0.000637
0.000778
0.000744
0.000935
0.000880
0.000767
0.000553
0.000566
0.000655
0.000535
0.000677
0.000669
0.000541
0.000548
0.000557
0.000570
0.000552
0.000498
0.000464
0.000513
0.000494
0.000492
0.000530
0.000410
0.000436
0.000451
0.000234
0.000525
0.000503
0.000430
0.000606
0.000658
0.000642
0.000623
0.000535
0.000475
0.000523
0.000498
0.000599
0.000588
-0.002169
0.000470
0.000436
0.000518
0.000462
0.000418
0.000407
0.000475
0.000534
0.000597
0.000569
0.000472
0.000472
0.000638
0.000631
0.000769
0.000700
0.000599
0.000649
0.000679
0.000680
0.000655
0.000622
0.000542
0.000479
0.000592
0.000663
0.000733
0.000642
0.000715
0.000706
0.000781
0.000729
0.000763
0.000689
0.000714
0.000836
0.000861
0.000869
0.000610
0.000562
0.000508
0.000594
0.000625
0.000709
0.000623
0.000619
0.000573
0.000525
0.000413
0.000375
0.000400
0.000415
0.000444
0.000465
0.000451
0.000433
0.000420
0.000392
0.000464
0.000513
0.000510
0.000352
0.000338
0.000528
0.000455
0.000415
0.000407
0.000429
0.000482
0.000610
0.000554
0.000573
0.000717
0.000437
0.000465
0.000457
0.000415
0.000473
0.000424
0.000428
0.000482
0.000532
0.000495
0.000464
0.000376
0.000479
0.000593
0.000660
0.000745
0.000655
0.000668
0.000741
0.000741
0.000704
0.000693
0.000614
0.000604
0.000600
0.000655
0.000668
0.000697
0.000593
0.000740
0.000670
0.000698
0.000777
0.000884
0.000906
0.000869
0.000891
0.000843
0.000583
0.000532
0.000668
0.000688
0.000605
0.000785
0.000703
0.000540
0.000497
0.000482
0.000406
0.000429
0.000493
0.000472
0.000438
0.000374
0.000432
0.000384
0.000452
0.000511
0.000603
0.000514
0.000478
0.000359
0.000310
0.000323
0.000537
0.000485
0.000410
0.000509
0.000593
0.000575
0.000619
0.000538
0.000688
0.000428
0.000461
0.000419
0.000443
0.000424
0.000464
0.000393
0.000434
0.000504
0.000410
0.000427
0.000431
0.000384
0.000546
0.000610
0.000657
0.000672
0.000645
0.000790
0.000770
0.000743
0.000729
0.000720
0.000684
0.000776
0.000756
0.000669
0.000755
0.000767
0.000803
0.000773
0.000682
0.000819
0.000826
0.000865
0.000759
0.000811
0.000755
0.000718
0.000534
0.000631
0.000747
0.000705
0.000637
0.000700
0.000638
0.000527
0.000519
0.000474
0.000473
0.000475
0.000534
0.000522
0.000475
0.000472
0.000329
0.000415
0.000505
0.000574
0.000543
0.000387
0.000392
0.000382
0.000418
0.000484
0.000520
0.000456
0.000466
0.000536
0.000493
0.000539
0.000605
0.000464
0.000471
0.000482
0.000475
0.000363
0.000360
0.000415
0.000358
0.000394
0.000437
0.000487
0.000433
0.000381
0.000362
0.000536
0.000674
0.000701
0.000709
0.000685
0.000726
0.000714
0.000770
0.000840
0.000875
0.000753
0.000861
0.000903
0.000745
0.000743
0.000746
0.000773
0.000830
0.000826
0.000812
0.000797
0.000854
0.000892
0.000842
0.000822
0.000826
0.000555
0.000604
0.000595
0.000648
0.000565
0.000702
0.000626
0.000629
0.000583
0.000554
0.000451
0.000399
0.000488
0.000505
0.000442
0.000477
0.000504
0.000532
0.000581
0.000503
0.000495
0.000437
0.000445
0.000453
0.000428
0.000466
0.000504
0.000447
0.000432
0.000547
0.000521
0.000434
0.000507
0.001326
0.000508
0.000417
0.000480
0.000436
0.000384
0.000459
0.000410
0.000503
0.000482
0.000463
0.000398
0.000389
0.000366
0.000477
0.000623
0.000677
0.000627
0.000587
0.000506
0.000609
0.000826
0.000883
0.000928
0.000891
0.001024
0.000969
0.000784
0.000726
0.000743
0.000785
0.000819
0.000699
0.000710
0.000779
0.000784
0.000794
0.000793
0.000842
0.000740
0.000577
0.000606
0.000599
0.000626
0.000590
0.000741
0.000674
0.000704
0.000664
0.000557
0.000490
0.000358
0.000389
0.000346
0.000397
0.000544
0.000605
0.000631
0.000506
0.000556
0.000471
0.000527
0.000501
0.000514
0.000400
0.000452
0.000494
0.000471
0.000553
0.000536
0.000541
0.000565
0.000596
0.000549
0.000559
0.000485
0.000503
0.000431
0.000406
0.000484
0.000450
0.000429
0.000409
0.000471
0.000385
0.000352
0.000362
0.000433
0.000578
0.000627
0.000640
0.000615
0.000532
0.000613
0.000790
0.000811
0.000851
0.000910
0.001050
0.000963
0.000946
0.000724
0.000746
0.000647
0.000793
0.000780
0.000816
0.000749
0.000696
0.000764
0.000872
0.000823
0.000725
0.000520
0.000601
0.000623
0.000558
0.000642
0.000619
0.000685
0.000630
0.000686
0.000593
0.000495
0.000365
0.000420
0.000439
0.000318
0.000476
0.000624
0.000453
0.000624
0.000613
0.000551
0.000543
0.000601
0.000468
0.000471
0.000458
0.000496
0.000608
0.000569
0.000470
0.000568
0.000581
0.000726
0.000568
0.000392
0.000513
0.000395
0.000408
0.000512
0.000489
0.000393
0.000352
0.000372
0.000345
0.000406
0.000423
0.000385
0.000415
0.000382
0.000591
0.000577
0.000647
0.000574
0.000588
0.000680
0.000724
0.000822
0.000865
0.000946
0.000836
0.000908
0.000950
0.000844
0.000772
0.000834
0.000836
0.000803
0.000759
0.000772
0.000812
0.000800
0.000785
0.000795
0.000740
0.000639
0.000605
0.000612
0.000510
0.000628
0.000633
0.000667
0.000651
0.000546
0.000500
0.000288
0.000416
0.000498
0.000466
0.000421
0.000496
0.000605
0.000610
0.000667
0.000549
0.000552
0.000563
0.000471
0.000445
0.000478
0.000504
0.000608
0.000490
0.000507
0.000518
0.000512
0.000578
0.000459
0.000479
0.000517
0.000401
0.000364
0.000435
0.000448
0.000355
0.000345
0.000354
0.000353
0.000424
0.000452
0.000457
0.000404
0.000350
0.000535
0.000630
0.000699
0.000677
0.000639
0.000634
0.000781
0.000831
0.000876
0.000820
0.000756
0.000913
0.000961
0.000823
0.000846
0.000754
0.000937
0.000964
0.000867
0.000876
0.000939
0.000916
0.000767
0.000887
0.000824
0.000696
0.000645
0.000561
0.000563
0.000650
0.000638
0.000693
0.000618
0.000541
0.000421
0.000423
0.000482
0.000551
0.000554
0.000478
0.000534
0.000606
0.000643
0.000673
0.000514
0.000517
0.000585
0.000521
0.000448
0.000547
0.000555
0.000589
0.000440
0.000652
0.000669
0.000610
0.000634
0.000725
0.000485
0.000481
0.000470
0.000486
0.000469
0.000434
0.000402
0.000362
0.000292
0.000348
0.000421
0.000401
0.000398
0.000368
0.000362
0.000470
0.000583
0.000622
0.000649
0.000681
0.000690
0.000691
-0.000309
-0.001385
-0.001110
-0.000035
0.000189
0.000650
0.000837
0.000846
0.000868
0.000889
0.000826
0.000896
0.000876
0.000892
0.000909
0.000873
0.000832
0.000706
0.000680
0.000591
0.000571
0.000554
0.000624
0.000652
0.000662
0.000625
0.000608
0.000401
0.000372
0.000414
0.000495
0.000529
0.000560
0.000601
0.000658
0.000664
0.000551
0.000536
0.000547
0.000579
0.000607
0.000543
0.000547
0.000485
0.000502
0.000544
0.000561
0.000581
0.000517
0.000674
0.000345
0.000499
0.000522
0.000423
0.000456
0.000394
0.000398
0.000373
0.000320
0.000338
0.000325
0.000341
0.000378
0.000354
0.000333
0.000299
0.000435
0.000582
0.000613
0.000711
0.000730
0.000661
0.000062
-0.005673
-0.024636
-0.028627
-0.023751
-0.015833
-0.014895
-0.001655
0.000760
0.000749
0.000897
0.000962
0.000931
0.000901
0.000876
0.000914
0.000913
0.000748
0.000687
0.000642
0.000602
0.000577
0.000599
0.000663
0.000637
0.000652
0.000674
0.000609
0.000448
0.000405
0.000273
0.000444
0.000499
0.000611
0.000669
0.000741
0.000628
0.000681
0.000620
0.000538
0.000623
0.000702
0.000712
0.000585
0.000657
0.000606
0.000564
0.000661
0.000625
0.000707
0.000743
0.000255
0.000423
0.000523
0.000464
0.000473
0.000333
0.000298
0.000326
0.000299
0.000280
0.000282
0.000251
0.000337
0.000387
0.000362
0.000298
0.000353
0.000567
0.000635
0.000712
0.000684
0.000108
-0.002421
-0.002582
-0.009794
-0.010698
-0.009865
-0.016007
-0.048706
-0.067276
-0.019915
-0.002761
0.000567
0.000944
0.001018
0.000974
0.000931
0.000947
0.000879
0.000752
0.000601
0.000516
0.000367
0.000532
0.000627
0.000680
0.000661
0.000678
0.000665
0.000588
0.000509
0.000483
0.000503
0.000471
0.000445
0.000542
0.000517
0.000508
0.000571
0.000697
0.000681
0.000634
0.000602
0.000696
0.000610
0.000612
0.000481
0.000561
0.000566
0.000668
0.000617
0.000757
0.000828
0.000392
0.000440
0.000462
0.000484
0.000394
0.000302
0.000254
0.000252
0.000284
0.000247
0.000230
0.000230
0.000288
0.000377
0.000328
0.000342
0.000332
0.000492
0.000477
0.000631
0.000709
-0.000191
-0.004394
-0.010827
-0.015901
-0.013403
-0.015118
-0.014893
-0.025258
-0.061386
-0.005364
0.000846
0.000882
0.001014
0.001035
0.000922
0.000976
0.000892
0.000835
0.000781
0.000711
0.000444
0.000159
0.000521
0.000727
0.000648
0.000650
0.000627
0.000661
0.000551
0.000513
0.000513
0.000429
0.000487
0.000444
0.000483
0.000539
0.000572
0.000651
0.000684
0.000686
0.000671
0.000730
0.000691
0.000588
0.000554
0.000667
0.000691
0.000635
0.000642
0.000837
0.000920
0.000876
-0.001100
0.000451
0.000427
0.000413
0.000310
0.000253
0.000238
0.000260
0.000205
0.000241
0.000207
0.000259
0.000304
0.000341
0.000288
-0.000608
0.000013
0.000219
0.000936
0.000961
0.000628
0.000436
0.000337
-0.000277
-0.000635
-0.000420
0.001909
0.000064
-0.009190
-0.003360
0.000834
0.000750
0.000838
0.000789
0.001031
0.001318
0.001400
0.000988
0.000855
0.000909
0.000737
0.000761
0.000508
0.000657
0.000742
0.000724
0.000690
0.000611
0.000655
0.000582
0.000562
0.000479
0.000462
0.000463
0.000491
0.000427
0.000495
0.000665
0.000625
0.000709
0.000742
0.000800
0.000775
0.000627
0.000617
0.000540
0.000761
0.000736
0.000486
0.000780
0.000902
0.000980
0.000852
0.000755
0.000417
0.000442
0.000315
0.000279
0.000235
0.000237
0.000228
0.000234
0.000238
0.000250
0.000203
0.000241
0.000277
-0.000476
-0.015009
0.000063
0.000600
0.000812
0.000596
0.000565
0.000570
0.000395
0.000443
0.000888
0.001177
0.003132
0.001746
-0.001407
0.009766
0.001664
-0.002767
-0.004366
-0.003449
0.002867
0.011141
0.011146
0.003799
0.001550
0.001269
0.001071
0.000720
0.000751
0.000666
0.000673
0.000691
0.000716
0.000778
0.000690
0.000587
0.000599
0.000495
0.000452
0.000514
0.000414
0.000431
0.000577
0.000715
0.000681
0.000823
0.000856
0.000924
0.000795
0.000630
0.000612
0.000549
0.000841
0.000908
0.001056
0.001067
0.000916
0.000893
0.000915
0.000792
0.000405
0.000384
0.000281
0.000243
0.000216
0.000208
0.000222
0.000185
0.000233
0.000216
0.000198
0.000206
-0.000407
-0.009800
-0.011123
0.001020
0.000307
0.000471
0.000518
0.000529
0.000648
0.000451
0.000543
0.000960
0.001180
-0.002868
0.002895
0.008542
0.014423
0.006141
0.004926
0.011464
0.008285
0.008246
0.013872
0.019391
0.021465
0.012358
0.007562
0.003584
0.001093
0.000773
0.000760
0.000735
0.000583
0.000611
0.000642
0.000789
0.000647
0.000613
0.000510
0.000566
0.000495
0.000510
0.000478
0.000574
0.000673
0.000872
0.000941
0.000957
0.000733
0.000468
0.000656
0.000670
0.000687
0.000825
0.001046
0.000921
0.000943
0.000965
0.000865
0.000837
0.000718
0.000400
0.000338
0.000280
0.000220
0.000196
0.000194
0.000178
0.000132
0.000148
0.000150
0.000168
0.000425
-0.001001
-0.009181
-0.002969
-0.002536
0.000303
0.000428
0.000460
0.000597
0.000739
0.000673
0.000751
0.000733
-0.001776
-0.000794
0.000567
0.006328
0.008923
0.010053
0.011302
0.009951
0.003240
0.001574
0.007718
0.012210
0.016859
0.018729
0.019381
0.010535
0.001664
0.000696
0.000824
0.000742
0.000748
0.000628
0.000792
0.000798
0.000684
0.000602
0.000590
0.000467
0.000527
0.000489
0.000497
0.000600
0.000733
0.000866
0.000848
0.000809
0.000838
0.000844
0.000701
0.000759
0.000705
0.000826
0.001008
0.000868
0.000851
0.000993
0.000938
0.000832
-0.000596
0.000398
0.000212
0.000199
0.000221
0.000206
0.000151
0.000159
0.000125
0.000082
0.000103
0.000197
0.000058
-0.000508
-0.013239
0.003332
-0.004103
-0.000119
0.000588
0.000630
0.000660
0.000857
0.000598
0.000988
-0.001102
-0.000099
-0.000391
-0.000409
0.002014
0.001550
-0.003194
0.001984
0.006839
0.001755
-0.000007
0.003118
0.004526
0.011132
0.012947
0.015305
0.013687
0.000841
0.000936
0.002753
0.000873
0.001073
0.000730
0.000848
0.000794
0.000577
0.000765
0.000699
0.000611
0.000590
0.000606
0.000646
0.000663
0.000769
0.000763
0.000838
0.000833
0.000755
0.000787
0.000790
0.000821
0.000884
0.000915
0.000954
0.001040
0.001050
0.000908
0.000778
0.000783
0.000770
0.000287
0.000201
0.000179
0.000155
0.000213
0.000171
0.000130
0.000116
0.000077
0.000101
0.000060
0.000064
-0.000082
-0.002288
-0.002536
-0.000258
-0.000138
0.000704
0.000847
0.000884
0.000650
0.004573
0.000639
-0.001244
-0.000183
0.000013
0.001058
0.000951
-0.000738
-0.004507
-0.000839
0.002320
-0.000366
-0.001318
0.000126
0.001563
0.004475
0.007022
0.010878
0.013415
0.002343
0.004735
0.004490
0.002561
0.006162
-0.000157
0.000552
0.000791
0.000544
0.000583
0.000691
0.000760
0.000629
0.000539
0.000562
0.000848
0.000831
0.000917
0.000978
0.000892
0.000906
0.000848
0.000917
0.001032
0.001025
0.001020
0.001103
0.001191
0.001109
0.000997
0.000698
0.000629
0.000739
0.000164
0.000234
0.000188
0.000175
0.000197
0.000162
0.000107
0.000121
0.000071
0.000049
0.000078
0.000079
0.000047
-0.001211
-0.004645
0.023595
0.002930
0.000789
0.000840
0.000803
0.005061
0.007425
0.010328
0.006846
0.001503
0.002682
0.001523
0.000806
0.000379
-0.000292
0.000677
0.000840
-0.001213
-0.001729
-0.000369
0.000710
-0.000147
0.002363
0.004495
0.008345
0.002858
0.005346
0.004107
0.002584
0.002356
0.013711
0.000882
0.000691
0.000683
0.000821
0.000749
0.000776
0.000633
0.000609
0.000816
0.000923
0.000929
0.000846
0.000847
0.000877
0.000884
0.000918
0.000966
0.001056
0.001187
0.001210
0.001211
0.001114
0.001089
0.001030
0.000787
0.000735
0.000980
0.000101
0.000207
0.000176
0.000152
0.000133
0.000127
0.000119
0.000055
0.000049
0.000034
0.000001
-0.000002
-0.000011
-0.000101
-0.003256
0.006754
0.014071
0.002357
0.003013
0.004596
0.008443
0.010956
0.020804
0.019807
0.007249
0.007051
0.004369
0.001129
0.000569
0.000498
0.000625
-0.001343
-0.001437
-0.001047
-0.001204
-0.001018
-0.001269
0.000742
0.001402
0.002039
0.001508
0.002054
0.002270
0.001378
0.000152
0.009547
0.011901
0.001925
0.000497
0.000619
0.000676
0.000727
0.000788
0.000693
0.000947
0.000881
0.000844
0.000812
0.000893
0.000888
0.000897
0.001042
0.000889
0.001081
0.001125
0.001190
0.001239
0.001288
0.001058
0.000799
0.000646
0.000769
0.001080
0.000190
0.000177
0.000129
0.000125
0.000129
0.000065
0.000023
0.000034
0.000003
-0.000116
-0.000838
-0.000446
-0.003960
-0.001417
-0.011247
0.005101
0.003773
0.009328
0.012865
0.012183
0.011975
0.018211
0.021598
0.020362
0.014199
0.008103
0.006317
0.001617
0.000963
0.000728
0.000388
-0.001397
-0.001761
-0.001004
-0.001229
-0.003297
-0.001727
-0.000411
0.000094
-0.002571
-0.001621
-0.000649
-0.000065
0.000558
-0.000269
0.002415
0.002921
-0.001552
0.000485
0.000450
0.000587
0.000724
0.000765
0.000718
0.000737
0.000820
0.000804
0.000805
0.000864
0.001036
0.001073
0.000987
0.000947
0.000989
0.001039
0.001185
0.001084
0.001299
0.001167
0.000968
0.000721
0.000750
0.000953
0.000205
0.000129
0.000120
0.000119
0.000074
0.000047
0.000011
-0.000007
-0.000067
-0.000586
-0.001422
-0.000214
0.001804
-0.002285
0.000166
-0.000181
0.000265
0.006379
0.010319
0.004283
0.005173
0.008011
0.009162
0.007919
0.008625
0.009533
0.005621
0.002097
0.002074
0.001648
0.000122
-0.006809
-0.005436
-0.001371
-0.001522
-0.003725
-0.007134
-0.004962
-0.003370
-0.005811
-0.005382
-0.008157
-0.001970
-0.002596
-0.001515
-0.000835
-0.001074
-0.003147
-0.004877
0.000740
0.000803
0.000805
0.000775
0.000744
0.000792
0.000776
0.000718
0.000945
0.000927
0.001021
0.001053
0.001078
0.001067
0.001095
0.001127
0.001139
0.001110
0.001238
0.001224
0.000881
0.000893
0.000912
0.000985
0.000189
0.000201
0.000128
0.000104
0.000061
0.000026
-0.000009
-0.000033
-0.000068
-0.000220
-0.001433
-0.000412
-0.000977
-0.000463
-0.000324
-0.000315
-0.000290
-0.000458
-0.001099
-0.000614
-0.001003
-0.001498
0.001464
-0.001606
-0.002106
-0.002317
-0.003541
-0.002831
-0.002483
-0.003825
-0.005889
-0.009236
-0.009372
-0.008409
-0.007480
-0.004777
-0.011065
-0.007438
-0.005026
-0.006022
-0.012524
-0.015460
-0.015082
-0.012101
-0.006462
-0.003401
-0.005861
-0.006376
-0.005313
-0.005284
0.000811
0.000731
0.000842
0.000789
0.000632
0.000806
0.000783
0.000991
0.000865
0.000949
0.001068
0.001191
0.001247
0.000987
0.001030
0.001008
0.000792
0.000977
0.000960
0.001064
0.001097
0.000986
0.000950
0.000234
0.000182
0.000142
0.000093
0.000052
0.000006
-0.000025
-0.000073
-0.000091
-0.000157
-0.000240
-0.000381
-0.000363
-0.000345
-0.000362
-0.000401
-0.000378
-0.000421
-0.000442
-0.000327
0.000324
0.016140
0.008690
0.003457
-0.001486
-0.003286
-0.004220
-0.003915
-0.002986
-0.005226
-0.008601
-0.011048
-0.010005
-0.008563
-0.007855
-0.009768
-0.005090
-0.012261
-0.007537
-0.008150
-0.019161
-0.016269
-0.015079
-0.016460
-0.015599
-0.006890
-0.006072
-0.009040
-0.006421
-0.006265
-0.006744
0.000978
0.000998
0.000824
0.000650
0.000783
0.000864
0.000835
0.000881
0.000983
0.001139
0.001132
0.001245
0.001008
0.001088
0.000938
0.000634
0.001041
0.001116
0.001150
0.001259
0.001049
0.000753
0.000299
0.000186
0.000129
0.000071
0.000046
0.000025
-0.000030
-0.000075
-0.000104
-0.000141
-0.000196
-0.000256
-0.000310
-0.000341
-0.000386
-0.000452
-0.000433
-0.000472
-0.000506
-0.000323
0.010243
0.020575
0.016109
0.009178
0.002536
-0.002604
-0.004603
-0.004543
-0.005029
-0.005646
-0.010693
-0.010784
-0.009171
-0.008208
-0.009250
-0.010627
-0.008322
-0.006721
-0.003469
-0.010948
-0.017946
-0.016391
-0.014911
-0.014747
-0.017793
-0.016232
-0.007334
-0.006700
-0.005652
-0.007096
-0.010059
-0.007040
0.000960
0.000851
0.000753
0.000479
0.000641
0.000920
0.000875
0.000817
0.001131
0.001090
0.001242
0.001072
0.001103
0.000992
0.000703
0.000838
0.001186
0.001306
0.001235
0.000834
0.000751
0.000303
0.000182
0.000103
0.000088
0.000026
-0.000003
-0.000026
-0.000080
-0.000114
-0.000163
-0.000214
-0.000288
-0.000345
-0.000372
-0.000433
-0.000503
-0.000511
-0.000536
-0.001061
-0.000969
-0.000994
0.014652
0.018062
0.011362
0.007415
0.001578
-0.002749
-0.004000
-0.005533
-0.005836
-0.010884
-0.012612
-0.009039
-0.007484
-0.009612
-0.008212
-0.007760
-0.007520
-0.006295
-0.007595
-0.006791
-0.007120
-0.012682
-0.011133
-0.007983
-0.014125
-0.006782
-0.003871
-0.005720
-0.008584
-0.010973
-0.012582
-0.006936
0.000555
0.000643
0.000401
0.000615
0.000807
0.000966
0.000809
0.001013
0.001040
0.001074
0.001137
0.001188
0.001007
0.001005
0.000933
0.001103
0.001145
0.001050
0.000813
0.000606
0.000294
0.000276
0.000180
0.000111
0.000037
0.000015
-0.000015
-0.000078
-0.000129
-0.000184
-0.000236
-0.000290
-0.000351
-0.000386
-0.000434
-0.000514
-0.000566
-0.000935
-0.001112
-0.001241
-0.001694
0.001756
0.014165
0.011133
0.008699
0.005945
-0.003080
-0.005429
-0.005807
-0.007337
-0.011093
-0.012292
-0.009874
-0.007583
-0.008836
-0.008783
-0.009699
-0.008111
-0.007614
-0.008852
-0.008690
-0.008045
-0.006030
-0.003234
-0.001707
-0.002060
-0.005901
-0.003867
-0.007741
-0.009052
-0.012186
-0.012010
-0.009468
-0.005615
-0.003773
0.000710
0.000801
0.001013
0.001039
0.000866
0.000968
0.000918
0.001116
0.001359
0.001103
0.001179
0.001094
0.000894
0.000871
0.001049
0.001150
0.000778
0.000748
0.000409
0.000314
0.000250
0.000236
0.000054
0.000043
-0.000007
-0.000051
-0.000133
-0.000199
-0.000246
-0.000286
-0.000302
-0.000350
-0.000323
-0.000779
-0.000986
-0.000939
-0.001038
-0.001085
-0.001160
-0.001529
0.006536
0.011165
0.008310
0.006969
-0.001056
-0.005315
-0.005386
-0.005676
-0.009991
-0.012076
-0.011257
-0.007917
-0.008554
-0.009734
-0.009029
-0.007890
-0.009165
-0.009364
-0.006571
-0.007665
-0.007367
-0.004487
-0.002462
-0.001266
-0.002861
-0.004838
-0.008398
-0.009146
-0.009409
-0.008709
-0.008768
-0.006616
-0.005224
-0.002448
0.000922
0.001156
0.000836
0.001054
0.001003
0.000933
0.000944
0.000933
0.000933
0.001120
0.000873
0.000561
0.000705
0.001136
0.001134
0.001053
0.000966
0.000409
0.000321
0.000298
0.000265
0.000417
0.000452
0.000453
0.000452
0.000705
-0.000172
-0.000180
-0.000247
-0.000149
-0.000982
-0.000993
-0.001058
-0.001023
-0.000895
-0.001092
-0.001397
-0.001317
-0.001324
0.000126
0.009508
0.009110
0.007094
-0.001501
-0.005128
-0.005959
-0.006637
-0.008893
-0.011253
-0.009996
-0.009886
-0.007852
-0.008277
-0.008637
-0.008928
-0.008734
-0.009655
-0.007798
-0.006319
-0.005109
-0.003361
-0.003325
-0.001678
-0.000920
-0.003689
-0.007563
-0.009725
-0.009515
-0.008796
-0.006423
-0.005156
-0.004809
-0.004114
-0.003895
-0.003207
0.000703
0.000916
0.000849
0.001035
0.000867
0.000604
0.000903
0.001078
0.000974
0.000575
0.000852
0.001194
0.001273
0.001290
0.001224
0.000481
0.000498
0.000315
0.000310
0.000428
0.000481
0.000463
0.000386
0.000328
0.000407
0.000506
0.000587
-0.000272
-0.000897
-0.000834
-0.001058
-0.000828
-0.000794
-0.001073
-0.001119
-0.001128
0.000355
0.000481
0.000599
0.001745
0.001667
0.000588
0.000001
0.002476
-0.005963
-0.006009
-0.006391
-0.007149
-0.005871
-0.009560
-0.009608
-0.010065
-0.010785
-0.009599
-0.010140
-0.009620
-0.008199
-0.004569
-0.003776
-0.003743
-0.002954
-0.001780
-0.001738
-0.004721
-0.010151
-0.010013
-0.008756
-0.005661
-0.003282
-0.002832
-0.003567
-0.004658
-0.004657
-0.003341
-0.002054
-0.000877
0.001352
0.001302
0.000872
0.000906
0.001220
0.000903
0.000821
0.001215
0.001383
0.001212
0.001154
0.001177
0.000449
0.000537
0.000280
0.000376
0.000397
0.000464
0.000486
0.000373
0.000235
0.000331
0.000413
0.000515
0.000624
0.000679
0.000634
-0.000636
0.000421
0.000541
0.000451
0.000388
0.000379
0.000395
0.000442
0.000304
0.000363
0.000404
0.000424
0.000450
0.000394
0.001421
0.000980
-0.003809
-0.004226
-0.004531
-0.010437
-0.011845
-0.010581
-0.010181
-0.010597
-0.010442
-0.010479
-0.007913
-0.005213
-0.004633
-0.005308
-0.002748
-0.002598
-0.002560
-0.002370
-0.006430
-0.009289
-0.007683
-0.005922
-0.004599
-0.001253
-0.002008
-0.002387
-0.002353
-0.000060
0.001145
0.002975
0.004765
0.003707
0.001281
0.001291
0.001188
0.001159
0.001045
0.001284
0.001264
0.001360
0.001417
0.001182
0.000421
0.000374
0.000486
0.000388
0.000382
0.000412
0.000471
0.000454
0.000309
0.000407
0.000519
0.000578
0.000442
0.000425
0.000561
0.000338
0.000392
0.000388
0.000443
0.000350
0.000337
0.000267
0.000365
0.000305
0.000338
0.000369
0.000303
0.000329
0.000475
0.000551
0.000645
0.000240
0.000180
0.000219
0.000021
-0.000024
0.000285
-0.006170
-0.008291
-0.009003
-0.008555
-0.008173
-0.006007
-0.005218
-0.005502
-0.003360
-0.002396
-0.003119
-0.003681
-0.003684
-0.007303
-0.005809
-0.001426
-0.000156
0.000687
0.004210
0.003190
0.006546
0.003883
0.004480
0.002950
0.007408
0.002810
0.001451
0.001264
0.001367
0.001437
0.001259
0.001333
0.001318
0.001402
0.001253
0.000918
0.000472
0.000552
0.000624
0.000503
0.000410
0.000426
0.000502
0.000380
0.000328
0.000374
0.000444
0.000446
0.000578
0.000548
0.000557
0.000458
0.000335
0.000318
0.000394
0.000280
0.000225
0.000206
0.000371
0.000410
0.000342
0.000335
0.000262
0.000171
0.000327
0.000372
0.000478
0.000378
0.000350
0.000529
0.000761
0.000971
0.000942
0.000743
0.000330
0.000216
0.000276
0.000294
0.000470
0.000078
-0.003492
-0.003119
-0.003845
-0.003756
-0.004706
-0.005304
-0.004735
0.000352
0.004251
0.003776
0.005636
0.007159
0.006584
0.005242
0.001747
0.001796
0.001780
0.001988
0.001701
0.001525
0.001655
0.001722
0.001671
0.001548
0.001317
0.001276
0.001311
0.001072
0.000992
0.000490
0.000522
0.000640
0.000625
0.000479
0.000421
0.000502
0.000531
0.000449
0.000467
0.000433
0.000495
0.000562
0.000525
0.000619
0.000604
0.000457
0.000400
0.000509
0.000409
0.000274
0.000241
0.000325
0.000372
0.000336
0.000285
0.000119
0.000170
0.000363
0.000245
0.000317
0.000358
0.000402
0.000634
0.000732
0.000929
0.000986
0.000647
0.000635
0.000982
0.000819
0.000842
0.000944
0.001440
0.001152
-0.003545
-0.004986
-0.005935
-0.005809
-0.007145
-0.008156
0.005250
0.007179
0.002766
0.004749
-0.001124
0.001573
0.001915
0.001526
0.001672
0.001611
0.001662
0.001263
0.001262
0.001359
0.001597
0.001728
0.001585
0.001338
0.001308
0.001115
0.000995
0.000843
0.000465
0.000528
0.000691
0.000700
0.000503
0.000428
0.000525
0.000616
0.000517
0.000422
0.000520
0.000537
0.000573
0.000382
0.000509
0.000648
0.000472
0.000445
0.000481
0.000500
0.000315
0.000230
0.000341
0.000298
0.000348
0.000347
0.000173
0.000293
0.000265
0.000114
0.000429
0.000531
0.000646
0.000650
0.000814
0.000992
0.000950
0.000562
0.000497
0.000859
0.000883
0.000994
0.001063
0.001309
0.001301
0.001718
-0.004543
-0.005637
-0.006557
-0.009176
-0.008289
-0.005868
0.002349
-0.002644
0.002153
0.002018
0.002116
0.001807
0.001603
0.001369
0.001392
0.001416
0.001420
0.001079
0.001341
0.001658
0.001514
0.001437
0.001523
0.001424
0.001203
0.001035
0.000956
0.000506
0.000532
0.000594
0.000651
0.000625
0.000483
0.000584
0.000632
0.000537
0.000565
0.000598
0.000647
0.000719
0.000678
0.000538
0.000512
0.000506
0.000301
0.000343
0.000567
0.000385
0.000262
0.000353
0.000391
0.000389
0.000396
0.000362
0.000233
0.000417
0.000470
0.000445
0.000483
0.000665
0.000944
0.001103
0.000966
0.000851
0.000566
0.000363
0.000779
0.001004
0.001127
0.001130
0.001171
0.001247
0.001417
0.001503
-0.003578
-0.004232
-0.002325
-0.002280
0.001156
-0.004234
0.000794
0.002082
0.001970
0.001792
0.001472
0.001673
0.001267
0.001440
0.001258
0.001358
0.001231
0.001414
0.001275
0.001317
0.001467
0.001482
0.001418
0.000995
0.001140
0.000961
0.000535
0.000571
0.000579
0.000782
0.000724
0.000505
0.000566
0.000665
0.000525
0.000582
0.000582
0.000670
0.000782
0.000662
0.000603
0.000505
0.000518
0.000301
0.000428
0.000459
0.000425
0.000227
0.000314
0.000464
0.000512
0.000527
0.000545
0.000552
0.000587
0.000569
0.000496
0.000499
0.000625
0.000828
0.001068
0.000915
0.000856
0.000531
0.000499
0.000787
0.001080
0.001083
0.000981
0.001079
0.001447
0.001384
0.001238
0.000732
0.002892
0.002244
0.000445
0.002589
-0.002138
0.001250
0.001974
0.001883
0.001256
0.001306
0.001520
0.001557
0.001780
0.001568
0.001448
0.001243
0.001292
0.001104
0.001588
0.001444
0.001329
0.001388
0.001026
0.001147
0.000817
0.000548
0.000596
0.000617
0.000645
0.000747
0.000596
0.000456
0.000506
0.000657
0.000598
0.000581
0.000523
0.000688
0.000735
0.000658
0.000512
0.000496
0.000531
0.000378
0.000473
0.000455
0.000295
0.000244
0.000374
0.000516
0.000577
0.000671
0.000674
0.000737
0.000577
0.000540
0.000617
0.000627
0.000773
0.001105
0.000697
0.000406
0.000645
0.000568
0.000767
0.000764
0.000891
0.001044
0.001264
0.001486
0.001192
0.001162
0.001248
0.001013
0.001327
0.001302
0.000443
0.000838
0.001580
0.001461
0.001440
0.001414
0.001184
0.001735
0.001757
0.001568
0.001771
0.001538
0.001197
0.001209
0.001136
0.001545
0.001356
0.001450
0.001527
0.001407
0.001047
0.000730
0.000470
0.000541
0.000531
0.000622
0.000650
0.000433
0.000448
0.000604
0.000717
0.000589
0.000567
0.000425
0.000594
0.000665
0.000561
0.000506
0.000470
0.000511
0.000479
0.000456
0.000426
0.000371
0.000348
0.000443
0.000556
0.000656
0.000662
0.000697
0.000691
0.000712
0.000611
0.000760
0.000849
0.000858
0.000858
0.000659
0.000664
0.001021
0.000839
0.000738
0.000730
0.000868
0.001331
0.001372
0.001113
0.001172
0.001379
0.001388
0.000886
0.001004
0.001299
0.001700
0.002064
0.002070
0.001949
0.001927
0.001840
0.001592
0.001746
0.001771
0.001517
0.001506
0.001590
0.001471
0.001389
0.001225
0.001429
0.001756
0.001565
0.001623
0.001444
0.001360
0.000855
0.000430
0.000337
0.000438
0.000498
0.000642
0.000478
0.000414
0.000348
0.000710
0.000628
0.000526
0.000414
0.000586
0.000519
0.000501
0.000495
0.000497
0.000477
0.000543
0.000478
0.000501
0.000385
0.000411
0.000515
0.000601
0.000728
0.000747
0.000725
0.000647
0.000599
0.000594
0.000821
0.000888
0.000661
0.000668
0.000628
0.000997
0.001081
0.000681
0.000550
0.000646
0.000986
0.001264
0.001179
0.001192
0.001205
0.001295
0.001159
0.001040
0.001045
0.001428
0.001802
0.001975
0.002123
0.002011
0.002089
0.001785
0.001457
0.001569
0.001987
0.001594
0.001294
0.001449
0.001361
0.001460
0.001292
0.001528
0.001517
0.001795
0.001724
0.001564
0.001218
0.000939
0.000499
0.000485
0.000555
0.000600
0.000289
0.000240
0.000238
0.000387
0.000724
0.000734
0.000665
0.000592
0.000608
0.000433
0.000450
0.000410
0.000509
0.000488
0.000451
0.000364
0.000403
0.000501
0.000492
0.000551
0.000572
0.000720
0.000737
0.000698
0.000720
0.000707
0.000771
0.000868
0.000899
0.000794
0.000554
0.000399
0.000530
0.000449
0.000316
0.000290
0.000512
0.000637
0.000899
0.001292
0.001298
0.001217
0.001102
0.001046
0.000975
0.000908
0.001503
0.001869
0.001943
0.002052
0.001949
0.001775
0.001689
0.001588
0.001732
0.001712
0.001563
0.001591
0.001579
0.001571
0.001247
0.001642
0.001462
0.001625
0.001768
0.001702
0.001515
0.001381
0.001062
