0.000002
0.000001
0.000003
0.000632
0.000003
0.000001
0.000006
0.000438
0.000004
0.000007
0.000012
-0.000603
0.000019
0.000014
0.000011
0.000009
0.000009
0.000009
0.000014
0.000013
0.000017
0.000016
0.000018
0.000018
0.000021
0.000020
0.000019
0.000016
0.000016
0.000015
0.000012
0.000007
0.000012
0.000010
0.000009
0.000009
0.000002
-0.000005
-0.000006
-0.000010
-0.000009
-0.000011
-0.000013
-0.000012
-0.000012
-0.000014
-0.000009
-0.000013
-0.000012
-0.000014
-0.000011
-0.000011
-0.000009
-0.000008
-0.000007
-0.000015
-0.000012
-0.000010
-0.000013
-0.000015
-0.000015
-0.000022
-0.000021
-0.000012
-0.000000
0.000001
-0.001158
0.000001
-0.000002
-0.000011
0.000061
-0.000009
0.000195
0.000002
0.000002
0.000002
0.000002
0.000002
0.000003
0.000005
0.000004
0.000006
0.000007
0.000013
0.000011
0.000012
0.000011
0.000013
0.000012
0.000010
0.000012
0.000013
0.000012
0.000015
0.000020
0.000017
0.000015
0.000017
0.000019
0.000016
0.000013
0.000010
0.000011
0.000013
0.000009
0.000007
0.000007
0.000006
0.000005
0.000008
-0.000001
-0.000005
-0.000005
-0.000010
-0.000010
-0.000013
-0.000013
-0.000018
-0.000016
-0.000012
-0.000011
-0.000015
-0.000015
-0.000016
-0.000010
-0.000010
-0.000011
-0.000013
-0.000012
-0.000012
-0.000014
-0.000012
-0.000008
-0.000008
-0.000012
-0.000016
-0.000012
-0.000015
-0.000016
-0.000017
-0.000016
-0.000012
-0.000014
-0.000013
-0.000015
-0.000025
0.000003
0.000002
0.000004
0.000002
0.000001
0.000002
0.000006
0.000005
0.000007
0.000008
0.000011
0.000010
0.000011
0.000016
0.000013
0.000007
0.000010
0.000012
0.000013
0.000015
0.000016
0.000016
0.000017
0.000018
0.000017
0.000014
0.000016
0.000016
0.000014
0.000011
0.000012
0.000010
0.000007
0.000008
0.000009
0.000008
0.000008
0.000007
0.000005
-0.000003
-0.000009
-0.000011
-0.000014
-0.000016
-0.000010
-0.000017
-0.000013
-0.000008
-0.000014
-0.000018
-0.000015
-0.000016
-0.000014
-0.000010
-0.000009
-0.000006
-0.000011
-0.000010
-0.000010
-0.000012
-0.000007
-0.000017
-0.000015
-0.000017
-0.000014
-0.000013
-0.000016
-0.000015
-0.000017
-0.000015
-0.000011
-0.000011
-0.000025
0.000002
0.000006
0.000002
0.000002
0.000002
0.000002
0.000006
0.000007
0.000007
0.000006
0.000011
0.000012
0.000014
0.000013
0.000011
0.000011
0.000013
0.000013
0.000011
0.000012
0.000014
0.000015
0.000017
0.000022
0.000016
0.000016
0.000013
0.000014
0.000016
0.000010
0.000005
0.000012
0.000010
0.000005
0.000010
0.000008
0.000007
0.000008
0.000008
-0.000003
-0.000009
-0.000008
-0.000017
-0.000017
-0.000012
-0.000013
-0.000011
-0.000013
-0.000017
-0.000017
-0.000015
-0.000014
-0.000014
-0.000009
-0.000010
-0.000014
-0.000011
-0.000015
-0.000009
-0.000012
-0.000012
-0.000016
-0.000016
-0.000016
-0.000015
-0.000011
-0.000015
-0.000013
-0.000015
-0.000017
-0.000013
-0.000015
-0.000021
0.000003
0.000003
0.000004
0.000002
0.000002
0.000002
0.000003
0.000006
0.000006
0.000006
0.000007
0.000015
0.000013
0.000013
0.000012
0.000013
0.000012
0.000011
0.000009
0.000009
0.000013
0.000015
0.000017
0.000020
0.000020
0.000018
0.000015
0.000013
0.000016
0.000016
0.000012
0.000010
0.000012
0.000009
0.000007
0.000006
0.000012
0.000006
0.000012
0.000000
-0.000008
-0.000013
-0.000013
-0.000017
-0.000014
-0.000009
-0.000009
-0.000015
-0.000013
-0.000011
-0.000014
-0.000014
-0.000015
-0.000009
-0.000013
-0.000010
-0.000009
-0.000013
-0.000007
-0.000010
-0.000006
-0.000015
-0.000017
-0.000015
-0.000016
-0.000017
-0.000015
-0.000016
-0.000012
-0.000015
-0.000019
-0.000014
-0.002169
0.000002
0.000003
0.000005
0.000003
0.000002
0.000003
0.000004
0.000003
0.000008
0.000008
0.000006
0.000009
0.000012
0.000013
0.000015
0.000015
0.000013
0.000013
0.000012
0.000010
0.000012
0.000016
0.000018
0.000019
0.000021
0.000021
0.000018
0.000015
0.000015
0.000013
0.000010
0.000010
0.000004
0.000011
0.000012
0.000010
0.000011
0.000007
0.000007
0.000004
-0.000005
-0.000010
-0.000014
-0.000014
-0.000012
-0.000010
-0.000014
-0.000013
-0.000011
-0.000008
-0.000013
-0.000012
-0.000013
-0.000010
-0.000013
-0.000014
-0.000013
-0.000020
-0.000015
-0.000014
-0.000016
-0.000014
-0.000011
-0.000013
-0.000014
-0.000017
-0.000010
-0.000010
-0.000016
-0.000018
-0.000018
-0.000018
-0.000023
0.000004
0.000005
0.000003
0.000004
0.000003
0.000002
0.000003
0.000004
0.000006
0.000008
0.000006
0.000007
0.000008
0.000012
0.000014
0.000016
0.000013
0.000011
0.000010
0.000011
0.000014
0.000017
0.000020
0.000022
0.000020
0.000024
0.000018
0.000018
0.000016
0.000016
0.000015
0.000013
0.000014
0.000014
0.000014
0.000011
0.000011
0.000007
0.000008
0.000007
0.000004
-0.000009
-0.000012
-0.000015
-0.000017
-0.000014
-0.000011
-0.000014
-0.000008
-0.000012
-0.000017
-0.000014
-0.000014
-0.000011
-0.000012
-0.000011
-0.000008
-0.000017
-0.000018
-0.000018
-0.000013
-0.000012
-0.000016
-0.000010
-0.000014
-0.000014
-0.000014
-0.000011
-0.000016
-0.000016
-0.000018
-0.000019
-0.000020
0.000004
0.000003
0.000003
0.000003
0.000005
0.000003
0.000002
0.000006
0.000008
0.000006
0.000006
0.000006
0.000007
0.000012
0.000014
0.000015
0.000014
0.000016
0.000014
0.000014
0.000017
0.000020
0.000021
0.000018
0.000019
0.000016
0.000016
0.000016
0.000018
0.000020
0.000018
0.000013
0.000013
0.000016
0.000017
0.000015
0.000016
0.000009
0.000013
0.000007
0.000007
-0.000011
-0.000009
-0.000016
-0.000019
-0.000018
-0.000010
-0.000013
-0.000017
-0.000012
-0.000013
-0.000011
-0.000009
-0.000012
-0.000015
-0.000011
-0.000014
-0.000016
-0.000015
-0.000014
-0.000014
-0.000013
-0.000012
-0.000011
-0.000016
-0.000017
-0.000011
-0.000017
-0.000017
-0.000019
-0.000018
-0.000020
-0.000017
0.000004
0.000006
0.000004
0.000003
0.000003
0.000002
0.000004
0.000007
0.000005
0.000005
0.000004
0.000006
0.000006
0.000012
0.000013
0.000012
0.000013
0.000014
0.000015
0.000017
0.000015
0.000021
0.000019
0.000013
0.000016
0.000022
0.000021
0.000022
0.000020
0.000022
0.000018
0.000019
0.000017
0.000018
0.000020
0.000020
0.000016
0.000012
0.000010
0.000007
0.000002
-0.000005
-0.000014
-0.000016
-0.000022
-0.000019
-0.000013
-0.000015
-0.000016
-0.000012
-0.000010
-0.000012
-0.000008
-0.000011
-0.000014
-0.000009
-0.000010
-0.000015
-0.000014
-0.000011
-0.000012
-0.000012
-0.000011
-0.000010
-0.000013
-0.000011
-0.000016
-0.000017
-0.000018
-0.000023
-0.000020
-0.000017
0.001326
0.000004
0.000003
0.000003
0.000002
0.000002
0.000002
0.000002
0.000003
0.000005
0.000004
0.000003
0.000002
0.000005
0.000009
0.000014
0.000014
0.000016
0.000014
0.000012
0.000018
0.000018
0.000018
0.000019
0.000017
0.000025
0.000032
0.000030
0.000030
0.000024
0.000020
0.000023
0.000025
0.000019
0.000019
0.000020
0.000021
0.000018
0.000016
0.000015
0.000007
-0.000001
-0.000006
-0.000011
-0.000019
-0.000022
-0.000018
-0.000021
-0.000018
-0.000014
-0.000015
-0.000012
-0.000012
-0.000010
-0.000014
-0.000013
-0.000016
-0.000018
-0.000017
-0.000011
-0.000015
-0.000014
-0.000016
-0.000010
-0.000011
-0.000010
-0.000010
-0.000015
-0.000020
-0.000017
-0.000020
-0.000020
-0.000021
-0.000012
0.000002
0.000003
0.000002
0.000004
0.000002
0.000002
0.000002
0.000002
0.000003
0.000003
0.000004
0.000004
0.000002
0.000005
0.000013
0.000016
0.000017
0.000016
0.000016
0.000019
0.000022
0.000021
0.000024
0.000027
0.000028
0.000030
0.000032
0.000028
0.000024
0.000024
0.000025
0.000027
0.000026
0.000021
0.000022
0.000021
0.000021
0.000015
0.000018
0.000012
0.000001
-0.000008
-0.000012
-0.000016
-0.000025
-0.000022
-0.000019
-0.000021
-0.000016
-0.000015
-0.000009
-0.000009
-0.000011
-0.000014
-0.000014
-0.000014
-0.000020
-0.000017
-0.000014
-0.000014
-0.000016
-0.000017
-0.000012
-0.000009
-0.000013
-0.000013
-0.000014
-0.000022
-0.000024
-0.000024
-0.000027
-0.000024
-0.000013
0.000002
0.000002
0.000002
0.000003
0.000001
0.000002
0.000002
0.000003
0.000003
0.000002
0.000003
0.000003
0.000004
0.000005
0.000009
0.000016
0.000013
0.000017
0.000017
0.000021
0.000020
0.000023
0.000024
0.000029
0.000029
0.000035
0.000037
0.000032
0.000024
0.000022
0.000024
0.000028
0.000028
0.000024
0.000022
0.000020
0.000023
0.000020
0.000012
0.000008
0.000001
-0.000009
-0.000016
-0.000018
-0.000021
-0.000020
-0.000021
-0.000019
-0.000014
-0.000012
-0.000009
-0.000011
-0.000012
-0.000010
-0.000014
-0.000018
-0.000016
-0.000016
-0.000013
-0.000017
-0.000017
-0.000019
-0.000016
-0.000017
-0.000015
-0.000014
-0.000008
-0.000012
-0.000020
-0.000018
-0.000022
-0.000022
-0.000016
0.000003
0.000003
0.000002
0.000002
0.000001
0.000002
0.000002
0.000003
0.000002
0.000003
0.000002
0.000002
0.000003
0.000003
0.000005
0.000011
0.000011
0.000018
0.000018
0.000022
0.000021
0.000021
0.000021
-0.000022
-0.000021
-0.000054
0.000014
0.000027
0.000031
0.000026
0.000023
0.000024
0.000026
0.000024
0.000022
0.000022
0.000018
0.000015
0.000009
0.000006
-0.000004
-0.000013
-0.000012
-0.000018
-0.000022
-0.000022
-0.000023
-0.000020
-0.000016
-0.000015
-0.000005
-0.000007
-0.000012
-0.000015
-0.000017
-0.000018
-0.000017
-0.000017
-0.000018
-0.000013
-0.000016
-0.000019
-0.000018
-0.000016
-0.000013
-0.000021
-0.000019
-0.000023
-0.000017
-0.000020
-0.000019
-0.000023
0.000725
0.000003
0.000003
0.000002
0.000004
0.000002
0.000002
0.000003
0.000001
0.000001
0.000002
0.000001
0.000002
0.000000
0.000002
0.000003
0.000009
0.000009
0.000014
0.000022
0.000026
0.000026
-0.000016
-0.000232
-0.000713
-0.002430
-0.004013
-0.002355
-0.001300
-0.000273
-0.000172
-0.000102
0.000001
-0.000043
-0.000125
-0.000016
0.000024
0.000019
0.000015
0.000009
0.000002
-0.000008
-0.000016
-0.000014
-0.000020
-0.000021
-0.000019
-0.000024
-0.000022
-0.000019
-0.000011
-0.000012
-0.000012
-0.000011
-0.000018
-0.000017
-0.000021
-0.000017
-0.000019
-0.000016
-0.000018
-0.000016
-0.000020
-0.000019
-0.000020
-0.000018
-0.000024
-0.000019
-0.000019
-0.000019
-0.000023
-0.000019
-0.000023
-0.000012
0.000005
0.000003
0.000003
0.000003
0.000001
0.000001
0.000001
0.000001
0.000001
0.000001
0.000001
0.000001
0.000002
0.000002
0.000001
0.000003
0.000008
0.000013
0.000023
0.000028
0.000009
-0.000580
-0.004097
-0.006021
-0.007238
-0.004674
-0.004336
-0.004101
-0.008148
-0.008409
-0.008144
-0.005628
-0.001511
-0.003988
-0.001582
-0.000160
0.000014
0.000014
0.000006
-0.000000
-0.000008
-0.000017
-0.000018
-0.000019
-0.000020
-0.000022
-0.000022
-0.000020
-0.000022
-0.000013
-0.000008
-0.000011
-0.000013
-0.000016
-0.000017
-0.000018
-0.000018
-0.000016
-0.000019
-0.000023
-0.000017
-0.000018
-0.000020
-0.000021
-0.000022
-0.000021
-0.000022
-0.000018
-0.000023
-0.000019
-0.000020
-0.000026
-0.000012
0.000006
0.000004
0.000004
0.000003
0.000001
0.000001
0.000001
0.000001
0.000001
0.000001
0.000001
0.000001
-0.000000
0.000001
0.000002
0.000003
0.000008
0.000011
0.000028
0.000027
-0.000050
-0.000756
-0.002245
-0.005998
-0.009371
-0.006802
-0.004569
-0.006630
-0.006655
-0.010621
-0.030997
-0.012966
-0.002515
-0.001516
-0.000074
0.000014
0.000011
0.000015
0.000012
0.000003
-0.000006
-0.000015
-0.000023
-0.000026
-0.000021
-0.000022
-0.000022
-0.000025
-0.000021
-0.000020
-0.000011
-0.000016
-0.000017
-0.000016
-0.000020
-0.000013
-0.000018
-0.000020
-0.000018
-0.000021
-0.000018
-0.000020
-0.000021
-0.000023
-0.000016
-0.000018
-0.000020
-0.000019
-0.000024
-0.000018
-0.000027
-0.000023
-0.000013
0.000012
0.000008
0.000005
0.000001
0.000002
0.000001
0.000000
0.000001
0.000000
0.000000
0.000001
0.000001
0.000001
0.000000
0.000001
0.000003
-0.000012
-0.000055
0.000015
0.000025
-0.000104
-0.002707
-0.005101
-0.003013
-0.003741
-0.008920
-0.002291
-0.002693
-0.006071
0.000111
-0.003852
-0.004055
-0.002936
-0.000064
-0.000083
0.000016
0.000018
0.000017
0.000006
0.000006
-0.000001
-0.000012
-0.000024
-0.000027
-0.000026
-0.000027
-0.000022
-0.000026
-0.000020
-0.000019
-0.000013
-0.000014
-0.000018
-0.000020
-0.000017
-0.000015
-0.000021
-0.000021
-0.000022
-0.000019
-0.000019
-0.000018
-0.000020
-0.000020
-0.000016
-0.000020
-0.000020
-0.000023
-0.000022
-0.000025
-0.000028
-0.000024
-0.001100
0.000015
0.000010
0.000005
0.000002
0.000001
0.000001
0.000001
0.000001
0.000000
0.000000
0.000000
-0.000001
0.000000
0.000000
0.000013
0.000004
-0.000624
0.000166
0.001681
0.000285
0.000075
-0.000035
-0.000274
-0.000247
-0.000167
0.000045
-0.000765
-0.002300
-0.000349
-0.000241
-0.002405
-0.002998
-0.004816
-0.000073
0.000086
0.000137
0.000101
0.000020
0.000007
0.000001
-0.000001
-0.000016
-0.000024
-0.000026
-0.000026
-0.000026
-0.000021
-0.000023
-0.000022
-0.000018
-0.000016
-0.000018
-0.000015
-0.000020
-0.000014
-0.000017
-0.000019
-0.000021
-0.000020
-0.000021
-0.000017
-0.000020
-0.000021
-0.000014
-0.000020
-0.000023
-0.000025
-0.000023
-0.000026
-0.000025
-0.000026
-0.000022
-0.000024
0.000014
0.000014
0.000005
0.000003
0.000001
0.000000
0.000000
0.000000
-0.000000
-0.000000
-0.000000
0.000000
0.000000
0.000006
0.000347
0.001283
0.000628
0.000766
0.000380
0.000182
0.000072
0.000080
0.000036
0.000034
0.000009
0.000406
-0.000515
0.000593
0.000972
0.000319
-0.000850
-0.001107
0.000024
0.000789
0.001973
0.002622
0.001463
0.000288
0.000063
0.000025
0.000001
-0.000015
-0.000023
-0.000031
-0.000028
-0.000028
-0.000025
-0.000024
-0.000020
-0.000024
-0.000014
-0.000017
-0.000017
-0.000017
-0.000011
-0.000018
-0.000019
-0.000019
-0.000019
-0.000018
-0.000019
-0.000021
-0.000014
-0.000019
-0.000021
-0.000024
-0.000026
-0.000028
-0.000025
-0.000022
-0.000025
-0.000019
-0.000024
0.000016
0.000014
0.000007
0.000003
0.000002
-0.000000
0.000000
-0.000000
-0.000000
-0.000001
-0.000000
-0.000000
-0.000002
0.000379
0.001493
0.000880
0.000335
0.000130
0.000110
0.000063
0.000084
0.000096
0.000069
0.000087
0.000162
-0.000695
0.000687
0.001899
0.001571
0.000907
0.000328
0.000884
0.002562
0.003965
0.004708
0.005485
0.003603
0.003809
0.001274
0.000467
0.000140
-0.000006
-0.000025
-0.000032
-0.000037
-0.000035
-0.000033
-0.000025
-0.000024
-0.000023
-0.000016
-0.000017
-0.000017
-0.000017
-0.000012
-0.000020
-0.000016
-0.000019
-0.000020
-0.000018
-0.000017
-0.000020
-0.000021
-0.000020
-0.000021
-0.000026
-0.000028
-0.000023
-0.000023
-0.000022
-0.000024
-0.000024
-0.000016
0.000018
0.000013
0.000007
0.000001
0.000001
-0.000000
-0.000000
-0.000001
-0.000001
0.000000
-0.000001
-0.000003
0.000048
0.000924
0.005934
-0.000230
0.000069
0.000086
0.000069
0.000077
0.000088
0.000056
0.000067
0.000110
-0.000263
0.000760
0.000771
0.001712
0.001238
0.000005
0.000662
0.001814
0.004033
0.004913
0.005279
0.005957
0.007427
0.007375
0.007015
0.001980
0.000345
0.000093
0.000029
-0.000040
-0.000031
-0.000037
-0.000043
-0.000030
-0.000026
-0.000023
-0.000020
-0.000021
-0.000022
-0.000020
-0.000017
-0.000020
-0.000020
-0.000019
-0.000021
-0.000016
-0.000022
-0.000024
-0.000023
-0.000024
-0.000021
-0.000023
-0.000025
-0.000024
-0.000024
-0.000021
-0.000023
-0.000025
-0.000596
0.000019
0.000015
0.000009
0.000000
0.000001
0.000000
-0.000001
-0.000000
-0.000001
-0.000001
-0.000003
-0.000008
0.000010
0.000573
0.003703
0.006070
0.001037
0.000121
0.000075
0.000076
0.000106
0.000026
0.006141
0.006421
0.007732
0.008577
0.005471
0.003509
0.002268
-0.000380
0.002627
0.004913
0.004841
0.004873
0.002897
0.003905
0.008776
0.011517
0.012062
0.004443
0.001146
0.000936
0.001044
0.000083
-0.000055
-0.000053
-0.000049
-0.000038
-0.000023
-0.000022
-0.000019
-0.000021
-0.000021
-0.000020
-0.000020
-0.000020
-0.000023
-0.000022
-0.000021
-0.000023
-0.000024
-0.000026
-0.000026
-0.000025
-0.000024
-0.000024
-0.000021
-0.000027
-0.000025
-0.000021
-0.000018
-0.000016
-0.000010
0.000018
0.000014
0.000006
0.000002
0.000001
-0.000001
-0.000001
-0.000001
-0.000001
-0.000003
-0.000003
-0.000006
-0.000008
0.000135
0.001511
0.008911
0.005422
0.000601
0.000097
0.000112
0.000071
0.008439
0.011722
0.011529
0.011515
0.014211
0.015746
0.016237
0.013304
0.004304
0.000904
0.002672
0.001651
0.001107
0.000685
0.001645
0.006023
0.008363
0.012229
0.006923
0.001794
0.001396
0.001712
0.000957
0.000509
0.000184
-0.000059
-0.000042
-0.000026
-0.000021
-0.000022
-0.000020
-0.000015
-0.000019
-0.000021
-0.000025
-0.000024
-0.000024
-0.000025
-0.000023
-0.000024
-0.000027
-0.000026
-0.000029
-0.000029
-0.000024
-0.000030
-0.000027
-0.000023
-0.000016
-0.000018
-0.000016
-0.000011
0.000015
0.000015
0.000012
0.000004
-0.000002
0.000000
-0.000001
-0.000001
-0.000001
-0.000003
-0.000004
-0.000007
-0.000009
0.000089
0.001547
0.002623
0.012323
0.004308
0.000505
0.000103
0.003079
0.006975
0.008083
0.009037
0.007857
0.010551
0.015390
0.016994
0.011869
0.004326
0.000152
0.000162
0.000465
-0.000097
-0.000205
0.000140
0.000873
0.003238
0.005627
0.004403
0.001501
0.000908
0.001772
0.001613
0.002273
0.004446
0.000563
-0.000044
-0.000026
-0.000021
-0.000025
-0.000017
-0.000022
-0.000022
-0.000022
-0.000025
-0.000027
-0.000026
-0.000025
-0.000024
-0.000025
-0.000025
-0.000029
-0.000031
-0.000027
-0.000029
-0.000032
-0.000029
-0.000022
-0.000019
-0.000018
-0.000014
-0.000018
0.000017
0.000019
0.000017
0.000009
0.000000
-0.000000
-0.000001
-0.000001
-0.000002
-0.000003
-0.000004
-0.000006
-0.000009
0.000010
0.000753
0.001867
0.006324
0.010714
0.000100
0.001340
0.002050
0.002953
0.003762
0.005087
0.005594
0.005957
0.008214
0.010167
0.004979
0.000702
-0.000244
0.000161
-0.000048
-0.000199
-0.000338
-0.000133
0.000048
0.000358
0.000691
0.001127
0.000478
0.000607
0.001073
0.002190
0.002270
0.007425
0.006640
0.000559
-0.000030
-0.000021
-0.000028
-0.000027
-0.000024
-0.000025
-0.000025
-0.000026
-0.000026
-0.000025
-0.000025
-0.000024
-0.000028
-0.000026
-0.000027
-0.000035
-0.000021
-0.000022
-0.000023
-0.000024
-0.000025
-0.000021
-0.000015
-0.000019
-0.000024
0.000019
0.000018
0.000016
0.000012
0.000001
-0.000002
-0.000001
-0.000002
-0.000002
-0.000004
-0.000004
-0.000005
-0.000007
-0.000006
0.000160
0.001794
0.000594
0.002558
0.000583
0.001898
0.001679
0.002601
0.002867
0.002927
0.003767
0.004259
0.005923
0.002271
0.000776
-0.000012
0.000004
0.000225
0.000338
-0.000095
0.000045
-0.000609
-0.000059
-0.000001
0.000047
0.000386
0.000496
0.000115
-0.000622
0.001512
0.002447
0.005969
0.006253
0.003388
0.000222
-0.000021
-0.000020
-0.000024
-0.000024
-0.000025
-0.000023
-0.000027
-0.000024
-0.000024
-0.000026
-0.000028
-0.000029
-0.000028
-0.000028
-0.000029
-0.000028
0.000016
0.000010
-0.000020
-0.000019
-0.000017
-0.000016
-0.000017
-0.000015
0.000027
0.000025
0.000018
0.000011
0.000001
-0.000000
-0.000002
-0.000002
-0.000002
-0.000003
-0.000003
-0.000003
-0.000002
-0.000004
-0.000001
-0.000008
0.000037
0.000095
0.000010
0.000007
0.000208
0.000855
0.001593
0.001969
0.002382
0.002640
0.002611
0.000583
0.000517
0.001446
0.001643
-0.003691
-0.002439
-0.000338
-0.000480
-0.000534
0.001019
0.000851
0.001238
0.001675
0.001485
-0.000241
0.001157
0.001291
0.000329
0.001645
0.003876
0.003639
0.000293
0.000278
-0.000021
-0.000024
-0.000025
-0.000024
-0.000027
-0.000027
-0.000024
-0.000026
-0.000027
-0.000028
-0.000028
-0.000027
-0.000025
-0.000031
-0.000016
-0.000017
-0.000017
-0.000022
-0.000019
-0.000018
-0.000019
-0.000015
-0.000017
0.000036
0.000033
0.000018
0.000013
0.000000
-0.000001
0.000000
-0.000001
-0.000001
-0.000002
-0.000002
-0.000003
-0.000003
-0.000003
-0.000003
-0.000003
-0.000004
-0.000004
-0.000005
-0.000006
-0.000003
0.000139
0.000406
0.003103
-0.000277
-0.000781
-0.001116
-0.001393
-0.002011
-0.003385
-0.004797
-0.005047
-0.003541
-0.002223
-0.000790
-0.001457
0.000425
0.001058
0.001425
0.001429
0.000976
-0.000482
-0.001073
-0.001417
0.000972
0.000633
0.001183
0.002435
0.000387
-0.000781
0.000627
-0.000023
-0.000026
-0.000028
-0.000025
-0.000028
-0.000028
-0.000030
-0.000028
-0.000030
-0.000028
-0.000029
-0.000020
-0.000019
-0.000012
-0.000013
-0.000016
-0.000019
-0.000020
-0.000019
-0.000019
-0.000020
-0.000016
0.000041
0.000037
0.000036
0.000023
0.000004
-0.000002
-0.000001
-0.000002
-0.000002
-0.000002
-0.000002
-0.000003
-0.000002
-0.000003
-0.000002
-0.000003
-0.000003
-0.000004
-0.000004
-0.000003
0.000332
0.009844
0.013695
0.013798
0.003479
-0.000243
-0.000748
-0.001181
-0.002171
-0.003865
-0.005840
-0.005653
-0.004290
-0.003478
-0.002085
-0.003070
-0.001060
0.000313
0.000791
0.001448
0.000335
-0.000501
-0.000961
-0.001005
-0.001390
-0.001058
-0.001575
-0.001483
-0.000251
0.000453
-0.000563
0.000645
-0.000027
-0.000028
-0.000031
-0.000029
-0.000015
-0.000024
-0.000025
-0.000030
-0.000027
-0.000023
-0.000020
-0.000010
-0.000024
-0.000019
-0.000016
-0.000022
-0.000017
-0.000019
-0.000018
-0.000015
-0.000018
0.000040
0.000035
0.000039
0.000024
0.000011
-0.000001
-0.000001
-0.000001
-0.000002
-0.000002
-0.000002
-0.000002
-0.000002
-0.000003
-0.000002
-0.000003
-0.000002
-0.000003
-0.000006
-0.000002
0.002230
0.004775
0.008124
0.013615
0.013064
0.002684
-0.000425
-0.001114
-0.001711
-0.004001
-0.007539
-0.007009
-0.004804
-0.003975
-0.000547
-0.000899
-0.001764
-0.000473
-0.000476
-0.000224
-0.000408
-0.000405
-0.000911
-0.001397
-0.002398
-0.003153
-0.003101
-0.000639
0.000994
0.001744
0.000113
-0.001271
0.000343
-0.000026
-0.000032
-0.000024
-0.000015
-0.000007
-0.000018
-0.000025
-0.000023
-0.000019
-0.000019
-0.000018
-0.000022
-0.000026
-0.000021
-0.000026
-0.000027
-0.000031
-0.000020
-0.000017
-0.000017
0.000039
0.000037
0.000040
0.000032
0.000017
0.000002
-0.000001
-0.000003
-0.000001
-0.000002
-0.000002
-0.000002
-0.000002
-0.000004
-0.000003
-0.000003
-0.000003
-0.000003
-0.000006
0.000043
0.001180
0.003840
0.005597
0.010845
0.016449
0.010467
0.000334
-0.001061
-0.001462
-0.003012
-0.009120
-0.007771
-0.003898
-0.000288
0.000182
-0.000775
-0.003450
-0.002095
0.000049
-0.000991
-0.001058
-0.001653
-0.001084
-0.000849
-0.001903
-0.004366
-0.000914
0.000386
0.002912
0.001518
-0.001511
-0.001357
-0.000988
-0.000068
-0.000018
-0.000024
-0.000014
-0.000011
-0.000020
-0.000026
-0.000015
-0.000024
-0.000020
-0.000026
-0.000017
-0.000027
-0.000027
-0.000026
-0.000025
-0.000026
-0.000023
-0.000018
-0.000019
0.000042
0.000034
0.000040
0.000038
0.000024
0.000007
0.000000
-0.000002
-0.000003
-0.000003
-0.000003
-0.000003
-0.000003
-0.000003
-0.000002
-0.000002
-0.000001
-0.000007
-0.000006
-0.000014
0.000019
0.002682
0.005237
0.010029
0.014957
0.009974
0.000814
-0.000917
-0.001293
-0.002443
-0.010703
-0.007301
-0.001906
-0.002543
-0.003670
-0.003156
-0.003039
-0.001958
-0.001707
-0.000656
-0.002687
-0.004005
-0.004336
-0.004052
-0.003829
-0.002197
-0.004527
-0.001965
-0.000414
-0.002043
-0.002953
-0.001314
-0.000802
-0.001147
-0.000685
0.000173
-0.000021
-0.000026
-0.000025
-0.000026
-0.000008
-0.000019
-0.000023
-0.000004
-0.000022
-0.000022
-0.000003
-0.000021
-0.000028
-0.000025
-0.000028
-0.000020
-0.000023
0.000050
0.000042
0.000040
0.000038
0.000016
0.000019
0.000004
0.000000
-0.000001
-0.000002
-0.000004
-0.000003
-0.000003
-0.000005
-0.000003
-0.000005
-0.000005
-0.000007
-0.000009
-0.000008
-0.000082
-0.000034
0.002488
0.006426
0.011690
0.007651
0.001203
0.000080
-0.000491
-0.002052
-0.011486
-0.007718
-0.003957
-0.004471
-0.003236
-0.003115
-0.003919
-0.003109
-0.001999
-0.002119
-0.003493
-0.004883
-0.004724
-0.004653
-0.004960
-0.003814
-0.001300
-0.002350
-0.002243
-0.002667
-0.002366
-0.000388
0.001630
0.000187
0.000135
-0.000083
0.000357
0.000001
-0.000015
-0.000023
-0.000022
-0.000019
-0.000020
-0.000026
-0.000027
-0.000022
-0.000021
-0.000020
-0.000023
-0.000019
-0.000025
-0.000027
-0.000022
0.000045
0.000048
0.000038
0.000043
0.000027
0.000045
0.000050
0.000045
0.000054
-0.000002
-0.000001
-0.000004
0.000002
-0.000004
-0.000003
-0.000003
-0.000006
-0.000008
-0.000008
-0.000008
-0.000011
-0.000026
0.001051
0.004845
0.010149
0.009335
0.001294
-0.000493
-0.001047
-0.002169
-0.007311
-0.007971
-0.005984
-0.005143
-0.003899
-0.003616
-0.003135
-0.003287
-0.003351
-0.002664
-0.004283
-0.005227
-0.004920
-0.004153
-0.003956
-0.004278
-0.003129
0.000232
-0.002037
0.001354
0.001030
0.003094
0.002896
0.002801
0.001523
-0.000116
0.000036
0.000223
0.000010
0.000013
0.000121
-0.000020
-0.000026
-0.000025
-0.000023
-0.000017
-0.000015
-0.000018
-0.000024
-0.000028
-0.000029
-0.000033
-0.000030
0.000044
0.000048
0.000049
0.000048
0.000047
0.000055
0.000048
0.000041
0.000041
0.000048
0.000051
0.000053
-0.000005
-0.000004
-0.000004
-0.000004
-0.000005
-0.000006
-0.000008
-0.000008
-0.000009
0.000055
0.000046
0.000157
0.000599
0.000784
0.000501
0.001068
0.000601
-0.002972
-0.004885
-0.008995
-0.004720
-0.006281
-0.003744
-0.003029
-0.003076
-0.003695
-0.004013
-0.003522
-0.004858
-0.005451
-0.005529
-0.004295
-0.003915
-0.004346
-0.004093
-0.002321
-0.000165
0.004126
0.004995
0.005206
0.008656
0.008448
0.004368
0.002854
0.001583
0.001313
0.001123
0.001569
0.002975
0.000194
0.000039
-0.000026
-0.000024
-0.000020
-0.000017
-0.000020
-0.000027
-0.000032
-0.000034
-0.000028
-0.000025
0.000034
0.000051
0.000045
0.000051
0.000051
0.000052
0.000046
0.000040
0.000038
0.000043
0.000048
0.000048
0.000061
0.000053
0.000049
-0.000004
0.000043
0.000060
0.000054
0.000051
0.000046
0.000054
0.000047
0.000053
0.000058
0.000059
0.000082
0.000159
0.000632
0.000473
0.001113
-0.007179
-0.003978
-0.004401
-0.003005
-0.002562
-0.002789
-0.003742
-0.004481
-0.004421
-0.005469
-0.005601
-0.005384
-0.005492
-0.005004
-0.004769
-0.004156
-0.003330
-0.002501
0.004484
0.007272
0.007398
0.010516
0.010553
0.006507
0.005753
0.006226
0.006466
0.006244
0.005537
0.008163
0.006847
0.003697
0.000047
-0.000021
-0.000018
-0.000024
-0.000024
-0.000028
-0.000029
-0.000030
-0.000030
-0.000017
0.000039
0.000032
0.000037
0.000049
0.000042
0.000047
0.000044
0.000051
0.000043
0.000040
0.000051
0.000050
0.000048
0.000053
0.000053
0.000050
0.000051
0.000055
0.000048
0.000043
0.000038
0.000041
0.000039
0.000049
0.000055
0.000057
0.000042
0.000019
-0.000344
0.000665
0.000134
0.000225
0.000285
0.000041
-0.000170
-0.000245
-0.000188
-0.002046
-0.003365
-0.004310
-0.005087
-0.005460
-0.004610
-0.005200
-0.005982
-0.006247
-0.006755
-0.004255
-0.003023
-0.002291
0.005499
0.009316
0.008570
0.008824
0.008861
0.010218
0.010555
0.007841
0.005133
0.003306
0.003546
0.002748
0.001770
0.000067
-0.000041
-0.000042
-0.000045
-0.000035
-0.000029
-0.000030
-0.000029
-0.000030
-0.000019
0.000034
0.000053
0.000052
0.000051
0.000040
0.000046
0.000053
0.000041
0.000030
0.000024
0.000043
0.000058
0.000062
0.000059
0.000054
0.000051
0.000049
0.000049
0.000049
0.000044
0.000044
0.000041
0.000041
0.000041
0.000045
0.000052
0.000027
0.000015
0.000006
-0.000187
0.000109
-0.000668
-0.000684
-0.000407
-0.000224
0.000027
0.000040
-0.000174
-0.000257
-0.000288
-0.000268
-0.000257
-0.000405
0.000254
-0.006474
-0.006567
-0.006477
-0.003488
-0.003067
-0.002234
-0.001497
0.004750
0.004906
0.004418
0.005763
0.004529
0.004003
0.002083
0.000278
0.000102
0.000087
0.000087
0.000003
-0.000057
-0.000048
-0.000049
-0.000056
-0.000046
-0.000032
-0.000029
-0.000029
-0.000024
-0.000009
0.000041
0.000052
0.000057
0.000055
0.000039
0.000041
0.000050
0.000055
0.000036
0.000026
0.000026
0.000051
0.000058
0.000068
0.000064
0.000061
0.000049
0.000042
0.000049
0.000050
0.000048
0.000045
0.000035
0.000032
0.000036
0.000046
0.000034
0.000027
0.000011
-0.000490
-0.000985
-0.000533
-0.000253
0.000012
0.000042
0.000049
0.000027
0.000040
0.000040
0.000034
0.000030
0.000029
0.000020
0.000013
0.001175
-0.006461
-0.005904
-0.003672
-0.002603
-0.002040
-0.001200
0.002621
0.003287
0.002935
0.003831
0.001236
0.000448
0.000038
-0.000052
-0.000079
-0.000063
-0.000061
-0.000055
-0.000042
-0.000035
-0.000040
-0.000056
-0.000046
-0.000037
-0.000034
-0.000030
-0.000024
-0.000012
0.000040
0.000045
0.000049
0.000034
0.000043
0.000043
0.000039
0.000049
0.000032
0.000034
0.000028
0.000048
0.000051
0.000056
0.000058
0.000066
0.000062
0.000053
0.000055
0.000049
0.000053
0.000048
0.000043
0.000033
0.000032
0.000047
0.000042
0.000028
0.000007
-0.000013
-0.000017
0.000029
0.000051
0.000051
0.000054
0.000013
0.000042
0.000044
0.000034
0.000034
0.000027
0.000021
0.000021
0.000014
0.000015
0.000795
-0.004841
-0.003976
-0.002395
-0.001103
-0.000902
-0.000441
0.001495
0.000783
0.000040
-0.000024
-0.000056
-0.000072
-0.000076
-0.000075
-0.000064
-0.000035
-0.000039
-0.000021
-0.000029
-0.000042
-0.000043
-0.000040
-0.000036
-0.000032
-0.000028
-0.000030
-0.000028
0.000042
0.000035
0.000038
0.000043
0.000036
0.000034
0.000037
0.000038
0.000048
0.000032
0.000029
0.000047
0.000052
0.000049
0.000049
0.000057
0.000066
0.000060
0.000061
0.000063
0.000054
0.000045
0.000052
0.000044
0.000043
0.000057
0.000045
0.000027
0.000031
0.000041
0.000049
0.000055
0.000062
0.000050
0.000029
0.000052
0.000051
0.000040
0.000019
0.000027
0.000029
0.000036
0.000023
0.000018
0.000015
0.000012
0.000084
-0.002730
-0.001440
-0.000367
-0.000154
0.001406
0.001849
-0.000112
-0.000059
-0.000025
-0.000012
-0.000063
-0.000070
-0.000067
-0.000060
-0.000025
-0.000021
-0.000022
-0.000025
-0.000040
-0.000039
-0.000039
-0.000040
-0.000031
-0.000026
-0.000034
-0.000029
0.000040
0.000040
0.000046
0.000041
0.000038
0.000028
0.000031
0.000048
0.000051
0.000029
0.000032
0.000037
0.000052
0.000054
0.000048
0.000049
0.000056
0.000060
0.000065
0.000059
0.000057
0.000043
0.000049
0.000043
0.000045
0.000059
0.000054
0.000045
0.000039
0.000042
0.000046
0.000055
0.000059
0.000060
0.000061
0.000062
0.000053
0.000039
0.000021
0.000030
0.000035
0.000025
0.000020
0.000019
0.000015
0.000010
0.000003
-0.000093
-0.000161
0.001176
0.001103
0.002620
0.000646
-0.000105
-0.000053
-0.000059
-0.000060
-0.000061
-0.000060
-0.000067
-0.000066
-0.000045
-0.000030
-0.000018
-0.000022
-0.000034
-0.000042
-0.000041
-0.000037
-0.000031
-0.000037
-0.000028
-0.000018
0.000047
0.000041
0.000039
0.000045
0.000041
0.000037
0.000030
0.000048
0.000038
0.000041
0.000031
0.000036
0.000052
0.000054
0.000051
0.000053
0.000053
0.000066
0.000062
0.000057
0.000054
0.000048
0.000052
0.000048
0.000052
0.000061
0.000066
0.000058
0.000058
0.000050
0.000039
0.000050
0.000058
0.000063
0.000066
0.000065
0.000045
0.000032
0.000023
0.000031
0.000023
0.000021
0.000016
0.000016
0.000014
0.000010
0.000009
0.000004
0.000023
-0.000236
0.001049
0.000720
-0.000038
-0.000050
-0.000044
-0.000057
-0.000064
-0.000063
-0.000066
-0.000063
-0.000067
-0.000058
-0.000039
-0.000030
-0.000029
-0.000031
-0.000044
-0.000042
-0.000034
-0.000035
-0.000033
-0.000029
-0.000026
0.000056
0.000055
0.000041
0.000053
0.000040
0.000038
0.000043
0.000042
0.000042
0.000054
0.000036
0.000038
0.000043
0.000049
0.000053
0.000048
0.000058
0.000061
0.000058
0.000056
0.000057
0.000050
0.000052
0.000054
0.000058
0.000065
0.000072
0.000071
0.000070
0.000054
0.000041
0.000044
0.000058
0.000066
0.000064
0.000057
0.000057
0.000050
0.000036
0.000018
0.000016
0.000016
0.000024
0.000019
0.000012
0.000010
0.000009
0.000004
-0.000029
-0.000034
0.000030
-0.000031
-0.000053
-0.000058
-0.000064
-0.000068
-0.000070
-0.000059
-0.000059
-0.000058
-0.000064
-0.000047
-0.000042
-0.000039
-0.000036
-0.000033
-0.000048
-0.000050
-0.000040
-0.000049
-0.000042
-0.000040
-0.000034
0.000056
0.000046
0.000042
0.000038
0.000042
0.000035
0.000047
0.000047
0.000041
0.000051
0.000034
0.000034
0.000047
0.000062
0.000061
0.000048
0.000053
0.000056
0.000060
0.000052
0.000058
0.000060
0.000059
0.000054
0.000052
0.000057
0.000073
0.000070
0.000068
0.000059
0.000051
0.000061
0.000064
0.000057
0.000060
0.000058
0.000051
0.000040
0.000024
0.000017
0.000014
0.000021
0.000023
0.000018
0.000012
0.000008
0.000006
0.000001
-0.000004
-0.000014
-0.000033
-0.000043
-0.000062
-0.000066
-0.000067
-0.000067
-0.000069
-0.000056
-0.000053
-0.000054
-0.000059
-0.000049
-0.000052
-0.000045
-0.000038
-0.000047
-0.000044
-0.000041
-0.000049
-0.000054
-0.000043
-0.000036
-0.000036
0.000050
0.000043
0.000044
0.000052
0.000045
0.000040
0.000045
0.000052
0.000056
0.000057
0.000046
0.000045
0.000049
0.000065
0.000064
0.000053
0.000056
0.000050
0.000061
0.000060
0.000069
0.000068
0.000071
0.000066
0.000064
0.000058
0.000077
0.000070
0.000072
0.000076
0.000064
0.000064
0.000065
0.000058
0.000054
0.000053
0.000038
0.000032
0.000026
0.000020
0.000016
0.000019
0.000022
0.000022
0.000012
0.000009
0.000007
0.000004
-0.000007
-0.000016
-0.000031
-0.000050
-0.000064
-0.000058
-0.000051
-0.000064
-0.000067
-0.000053
-0.000053
-0.000056
-0.000062
-0.000055
-0.000043
-0.000042
-0.000040
-0.000047
-0.000047
-0.000048
-0.000049
-0.000055
-0.000047
-0.000035
-0.000018
