-0.000347
-0.000386
-0.000361
0.000632
-0.000260
-0.000300
-0.000328
0.000438
-0.000455
-0.000542
-0.000523
-0.000603
-0.000566
-0.000536
-0.000627
-0.000636
-0.000738
-0.000657
-0.000701
-0.000651
-0.000727
-0.000595
-0.000533
-0.000702
-0.000688
-0.000780
-0.000760
-0.000724
-0.000683
-0.000674
-0.000611
-0.000681
-0.000672
-0.000659
-0.000636
-0.000616
-0.000575
-0.000592
-0.000631
-0.000633
-0.000595
-0.000586
-0.000642
-0.000626
-0.000613
-0.000541
-0.000487
-0.000556
-0.000545
-0.000570
-0.000564
-0.000566
-0.000532
-0.000527
-0.000573
-0.000516
-0.000425
-0.000469
-0.000488
-0.000511
-0.000454
-0.000329
-0.000135
0.000051
0.000103
0.000093
-0.001158
0.000082
0.000060
-0.000083
0.000061
-0.000162
0.000195
-0.000446
-0.000394
-0.000407
-0.000407
-0.000420
-0.000418
-0.000420
-0.000452
-0.000437
-0.000540
-0.000589
-0.000682
-0.000605
-0.000555
-0.000579
-0.000563
-0.000594
-0.000616
-0.000606
-0.000592
-0.000612
-0.000592
-0.000634
-0.000596
-0.000667
-0.000647
-0.000700
-0.000650
-0.000630
-0.000646
-0.000575
-0.000581
-0.000631
-0.000651
-0.000611
-0.000630
-0.000708
-0.000709
-0.000629
-0.000682
-0.000640
-0.000617
-0.000615
-0.000584
-0.000555
-0.000576
-0.000585
-0.000576
-0.000571
-0.000558
-0.000451
-0.000415
-0.000466
-0.000465
-0.000507
-0.000515
-0.000445
-0.000412
-0.000401
-0.000428
-0.000388
-0.000414
-0.000405
-0.000431
-0.000429
-0.000421
-0.000497
-0.000469
-0.000440
-0.000442
-0.000368
-0.000454
-0.000321
-0.000428
-0.000379
-0.000446
-0.000419
-0.000427
-0.000433
-0.000439
-0.000439
-0.000475
-0.000504
-0.000526
-0.000590
-0.000609
-0.000515
-0.000569
-0.000521
-0.000653
-0.000659
-0.000628
-0.000610
-0.000610
-0.000644
-0.000604
-0.000609
-0.000591
-0.000644
-0.000662
-0.000682
-0.000640
-0.000646
-0.000604
-0.000674
-0.000697
-0.000672
-0.000641
-0.000666
-0.000671
-0.000605
-0.000616
-0.000666
-0.000623
-0.000601
-0.000631
-0.000633
-0.000622
-0.000613
-0.000581
-0.000582
-0.000481
-0.000602
-0.000534
-0.000512
-0.000477
-0.000481
-0.000538
-0.000514
-0.000439
-0.000388
-0.000415
-0.000493
-0.000415
-0.000404
-0.000402
-0.000474
-0.000409
-0.000414
-0.000438
-0.000458
-0.000429
-0.000449
-0.000448
-0.000491
-0.000331
-0.000336
-0.000436
-0.000353
-0.000463
-0.000436
-0.000410
-0.000476
-0.000450
-0.000426
-0.000509
-0.000620
-0.000661
-0.000614
-0.000514
-0.000516
-0.000560
-0.000563
-0.000645
-0.000651
-0.000598
-0.000614
-0.000676
-0.000635
-0.000566
-0.000562
-0.000588
-0.000602
-0.000633
-0.000669
-0.000591
-0.000589
-0.000683
-0.000703
-0.000640
-0.000642
-0.000610
-0.000652
-0.000641
-0.000637
-0.000663
-0.000740
-0.000721
-0.000711
-0.000593
-0.000512
-0.000578
-0.000570
-0.000605
-0.000589
-0.000604
-0.000541
-0.000495
-0.000481
-0.000479
-0.000486
-0.000469
-0.000374
-0.000461
-0.000461
-0.000518
-0.000412
-0.000388
-0.000376
-0.000430
-0.000419
-0.000420
-0.000445
-0.000450
-0.000470
-0.000452
-0.000458
-0.000494
-0.000376
-0.000341
-0.000433
-0.000396
-0.000412
-0.000455
-0.000473
-0.000475
-0.000397
-0.000486
-0.000538
-0.000604
-0.000696
-0.000631
-0.000558
-0.000555
-0.000569
-0.000647
-0.000548
-0.000647
-0.000628
-0.000609
-0.000643
-0.000636
-0.000606
-0.000566
-0.000615
-0.000656
-0.000588
-0.000552
-0.000551
-0.000568
-0.000654
-0.000716
-0.000654
-0.000569
-0.000505
-0.000512
-0.000571
-0.000560
-0.000593
-0.000738
-0.000736
-0.000775
-0.000572
-0.000490
-0.000507
-0.000518
-0.000537
-0.000496
-0.000472
-0.000428
-0.000470
-0.000471
-0.000446
-0.000429
-0.000429
-0.000405
-0.000430
-0.000401
-0.000397
-0.000386
-0.000362
-0.000408
-0.000469
-0.000460
-0.000431
-0.000417
-0.000420
-0.000487
-0.000458
-0.000457
-0.000445
-0.002169
-0.000380
-0.000426
-0.000399
-0.000439
-0.000470
-0.000471
-0.000445
-0.000460
-0.000523
-0.000606
-0.000638
-0.000749
-0.000710
-0.000500
-0.000573
-0.000597
-0.000665
-0.000637
-0.000678
-0.000610
-0.000554
-0.000576
-0.000643
-0.000572
-0.000539
-0.000497
-0.000551
-0.000628
-0.000590
-0.000507
-0.000619
-0.000620
-0.000693
-0.000570
-0.000564
-0.000417
-0.000507
-0.000596
-0.000549
-0.000573
-0.000671
-0.000717
-0.000685
-0.000552
-0.000595
-0.000526
-0.000501
-0.000506
-0.000428
-0.000413
-0.000399
-0.000430
-0.000396
-0.000398
-0.000417
-0.000401
-0.000339
-0.000391
-0.000371
-0.000374
-0.000394
-0.000388
-0.000440
-0.000368
-0.000317
-0.000337
-0.000477
-0.000461
-0.000439
-0.000463
-0.000445
-0.000409
-0.000348
-0.000422
-0.000422
-0.000395
-0.000438
-0.000396
-0.000497
-0.000514
-0.000501
-0.000527
-0.000595
-0.000628
-0.000739
-0.000690
-0.000699
-0.000626
-0.000603
-0.000607
-0.000706
-0.000623
-0.000630
-0.000640
-0.000594
-0.000588
-0.000562
-0.000532
-0.000523
-0.000535
-0.000679
-0.000609
-0.000565
-0.000571
-0.000617
-0.000616
-0.000594
-0.000577
-0.000526
-0.000527
-0.000650
-0.000544
-0.000600
-0.000622
-0.000765
-0.000661
-0.000637
-0.000566
-0.000550
-0.000518
-0.000493
-0.000468
-0.000396
-0.000433
-0.000401
-0.000395
-0.000392
-0.000386
-0.000379
-0.000332
-0.000395
-0.000419
-0.000395
-0.000432
-0.000418
-0.000447
-0.000277
-0.000340
-0.000429
-0.000419
-0.000365
-0.000405
-0.000441
-0.000438
-0.000451
-0.000425
-0.000472
-0.000400
-0.000414
-0.000464
-0.000383
-0.000408
-0.000493
-0.000542
-0.000562
-0.000584
-0.000578
-0.000681
-0.000715
-0.000668
-0.000683
-0.000641
-0.000622
-0.000679
-0.000620
-0.000621
-0.000581
-0.000630
-0.000627
-0.000538
-0.000536
-0.000623
-0.000613
-0.000682
-0.000611
-0.000571
-0.000570
-0.000642
-0.000562
-0.000599
-0.000565
-0.000534
-0.000557
-0.000631
-0.000531
-0.000508
-0.000631
-0.000729
-0.000665
-0.000610
-0.000532
-0.000524
-0.000450
-0.000437
-0.000454
-0.000464
-0.000423
-0.000381
-0.000393
-0.000385
-0.000377
-0.000352
-0.000391
-0.000380
-0.000386
-0.000371
-0.000406
-0.000426
-0.000495
-0.000467
-0.000404
-0.000367
-0.000369
-0.000395
-0.000432
-0.000437
-0.000438
-0.000459
-0.000429
-0.000431
-0.000419
-0.000417
-0.000409
-0.000431
-0.000436
-0.000488
-0.000515
-0.000553
-0.000648
-0.000620
-0.000590
-0.000598
-0.000684
-0.000716
-0.000601
-0.000655
-0.000726
-0.000728
-0.000669
-0.000604
-0.000601
-0.000660
-0.000640
-0.000662
-0.000687
-0.000711
-0.000712
-0.000561
-0.000561
-0.000557
-0.000473
-0.000565
-0.000595
-0.000553
-0.000586
-0.000573
-0.000625
-0.000693
-0.000593
-0.000677
-0.000677
-0.000678
-0.000589
-0.000541
-0.000527
-0.000509
-0.000431
-0.000462
-0.000400
-0.000326
-0.000392
-0.000391
-0.000368
-0.000369
-0.000399
-0.000405
-0.000380
-0.000385
-0.000385
-0.000427
-0.000420
-0.000445
-0.000454
-0.000349
-0.000343
-0.000406
-0.000434
-0.000454
-0.000464
-0.000422
-0.000432
0.001326
-0.000445
-0.000463
-0.000470
-0.000481
-0.000467
-0.000494
-0.000531
-0.000554
-0.000653
-0.000707
-0.000592
-0.000633
-0.000711
-0.000798
-0.000796
-0.000724
-0.000696
-0.000681
-0.000697
-0.000701
-0.000689
-0.000633
-0.000690
-0.000682
-0.000684
-0.000634
-0.000723
-0.000734
-0.000667
-0.000630
-0.000566
-0.000468
-0.000564
-0.000553
-0.000561
-0.000587
-0.000581
-0.000608
-0.000545
-0.000584
-0.000655
-0.000651
-0.000651
-0.000610
-0.000541
-0.000571
-0.000573
-0.000534
-0.000497
-0.000423
-0.000417
-0.000410
-0.000397
-0.000414
-0.000433
-0.000418
-0.000415
-0.000363
-0.000382
-0.000383
-0.000420
-0.000422
-0.000425
-0.000367
-0.000409
-0.000437
-0.000436
-0.000449
-0.000492
-0.000499
-0.000491
-0.000490
-0.000510
-0.000475
-0.000441
-0.000481
-0.000491
-0.000495
-0.000594
-0.000671
-0.000611
-0.000765
-0.000718
-0.000630
-0.000712
-0.000651
-0.000614
-0.000792
-0.000765
-0.000688
-0.000626
-0.000705
-0.000741
-0.000702
-0.000696
-0.000561
-0.000610
-0.000557
-0.000577
-0.000535
-0.000686
-0.000713
-0.000663
-0.000543
-0.000456
-0.000473
-0.000564
-0.000546
-0.000567
-0.000596
-0.000603
-0.000556
-0.000574
-0.000702
-0.000718
-0.000644
-0.000591
-0.000548
-0.000563
-0.000560
-0.000501
-0.000497
-0.000462
-0.000404
-0.000402
-0.000413
-0.000429
-0.000413
-0.000421
-0.000392
-0.000414
-0.000421
-0.000416
-0.000437
-0.000428
-0.000411
-0.000428
-0.000448
-0.000443
-0.000422
-0.000490
-0.000556
-0.000554
-0.000525
-0.000529
-0.000517
-0.000471
-0.000503
-0.000429
-0.000415
-0.000484
-0.000534
-0.000583
-0.000610
-0.000642
-0.000608
-0.000681
-0.000700
-0.000732
-0.000739
-0.000829
-0.000666
-0.000691
-0.000677
-0.000675
-0.000690
-0.000616
-0.000597
-0.000573
-0.000532
-0.000535
-0.000583
-0.000462
-0.000462
-0.000632
-0.000684
-0.000597
-0.000480
-0.000456
-0.000547
-0.000521
-0.000503
-0.000564
-0.000588
-0.000586
-0.000547
-0.000692
-0.000691
-0.000608
-0.000597
-0.000556
-0.000551
-0.000568
-0.000507
-0.000498
-0.000426
-0.000408
-0.000386
-0.000425
-0.000419
-0.000421
-0.000424
-0.000406
-0.000415
-0.000399
-0.000436
-0.000432
-0.000447
-0.000449
-0.000438
-0.000396
-0.000377
-0.000458
-0.000460
-0.000526
-0.000514
-0.000530
-0.000486
-0.000551
-0.000443
-0.000541
-0.000454
-0.000466
-0.000521
-0.000564
-0.000549
-0.000640
-0.000643
-0.000608
-0.000629
-0.000678
-0.000656
-0.000676
-0.000752
-0.000682
-0.000680
-0.000675
-0.000653
-0.000625
-0.000586
-0.000560
-0.000560
-0.000531
-0.000535
-0.000528
-0.000595
-0.000632
-0.000611
-0.000658
-0.000568
-0.000513
-0.000517
-0.000561
-0.000581
-0.000597
-0.000583
-0.000647
-0.000636
-0.000641
-0.000662
-0.000689
-0.000645
-0.000641
-0.000590
-0.000579
-0.000564
-0.000523
-0.000464
-0.000415
-0.000388
-0.000409
-0.000396
-0.000414
-0.000442
-0.000452
-0.000398
-0.000427
-0.000462
-0.000431
-0.000439
-0.000446
-0.000416
-0.000415
-0.000253
-0.000463
-0.000487
-0.000509
-0.000567
-0.000576
-0.000492
-0.000525
0.000725
-0.000542
-0.000567
-0.000584
-0.000579
-0.000517
-0.000506
-0.000512
-0.000546
-0.000667
-0.000615
-0.000685
-0.000679
-0.000621
-0.000535
-0.000644
-0.000684
-0.000704
-0.000739
-0.000648
-0.000598
-0.000673
-0.000768
-0.000558
-0.000429
-0.000593
-0.000569
-0.000596
-0.000656
-0.000679
-0.000688
-0.000674
-0.000531
-0.000570
-0.000604
-0.000647
-0.000616
-0.000555
-0.000633
-0.000661
-0.000667
-0.000613
-0.000659
-0.000623
-0.000656
-0.000609
-0.000590
-0.000566
-0.000524
-0.000486
-0.000419
-0.000368
-0.000370
-0.000406
-0.000451
-0.000520
-0.000504
-0.000545
-0.000479
-0.000475
-0.000465
-0.000466
-0.000422
-0.000420
-0.000363
-0.000528
-0.000536
-0.000518
-0.000531
-0.000560
-0.000507
-0.000530
-0.000530
-0.000398
-0.000651
-0.000604
-0.000604
-0.000577
-0.000491
-0.000514
-0.000528
-0.000607
-0.000668
-0.000660
-0.000679
-0.000592
-0.000640
-0.000620
-0.000608
-0.000691
-0.000729
-0.000765
-0.000773
-0.000719
-0.000795
-0.000681
-0.001060
0.000102
-0.002025
-0.002696
-0.002620
-0.001095
-0.000639
-0.000695
-0.000636
-0.000535
-0.000538
-0.000594
-0.000772
-0.000592
-0.000626
-0.000642
-0.000578
-0.000601
-0.000612
-0.000602
-0.000625
-0.000706
-0.000646
-0.000618
-0.000521
-0.000518
-0.000464
-0.000412
-0.000398
-0.000417
-0.000412
-0.000451
-0.000475
-0.000561
-0.000548
-0.000463
-0.000481
-0.000466
-0.000445
-0.000447
-0.000521
-0.000544
-0.000554
-0.000473
-0.000533
-0.000507
-0.000501
-0.000500
-0.000525
-0.000600
-0.000321
-0.000662
-0.000642
-0.000620
-0.000572
-0.000527
-0.000524
-0.000528
-0.000539
-0.000652
-0.000667
-0.000635
-0.000628
-0.000632
-0.000590
-0.000580
-0.000708
-0.000660
-0.000639
-0.000716
-0.000824
-0.001017
0.000388
0.000096
0.000145
0.000069
0.003303
0.002018
-0.001545
-0.002170
-0.000698
-0.000604
-0.000559
-0.000556
-0.000549
-0.000676
-0.000689
-0.000667
-0.000697
-0.000494
-0.000637
-0.000587
-0.000522
-0.000559
-0.000653
-0.000623
-0.000615
-0.000555
-0.000509
-0.000458
-0.000426
-0.000393
-0.000404
-0.000409
-0.000414
-0.000453
-0.000421
-0.000465
-0.000481
-0.000477
-0.000467
-0.000467
-0.000504
-0.000499
-0.000483
-0.000471
-0.000463
-0.000491
-0.000509
-0.000560
-0.000534
-0.000594
-0.000604
-0.000392
-0.000677
-0.000686
-0.000659
-0.000572
-0.000577
-0.000529
-0.000526
-0.000530
-0.000605
-0.000593
-0.000533
-0.000539
-0.000564
-0.000569
-0.000578
-0.000608
-0.000343
-0.000149
-0.000118
-0.000152
-0.000173
-0.000459
-0.000627
-0.001257
-0.000429
-0.000687
-0.001926
0.000721
-0.001304
-0.000493
-0.000725
-0.000631
-0.000630
-0.000544
-0.000578
-0.000709
-0.000672
-0.000634
-0.000554
-0.000517
-0.000605
-0.000477
-0.000489
-0.000573
-0.000598
-0.000632
-0.000546
-0.000528
-0.000508
-0.000461
-0.000437
-0.000416
-0.000441
-0.000456
-0.000394
-0.000383
-0.000455
-0.000493
-0.000501
-0.000500
-0.000492
-0.000489
-0.000489
-0.000434
-0.000497
-0.000561
-0.000555
-0.000562
-0.000516
-0.000578
-0.000601
-0.000608
-0.001100
-0.000647
-0.000670
-0.000664
-0.000605
-0.000565
-0.000554
-0.000524
-0.000493
-0.000524
-0.000489
-0.000490
-0.000446
-0.000526
-0.000544
-0.000197
-0.000065
-0.000588
-0.000170
0.000311
0.001430
0.000365
-0.000459
-0.000499
-0.000578
0.000209
0.001132
0.001986
0.004136
-0.000595
-0.000689
-0.000712
-0.000711
-0.000602
-0.000541
-0.000550
-0.000592
-0.000672
-0.000661
-0.000666
-0.000570
-0.000597
-0.000540
-0.000452
-0.000488
-0.000544
-0.000591
-0.000527
-0.000555
-0.000524
-0.000452
-0.000436
-0.000420
-0.000428
-0.000442
-0.000443
-0.000441
-0.000485
-0.000547
-0.000528
-0.000491
-0.000436
-0.000476
-0.000506
-0.000471
-0.000509
-0.000565
-0.000541
-0.000518
-0.000575
-0.000621
-0.000619
-0.000595
-0.000606
-0.000649
-0.000669
-0.000668
-0.000595
-0.000566
-0.000584
-0.000538
-0.000490
-0.000476
-0.000500
-0.000485
-0.000494
-0.000498
0.000022
-0.000796
-0.000792
0.000018
0.000315
0.000459
0.000915
0.000407
-0.000250
-0.000412
-0.000384
0.000390
0.001388
0.000611
0.000879
0.001062
-0.000254
-0.000573
-0.000584
-0.000619
-0.000580
0.000235
0.000586
-0.000233
-0.000597
-0.000627
-0.000562
-0.000569
-0.000445
-0.000436
-0.000453
-0.000508
-0.000507
-0.000523
-0.000554
-0.000545
-0.000473
-0.000430
-0.000420
-0.000483
-0.000484
-0.000470
-0.000529
-0.000514
-0.000503
-0.000472
-0.000426
-0.000451
-0.000468
-0.000445
-0.000490
-0.000513
-0.000545
-0.000557
-0.000522
-0.000608
-0.000565
-0.000624
-0.000589
-0.000584
-0.000559
-0.000655
-0.000630
-0.000576
-0.000529
-0.000540
-0.000500
-0.000492
-0.000510
-0.000515
-0.000489
-0.000433
-0.000064
-0.000522
-0.000533
0.000279
0.001240
0.000052
-0.000759
-0.000561
-0.000427
-0.000504
0.000016
0.000734
0.001988
0.000341
-0.000345
0.000571
0.003102
0.001865
0.001186
0.000447
0.000159
0.000821
0.000124
0.000386
0.001774
0.000178
-0.000270
-0.000510
-0.000615
-0.000506
-0.000452
-0.000501
-0.000523
-0.000502
-0.000527
-0.000534
-0.000521
-0.000486
-0.000421
-0.000450
-0.000483
-0.000475
-0.000465
-0.000469
-0.000469
-0.000375
-0.000461
-0.000394
-0.000220
-0.000424
-0.000503
-0.000494
-0.000531
-0.000537
-0.000632
-0.000601
-0.000550
-0.000584
-0.000562
-0.000603
-0.000588
-0.000501
-0.000564
-0.000572
-0.000558
-0.000520
-0.000512
-0.000471
-0.000428
-0.000463
-0.000486
-0.000482
-0.000148
-0.000465
-0.002273
0.004145
0.001122
0.000023
-0.000347
-0.000542
-0.000633
-0.000526
-0.000679
0.001469
0.004177
0.000218
-0.000653
-0.000469
-0.000433
0.000237
0.001616
0.000186
-0.000273
-0.000275
-0.000197
-0.000649
-0.000827
-0.000246
0.000161
0.000276
-0.000450
-0.000422
-0.000511
-0.000443
-0.000551
-0.000459
-0.000526
-0.000556
-0.000529
-0.000499
-0.000449
-0.000461
-0.000447
-0.000436
-0.000414
-0.000423
-0.000425
-0.000467
-0.000390
-0.000386
-0.000398
-0.000496
-0.000466
-0.000509
-0.000516
-0.000574
-0.000576
-0.000609
-0.000571
-0.000506
-0.000483
-0.000574
-0.000630
-0.000596
-0.000541
-0.000595
-0.000564
-0.000529
-0.000509
-0.000509
-0.000498
-0.000435
-0.000426
-0.000462
-0.000425
-0.000314
-0.000455
-0.002542
0.001973
0.000828
-0.000755
-0.000478
-0.000372
-0.000750
-0.000464
-0.000300
0.000069
0.000354
-0.000711
-0.000536
-0.000595
-0.000516
-0.000203
-0.000834
-0.000487
-0.000569
-0.000467
-0.000654
-0.000714
-0.000714
-0.000671
-0.000542
-0.000333
-0.000256
-0.000545
-0.000061
-0.000309
-0.000514
-0.000506
-0.000535
-0.000554
-0.000485
-0.000474
-0.000465
-0.000475
-0.000481
-0.000468
-0.000439
-0.000430
-0.000484
-0.000513
-0.000528
-0.000566
-0.000523
-0.000490
-0.000489
-0.000491
-0.000508
-0.000585
-0.000579
-0.000567
-0.000533
-0.000451
-0.000513
-0.000629
-0.000537
-0.000473
-0.000520
-0.000542
-0.000445
-0.000525
-0.000463
-0.000463
-0.000478
-0.000446
-0.000419
-0.000477
-0.000425
-0.000367
-0.000427
-0.001424
0.000125
0.001224
-0.000242
-0.000696
-0.000613
-0.000731
0.000037
0.000230
-0.000435
-0.000315
-0.000400
-0.000361
-0.000418
-0.000215
-0.000078
-0.000404
-0.000388
-0.000289
-0.000511
-0.000573
-0.000594
-0.000655
-0.000508
-0.000382
-0.000531
-0.000172
-0.000504
-0.000412
-0.000321
-0.000429
-0.000437
-0.000498
-0.000519
-0.000525
-0.000475
-0.000468
-0.000523
-0.000530
-0.000431
-0.000409
-0.000476
-0.000533
-0.000534
-0.000586
-0.000583
-0.000525
-0.000515
-0.000477
-0.000480
-0.000499
-0.000641
-0.000548
-0.000530
-0.000617
-0.000528
-0.000552
-0.000505
-0.000510
-0.000481
-0.000422
-0.000434
-0.000470
-0.000474
-0.000387
-0.000439
-0.000448
-0.000431
-0.000410
-0.000421
-0.000349
-0.000316
-0.000414
-0.000936
0.000815
0.003296
-0.000096
-0.000794
-0.000079
0.000725
0.000132
-0.000293
-0.000363
-0.000392
-0.000299
-0.000307
-0.000263
0.000019
0.000058
0.000532
-0.000227
-0.000203
-0.000623
-0.000462
-0.000467
-0.000402
-0.000612
-0.000563
-0.000677
-0.000461
-0.001222
-0.000596
-0.000396
-0.000299
-0.000369
-0.000436
-0.000570
-0.000581
-0.000504
-0.000483
-0.000524
-0.000582
-0.000533
-0.000516
-0.000549
-0.000577
-0.000582
-0.000578
-0.000529
-0.000505
-0.000490
-0.000493
-0.000489
-0.000589
-0.000652
-0.000509
-0.000551
-0.000592
-0.000553
-0.000497
-0.000553
-0.000520
-0.000446
-0.000408
-0.000422
-0.000407
-0.000353
-0.000402
-0.000451
-0.000438
-0.000465
-0.000411
-0.000447
-0.000392
-0.000395
-0.000409
-0.000995
-0.000873
0.001420
0.000508
0.001084
0.000093
0.000198
-0.000248
0.000080
0.000541
0.000599
-0.000219
-0.000362
-0.000292
-0.000378
-0.000094
0.000727
0.004051
0.000499
-0.000655
-0.000858
-0.000679
-0.000500
-0.000574
-0.000397
-0.000472
-0.000533
-0.000656
-0.000770
-0.000474
-0.000374
-0.000395
-0.000412
-0.000420
-0.000484
-0.000496
-0.000486
-0.000519
-0.000524
-0.000536
-0.000567
-0.000645
-0.000577
-0.000548
-0.000551
-0.000545
-0.000530
-0.000502
-0.000502
-0.000547
-0.000591
-0.000557
-0.000565
-0.000614
-0.000663
-0.000685
-0.000568
-0.000534
-0.000538
-0.000401
-0.000385
-0.000360
-0.000352
-0.000395
-0.000421
-0.000416
-0.000454
-0.000474
-0.000447
-0.000359
-0.000346
-0.000386
-0.000376
-0.000473
-0.000953
-0.000786
-0.000151
0.000034
-0.000075
0.001130
0.001521
0.000469
0.000564
0.001421
0.001013
-0.000079
-0.000422
-0.000533
-0.000456
-0.000184
0.000696
-0.000171
-0.000412
-0.000994
-0.000335
-0.000383
-0.000212
-0.000185
-0.000076
-0.000164
-0.000255
-0.000633
-0.000479
-0.000312
-0.000365
-0.000367
-0.000443
-0.000447
-0.000547
-0.000482
-0.000505
-0.000536
-0.000588
-0.000627
-0.000638
-0.000586
-0.000588
-0.000535
-0.000550
-0.000570
-0.000540
-0.000559
-0.000509
-0.000517
-0.000569
-0.000683
-0.000686
-0.000647
-0.000637
-0.000631
-0.000637
-0.000554
-0.000396
-0.000386
-0.000385
-0.000391
-0.000401
-0.000387
-0.000343
-0.000433
-0.000434
-0.000399
-0.000332
-0.000373
-0.000394
-0.000340
-0.000403
-0.000479
-0.000083
-0.000235
0.000090
-0.000233
-0.001737
-0.001096
-0.000161
-0.000842
-0.000408
0.000692
0.000181
-0.000808
-0.001226
-0.001113
-0.000980
-0.000552
-0.001668
-0.001967
-0.000102
-0.000089
-0.000056
-0.000221
-0.000662
-0.000436
-0.000724
-0.000458
-0.000559
-0.000150
-0.000374
-0.000370
-0.000432
-0.000424
-0.000495
-0.000306
-0.000463
-0.000544
-0.000600
-0.000582
-0.000607
-0.000607
-0.000546
-0.000565
-0.000608
-0.000541
-0.000486
-0.000494
-0.000406
-0.000579
-0.000605
-0.000640
-0.000476
-0.000578
-0.000578
-0.000647
-0.000628
-0.000594
-0.000572
-0.000458
-0.000388
-0.000408
-0.000381
-0.000375
-0.000382
-0.000437
-0.000472
-0.000396
-0.000347
-0.000334
-0.000364
-0.000374
-0.000409
-0.000463
-0.000439
-0.000439
-0.000435
-0.000463
-0.000486
-0.000630
-0.000467
-0.000711
-0.000805
0.000044
-0.000129
-0.002119
-0.003983
-0.003912
-0.003091
-0.001329
-0.001276
-0.001704
-0.001679
-0.001811
-0.002117
-0.002424
-0.000163
-0.000533
-0.000287
-0.000526
-0.000515
-0.000548
-0.000562
-0.000684
-0.000019
-0.000184
-0.000512
-0.000888
-0.000880
-0.000545
-0.000564
-0.000549
-0.000564
-0.000536
-0.000550
-0.000588
-0.000609
-0.000538
-0.000492
-0.000551
-0.000556
-0.000610
-0.000617
-0.000649
-0.000572
-0.000588
-0.000701
-0.000612
-0.000551
-0.000534
-0.000583
-0.000651
-0.000558
-0.000363
-0.000413
-0.000369
-0.000402
-0.000351
-0.000388
-0.000450
-0.000400
-0.000336
-0.000379
-0.000399
-0.000444
-0.000413
-0.000469
-0.000401
-0.000322
-0.000450
-0.000431
-0.000437
-0.000505
-0.000344
-0.000417
-0.001252
-0.000441
-0.001081
-0.001776
-0.004150
-0.004730
-0.002403
-0.001139
-0.001046
-0.001790
-0.001820
-0.001667
-0.002095
-0.001866
-0.001869
0.000046
0.000164
-0.000508
-0.000563
-0.000532
-0.000434
-0.000920
-0.000696
-0.000594
-0.000499
-0.000600
-0.001022
-0.000626
-0.000773
-0.000205
-0.000498
-0.000502
-0.000599
-0.000575
-0.000509
-0.000394
-0.000456
-0.000532
-0.000643
-0.000664
-0.000723
-0.000657
-0.000709
-0.000693
-0.000647
-0.000651
-0.000581
-0.000476
-0.000558
-0.000700
-0.000624
-0.000492
-0.000336
-0.000443
-0.000380
-0.000388
-0.000402
-0.000427
-0.000408
-0.000342
-0.000399
-0.000423
-0.000439
-0.000420
-0.000441
-0.000430
-0.000442
-0.000400
-0.000375
-0.000386
-0.000333
0.000580
0.001177
-0.000738
-0.002007
-0.000996
-0.001766
-0.002801
-0.004353
-0.002506
-0.001641
-0.000979
-0.001781
-0.002040
-0.001958
-0.001404
-0.001566
-0.001619
-0.002177
-0.002634
0.000451
0.000327
0.000203
-0.000405
-0.000811
-0.000752
-0.001190
-0.000652
-0.000723
-0.000658
-0.000676
-0.001539
-0.001082
0.000058
-0.000511
-0.000603
-0.000582
-0.000559
-0.000519
-0.000626
-0.000624
-0.000547
-0.000676
-0.000693
-0.000727
-0.000706
-0.000655
-0.000619
-0.000571
-0.000505
-0.000697
-0.000685
-0.000624
-0.000641
-0.000493
-0.000442
-0.000480
-0.000488
-0.000425
-0.000438
-0.000414
-0.000444
-0.000394
-0.000423
-0.000430
-0.000418
-0.000446
-0.000447
-0.000462
-0.000488
-0.000368
-0.000287
-0.000257
-0.000228
-0.000181
0.001835
-0.000467
-0.000950
-0.001733
-0.003351
-0.005232
-0.006475
-0.003347
-0.001251
-0.001081
-0.002241
-0.002540
-0.002233
-0.002360
-0.002401
-0.002371
-0.002344
-0.002921
-0.002028
-0.001516
-0.002264
-0.000126
-0.000536
-0.000754
-0.001485
-0.000827
-0.000602
-0.000570
-0.001519
-0.001008
-0.000642
-0.000399
0.000118
-0.000011
-0.000484
-0.000534
-0.000525
-0.000547
-0.000656
-0.000583
-0.000712
-0.000744
-0.000720
-0.000641
-0.000615
-0.000619
-0.000556
-0.000676
-0.000577
-0.000553
-0.000522
-0.000572
-0.000589
-0.000537
-0.000534
-0.000423
-0.000396
-0.000442
-0.000432
-0.000462
-0.000392
-0.000365
-0.000408
-0.000403
-0.000411
-0.000415
-0.000401
-0.000375
-0.000333
-0.000342
-0.000320
-0.000388
-0.000512
0.000292
0.001041
-0.001181
-0.002206
-0.006171
-0.006225
-0.004470
-0.001909
-0.001406
-0.001303
-0.002541
-0.003500
-0.001957
-0.002420
-0.002393
-0.002518
-0.002148
-0.002593
-0.002259
-0.002279
-0.002112
-0.001730
-0.001285
-0.001077
-0.000028
-0.001271
-0.000549
-0.000653
-0.000735
-0.000716
-0.000638
-0.000591
-0.000393
-0.000167
0.000087
-0.000467
-0.000482
-0.000524
-0.000627
-0.000630
-0.000584
-0.000634
-0.000752
-0.000612
-0.000546
-0.000614
-0.000589
-0.000562
-0.000559
-0.000573
-0.000545
-0.000562
-0.000616
-0.000593
-0.000583
-0.000475
-0.000553
-0.000581
-0.000525
-0.000451
-0.000404
-0.000365
-0.000343
-0.000393
-0.000464
-0.000456
-0.000275
-0.000285
-0.000341
-0.000376
-0.000442
-0.000485
-0.000526
-0.000700
0.000367
-0.000512
-0.003656
-0.005546
-0.003926
-0.002972
-0.002296
-0.001368
-0.001581
-0.002245
-0.002458
-0.002114
-0.001841
-0.002302
-0.002367
-0.002108
-0.002058
-0.002271
-0.002164
-0.001929
-0.001447
-0.001334
-0.001083
-0.001052
0.000059
-0.000472
-0.000587
-0.000813
-0.000793
-0.000523
-0.000297
0.000071
0.000079
0.002967
0.000024
-0.000151
-0.000577
-0.000491
-0.000576
-0.000599
-0.000725
-0.000649
-0.000576
-0.000540
-0.000596
-0.000637
-0.000594
-0.000567
-0.000465
-0.000547
-0.000564
-0.000649
-0.000652
-0.000591
-0.000440
-0.000581
-0.000618
-0.000528
-0.000390
-0.000246
-0.000365
-0.000239
-0.000470
-0.000316
-0.000277
-0.000243
-0.000374
-0.000427
-0.000365
-0.000469
-0.000549
-0.000653
-0.000748
-0.000507
0.000391
-0.001898
-0.007317
-0.007017
-0.006379
-0.004134
-0.002891
-0.001285
-0.002100
-0.002056
-0.001938
-0.001795
-0.001519
-0.002047
-0.002314
-0.002496
-0.002172
-0.001982
-0.001778
-0.001460
-0.001214
-0.000992
-0.000775
-0.000727
0.000134
-0.000695
-0.000855
-0.000607
-0.000326
0.000839
0.000383
0.000598
0.000053
-0.000358
-0.000324
0.000095
0.000033
-0.000012
-0.000627
-0.000583
-0.000510
-0.000531
-0.000534
-0.000577
-0.000610
-0.000591
-0.000559
-0.000512
-0.000538
-0.000588
-0.000592
-0.000692
-0.000666
-0.000608
-0.000600
-0.000518
-0.000495
-0.000515
-0.000537
-0.000368
-0.000404
-0.000452
-0.000158
-0.000379
-0.000353
-0.000363
-0.000479
-0.000461
-0.000470
-0.000636
-0.000648
-0.000528
-0.000476
-0.000467
-0.000747
-0.001359
-0.000758
-0.001823
-0.000666
-0.001741
-0.001068
-0.001314
-0.002028
-0.001831
-0.002009
-0.001801
-0.002066
-0.002232
-0.002272
-0.001980
-0.002014
-0.001986
-0.001844
-0.000627
-0.000685
-0.000663
-0.000604
-0.000430
-0.000046
-0.000626
-0.000435
0.000230
0.000751
0.001184
0.000832
-0.000099
0.000110
-0.000056
-0.000202
-0.000586
-0.000703
0.000129
0.000040
-0.000515
-0.000557
-0.000537
-0.000575
-0.000572
-0.000558
-0.000515
-0.000522
-0.000579
-0.000541
-0.000483
-0.000592
-0.000657
-0.000555
-0.000535
-0.000497
-0.000509
-0.000534
-0.000541
-0.000551
-0.000573
-0.000488
-0.000109
-0.000192
-0.000073
-0.000156
-0.000350
-0.000243
-0.000396
-0.000322
-0.000456
-0.000722
-0.000650
-0.000592
-0.000558
-0.000523
-0.000550
-0.000557
-0.000536
-0.000548
-0.000136
-0.001306
-0.003157
-0.001925
-0.002048
-0.001996
-0.002066
-0.002005
-0.001667
-0.002023
-0.002215
-0.002161
-0.001391
-0.000244
-0.001167
-0.000728
-0.000388
-0.000472
-0.000773
-0.000264
0.000015
0.001531
0.001149
0.000182
-0.000395
0.000624
-0.000116
-0.000306
-0.000599
-0.000632
-0.000605
-0.000511
-0.000597
0.000048
-0.000148
-0.000320
-0.000534
-0.000531
-0.000543
-0.000574
-0.000645
-0.000724
-0.000438
-0.000502
-0.000545
-0.000516
-0.000491
-0.000485
-0.000498
-0.000519
-0.000511
-0.000487
-0.000584
-0.000607
-0.000546
-0.000594
-0.000625
-0.000702
-0.000464
-0.000668
-0.000689
-0.000728
-0.000684
-0.000643
-0.000576
-0.000629
-0.000611
-0.000637
-0.000620
-0.000594
-0.000563
-0.000544
-0.000577
-0.000548
-0.000437
-0.000474
-0.000160
0.000006
0.000071
0.000124
-0.001579
-0.001601
-0.002059
-0.002769
-0.005987
-0.002435
0.009220
-0.000739
-0.001442
-0.000795
-0.000127
-0.000379
-0.000723
0.000052
0.001165
-0.000481
-0.000730
-0.000756
-0.000740
-0.000597
-0.000559
-0.000511
-0.000531
-0.000502
-0.000538
-0.000544
-0.000502
-0.000479
-0.000499
-0.000509
-0.000527
-0.000596
-0.000619
-0.000685
-0.000607
-0.000455
-0.000510
-0.000559
-0.000586
-0.000477
-0.000449
-0.000487
-0.000504
-0.000542
-0.000546
-0.000501
-0.000349
-0.000613
-0.000687
-0.000715
-0.000691
-0.000662
-0.000627
-0.000619
-0.000632
-0.000617
-0.000606
-0.000529
-0.000624
-0.000606
-0.000619
-0.000639
-0.000599
-0.000626
-0.000660
-0.000653
-0.000706
-0.000656
-0.000588
-0.000660
-0.000636
-0.000554
-0.000634
0.000030
0.000055
0.000004
-0.000298
-0.000487
-0.000557
0.001715
0.004272
0.001030
-0.000596
-0.000324
-0.000568
-0.000747
-0.000892
-0.000490
-0.000706
-0.000594
-0.000626
-0.000655
-0.000602
-0.000572
-0.000500
-0.000508
-0.000548
-0.000482
-0.000486
-0.000459
-0.000474
-0.000567
-0.000540
-0.000602
-0.000587
-0.000555
-0.000595
-0.000537
-0.000415
-0.000562
-0.000578
-0.000615
-0.000614
-0.000428
-0.000545
-0.000460
-0.000585
-0.000697
-0.000662
-0.000526
-0.000577
-0.000656
-0.000681
-0.000697
-0.000726
-0.000561
-0.000609
-0.000578
-0.000625
-0.000554
-0.000580
-0.000644
-0.000640
-0.000656
-0.000679
-0.000646
-0.000607
-0.000422
-0.000541
-0.000626
-0.000715
-0.000702
-0.000715
-0.000642
-0.000556
-0.000580
-0.000669
-0.000721
-0.000739
-0.000725
-0.000744
-0.000713
-0.000707
0.000164
0.001960
-0.000297
-0.000491
-0.000853
-0.001254
-0.002486
-0.000287
-0.000407
-0.000599
-0.000673
-0.000760
-0.000697
-0.000638
-0.000643
-0.000635
-0.000603
-0.000494
-0.000613
-0.000564
-0.000514
-0.000541
-0.000634
-0.000520
-0.000544
-0.000562
-0.000571
-0.000514
-0.000455
-0.000514
-0.000543
-0.000550
-0.000575
-0.000586
-0.000605
-0.000614
-0.000650
-0.000660
-0.000637
-0.000633
-0.000421
-0.000540
-0.000590
-0.000580
-0.000571
-0.000678
-0.000639
-0.000604
-0.000660
-0.000625
-0.000634
-0.000608
-0.000710
-0.000745
-0.000744
-0.000473
-0.000551
-0.000605
-0.000580
-0.000593
-0.000634
-0.000584
-0.000602
-0.000583
-0.000656
-0.000707
-0.000716
-0.000680
-0.000783
-0.000743
-0.000688
-0.000738
-0.000754
-0.000752
0.000219
-0.000821
-0.002631
-0.003669
-0.004727
-0.004131
-0.002625
-0.000652
-0.000741
-0.000693
-0.000594
-0.000695
-0.000755
-0.000589
-0.000641
-0.000536
-0.000617
-0.000685
-0.000634
-0.000653
-0.000587
-0.000573
-0.000562
-0.000596
-0.000529
-0.000519
-0.000512
-0.000562
-0.000547
-0.000541
-0.000572
-0.000589
-0.000644
-0.000697
-0.000713
-0.000677
-0.000670
-0.000687
-0.000693
-0.000633
-0.000484
-0.000582
-0.000497
-0.000608
-0.000807
-0.000742
-0.000591
-0.000634
-0.000636
-0.000606
-0.000668
-0.000754
-0.000801
-0.000777
-0.000462
-0.000662
-0.000727
-0.000706
-0.000699
-0.000675
-0.000661
-0.000649
-0.000645
-0.000671
-0.000746
-0.000806
-0.000800
-0.000761
-0.000857
-0.000712
-0.000720
-0.000805
-0.000742
-0.000674
-0.000875
-0.009394
-0.014521
-0.006793
-0.006735
-0.001352
-0.000829
-0.000803
-0.000587
-0.000664
-0.000723
-0.000699
-0.000596
-0.000588
-0.000594
-0.000694
-0.000696
-0.000662
-0.000583
-0.000589
-0.000585
-0.000618
-0.000609
-0.000572
-0.000558
-0.000574
-0.000656
-0.000585
-0.000558
-0.000632
-0.000601
-0.000658
-0.000760
-0.000738
-0.000693
-0.000701
-0.000702
-0.000699
-0.000705
-0.000614
-0.000425
-0.000570
-0.000614
-0.000682
-0.000641
-0.000633
-0.000695
-0.000672
-0.000647
-0.000719
-0.000855
-0.000906
-0.000778
-0.000755
-0.000706
-0.000756
-0.000788
-0.000779
-0.000751
-0.000696
-0.000791
-0.000721
-0.000677
-0.000764
-0.000766
-0.000885
-0.001034
-0.000848
-0.000859
-0.000829
-0.000870
-0.000806
-0.000767
-0.000786
-0.003362
-0.010146
-0.004970
-0.001645
-0.000737
-0.000844
-0.000908
-0.000903
-0.000790
-0.000699
-0.000633
-0.000565
-0.000564
-0.000573
-0.000638
-0.000693
-0.000762
-0.000417
-0.000598
-0.000649
-0.000667
-0.000611
-0.000569
-0.000604
-0.000603
-0.000589
-0.000668
-0.000614
-0.000611
-0.000607
-0.000646
-0.000672
-0.000689
-0.000708
-0.000704
-0.000703
-0.000681
-0.000718
-0.000685
-0.000433
-0.000555
-0.000596
-0.000631
-0.000716
-0.000697
-0.000651
-0.000648
-0.000728
-0.000687
-0.000822
-0.000916
-0.000886
-0.000870
-0.000827
-0.000836
-0.000795
-0.000730
-0.000792
-0.000821
-0.000790
-0.000789
-0.000692
-0.000594
-0.000775
-0.000830
-0.000831
-0.000778
-0.000661
-0.000745
-0.000906
-0.000844
-0.000865
-0.000812
-0.000910
-0.001675
-0.001234
-0.000939
-0.000727
-0.000752
-0.000781
-0.000803
-0.000794
-0.000723
-0.000690
-0.000602
-0.000678
-0.000662
-0.000699
-0.000725
-0.000668
-0.000652
-0.000626
-0.000645
-0.000510
-0.000596
-0.000692
-0.000722
-0.000552
-0.000431
-0.000706
-0.000668
-0.000627
-0.000644
-0.000604
-0.000585
-0.000670
-0.000691
-0.000656
-0.000716
-0.000725
-0.000741
-0.000713
-0.000616
-0.000570
-0.000594
-0.000614
-0.000727
-0.000679
-0.000583
-0.000613
-0.000746
-0.000713
-0.000757
-0.000888
-0.000849
-0.000829
-0.000861
-0.000864
-0.000870
-0.000875
-0.000842
-0.000918
-0.000972
-0.000919
-0.000767
-0.000883
-0.000896
-0.001025
-0.000830
-0.000843
-0.000858
-0.000695
-0.000713
-0.000780
-0.000806
-0.000846
-0.000911
-0.000913
-0.000827
-0.000756
-0.000729
-0.000735
-0.000726
-0.000777
-0.000787
-0.000794
-0.000700
-0.000664
-0.000654
-0.000575
-0.000658
-0.000651
-0.000622
-0.000622
-0.000571
-0.000504
-0.000462
-0.000517
-0.000691
-0.000577
-0.000487
-0.000493
-0.000674
-0.000675
-0.000651
-0.000598
-0.000592
-0.000528
-0.000608
-0.000714
-0.000774
-0.000732
-0.000720
-0.000726
-0.000588
-0.000610
-0.000608
-0.000630
-0.000665
-0.000686
-0.000715
-0.000566
-0.000638
-0.000663
-0.000786
-0.000878
-0.000935
-0.000939
-0.000851
-0.000839
-0.000832
-0.000840
-0.000832
-0.000876
-0.000981
-0.001001
-0.001011
-0.001005
-0.000889
-0.000843
-0.000932
-0.000854
-0.000884
-0.000774
-0.000870
-0.000807
-0.000742
-0.000817
-0.000947
-0.000936
-0.000871
-0.000809
-0.000775
-0.000910
-0.000752
-0.000759
-0.000820
-0.000767
-0.000740
-0.000598
-0.000677
-0.000611
-0.000590
-0.000633
-0.000627
-0.000665
-0.000609
-0.000606
-0.000496
-0.000556
-0.000621
-0.000708
-0.000579
-0.000471
-0.000500
-0.000577
-0.000630
-0.000607
-0.000573
-0.000571
-0.000525
-0.000608
-0.000756
-0.000688
-0.000635
-0.000689
-0.000612
-0.000557
-0.000594
-0.000622
-0.000644
-0.000613
-0.000654
-0.000643
-0.000553
-0.000540
-0.000628
-0.000784
-0.000836
-0.000781
-0.000788
-0.000748
-0.000809
-0.000844
-0.000826
-0.000799
-0.000786
-0.000898
-0.000998
-0.001054
-0.000958
-0.000953
-0.000828
-0.000813
-0.000815
-0.000846
-0.000754
-0.000737
-0.000740
-0.000841
-0.000875
-0.000867
-0.000916
-0.000831
-0.000682
-0.000709
-0.000819
-0.000838
-0.000758
-0.000762
-0.000730
-0.000674
-0.000567
-0.000571
-0.000688
-0.000583
-0.000671
-0.000692
-0.000642
-0.000638
-0.000632
-0.000631
-0.000627
-0.000669
-0.000687
-0.000545
-0.000473
-0.000425
