0.000595
0.000642
0.000605
0.000632
0.000714
0.000756
0.000725
0.000438
0.000795
0.000807
0.000875
-0.000603
0.001038
0.001016
0.000799
0.000700
0.000702
0.000652
0.000652
0.000547
0.000534
0.000749
0.000758
0.000741
0.000740
0.000549
0.000413
0.000464
0.000703
0.000476
0.000516
0.000594
0.000759
0.000761
0.000717
0.000728
0.000514
0.000646
0.000611
0.000522
0.000581
0.000697
0.000634
0.000519
0.000532
0.000523
0.000526
0.000544
0.000540
0.000531
0.000448
0.000403
0.000414
0.000401
0.000393
0.000465
0.000464
0.000402
0.000439
0.000380
0.000344
0.000593
0.000753
0.000652
0.000518
0.000259
-0.001158
0.000413
0.000459
0.000446
0.000061
0.000420
0.000195
0.000555
0.000565
0.000451
0.000366
0.000570
0.000616
0.000591
0.000835
0.000894
0.000977
0.000866
0.000879
0.000900
0.000965
0.000808
0.000711
0.000665
0.000696
0.000735
0.000656
0.000721
0.000690
0.000765
0.000655
0.000615
0.000751
0.000531
0.000506
0.000884
0.000794
0.000667
0.000656
0.000782
0.000814
0.000713
0.000727
0.000602
0.000553
0.000554
0.000643
0.000594
0.000596
0.000598
0.000582
0.000583
0.000627
0.000555
0.000583
0.000622
0.000544
0.000549
0.000502
0.000439
0.000409
0.000382
0.000402
0.000390
0.000446
0.000460
0.000486
0.000329
0.000383
0.000441
0.000573
0.000460
0.000447
0.000508
0.000614
0.000548
0.000472
0.000355
0.000422
0.000705
0.000544
0.000578
0.000466
0.000312
0.000489
0.000597
0.000617
0.000763
0.000926
0.000911
0.000909
0.000901
0.000841
0.000749
0.000707
0.000569
0.000609
0.000650
0.000725
0.000744
0.000664
0.000629
0.000582
0.000586
0.000609
0.000724
0.000776
0.000814
0.000919
0.000838
0.000758
0.000646
0.000706
0.000764
0.000754
0.000643
0.000777
0.000690
0.000612
0.000647
0.000645
0.000618
0.000622
0.000643
0.000543
0.000588
0.000547
0.000569
0.000509
0.000639
0.000671
0.000567
0.000439
0.000408
0.000379
0.000394
0.000440
0.000502
0.000533
0.000319
0.000451
0.000363
0.000489
0.000489
0.000460
0.000403
0.000529
0.000524
0.000416
0.000375
0.000358
0.000364
0.000610
0.000616
0.000615
0.000566
0.000361
0.000380
0.000578
0.000700
0.000714
0.000880
0.000937
0.000958
0.000835
0.000674
0.000668
0.000715
0.000635
0.000677
0.000646
0.000730
0.000643
0.000711
0.000646
0.000654
0.000531
0.000500
0.000682
0.000773
0.000704
0.000807
0.000805
0.000800
0.000702
0.000683
0.000841
0.000843
0.000844
0.000831
0.000724
0.000658
0.000609
0.000624
0.000575
0.000667
0.000435
0.000398
0.000453
0.000568
0.000598
0.000591
0.000598
0.000624
0.000474
0.000357
0.000397
0.000416
0.000455
0.000410
0.000463
0.000519
0.000577
0.000403
0.000387
0.000543
0.000562
0.000437
0.000421
0.000439
0.000415
0.000399
0.000423
0.000335
0.000398
0.000545
0.000682
0.000666
0.000614
0.000500
0.000411
0.000503
0.000672
0.000649
0.000827
0.000900
0.000843
0.000835
0.000655
0.000653
0.000713
0.000682
0.000616
0.000678
0.000712
0.000635
0.000637
0.000662
0.000618
0.000526
0.000541
0.000467
0.000636
0.000653
0.000811
0.000815
0.000778
0.000721
0.000682
0.000825
0.000850
0.000880
0.000808
0.000777
0.000625
0.000555
0.000590
0.000589
0.000592
0.000432
0.000340
0.000337
0.000546
0.000543
0.000546
0.000545
0.000536
0.000416
0.000359
0.000429
0.000452
0.000286
0.000272
0.000373
0.000431
0.000512
0.000431
0.000367
0.000329
0.000403
0.000365
0.000475
0.000422
0.000360
0.000401
0.000391
0.000448
0.000418
-0.002169
0.000604
0.000593
0.000613
0.000548
0.000500
0.000503
0.000473
0.000472
0.000808
0.000938
0.000666
0.000657
0.000734
0.000699
0.000875
0.000790
0.000639
0.000706
0.000622
0.000663
0.000727
0.000741
0.000697
0.000534
0.000516
0.000503
0.000584
0.000603
0.000687
0.000809
0.000865
0.000715
0.000702
0.000782
0.000799
0.000832
0.000787
0.000750
0.000595
0.000506
0.000558
0.000585
0.000639
0.000671
0.000337
0.000325
0.000401
0.000470
0.000512
0.000494
0.000486
0.000437
0.000362
0.000399
0.000448
0.000444
0.000412
0.000486
0.000600
0.000512
0.000448
0.000360
0.000314
0.000343
0.000381
0.000453
0.000460
0.000388
0.000482
0.000501
0.000475
0.000451
0.000586
0.000644
0.000630
0.000529
0.000502
0.000611
0.000537
0.000465
0.000519
0.000731
0.000875
0.000639
0.000645
0.000746
0.000715
0.000861
0.000771
0.000652
0.000628
0.000605
0.000706
0.000673
0.000791
0.000794
0.000624
0.000507
0.000575
0.000633
0.000587
0.000692
0.000780
0.000804
0.000705
0.000728
0.000823
0.000837
0.000746
0.000722
0.000663
0.000540
0.000538
0.000514
0.000548
0.000558
0.000606
0.000585
0.000470
0.000415
0.000435
0.000486
0.000467
0.000523
0.000478
0.000398
0.000289
0.000408
0.000420
0.000417
0.000463
0.000444
0.000543
0.000508
0.000394
0.000344
0.000290
0.000495
0.000542
0.000412
0.000352
0.000433
0.000507
0.000519
0.000453
0.000531
0.000630
0.000563
0.000584
0.000493
0.000462
0.000485
0.000429
0.000451
0.000705
0.000724
0.000676
0.000627
0.000771
0.000734
0.000716
0.000735
0.000734
0.000735
0.000667
0.000707
0.000742
0.000723
0.000780
0.000749
0.000598
0.000574
0.000649
0.000651
0.000733
0.000696
0.000817
0.000758
0.000744
0.000749
0.000842
0.000777
0.000695
0.000508
0.000481
0.000449
0.000560
0.000634
0.000617
0.000681
0.000675
0.000574
0.000492
0.000512
0.000555
0.000474
0.000432
0.000448
0.000388
0.000303
0.000315
0.000369
0.000421
0.000393
0.000453
0.000453
0.000464
0.000359
0.000308
0.000345
0.000481
0.000460
0.000391
0.000412
0.000498
0.000488
0.000552
0.000462
0.000238
0.000547
0.000499
0.000577
0.000561
0.000442
0.000476
0.000458
0.000543
0.000561
0.000641
0.000496
0.000684
0.000801
0.000707
0.000687
0.000730
0.000764
0.000729
0.000615
0.000625
0.000792
0.000789
0.000868
0.000784
0.000758
0.000642
0.000683
0.000650
0.000743
0.000676
0.000697
0.000818
0.000839
0.000814
0.000800
0.000799
0.000743
0.000680
0.000601
0.000518
0.000519
0.000469
0.000597
0.000637
0.000662
0.000612
0.000548
0.000505
0.000568
0.000445
0.000425
0.000314
0.000358
0.000269
0.000286
0.000373
0.000475
0.000410
0.000448
0.000451
0.000465
0.000316
0.000239
0.000377
0.000448
0.000455
0.000431
0.000485
0.000443
0.000497
0.000494
0.000438
0.001326
0.000571
0.000583
0.000568
0.000444
0.000475
0.000493
0.000459
0.000598
0.000483
0.000556
0.000620
0.000691
0.000773
0.000744
0.000785
0.000708
0.000702
0.000610
0.000578
0.000631
0.000734
0.000773
0.000856
0.000851
0.000805
0.000790
0.000794
0.000705
0.000721
0.000721
0.000762
0.000741
0.000741
0.000844
0.000794
0.000788
0.000781
0.000692
0.000524
0.000440
0.000474
0.000459
0.000511
0.000544
0.000619
0.000653
0.000498
0.000553
0.000429
0.000428
0.000335
0.000295
0.000280
0.000321
0.000330
0.000399
0.000466
0.000396
0.000425
0.000465
0.000499
0.000490
0.000425
0.000351
0.000356
0.000357
0.000436
0.000527
0.000462
0.000519
0.000563
0.000514
0.000355
0.000556
0.000553
0.000421
0.000286
0.000436
0.000529
0.000430
0.000423
0.000462
0.000487
0.000537
0.000592
0.000666
0.000695
0.000715
0.000690
0.000701
0.000625
0.000543
0.000604
0.000693
0.000648
0.000759
0.000865
0.000893
0.000767
0.000738
0.000736
0.000703
0.000651
0.000764
0.000717
0.000715
0.000786
0.000855
0.000752
0.000753
0.000701
0.000583
0.000437
0.000444
0.000419
0.000436
0.000431
0.000612
0.000631
0.000672
0.000587
0.000472
0.000472
0.000388
0.000359
0.000314
0.000342
0.000353
0.000409
0.000459
0.000357
0.000481
0.000497
0.000557
0.000507
0.000382
0.000320
0.000354
0.000343
0.000407
0.000552
0.000533
0.000506
0.000597
0.000517
0.000354
0.000460
0.000486
0.000289
0.000206
0.000141
0.000430
0.000435
0.000452
0.000436
0.000388
0.000420
0.000501
0.000581
0.000611
0.000635
0.000660
0.000690
0.000592
0.000594
0.000531
0.000692
0.000664
0.000621
0.000759
0.000768
0.000800
0.000673
0.000735
0.000654
0.000699
0.000699
0.000720
0.000792
0.000789
0.000783
0.000841
0.000831
0.000755
0.000649
0.000579
0.000451
0.000452
0.000373
0.000382
0.000529
0.000628
0.000643
0.000555
0.000507
0.000386
0.000310
0.000295
0.000401
0.000412
0.000427
0.000346
0.000397
0.000460
0.000421
0.000494
0.000535
0.000509
0.000504
0.000443
0.000352
0.000321
0.000404
0.000393
0.000427
0.000596
0.000533
0.000514
0.000309
0.000537
0.000397
0.000285
0.000225
0.000244
0.000373
0.000427
0.000451
0.000365
0.000415
0.000342
0.000392
0.000548
0.000618
0.000556
0.000595
0.000667
0.000719
0.000650
0.000618
0.000604
0.000607
0.000619
0.000719
0.000755
0.000735
0.000758
0.000687
0.000645
0.000785
0.000845
0.000839
0.000790
0.000859
0.000846
0.000887
0.000904
0.000884
0.000723
0.000617
0.000493
0.000404
0.000303
0.000405
0.000464
0.000581
0.000607
0.000627
0.000542
0.000422
0.000385
0.000438
0.000473
0.000465
0.000463
0.000392
0.000436
0.000465
0.000484
0.000479
0.000562
0.000531
0.000532
0.000455
0.000503
0.000477
0.000381
0.000350
0.000500
0.000500
0.000350
0.000550
0.000725
0.000506
0.000462
0.000444
0.000418
0.000367
0.000346
0.000396
0.000483
0.000440
0.000364
0.000340
0.000300
0.000429
0.000546
0.000567
0.000524
0.000592
0.000618
0.000618
0.000577
0.000565
0.000632
-0.000000
-0.001337
-0.001395
-0.000773
0.000099
0.000617
0.000671
0.000784
0.000936
0.000963
0.000925
0.000868
0.000885
0.000898
0.000900
0.000899
0.000803
0.000654
0.000421
0.000351
0.000345
0.000401
0.000463
0.000514
0.000622
0.000605
0.000561
0.000440
0.000442
0.000417
0.000456
0.000493
0.000507
0.000328
0.000444
0.000605
0.000475
0.000533
0.000590
0.000501
0.000599
0.000637
0.000627
0.000593
0.000430
0.000333
0.000440
0.000400
0.000295
0.000618
0.000310
0.000527
0.000413
0.000387
0.000381
0.000377
0.000313
0.000351
0.000376
0.000391
0.000389
0.000351
0.000272
0.000307
0.000441
0.000443
0.000456
0.000516
0.000550
0.000530
0.000585
0.000605
-0.000149
-0.002812
-0.015898
-0.026870
-0.033821
-0.022252
-0.009625
-0.000437
0.000703
0.000871
0.000998
0.000997
0.000967
0.000942
0.000895
0.000868
0.000891
0.000739
0.000713
0.000451
0.000320
0.000288
0.000392
0.000445
0.000603
0.000632
0.000675
0.000570
0.000483
0.000471
0.000484
0.000445
0.000521
0.000504
0.000434
0.000442
0.000493
0.000634
0.000649
0.000696
0.000631
0.000622
0.000627
0.000575
0.000545
0.000501
0.000469
0.000509
0.000420
0.000511
0.000626
0.000331
0.000483
0.000424
0.000406
0.000372
0.000307
0.000299
0.000350
0.000338
0.000342
0.000347
0.000343
0.000260
0.000355
0.000416
0.000391
0.000341
0.000437
0.000583
0.000577
0.000610
0.000035
-0.002284
-0.001836
-0.006826
-0.011746
-0.011289
-0.015992
-0.037566
-0.028330
-0.006914
-0.003924
0.000961
0.001007
0.000982
0.000917
0.000956
0.000945
0.000914
0.000809
0.000667
0.000405
0.000223
0.000241
0.000340
0.000426
0.000591
0.000733
0.000724
0.000624
0.000575
0.000485
0.000489
0.000493
0.000532
0.000522
0.000541
0.000599
0.000631
0.000664
0.000649
0.000628
0.000648
0.000649
0.000626
0.000510
0.000527
0.000530
0.000511
0.000638
0.000545
0.000648
0.000760
0.000302
0.000502
0.000510
0.000368
0.000333
0.000252
0.000217
0.000261
0.000291
0.000317
0.000275
0.000286
0.000276
0.000304
0.000340
0.000472
0.000404
0.000449
0.000438
0.000570
0.000672
-0.000722
-0.003801
-0.007739
-0.005093
-0.009624
-0.014458
-0.013950
-0.021281
-0.032138
-0.002382
0.000930
0.000905
0.001015
0.001020
0.000971
0.000960
0.000913
0.000866
0.000775
0.000713
0.000470
0.000031
0.000212
0.000359
0.000387
0.000552
0.000654
0.000732
0.000632
0.000509
0.000450
0.000446
0.000565
0.000539
0.000466
0.000442
0.000535
0.000708
0.000685
0.000637
0.000632
0.000553
0.000610
0.000558
0.000455
0.000511
0.000593
0.000449
0.000523
0.000774
0.000778
0.000831
-0.001100
0.000559
0.000423
0.000354
0.000278
0.000253
0.000226
0.000186
0.000240
0.000266
0.000296
0.000242
0.000222
0.000254
0.000281
0.000216
0.000310
-0.002444
0.000112
0.001330
0.000759
0.000473
0.000468
-0.000206
0.000181
0.000324
0.002556
-0.001522
-0.011214
-0.000898
0.000980
0.000891
0.000901
0.000917
0.001251
0.001763
0.001822
0.001582
0.001049
0.000789
0.000703
0.000652
0.000380
0.000386
0.000456
0.000497
0.000533
0.000678
0.000678
0.000581
0.000504
0.000388
0.000468
0.000514
0.000485
0.000491
0.000465
0.000474
0.000602
0.000642
0.000607
0.000595
0.000398
0.000461
0.000529
0.000518
0.000652
0.000569
0.000470
0.000682
0.000825
0.000888
0.000732
0.000672
0.000551
0.000449
0.000310
0.000223
0.000209
0.000193
0.000151
0.000236
0.000338
0.000340
0.000234
0.000193
0.000214
-0.000025
-0.002342
0.000272
-0.003167
0.001489
0.000771
0.000744
0.000504
0.000564
0.000472
0.000701
0.001281
0.003274
0.002984
0.006286
0.009719
0.001564
0.000975
0.001026
-0.000519
0.005432
0.017386
0.018317
0.013378
0.004697
0.003755
0.001926
0.000742
0.000593
0.000515
0.000517
0.000519
0.000509
0.000606
0.000566
0.000526
0.000541
0.000464
0.000453
0.000530
0.000564
0.000512
0.000384
0.000375
0.000499
0.000622
0.000661
0.000642
0.000333
0.000338
0.000502
0.000579
0.000602
0.000605
0.000620
0.000754
0.000783
0.000749
0.000800
0.000651
0.000468
0.000442
0.000298
0.000212
0.000215
0.000197
0.000171
0.000216
0.000244
0.000256
0.000197
0.000148
-0.000247
-0.005479
-0.001281
0.001026
0.000987
0.000754
0.000698
0.000581
0.000729
0.000795
0.000727
0.000938
0.000698
-0.000095
0.000541
0.005782
0.006607
0.008642
0.013883
0.011959
0.009896
0.010462
0.014534
0.014009
0.015285
0.015581
0.009704
0.004452
0.001813
0.000665
0.000542
0.000555
0.000534
0.000604
0.000567
0.000560
0.000612
0.000548
0.000540
0.000484
0.000444
0.000512
0.000394
0.000512
0.000410
0.000435
0.000661
0.000675
0.000645
0.000548
0.000429
0.000613
0.000643
0.000701
0.000881
0.000751
0.000738
0.000775
0.000844
0.000827
0.000718
0.000529
0.000453
0.000265
0.000159
0.000177
0.000184
0.000137
0.000148
0.000173
0.000148
0.000155
0.000564
-0.000606
-0.004790
0.000184
0.000235
0.000638
0.000640
0.000703
0.000758
0.001012
0.001008
0.000734
0.000495
-0.002243
-0.004745
-0.001499
0.003465
0.010825
0.014052
0.012344
0.009800
0.008381
0.007701
0.007852
0.008462
0.008474
0.007784
0.007600
0.009585
0.004009
0.000807
0.000604
0.000542
0.000472
0.000444
0.000600
0.000649
0.000565
0.000617
0.000631
0.000519
0.000510
0.000596
0.000538
0.000644
0.000686
0.000605
0.000701
0.000693
0.000738
0.000801
0.000577
0.000556
0.000696
0.000854
0.000828
0.000722
0.000803
0.000794
0.000777
0.000917
-0.000596
0.000548
0.000399
0.000293
0.000166
0.000153
0.000145
0.000158
0.000114
0.000147
0.000129
0.000206
0.000021
-0.000579
-0.012532
0.005188
-0.002241
0.000207
0.000630
0.000913
0.000992
0.001097
0.000593
-0.000548
-0.007326
-0.006627
-0.003346
-0.002268
0.000233
0.005167
0.005583
0.007086
0.005591
0.005188
0.003213
0.002124
0.002293
0.002875
0.002769
0.001497
0.004148
0.003983
0.004074
0.002475
0.000453
0.000327
0.000520
0.000591
0.000557
0.000603
0.000617
0.000691
0.000591
0.000552
0.000646
0.000677
0.000573
0.000731
0.000808
0.000712
0.000927
0.000830
0.000810
0.000603
0.000538
0.000772
0.000778
0.000783
0.000989
0.000873
0.000799
0.000882
0.001024
0.000898
0.000505
0.000383
0.000197
0.000199
0.000152
0.000131
0.000133
0.000119
0.000115
0.000115
0.000043
0.000036
-0.000068
-0.002480
-0.001425
0.000123
0.000246
0.000771
0.000928
0.000964
0.000487
0.003329
0.000149
-0.001256
-0.002029
-0.001278
-0.001750
0.000689
0.000803
-0.000154
0.000130
0.000560
0.001153
-0.000036
-0.000533
0.001047
0.001233
0.000381
0.001163
0.002049
0.002551
0.002454
0.003595
0.000808
-0.000547
0.000870
0.000511
0.000525
0.000613
0.000674
0.000715
0.000691
0.000600
0.000519
0.000689
0.000741
0.000760
0.000859
0.000901
0.000865
0.000767
0.000743
0.000771
0.000443
0.000880
0.000743
0.000974
0.001054
0.000892
0.000658
0.000742
0.000739
0.000848
0.000384
0.000285
0.000212
0.000149
0.000118
0.000072
0.000109
0.000094
0.000087
0.000062
0.000054
0.000060
0.000093
-0.001938
-0.010632
0.009634
-0.000015
0.000689
0.000873
0.000719
0.011446
0.013964
0.010399
0.007180
0.005629
0.003760
0.000583
0.002201
0.001540
0.000687
0.000023
0.000151
-0.000526
-0.001115
0.000387
0.001523
0.001376
0.000395
0.000156
0.001153
0.000880
0.000712
0.001346
0.001551
-0.000671
-0.002718
0.000727
0.000456
0.000587
0.000710
0.000768
0.000817
0.000662
0.000595
0.000702
0.000797
0.000880
0.000999
0.000949
0.000793
0.000723
0.000772
0.000876
0.000470
0.000600
0.000958
0.000923
0.000978
0.000828
0.000661
0.000717
0.000767
0.000948
0.000444
0.000291
0.000269
0.000133
0.000091
0.000057
0.000044
0.000058
0.000053
0.000044
0.000022
0.000035
0.000058
0.000120
-0.004724
-0.005004
0.004262
0.001220
0.004861
0.016352
0.023421
0.027446
0.026524
0.018499
0.011259
0.007861
0.003435
0.000172
0.001144
0.000771
0.000094
-0.001405
-0.001073
-0.000266
-0.000718
0.000828
0.000964
0.000752
0.000444
0.000581
0.001042
-0.000095
-0.000624
-0.000528
-0.001827
-0.002826
-0.001240
0.000668
0.000557
0.000643
0.000649
0.000760
0.000745
0.000679
0.000752
0.000757
0.000865
0.000962
0.000867
0.000798
0.000778
0.000923
0.000959
0.000834
0.000431
0.000897
0.001060
0.001065
0.000786
0.000735
0.000693
0.000909
0.001004
0.000399
0.000436
0.000375
0.000158
0.000113
0.000042
0.000019
0.000042
0.000025
0.000004
-0.000004
-0.000003
-0.000001
0.000031
-0.000216
-0.003465
0.000478
0.000915
0.005611
0.011091
0.016809
0.028232
0.029624
0.027983
0.020672
0.013684
0.006961
-0.000401
0.000456
0.000262
0.001070
-0.001664
-0.000970
-0.000865
-0.000219
-0.002248
-0.000750
-0.001163
-0.000872
-0.000541
-0.001418
-0.001833
-0.000886
-0.001274
-0.001274
-0.001767
-0.005885
-0.008983
0.000454
0.000629
0.000688
0.000707
0.000813
0.000621
0.000795
0.000811
0.000870
0.000861
0.000874
0.000936
0.000962
0.000896
0.000956
0.000893
0.000671
0.000785
0.000931
0.001214
0.001002
0.000815
0.000797
0.000825
0.000980
0.000481
0.000409
0.000184
0.000264
0.000055
0.000018
0.000002
0.000016
-0.000003
-0.000036
-0.000070
-0.000090
-0.000103
-0.000105
-0.000085
0.000087
0.000021
0.000061
0.000148
-0.000423
-0.000212
0.011786
0.018082
0.017345
0.017961
0.012762
0.006063
0.002190
0.002616
0.002329
0.000119
-0.006897
-0.005484
-0.001902
-0.000769
-0.003661
-0.004531
-0.002653
-0.001998
-0.003082
-0.006965
-0.008890
-0.007014
-0.003568
-0.000001
-0.001094
-0.006846
-0.008377
-0.007900
0.001241
0.000867
0.000887
0.000860
0.000725
0.000896
0.000851
0.000864
0.000869
0.001036
0.001045
0.001123
0.001019
0.001038
0.001060
0.000810
0.000750
0.000961
0.001115
0.000991
0.000678
0.000876
0.000801
0.000870
0.000380
0.000376
0.000387
0.000331
0.000046
0.000012
0.000019
0.000041
0.000000
-0.000043
-0.000095
-0.000133
-0.000159
-0.000164
-0.000167
-0.000180
-0.000152
-0.000015
0.000050
0.000125
0.000239
0.000443
0.002493
-0.002321
-0.003463
-0.003879
-0.002459
-0.002811
-0.003446
-0.001549
-0.005121
-0.008444
-0.009525
-0.008107
-0.007254
-0.003886
-0.009652
-0.003448
-0.002659
-0.004074
-0.009240
-0.012394
-0.011123
-0.009757
-0.008697
-0.005095
-0.010472
-0.010455
-0.009981
-0.007757
0.001023
0.000912
0.000942
0.000728
0.000699
0.000885
0.000866
0.000973
0.001105
0.001164
0.001138
0.001065
0.001144
0.000962
0.000891
0.000656
0.000789
0.000937
0.000882
0.000933
0.000946
0.000760
0.000969
0.000426
0.000378
0.000387
0.000364
0.000158
0.000007
-0.000001
-0.000013
-0.000019
-0.000060
-0.000111
-0.000156
-0.000178
-0.000197
-0.000206
-0.000229
-0.000201
-0.000105
-0.000024
0.000032
0.000773
0.013184
0.007878
0.001137
-0.003239
-0.003838
-0.002892
-0.003736
-0.003425
-0.002084
-0.007945
-0.009691
-0.009521
-0.008609
-0.010321
-0.009256
-0.004846
-0.011300
-0.008970
-0.005697
-0.011891
-0.012523
-0.011359
-0.013046
-0.010022
-0.005718
-0.007559
-0.012355
-0.009635
-0.007296
-0.007849
0.001074
0.001039
0.000786
0.000373
0.000815
0.000812
0.001037
0.000922
0.001123
0.001187
0.001174
0.001044
0.000957
0.000945
0.000895
0.000654
0.000694
0.000909
0.001035
0.001067
0.000855
0.000720
0.000531
0.000419
0.000414
0.000334
0.000225
0.000035
-0.000006
-0.000018
-0.000024
-0.000063
-0.000129
-0.000195
-0.000222
-0.000228
-0.000250
-0.000277
-0.000265
-0.000200
-0.000103
0.000048
0.013903
0.022676
0.018347
0.007502
0.000177
-0.002931
-0.003702
-0.004151
-0.003855
-0.003226
-0.008837
-0.011322
-0.009304
-0.008253
-0.008415
-0.007984
-0.010253
-0.006281
-0.002925
-0.011558
-0.013229
-0.009398
-0.012062
-0.015155
-0.015381
-0.012396
-0.008234
-0.010691
-0.008598
-0.010396
-0.011431
-0.007662
0.000662
0.000963
0.000648
0.000223
0.000688
0.000996
0.000997
0.001083
0.001040
0.001069
0.001054
0.000967
0.001058
0.001055
0.000747
0.000680
0.001023
0.001115
0.001187
0.000666
0.000694
0.000501
0.000375
0.000414
0.000358
0.000277
0.000085
-0.000014
-0.000029
-0.000018
-0.000074
-0.000161
-0.000219
-0.000263
-0.000280
-0.000288
-0.000343
-0.000351
-0.000271
-0.000678
-0.000794
0.004070
0.025115
0.020320
0.012463
0.001669
-0.002199
-0.002369
-0.003827
-0.004314
-0.004497
-0.008413
-0.011169
-0.008098
-0.006950
-0.007193
-0.007790
-0.010303
-0.008494
-0.006368
-0.007043
-0.006747
-0.003601
-0.011095
-0.010594
-0.011332
-0.013315
-0.006442
-0.009905
-0.011279
-0.011617
-0.012119
-0.011602
-0.007650
0.000527
0.000751
0.000280
0.000735
0.000966
0.001047
0.001006
0.001160
0.000976
0.000997
0.000926
0.001085
0.001177
0.000775
0.000625
0.000853
0.001162
0.001150
0.000848
0.000652
0.000521
0.000371
0.000389
0.000369
0.000307
0.000151
-0.000009
-0.000040
-0.000022
-0.000105
-0.000155
-0.000228
-0.000274
-0.000304
-0.000323
-0.000373
-0.000371
-0.000646
-0.000697
-0.000971
-0.001440
0.015621
0.022719
0.011911
0.003502
-0.003622
-0.004750
-0.004551
-0.004952
-0.004253
-0.007980
-0.012155
-0.007596
-0.006197
-0.006324
-0.007455
-0.007218
-0.008812
-0.006803
-0.008849
-0.010337
-0.007889
-0.006920
-0.005860
-0.006485
-0.005247
-0.010237
-0.006316
-0.012148
-0.012257
-0.013472
-0.011622
-0.011775
-0.010070
-0.006493
0.000435
0.000656
0.000481
0.001066
0.001096
0.001146
0.000937
0.000925
0.001064
0.001188
0.001305
0.001212
0.000866
0.000910
0.001086
0.001147
0.000939
0.000820
0.000560
0.000427
0.000407
0.000374
0.000295
0.000141
0.000013
-0.000046
-0.000049
-0.000092
-0.000158
-0.000216
-0.000258
-0.000299
-0.000312
-0.000298
-0.000789
-0.000818
-0.000750
-0.000668
-0.001502
-0.002405
0.018414
0.012165
0.004534
-0.001069
-0.004810
-0.004479
-0.005400
-0.004032
-0.007373
-0.010814
-0.011028
-0.007559
-0.006264
-0.006397
-0.006368
-0.007335
-0.008705
-0.009668
-0.009933
-0.009448
-0.008603
-0.006477
-0.004496
-0.002654
-0.004825
-0.007767
-0.011459
-0.011972
-0.014792
-0.012605
-0.011299
-0.009312
-0.008955
-0.004989
0.000559
0.000608
0.000916
0.001063
0.001052
0.000924
0.000822
0.001174
0.001122
0.001173
0.001048
0.000818
0.000940
0.001223
0.001183
0.001141
0.000967
0.000575
0.000580
0.000355
0.000407
0.000342
0.000457
0.000431
0.000494
0.000908
-0.000076
-0.000139
-0.000197
-0.000103
-0.000711
-0.000643
-0.000713
-0.000823
-0.000833
-0.000762
-0.000721
-0.000871
-0.001459
0.008598
0.012006
0.003417
0.000085
-0.003724
-0.004793
-0.004473
-0.004496
-0.004699
-0.009737
-0.009449
-0.009652
-0.008092
-0.007578
-0.008656
-0.007596
-0.008047
-0.009569
-0.010018
-0.008174
-0.006036
-0.003608
-0.002768
-0.002696
-0.002374
-0.006274
-0.009566
-0.012646
-0.013171
-0.011799
-0.009532
-0.008461
-0.008337
-0.007719
-0.005160
-0.003474
0.000516
0.000938
0.001190
0.001193
0.001064
0.001065
0.001014
0.001030
0.001104
0.000864
0.000952
0.001181
0.001225
0.001386
0.001071
0.000574
0.000606
0.000396
0.000398
0.000427
0.000552
0.000473
0.000390
0.000417
0.000508
0.000598
0.000717
-0.000197
-0.000757
-0.000792
-0.000804
-0.000654
-0.000742
-0.000824
-0.000762
-0.000851
0.000623
0.000745
0.000744
0.001511
0.001399
0.000754
0.001143
0.003597
-0.000426
-0.001768
-0.008944
-0.008492
-0.008169
-0.007481
-0.006848
-0.008675
-0.008484
-0.008907
-0.010279
-0.011503
-0.009940
-0.006620
-0.003088
-0.003680
-0.003122
-0.002901
-0.002148
-0.005261
-0.012720
-0.012511
-0.010956
-0.008067
-0.006569
-0.006733
-0.005000
-0.004271
-0.005894
-0.002425
0.000779
0.003045
0.001339
0.001050
0.001115
0.001189
0.001235
0.001233
0.001053
0.001103
0.001244
0.001399
0.001375
0.001392
0.000454
0.000673
0.000435
0.000402
0.000458
0.000471
0.000445
0.000393
0.000411
0.000380
0.000452
0.000399
0.000727
0.000766
0.000745
-0.000491
0.000522
0.000652
0.000590
0.000476
0.000484
0.000660
0.000648
0.000668
0.000630
0.000581
0.000474
0.000800
0.001451
0.001357
0.000280
-0.005301
-0.008044
-0.006842
-0.006904
-0.008536
-0.007691
-0.008844
-0.010119
-0.011242
-0.011203
-0.008967
-0.007671
-0.005180
-0.004623
-0.003347
-0.003012
-0.003676
-0.003402
-0.005600
-0.010905
-0.008113
-0.005189
-0.003319
-0.004253
-0.003759
-0.002341
-0.000175
0.005928
0.009875
0.011788
0.007097
0.001290
0.001167
0.001280
0.001264
0.001225
0.001100
0.001069
0.001310
0.001299
0.001551
0.001437
0.000413
0.000594
0.000528
0.000428
0.000395
0.000450
0.000515
0.000444
0.000499
0.000367
0.000505
0.000447
0.000345
0.000600
0.000615
0.000402
0.000433
0.000548
0.000571
0.000518
0.000575
0.000635
0.000575
0.000630
0.000600
0.000452
0.000386
0.000341
0.000609
0.000667
0.000458
0.000016
0.000092
0.000139
0.000007
0.000105
0.000364
-0.004684
-0.006932
-0.008447
-0.008702
-0.007466
-0.005548
-0.006242
-0.004645
-0.003770
-0.003383
-0.003368
-0.004398
-0.003344
-0.006357
-0.005423
-0.000802
-0.000061
0.001709
0.003330
0.006792
0.010404
0.008478
0.002262
0.002362
0.002075
0.001756
0.001542
0.001366
0.001150
0.001430
0.001356
0.001361
0.001264
0.001251
0.001412
0.001321
0.000408
0.000725
0.000692
0.000480
0.000446
0.000465
0.000547
0.000423
0.000393
0.000128
0.000295
0.000358
0.000519
0.000611
0.000643
0.000559
0.000424
0.000466
0.000545
0.000595
0.000605
0.000676
0.000581
0.000646
0.000583
0.000484
0.000245
0.000246
0.000304
0.000510
0.000510
0.000556
0.000636
0.000757
0.000778
0.000816
0.000895
0.000873
0.000443
0.000130
0.000415
0.000788
0.000818
0.001177
-0.003585
-0.004216
-0.004103
-0.003461
-0.004689
-0.004447
-0.003815
-0.002464
0.001930
0.004313
0.006208
0.007206
0.009692
0.006372
0.002211
0.002040
0.002053
0.001990
0.001758
0.001637
0.001346
0.001332
0.001642
0.001671
0.001444
0.001244
0.001194
0.000971
0.000995
0.000531
0.000745
0.000740
0.000639
0.000496
0.000546
0.000579
0.000530
0.000344
0.000379
0.000409
0.000313
0.000432
0.000636
0.000712
0.000620
0.000470
0.000428
0.000501
0.000653
0.000641
0.000625
0.000551
0.000579
0.000594
0.000591
0.000410
0.000266
0.000302
0.000350
0.000487
0.000656
0.000636
0.000791
0.000792
0.000851
0.000973
0.000802
0.000754
0.000706
0.000659
0.001005
0.001449
0.001792
0.001603
-0.004242
-0.005736
-0.005396
-0.005599
-0.006238
-0.006141
0.001341
0.003290
0.003922
0.003702
0.001836
0.002040
0.002039
0.001773
0.001792
0.001983
0.001857
0.001563
0.001324
0.000703
0.000954
0.001703
0.001517
0.001317
0.001380
0.001195
0.000904
0.000908
0.000567
0.000724
0.000859
0.000735
0.000578
0.000585
0.000519
0.000620
0.000563
0.000503
0.000453
0.000500
0.000500
0.000506
0.000648
0.000791
0.000628
0.000497
0.000597
0.000699
0.000601
0.000692
0.000659
0.000579
0.000617
0.000645
0.000632
0.000366
0.000295
0.000326
0.000594
0.000707
0.000753
0.000834
0.000802
0.000975
0.001011
0.000756
0.000416
0.000579
0.000663
0.000987
0.001498
0.001712
0.001594
0.002344
-0.005744
-0.007375
-0.007847
-0.007969
-0.008211
-0.006139
0.001656
-0.002556
0.001892
0.002136
0.001650
0.001653
0.001493
0.001429
0.001880
0.001668
0.001695
0.001066
0.000589
0.000933
0.001192
0.001301
0.001445
0.001362
0.001381
0.001086
0.000962
0.000688
0.000748
0.000793
0.000846
0.000664
0.000559
0.000445
0.000555
0.000707
0.000688
0.000552
0.000500
0.000479
0.000603
0.000587
0.000726
0.000742
0.000476
0.000708
0.000711
0.000607
0.000556
0.000590
0.000651
0.000680
0.000680
0.000700
0.000606
0.000431
0.000456
0.000558
0.000669
0.000740
0.000821
0.000888
0.000963
0.000896
0.000846
0.000441
0.000557
0.000849
0.001006
0.001547
0.001545
0.001568
0.001575
0.002246
-0.006276
-0.005275
-0.003955
-0.004768
-0.001963
-0.000964
-0.000512
0.001766
0.002154
0.001871
0.001641
0.001380
0.001233
0.001711
0.001527
0.001633
0.001419
0.000682
0.000738
0.001201
0.001322
0.001432
0.001217
0.000997
0.000889
0.000555
0.000755
0.000750
0.000840
0.000912
0.000787
0.000491
0.000544
0.000679
0.000638
0.000668
0.000639
0.000581
0.000645
0.000727
0.000652
0.000610
0.000743
0.000685
0.000622
0.000636
0.000535
0.000403
0.000568
0.000720
0.000773
0.000900
0.000830
0.000697
0.000671
0.000539
0.000299
0.000658
0.000677
0.000809
0.001018
0.001014
0.000988
0.000851
0.000364
0.000651
0.000845
0.000891
0.001294
0.001502
0.001692
0.001598
0.001258
0.001449
0.001488
0.003351
0.000527
0.004228
-0.008689
-0.000655
0.001794
0.001958
0.001613
0.001539
0.001487
0.001406
0.001422
0.001125
0.001270
0.001352
0.000615
0.000713
0.001287
0.001316
0.001344
0.001271
0.000780
0.000566
0.000690
0.000690
0.000770
0.000888
0.000858
0.000855
0.000653
0.000593
0.000636
0.000661
0.000721
0.000520
0.000603
0.000706
0.000807
0.000748
0.000629
0.000694
0.000728
0.000608
0.000612
0.000514
0.000492
0.000658
0.000667
0.000766
0.000849
0.000730
0.000713
0.000812
0.000594
0.000416
0.000662
0.000617
0.000793
0.001017
0.001134
0.001032
0.001072
0.000830
0.000682
0.000798
0.000922
0.001131
0.001494
0.001694
0.001620
0.001568
0.001715
0.001777
0.000784
0.003314
0.001776
-0.000785
0.000993
0.001796
0.001875
0.001926
0.001768
0.001837
0.001809
0.001471
0.001438
0.001118
0.001092
0.001171
0.001169
0.001372
0.001395
0.001483
0.001133
0.001026
0.000973
0.000860
0.000694
0.000675
0.000720
0.000867
0.000774
0.000680
0.000638
0.000655
0.000678
0.000646
0.000617
0.000538
0.000465
0.000714
0.000669
0.000650
0.000658
0.000671
0.000589
0.000537
0.000470
0.000508
0.000550
0.000695
0.000801
0.000949
0.000937
0.000775
0.000793
0.000746
0.000669
0.000738
0.000900
0.000894
0.000982
0.000925
0.000988
0.001173
0.000932
0.000665
0.000821
0.001240
0.001466
0.001546
0.001331
0.001337
0.001880
0.001879
0.001625
0.001545
0.001518
0.005403
-0.002458
0.001449
0.001869
0.001977
0.002359
0.001856
0.001874
0.001905
0.001265
0.001270
0.001086
0.001208
0.001346
0.001518
0.001424
0.001416
0.001455
0.001267
0.001332
0.001046
0.000894
0.000714
0.000637
0.000671
0.000750
0.000771
0.000674
0.000641
0.000597
0.000623
0.000729
0.000696
0.000736
0.000732
0.000733
0.000591
0.000436
0.000613
0.000589
0.000693
0.000541
0.000556
0.000593
0.000648
0.000724
0.000862
0.000836
0.001001
0.000893
0.000948
0.000835
0.000770
0.000944
0.001067
0.001109
0.001087
0.000929
0.000999
0.000946
0.000627
0.000433
0.000847
0.000983
0.001251
0.001398
0.001597
0.001507
0.001878
0.001797
0.001697
0.001626
0.001661
0.002013
0.001491
0.001887
0.002090
0.002184
0.002290
0.001891
0.001829
0.001674
0.001260
0.001168
0.001111
0.001010
0.001411
0.001480
0.001388
0.001339
0.001376
0.001453
0.001480
0.001262
0.001182
0.000743
0.000656
0.000769
0.000877
0.000793
0.000796
0.000683
0.000627
0.000676
0.000866
0.000799
0.000843
0.000752
0.000730
0.000694
0.000464
0.000600
0.000741
0.000806
0.000646
0.000620
0.000691
0.000710
0.000760
0.000931
0.000906
0.000977
0.000922
0.000965
0.001113
0.000872
0.000950
0.001128
0.001078
0.001004
0.001014
0.000822
0.000904
0.000979
0.000725
0.000934
0.000989
0.001136
0.001471
0.001767
0.001996
0.001981
0.001932
0.002076
0.001693
0.001695
0.002119
0.002205
0.002082
0.002096
0.002002
0.001961
0.001717
0.001533
0.001535
0.001521
0.001411
0.001082
0.001131
0.001229
0.001597
0.001585
0.001458
0.001462
0.001549
0.001342
0.000929
0.000967
