0.000941
0.001110
0.000149
0.000632
-0.000207
-0.000190
-0.000117
0.000438
-0.000103
-0.000141
-0.000079
-0.000603
0.000610
0.001049
0.001198
0.001197
0.001252
0.001191
0.001055
0.000817
0.000920
0.001028
0.000908
0.000922
0.001011
0.000969
0.000805
0.000819
0.000913
0.000839
0.000648
0.000616
0.000806
0.000752
0.000702
0.000602
0.000681
0.000728
0.000750
0.000728
0.000618
0.000605
0.000545
0.000502
0.000515
0.000526
0.000488
0.000471
0.000446
0.000413
0.000325
0.000308
0.000343
0.000347
0.000283
0.000237
0.000194
0.000127
0.000222
0.000285
0.000216
0.000269
0.000192
0.000282
0.000262
0.000317
-0.001158
0.000314
0.000328
0.000284
0.000061
0.000313
0.000195
0.000959
0.001137
0.001140
0.001093
0.001035
0.001075
0.001144
0.001062
0.001104
0.001078
0.001232
0.001330
0.001295
0.001418
0.001232
0.001009
0.000961
0.001054
0.001093
0.000997
0.000944
0.000903
0.000940
0.000902
0.000906
0.000987
0.000882
0.000894
0.000842
0.000750
0.000631
0.000748
0.000744
0.000717
0.000665
0.000672
0.000660
0.000689
0.000733
0.000788
0.000797
0.000695
0.000620
0.000565
0.000499
0.000513
0.000491
0.000475
0.000507
0.000461
0.000390
0.000336
0.000306
0.000340
0.000279
0.000283
0.000242
0.000198
0.000264
0.000242
0.000199
0.000199
0.000187
0.000261
0.000258
0.000277
0.000243
0.000252
0.000279
0.000320
0.000297
0.000282
0.000320
0.001045
0.000986
0.001077
0.000989
0.001083
0.001077
0.001112
0.001070
0.001046
0.001203
0.001334
0.001300
0.001127
0.001237
0.000975
0.000933
0.000887
0.001151
0.001054
0.001069
0.000828
0.000719
0.000910
0.000910
0.000891
0.001014
0.000955
0.000933
0.000939
0.000859
0.000811
0.000772
0.000837
0.000807
0.000708
0.000749
0.000633
0.000681
0.000700
0.000766
0.000730
0.000696
0.000615
0.000565
0.000508
0.000497
0.000514
0.000514
0.000513
0.000440
0.000425
0.000409
0.000338
0.000308
0.000341
0.000259
0.000205
0.000278
0.000274
0.000237
0.000237
0.000238
0.000132
0.000243
0.000287
0.000274
0.000276
0.000284
0.000278
0.000306
0.000289
0.000269
0.000371
0.001061
0.001111
0.001071
0.000993
0.001008
0.001038
0.001091
0.001101
0.001198
0.001042
0.001132
0.001135
0.001103
0.001024
0.000795
0.000733
0.000808
0.000952
0.000997
0.001115
0.000742
0.000894
0.000888
0.000901
0.000817
0.000905
0.000963
0.000963
0.000972
0.000952
0.000896
0.000843
0.000791
0.000809
0.000742
0.000819
0.000745
0.000702
0.000683
0.000709
0.000675
0.000667
0.000680
0.000635
0.000526
0.000568
0.000549
0.000543
0.000538
0.000463
0.000428
0.000394
0.000315
0.000271
0.000339
0.000315
0.000300
0.000247
0.000269
0.000259
0.000266
0.000191
0.000179
0.000231
0.000292
0.000252
0.000229
0.000304
0.000226
0.000200
0.000342
0.000257
0.000399
0.001076
0.001185
0.001045
0.000948
0.000945
0.000966
0.000989
0.000942
0.001022
0.000979
0.000980
0.001050
0.000947
0.000912
0.000919
0.000704
0.000719
0.000788
0.001050
0.001011
0.000827
0.000839
0.000841
0.000851
0.000849
0.000857
0.000942
0.000974
0.000961
0.000988
0.000945
0.000849
0.000718
0.000830
0.000814
0.000854
0.000725
0.000724
0.000705
0.000595
0.000614
0.000606
0.000549
0.000526
0.000490
0.000462
0.000525
0.000446
0.000516
0.000518
0.000409
0.000372
0.000348
0.000341
0.000354
0.000269
0.000275
0.000263
0.000281
0.000242
0.000236
0.000219
0.000271
0.000223
0.000282
0.000262
0.000279
0.000288
0.000297
0.000312
0.000314
0.000270
-0.002169
0.001057
0.001118
0.001083
0.000954
0.000919
0.001036
0.000893
0.000960
0.000889
0.000957
0.000910
0.000915
0.000822
0.000844
0.000768
0.000752
0.000444
0.000682
0.000897
0.000860
0.000748
0.000786
0.000793
0.000758
0.000785
0.000865
0.000817
0.000854
0.000972
0.001032
0.001011
0.000802
0.000851
0.000796
0.000849
0.000813
0.000694
0.000689
0.000720
0.000634
0.000606
0.000646
0.000555
0.000451
0.000435
0.000406
0.000413
0.000461
0.000508
0.000548
0.000521
0.000447
0.000374
0.000363
0.000328
0.000284
0.000273
0.000221
0.000277
0.000223
0.000272
0.000202
0.000252
0.000266
0.000278
0.000282
0.000236
0.000292
0.000288
0.000263
0.000301
0.000218
0.000425
0.001118
0.001070
0.001077
0.001051
0.001039
0.000940
0.001091
0.001008
0.001109
0.000934
0.000989
0.000663
0.000696
0.000756
0.000792
0.000749
0.000661
0.000596
0.000789
0.000870
0.000881
0.000806
0.000765
0.000703
0.000755
0.000846
0.000873
0.000858
0.000887
0.001005
0.000898
0.000754
0.000684
0.000738
0.000832
0.000861
0.000740
0.000683
0.000682
0.000686
0.000671
0.000700
0.000653
0.000578
0.000499
0.000413
0.000321
0.000435
0.000540
0.000525
0.000514
0.000450
0.000392
0.000368
0.000306
0.000264
0.000245
0.000237
0.000247
0.000270
0.000261
0.000232
0.000218
0.000292
0.000307
0.000275
0.000260
0.000289
0.000274
0.000304
0.000273
0.000282
0.000385
0.001099
0.001157
0.001109
0.001058
0.001069
0.001014
0.001042
0.001141
0.001161
0.001038
0.000769
0.000631
0.000641
0.000667
0.000738
0.000780
0.000839
0.000693
0.000811
0.000786
0.000766
0.000794
0.000796
0.000696
0.000722
0.000804
0.000834
0.000854
0.000833
0.000854
0.000766
0.000801
0.000770
0.000651
0.000687
0.000758
0.000714
0.000685
0.000680
0.000661
0.000672
0.000700
0.000658
0.000642
0.000504
0.000451
0.000369
0.000408
0.000458
0.000512
0.000541
0.000475
0.000390
0.000385
0.000355
0.000297
0.000207
0.000218
0.000244
0.000258
0.000256
0.000239
0.000223
0.000271
0.000296
0.000323
0.000301
0.000265
0.000329
0.000286
0.000267
0.000288
0.000381
0.001139
0.001186
0.001178
0.001090
0.001026
0.001117
0.001055
0.001161
0.001084
0.000919
0.000772
0.000684
0.000760
0.000764
0.000703
0.000688
0.000741
0.000589
0.000745
0.000754
0.000857
0.000789
0.000792
0.000762
0.000705
0.000738
0.000726
0.000796
0.000817
0.000804
0.000814
0.000811
0.000774
0.000684
0.000627
0.000697
0.000824
0.000785
0.000779
0.000688
0.000711
0.000736
0.000737
0.000707
0.000540
0.000459
0.000439
0.000456
0.000449
0.000486
0.000524
0.000504
0.000450
0.000389
0.000357
0.000324
0.000293
0.000274
0.000239
0.000234
0.000224
0.000204
0.000227
0.000230
0.000245
0.000277
0.000284
0.000292
0.000328
0.000302
0.000249
0.000224
0.001326
0.001136
0.001223
0.001225
0.001164
0.001171
0.001203
0.001227
0.001187
0.000941
0.000839
0.000709
0.000777
0.000813
0.000689
0.000646
0.000699
0.000822
0.000842
0.000806
0.000956
0.000967
0.000914
0.000756
0.000698
0.000648
0.000615
0.000622
0.000703
0.000738
0.000736
0.000715
0.000763
0.000622
0.000634
0.000566
0.000790
0.000857
0.000873
0.000774
0.000769
0.000743
0.000807
0.000756
0.000719
0.000669
0.000557
0.000526
0.000481
0.000401
0.000460
0.000507
0.000514
0.000484
0.000409
0.000402
0.000342
0.000339
0.000240
0.000218
0.000216
0.000145
0.000182
0.000254
0.000196
0.000246
0.000253
0.000260
0.000267
0.000364
0.000338
0.000217
0.000237
0.000352
0.001083
0.001106
0.001165
0.001172
0.001165
0.001272
0.001188
0.000934
0.000821
0.000662
0.000753
0.000765
0.000811
0.000700
0.000617
0.000677
0.000798
0.000874
0.000767
0.000799
0.000895
0.000814
0.000782
0.000668
0.000641
0.000744
0.000780
0.000731
0.000944
0.000912
0.000926
0.000777
0.000763
0.000625
0.000575
0.000740
0.000894
0.000891
0.000718
0.000756
0.000766
0.000800
0.000738
0.000716
0.000693
0.000595
0.000559
0.000516
0.000398
0.000427
0.000499
0.000498
0.000482
0.000432
0.000424
0.000380
0.000373
0.000363
0.000282
0.000208
0.000203
0.000223
0.000244
0.000188
0.000256
0.000272
0.000286
0.000389
0.000378
0.000370
0.000336
0.000232
0.000319
0.000975
0.001111
0.001204
0.001153
0.001100
0.001243
0.001087
0.000938
0.000772
0.000626
0.000725
0.000775
0.000781
0.000697
0.000649
0.000687
0.000802
0.000838
0.000823
0.000832
0.000910
0.000969
0.000806
0.000766
0.000709
0.000844
0.000887
0.000929
0.001043
0.001004
0.000989
0.000935
0.000773
0.000655
0.000653
0.000707
0.000903
0.000915
0.000731
0.000800
0.000710
0.000736
0.000729
0.000733
0.000728
0.000609
0.000567
0.000568
0.000534
0.000420
0.000471
0.000479
0.000450
0.000435
0.000450
0.000437
0.000424
0.000388
0.000281
0.000214
0.000181
0.000184
0.000250
0.000232
0.000249
0.000293
0.000263
0.000311
0.000322
0.000366
0.000451
0.000351
0.000250
0.001010
0.001065
0.001066
0.001185
0.001171
0.001072
0.000907
0.000858
0.000708
0.000602
0.000783
0.000839
0.000788
0.000580
0.000656
0.000737
0.000806
0.000858
0.000913
0.000884
0.000877
0.001015
0.000879
0.000631
0.000773
0.000974
0.001032
0.001028
0.001047
0.001084
0.001044
0.000893
0.000789
0.000733
0.000725
0.000772
0.000862
0.001000
0.000828
0.000731
0.000678
0.000647
0.000715
0.000672
0.000670
0.000657
0.000641
0.000689
0.000539
0.000407
0.000474
0.000488
0.000459
0.000448
0.000456
0.000400
0.000385
0.000451
0.000269
0.000193
0.000171
0.000195
0.000258
0.000313
0.000270
0.000266
0.000337
0.000278
0.000207
0.000275
0.000318
0.000323
0.000725
0.001068
0.001119
0.001065
0.001135
0.001183
0.001040
0.000877
0.000800
0.000708
0.000670
0.000744
0.000761
0.000681
0.000601
0.000521
0.000695
0.000774
0.000795
0.000899
0.000897
0.000929
0.000998
0.000079
-0.005464
-0.005935
-0.001451
0.000172
-0.000029
0.000571
0.001130
0.001085
0.000976
0.000843
0.000860
0.000843
0.000885
0.000865
0.000925
0.000958
0.000698
0.000575
0.000597
0.000674
0.000704
0.000664
0.000662
0.000677
0.000714
0.000685
0.000542
0.000467
0.000451
0.000451
0.000476
0.000487
0.000442
0.000459
0.000427
0.000275
0.000167
0.000127
0.000247
0.000287
0.000346
0.000307
0.000283
0.000273
0.000324
0.000263
0.000238
0.000158
0.000348
0.000383
0.001230
0.001201
0.001089
0.001254
0.001251
0.000849
0.000830
0.000767
0.000746
0.000752
0.000680
0.000542
0.000690
0.000520
0.000553
0.000579
0.000642
0.000696
0.000812
0.000769
0.000871
-0.000473
-0.007745
-0.004116
-0.008139
-0.020515
-0.019143
-0.008152
-0.004340
-0.001814
0.000859
0.001082
0.000972
0.000942
0.000915
0.000873
0.001108
0.000963
0.000844
0.000631
0.000582
0.000558
0.000646
0.000759
0.000668
0.000753
0.000696
0.000641
0.000615
0.000533
0.000480
0.000509
0.000581
0.000501
0.000475
0.000460
0.000455
0.000432
0.000328
0.000252
0.000143
0.000204
0.000307
0.000312
0.000286
0.000255
0.000298
0.000259
0.000233
0.000188
0.000299
0.000369
0.000359
0.001089
0.001211
0.001215
0.001219
0.001167
0.000784
0.000911
0.000747
0.000666
0.000684
0.000641
0.000670
0.000640
0.000588
0.000650
0.000595
0.000560
0.000765
0.000811
0.000820
0.000027
-0.007171
-0.002564
-0.003119
-0.006164
-0.002574
-0.002189
-0.010648
-0.017633
-0.023008
-0.011531
0.001066
0.001210
0.001042
0.000980
0.001088
0.000912
0.000959
0.000947
0.000809
0.000648
0.000610
0.000504
0.000518
0.000683
0.000715
0.000719
0.000686
0.000555
0.000521
0.000446
0.000454
0.000499
0.000581
0.000505
0.000438
0.000429
0.000421
0.000381
0.000360
0.000285
0.000290
0.000317
0.000326
0.000370
0.000321
0.000316
0.000358
0.000323
0.000377
0.000369
0.000437
0.000503
0.001115
0.001174
0.001218
0.001213
0.000943
0.000874
0.000784
0.000792
0.000675
0.000591
0.000606
0.000604
0.000518
0.000500
0.000626
0.000558
0.000377
0.000285
0.000560
0.000889
-0.001406
-0.012671
-0.009975
-0.009122
-0.015066
-0.017220
-0.011275
-0.011150
-0.016556
-0.025881
-0.000052
0.001370
0.001276
0.001087
0.000970
0.001054
0.001004
0.000869
0.000913
0.000761
0.000642
0.000339
0.000429
0.000533
0.000676
0.000794
0.000761
0.000670
0.000541
0.000496
0.000482
0.000486
0.000501
0.000522
0.000505
0.000467
0.000414
0.000432
0.000399
0.000393
0.000403
0.000409
0.000358
0.000417
0.000410
0.000423
0.000299
0.000320
0.000283
0.000399
0.000506
0.000542
-0.001100
0.000949
0.001120
0.001131
0.001193
0.000932
0.000901
0.000816
0.000750
0.000813
0.000721
0.000668
0.000563
0.000516
0.000572
0.000560
0.000179
0.000662
0.000789
0.001893
0.001107
0.000619
0.000541
0.000155
0.000387
-0.000193
0.000198
0.000708
0.002635
-0.000664
0.001073
0.001641
0.001457
0.001267
0.001121
0.001120
0.001117
0.001006
0.000946
0.000907
0.000790
0.000671
0.000538
0.000537
0.000583
0.000660
0.000606
0.000749
0.000677
0.000535
0.000538
0.000555
0.000558
0.000519
0.000523
0.000515
0.000505
0.000515
0.000502
0.000459
0.000362
0.000452
0.000393
0.000383
0.000428
0.000391
0.000408
0.000367
0.000380
0.000466
0.000502
0.000558
0.000604
0.000572
0.001112
0.001031
0.001089
0.001028
0.001026
0.001034
0.000836
0.000822
0.000842
0.000785
0.000728
0.000579
0.000550
0.000103
0.001737
0.001694
0.001375
0.001064
0.001056
0.001125
0.000937
0.000793
0.000822
0.001124
0.001481
0.001455
0.003639
0.004646
0.009550
0.009912
0.007917
0.002321
0.001723
0.000610
0.003443
0.002733
0.001110
0.001032
0.001005
0.000919
0.000743
0.000613
0.000640
0.000893
0.000814
0.000710
0.000693
0.000677
0.000576
0.000581
0.000601
0.000570
0.000522
0.000561
0.000523
0.000516
0.000540
0.000461
0.000395
0.000282
0.000426
0.000423
0.000399
0.000353
0.000345
0.000364
0.000414
0.000441
0.000541
0.000639
0.000627
0.000551
0.000591
0.001090
0.000889
0.000975
0.001005
0.001015
0.000935
0.000990
0.000885
0.000812
0.000669
0.000788
0.000692
-0.002205
0.000937
0.001869
0.001357
0.000759
0.000782
0.000826
0.001114
0.001179
0.000881
0.000754
0.001372
0.001469
-0.006396
-0.002623
0.009126
0.008584
0.007440
0.012149
0.020043
0.014580
0.011691
0.009859
0.005617
0.001283
0.001115
0.001106
0.000993
0.000839
0.000798
0.000780
0.000870
0.000772
0.000636
0.000681
0.000745
0.000667
0.000617
0.000621
0.000573
0.000546
0.000572
0.000628
0.000581
0.000516
0.000431
0.000395
0.000376
0.000351
0.000465
0.000395
0.000300
0.000342
0.000396
0.000471
0.000547
0.000586
0.000563
0.000587
0.000672
0.000670
0.000962
0.000912
0.000939
0.001050
0.000984
0.000937
0.000924
0.000870
0.000687
0.000712
0.000808
-0.004569
-0.022707
-0.007527
0.002576
0.001003
0.000823
0.000829
0.001011
0.001056
0.001641
0.001395
0.000457
0.000685
-0.007188
-0.006128
-0.004865
0.001762
0.003515
0.000667
0.001019
0.006180
0.014073
0.014228
0.007721
0.004108
0.001440
0.001219
0.001123
0.001104
0.000912
0.000816
0.000723
0.000865
0.000775
0.000675
0.000659
0.000733
0.000673
0.000592
0.000619
0.000623
0.000660
0.000554
0.000482
0.000620
0.000678
0.000651
0.000460
0.000430
0.000333
0.000355
0.000444
0.000402
0.000385
0.000400
0.000495
0.000678
0.000771
0.000765
0.000821
0.000733
-0.000596
0.000888
0.000985
0.001012
0.001132
0.000839
0.000981
0.000959
0.000846
0.000750
0.000852
0.000890
0.000185
-0.007256
-0.014462
0.000136
0.001152
0.000852
0.001038
0.001171
0.001221
0.001812
0.001291
-0.008643
-0.009563
-0.009263
-0.004101
0.001407
0.002604
0.002022
-0.001942
-0.004241
0.000303
0.006284
0.015607
0.011251
0.003207
0.001664
0.001359
0.001200
0.001122
0.000908
0.000742
0.000623
0.001102
0.000736
0.000673
0.000632
0.000720
0.000700
0.000647
0.000629
0.000644
0.000637
0.000571
0.000521
0.000594
0.000623
0.000694
0.000601
0.000632
0.000481
0.000476
0.000515
0.000474
0.000424
0.000469
0.000567
0.000839
0.000884
0.000876
0.000769
0.000646
0.000573
0.000920
0.000912
0.000857
0.001010
0.000852
0.000881
0.000801
0.000829
0.000771
0.000809
0.000815
0.000751
-0.001253
-0.016786
-0.012102
0.001127
0.000762
0.001278
0.001110
0.001384
0.001336
-0.000625
-0.007351
-0.000636
0.002994
0.004866
0.009096
0.010859
0.008020
-0.000091
-0.008496
-0.005572
0.001672
0.011918
0.016806
0.007050
0.002528
0.001952
0.003105
0.001543
0.000603
-0.000148
-0.000622
0.006546
0.001138
0.000927
0.000613
0.000693
0.000684
0.000674
0.000625
0.000682
0.000655
0.000550
0.000630
0.000670
0.000670
0.000690
0.000724
0.000556
0.000627
0.000672
0.000593
0.000568
0.000479
0.000634
0.000858
0.000956
0.000785
0.000749
0.000731
0.000713
0.000755
0.000911
0.000698
0.000757
0.000775
0.000872
0.000892
0.000922
0.000937
0.000829
0.000765
0.000866
0.000792
0.000003
-0.004573
-0.014791
0.000246
0.001184
0.001579
0.001264
0.001068
0.001471
0.020622
0.016815
0.014411
0.011436
0.011371
0.011791
0.012374
0.012391
0.000011
-0.007360
-0.005568
-0.000798
0.008916
0.015167
0.016307
0.002352
0.005208
0.007489
0.006809
0.003865
0.000758
0.001241
0.005743
0.006775
0.007071
0.000906
0.000577
0.000643
0.000639
0.000651
0.000658
0.000642
0.000717
0.000703
0.000769
0.000796
0.000799
0.000819
0.000739
0.000759
0.000813
0.000732
0.000627
0.000632
0.000707
0.000833
0.000845
0.000789
0.000736
0.000825
0.000795
0.000769
0.000863
0.000908
0.000791
0.000921
0.000884
0.000878
0.000868
0.000855
0.000873
0.000732
0.000779
0.000792
0.000787
-0.000301
-0.010002
-0.005840
0.001701
0.002207
0.004621
0.011049
0.020845
0.030266
0.030021
0.009139
-0.013110
-0.002503
0.001011
0.001535
-0.002200
-0.008334
-0.009437
-0.004850
-0.001071
0.007683
0.013230
0.010235
-0.009161
-0.003473
0.004217
0.005906
0.005349
0.003315
0.000175
0.003068
0.002963
0.003439
0.002459
0.000298
0.000694
0.000774
0.000736
0.000760
0.000766
0.000752
0.000672
0.000764
0.000871
0.000884
0.000894
0.000889
0.000818
0.000854
0.000814
0.000642
0.000702
0.000638
0.000668
0.000835
0.000898
0.000844
0.000745
0.000769
0.000868
0.000808
0.001013
0.001024
0.000940
0.000900
0.000832
0.000848
0.000898
0.000777
0.000690
0.000780
0.000878
0.000951
0.000697
-0.003910
-0.003474
0.000395
0.001333
0.001497
0.002454
0.008810
0.006829
-0.003716
0.000829
0.001297
0.001778
0.002026
0.001908
0.001780
-0.006894
-0.015948
-0.002713
0.003530
0.012010
0.006238
-0.010331
-0.022879
-0.020969
-0.011697
0.002327
0.001696
-0.001528
-0.002107
-0.000110
-0.005596
-0.001032
-0.002162
-0.004394
0.000199
0.000436
0.000850
0.000814
0.000770
0.000750
0.000722
0.000779
0.000765
0.000947
0.000970
0.000894
0.000885
0.000948
0.000848
0.000848
0.000815
0.000702
0.000523
0.000945
0.000918
0.000817
0.000766
0.000839
0.000850
0.000986
0.000979
0.000983
0.000786
0.000741
0.000758
0.000803
0.000833
0.000781
0.000868
0.000879
0.000969
0.000988
0.000974
0.001029
0.000937
0.000551
0.000390
0.000874
0.001291
0.001573
0.001439
0.001495
0.001198
0.000899
0.000960
0.000762
0.001032
0.001468
0.002538
0.004920
-0.006954
-0.007688
0.004956
0.002012
-0.006352
-0.006366
-0.003336
-0.008163
-0.009563
-0.011757
-0.011076
-0.005363
-0.003556
-0.006560
-0.006418
-0.005491
-0.006810
-0.012466
-0.003495
0.000291
0.000904
0.000889
0.000839
0.000868
0.000841
0.000833
0.001021
0.000998
0.001018
0.001047
0.000944
0.000844
0.000976
0.000826
0.000811
0.000726
0.000827
0.000898
0.000746
0.000896
0.000835
0.000770
0.000960
0.000796
0.000844
0.000849
0.000650
0.000757
0.000828
0.000752
0.000911
0.000991
0.000973
0.000965
0.000956
0.001064
0.001052
0.000911
0.000480
0.000463
0.000664
0.000836
0.001560
0.000775
-0.000080
-0.005906
-0.004957
-0.003141
-0.001940
0.003764
0.015249
0.014862
0.001109
-0.006127
-0.008499
-0.008933
-0.011705
-0.008310
-0.011141
-0.008058
-0.010745
-0.014314
-0.015600
-0.019950
-0.011921
-0.009233
-0.006700
-0.010437
-0.009132
-0.008239
-0.013039
-0.006936
-0.006467
0.000900
0.000971
0.000942
0.000942
0.000864
0.000823
0.001034
0.000965
0.001005
0.001012
0.000885
0.000925
0.000945
0.000940
0.001089
0.000756
0.000707
0.000832
0.000690
0.000824
0.000839
0.000688
0.000895
0.000990
0.000860
0.000902
0.000612
0.000712
0.000719
0.000722
0.000771
0.000863
0.000932
0.000980
0.001029
0.001089
0.000790
0.000654
0.000945
0.000632
0.000792
0.001095
-0.000484
-0.005937
-0.006466
-0.006322
-0.005705
-0.004514
-0.003300
0.000035
0.008777
0.013377
-0.001218
-0.007410
-0.009119
-0.010939
-0.014211
-0.009922
-0.008609
-0.011342
-0.013468
-0.014754
-0.017883
-0.017956
-0.014802
-0.016688
-0.010891
-0.010533
-0.008918
-0.014849
-0.015831
-0.013848
-0.007073
0.000297
0.000991
0.001022
0.001148
0.001009
0.000765
0.000831
0.001129
0.000986
0.000999
0.000859
0.000849
0.000984
0.000937
0.000878
0.000835
0.000787
0.000809
0.000920
0.000914
0.000674
0.000544
0.000798
0.000892
0.000903
0.000823
0.000732
0.000681
0.000702
0.000633
0.000659
0.000758
0.000942
0.000938
0.001001
0.001001
0.000781
0.000780
0.000826
0.000755
0.000416
-0.000754
-0.004317
-0.005538
-0.006179
-0.006020
-0.005974
-0.004353
-0.003585
-0.002526
0.008201
0.012099
-0.000148
-0.007161
-0.008364
-0.009416
-0.009583
-0.008395
-0.010280
-0.007710
-0.013109
-0.015230
-0.018238
-0.020045
-0.016610
-0.020561
-0.015722
-0.011584
-0.012937
-0.015871
-0.017292
-0.017837
-0.012800
-0.005836
0.000489
0.001143
0.001131
0.000854
0.000854
0.000770
0.001004
0.001018
0.001000
0.000979
0.000945
0.000941
0.000902
0.000656
0.000702
0.000765
0.000913
0.001019
0.001132
0.000770
0.000578
0.000664
0.000792
0.000977
0.000964
0.000833
0.000665
0.000571
0.000604
0.000859
0.000912
0.000980
0.000942
0.000951
0.001040
0.001012
0.000854
0.001038
-0.000700
-0.003813
-0.003865
-0.004905
-0.005513
-0.006695
-0.006205
-0.005225
-0.003988
-0.003656
-0.000894
0.010863
0.010811
0.007016
-0.008905
-0.007287
-0.008320
-0.007551
-0.008371
-0.011266
-0.008020
-0.007521
-0.015149
-0.013142
-0.012546
-0.014534
-0.014319
-0.015754
-0.016078
-0.014876
-0.018625
-0.019512
-0.019069
-0.013445
-0.010392
-0.007045
0.000253
0.000659
0.000984
0.000704
0.000739
0.000805
0.000974
0.001036
0.001121
0.001018
0.001080
0.001060
0.000941
0.000721
0.000785
0.000910
0.000971
0.001013
0.000987
0.000634
0.000722
0.000758
0.000915
0.000915
0.000826
0.000779
0.000542
0.000506
0.000636
0.000723
0.001046
0.000991
0.001044
0.000996
0.000902
0.001084
-0.000887
-0.004966
-0.005116
-0.004865
-0.004937
-0.005962
-0.006740
-0.006185
-0.006174
-0.005073
-0.003190
0.004220
0.010973
0.010019
0.005356
-0.011593
-0.008032
-0.009223
-0.006435
-0.005827
-0.008475
-0.006744
-0.006657
-0.010720
-0.014117
-0.015101
-0.013593
-0.012987
-0.013808
-0.008691
-0.017636
-0.021854
-0.023597
-0.021145
-0.018054
-0.012116
-0.010849
-0.009370
-0.007057
0.000593
0.000815
0.000867
0.000671
0.000945
0.001014
0.001122
0.001121
0.001173
0.001099
0.001035
0.001113
0.000881
0.000814
0.000860
0.000921
0.000871
0.000887
0.000625
0.000580
0.000679
0.000641
0.000776
0.000859
0.000493
0.000450
0.000852
0.000927
0.001091
0.001055
0.000939
0.001158
-0.000349
-0.001578
-0.006703
-0.006879
-0.005085
-0.004886
-0.004574
-0.005220
-0.006570
-0.006125
-0.006773
-0.006107
0.004231
0.010517
0.006930
0.007273
-0.001279
-0.013561
-0.015843
-0.012370
-0.010605
-0.011565
-0.011410
-0.007070
-0.007145
-0.012695
-0.014162
-0.014498
-0.014686
-0.013812
-0.013985
-0.009134
-0.007420
-0.019220
-0.020452
-0.016718
-0.018725
-0.011924
-0.010588
-0.009142
-0.009252
-0.007327
0.000392
0.000854
0.000875
0.001021
0.001013
0.001202
0.001186
0.001206
0.001138
0.001093
0.001014
0.000990
0.000813
0.000946
0.001070
0.001025
0.000976
0.000477
0.000501
0.000568
0.000525
0.000695
0.000816
0.000755
0.000801
0.000816
0.000509
0.000506
0.000729
0.000369
-0.000774
-0.004852
-0.006096
-0.007339
-0.007131
-0.006724
-0.006451
-0.005274
-0.005783
-0.006449
-0.005901
0.001161
0.007207
0.004841
0.003185
0.002592
0.006111
-0.008434
-0.013311
-0.017814
-0.016167
-0.012776
-0.012329
-0.011362
-0.008519
-0.009210
-0.013775
-0.014898
-0.014967
-0.014885
-0.013551
-0.013417
-0.010631
-0.010479
-0.005157
-0.016340
-0.016805
-0.015099
-0.011833
-0.007880
-0.009105
-0.009088
-0.008118
-0.008054
-0.006305
0.000682
0.000900
0.001045
0.001172
0.001074
0.001064
0.001289
0.001183
0.001065
0.000779
0.000902
0.001002
0.001029
0.001236
0.001338
0.000698
0.000537
0.000561
0.000488
0.000787
0.000619
0.000642
0.000431
0.000521
0.000605
0.000969
-0.000031
0.000875
-0.003922
-0.006384
-0.006611
-0.005581
-0.005402
-0.005092
-0.005310
-0.005306
-0.000234
-0.000044
-0.000036
-0.000182
0.000587
0.002089
0.002575
0.003977
0.000828
-0.010130
-0.016373
-0.018455
-0.014230
-0.013522
-0.013926
-0.010715
-0.010011
-0.011589
-0.014657
-0.014517
-0.015031
-0.015443
-0.014024
-0.012950
-0.012678
-0.012156
-0.009700
-0.005027
-0.015719
-0.012273
-0.010521
-0.008342
-0.010658
-0.009034
-0.007565
-0.005415
-0.006747
-0.004142
-0.000109
0.000689
0.001030
0.001096
0.001094
0.001299
0.000992
0.001255
0.001180
0.001092
0.001116
0.001185
0.001221
0.001310
0.000551
0.000570
0.000561
0.000568
0.000746
0.000607
0.000631
0.000353
0.000518
0.000725
0.000716
0.000948
0.000413
0.000389
-0.000843
-0.003219
-0.001871
0.000314
0.000085
0.000061
0.000197
0.000637
0.000629
0.000616
0.000496
0.000436
0.000471
0.000412
-0.000346
0.001493
0.005367
-0.012780
-0.015935
-0.012088
-0.012864
-0.014253
-0.011442
-0.010704
-0.015483
-0.014783
-0.014010
-0.013960
-0.014842
-0.011837
-0.012584
-0.013450
-0.010914
-0.012337
-0.013920
-0.003789
-0.012022
-0.008056
-0.009965
-0.008841
-0.008848
-0.003383
0.000794
0.001275
0.000586
-0.001229
0.001064
0.002434
0.001491
0.001191
0.001143
0.001175
0.001425
0.001223
0.001263
0.001243
0.001292
0.001051
0.001214
0.000498
0.000589
0.000551
0.000559
0.000644
0.000635
0.000611
0.000550
0.000617
0.000706
0.000795
0.000888
0.000766
0.000463
0.000360
0.000106
0.000029
0.000629
0.000600
0.000574
0.000612
0.000606
0.000651
0.000642
0.000575
0.000498
0.000499
0.000384
0.000337
0.000258
0.003857
0.001159
0.000899
-0.000199
-0.001828
0.000071
0.000903
-0.005903
-0.009246
-0.010634
-0.008490
-0.010264
-0.010650
-0.012674
-0.012199
-0.011157
-0.010196
-0.013019
-0.016092
-0.014552
-0.006871
-0.010098
-0.006933
-0.005561
-0.004016
-0.001196
0.002118
0.003468
0.000949
0.001649
0.002127
0.002876
0.002845
0.001311
0.001470
0.001902
0.002407
0.001789
0.001553
0.001405
0.001091
0.001243
0.001574
0.000388
0.000571
0.000555
0.000583
0.000660
0.000725
0.000755
0.000736
0.000677
0.000541
0.000815
0.000906
0.000769
0.000710
0.000570
0.000513
0.000539
0.000646
0.000649
0.000621
0.000601
0.000593
0.000662
0.000662
0.000581
0.000573
0.000471
0.000343
0.000373
0.000149
0.000963
0.000746
0.000574
-0.003147
-0.000015
0.000509
0.000517
0.000709
0.000654
-0.000230
-0.002591
-0.001431
0.000430
0.000643
-0.008613
-0.010664
-0.014086
-0.017948
-0.017940
-0.018135
-0.014642
-0.008665
-0.010205
-0.006156
-0.000586
0.000779
0.002947
0.001480
0.002409
0.002166
0.002217
0.002751
0.002908
0.002415
0.002340
0.002207
0.002334
0.002156
0.001803
0.001352
0.001360
0.001499
0.001732
0.000358
0.000570
0.000581
0.000693
0.000614
0.000654
0.000805
0.000856
0.000866
0.000705
0.000848
0.000920
0.000894
0.000715
0.000682
0.000693
0.000681
0.000714
0.000550
0.000603
0.000573
0.000591
0.000460
0.000650
0.000636
0.000556
0.000375
0.000331
0.000381
0.000205
0.000254
0.000225
0.000350
-0.000155
0.000625
0.000664
0.000623
0.000824
0.000838
0.000739
0.000804
0.000903
0.000817
0.000884
0.000641
-0.009595
-0.014973
-0.020700
-0.017024
-0.014339
-0.015112
-0.000888
-0.002092
-0.003051
0.002286
0.002511
-0.001897
0.002322
0.002752
0.002387
0.002243
0.002621
0.002936
0.002976
0.002589
0.002129
0.002581
0.002200
0.001909
0.001810
0.001673
0.001596
0.001404
0.000495
0.000402
0.000407
0.000417
0.000443
0.000541
0.000783
0.001112
0.000967
0.000757
0.000700
0.000694
0.000946
0.000770
0.000670
0.000761
0.000717
0.000758
0.000561
0.000471
0.000455
0.000537
0.000206
0.000471
0.000514
0.000467
0.000443
0.000317
0.000398
0.000393
-0.000041
0.000587
0.000684
0.000796
0.000706
0.000815
0.000812
0.000635
0.000765
0.000680
0.000796
0.000842
0.000905
0.000856
0.000884
0.000677
-0.009014
-0.011058
-0.009657
-0.012926
-0.013042
-0.007168
0.000333
-0.002155
-0.008490
-0.001724
0.002336
0.002878
0.003049
0.002791
0.002636
0.002570
0.002883
0.002839
0.002656
0.002344
0.002182
0.002229
0.002328
0.001902
0.001678
0.001491
0.001462
0.000523
0.000468
0.000445
0.000495
0.000566
0.000582
0.000762
0.001092
0.000856
0.000755
0.000465
0.000498
0.000792
0.000857
0.000779
0.000709
0.000836
0.000835
0.000771
0.000682
0.000595
0.000473
0.000481
0.000463
0.000447
0.000378
0.000509
0.000493
0.000336
0.000464
0.000304
0.000388
0.000771
0.000904
0.000835
0.000882
0.000863
0.000571
0.000761
0.000801
0.000985
0.000859
0.001049
0.001358
0.001252
0.001076
0.001561
-0.003700
0.001681
-0.004307
-0.010118
-0.007311
-0.002053
0.000876
0.002657
0.002729
0.002966
0.003184
0.003025
0.003375
0.002910
0.002439
0.002516
0.002490
0.002521
0.002426
0.002269
0.002508
0.002038
0.001725
0.001685
0.001660
0.001562
0.000476
0.000533
0.000511
0.000560
0.000614
0.000577
0.000672
0.000974
0.001107
0.000775
0.000556
0.000410
0.000475
0.000898
0.000787
0.000760
0.000776
0.000735
0.000715
0.000630
0.000544
0.000449
0.000564
0.000343
0.000389
0.000419
0.000615
0.000668
0.000493
0.000511
0.000398
0.000587
0.000868
0.001023
0.000936
0.000784
0.000827
0.000641
0.000867
0.000971
0.000999
0.000941
0.001163
0.001476
0.001380
0.001181
0.001177
0.001753
0.001962
0.002324
-0.004425
-0.005816
-0.002458
-0.004020
0.001722
0.002664
0.003145
0.003212
0.003073
0.003258
0.003097
0.002496
0.002423
0.002406
0.002289
0.002275
0.002451
0.002393
0.002028
0.001790
0.001770
0.001813
0.001719
0.000599
0.000534
0.000554
0.000588
0.000600
0.000439
0.000630
0.000721
0.000891
0.000974
0.000604
0.000238
0.000422
0.000864
0.000851
0.000713
0.000722
0.000726
0.000701
0.000617
0.000512
0.000491
0.000524
0.000555
0.000603
0.000683
0.000759
0.000797
0.000778
0.000758
0.000641
0.000726
0.001024
0.001071
0.000991
0.000890
0.000896
0.000799
0.000706
0.000965
0.000960
0.000933
0.001093
0.001415
0.001574
0.001504
0.001391
0.001193
0.001389
0.001662
-0.002400
-0.005736
-0.006437
-0.003247
0.000318
0.002692
0.003056
0.002898
0.003049
0.003103
0.002483
0.002120
0.002148
0.002389
0.002289
0.002211
0.002244
0.002404
0.002231
0.001919
0.001815
0.001825
0.001721
0.000732
0.000598
0.000588
0.000522
0.000511
0.000503
0.000487
0.000564
0.000845
0.000672
0.000821
0.000560
0.000599
0.000636
0.000714
0.000736
0.000658
0.000682
0.000622
0.000646
0.000612
0.000510
0.000550
0.000711
0.000764
0.000727
0.000743
0.000841
0.000880
0.000821
0.000891
0.001033
0.001043
0.001054
0.000899
0.000891
0.000866
0.000866
0.000869
0.000771
0.000854
0.000845
0.001070
0.001462
0.001550
0.001543
0.001253
0.001218
0.001492
0.001739
-0.001360
-0.007894
-0.001218
0.001011
0.002088
0.002619
0.002616
0.002704
0.002635
0.002663
0.002053
0.002376
0.002764
0.002227
0.002165
0.002412
0.002387
0.002299
0.002249
0.002188
0.001808
0.001769
0.002137
0.000744
0.000598
0.000546
0.000470
0.000476
0.000426
0.000153
0.000375
0.000711
0.000960
0.000988
0.000657
0.000670
0.000572
0.000543
0.000602
0.000606
0.000483
0.000513
0.000581
0.000654
0.000664
0.000585
0.000659
0.000617
0.000705
0.000799
0.000799
0.000875
0.000767
0.000672
0.001013
0.001006
0.000837
0.000926
0.000863
0.000829
0.000835
0.000710
0.000739
0.000885
0.000871
0.001063
0.001161
0.001202
0.001461
0.001454
0.001395
0.001454
0.001771
0.002042
0.001865
0.001930
0.002447
0.002211
0.002326
0.002689
0.002530
0.002643
0.002661
0.002515
0.002623
0.003219
0.001833
0.002271
0.002183
0.002231
0.002168
0.002146
0.002017
0.001942
0.002069
0.002077
0.000676
0.000514
0.000559
0.000357
0.000296
0.000153
0.000127
0.000320
0.000625
0.000854
0.000936
0.000772
0.000573
0.000401
0.000454
-0.000061
0.000328
0.000378
0.000210
0.000446
0.000595
0.000651
0.000725
0.000595
0.000598
0.000779
0.000964
0.000846
0.000822
0.000893
0.000783
0.000815
0.000879
0.001110
0.000986
0.001045
0.000934
0.000708
0.000669
0.000717
0.000781
0.000810
0.000766
0.001094
0.001259
0.001236
0.001343
0.001421
0.001397
0.001470
0.002086
0.002145
0.002403
0.002292
0.002369
0.002210
0.002502
0.002520
0.002708
0.002751
0.003034
0.002994
0.002700
0.001673
0.001749
0.002179
0.002234
0.001874
0.001912
0.002041
0.002065
0.002077
0.001882
