-0.000931
-0.000866
-0.000797
0.000632
-0.000618
-0.000462
-0.000429
0.000438
-0.000640
-0.000695
-0.000567
-0.000603
-0.000967
-0.001168
-0.001059
-0.001087
-0.001100
-0.001024
-0.001431
-0.001697
-0.001600
-0.001464
-0.001422
-0.001485
-0.001301
-0.001355
-0.001229
-0.001260
-0.001112
-0.001051
-0.001098
-0.001161
-0.001036
-0.001066
-0.001025
-0.001098
-0.001168
-0.001138
-0.001284
-0.001372
-0.001252
-0.001320
-0.001316
-0.001192
-0.001061
-0.001101
-0.001082
-0.001021
-0.001106
-0.001074
-0.001098
-0.001034
-0.001123
-0.001101
-0.001057
-0.000982
-0.000938
-0.000822
-0.000953
-0.000978
-0.001148
-0.001054
-0.001038
-0.001057
-0.000898
-0.000774
-0.001158
-0.000369
-0.000183
0.000007
0.000061
0.000215
0.000195
-0.001016
-0.000886
-0.001017
-0.001159
-0.001093
-0.001085
-0.001140
-0.001121
-0.000941
-0.001311
-0.000890
-0.001024
-0.000859
-0.001345
-0.001075
-0.000886
-0.000913
-0.000858
-0.001064
-0.001189
-0.001297
-0.001324
-0.001080
-0.001262
-0.001105
-0.001065
-0.001066
-0.001156
-0.001121
-0.001140
-0.001081
-0.001036
-0.001082
-0.001138
-0.001191
-0.001194
-0.001177
-0.001130
-0.001148
-0.001234
-0.001160
-0.001218
-0.001359
-0.001154
-0.001188
-0.001074
-0.001119
-0.001054
-0.001164
-0.001024
-0.001060
-0.000955
-0.000987
-0.001017
-0.001063
-0.001136
-0.000961
-0.000896
-0.000907
-0.000950
-0.000896
-0.000929
-0.000784
-0.000692
-0.000883
-0.000953
-0.001005
-0.000941
-0.000836
-0.000909
-0.000957
-0.000958
-0.000873
-0.000920
-0.001089
-0.001046
-0.001081
-0.001279
-0.001057
-0.001184
-0.001250
-0.001301
-0.001375
-0.001430
-0.000961
-0.000852
-0.001249
-0.000910
-0.000849
-0.000980
-0.000997
-0.001015
-0.001224
-0.001268
-0.001360
-0.001312
-0.001104
-0.001082
-0.001179
-0.001145
-0.001069
-0.001233
-0.001184
-0.000977
-0.001076
-0.001124
-0.001041
-0.001151
-0.001246
-0.001256
-0.001311
-0.001231
-0.000947
-0.001153
-0.001264
-0.001297
-0.001186
-0.001044
-0.001060
-0.000998
-0.000994
-0.001086
-0.001012
-0.001048
-0.001116
-0.001016
-0.001095
-0.001109
-0.001077
-0.001098
-0.000959
-0.000975
-0.000945
-0.000902
-0.000782
-0.000845
-0.000873
-0.000881
-0.000871
-0.000950
-0.000804
-0.000916
-0.000971
-0.000925
-0.000975
-0.000939
-0.000984
-0.001028
-0.001021
-0.000984
-0.001229
-0.001044
-0.001208
-0.001115
-0.001347
-0.001414
-0.001627
-0.000978
-0.001048
-0.001082
-0.000942
-0.000894
-0.000904
-0.001091
-0.001005
-0.001027
-0.001095
-0.001123
-0.001152
-0.001113
-0.000855
-0.001544
-0.001153
-0.001179
-0.001193
-0.001191
-0.001052
-0.001090
-0.001065
-0.001075
-0.001220
-0.001320
-0.001306
-0.001345
-0.001026
-0.001140
-0.001146
-0.001317
-0.001361
-0.001229
-0.001265
-0.001148
-0.001087
-0.000897
-0.001101
-0.001062
-0.001057
-0.001154
-0.000991
-0.001134
-0.001068
-0.000993
-0.000971
-0.000958
-0.000969
-0.000882
-0.000874
-0.000861
-0.000776
-0.000795
-0.000825
-0.000760
-0.000822
-0.000941
-0.000995
-0.000964
-0.001009
-0.001025
-0.001021
-0.001028
-0.001121
-0.000999
-0.001052
-0.001144
-0.001330
-0.001332
-0.001258
-0.001388
-0.001523
-0.001383
-0.001409
-0.001378
-0.001104
-0.001050
-0.001017
-0.000976
-0.001058
-0.001032
-0.001106
-0.001126
-0.001150
-0.001111
-0.001164
-0.001012
-0.001036
-0.001106
-0.001366
-0.001378
-0.001306
-0.000890
-0.001030
-0.001229
-0.001261
-0.001358
-0.001438
-0.001376
-0.001349
-0.001259
-0.001164
-0.001291
-0.001179
-0.001126
-0.001253
-0.001228
-0.001185
-0.001042
-0.000866
-0.001056
-0.001144
-0.001040
-0.001069
-0.001036
-0.000957
-0.000934
-0.000955
-0.000890
-0.000883
-0.000768
-0.000841
-0.000872
-0.000750
-0.000865
-0.000760
-0.000953
-0.000870
-0.000916
-0.000951
-0.001045
-0.001015
-0.001022
-0.001079
-0.002169
-0.001088
-0.001000
-0.001054
-0.001054
-0.001061
-0.001266
-0.001347
-0.001313
-0.001354
-0.001506
-0.001346
-0.001428
-0.001333
-0.001130
-0.001117
-0.001226
-0.001136
-0.001201
-0.001039
-0.000972
-0.001123
-0.001258
-0.001213
-0.001205
-0.001009
-0.001095
-0.001304
-0.001292
-0.001225
-0.001099
-0.001080
-0.001122
-0.001299
-0.001299
-0.001270
-0.001350
-0.001126
-0.001224
-0.001236
-0.001260
-0.001172
-0.001072
-0.001155
-0.001168
-0.001090
-0.001049
-0.001326
-0.001219
-0.001120
-0.001027
-0.001041
-0.000986
-0.000893
-0.000871
-0.000876
-0.000849
-0.000839
-0.000762
-0.000791
-0.000689
-0.000673
-0.000928
-0.000943
-0.000887
-0.000883
-0.000946
-0.000941
-0.001088
-0.001108
-0.001041
-0.001111
-0.001101
-0.000913
-0.001104
-0.001003
-0.001031
-0.001067
-0.001120
-0.001110
-0.001170
-0.001470
-0.001362
-0.001502
-0.001328
-0.001357
-0.001286
-0.001412
-0.001193
-0.001154
-0.001146
-0.001150
-0.001091
-0.001106
-0.001085
-0.001199
-0.001113
-0.001071
-0.001141
-0.001219
-0.001351
-0.001396
-0.001223
-0.001173
-0.001152
-0.001164
-0.001175
-0.001230
-0.001095
-0.001249
-0.001271
-0.001188
-0.001172
-0.001201
-0.001100
-0.001059
-0.001102
-0.001067
-0.001057
-0.001173
-0.001236
-0.001204
-0.001079
-0.000972
-0.000925
-0.000889
-0.000923
-0.000901
-0.000811
-0.000853
-0.000755
-0.000698
-0.000699
-0.000755
-0.000854
-0.000941
-0.000900
-0.000827
-0.000951
-0.001023
-0.001082
-0.001192
-0.001120
-0.001066
-0.001063
-0.001114
-0.001108
-0.001211
-0.001039
-0.000987
-0.001076
-0.001059
-0.001091
-0.001207
-0.001266
-0.001284
-0.001153
-0.000925
-0.001213
-0.001302
-0.001445
-0.001380
-0.001437
-0.001112
-0.001042
-0.001079
-0.001102
-0.001015
-0.000980
-0.001031
-0.001317
-0.001265
-0.001312
-0.001377
-0.001351
-0.001129
-0.001147
-0.001281
-0.001138
-0.001156
-0.001100
-0.001084
-0.001099
-0.001295
-0.001179
-0.001191
-0.001149
-0.001071
-0.001134
-0.001199
-0.001184
-0.001042
-0.000994
-0.000977
-0.001117
-0.000992
-0.001075
-0.001045
-0.000903
-0.000774
-0.000820
-0.000933
-0.000845
-0.000859
-0.000675
-0.000744
-0.000828
-0.000823
-0.000785
-0.000820
-0.000929
-0.000971
-0.000993
-0.001263
-0.001203
-0.001118
-0.001119
-0.001022
-0.000926
-0.000955
-0.001064
-0.001181
-0.001025
-0.001006
-0.001133
-0.001163
-0.001244
-0.001396
-0.001080
-0.000787
-0.000790
-0.000722
-0.000923
-0.001238
-0.001372
-0.001286
-0.001043
-0.001104
-0.001249
-0.001100
-0.001015
-0.001008
-0.001317
-0.001239
-0.001220
-0.001185
-0.001360
-0.001227
-0.001107
-0.001150
-0.001258
-0.001081
-0.001076
-0.001046
-0.001210
-0.001258
-0.001349
-0.001450
-0.001328
-0.001128
-0.001128
-0.001159
-0.001267
-0.001209
-0.001133
-0.001094
-0.001221
-0.001150
-0.001115
-0.001119
-0.000995
-0.001027
-0.000713
-0.000861
-0.000862
-0.000911
-0.000894
-0.000826
-0.000872
-0.000906
-0.000766
-0.000916
-0.000913
-0.000988
-0.001015
-0.001129
-0.001177
-0.001054
-0.001028
-0.001039
-0.001010
-0.000715
0.001326
-0.001159
-0.001040
-0.001023
-0.001039
-0.001217
-0.001338
-0.001345
-0.001458
-0.001039
-0.000961
-0.000938
-0.000823
-0.000809
-0.001115
-0.001241
-0.001327
-0.001154
-0.000956
-0.000960
-0.000951
-0.000979
-0.001062
-0.001219
-0.001299
-0.001216
-0.001053
-0.001225
-0.001283
-0.001313
-0.001392
-0.001364
-0.001100
-0.001031
-0.000953
-0.000983
-0.001127
-0.001307
-0.001035
-0.001145
-0.001112
-0.001105
-0.001199
-0.001178
-0.001181
-0.001186
-0.001064
-0.000884
-0.001097
-0.001197
-0.001042
-0.000968
-0.000655
-0.000876
-0.000919
-0.001025
-0.000972
-0.000749
-0.000793
-0.000811
-0.000818
-0.001005
-0.000983
-0.000902
-0.000929
-0.001092
-0.001258
-0.001259
-0.001386
-0.001369
-0.001268
-0.001192
-0.001185
-0.001001
-0.001324
-0.001241
-0.001189
-0.001115
-0.001324
-0.001332
-0.001403
-0.001286
-0.000987
-0.001174
-0.000851
-0.001022
-0.001081
-0.001159
-0.001396
-0.001506
-0.001317
-0.001135
-0.001025
-0.001102
-0.001050
-0.001306
-0.001186
-0.001152
-0.001149
-0.001001
-0.001101
-0.001005
-0.001231
-0.001279
-0.001230
-0.001033
-0.000928
-0.000937
-0.000993
-0.001032
-0.001109
-0.001115
-0.001176
-0.001171
-0.000957
-0.001005
-0.001033
-0.001135
-0.001191
-0.001060
-0.001045
-0.001066
-0.001021
-0.000983
-0.000914
-0.000976
-0.000919
-0.000909
-0.001110
-0.001074
-0.000844
-0.000774
-0.000831
-0.000975
-0.000957
-0.000875
-0.000923
-0.001046
-0.001134
-0.001172
-0.001287
-0.001384
-0.001216
-0.001302
-0.001219
-0.001144
-0.001172
-0.001299
-0.001333
-0.001337
-0.001254
-0.001224
-0.001305
-0.001192
-0.000984
-0.001068
-0.000837
-0.000993
-0.000985
-0.001102
-0.001132
-0.001121
-0.001147
-0.001048
-0.001234
-0.001093
-0.001130
-0.001108
-0.001142
-0.001176
-0.001123
-0.001061
-0.000849
-0.000948
-0.001134
-0.000981
-0.001254
-0.001173
-0.001032
-0.000911
-0.000942
-0.000988
-0.001046
-0.001061
-0.001087
-0.001059
-0.001081
-0.001017
-0.001008
-0.000948
-0.001072
-0.001151
-0.001033
-0.001015
-0.001103
-0.001065
-0.000974
-0.000918
-0.000919
-0.000935
-0.001012
-0.001059
-0.000901
-0.000849
-0.000895
-0.000928
-0.000903
-0.000929
-0.000830
-0.000832
-0.001072
-0.001171
-0.001199
-0.001242
-0.001389
-0.001234
-0.001289
-0.001245
-0.001233
-0.001225
-0.001202
-0.001395
-0.001351
-0.001225
-0.001164
-0.001203
-0.001088
-0.001044
-0.001028
-0.000927
-0.001177
-0.001037
-0.001001
-0.001021
-0.001130
-0.001417
-0.001148
-0.001154
-0.001202
-0.001142
-0.001117
-0.001160
-0.001058
-0.000956
-0.000948
-0.001003
-0.001019
-0.001107
-0.001314
-0.001328
-0.001142
-0.001023
-0.000963
-0.000902
-0.001008
-0.001041
-0.000986
-0.001079
-0.001156
-0.001032
-0.001063
-0.000983
-0.001013
-0.000998
-0.001085
-0.000998
-0.001044
-0.001128
-0.001206
-0.001006
-0.000949
-0.000905
-0.000890
-0.000951
-0.001034
-0.000967
-0.000977
-0.000951
-0.000930
-0.000870
-0.000945
-0.001017
-0.000908
-0.001116
-0.001324
-0.001337
-0.001363
-0.001308
-0.001235
-0.001243
-0.001272
-0.001381
0.000725
-0.001387
-0.001229
-0.001171
-0.001255
-0.001301
-0.001289
-0.001054
-0.001034
-0.001253
-0.001153
-0.001324
-0.001184
-0.000889
-0.000947
-0.001047
-0.001200
-0.001347
-0.001463
-0.001218
-0.000989
-0.001037
-0.001285
-0.001270
-0.001113
-0.001080
-0.001043
-0.001189
-0.001242
-0.001357
-0.001180
-0.001073
-0.001009
-0.000911
-0.000983
-0.001074
-0.001107
-0.001017
-0.001036
-0.001096
-0.001009
-0.000922
-0.000769
-0.000856
-0.000915
-0.000985
-0.001017
-0.001064
-0.001249
-0.001222
-0.001082
-0.000893
-0.000846
-0.000865
-0.000953
-0.000985
-0.000984
-0.000967
-0.000934
-0.000874
-0.000855
-0.001049
-0.001085
-0.001226
-0.001217
-0.001263
-0.001349
-0.001408
-0.001482
-0.001428
-0.001334
-0.001310
-0.001341
-0.001263
-0.001315
-0.001078
-0.001162
-0.001251
-0.001274
-0.001090
-0.001094
-0.001116
-0.001146
-0.001221
-0.001123
-0.001080
-0.001028
-0.001025
-0.000722
-0.001079
-0.001079
-0.001337
-0.001240
-0.001069
-0.001156
-0.001221
-0.000878
0.002858
0.004192
0.001539
-0.000915
-0.001221
-0.001278
-0.001201
-0.001088
-0.001032
-0.001086
-0.001137
-0.001146
-0.001052
-0.001095
-0.000952
-0.000865
-0.000841
-0.000764
-0.000631
-0.000735
-0.000888
-0.000962
-0.000962
-0.001110
-0.001246
-0.001094
-0.000980
-0.000912
-0.000886
-0.000932
-0.000952
-0.000957
-0.000958
-0.000928
-0.000882
-0.000923
-0.001051
-0.001078
-0.001144
-0.001088
-0.001203
-0.001208
-0.001199
-0.001297
-0.001371
-0.001371
-0.001342
-0.001287
-0.001263
-0.001163
-0.001127
-0.001192
-0.001261
-0.001440
-0.001294
-0.001189
-0.000962
-0.000929
-0.001027
-0.001258
-0.001164
-0.001065
-0.001254
-0.001063
-0.000733
-0.000880
-0.000863
-0.000983
-0.001059
-0.001193
-0.001115
-0.000722
0.004482
0.017793
0.018577
0.020490
0.011656
-0.001286
-0.001761
-0.001291
-0.001059
-0.001074
-0.001074
-0.001141
-0.001078
-0.001124
-0.001131
-0.001006
-0.000940
-0.000741
-0.000570
-0.000442
-0.000562
-0.000670
-0.000728
-0.000873
-0.001032
-0.001133
-0.001152
-0.001084
-0.000995
-0.000971
-0.000939
-0.000952
-0.001008
-0.000917
-0.000816
-0.000918
-0.000963
-0.001032
-0.001029
-0.001043
-0.001120
-0.001132
-0.001151
-0.001223
-0.001225
-0.001295
-0.001315
-0.001248
-0.001292
-0.001361
-0.001292
-0.001186
-0.001259
-0.001403
-0.001329
-0.001255
-0.001199
-0.001075
-0.001040
-0.001097
-0.001001
-0.000903
-0.000677
-0.000764
-0.000947
-0.000912
-0.000907
-0.000239
-0.000108
-0.000105
-0.000475
-0.000541
-0.001783
0.006925
0.014777
0.011051
0.013349
0.020303
0.010911
0.001565
-0.001337
-0.001468
-0.001240
-0.001055
-0.001033
-0.001079
-0.001121
-0.001187
-0.001016
-0.000883
-0.000743
-0.000527
-0.000181
-0.000452
-0.000638
-0.000755
-0.000863
-0.001000
-0.000994
-0.001213
-0.001059
-0.000986
-0.001013
-0.000973
-0.000999
-0.001010
-0.001024
-0.001019
-0.001025
-0.000990
-0.001045
-0.001010
-0.001079
-0.001117
-0.001095
-0.001305
-0.001330
-0.001249
-0.001342
-0.001336
-0.001328
-0.001273
-0.001203
-0.001100
-0.001359
-0.001203
-0.001060
-0.001249
-0.001210
-0.001147
-0.000934
-0.000972
-0.000870
-0.000691
-0.000719
-0.000561
-0.000897
-0.001109
-0.000273
0.000053
-0.000738
-0.000539
0.000446
0.001018
0.001298
0.003335
0.000734
0.000252
0.004391
0.023316
0.024489
0.020295
-0.000142
-0.001024
-0.000915
-0.000891
-0.001037
-0.000961
-0.001038
-0.001107
-0.001066
-0.000926
-0.000828
-0.000790
-0.000659
-0.000588
-0.000610
-0.000636
-0.000745
-0.000899
-0.001102
-0.001159
-0.001117
-0.001072
-0.000957
-0.000965
-0.000964
-0.001001
-0.001008
-0.001057
-0.001074
-0.001055
-0.001116
-0.001168
-0.001131
-0.001173
-0.001098
-0.001267
-0.001387
-0.001322
-0.001316
-0.001308
-0.001241
-0.001209
-0.001309
-0.001038
-0.001208
-0.001317
-0.000933
-0.001289
-0.001176
-0.001155
-0.001201
-0.001042
-0.000826
-0.000747
-0.000859
-0.000813
-0.000800
-0.000864
0.000014
0.000147
0.000192
0.000010
0.000986
0.002379
0.002125
0.002070
0.001630
-0.000645
-0.000907
0.003638
0.018207
0.029467
0.003780
-0.003315
-0.001064
-0.000718
-0.000740
-0.000565
0.000463
0.000917
-0.000489
-0.000813
-0.000490
-0.000278
-0.000797
-0.000753
-0.000758
-0.000737
-0.000717
-0.000845
-0.001098
-0.001129
-0.001043
-0.001061
-0.000998
-0.001011
-0.001013
-0.001118
-0.001153
-0.001046
-0.001066
-0.001133
-0.001101
-0.001075
-0.001091
-0.001176
-0.001215
-0.001284
-0.001339
-0.001223
-0.001306
-0.001370
-0.001146
-0.001069
-0.001145
-0.001085
-0.001032
-0.001187
-0.001387
-0.001014
-0.001134
-0.001093
-0.000982
-0.001036
-0.000935
-0.000810
-0.000924
-0.001033
-0.000777
-0.000586
-0.000050
-0.001030
-0.000372
0.001459
-0.000087
0.000255
0.000844
0.003468
0.001225
-0.000630
-0.001062
-0.000146
0.002589
0.003913
0.002712
-0.002043
0.000495
-0.000054
0.001897
0.003545
0.003671
0.001888
0.000558
-0.000667
0.000053
-0.000825
-0.002164
-0.000950
-0.000902
-0.000829
-0.000819
-0.000856
-0.001012
-0.001145
-0.001019
-0.001084
-0.001042
-0.001128
-0.001090
-0.001023
-0.001002
-0.001086
-0.001082
-0.001051
-0.001081
-0.001171
-0.001117
-0.001096
-0.001170
-0.001216
-0.001258
-0.001127
-0.001156
-0.001213
-0.001213
-0.001021
-0.000994
-0.001066
-0.001124
-0.001019
-0.001248
-0.001351
-0.001191
-0.001203
-0.001179
-0.001111
-0.000980
-0.000829
-0.000773
-0.000825
-0.000834
-0.000769
-0.000303
-0.000762
-0.003006
0.000418
-0.000613
-0.001395
-0.001028
-0.000917
-0.000495
0.000310
-0.000790
-0.000693
-0.000131
0.000152
-0.002807
-0.003118
-0.002672
-0.001394
-0.000291
-0.000009
0.001367
0.002315
0.001170
-0.002074
-0.001732
0.000777
-0.000635
-0.001995
-0.001861
-0.000938
-0.000872
-0.000958
-0.000996
-0.001030
-0.001034
-0.001107
-0.001141
-0.001137
-0.001132
-0.001150
-0.001218
-0.001072
-0.001070
-0.001095
-0.001045
-0.001103
-0.001055
-0.001038
-0.001128
-0.001060
-0.001107
-0.001247
-0.001206
-0.001117
-0.001050
-0.001054
-0.001021
-0.001058
-0.001065
-0.001121
-0.001224
-0.000596
-0.001368
-0.001351
-0.000938
-0.000954
-0.001111
-0.000886
-0.000846
-0.000739
-0.000730
-0.000738
-0.000652
-0.000659
-0.000853
-0.004962
0.000372
-0.003260
-0.001345
-0.000575
-0.000768
-0.000732
0.000379
0.000710
-0.001598
-0.000241
-0.001814
-0.001974
-0.002605
-0.001327
-0.001555
-0.001860
-0.000955
-0.001410
0.000494
0.002327
0.003541
0.000100
0.000465
-0.001427
-0.002173
-0.002427
-0.001256
-0.000963
-0.001061
-0.001079
-0.001005
-0.001020
-0.001083
-0.001186
-0.001169
-0.001175
-0.001201
-0.001126
-0.001161
-0.001088
-0.001085
-0.001087
-0.001171
-0.001166
-0.001099
-0.001200
-0.001096
-0.001174
-0.001241
-0.001206
-0.001150
-0.001135
-0.001113
-0.001026
-0.001039
-0.001118
-0.001227
-0.001668
-0.001058
-0.001318
-0.001271
-0.001114
-0.000869
-0.001055
-0.000898
-0.000795
-0.000670
-0.000815
-0.000754
-0.000745
-0.000675
-0.001044
-0.004903
0.001218
-0.002199
-0.001022
-0.001150
-0.000705
0.000212
0.003216
0.001062
0.001399
-0.000386
-0.000368
-0.001019
-0.001321
-0.001708
-0.002634
-0.003066
-0.002805
-0.002064
-0.001350
-0.001359
0.000688
0.001577
-0.000898
-0.002292
-0.002281
-0.002461
-0.001913
-0.001144
-0.001028
-0.001124
-0.000929
-0.000970
-0.001102
-0.001128
-0.001225
-0.001122
-0.001252
-0.001232
-0.001192
-0.001184
-0.001169
-0.001130
-0.001277
-0.001356
-0.001310
-0.001274
-0.001227
-0.001112
-0.001136
-0.001247
-0.001169
-0.001328
-0.001295
-0.001148
-0.001030
-0.001314
-0.001632
-0.001526
-0.000920
-0.001275
-0.001137
-0.001106
-0.001072
-0.000907
-0.000863
-0.000846
-0.000812
-0.000787
-0.000716
-0.000791
-0.000811
-0.001112
-0.002562
-0.001035
-0.000007
-0.002703
-0.002676
-0.000581
0.003145
0.000188
0.000024
0.000536
0.000766
0.001093
-0.000199
-0.000781
-0.001055
-0.001913
-0.004773
-0.004460
-0.002833
-0.002177
-0.001857
-0.002737
-0.001157
-0.002249
-0.002542
-0.001907
-0.002192
-0.001430
-0.001124
-0.001211
-0.001037
-0.000909
-0.000725
-0.000930
-0.001235
-0.001171
-0.001125
-0.001109
-0.001134
-0.001225
-0.001308
-0.001256
-0.001227
-0.001293
-0.001403
-0.001502
-0.001403
-0.001171
-0.001093
-0.001117
-0.001290
-0.001487
-0.001330
-0.001277
-0.001115
-0.001068
-0.001255
-0.001531
-0.001389
-0.001088
-0.001179
-0.001040
-0.001144
-0.001015
-0.000915
-0.000894
-0.000862
-0.000882
-0.000697
-0.000781
-0.000767
-0.000837
-0.000965
-0.001065
-0.001979
0.001314
0.004165
-0.001781
0.000113
0.000076
-0.000768
-0.000611
0.001356
0.001585
0.002127
0.001172
0.000119
-0.000929
-0.001704
-0.002263
-0.009066
-0.005135
-0.003292
-0.002615
-0.002867
-0.000997
-0.000751
-0.002153
-0.002252
-0.001449
-0.001814
-0.001604
-0.001235
-0.000947
-0.000153
0.000579
0.000540
-0.000310
-0.001161
-0.001170
-0.001170
-0.001205
-0.001254
-0.001287
-0.001383
-0.001306
-0.001391
-0.001360
-0.001422
-0.001212
-0.001221
-0.001218
-0.001114
-0.001345
-0.001406
-0.001149
-0.001060
-0.001172
-0.001434
-0.001463
-0.001300
-0.001259
-0.001064
-0.001212
-0.000951
-0.001146
-0.000937
-0.001000
-0.000822
-0.000726
-0.000813
-0.000710
-0.000792
-0.000940
-0.001452
-0.002280
-0.000808
-0.001253
-0.000100
0.000584
-0.000170
-0.001024
-0.000883
-0.000832
-0.000841
-0.001014
0.000037
0.001684
0.003250
0.000790
-0.000562
-0.000598
-0.001175
-0.007720
-0.001168
-0.000454
-0.003144
-0.001914
0.003564
0.000628
0.002370
0.001442
0.000665
0.000912
0.000948
-0.000754
-0.000066
0.000029
0.000883
0.001147
0.004695
-0.000161
-0.001274
-0.001202
-0.001239
-0.001341
-0.000977
-0.001359
-0.001458
-0.001458
-0.001362
-0.001369
-0.001341
-0.001420
-0.001163
-0.001193
-0.001206
-0.001242
-0.001125
-0.001302
-0.001583
-0.001495
-0.001411
-0.001249
-0.001201
-0.000866
-0.001324
-0.000936
-0.001129
-0.000960
-0.000979
-0.000686
-0.000746
-0.000792
-0.000849
-0.000844
-0.001103
-0.001421
-0.000502
-0.000614
-0.000660
-0.000319
-0.000850
-0.000903
-0.001042
-0.000939
-0.000746
-0.000735
-0.000610
-0.000781
-0.001317
0.000453
-0.000757
-0.002252
-0.005169
-0.006188
-0.006149
-0.006658
-0.003593
-0.000971
-0.000178
-0.000238
0.010239
0.014586
0.012408
0.010022
0.012761
0.012503
0.002289
0.000840
-0.000482
0.000622
0.001395
0.005414
0.006769
-0.001033
-0.001253
-0.001280
-0.001367
-0.001354
-0.001369
-0.001419
-0.001427
-0.001373
-0.001502
-0.001574
-0.001352
-0.001092
-0.001076
-0.001125
-0.001164
-0.001316
-0.001284
-0.001422
-0.001368
-0.001303
-0.001254
-0.001291
-0.001177
-0.001300
-0.001160
-0.000966
-0.000899
-0.000728
-0.000701
-0.000796
-0.000832
-0.000907
-0.001024
-0.000861
-0.001741
-0.000247
-0.000547
-0.000664
-0.000778
-0.000733
-0.000679
-0.000710
-0.000747
-0.000641
-0.000805
-0.000666
0.000606
0.001050
-0.002020
-0.013401
-0.016465
-0.016830
-0.019150
-0.019498
-0.014401
-0.005843
-0.002074
-0.001408
-0.001475
0.000976
0.010549
0.009219
0.011618
0.014004
0.012249
0.009519
0.009151
0.003889
0.003877
0.001078
0.001727
0.005699
-0.000475
-0.001706
-0.001329
-0.001263
-0.001328
-0.001344
-0.001340
-0.001449
-0.001436
-0.001567
-0.001541
-0.001293
-0.001153
-0.001170
-0.001316
-0.001451
-0.001530
-0.001411
-0.001279
-0.001249
-0.001195
-0.001179
-0.001482
-0.001289
-0.001079
-0.001158
-0.000948
-0.000953
-0.000728
-0.000796
-0.001037
-0.000856
-0.000829
-0.000932
-0.000937
-0.001253
-0.000978
-0.000741
-0.000789
-0.000745
-0.000732
-0.000833
-0.000604
-0.000620
-0.000386
-0.000679
-0.000182
0.000792
0.000987
-0.004136
-0.016882
-0.019631
-0.019918
-0.019216
-0.020284
-0.017399
-0.008034
-0.001175
-0.000687
-0.000488
-0.000312
0.000707
0.005900
0.008955
0.011713
0.012607
0.008741
0.011927
0.013839
0.004751
-0.002791
-0.005349
-0.000117
-0.003439
-0.012593
-0.000547
-0.001299
-0.001195
-0.001288
-0.001331
-0.001375
-0.001462
-0.001260
-0.001340
-0.001287
-0.001380
-0.001505
-0.001376
-0.001469
-0.001381
-0.001332
-0.001218
-0.001333
-0.001225
-0.001399
-0.001293
-0.001384
-0.001068
-0.001041
-0.001085
-0.001016
-0.000784
-0.000888
-0.000964
-0.000827
-0.000822
-0.000918
-0.000805
-0.000756
-0.000837
-0.000744
-0.000651
-0.000628
-0.000739
-0.000600
-0.000495
-0.000239
-0.000374
-0.000506
0.000284
0.000428
0.000662
-0.001716
-0.011884
-0.023629
-0.020488
-0.023294
-0.021975
-0.016575
-0.009988
-0.003466
0.000201
0.000439
0.000132
-0.000657
-0.000737
0.005939
0.009130
0.007008
0.012602
0.013954
0.010827
0.003005
-0.005193
-0.008845
0.003156
-0.013357
-0.013091
-0.008507
0.000130
-0.001127
-0.001170
-0.001337
-0.001437
-0.001431
-0.001347
-0.001366
-0.001329
-0.001576
-0.001439
-0.001388
-0.001418
-0.001444
-0.001264
-0.001191
-0.001308
-0.001269
-0.001388
-0.001332
-0.001349
-0.000997
-0.000968
-0.001078
-0.001134
-0.001113
-0.000642
-0.000741
-0.000884
-0.000796
-0.000834
-0.000708
-0.000766
-0.000825
-0.000841
-0.000784
-0.000687
-0.000669
-0.000289
-0.000123
0.000026
-0.000349
-0.000505
0.000334
0.001081
0.000976
-0.001259
-0.005325
-0.018795
-0.024081
-0.025802
-0.025671
-0.025854
-0.011875
-0.003238
-0.001565
-0.001067
-0.000752
-0.001505
-0.001586
0.000549
0.001315
0.004603
0.006832
0.010300
0.005524
0.005243
-0.003041
-0.002246
-0.002689
-0.008926
-0.007030
-0.012064
-0.007163
0.000349
-0.000329
-0.001342
-0.001327
-0.001315
-0.001431
-0.001499
-0.001397
-0.001442
-0.001547
-0.001588
-0.001486
-0.001367
-0.001366
-0.001269
-0.001119
-0.001197
-0.001221
-0.001329
-0.001384
-0.000998
-0.000963
-0.001192
-0.001172
-0.000773
-0.000686
-0.000772
-0.000876
-0.000808
-0.000845
-0.000819
-0.000851
-0.000892
-0.000859
-0.000850
-0.000710
-0.000408
-0.000394
-0.000305
-0.000335
-0.000519
-0.000695
-0.000370
0.001546
0.001181
-0.001170
-0.001210
-0.016771
-0.020824
-0.022332
-0.022317
-0.024935
-0.006679
-0.002547
-0.002036
-0.001598
-0.000805
-0.001427
-0.000698
0.000662
0.000814
0.000985
0.001451
0.001882
0.002464
-0.001604
0.003470
-0.003890
0.000440
-0.005005
-0.003411
-0.005850
-0.004685
-0.004329
-0.003674
0.000060
-0.001252
-0.001308
-0.001396
-0.001397
-0.001326
-0.001469
-0.001337
-0.001311
-0.001220
-0.001279
-0.001316
-0.001331
-0.001225
-0.001072
-0.001181
-0.001332
-0.001516
-0.000946
-0.000885
-0.001151
-0.001109
-0.000671
-0.000775
-0.000786
-0.000856
-0.000942
-0.000793
-0.000770
-0.000957
-0.000662
-0.000492
-0.000455
-0.000500
-0.000407
-0.000546
-0.000445
-0.000381
-0.000566
-0.000853
-0.000753
0.002273
0.001698
0.001434
0.000104
-0.010697
-0.019554
-0.016578
-0.020377
-0.021281
-0.006542
-0.002518
-0.001891
-0.001125
-0.001193
-0.000946
-0.000333
0.000209
0.000368
0.000910
0.001457
0.002218
0.002143
0.002488
0.000522
-0.001702
-0.002428
-0.001436
-0.003691
-0.003244
-0.003686
-0.002768
-0.000780
0.001728
0.000170
-0.000343
-0.001273
-0.001432
-0.001468
-0.001292
-0.001162
-0.001244
-0.001298
-0.001446
-0.001461
-0.001541
-0.001296
-0.001070
-0.001006
-0.001362
-0.001588
-0.000850
-0.000968
-0.001141
-0.001180
-0.001028
-0.000991
-0.000790
-0.000673
-0.001036
-0.001005
-0.001009
-0.000607
-0.000431
-0.000453
-0.000499
-0.000485
-0.000435
-0.000566
-0.000649
-0.000620
-0.000667
-0.000890
-0.000915
0.001299
0.002260
0.000980
0.002029
-0.009775
-0.017153
-0.016225
-0.017666
-0.020085
-0.009765
-0.002847
-0.001739
-0.001028
-0.000988
-0.000076
0.000072
-0.000220
0.000331
0.000685
0.001649
0.001956
0.002066
0.002287
0.000941
-0.000150
0.000528
0.000565
-0.003439
0.002511
0.002840
0.001005
0.002126
-0.001819
-0.005160
-0.005449
0.000231
0.000033
0.000017
-0.001242
-0.001119
-0.001350
-0.001407
-0.001459
-0.001588
-0.001423
-0.001357
-0.001104
-0.000990
-0.001164
-0.001341
-0.000992
-0.001080
-0.001036
-0.001160
-0.001372
-0.000999
-0.000716
-0.000842
-0.000883
-0.000731
-0.000326
-0.000479
-0.000459
-0.000466
-0.000515
-0.000469
-0.000499
-0.000559
-0.000589
-0.000721
-0.000716
-0.000664
-0.000775
-0.000957
-0.000536
-0.000818
-0.000453
-0.002660
-0.002134
-0.014328
-0.014561
-0.009100
-0.004120
-0.001860
-0.001102
-0.000653
-0.000450
-0.000044
0.000068
0.000023
-0.000469
0.000268
0.002190
0.002139
0.001502
0.001204
0.002429
0.002929
0.001772
0.002693
-0.000570
-0.001618
0.000633
0.002162
-0.002519
-0.003171
-0.004809
-0.009905
-0.003991
-0.001548
-0.000998
0.000288
-0.000135
-0.001351
-0.001329
-0.001454
-0.001498
-0.001366
-0.001161
-0.001182
-0.001035
-0.001147
-0.001186
-0.000972
-0.001056
-0.000994
-0.001166
-0.001180
-0.000841
-0.000945
-0.001027
-0.000960
-0.001016
-0.001132
-0.000688
-0.000361
-0.000346
-0.000086
-0.000364
-0.000600
-0.000640
-0.000626
-0.000525
-0.000831
-0.001437
-0.001288
-0.001282
-0.001264
-0.001313
-0.001395
0.000136
0.000291
-0.002701
-0.000516
-0.003973
-0.002067
-0.001577
-0.001107
-0.001206
-0.000489
-0.000361
0.000054
-0.000472
-0.000251
-0.000090
0.001197
0.001235
0.001767
0.001873
0.002021
0.002979
0.003204
0.002891
-0.000865
-0.002415
-0.002936
-0.004163
-0.000981
0.000185
-0.005108
-0.003470
-0.000293
-0.000448
0.000364
0.000248
-0.001047
0.000012
-0.000452
-0.000835
-0.001312
-0.001390
-0.001289
-0.001273
-0.001167
-0.001257
-0.001250
-0.000908
-0.001042
-0.001046
-0.000806
-0.000922
-0.001007
-0.001244
-0.001078
-0.000957
-0.001135
-0.001135
-0.001090
-0.001024
-0.001042
-0.001231
-0.000688
-0.001060
-0.001174
-0.001264
-0.001404
-0.001246
-0.001205
-0.001250
-0.001332
-0.001378
-0.001307
-0.000830
0.002017
-0.000999
-0.001046
-0.001006
-0.000671
-0.000720
-0.000595
0.000026
-0.000009
0.000027
-0.001199
-0.000436
-0.000616
-0.000418
-0.001995
-0.001015
-0.000464
0.001188
0.001168
0.001753
0.003251
0.002446
0.003630
-0.000474
-0.002954
-0.004921
-0.004610
-0.001798
-0.001767
-0.000152
-0.000025
-0.001054
-0.001410
-0.001301
-0.001227
-0.001267
-0.001470
-0.001273
-0.001159
-0.001319
-0.001292
-0.001308
-0.001334
-0.001354
-0.001345
-0.001257
-0.000944
-0.001121
-0.000805
-0.001022
-0.001153
-0.001131
-0.000979
-0.000909
-0.000971
-0.000951
-0.000938
-0.001162
-0.001140
-0.001338
-0.001521
-0.001415
-0.001178
-0.001133
-0.001224
-0.001314
-0.001230
-0.001201
-0.001163
-0.001230
-0.001360
-0.001011
0.000207
-0.001069
-0.000834
-0.000984
-0.000174
-0.000721
-0.001204
-0.001184
-0.001237
-0.001291
-0.001355
0.000001
-0.000028
0.000102
-0.000424
-0.000566
-0.000783
-0.000404
-0.001197
0.001089
0.001917
-0.000459
-0.002233
0.001127
-0.001184
-0.003643
-0.006213
-0.007984
-0.002341
0.000423
0.000666
-0.001085
-0.001223
-0.001169
-0.001275
-0.001227
-0.001334
-0.001172
-0.001181
-0.001209
-0.001338
-0.001248
-0.001329
-0.001344
-0.001327
-0.001281
-0.001045
-0.000941
-0.000935
-0.000712
-0.000956
-0.001260
-0.000874
-0.001165
-0.001065
-0.001283
-0.001293
-0.000838
-0.001153
-0.001153
-0.001436
-0.001503
-0.001412
-0.001495
-0.001231
-0.001209
-0.001346
-0.001192
-0.001247
-0.001270
-0.001268
-0.001253
-0.000895
-0.000379
-0.001660
-0.002061
-0.000523
-0.000100
-0.000674
-0.001667
-0.001354
-0.001191
-0.001141
-0.001277
-0.001407
-0.001392
-0.001554
-0.001631
-0.001580
-0.001393
-0.001296
-0.000338
0.000028
-0.003213
-0.008094
-0.007520
-0.007617
-0.009405
-0.005091
-0.003870
-0.002608
0.001730
0.001130
-0.001087
-0.001506
-0.001272
-0.001140
-0.001281
-0.001350
-0.001208
-0.001164
-0.001228
-0.001254
-0.001268
-0.001310
-0.001356
-0.001419
-0.001176
-0.001081
-0.000957
-0.000999
-0.000855
-0.001048
-0.001203
-0.001346
-0.001008
-0.000008
-0.001076
-0.001429
-0.001243
-0.001055
-0.001061
-0.000871
-0.001250
-0.001289
-0.001303
-0.001399
-0.001252
-0.001070
-0.000971
-0.001201
-0.001305
-0.001561
-0.001461
-0.001401
-0.001082
-0.000537
-0.000391
-0.001436
-0.000451
0.004161
0.000284
-0.001418
-0.001316
-0.001216
-0.001388
-0.001434
-0.001375
-0.001442
-0.001507
-0.001428
-0.001325
-0.001375
-0.001638
-0.001842
-0.000037
-0.006159
-0.010176
-0.015200
-0.023496
-0.026307
-0.024875
-0.009165
-0.001849
-0.000509
-0.001186
-0.001568
-0.001404
-0.001056
-0.001120
-0.001221
-0.001461
-0.001499
-0.001385
-0.001292
-0.001346
-0.001385
-0.001459
-0.001367
-0.001288
-0.001111
-0.001255
-0.001415
-0.000994
-0.001064
-0.001614
-0.001498
-0.000465
-0.000547
-0.001050
-0.001543
-0.001323
-0.001320
-0.001166
-0.001253
-0.001043
-0.001166
-0.001119
-0.001274
-0.001243
-0.001335
-0.001104
-0.001104
-0.001175
-0.001521
-0.001591
-0.001670
-0.001666
-0.001522
-0.001143
-0.000975
-0.001100
-0.002021
0.000967
0.002966
-0.000674
-0.001408
-0.001409
-0.001427
-0.001328
-0.001486
-0.001680
-0.001463
-0.001604
-0.001432
-0.001699
-0.001893
-0.001841
-0.001315
-0.002758
-0.016970
-0.033772
-0.030064
-0.024109
-0.025528
-0.019280
-0.004829
-0.000941
-0.001344
-0.001279
-0.001313
-0.001182
-0.001228
-0.001517
-0.001453
-0.001624
-0.001456
-0.001434
-0.001362
-0.001495
-0.001445
-0.001200
-0.001142
-0.001189
-0.001584
-0.001728
-0.001300
-0.001616
-0.001335
-0.000926
-0.000462
-0.000903
-0.000826
-0.000744
-0.000009
-0.000007
-0.000628
-0.000922
-0.001514
-0.000679
-0.000923
-0.001271
-0.001460
-0.001617
-0.001520
-0.001576
-0.001445
-0.001478
-0.001597
-0.001717
-0.001701
-0.001515
-0.001232
-0.001566
-0.000969
-0.001036
-0.000971
0.001526
-0.001087
-0.001483
-0.001509
-0.001496
-0.001481
-0.001647
-0.001524
-0.001767
-0.001729
-0.001978
-0.002019
-0.001713
-0.001734
-0.001875
-0.001986
-0.005081
-0.010480
-0.014835
-0.014031
-0.008253
-0.003402
-0.004544
-0.002107
-0.001655
-0.001437
-0.001317
-0.001338
-0.001468
-0.001370
-0.001561
-0.001476
-0.001450
-0.001418
-0.001421
-0.001367
-0.001370
-0.001358
-0.001343
-0.001596
-0.001512
-0.001407
-0.001299
-0.001453
-0.000703
-0.000845
-0.000755
-0.000931
-0.000476
-0.000008
-0.000009
-0.000008
-0.000009
-0.000006
-0.000004
-0.001047
-0.000923
-0.001072
-0.001270
-0.001482
-0.001424
-0.001433
-0.001487
-0.001330
-0.001606
-0.001651
-0.001648
-0.001680
-0.001711
-0.001769
-0.001928
-0.001539
-0.001259
-0.000974
-0.001373
-0.001609
-0.001514
-0.001590
-0.001902
-0.001476
-0.001315
-0.001686
-0.001849
-0.001806
-0.001898
-0.001968
-0.001760
-0.002041
-0.002211
-0.002322
-0.002284
-0.003777
-0.006276
-0.004183
-0.002137
-0.003714
-0.002081
-0.001626
-0.001440
-0.001470
-0.001534
-0.001564
-0.001532
-0.001414
-0.001383
-0.001373
-0.001397
-0.001368
-0.001447
-0.001413
-0.001264
-0.001333
-0.001384
-0.001357
-0.001380
-0.000940
-0.001042
-0.000005
-0.000002
-0.000009
-0.000474
-0.000007
-0.000008
-0.000007
-0.000507
-0.000857
-0.000010
-0.001253
-0.001000
-0.000985
-0.001309
-0.001246
-0.001439
-0.001517
-0.001425
-0.001577
-0.001438
-0.001471
-0.001714
-0.001639
-0.001590
-0.001728
-0.001870
-0.001945
-0.001776
-0.001589
-0.001544
-0.001568
-0.001770
-0.001687
-0.001624
-0.001969
-0.002021
-0.001948
-0.001819
-0.001622
-0.001767
-0.001801
-0.001694
-0.001787
-0.002053
-0.001840
-0.001968
-0.002152
-0.002179
-0.002196
-0.002158
-0.001995
-0.001685
-0.001603
-0.001512
-0.001553
-0.001625
-0.001647
-0.001468
-0.001421
-0.001339
-0.001436
-0.001525
-0.001322
-0.001333
-0.001270
-0.001177
-0.001045
-0.001217
-0.001390
-0.001499
-0.001324
-0.000966
-0.000921
-0.000848
-0.000005
-0.000008
-0.000156
-0.000008
-0.000010
-0.000011
-0.000606
-0.001171
-0.001134
-0.000958
-0.001108
-0.001264
-0.001377
-0.001418
-0.001440
-0.001535
-0.001296
-0.001224
-0.001506
-0.001545
-0.001735
-0.001708
-0.001753
-0.001972
-0.001594
-0.001703
-0.001742
-0.001746
-0.001792
-0.001847
-0.001927
-0.001957
-0.001927
-0.002029
-0.002028
-0.001902
-0.001868
-0.001758
-0.001790
-0.001747
-0.001685
-0.001769
-0.001994
-0.002098
-0.001953
-0.001782
-0.001688
-0.001898
-0.001832
-0.001812
-0.001763
-0.001826
-0.001740
-0.001757
-0.001659
-0.001663
-0.001639
-0.001417
-0.001512
-0.001451
-0.001517
-0.001731
-0.001515
-0.001286
-0.001317
-0.001186
-0.001303
-0.001474
-0.001280
-0.001294
-0.000006
-0.000005
-0.000006
-0.000005
-0.000005
-0.000004
-0.000007
-0.000008
-0.000007
-0.000009
-0.001010
-0.000938
-0.000753
-0.000990
-0.001098
-0.001240
-0.001362
-0.001332
-0.001254
-0.001212
-0.001277
-0.001337
-0.001330
-0.001512
-0.001598
-0.001548
-0.001675
-0.001703
-0.001932
-0.001818
-0.001736
-0.001820
-0.001791
-0.001934
-0.001970
-0.001917
-0.001863
-0.001928
-0.001825
-0.001631
-0.001533
-0.001601
-0.001547
-0.001549
-0.001649
-0.001875
-0.002032
-0.001799
-0.001700
-0.001663
-0.001305
-0.001357
-0.001661
-0.001933
-0.001697
-0.001639
-0.001601
-0.001664
-0.001519
-0.001472
-0.001383
-0.001641
-0.001613
-0.001674
-0.001660
-0.001776
-0.001402
-0.001397
-0.001432
-0.001428
-0.001417
-0.001508
-0.001312
