0.000052
-0.000036
-0.000044
0.000632
-0.000066
-0.000083
-0.000050
0.000438
-0.000052
-0.000055
-0.000032
-0.000603
0.000092
0.000204
0.000263
0.000242
0.000145
0.000118
0.000128
0.000065
0.000084
0.000098
0.000173
0.000201
0.000163
0.000204
0.000232
0.000211
0.000252
0.000256
0.000230
0.000284
0.000313
0.000285
0.000272
0.000379
0.000384
0.000338
0.000237
0.000182
0.000150
0.000162
0.000161
0.000145
0.000155
0.000158
0.000179
0.000204
0.000175
0.000232
0.000210
0.000172
0.000188
0.000182
0.000191
0.000181
0.000231
0.000196
0.000215
0.000201
0.000137
0.000057
0.000052
0.000140
0.000188
0.000268
-0.001158
0.000405
0.000437
0.000415
0.000061
0.000354
0.000195
0.000484
0.000463
0.000514
0.000488
0.000464
0.000357
0.000446
0.000408
0.000249
0.000359
0.000200
0.000157
0.000212
0.000351
0.000307
0.000227
0.000150
0.000212
0.000258
0.000221
0.000226
0.000237
0.000246
0.000274
0.000218
0.000228
0.000232
0.000244
0.000252
0.000221
0.000256
0.000263
0.000250
0.000267
0.000252
0.000297
0.000321
0.000403
0.000386
0.000290
0.000235
0.000214
0.000191
0.000214
0.000208
0.000194
0.000160
0.000148
0.000194
0.000183
0.000179
0.000214
0.000225
0.000189
0.000176
0.000210
0.000195
0.000198
0.000214
0.000205
0.000204
0.000187
0.000178
0.000174
0.000229
0.000249
0.000274
0.000230
0.000231
0.000223
0.000222
0.000258
0.000326
0.000497
0.000550
0.000549
0.000457
0.000474
0.000345
0.000436
0.000345
0.000335
0.000330
0.000325
0.000150
0.000148
0.000324
0.000224
0.000097
0.000180
0.000130
0.000233
0.000253
0.000228
0.000216
0.000235
0.000248
0.000220
0.000210
0.000246
0.000277
0.000284
0.000211
0.000260
0.000259
0.000251
0.000281
0.000263
0.000279
0.000316
0.000362
0.000399
0.000210
0.000269
0.000268
0.000257
0.000243
0.000234
0.000209
0.000186
0.000193
0.000168
0.000158
0.000216
0.000214
0.000200
0.000188
0.000195
0.000190
0.000202
0.000228
0.000222
0.000182
0.000214
0.000239
0.000229
0.000190
0.000220
0.000249
0.000239
0.000160
0.000209
0.000238
0.000263
0.000264
0.000331
0.000447
0.000507
0.000459
0.000506
0.000493
0.000421
0.000430
0.000378
0.000385
0.000373
0.000334
0.000151
0.000225
0.000312
0.000229
0.000140
0.000151
0.000205
0.000282
0.000287
0.000283
0.000273
0.000243
0.000242
0.000476
-0.000174
0.000201
0.000276
0.000225
0.000236
0.000229
0.000245
0.000228
0.000311
0.000238
0.000309
0.000350
0.000351
0.000287
0.000296
0.000261
0.000257
0.000316
0.000307
0.000301
0.000268
0.000259
0.000230
0.000170
0.000190
0.000185
0.000171
0.000189
0.000145
0.000221
0.000188
0.000213
0.000213
0.000225
0.000180
0.000227
0.000230
0.000224
0.000223
0.000255
0.000211
0.000213
0.000223
0.000246
0.000224
0.000286
0.000302
0.000389
0.000414
0.000510
0.000483
0.000485
0.000490
0.000420
0.000447
0.000429
0.000432
0.000337
0.000319
0.000303
0.000281
0.000239
0.000295
0.000225
0.000144
0.000216
0.000255
0.000268
0.000213
0.000264
0.000232
0.000195
0.000231
0.000182
0.000210
0.000290
0.000296
0.000264
0.000210
0.000240
0.000252
0.000279
0.000304
0.000305
0.000314
0.000311
0.000319
0.000287
0.000321
0.000243
0.000266
0.000289
0.000320
0.000295
0.000203
0.000192
0.000254
0.000190
0.000212
0.000196
0.000179
0.000160
0.000152
0.000203
0.000177
0.000210
0.000191
0.000185
0.000179
0.000209
0.000243
0.000183
0.000275
0.000225
0.000233
0.000259
0.000281
0.000259
0.000275
0.000312
-0.002169
0.000421
0.000466
0.000489
0.000451
0.000475
0.000483
0.000386
0.000437
0.000455
0.000379
0.000306
0.000257
0.000246
0.000238
0.000274
0.000232
0.000135
0.000183
0.000196
0.000219
0.000215
0.000226
0.000170
0.000168
0.000198
0.000194
0.000211
0.000241
0.000236
0.000165
0.000158
0.000216
0.000246
0.000293
0.000316
0.000286
0.000247
0.000286
0.000256
0.000271
0.000273
0.000271
0.000242
0.000293
0.000251
0.000267
0.000322
0.000291
0.000244
0.000216
0.000206
0.000225
0.000236
0.000199
0.000195
0.000141
0.000170
0.000190
0.000215
0.000148
0.000185
0.000266
0.000239
0.000230
0.000246
0.000254
0.000234
0.000300
0.000274
0.000207
0.000262
0.000304
0.000345
0.000407
0.000474
0.000460
0.000433
0.000464
0.000453
0.000411
0.000401
0.000437
0.000363
0.000316
0.000212
0.000233
0.000248
0.000301
0.000239
0.000110
0.000173
0.000190
0.000131
0.000173
0.000196
0.000131
0.000150
0.000185
0.000193
0.000184
0.000224
0.000239
0.000221
0.000166
0.000166
0.000199
0.000274
0.000253
0.000260
0.000264
0.000228
0.000217
0.000269
0.000276
0.000256
0.000247
0.000252
0.000248
0.000267
0.000249
0.000270
0.000214
0.000201
0.000200
0.000223
0.000224
0.000194
0.000208
0.000152
0.000182
0.000166
0.000229
0.000200
0.000165
0.000225
0.000257
0.000245
0.000291
0.000269
0.000279
0.000336
0.000275
0.000247
0.000286
0.000333
0.000425
0.000477
0.000459
0.000495
0.000444
0.000416
0.000410
0.000379
0.000377
0.000337
0.000247
0.000147
0.000203
0.000227
0.000253
0.000249
0.000202
0.000109
0.000143
0.000171
0.000136
0.000113
0.000088
0.000106
0.000177
0.000203
0.000177
0.000183
0.000230
0.000238
0.000183
0.000190
0.000203
0.000187
0.000199
0.000236
0.000268
0.000272
0.000265
0.000196
0.000260
0.000293
0.000259
0.000251
0.000293
0.000293
0.000307
0.000270
0.000282
0.000698
0.000123
-0.000492
0.000189
0.000217
0.000239
0.000214
0.000171
0.000213
0.000162
0.000187
0.000203
0.000196
0.000198
0.000208
0.000223
0.000281
0.000274
0.000316
0.000332
0.000285
0.000307
0.000287
0.000245
0.000266
0.000505
0.000514
0.000457
0.000472
0.000489
0.000468
0.000388
0.000415
0.000294
0.000080
0.000070
0.000093
0.000213
0.000230
0.000222
0.000201
0.000116
0.000117
0.000175
0.000172
0.000133
0.000079
0.000160
0.000186
0.000219
0.000206
0.000200
0.000220
0.000236
0.000194
0.000167
0.000175
0.000176
0.000181
0.000234
0.000250
0.000277
0.000284
0.000260
0.000259
0.000268
0.000254
0.000253
0.000274
0.000315
0.000291
0.000274
0.000202
0.000234
0.000340
0.000040
-0.000837
0.000145
0.000204
0.000229
0.000241
0.000216
0.000186
0.000182
0.000221
0.000239
0.000184
0.000240
0.000252
0.000270
0.000330
0.000315
0.000296
0.000341
0.000357
0.000307
0.000222
0.001326
0.000523
0.000495
0.000491
0.000476
0.000524
0.000454
0.000409
0.000350
0.000217
0.000159
0.000169
0.000237
0.000255
0.000282
0.000249
0.000267
0.000151
0.000096
0.000131
0.000141
0.000118
0.000174
0.000192
0.000201
0.000251
0.000224
0.000192
0.000199
0.000228
0.000266
0.000238
0.000181
0.000198
0.000175
0.000230
0.000208
0.000246
0.000191
0.000182
0.000242
0.000252
0.000251
0.000248
0.000304
0.000346
0.000297
0.000218
0.000185
-0.000331
-0.000217
0.000044
0.000086
-0.000194
0.000205
0.000255
0.000248
0.000138
0.000216
0.000235
0.000245
0.000194
0.000176
0.000237
0.000259
0.000292
0.000343
0.000388
0.000443
0.000487
0.000471
0.000341
0.000321
0.000280
0.000455
0.000490
0.000483
0.000481
0.000429
0.000324
0.000275
0.000217
0.000116
0.000107
0.000112
0.000198
0.000228
0.000259
0.000260
0.000274
0.000254
0.000185
0.000169
0.000162
0.000206
0.000194
0.000227
0.000185
0.000243
0.000214
0.000224
0.000166
0.000260
0.000302
0.000237
0.000201
0.000181
0.000182
0.000197
0.000211
0.000196
0.000200
0.000195
0.000179
0.000236
0.000233
0.000257
0.000324
0.000327
0.000311
0.000276
0.000230
0.000195
0.000133
0.000116
0.000180
0.000188
0.000180
0.000272
0.000258
0.000258
0.000230
0.000181
0.000243
0.000266
0.000197
0.000232
0.000272
0.000296
0.000304
0.000414
0.000435
0.000453
0.000375
0.000382
0.000348
0.000328
0.000373
0.000400
0.000426
0.000367
0.000307
0.000208
0.000096
0.000108
0.000176
0.000084
0.000086
0.000191
0.000243
0.000290
0.000276
0.000225
0.000226
0.000267
0.000239
0.000237
0.000247
0.000238
0.000249
0.000240
0.000224
0.000153
0.000248
0.000293
0.000192
0.000279
0.000228
0.000214
0.000188
0.000195
0.000157
0.000170
0.000181
0.000177
0.000208
0.000176
0.000190
0.000215
0.000254
0.000299
0.000332
0.000291
0.000256
0.000269
0.000221
0.000215
0.000212
0.000199
0.000166
0.000215
0.000281
0.000239
0.000253
0.000222
0.000224
0.000219
0.000235
0.000257
0.000241
0.000285
0.000343
0.000337
0.000374
0.000412
0.000389
0.000367
0.000368
0.000371
0.000372
0.000331
0.000396
0.000413
0.000325
0.000318
0.000105
0.000027
0.000104
0.000224
0.000122
0.000160
0.000218
0.000254
0.000276
0.000356
0.000293
0.000297
0.000275
0.000261
0.000249
0.000276
0.000277
0.000296
0.000331
0.000237
0.000219
0.000270
0.000293
0.000248
0.000286
0.000239
0.000236
0.000198
0.000193
0.000190
0.000179
0.000190
0.000156
0.000187
0.000171
0.000161
0.000183
0.000208
0.000251
0.000282
0.000265
0.000267
0.000316
0.000281
0.000214
0.000210
0.000236
0.000200
0.000255
0.000248
0.000225
0.000238
0.000238
0.000241
0.000212
0.000271
0.000312
0.000265
0.000364
0.000376
0.000469
0.000427
0.000383
0.000401
0.000381
0.000397
0.000470
0.000725
0.000338
0.000402
0.000372
0.000401
0.000344
0.000131
0.000035
0.000152
0.000254
0.000234
0.000217
0.000246
0.000287
0.000308
0.000299
0.000322
0.000291
0.000266
0.000275
0.000234
0.000229
0.000205
-0.000206
-0.001046
-0.001062
-0.000261
0.000203
0.000300
0.000236
0.000273
0.000307
0.000300
0.000203
0.000203
0.000214
0.000188
0.000204
0.000165
0.000164
0.000135
0.000094
0.000122
0.000194
0.000253
0.000288
0.000287
0.000305
0.000344
0.000319
0.000239
0.000219
0.000235
0.000227
0.000260
0.000254
0.000251
0.000239
0.000232
0.000201
0.000236
0.000287
0.000317
0.000350
0.000345
0.000385
0.000450
0.000454
0.000481
0.000494
0.000470
0.000428
0.000416
0.000300
0.000359
0.000346
0.000366
0.000327
0.000336
0.000193
0.000194
0.000136
0.000272
0.000307
0.000269
0.000307
0.000289
0.000292
0.000221
0.000315
0.000349
0.000293
0.000240
0.000227
0.000181
-0.000087
-0.003814
-0.011093
-0.014436
-0.008577
-0.003876
-0.000590
0.000281
0.000308
0.000302
0.000267
0.000236
0.000249
0.000264
0.000225
0.000185
0.000159
0.000120
0.000080
0.000012
0.000041
0.000149
0.000239
0.000277
0.000302
0.000315
0.000360
0.000334
0.000253
0.000232
0.000235
0.000230
0.000257
0.000278
0.000243
0.000238
0.000219
0.000252
0.000249
0.000296
0.000311
0.000340
0.000336
0.000380
0.000350
0.000427
0.000472
0.000333
0.000467
0.000389
0.000329
0.000299
0.000280
0.000372
0.000370
0.000352
0.000280
0.000232
0.000267
0.000201
0.000253
0.000294
0.000266
0.000268
0.000291
0.000271
0.000250
0.000212
0.000290
0.000293
0.000228
0.000187
0.000107
-0.002544
-0.007661
-0.003416
-0.006289
-0.004773
-0.019378
-0.018209
-0.002942
0.000089
0.000258
0.000221
0.000215
0.000227
0.000262
0.000224
0.000195
0.000167
0.000119
0.000005
-0.000116
-0.000095
0.000079
0.000208
0.000258
0.000277
0.000301
0.000389
0.000334
0.000291
0.000251
0.000278
0.000313
0.000302
0.000326
0.000274
0.000234
0.000230
0.000237
0.000285
0.000305
0.000350
0.000317
0.000348
0.000359
0.000367
0.000429
0.000374
0.000402
0.000442
0.000455
0.000411
0.000273
0.000353
0.000278
0.000358
0.000340
0.000243
0.000247
0.000246
0.000249
0.000256
0.000251
0.000319
0.000372
0.000331
0.000291
0.000235
0.000201
0.000330
0.000258
0.000190
0.000138
-0.000595
-0.007467
-0.008069
-0.005509
-0.001661
-0.002939
-0.004560
-0.015950
-0.011566
-0.000506
0.000263
0.000226
0.000211
0.000220
0.000218
0.000217
0.000214
0.000177
0.000122
0.000026
-0.000222
-0.000393
-0.000001
0.000194
0.000275
0.000300
0.000313
0.000290
0.000342
0.000298
0.000226
0.000291
0.000317
0.000283
0.000331
0.000306
0.000282
0.000288
0.000299
0.000296
0.000342
0.000331
0.000360
0.000328
0.000355
0.000433
0.000435
0.000359
0.000398
0.000430
0.000396
0.000383
-0.001100
0.000412
0.000268
0.000261
0.000333
0.000282
0.000248
0.000208
0.000265
0.000258
0.000240
0.000331
0.000352
0.000313
0.000271
0.000027
0.000090
-0.000143
-0.000941
-0.000438
0.000416
0.000306
0.000120
0.000184
-0.000221
0.000534
0.003933
0.003911
-0.005855
-0.001721
0.000173
0.000180
0.000185
0.000263
0.000278
0.000220
0.000247
0.000288
0.000235
0.000159
0.000066
-0.000110
-0.000137
0.000101
0.000228
0.000292
0.000323
0.000327
0.000300
0.000325
0.000320
0.000267
0.000247
0.000287
0.000267
0.000304
0.000312
0.000303
0.000306
0.000294
0.000302
0.000387
0.000358
0.000413
0.000382
0.000394
0.000371
0.000370
0.000344
0.000363
0.000313
0.000419
0.000440
0.000412
0.000415
0.000299
0.000338
0.000373
0.000338
0.000233
0.000231
0.000214
0.000266
0.000309
0.000305
0.000274
0.000291
0.000226
0.000131
0.000022
-0.000221
0.000139
0.000219
0.000381
0.000267
0.000270
0.000134
0.000297
0.000601
0.002822
0.004119
-0.002526
-0.003619
-0.000305
0.000146
0.000232
0.000960
0.001772
0.001540
0.001019
0.000126
0.000288
0.000467
0.000124
0.000068
0.000120
0.000172
0.000245
0.000280
0.000318
0.000314
0.000307
0.000310
0.000308
0.000309
0.000298
0.000341
0.000370
0.000285
0.000295
0.000316
0.000291
0.000245
0.000331
0.000373
0.000395
0.000414
0.000364
0.000340
0.000366
0.000407
0.000241
0.000380
0.000427
0.000324
0.000365
0.000439
0.000410
0.000297
0.000372
0.000339
0.000252
0.000245
0.000248
0.000217
0.000240
0.000277
0.000251
0.000215
0.000379
-0.001189
0.000188
-0.000255
0.000173
0.000181
0.000170
0.000268
0.000265
0.000126
0.000291
0.000433
0.000331
-0.000934
-0.004026
-0.008172
-0.006201
-0.001419
0.000066
0.001867
0.003715
0.004212
0.004350
0.002865
0.001793
0.004353
0.002271
0.000234
0.000156
0.000175
0.000199
0.000243
0.000300
0.000357
0.000295
0.000322
0.000316
0.000340
0.000320
0.000327
0.000310
0.000358
0.000301
0.000307
0.000330
0.000301
0.000274
0.000287
0.000290
0.000352
0.000391
0.000381
0.000375
0.000410
0.000382
0.000335
0.000406
0.000369
0.000350
0.000392
0.000505
0.000367
0.000445
0.000368
0.000306
0.000307
0.000316
0.000289
0.000204
0.000209
0.000266
0.000230
0.000401
0.000126
0.000374
0.000122
-0.000161
0.000233
0.000382
0.000239
0.000202
0.000244
0.000266
0.000387
0.000212
0.002898
-0.000409
-0.004693
-0.006658
-0.002983
-0.000597
0.000865
0.000727
0.002272
0.006962
0.005218
0.002835
0.006679
0.005750
0.003673
-0.001515
0.000127
0.000225
0.000259
0.000255
0.000342
0.000379
0.000360
0.000339
0.000364
0.000357
0.000348
0.000420
0.000364
0.000319
0.000300
0.000337
0.000367
0.000301
0.000276
0.000238
0.000237
0.000331
0.000391
0.000429
0.000411
0.000377
0.000325
0.000318
0.000338
0.000385
0.000434
0.000482
-0.000596
0.000480
0.000414
0.000339
0.000324
0.000313
0.000315
0.000282
0.000216
0.000193
0.000220
0.000225
0.000187
0.000243
0.001673
0.000396
-0.000122
0.000415
0.000424
0.000232
0.000178
0.000271
0.000363
-0.000149
0.003158
-0.000161
-0.000853
-0.001368
-0.004037
-0.000205
0.001343
0.003844
0.001285
0.003237
0.002199
0.002418
0.000279
0.003263
0.002076
0.002642
-0.003777
-0.001139
0.000087
0.000273
0.000302
0.000345
0.000345
0.000355
0.000370
0.000418
0.000446
0.000386
0.000363
0.000399
0.000330
0.000342
0.000314
0.000346
0.000369
0.000278
0.000211
0.000253
0.000330
0.000440
0.000416
0.000431
0.000358
0.000338
0.000321
0.000332
0.000417
0.000424
0.000662
0.000628
0.000486
0.000371
0.000380
0.000299
0.000314
0.000318
0.000280
0.000180
0.000180
0.000178
0.000184
0.000210
0.000090
-0.000197
0.002898
-0.000048
0.000493
0.000596
0.000257
0.000334
0.000355
0.003103
0.004301
0.006706
0.005084
0.000861
-0.000654
-0.001085
-0.002132
-0.001730
0.000469
0.000870
0.000769
-0.000039
-0.002127
-0.002776
-0.002111
-0.003070
-0.000328
-0.002536
-0.004188
-0.000131
0.000333
0.000505
0.000406
0.000398
0.000368
0.000379
0.000439
0.000415
0.000414
0.000371
0.000389
0.000377
0.000356
0.000339
0.000374
0.000408
0.000429
0.000394
0.000316
0.000330
0.000400
0.000486
0.000499
0.000368
0.000419
0.000405
0.000476
0.000572
0.000698
0.000641
0.000607
0.000455
0.000403
0.000387
0.000325
0.000274
0.000345
0.000317
0.000227
0.000196
0.000159
0.000121
0.000140
0.000061
-0.000599
0.000857
-0.001519
0.000271
0.000476
0.000397
0.000365
-0.000007
0.005659
0.007708
0.009880
0.010482
0.006806
0.000759
-0.000855
-0.001445
-0.002790
-0.002095
-0.001925
-0.001753
-0.002314
-0.004386
-0.004952
-0.003799
-0.001620
-0.002780
-0.003983
-0.002076
-0.000420
-0.000260
0.000555
0.000689
0.001759
0.000846
0.000397
0.000363
0.000377
0.000352
0.000371
0.000422
0.000436
0.000399
0.000394
0.000410
0.000449
0.000537
0.000448
0.000395
0.000296
0.000361
0.000542
0.000483
0.000523
0.000376
0.000519
0.000536
0.000618
0.000570
0.000567
0.000711
0.000449
0.000389
0.000384
0.000314
0.000310
0.000317
0.000301
0.000253
0.000180
0.000168
0.000127
0.000104
-0.000185
-0.000150
-0.000647
0.002160
0.000327
0.000214
0.000421
-0.000742
-0.000291
0.002795
0.009620
0.012271
0.016150
0.015455
0.002728
-0.002166
-0.002089
-0.001368
-0.003445
-0.003654
-0.003980
-0.004201
-0.005996
-0.005141
-0.003673
-0.004148
-0.004944
-0.002257
-0.002112
-0.001521
-0.000037
0.000317
0.002337
0.005030
0.005121
0.002981
0.000436
0.000411
0.000407
0.000393
0.000434
0.000404
0.000477
0.000415
0.000352
0.000490
0.000429
0.000408
0.000392
0.000262
0.000300
0.000542
0.000547
0.000452
0.000414
0.000502
0.000588
0.000639
0.000517
0.000419
0.000585
0.000503
0.000370
0.000405
0.000368
0.000320
0.000274
0.000301
0.000283
0.000172
0.000165
0.000041
-0.001304
-0.003678
-0.000067
-0.000580
0.000556
0.000384
0.001196
-0.000216
0.000014
0.000035
0.000024
0.000311
0.005258
0.009733
0.020036
0.009180
0.000477
0.000875
-0.001302
-0.003625
-0.002958
-0.004190
-0.005044
-0.005361
-0.005513
-0.004441
-0.002626
-0.004806
-0.003559
-0.003091
-0.002602
0.000229
0.001250
0.001817
0.005039
0.006433
0.026003
0.004392
0.000429
0.000385
0.000407
0.000416
0.000366
0.000486
0.000493
0.000440
0.000451
0.000455
0.000523
0.000340
0.000246
0.000291
0.000483
0.000525
0.000482
0.000468
0.000566
0.000519
0.000548
0.000445
0.000400
0.000513
0.000506
0.000395
0.000359
0.000329
0.000336
0.000215
0.000280
0.000256
0.000232
0.000170
-0.000337
-0.001842
0.001436
0.000230
0.000195
0.000223
0.000204
0.000210
0.000190
0.000158
0.000042
0.000017
0.000111
0.000268
0.000891
0.007318
0.007498
0.002760
0.004573
0.004981
0.003803
-0.007807
-0.004668
-0.002934
-0.002980
-0.002175
-0.005774
-0.003396
-0.005597
-0.006190
-0.007504
-0.004758
-0.001844
-0.001198
-0.002265
0.001906
0.004145
0.024342
0.026303
0.002739
0.000413
0.000373
0.000563
0.000479
0.000483
0.000490
0.000467
0.000471
0.000505
0.000530
0.000604
0.000339
0.000373
0.000496
0.000536
0.000504
0.000367
0.000395
0.000492
0.000476
0.000389
0.000450
0.000584
0.000504
0.000400
0.000375
0.000354
0.000251
0.000245
0.000273
0.000256
0.000279
0.000207
-0.000006
-0.002255
0.002805
0.001052
0.000208
0.000142
0.000089
0.000088
0.000078
0.000087
0.000126
0.000216
0.000153
0.010414
0.008350
0.001801
-0.002816
-0.004634
-0.003665
-0.003516
-0.008135
-0.009970
-0.008616
-0.005305
-0.005358
-0.004917
-0.009355
-0.004976
-0.006417
-0.006676
-0.009213
-0.008118
-0.006070
-0.003412
-0.002526
-0.003802
0.000014
0.010643
0.016658
-0.001367
0.001088
0.000482
0.000488
0.000494
0.000445
0.000445
0.000492
0.000486
0.000565
0.000562
0.000519
0.000456
0.000483
0.000549
0.000554
0.000501
0.000495
0.000424
0.000394
0.000487
0.000475
0.000596
0.000552
0.000432
0.000397
0.000368
0.000382
0.000248
0.000260
0.000311
0.000259
0.000265
0.000216
0.000046
-0.000412
0.000593
0.000403
0.000189
0.000097
0.000084
0.000115
0.000068
0.000100
0.000327
0.000441
0.003752
0.006915
0.009524
0.005398
-0.000929
-0.003433
-0.002726
-0.003563
-0.007017
-0.010335
-0.008489
-0.007343
-0.006803
-0.008214
-0.005560
-0.010216
-0.009559
-0.007949
-0.010603
-0.008817
-0.008042
-0.006235
-0.002622
-0.002271
-0.004686
-0.002862
0.003290
-0.005688
-0.005795
0.000532
0.000513
0.000561
0.000510
0.000535
0.000503
0.000537
0.000563
0.000525
0.000559
0.000557
0.000616
0.000493
0.000609
0.000644
0.000502
0.000381
0.000411
0.000536
0.000623
0.000532
0.000468
0.000454
0.000386
0.000330
0.000328
0.000174
0.000180
0.000286
0.000191
0.000222
0.000193
0.000111
0.000061
0.000206
0.000238
0.000179
0.000059
0.000087
0.000137
0.000117
0.000314
0.000025
0.000231
0.003591
0.006572
0.007536
0.009797
0.003301
-0.002592
-0.003073
-0.004195
-0.006828
-0.010425
-0.009090
-0.006916
-0.005902
-0.007564
-0.007929
-0.005720
-0.003561
-0.010137
-0.010277
-0.008615
-0.006332
-0.005499
-0.004078
-0.003805
-0.006062
-0.007463
-0.004496
-0.007593
-0.006396
-0.003317
0.000260
0.000540
0.000543
0.000516
0.000594
0.000546
0.000550
0.000585
0.000599
0.000631
0.000499
0.000403
0.000525
0.000570
0.000503
0.000484
0.000458
0.000444
0.000474
0.000432
0.000491
0.000379
0.000324
0.000348
0.000259
0.000125
0.000061
0.000133
0.000143
0.000191
0.000176
0.000127
0.000116
0.000172
0.000241
0.000228
0.000099
0.000129
0.000172
0.000066
0.000070
0.000061
0.000423
0.003452
0.006097
0.009744
0.010488
0.005324
-0.001453
-0.003536
-0.004348
-0.006250
-0.009969
-0.009554
-0.008235
-0.006827
-0.007632
-0.007661
-0.006852
-0.006671
-0.006906
-0.005389
-0.004812
-0.010202
-0.010290
-0.010829
-0.005155
-0.005042
-0.006747
-0.007963
-0.006352
-0.005394
-0.006948
-0.003901
0.000265
0.000343
0.000506
0.000595
0.000581
0.000590
0.000657
0.000635
0.000596
0.000638
0.000523
0.000508
0.000608
0.000620
0.000532
0.000518
0.000446
0.000433
0.000317
0.000257
0.000337
0.000198
0.000268
0.000119
-0.000010
-0.000019
0.000032
0.000161
0.000189
0.000164
0.000170
0.000162
0.000188
0.000255
0.000283
0.000240
0.000281
0.000123
0.000104
0.000085
0.000106
0.000341
0.002695
0.008083
0.012611
0.007744
0.002992
-0.002524
-0.002859
-0.003516
-0.005691
-0.011799
-0.011509
-0.008994
-0.007610
-0.006823
-0.007234
-0.006672
-0.007376
-0.006960
-0.006703
-0.005362
-0.004299
-0.003672
-0.004260
-0.008268
-0.007619
-0.006138
-0.007101
-0.005383
-0.004810
-0.005379
-0.005361
-0.004306
-0.003022
0.000371
0.000587
0.000649
0.000634
0.000596
0.000614
0.000667
0.000564
0.000614
0.000672
0.000648
0.000566
0.000639
0.000593
0.000526
0.000474
0.000410
0.000180
0.000284
0.000192
0.000151
0.000132
0.000007
0.000075
0.000041
0.000186
0.000225
0.000138
0.000119
0.000184
0.000271
0.000291
0.000412
0.000151
0.000125
0.000166
0.000118
0.000114
0.000094
-0.000006
0.000164
0.007542
0.014216
0.011298
0.004658
-0.000479
-0.001870
-0.002840
-0.004998
-0.009188
-0.009631
-0.009018
-0.007991
-0.005143
-0.006258
-0.006926
-0.006949
-0.006898
-0.006226
-0.005895
-0.005123
-0.004736
-0.005019
-0.003141
-0.007089
-0.006054
-0.005876
-0.006221
-0.005404
-0.004675
-0.004877
-0.004628
-0.003845
-0.002273
0.000326
0.000455
0.000531
0.000637
0.000670
0.000596
0.000569
0.000588
0.000638
0.000689
0.000611
0.000780
0.000662
0.000625
0.000530
0.000248
0.000190
0.000258
0.000216
0.000208
0.000191
0.000121
0.000130
0.000191
0.000296
0.000571
0.000182
0.000154
0.000239
0.000474
0.000156
0.000204
0.000207
0.000165
0.000165
0.000185
0.000192
0.000149
0.000095
0.000135
0.005386
0.013434
0.014709
0.011600
0.008713
0.003038
-0.002585
-0.004579
-0.007272
-0.007867
-0.008141
-0.007968
-0.006033
-0.004066
-0.006261
-0.006798
-0.006386
-0.005934
-0.005949
-0.004706
-0.004262
-0.004042
-0.004247
-0.003072
-0.002177
-0.005739
-0.005494
-0.005006
-0.004821
-0.004837
-0.004519
-0.003635
-0.003418
-0.003035
-0.002018
0.000470
0.000744
0.000858
0.000550
0.000576
0.000392
0.000443
0.000619
0.000784
0.000718
0.000678
0.000717
0.000637
0.000400
0.000332
0.000281
0.000243
0.000237
0.000201
0.000226
0.000253
0.000210
0.000240
0.000269
0.000338
0.000398
0.000373
-0.000091
0.000172
0.000232
0.000219
0.000190
0.000110
0.000120
0.000132
0.000107
0.000549
0.000579
0.000473
0.000401
0.000500
0.000799
0.001659
0.007540
-0.003025
-0.003213
-0.005110
-0.006134
-0.007201
-0.007914
-0.005902
-0.003971
-0.004094
-0.006458
-0.006130
-0.005104
-0.005706
-0.004906
-0.004270
-0.002929
-0.002837
-0.003264
-0.002852
-0.002853
-0.005484
-0.004741
-0.004496
-0.004304
-0.004096
-0.003621
-0.003437
-0.003650
-0.003822
-0.003079
-0.002358
-0.000501
0.001065
0.000685
0.000474
0.000447
0.000626
0.000629
0.000664
0.000670
0.000711
0.000667
0.000630
0.000581
0.000325
0.000314
0.000196
0.000208
0.000247
0.000315
0.000345
0.000316
0.000264
0.000385
0.000372
0.000341
0.000480
0.000515
0.000508
0.000099
0.000087
0.000392
0.000426
0.000503
0.000434
0.000335
0.000313
0.000329
0.000338
0.000295
-0.000448
0.007961
0.012120
0.002199
0.000835
-0.004087
-0.003342
-0.004927
-0.006846
-0.005464
-0.003547
-0.002932
-0.005432
-0.006251
-0.004516
-0.004867
-0.004985
-0.003838
-0.002122
-0.001958
-0.002635
-0.003073
-0.002367
-0.002551
-0.004129
-0.004353
-0.004163
-0.004051
-0.003742
-0.003603
-0.003289
-0.000426
0.002612
0.003221
0.007086
0.008889
0.002954
0.000665
0.000504
0.000437
0.000500
0.000694
0.000686
0.000669
0.000629
0.000610
0.000634
0.000369
0.000362
0.000286
0.000271
0.000342
0.000407
0.000388
0.000339
0.000348
0.000418
0.000364
0.000337
0.000375
0.000408
0.000461
0.000525
0.000431
0.000272
0.000212
0.000335
0.000349
0.000329
0.000283
0.000302
0.000311
0.000235
0.001813
0.005688
0.001871
0.000490
0.000317
-0.000072
0.000025
0.001197
0.000309
-0.000200
-0.000016
-0.001151
-0.003695
-0.004231
-0.004168
-0.004455
-0.003954
-0.002784
-0.002016
-0.001885
-0.002023
-0.001805
-0.002231
-0.001648
-0.002945
-0.004239
-0.004472
-0.004618
-0.003914
-0.002783
0.002647
0.012637
0.002913
0.001595
0.001466
0.001359
0.001313
0.000780
0.000708
0.000558
0.000682
0.000705
0.000661
0.000636
0.000646
0.000676
0.000683
0.000420
0.000472
0.000247
0.000376
0.000424
0.000392
0.000413
0.000420
0.000425
0.000371
0.000282
0.000385
0.000450
0.000442
0.000476
0.000407
0.000385
0.000355
0.000198
0.000258
0.000334
0.000337
0.000296
0.000311
0.000278
0.000260
0.003477
0.001854
0.000367
0.000498
0.001244
0.001810
0.000930
0.000627
0.000352
0.000327
0.000275
0.000124
-0.000038
0.000025
0.000100
0.000128
0.000128
-0.000050
-0.001825
-0.001884
-0.001782
-0.002251
-0.003252
-0.002948
-0.002090
-0.004052
-0.004573
-0.005118
-0.003146
0.004185
0.012832
0.002873
0.001536
0.001326
0.001030
0.001083
0.001161
0.001150
0.000897
0.000835
0.000782
0.000689
0.000676
0.000679
0.000716
0.000762
0.000724
0.000104
0.000439
0.000245
0.000337
0.000477
0.000489
0.000544
0.000532
0.000512
0.000387
0.000393
0.000389
0.000489
0.000474
0.000498
0.000469
0.000479
0.000402
0.000177
0.000310
0.000298
0.000352
0.000324
0.000322
0.000249
0.000282
0.002638
0.002483
0.000143
0.000611
0.001650
0.001659
0.000124
0.000280
0.000373
0.000425
0.000327
0.000364
0.000483
0.000548
0.000541
0.000602
0.000512
0.000519
0.000064
-0.001529
-0.002198
-0.002824
-0.003070
-0.004321
-0.004584
-0.004392
-0.003892
-0.002716
0.007081
0.013728
0.002813
0.001684
0.001369
0.001233
0.000926
0.000936
0.001115
0.001113
0.000824
0.000886
0.000835
0.000740
0.000799
0.000839
0.000721
0.000741
0.000680
0.000341
0.000426
0.000286
0.000256
0.000357
0.000578
0.000663
0.000625
0.000546
0.000537
0.000491
0.000363
0.000397
0.000365
0.000407
0.000407
0.000417
0.000391
0.000207
0.000123
0.000327
0.000373
0.000322
0.000316
0.000273
0.000265
0.002305
0.002026
0.000185
0.000474
0.002093
0.001576
0.000168
0.000219
0.000257
0.000496
0.000505
0.000412
0.000461
0.000569
0.000560
0.000465
0.000398
0.000455
0.000547
0.000620
-0.002562
-0.003257
-0.005257
-0.006660
-0.007282
-0.005616
-0.003057
0.001839
0.005702
0.001818
0.001403
0.001289
0.001131
0.001046
0.000768
0.000986
0.001141
0.001143
0.001134
0.000960
0.000889
0.000994
0.000868
0.000806
0.000768
0.000848
0.000852
0.000391
0.000448
0.000370
0.000387
0.000460
0.000542
0.000542
0.000618
0.000667
0.000623
0.000602
0.000446
0.000194
0.000274
0.000349
0.000351
0.000316
0.000361
0.000348
0.000115
0.000249
0.000339
0.000360
0.000362
0.000328
0.000267
-0.000184
0.002092
0.001619
0.000177
0.000947
0.002170
0.000416
0.000201
0.000341
0.000546
0.000559
0.000470
0.000498
0.000522
0.000508
0.000439
0.000380
0.000378
0.000367
0.000497
0.000713
-0.002746
-0.006416
-0.007857
-0.006290
-0.005852
-0.003189
0.004027
0.001752
0.001184
0.001122
0.001065
0.001136
0.001017
0.000946
0.000937
0.001111
0.001133
0.001086
0.001142
0.001145
0.000992
0.000859
0.000870
0.000952
0.000912
0.000794
0.000334
0.000493
0.000468
0.000422
0.000395
0.000538
0.000615
0.000645
0.000628
0.000664
0.000618
0.000522
0.000192
0.000088
0.000379
0.000363
0.000379
0.000448
0.000418
0.000337
0.000288
0.000376
0.000407
0.000431
0.000371
0.000342
0.000140
0.000238
0.003172
0.001861
0.000458
0.001608
0.000227
-0.000125
0.000405
0.000537
0.000561
0.000469
0.000405
0.000465
0.000533
0.000544
0.000363
0.000304
0.000240
0.000290
0.000307
-0.000265
-0.000375
-0.002222
-0.002249
-0.001381
-0.000872
-0.010060
-0.000027
0.001145
0.001154
0.001121
0.001254
0.001290
0.001185
0.001306
0.001210
0.001225
0.001100
0.001100
0.001076
0.000936
0.000912
0.000951
0.000868
0.000879
0.000794
0.000238
0.000349
0.000534
0.000423
0.000609
0.000539
0.000613
0.000591
0.000631
0.000627
0.000623
0.000537
0.000368
0.000381
0.000382
0.000348
0.000379
0.000384
0.000369
0.000340
0.000280
0.000373
0.000485
0.000458
0.000396
0.000325
0.000287
0.000346
-0.000091
0.000650
0.000294
0.000519
0.000422
0.000440
0.000493
0.000497
0.000519
0.000626
0.000583
0.000503
0.000507
0.000457
0.000392
0.000365
0.000373
0.000423
0.000398
-0.000742
0.000395
-0.000305
0.000957
-0.000196
-0.000599
-0.006819
0.000701
0.001215
0.001255
0.001213
0.001366
0.001402
0.001210
0.000968
0.001108
0.001228
0.001229
0.001089
0.001058
0.000942
0.000868
0.000856
0.000807
0.000802
0.000738
0.000418
0.000316
0.000486
0.000476
0.000596
0.000497
0.000535
0.000653
0.000604
0.000562
0.000620
0.000588
0.000436
0.000313
0.000333
0.000422
0.000439
0.000426
0.000362
0.000316
0.000225
0.000302
0.000432
0.000448
0.000465
0.000390
0.000329
0.000262
0.000258
0.000427
0.000618
0.000513
0.000496
0.000508
0.000494
0.000489
0.000522
0.000645
0.000620
0.000501
0.000446
0.000484
0.000457
0.000446
0.000416
0.000514
0.000776
0.000790
-0.000346
0.000142
0.000776
-0.000170
-0.001125
-0.000925
0.001002
0.001285
0.001337
0.001437
0.001500
0.001329
0.001008
0.000936
0.001173
0.001196
0.001125
0.001117
0.000990
0.000860
0.000757
0.000846
0.000660
0.000866
0.000644
0.000479
0.000511
0.000624
0.000532
0.000549
0.000470
0.000587
0.000623
0.000648
0.000626
0.000549
0.000572
0.000479
0.000369
0.000359
0.000423
0.000454
0.000402
0.000368
0.000261
0.000097
0.000304
0.000398
0.000467
0.000482
0.000468
0.000340
0.000189
0.000324
0.000431
0.000519
0.000523
0.000574
0.000615
0.000522
0.000538
0.000524
0.000583
0.000554
0.000517
0.000583
0.000530
0.000486
0.000463
0.000443
0.000529
0.000667
0.000799
0.000965
0.000977
0.000938
0.001008
-0.000088
0.001169
0.001422
0.001502
0.001487
0.001350
0.001388
0.001229
0.000929
0.001040
0.001106
0.001080
0.001266
0.001121
0.000832
0.000843
0.000719
0.000623
0.000627
0.000681
0.000835
0.000641
0.000585
0.000627
0.000521
0.000491
0.000478
0.000594
0.000462
0.000516
0.000662
0.000646
0.000610
0.000512
0.000466
0.000464
0.000485
0.000422
0.000376
0.000401
0.000410
0.000110
0.000232
0.000347
0.000465
0.000533
0.000516
0.000387
0.000147
0.000204
0.000502
0.000543
0.000625
0.000641
0.000591
0.000573
0.000523
0.000527
0.000559
0.000640
0.000726
0.000686
0.000573
0.000547
0.000573
0.000594
0.000517
0.000596
0.000845
0.001233
0.001065
0.000856
0.000804
0.001104
0.001272
0.001484
0.001463
0.001227
0.001318
0.001257
0.001149
0.000931
0.000940
0.001156
0.001162
0.001204
0.001179
0.000864
0.000651
0.000696
0.000609
0.000653
0.000692
0.000905
