-0.000499
-0.000223
0.000139
0.000632
0.000825
0.000735
0.000934
0.000438
0.001505
0.001563
0.001573
-0.000603
0.001648
0.001552
0.001352
0.001234
0.001017
0.001094
0.001037
0.000873
0.000755
0.001068
0.001282
0.001169
0.001136
0.001097
0.001064
0.001029
0.000906
0.001156
0.001288
0.001214
0.001316
0.001144
0.001397
0.001242
0.000959
0.000724
0.000736
0.000555
0.000550
0.000503
0.000541
0.000533
0.000582
0.000519
0.000613
0.000554
0.000598
0.000655
0.000640
0.000587
0.000599
0.000502
0.000573
0.000563
0.000530
0.000445
0.000150
-0.000847
-0.001497
-0.000290
-0.000035
-0.000596
-0.000450
0.000604
-0.001158
0.000779
0.000890
0.000897
0.000061
0.000702
0.000195
0.001030
0.000988
0.001044
0.001042
0.001146
0.001231
0.001336
0.001451
0.001175
0.001390
0.001402
0.001358
0.001369
0.001471
0.001105
0.001000
0.001154
0.001044
0.001079
0.001075
0.001011
0.001116
0.000859
0.000782
0.000841
0.000978
0.001194
0.001216
0.000969
0.001117
0.001074
0.001105
0.001009
0.001066
0.001082
0.000968
0.000910
0.000801
0.000702
0.000679
0.000705
0.000651
0.000619
0.000621
0.000632
0.000586
0.000390
0.000540
0.000567
0.000674
0.000631
0.000656
0.000641
0.000538
0.000520
0.000611
0.000617
0.000577
0.000569
-0.000721
-0.001379
0.000407
-0.000038
-0.001677
0.000163
0.000574
0.000596
0.000638
0.000697
0.000644
0.000604
0.000727
0.000863
0.001068
0.001085
0.001275
0.001005
0.001292
0.001329
0.001210
0.001258
0.001335
0.001343
0.001335
0.001377
0.001384
0.001133
0.000892
0.000701
0.001059
0.000949
0.000993
0.000979
0.000934
0.001080
0.000942
0.000801
0.000578
0.001197
0.001229
0.001250
0.001203
0.001037
0.000921
0.001215
0.000494
0.000468
0.000972
0.001099
0.000992
0.001069
0.000822
0.000644
0.000727
0.000752
0.000708
0.000694
0.000524
0.000616
0.000590
0.000573
0.000736
0.000623
0.000656
0.000723
0.000541
0.000523
0.000624
0.000580
0.000629
0.000569
0.000579
0.000215
-0.001329
0.000256
0.000016
-0.002294
0.000143
0.000487
0.000552
0.000409
0.000697
0.000734
0.000547
0.000511
0.000884
0.001266
0.001139
0.001179
0.001132
0.001288
0.001342
0.001346
0.001267
0.001433
0.001446
0.001404
0.001176
0.001206
0.000979
0.001014
0.000990
0.000989
0.000986
0.000910
0.000898
0.000916
0.000834
0.000836
0.000875
0.000925
0.001021
0.001142
0.001138
0.001163
0.000948
0.000995
0.001053
0.001258
-0.000269
0.001051
0.001050
0.000993
0.000962
0.000778
0.000721
0.000643
0.000707
0.000760
0.000571
0.000515
0.000577
0.000602
0.000614
0.000694
0.000659
0.000686
0.000681
0.000604
0.000524
0.000516
0.000556
0.000575
0.000576
0.000717
0.000367
-0.000535
0.000225
-0.000235
-0.001158
-0.000044
0.000497
0.000427
0.000620
0.000688
0.000661
0.000663
0.000531
0.000804
0.001307
0.001015
0.001159
0.000945
0.001157
0.001120
0.001324
0.001255
0.001255
0.001320
0.001269
0.001132
0.000994
0.000876
0.000871
0.000956
0.001010
0.000884
0.000594
0.000810
0.000725
0.000880
0.000847
0.000800
0.000940
0.000985
0.001230
0.001315
0.001242
0.001267
0.001138
0.000921
0.000592
0.001026
0.001039
0.001167
0.000969
0.000833
0.000739
0.000702
0.000656
0.000738
0.000843
0.000614
0.000729
0.000609
0.000567
0.000611
0.000650
0.000643
0.000656
0.000653
0.000607
0.000485
0.000525
0.000506
0.000575
0.000537
0.000510
0.000467
-0.002208
-0.000492
-0.000378
-0.000230
0.000544
0.000455
0.000447
0.000578
0.000622
0.000685
0.000731
0.000555
-0.002169
0.001139
0.000980
0.000959
0.001054
0.001126
0.001142
0.001151
0.001306
0.001275
0.001269
0.001120
0.000918
0.000754
0.000775
0.000938
0.000838
0.000900
0.000927
0.000815
0.000863
0.000709
0.000933
0.000964
0.000925
0.000890
0.001135
0.001262
0.001358
0.001324
0.001093
0.001203
0.000608
0.000548
0.000713
0.000835
0.000672
0.000983
0.000923
0.000793
0.000743
0.000696
0.000695
0.000745
0.000666
0.000666
0.000628
0.000585
0.000589
0.000612
0.000639
0.000644
0.000594
0.000610
0.000574
0.000524
0.000582
0.000496
0.000556
0.000459
0.000487
0.000309
0.000120
0.000529
0.000494
0.000510
0.000687
0.000529
0.000520
0.000596
0.000606
0.000783
0.000629
0.000735
0.001227
0.001049
0.000967
0.001076
0.001291
0.001193
0.001257
0.001181
0.001400
0.001233
0.001007
0.000853
0.000869
0.000864
0.000958
0.000846
0.000828
0.000830
0.000967
0.000788
0.000731
0.000816
0.001011
0.000975
0.001033
0.000911
0.001225
0.001352
0.001358
0.001142
0.001071
0.001162
0.001286
0.001214
0.000991
0.001016
0.000960
0.000962
0.000760
0.000755
0.000617
0.000722
0.000767
0.000689
0.000685
0.000628
0.000584
0.000603
0.000585
0.000636
0.000666
0.000595
0.000589
0.000553
0.000615
0.000581
0.000560
0.000542
0.000453
0.000301
0.000450
0.000300
0.000348
0.000502
0.000623
0.000659
0.000577
0.000537
0.000564
0.000569
0.000606
0.000507
0.000595
0.001152
0.001169
0.001197
0.001146
0.001238
0.001247
0.001270
0.001253
0.001372
0.001215
0.000898
0.001003
0.000878
0.000788
0.000875
0.000856
0.000860
0.001008
0.000954
0.000857
0.000785
0.000802
0.001112
0.001212
0.001062
0.000960
0.001290
0.001097
0.001114
0.001206
0.001230
0.001293
0.001388
0.001323
0.001077
0.001067
0.001035
0.000999
0.000796
0.000789
0.000588
0.000545
0.000711
0.000739
0.000829
0.000672
0.000590
0.000605
0.000623
0.000626
0.000704
0.000589
0.000589
0.000651
0.000596
0.000537
0.000391
0.000565
0.000561
0.000407
0.000384
0.000361
0.000363
0.000416
0.000642
0.000619
0.000571
0.000522
0.000479
0.000630
0.000530
0.000547
0.000611
0.001346
0.001060
0.001231
0.001277
0.001190
0.001366
0.001273
0.001306
0.001235
0.001007
0.000927
0.000854
0.000921
0.000875
0.000829
0.000901
0.001003
0.000948
0.000964
0.000922
0.000914
0.000843
0.000965
0.001103
0.001134
0.001037
0.001123
0.001096
0.001215
0.001240
0.001166
0.001337
0.001405
0.001478
0.001139
0.001150
0.001059
0.000997
0.000954
0.001031
0.000697
0.000768
0.000857
0.000915
0.000947
0.000785
0.000692
0.000687
0.000621
0.000642
0.000681
0.000683
0.000658
0.000618
0.000687
0.000618
0.000517
0.000531
0.000514
0.000411
0.000442
0.000469
0.000418
0.000463
0.000520
0.000667
0.000587
0.000563
0.000650
0.000605
0.000630
0.000595
0.001326
0.001295
0.001335
0.001210
0.001224
0.001444
0.001408
0.001283
0.001214
0.001024
0.000909
0.000822
0.000674
0.000908
0.000827
0.000813
0.000809
0.000994
0.000869
0.000919
0.000966
0.000908
0.000817
0.000967
0.001135
0.001039
0.000943
0.001134
0.001128
0.001264
0.001271
0.001263
0.001180
0.001367
0.001154
0.001046
0.001076
0.001149
0.001172
0.001061
0.001092
0.000928
0.000955
0.000736
0.000976
0.000882
0.000795
0.000782
0.000658
0.000585
0.000668
0.000687
0.000634
0.000503
0.000564
0.000639
0.000541
0.000549
0.000527
0.000567
0.000521
0.000455
0.000461
0.000409
0.000347
0.000515
0.000522
0.000507
0.000531
0.000656
0.000681
0.000722
0.000612
0.000564
0.001259
0.001228
0.001171
0.001215
0.001356
0.001280
0.001206
0.000994
0.000802
0.000726
0.000807
0.000794
0.000884
0.000862
0.000757
0.000717
0.000735
0.001034
0.000838
0.000693
0.000693
0.000653
0.001009
0.001125
0.001316
0.001386
0.001270
0.001179
0.001137
0.001293
0.001189
0.001011
0.001216
0.001290
0.001136
0.001028
0.001158
0.001212
0.001006
0.000896
0.000795
0.000737
0.000705
0.000902
0.001005
0.000918
0.000826
0.000675
0.000618
0.000649
0.000536
0.000648
0.000642
0.000523
0.000656
0.000554
0.000552
0.000564
0.000624
0.000525
0.000408
0.000417
0.000453
0.000472
0.000402
0.000516
0.000613
0.000665
0.000642
0.000742
0.000730
0.000877
0.000675
0.001166
0.001167
0.001143
0.001174
0.001306
0.001340
0.001113
0.000997
0.000952
0.000763
0.000849
0.000853
0.000862
0.000808
0.000785
0.000621
0.000742
0.000843
0.000948
0.000592
0.000573
0.000634
0.000923
0.001166
0.001163
0.001198
0.001185
0.001431
0.001328
0.001444
0.001445
0.001238
0.001318
0.001284
0.001006
0.001135
0.001130
0.001193
0.000869
0.000957
0.000803
0.000675
0.000630
0.000792
0.000717
0.000895
0.000804
0.000674
0.000637
0.000583
0.000454
0.000547
0.000554
0.000562
0.000584
0.000683
0.000595
0.000558
0.000561
0.000560
0.000530
0.000403
0.000487
0.000359
0.000443
0.000577
0.000580
0.000765
0.000668
0.000594
0.000664
0.000789
0.000577
0.001208
0.001149
0.001103
0.001074
0.001169
0.001040
0.000891
0.000886
0.000918
0.000832
0.000807
0.000766
0.000828
0.000754
0.000800
0.000725
0.000617
0.000704
0.000870
0.000524
0.000258
0.000453
0.000898
0.001098
0.000991
0.001096
0.001171
0.001200
0.001264
0.001490
0.001476
0.001557
0.001345
0.001446
0.001225
0.001223
0.001120
0.000952
0.000994
0.000837
0.000848
0.000689
0.000563
0.000547
0.000550
0.000614
0.000718
0.000661
0.000749
0.000527
0.000536
0.000528
0.000624
0.000613
0.000572
0.000620
0.000548
0.000475
0.000506
0.000567
0.000611
0.000581
0.000463
0.000530
0.000573
0.000496
0.000672
0.000686
0.000678
0.000685
0.000765
0.000634
0.000725
0.001229
0.001244
0.001151
0.001272
0.001212
0.001005
0.000850
0.000748
0.000653
0.000703
0.000796
0.000752
0.000684
0.000771
0.000805
0.000716
0.000406
0.000702
0.000811
0.000680
0.000526
0.000794
0.000450
-0.000751
0.000206
0.000997
0.001048
0.001089
0.000999
0.001287
0.001403
0.001375
0.001397
0.001392
0.001406
0.001200
0.001027
0.001059
0.000949
0.000872
0.000771
0.000789
0.000588
0.000655
0.000596
0.000679
0.000670
0.000534
0.000654
0.000558
0.000488
0.000668
0.000669
0.000606
0.000574
0.000607
0.000505
0.000458
0.000560
0.000596
0.000639
0.000537
0.000659
0.000710
0.000674
0.000603
0.000705
0.000765
0.000698
0.000630
0.000521
0.000791
0.000483
0.001145
0.001103
0.001229
0.001340
0.001218
0.000940
0.000858
0.000867
0.000844
0.000753
0.000645
0.000736
0.000563
0.000653
0.000734
0.000609
0.000430
0.000408
0.000711
0.000750
0.000762
0.000373
-0.005829
-0.020673
-0.013795
-0.002197
0.000060
0.000904
0.001108
0.001192
0.001408
0.001404
0.001407
0.001300
0.001205
0.000834
0.000892
0.000869
0.000917
0.000959
0.000813
0.000712
0.000665
0.000664
0.000604
0.000632
0.000621
0.000623
0.000554
0.000639
0.000477
0.000600
0.000635
0.000730
0.000637
0.000642
0.000473
0.000512
0.000535
0.000664
0.000711
0.000656
0.000562
0.000741
0.000613
0.000667
0.000692
0.000630
0.000565
0.000574
0.000583
0.000745
0.000513
0.001089
0.001140
0.001097
0.001041
0.001162
0.000909
0.000914
0.001016
0.000923
0.000721
0.000574
0.000540
0.000539
0.000745
0.000777
0.000659
0.000589
0.000495
0.000453
0.000786
0.000462
-0.003662
-0.006278
-0.004038
-0.006469
-0.015558
-0.014295
-0.005001
0.000574
0.001057
0.001170
0.001300
0.001289
0.000951
0.000986
0.000700
0.000777
0.000832
0.000930
0.000896
0.000659
0.000571
0.000631
0.000713
0.000565
0.000540
0.000713
0.000681
0.000435
0.000593
0.000529
0.000614
0.000684
0.000687
0.000582
0.000629
0.000537
0.000554
0.000486
0.000558
0.000815
0.000747
0.000508
0.000683
0.000601
0.000708
0.000628
0.000590
0.000527
0.000396
0.000460
0.000622
0.000631
0.001093
0.001076
0.001010
0.000956
0.000899
0.000799
0.000674
0.000913
0.000922
0.000560
0.000444
0.000439
0.000543
0.000606
0.000790
0.000749
0.000558
0.000499
0.000223
0.000357
-0.002334
-0.004782
-0.004165
-0.021240
-0.018368
-0.011501
-0.017859
-0.025531
-0.006495
0.001908
0.001261
0.001183
0.001073
0.001044
0.000999
0.000928
0.000858
0.000802
0.000897
0.000861
0.000641
0.000380
0.000561
0.000656
0.000656
0.000623
0.000657
0.000621
0.000486
0.000355
0.000532
0.000674
0.000708
0.000708
0.000637
0.000731
0.000702
0.000729
0.000639
0.000488
0.000700
0.000752
0.000606
0.000612
0.000688
0.000766
0.000544
0.000491
0.000434
0.000320
0.000618
0.000883
-0.001100
0.001121
0.000954
0.001060
0.000934
0.000863
0.000780
0.000783
0.000848
0.000993
0.000786
0.000432
0.000432
0.000432
0.000417
0.000709
0.000357
0.001795
0.001516
0.001745
0.000921
0.002201
0.002240
0.001986
0.000741
0.002003
-0.007644
-0.015483
-0.028996
0.001148
0.001192
0.001133
0.001289
0.001617
0.002491
0.002284
0.002108
0.001891
0.001010
0.000984
0.000949
0.000856
0.000671
0.000699
0.000736
0.000678
0.000666
0.000638
0.000661
0.000680
0.000541
0.000550
0.000683
0.000732
0.000752
0.000607
0.000652
0.000744
0.000689
0.000555
0.000571
0.000683
0.000733
0.000603
0.000572
0.000799
0.000728
0.000473
0.000507
0.000520
0.000495
0.000611
0.000701
0.000903
0.001190
0.001066
0.001012
0.001016
0.000871
0.000710
0.000603
0.000621
0.000826
0.000831
0.000576
0.000403
0.000426
0.000523
0.001200
0.002087
0.002272
0.001504
0.001732
0.002514
0.002866
0.002903
0.003072
0.003097
0.003982
-0.001553
-0.009950
-0.000466
0.001607
0.001211
-0.000613
0.002897
0.026185
0.034308
0.024284
0.017830
0.016864
0.003900
0.001453
0.000987
0.000972
0.000799
0.000783
0.000735
0.000695
0.000612
0.000612
0.000600
0.000709
0.000626
0.000612
0.000672
0.000729
0.000678
0.000623
0.000604
0.000669
0.000729
0.000650
0.000575
0.000563
0.000684
0.000761
0.000682
0.000718
0.000664
0.000700
0.000628
0.000778
0.000678
0.000653
0.000730
0.001102
0.001051
0.001022
0.000967
0.000854
0.000712
0.000663
0.000622
0.000467
0.000626
0.000656
0.000661
0.000488
0.000236
-0.000741
0.002076
0.001052
0.001126
0.001002
0.001107
0.001229
0.001379
0.003011
0.003762
0.003462
0.003738
0.000961
-0.001147
0.003393
0.010513
0.014124
0.007176
0.013292
0.031894
0.023166
0.009100
0.011071
0.020372
0.021206
0.010305
0.002136
0.000997
0.000826
0.000748
0.000705
0.000662
0.000709
0.000706
0.000794
0.000809
0.000567
0.000768
0.000757
0.000700
0.000679
0.000633
0.000487
0.000589
0.000705
0.000607
0.000612
0.000603
0.000690
0.000702
0.000775
0.000742
0.000763
0.000861
0.000518
0.000598
0.000689
0.000740
0.000814
0.001098
0.001172
0.001101
0.000933
0.000815
0.000733
0.000724
0.000705
0.000578
0.000543
0.000616
0.000561
0.000296
-0.002932
-0.001676
0.000914
0.000575
0.000849
0.000894
0.000741
0.000800
0.001289
0.002187
0.003846
0.003656
0.001120
0.002166
0.001749
0.002757
0.007766
0.014860
0.006349
0.006450
0.018311
0.005759
0.001982
0.001662
0.006465
0.010875
0.014618
0.011323
0.001563
0.000795
0.000673
0.000617
0.000649
0.000573
0.000670
0.000638
0.000529
0.000852
0.000796
0.000800
0.000775
0.000735
0.000678
0.000492
0.000499
0.000636
0.000667
0.000595
0.000511
0.000759
0.000738
0.000822
0.000784
0.000655
0.000747
0.000381
0.000566
0.000752
0.000893
0.001067
-0.000596
0.001240
0.001129
0.000995
0.000959
0.000825
0.000767
0.000717
0.000531
0.000420
0.000478
0.000636
0.000489
-0.000247
-0.002725
0.001568
0.000620
0.000799
0.000933
0.001051
0.001122
0.001359
0.001379
-0.002254
-0.004021
-0.002625
-0.003389
-0.001508
0.000072
-0.000725
-0.006027
-0.000493
0.002329
0.003102
0.001706
0.000882
0.001035
0.001986
0.002263
0.010247
0.010026
0.001617
0.000723
0.000770
0.000628
0.000642
0.000627
0.000690
0.000747
0.000681
0.000832
0.000845
0.000800
0.000787
0.000738
0.000675
0.000583
0.000495
0.000630
0.000841
0.000638
0.000579
0.000641
0.000828
0.000940
0.000889
0.000933
0.000889
0.000850
0.000820
0.001110
0.000986
0.000915
0.001297
0.001252
0.001121
0.000973
0.000834
0.000964
0.000834
0.000682
0.000486
0.000438
0.000582
0.000455
0.000463
-0.000856
-0.004084
0.002775
0.000832
0.000972
0.001112
0.001274
0.001353
0.001052
-0.001328
-0.002918
-0.001922
0.000153
-0.000123
0.000764
0.000629
-0.001346
-0.005628
-0.001296
0.000633
0.000863
0.001169
0.000948
0.001548
0.002664
0.003343
0.009255
0.006513
0.001299
0.000565
0.000637
0.000096
0.000224
0.000461
0.000787
0.000915
0.000745
0.000766
0.000873
0.000757
0.000735
0.000745
0.000710
0.000442
0.000529
0.000749
0.000998
0.000856
0.000633
0.000872
0.000977
0.001067
0.001060
0.001112
0.001113
0.000985
0.001008
0.001005
0.000977
0.000929
0.001011
0.001045
0.000974
0.000918
0.000825
0.000830
0.000750
0.000736
0.000419
0.000184
0.000480
0.000462
0.000436
-0.000587
-0.008460
-0.003713
0.000696
0.000790
0.001247
0.001182
0.001168
0.002150
-0.000945
-0.001575
0.000811
0.001359
0.001493
0.001052
-0.000171
0.000156
-0.001160
-0.000051
0.000287
0.000887
0.001003
0.001230
0.001423
0.003106
0.003495
0.004478
0.000630
0.000259
0.000468
0.000104
0.000333
-0.001880
-0.003047
0.001095
0.000809
0.000778
0.000810
0.000784
0.000801
0.000672
0.000714
0.000787
0.000730
0.000600
0.000794
0.000880
0.000780
0.000978
0.000882
0.000944
0.001090
0.001040
0.001004
0.001137
0.001112
0.000847
0.000834
0.001035
0.000943
0.000908
0.001141
0.001034
0.000825
0.000841
0.000862
0.000732
0.000732
0.000687
0.000176
0.000418
0.000224
-0.001751
-0.004072
-0.007641
-0.005191
0.003174
0.001005
0.000678
0.000493
0.003093
0.002133
0.005131
0.005389
0.006875
0.008655
0.003182
0.001829
0.000859
0.000010
0.000207
0.000255
0.000729
0.000785
0.001130
0.001788
0.002722
0.002325
0.003495
0.003544
-0.000667
0.000600
0.000066
-0.000061
-0.000234
-0.002692
-0.000829
-0.002782
0.001193
0.000780
0.000864
0.000762
0.000776
0.000842
0.000820
0.000915
0.000682
0.000654
0.000674
0.000770
0.000958
0.000872
0.000805
0.000956
0.001020
0.000992
0.001032
0.001098
0.001048
0.000693
0.000949
0.001104
0.000821
0.000776
0.000986
0.000976
0.000829
0.000788
0.000768
0.000666
0.000738
0.000758
0.000527
-0.000203
-0.003882
-0.010166
-0.006854
-0.007689
-0.002809
0.000003
0.002839
0.002486
0.005680
0.014700
0.012105
0.014248
0.012625
0.013980
0.017931
0.014878
0.005795
0.001532
0.000190
0.000738
0.000974
0.000829
0.001087
0.002473
0.003044
0.002522
0.002552
0.002733
0.000513
0.001253
0.000023
-0.000337
0.003960
0.000036
0.000535
0.002861
-0.003609
-0.001561
0.001487
0.000747
0.000885
0.000862
0.000873
0.000935
0.001033
0.000713
0.000745
0.000810
0.000829
0.000966
0.000981
0.001088
0.000977
0.000972
0.001084
0.001150
0.001053
0.000930
0.001102
0.001136
0.001004
0.000909
0.000918
0.000884
0.000963
0.000765
0.000812
0.000700
0.000516
0.000687
0.000674
0.000245
-0.000359
-0.002676
-0.001664
-0.001091
0.003675
0.001444
-0.001846
0.002173
0.003529
0.010911
0.013529
0.011739
0.012389
0.005901
0.006232
0.013762
0.016450
0.009557
0.003037
-0.000304
0.001357
0.002973
-0.006191
-0.006434
-0.001921
-0.001108
-0.001303
-0.001331
-0.002344
-0.004460
-0.008424
-0.007954
-0.007134
-0.002336
0.000513
-0.001699
-0.001391
-0.002010
-0.000868
-0.001876
0.001816
0.000948
0.000888
0.000896
0.001075
0.001223
0.000981
0.000952
0.000807
0.000702
0.001014
0.001102
0.001053
0.000968
0.001068
0.001074
0.001097
0.001144
0.001144
0.001218
0.001009
0.000882
0.000903
0.000788
0.000920
0.000840
0.000861
0.000794
0.000647
0.000518
0.000782
0.000711
0.000140
-0.001977
-0.003312
-0.000311
0.001665
0.003938
-0.006554
-0.000183
0.000252
0.000328
-0.000655
-0.001135
-0.000889
-0.001435
0.002153
0.008979
0.006238
0.006707
0.005322
0.001886
-0.000597
-0.002711
-0.004672
-0.007078
-0.007462
-0.007034
-0.007326
-0.005325
-0.008070
-0.005260
-0.006318
-0.008624
-0.014245
-0.011030
-0.011385
-0.010199
-0.003523
-0.003559
-0.002389
-0.002962
-0.003504
-0.006665
0.001411
0.001064
0.001088
0.001030
0.001097
0.000956
0.000935
0.000891
0.001077
0.001213
0.001071
0.001096
0.001113
0.001192
0.001119
0.001382
0.001244
0.001283
0.001084
0.000938
0.000884
0.000933
0.000716
0.000912
0.000955
0.000922
0.000788
0.000672
0.000548
0.000615
0.000667
0.000332
-0.002482
-0.002654
-0.001396
0.000550
-0.003319
-0.001192
0.000023
0.000103
0.000334
0.000463
0.000829
-0.000043
0.021605
0.016503
0.012664
0.003448
0.002740
0.001681
-0.000962
-0.001177
-0.002510
-0.004826
-0.006370
-0.007789
-0.007587
-0.007547
-0.007290
-0.004631
-0.009585
-0.010573
-0.008613
-0.011705
-0.010536
-0.011583
-0.014851
-0.011119
-0.004721
-0.004794
-0.006234
-0.007747
-0.005426
-0.005808
0.001433
0.001030
0.000962
0.001140
0.001170
0.000973
0.000906
0.001025
0.001103
0.001173
0.001079
0.001083
0.001154
0.001404
0.001384
0.001172
0.001192
0.001206
0.000993
0.001000
0.000963
0.000761
0.001007
0.000934
0.000878
0.000679
0.000653
0.000569
0.000718
0.000647
0.000451
-0.002502
-0.001777
0.001215
0.003640
-0.002694
-0.000092
0.000005
0.000104
0.000420
0.000285
0.000008
0.009623
0.025830
0.023256
0.014274
0.006892
0.006078
0.007127
0.002887
-0.002594
-0.003880
-0.006184
-0.007317
-0.008277
-0.007632
-0.007426
-0.006812
-0.006105
-0.004725
-0.004164
-0.011024
-0.010946
-0.010406
-0.012663
-0.018161
-0.016679
-0.009823
-0.006273
-0.005656
-0.003902
-0.004020
-0.007877
-0.005897
0.001065
0.001119
0.001213
0.001201
0.001079
0.000883
0.000907
0.001115
0.001142
0.001098
0.001044
0.001090
0.001270
0.001344
0.001255
0.001190
0.001193
0.001252
0.001033
0.000876
0.000857
0.000924
0.000937
0.000825
0.000681
0.000697
0.000540
0.000579
0.000671
0.000560
0.000269
-0.001769
0.000132
-0.003485
-0.000866
-0.000048
-0.000031
0.000079
-0.000199
-0.003189
-0.002651
-0.000344
0.016897
0.025342
0.015649
0.007447
0.006709
0.011035
0.007049
0.000193
-0.004269
-0.008724
-0.009055
-0.009504
-0.008381
-0.007635
-0.006441
-0.006089
-0.005892
-0.005408
-0.005776
-0.004411
-0.003275
-0.007794
-0.009332
-0.007585
-0.013962
-0.001894
-0.003339
-0.001530
-0.006047
-0.007978
-0.008269
-0.005467
0.000557
0.000990
0.001080
0.001161
0.001052
0.001004
0.001142
0.001048
0.001018
0.000930
0.000993
0.001061
0.001228
0.001277
0.000960
0.001245
0.001197
0.001121
0.000865
0.000849
0.000885
0.000776
0.000828
0.000689
0.000719
0.000595
0.000521
0.000637
0.000576
0.000492
0.000306
-0.000010
-0.000137
-0.000037
-0.000067
-0.000058
-0.000271
-0.002072
-0.002511
-0.002838
-0.002982
0.001991
0.019696
0.015434
0.012213
0.007726
0.012222
0.009465
0.001078
-0.006893
-0.009198
-0.009442
-0.010526
-0.008977
-0.007320
-0.006315
-0.006310
-0.005733
-0.005172
-0.006146
-0.004386
-0.003154
-0.002693
-0.002719
-0.002710
-0.000154
-0.007113
-0.001191
-0.001674
-0.006349
-0.007444
-0.007311
-0.008753
-0.006526
-0.004171
0.000739
0.001019
0.001088
0.001053
0.000881
0.000993
0.001066
0.001002
0.000992
0.001034
0.001251
0.001178
0.001279
0.001290
0.001307
0.001000
0.000932
0.000817
0.000823
0.000706
0.000830
0.000627
0.000680
0.000689
0.000653
0.000562
0.000567
0.000429
0.000185
0.000082
-0.000012
0.000075
-0.000178
-0.000153
-0.001304
-0.001599
-0.001856
-0.002489
-0.002679
-0.003463
0.002749
0.017198
0.018882
0.012749
0.012350
0.007578
-0.003300
-0.007725
-0.009424
-0.007846
-0.008152
-0.007549
-0.006592
-0.005852
-0.006066
-0.005579
-0.005369
-0.006269
-0.004839
-0.003324
-0.003204
-0.002657
-0.002096
-0.001487
-0.001685
-0.002335
-0.002854
-0.006728
-0.008310
-0.007084
-0.007558
-0.006388
-0.006019
-0.003008
0.000390
0.001048
0.001197
0.000866
0.000854
0.000968
0.000828
0.001066
0.001137
0.001273
0.001310
0.001448
0.001304
0.001154
0.001029
0.001085
0.000854
0.000829
0.000761
0.000644
0.000676
0.000635
0.000876
0.000839
0.000864
0.001223
0.000372
0.000107
0.000056
0.000052
-0.000086
-0.001231
-0.001204
-0.001227
-0.001301
-0.001537
-0.001703
-0.001847
-0.002389
-0.002853
0.012658
0.020846
0.018170
0.010855
0.007898
0.000114
-0.008795
-0.011100
-0.007884
-0.006526
-0.004805
-0.005973
-0.006626
-0.006828
-0.006367
-0.005570
-0.005636
-0.005709
-0.003232
-0.002669
-0.001939
-0.002115
-0.001870
-0.001513
-0.004957
-0.001836
-0.007809
-0.008211
-0.005995
-0.006507
-0.005808
-0.005100
-0.004930
-0.003170
-0.002381
0.001511
0.001602
0.001341
0.000943
0.001025
0.001024
0.001186
0.001294
0.001414
0.001415
0.001334
0.001281
0.001281
0.001370
0.000840
0.000829
0.000765
0.000730
0.000694
0.000789
0.000836
0.000689
0.000568
0.000469
0.000780
0.000503
0.000305
0.000141
-0.001052
-0.001294
-0.001331
-0.001308
-0.001215
-0.001291
-0.001452
-0.001838
0.000485
0.000872
0.000790
0.000734
0.002743
0.003427
0.002172
0.005039
-0.008092
-0.006933
-0.006732
-0.006054
-0.004449
-0.004391
-0.005734
-0.006623
-0.006154
-0.005992
-0.005745
-0.005309
-0.003521
-0.002126
-0.001781
-0.001823
-0.002066
-0.001716
-0.001088
-0.000434
-0.007201
-0.007126
-0.006056
-0.005556
-0.005000
-0.003892
-0.002998
-0.004053
-0.003091
0.000465
0.008436
0.005152
0.001504
0.001063
0.000889
0.001053
0.001215
0.001389
0.001360
0.001396
0.001343
0.001340
0.001263
0.000845
0.000799
0.000761
0.000748
0.000634
0.000688
0.000704
0.000598
0.000492
0.000578
0.000576
0.000323
0.000284
0.000610
0.000828
0.000680
-0.000817
-0.000462
0.000616
0.000551
0.000688
0.000621
0.000471
0.000546
0.000694
0.000843
0.000855
0.000823
0.001377
0.006926
0.010579
0.003290
-0.005414
-0.006336
-0.004311
-0.002748
-0.003763
-0.005367
-0.006449
-0.005713
-0.005664
-0.004802
-0.003602
-0.002686
-0.002510
-0.003446
-0.004127
-0.002445
-0.001350
-0.000974
-0.003979
-0.006038
-0.005279
-0.005076
-0.004014
-0.002260
-0.003129
-0.002376
0.001802
0.017385
0.014755
0.003675
0.001782
0.001082
0.001258
0.001264
0.001384
0.001359
0.001298
0.001157
0.001072
0.001207
0.001077
0.000798
0.000799
0.000725
0.000649
0.000562
0.000429
0.000486
0.000568
0.000456
0.000432
0.000763
0.000488
0.000040
0.000137
0.000519
0.000871
0.000763
0.000512
0.000622
0.000482
0.000502
0.000666
0.000539
0.000482
0.000609
0.000852
0.000759
0.000744
0.000798
-0.000159
0.008399
0.003306
0.000860
0.001101
0.004578
0.003390
0.000737
0.000320
-0.002934
-0.003871
-0.005106
-0.004968
-0.004702
-0.003104
-0.002876
-0.003362
-0.004717
-0.003651
-0.002342
-0.001563
-0.001951
-0.002838
-0.004578
-0.003287
-0.001917
-0.002110
-0.000662
0.003365
0.018388
0.009383
0.002861
0.001996
0.001852
0.001601
0.001117
0.001079
0.001278
0.001375
0.000977
0.000744
0.000860
0.001073
0.001092
0.000975
0.000745
0.000758
0.000733
0.000629
0.000664
0.000514
0.000465
0.000500
0.000341
0.000546
0.000526
-0.000044
-0.000019
0.000380
0.000775
0.000801
0.000488
0.000577
0.000487
0.000524
0.000621
0.000745
0.000726
0.000649
0.000809
0.000884
0.000647
0.000796
0.003193
0.004314
0.001089
0.001127
0.001159
0.001315
0.000862
0.001118
0.001075
0.001034
0.000972
0.001065
0.001346
0.001523
0.001312
0.000670
0.000281
-0.001298
-0.003817
-0.002679
-0.002441
-0.003208
-0.003609
-0.002236
-0.002162
-0.001534
0.001766
0.008482
0.016764
0.015739
0.002947
0.001917
0.001942
0.001754
0.001555
0.001162
0.001669
0.001772
0.001523
0.000989
0.000770
0.000730
0.001033
0.001096
0.000948
0.000896
0.000887
0.000770
0.000694
0.000594
0.000362
0.000596
0.000282
0.000351
0.000569
0.000741
0.000350
0.000073
-0.000001
0.000662
0.000801
0.000700
0.000660
0.000692
0.000679
0.000627
0.000772
0.000741
0.000698
0.000675
0.000892
0.000809
0.000878
0.002866
0.001481
0.001052
0.001076
0.001529
0.000767
0.001006
0.001324
0.001028
0.001495
0.001595
0.001616
0.001732
0.001669
0.001336
0.001370
-0.001412
0.002816
-0.003526
-0.004967
-0.004141
-0.005181
-0.005712
0.000755
-0.000461
0.005163
0.014468
0.018382
0.010424
0.004338
0.001922
0.001710
0.001687
0.001867
0.001628
0.001251
0.001647
0.001547
0.001528
0.000957
0.000638
0.000607
0.001031
0.001258
0.001179
0.000801
0.000760
0.000569
0.000493
0.000173
0.000115
0.000309
0.000663
0.000789
0.000633
0.000914
0.000705
0.000323
0.000045
0.000257
0.000338
0.000706
0.000672
0.000644
0.000739
0.000737
0.000739
0.000739
0.000677
0.000580
0.000811
0.000812
0.000788
0.001601
0.001573
0.000648
0.000731
0.001135
0.001132
0.001041
0.001405
0.001637
0.001757
0.001490
0.001728
0.001604
0.001601
0.001311
0.001240
0.001531
0.000213
-0.002723
-0.005686
-0.003988
-0.005020
-0.007044
-0.005268
0.004166
0.012213
-0.000235
0.000604
0.001190
0.001519
0.001742
0.001752
0.001651
0.001663
0.001529
0.001244
0.001227
0.001498
0.001054
0.000665
0.000654
0.000706
0.000746
0.001073
0.001310
0.000928
0.000767
0.000744
0.000384
0.000316
0.000170
0.000369
0.000429
0.000672
0.000360
0.000802
0.000796
0.000570
0.000373
0.000484
0.000368
0.000658
0.000851
0.000880
0.000806
0.000730
0.000691
0.000799
0.000865
0.000675
0.000839
0.000869
0.000646
0.001024
0.001059
0.001309
0.000946
0.001210
0.001282
0.001273
0.001386
0.001347
0.001708
0.001656
0.001571
0.001571
0.001627
0.001436
0.001187
0.001372
0.001705
0.002261
-0.000474
0.002386
-0.003894
-0.002739
0.001045
0.001945
-0.003054
0.001494
0.001604
0.001423
0.001289
0.001513
0.001637
0.001532
0.001543
0.001455
0.001376
0.000805
0.000802
0.000768
0.000449
0.000728
0.000770
0.000847
0.001167
0.001339
0.000904
0.000897
0.000896
0.000736
0.000542
0.000361
0.000610
0.000837
0.000573
0.000424
0.000514
0.000755
0.000609
0.000309
0.000471
0.000556
0.000632
0.000772
0.000827
0.000800
0.000784
0.000726
0.000896
0.000905
0.000815
0.000890
0.000947
0.000891
0.000996
0.000938
0.000929
0.000971
0.001113
0.001401
0.001393
0.001375
0.001469
0.001654
0.001658
0.001751
0.001749
0.001452
0.001272
0.001132
0.001293
0.001548
0.001805
0.001550
0.001947
0.003700
0.007853
0.005673
0.003818
0.000760
0.001516
0.001658
0.001569
0.001373
0.001463
0.001714
0.001651
0.001752
0.001691
0.001426
0.000641
0.000252
0.000653
0.000641
0.000854
0.000756
0.000898
0.001125
0.000824
0.000983
0.001059
0.000934
0.001006
0.000824
0.000963
0.000987
0.000768
0.000650
0.000613
0.000710
0.000401
0.000384
0.000616
0.000634
0.000724
0.000597
0.000567
0.000683
0.000707
0.000733
0.000791
0.000863
0.000845
0.000899
0.000987
0.001060
0.001143
0.001192
0.001008
0.001049
0.001098
0.001200
0.001584
0.001484
0.001343
0.001576
0.001728
0.001788
0.001708
0.001620
0.001545
0.001507
0.001380
0.001069
0.001231
0.001554
0.001613
0.001455
0.001526
-0.001291
-0.001404
0.000815
0.001303
0.001648
0.001860
0.001668
0.001664
0.001656
0.001633
0.001682
0.001827
0.001470
0.001349
0.001082
0.000449
0.000508
0.000785
0.000919
0.001030
0.001042
0.001029
0.001265
0.001168
0.000940
0.001041
0.000863
0.000969
0.000803
0.001055
0.001151
0.001052
0.001092
0.000563
0.000494
0.000367
0.000565
0.000625
0.000470
0.000371
0.000563
0.000647
0.000690
0.000731
0.000826
0.000952
0.000982
0.001045
0.000821
0.000898
0.001248
0.001358
0.001222
0.001185
0.001285
0.001337
0.001526
0.001524
0.001404
0.001491
0.001610
0.001416
0.001436
0.001537
0.001677
0.001630
0.001533
0.001199
0.001156
0.001603
0.001726
0.001491
0.001075
0.001419
0.001615
0.001507
0.001491
0.001792
0.001954
0.001740
0.001493
0.001696
0.001692
0.001600
0.001373
0.001424
0.001065
0.000449
0.000656
0.000932
0.000857
0.000994
0.001169
0.001009
0.001233
0.001367
0.001133
0.000926
0.000964
0.000842
0.000949
0.000983
0.001048
0.001329
0.001146
0.001174
0.000858
0.000692
0.000869
0.000608
0.000436
0.000366
0.000515
0.000514
0.000781
0.000726
0.000825
0.000792
0.000924
0.000999
0.000918
0.000726
0.000906
0.001204
0.001190
0.001242
0.001250
0.001354
0.001367
0.001468
0.001105
0.001171
0.001267
0.000937
0.001160
0.001253
0.001481
0.001627
0.001478
0.001450
0.001409
0.001291
0.001433
0.001547
0.001620
0.001474
0.001399
0.001608
0.001518
0.001481
0.001756
0.001858
0.001660
0.001530
0.001416
0.001188
0.001263
0.001351
0.001449
0.000848
0.000342
0.000323
0.000706
0.001143
0.001354
0.001170
0.001063
0.001187
0.001189
0.000831
0.001129
0.001083
0.001286
0.000905
0.000991
0.001427
0.001059
0.001176
0.001159
0.001169
0.000947
0.000830
0.001042
0.000806
0.000532
0.000568
0.000737
0.000911
0.000945
0.000896
0.000981
0.001068
0.001067
0.001082
0.000834
0.000874
0.001196
0.001294
0.001347
0.001355
0.001462
0.001371
0.001009
0.000622
0.000658
0.000837
0.001059
0.000946
0.001213
0.001439
0.001748
0.001634
0.001585
0.001427
0.001138
0.001146
0.001284
0.001305
0.001166
0.001467
0.001656
0.001651
0.001457
0.001503
0.001746
0.001578
0.001501
0.001476
0.001380
0.001461
0.001700
0.001484
0.000971
0.000705
0.000865
0.000647
0.001400
0.001299
0.001161
0.001046
0.001204
0.001238
