0.000566
0.000461
0.000409
0.000632
0.000520
0.000575
0.000938
0.000438
0.000946
0.000959
0.000926
-0.000603
0.000758
0.000699
0.000760
0.000746
0.000700
0.000721
0.000634
0.000575
0.000537
0.000700
0.000760
0.000673
0.000619
0.000539
0.000566
0.000562
0.000584
0.000569
0.000612
0.000763
0.000894
0.000758
0.000694
0.000669
0.000518
0.000414
0.000502
0.000561
0.000526
0.000461
0.000475
0.000441
0.000378
0.000378
0.000378
0.000407
0.000456
0.000461
0.000500
0.000397
0.000297
0.000300
0.000381
0.000425
0.000386
0.000319
0.000281
0.000383
0.000370
0.000304
0.000535
0.000595
0.000599
0.000344
-0.001158
0.000217
0.000220
0.000129
0.000061
0.000149
0.000195
0.000464
0.000466
0.000489
0.000465
0.000568
0.000702
0.000632
0.000634
0.000759
0.000804
0.000696
0.000715
0.000778
0.000808
0.000739
0.000692
0.000740
0.000671
0.000736
0.000741
0.000644
0.000622
0.000671
0.000695
0.000667
0.000705
0.000612
0.000651
0.000834
0.000808
0.000652
0.000649
0.000636
0.000730
0.000626
0.000517
0.000426
0.000347
0.000468
0.000441
0.000484
0.000506
0.000444
0.000453
0.000447
0.000453
0.000396
0.000371
0.000540
0.000466
0.000363
0.000469
0.000425
0.000396
0.000388
0.000497
0.000502
0.000389
0.000351
0.000401
0.000396
0.000334
0.000398
0.000336
0.000355
0.000373
0.000369
0.000444
0.000418
0.000374
0.000359
0.000346
0.000500
0.000478
0.000495
0.000504
0.000497
0.000467
0.000596
0.000656
0.000657
0.000777
0.000696
0.000677
0.000674
0.000653
0.000718
0.000669
0.000667
0.000682
0.000700
0.000667
0.000600
0.000604
0.000588
0.000576
0.000615
0.000636
0.000616
0.000591
0.000611
0.000714
0.000692
0.000613
0.000491
0.000558
0.000597
0.000603
0.000585
0.000485
0.000444
0.000476
0.000522
0.000535
0.000526
0.000482
0.000438
0.000556
0.000532
0.000432
0.000429
0.000319
0.000431
0.000425
0.000487
0.000416
0.000392
0.000389
0.000480
0.000519
0.000350
0.000338
0.000378
0.000357
0.000369
0.000472
0.000464
0.000410
0.000337
0.000339
0.000422
0.000362
0.000341
0.000298
0.000335
0.000487
0.000447
0.000505
0.000479
0.000488
0.000458
0.000517
0.000597
0.000763
0.000701
0.000724
0.000707
0.000721
0.000606
0.000733
0.000688
0.000615
0.000688
0.000650
0.000702
0.000667
0.000603
0.000588
0.000621
0.000636
0.000612
0.000602
0.000621
0.000518
0.000646
0.000671
0.000618
0.000556
0.000619
0.000669
0.000606
0.000562
0.000571
0.000430
0.000560
0.000573
0.000526
0.000513
0.000534
0.000548
0.000604
0.000565
0.000533
0.000433
0.000401
0.000347
0.000527
0.000417
0.000375
0.000303
0.000429
0.000384
0.000416
0.000340
0.000348
0.000362
0.000356
0.000420
0.000390
0.000426
0.000363
0.000389
0.000392
0.000368
0.000373
0.000339
0.000343
0.000337
0.000519
0.000488
0.000546
0.000554
0.000500
0.000521
0.000534
0.000737
0.000762
0.000760
0.000602
0.000534
0.000599
0.000603
0.000710
0.000706
0.000705
0.000585
0.000608
0.000649
0.000620
0.000607
0.000608
0.000664
0.000590
0.000673
0.000609
0.000558
0.000517
0.000643
0.000659
0.000602
0.000356
0.000592
0.000675
0.000591
0.000641
0.000623
0.000468
0.000425
0.000370
0.000443
0.000425
0.000466
0.000508
0.000605
0.000527
0.000474
0.000495
0.000536
0.000420
0.000384
0.000455
0.000383
0.000432
0.000422
0.000285
0.000325
0.000236
0.000361
0.000362
0.000345
0.000377
0.000402
0.000504
0.000425
0.000245
0.000339
0.000333
0.000279
0.000384
0.000380
0.000381
-0.002169
0.000436
0.000522
0.000536
0.000528
0.000451
0.000466
0.000562
0.000726
0.000720
0.000657
0.000447
0.000505
0.000579
0.000658
0.000740
0.000715
0.000610
0.000622
0.000592
0.000547
0.000549
0.000577
0.000609
0.000561
0.000618
0.000656
0.000587
0.000522
0.000589
0.000650
0.000645
0.000541
0.000570
0.000731
0.000647
0.000680
0.000627
0.000550
0.000443
0.000405
0.000358
0.000432
0.000420
0.000556
0.000598
0.000565
0.000481
0.000415
0.000372
0.000450
0.000459
0.000397
0.000451
0.000392
0.000413
0.000286
0.000254
0.000407
0.000343
0.000362
0.000399
0.000364
0.000445
0.000355
0.000319
0.000212
0.000280
0.000327
0.000307
0.000418
0.000382
0.000422
0.000533
0.000550
0.000483
0.000522
0.000463
0.000482
0.000394
0.000514
0.000558
0.000608
0.000498
0.000491
0.000523
0.000466
0.000616
0.000761
0.000766
0.000669
0.000577
0.000614
0.000531
0.000583
0.000595
0.000614
0.000592
0.000568
0.000586
0.000653
0.000562
0.000617
0.000694
0.000541
0.000605
0.000602
0.000596
0.000654
0.000619
0.000626
0.000512
0.000486
0.000456
0.000560
0.000496
0.000447
0.000556
0.000622
0.000598
0.000522
0.000403
0.000400
0.000405
0.000471
0.000417
0.000404
0.000376
0.000394
0.000238
0.000374
0.000402
0.000451
0.000456
0.000381
0.000310
0.000336
0.000361
0.000301
0.000404
0.000322
0.000294
0.000307
0.000405
0.000465
0.000423
0.000531
0.000514
0.000494
0.000503
0.000448
0.000354
0.000473
0.000407
0.000621
0.000669
0.000541
0.000522
0.000574
0.000522
0.000582
0.000647
0.000728
0.000729
0.000646
0.000653
0.000660
0.000640
0.000598
0.000637
0.000596
0.000579
0.000603
0.000599
0.000652
0.000634
0.000631
0.000576
0.000689
0.000652
0.000702
0.000603
0.000668
0.000695
0.000653
0.000590
0.000565
0.000619
0.000523
0.000498
0.000584
0.000586
0.000565
0.000514
0.000386
0.000456
0.000459
0.000472
0.000457
0.000417
0.000391
0.000386
0.000364
0.000343
0.000299
0.000396
0.000440
0.000350
0.000311
0.000384
0.000431
0.000430
0.000345
0.000262
0.000288
0.000273
0.000378
0.000418
0.000403
0.000355
0.000515
0.000498
0.000514
0.000340
0.000210
0.000416
0.000415
0.000562
0.000687
0.000593
0.000458
0.000536
0.000553
0.000603
0.000537
0.000561
0.000709
0.000592
0.000591
0.000652
0.000658
0.000675
0.000614
0.000610
0.000698
0.000683
0.000674
0.000666
0.000673
0.000629
0.000592
0.000591
0.000653
0.000621
0.000631
0.000632
0.000644
0.000677
0.000633
0.000556
0.000450
0.000490
0.000469
0.000569
0.000522
0.000537
0.000507
0.000413
0.000451
0.000424
0.000415
0.000428
0.000416
0.000354
0.000358
0.000394
0.000452
0.000483
0.000448
0.000435
0.000359
0.000305
0.000312
0.000276
0.000296
0.000338
0.000335
0.000398
0.000360
0.000458
0.000486
0.000425
0.001326
0.000490
0.000548
0.000553
0.000487
0.000345
0.000454
0.000512
0.000666
0.000603
0.000503
0.000537
0.000511
0.000548
0.000581
0.000582
0.000656
0.000651
0.000615
0.000592
0.000666
0.000727
0.000728
0.000665
0.000688
0.000737
0.000775
0.000745
0.000624
0.000615
0.000609
0.000607
0.000568
0.000639
0.000640
0.000651
0.000603
0.000665
0.000648
0.000627
0.000595
0.000539
0.000476
0.000463
0.000509
0.000602
0.000515
0.000568
0.000428
0.000315
0.000294
0.000426
0.000409
0.000395
0.000320
0.000399
0.000457
0.000412
0.000552
0.000517
0.000408
0.000402
0.000332
0.000359
0.000319
0.000320
0.000310
0.000414
0.000386
0.000405
0.000487
0.000465
0.000472
0.000453
0.000478
0.000490
0.000513
0.000550
0.000425
0.000544
0.000527
0.000572
0.000612
0.000561
0.000508
0.000512
0.000552
0.000501
0.000632
0.000673
0.000685
0.000675
0.000636
0.000599
0.000696
0.000675
0.000714
0.000774
0.000790
0.000809
0.000744
0.000698
0.000663
0.000604
0.000649
0.000693
0.000604
0.000674
0.000565
0.000627
0.000679
0.000598
0.000530
0.000512
0.000422
0.000473
0.000475
0.000475
0.000585
0.000559
0.000568
0.000464
0.000408
0.000300
0.000410
0.000426
0.000389
0.000379
0.000411
0.000375
0.000205
0.000467
0.000422
0.000410
0.000437
0.000453
0.000418
0.000406
0.000327
0.000389
0.000432
0.000530
0.000525
0.000566
0.000606
0.000579
0.000433
0.000456
0.000489
0.000478
0.000455
0.000427
0.000528
0.000448
0.000495
0.000597
0.000602
0.000529
0.000564
0.000555
0.000602
0.000592
0.000703
0.000696
0.000726
0.000672
0.000605
0.000634
0.000649
0.000700
0.000770
0.000776
0.000680
0.000706
0.000762
0.000698
0.000698
0.000729
0.000680
0.000656
0.000633
0.000646
0.000608
0.000598
0.000584
0.000605
0.000518
0.000435
0.000336
0.000451
0.000467
0.000526
0.000546
0.000497
0.000469
0.000361
0.000289
0.000231
0.000392
0.000442
0.000423
0.000485
0.000416
0.000447
0.000505
0.000385
0.000453
0.000420
0.000492
0.000436
0.000487
0.000486
0.000488
0.000435
0.000465
0.000496
0.000452
0.000498
0.000541
0.000395
0.000417
0.000447
0.000440
0.000406
0.000489
0.000496
0.000447
0.000453
0.000579
0.000488
0.000414
0.000483
0.000508
0.000610
0.000536
0.000627
0.000654
0.000702
0.000657
0.000629
0.000590
0.000657
0.000661
0.000713
0.000632
0.000646
0.000767
0.000670
0.000651
0.000781
0.000726
0.000745
0.000708
0.000667
0.000693
0.000668
0.000647
0.000543
0.000526
0.000518
0.000466
0.000430
0.000401
0.000435
0.000517
0.000572
0.000619
0.000526
0.000287
0.000235
0.000295
0.000344
0.000415
0.000461
0.000370
0.000370
0.000289
0.000447
0.000432
0.000432
0.000418
0.000487
0.000483
0.000433
0.000545
0.000499
0.000500
0.000507
0.000460
0.000473
0.000421
0.000646
0.000725
0.000487
0.000467
0.000495
0.000495
0.000458
0.000456
0.000493
0.000434
0.000526
0.000454
0.000549
0.000475
0.000439
0.000571
0.000569
0.000581
0.000611
0.000602
0.000620
0.000592
0.000537
0.000349
-0.000907
-0.001459
-0.001628
-0.000235
0.000391
0.000719
0.000726
0.000785
0.000772
0.000760
0.000777
0.000767
0.000681
0.000692
0.000690
0.000688
0.000622
0.000437
0.000408
0.000392
0.000398
0.000536
0.000524
0.000489
0.000329
0.000493
0.000370
0.000275
0.000312
0.000353
0.000354
0.000423
0.000503
0.000481
0.000446
0.000513
0.000420
0.000389
0.000395
0.000472
0.000579
0.000656
0.000701
0.000562
0.000470
0.000455
0.000416
0.000460
0.000549
0.000680
0.000481
0.000495
0.000407
0.000436
0.000471
0.000446
0.000440
0.000460
0.000467
0.000494
0.000519
0.000427
0.000520
0.000504
0.000540
0.000434
0.000397
0.000527
0.000582
0.000607
0.000491
0.000022
-0.005436
-0.024542
-0.028888
-0.036818
-0.029012
-0.016115
-0.002854
0.000344
0.000688
0.000739
0.000817
0.000762
0.000803
0.000770
0.000746
0.000665
0.000671
0.000539
0.000520
0.000445
0.000419
0.000381
0.000432
0.000473
0.000368
0.001402
0.000136
0.000443
0.000374
0.000329
0.000388
0.000370
0.000364
0.000482
0.000457
0.000406
0.000491
0.000475
0.000438
0.000430
0.000463
0.000600
0.000642
0.000670
0.000617
0.000533
0.000363
0.000346
0.000511
0.000530
0.000510
0.000406
0.000417
0.000418
0.000459
0.000457
0.000417
0.000406
0.000438
0.000426
0.000455
0.000497
0.000381
0.000495
0.000476
0.000507
0.000437
0.000428
0.000442
0.000501
0.000684
0.000019
-0.003538
-0.005511
-0.012381
-0.012657
-0.013563
-0.017265
-0.039891
-0.034868
-0.020125
-0.001714
0.000617
0.000776
0.000843
0.000829
0.000716
0.000728
0.000820
0.000722
0.000562
0.000468
0.000348
0.000159
0.000312
0.000403
0.000456
0.000400
0.000612
0.000230
0.000430
0.000400
0.000390
0.000406
0.000371
0.000418
0.000421
0.000463
0.000479
0.000381
0.000534
0.000531
0.000514
0.000520
0.000582
0.000594
0.000497
0.000546
0.000524
0.000419
0.000460
0.000527
0.000505
0.000660
0.000418
0.000421
0.000426
0.000463
0.000407
0.000378
0.000351
0.000426
0.000389
0.000443
0.000429
0.000453
0.000393
0.000394
0.000500
0.000442
0.000441
0.000151
0.000403
0.000585
-0.001144
-0.002273
-0.006979
-0.017802
-0.013450
-0.016959
-0.024423
-0.019250
-0.029726
-0.037944
-0.000976
0.000737
0.000707
0.000893
0.000820
0.000728
0.000696
0.000729
0.000659
0.000557
0.000446
0.000223
-0.000063
0.000223
0.000401
0.000469
0.000480
0.000118
0.000493
0.000556
0.000447
0.000382
0.000338
0.000372
0.000390
0.000351
0.000416
0.000446
0.000499
0.000453
0.000560
0.000586
0.000559
0.000565
0.000419
0.000503
0.000546
0.000587
0.000467
0.000404
0.000666
0.000704
0.000664
-0.001100
0.000454
0.000394
0.000412
0.000372
0.000355
0.000371
0.000380
0.000415
0.000498
0.000442
0.000460
0.000473
0.000446
0.000426
0.000209
0.000122
-0.001593
-0.000334
0.000823
0.000822
0.000570
0.000227
-0.000726
-0.000661
-0.000143
0.001870
-0.010339
-0.013760
-0.001950
0.000802
0.000761
0.000775
0.000802
0.001065
0.001337
0.001497
0.001320
0.000751
0.000543
0.000491
0.000364
0.000200
0.000293
0.000440
0.000415
0.000425
0.000446
0.000462
0.000495
0.000456
0.000364
0.000358
0.000391
0.000364
0.000247
0.000399
0.000519
0.000612
0.000530
0.000595
0.000493
0.000475
0.000599
0.000531
0.000559
0.000595
0.000572
0.000385
0.000538
0.000615
0.000693
0.000606
0.000586
0.000442
0.000434
0.000352
0.000294
0.000351
0.000375
0.000365
0.000400
0.000417
0.000425
0.000474
0.000372
0.000333
0.000199
-0.005676
-0.000548
0.000319
0.000616
0.000533
0.000673
0.000749
0.000705
0.000651
0.000768
0.000904
0.003839
-0.002497
-0.002232
0.001642
0.001086
0.000945
0.000881
0.000528
0.008511
0.014385
0.016919
0.012336
0.003405
0.001291
0.000584
0.000462
0.000367
0.000354
0.000415
0.000430
0.000386
0.000449
0.000406
0.000444
0.000422
0.000374
0.000403
0.000425
0.000419
0.000278
0.000343
0.000517
0.000512
0.000651
0.000610
0.000586
0.000487
0.000546
0.000563
0.000625
0.000688
0.000694
0.000628
0.000757
0.000621
0.000675
0.000641
0.000553
0.000421
0.000363
0.000306
0.000282
0.000282
0.000321
0.000354
0.000405
0.000376
0.000311
0.000401
0.000392
0.000287
-0.004036
-0.001137
-0.000447
0.000201
0.000521
0.000440
0.000591
0.000662
0.000871
0.000845
0.000841
0.001197
-0.001289
-0.002754
0.006247
0.008113
0.011936
0.012304
0.013634
0.012967
0.017549
0.018600
0.020626
0.021046
0.021787
0.011371
0.002123
0.000530
0.000442
0.000451
0.000391
0.000462
0.000512
0.000422
0.000445
0.000488
0.000405
0.000374
0.000378
0.000362
0.000365
0.000260
0.000275
0.000424
0.000483
0.000592
0.000619
0.000508
0.000561
0.000602
0.000687
0.000677
0.000754
0.000784
0.000638
0.000743
0.000639
0.000748
0.000732
0.000611
0.000411
0.000362
0.000302
0.000301
0.000262
0.000369
0.000352
0.000316
0.000378
0.000266
0.000364
0.000628
-0.000883
-0.012371
-0.002657
-0.006022
-0.000415
0.000371
0.000469
0.000589
0.000740
0.000899
0.001051
0.001018
-0.000572
-0.002011
-0.000935
0.005538
0.009938
0.017821
0.013667
0.010749
0.011336
0.013231
0.016641
0.018652
0.019760
0.022599
0.017029
0.007731
0.000796
0.000309
0.000524
0.000445
0.000485
0.000495
0.000508
0.000484
0.000429
0.000432
0.000442
0.000379
0.000401
0.000381
0.000358
0.000274
0.000439
0.000546
0.000613
0.000615
0.000513
0.000579
0.000652
0.000708
0.000621
0.000720
0.000702
0.000559
0.000594
0.000702
0.000828
0.000756
-0.000596
0.000409
0.000333
0.000306
0.000302
0.000333
0.000335
0.000343
0.000297
0.000325
0.000253
0.000310
0.000177
-0.000743
-0.013167
0.003204
-0.005918
-0.000536
0.000588
0.000607
0.000685
0.000866
0.000660
0.004217
0.003476
0.001338
-0.001271
-0.002560
0.001919
0.005645
0.008567
0.009343
0.010161
0.009773
0.010876
0.012493
0.013647
0.016814
0.015974
0.013870
0.009753
0.000026
-0.000113
0.002892
0.000794
0.000942
0.000489
0.000485
0.000500
0.000459
0.000442
0.000450
0.000491
0.000447
0.000467
0.000497
0.000386
0.000456
0.000617
0.000583
0.000524
0.000649
0.000632
0.000798
0.000708
0.000721
0.000726
0.000571
0.000605
0.000675
0.000810
0.000717
0.000819
0.000798
0.000370
0.000341
0.000315
0.000258
0.000288
0.000318
0.000327
0.000272
0.000272
0.000248
0.000209
0.000181
-0.000145
-0.007120
-0.000177
-0.003960
-0.000556
0.000678
0.000596
0.000785
0.000542
0.004854
0.006227
0.011998
0.008845
0.005549
0.003504
0.002194
0.002261
0.001252
0.001631
0.002532
0.002302
0.004181
0.003498
0.006872
0.011485
0.011384
0.014242
0.013579
0.000035
0.002183
0.003921
0.001236
0.004329
0.001705
0.000562
0.000496
0.000464
0.000473
0.000466
0.000478
0.000440
0.000423
0.000475
0.000535
0.000498
0.000630
0.000643
0.000621
0.000581
0.000686
0.000743
0.000599
0.000859
0.000835
0.000775
0.000740
0.000763
0.000661
0.000620
0.000712
0.000725
0.000333
0.000304
0.000282
0.000273
0.000243
0.000288
0.000285
0.000283
0.000245
0.000190
0.000207
0.000197
0.000190
-0.002720
-0.011172
0.013345
0.000505
0.000613
0.000526
0.000582
0.009756
0.015144
0.014824
0.020650
0.016331
0.008348
0.006405
0.000034
0.001494
0.001268
0.000821
0.000529
-0.000592
-0.000598
-0.000407
0.002966
0.004915
0.005603
0.006277
0.007618
0.000790
0.002135
0.002165
0.003147
0.002402
0.007842
0.001559
0.000613
0.000384
0.000537
0.000366
0.000565
0.000467
0.000384
0.000552
0.000603
0.000491
0.000617
0.000685
0.000686
0.000569
0.000719
0.000659
0.000653
0.000591
0.000852
0.000867
0.000864
0.000679
0.000559
0.000669
0.000691
0.000799
0.000372
0.000318
0.000298
0.000295
0.000218
0.000243
0.000253
0.000227
0.000206
0.000172
0.000146
0.000149
0.000162
-0.001309
-0.009855
0.009587
0.002288
0.000304
0.003674
0.009281
0.016534
0.026015
0.028805
0.027376
0.022065
0.013121
0.006960
0.003588
0.001701
0.000918
0.000913
0.000408
-0.000716
-0.000613
-0.000461
0.002000
0.001250
0.001535
0.000452
0.001130
0.000567
-0.006137
-0.000561
0.002536
0.002052
0.006593
0.007076
0.001313
0.000493
0.000423
0.000555
0.000468
0.000528
0.000454
0.000585
0.000456
0.000513
0.000618
0.000664
0.000595
0.000800
0.000695
0.000696
0.000756
0.000676
0.000795
0.000816
0.000959
0.000842
0.000664
0.000648
0.000801
0.000898
0.000376
0.000359
0.000308
0.000296
0.000225
0.000180
0.000198
0.000239
0.000200
0.000148
0.000120
0.000126
0.000106
-0.000378
-0.002939
0.002888
0.001534
0.008133
0.013326
0.018244
0.023599
0.031144
0.034976
0.032358
0.023706
0.015039
0.008119
0.001083
-0.002111
0.001208
0.001966
-0.000376
-0.000663
-0.000321
0.000944
-0.001335
0.000681
-0.001066
-0.002316
-0.000417
-0.000579
-0.003087
0.000513
0.002556
0.001860
0.003160
0.002449
-0.004129
0.000890
0.000288
0.000462
0.000514
0.000598
0.000423
0.000452
0.000384
0.000513
0.000578
0.000701
0.000737
0.000778
0.000746
0.000735
0.000870
0.000621
0.000844
0.000877
0.000861
0.000847
0.000874
0.000699
0.000747
0.000866
0.000455
0.000408
0.000276
0.000254
0.000170
0.000197
0.000177
0.000194
0.000142
0.000100
0.000070
0.000042
-0.000075
-0.000133
0.000178
0.002983
0.005734
0.008993
0.013334
0.008481
0.003082
0.011070
0.019716
0.016338
0.014422
0.011084
0.007694
0.004195
0.002242
0.001726
-0.001375
-0.005687
-0.005255
-0.002587
-0.000533
-0.001700
-0.011809
-0.002600
-0.003473
-0.005567
-0.008793
-0.010524
0.000468
0.001781
0.001064
-0.000456
-0.001931
-0.003287
-0.004470
0.000635
0.000541
0.000524
0.000563
0.000597
0.000439
0.000627
0.000564
0.000554
0.000694
0.000749
0.000750
0.000917
0.000882
0.000754
0.000759
0.000758
0.000804
0.000958
0.000882
0.000824
0.000893
0.000896
0.000987
0.000506
0.000415
0.000277
0.000214
0.000176
0.000164
0.000193
0.000175
0.000135
0.000088
0.000064
0.000013
-0.000021
-0.000032
0.000002
0.001045
-0.002035
-0.003710
-0.003589
-0.000998
-0.001227
-0.001410
0.001838
0.022453
0.009317
0.001639
-0.002324
-0.003905
-0.003451
-0.003870
-0.005336
-0.007020
-0.008443
-0.005755
-0.004075
-0.002384
-0.012065
-0.005692
-0.004110
-0.004676
-0.014090
-0.014453
-0.015172
-0.016753
-0.003521
-0.001636
-0.008048
-0.007045
-0.004815
-0.005322
0.001669
0.000606
0.000736
0.000706
0.000372
0.000620
0.000708
0.000567
0.000588
0.000834
0.000826
0.000777
0.000906
0.000967
0.000902
0.000798
0.000859
0.000840
0.000884
0.000851
0.000877
0.000961
0.001011
0.000611
0.000483
0.000339
0.000215
0.000184
0.000176
0.000200
0.000152
0.000127
0.000093
0.000047
0.000012
-0.000010
-0.000052
-0.000032
-0.000103
-0.000224
-0.000274
-0.000247
-0.000039
0.000869
0.027663
0.026857
0.021160
0.008889
0.009177
-0.000566
-0.004140
-0.003918
-0.008055
-0.007557
-0.009571
-0.009580
-0.008048
-0.005322
-0.005644
-0.008974
-0.008590
-0.009540
-0.011557
-0.016514
-0.013323
-0.016203
-0.019769
-0.018300
-0.007946
-0.006408
-0.011234
-0.007291
-0.004734
-0.007834
0.001566
0.000709
0.000799
0.000614
0.000593
0.000642
0.000657
0.000726
0.000813
0.000825
0.000750
0.000794
0.000880
0.000914
0.000980
0.001045
0.001011
0.001059
0.000995
0.000925
0.000905
0.000841
0.000538
0.000542
0.000459
0.000252
0.000183
0.000197
0.000191
0.000137
0.000121
0.000107
0.000040
0.000013
-0.000030
-0.000061
-0.000080
-0.000108
-0.000144
-0.000169
-0.000167
-0.000165
0.017126
0.032771
0.028982
0.020285
0.013277
0.010800
0.002232
-0.004032
-0.005295
-0.008767
-0.009971
-0.010726
-0.009699
-0.008122
-0.004944
-0.007463
-0.009455
-0.015200
-0.010899
-0.009658
-0.012073
-0.014808
-0.014353
-0.020864
-0.020480
-0.019868
-0.008639
-0.007783
-0.004828
-0.006937
-0.011290
-0.008751
0.001564
0.000846
0.000804
0.000432
0.000560
0.000305
0.000537
0.000583
0.000761
0.000804
0.000834
0.000879
0.000957
0.001100
0.001063
0.001048
0.001104
0.001127
0.001076
0.000864
0.000690
0.000632
0.000510
0.000451
0.000275
0.000192
0.000155
0.000122
0.000114
0.000119
0.000094
0.000091
0.000028
-0.000018
-0.000073
-0.000112
-0.000158
-0.000208
-0.000263
-0.000564
-0.000385
0.003746
0.026135
0.031198
0.021715
0.016228
0.015460
0.009701
-0.001987
-0.005041
-0.010646
-0.012400
-0.013479
-0.007057
-0.007143
-0.006919
-0.007097
-0.007858
-0.010515
-0.008735
-0.006818
-0.006555
-0.009286
-0.010723
-0.011958
-0.012547
-0.021282
-0.005195
-0.005570
-0.005888
-0.010161
-0.010087
-0.010929
-0.008142
0.000542
0.000704
0.000562
0.000301
0.000311
0.000484
0.000670
0.000754
0.000840
0.001004
0.000964
0.000970
0.001017
0.000983
0.001069
0.001063
0.000916
0.000925
0.000873
0.000659
0.000720
0.000561
0.000494
0.000203
0.000198
0.000174
0.000106
0.000093
0.000101
0.000065
0.000083
0.000012
-0.000031
-0.000091
-0.000132
-0.000190
-0.000248
-0.000374
-0.000483
-0.000627
-0.000910
0.005402
0.020617
0.023841
0.016011
0.013146
0.010140
0.002044
-0.002613
-0.011864
-0.013822
-0.013189
-0.007179
-0.007660
-0.008516
-0.006977
-0.007304
-0.008519
-0.006442
-0.008471
-0.010339
-0.014481
-0.013206
-0.009898
-0.008557
-0.003134
-0.017404
-0.005396
-0.007982
-0.009085
-0.008848
-0.010846
-0.010390
-0.007909
-0.004188
0.000690
0.000408
0.000569
0.000324
0.000722
0.000806
0.000991
0.000917
0.000928
0.000907
0.000998
0.001017
0.001050
0.000834
0.000895
0.000939
0.000796
0.000787
0.000850
0.000727
0.000540
0.000290
0.000150
0.000189
0.000118
0.000074
0.000076
0.000071
0.000048
0.000001
-0.000008
-0.000100
-0.000119
-0.000336
-0.000416
-0.000536
-0.000482
-0.000550
-0.000659
-0.000131
0.007215
0.014804
0.012872
0.012618
0.008173
0.002778
-0.000716
-0.011660
-0.016737
-0.014281
-0.010633
-0.009981
-0.009982
-0.008916
-0.009714
-0.010631
-0.010484
-0.010138
-0.013106
-0.016112
-0.014278
-0.010603
-0.010121
-0.007800
-0.003500
-0.006305
-0.007286
-0.008808
-0.007473
-0.007500
-0.008632
-0.007855
-0.006682
-0.002971
0.000587
0.000613
0.000390
0.000654
0.000792
0.000856
0.000904
0.000888
0.000831
0.001012
0.000890
0.000866
0.000885
0.000925
0.000968
0.000910
0.000832
0.000885
0.000629
0.000617
0.000515
0.000667
0.000729
0.000686
0.000676
0.000987
0.000030
-0.000014
-0.000053
-0.000026
-0.000412
-0.000395
-0.000421
-0.000467
-0.000529
-0.000675
-0.000714
-0.000702
-0.000697
-0.000246
0.008710
0.005869
0.009019
0.006443
0.006453
0.001724
-0.008495
-0.014316
-0.015134
-0.012671
-0.008641
-0.007602
-0.009806
-0.009680
-0.009631
-0.012010
-0.014885
-0.014288
-0.014753
-0.013400
-0.010873
-0.012550
-0.011914
-0.009457
-0.002310
-0.005690
-0.008131
-0.007333
-0.006035
-0.005636
-0.005965
-0.005320
-0.004181
-0.002350
-0.000967
0.000845
0.000807
0.001062
0.000825
0.000801
0.000790
0.000891
0.000901
0.000913
0.000872
0.000989
0.001065
0.000986
0.000954
0.000957
0.000781
0.000843
0.000640
0.000567
0.000560
0.000739
0.000691
0.000676
0.000567
0.000584
0.000517
0.000528
-0.000059
-0.000362
-0.000359
-0.000398
-0.000317
-0.000363
-0.000425
-0.000562
-0.000536
0.000675
0.000808
0.000795
0.001728
0.001911
0.000999
0.000075
0.000751
-0.009187
-0.012388
-0.013651
-0.012213
-0.011961
-0.009342
-0.009478
-0.010469
-0.011183
-0.012033
-0.015315
-0.019198
-0.014747
-0.012977
-0.011911
-0.013769
-0.012284
-0.009524
-0.005435
-0.004027
-0.008807
-0.007777
-0.006021
-0.003766
-0.002148
-0.001379
0.000584
0.001542
0.002412
0.004615
0.006356
0.004635
0.001513
0.001090
0.000882
0.000770
0.000918
0.000958
0.000918
0.001116
0.001071
0.001023
0.001045
0.001023
0.000755
0.000854
0.000623
0.000545
0.000552
0.000692
0.000685
0.000577
0.000535
0.000569
0.000618
0.000640
0.000714
0.000766
0.000767
-0.000236
0.000554
0.000830
0.000626
0.000610
0.000645
0.000649
0.000585
0.000578
0.000542
0.000555
0.000410
0.000409
-0.000615
0.000449
0.000601
-0.009760
-0.009758
-0.009884
-0.011603
-0.009763
-0.008989
-0.009837
-0.012539
-0.015487
-0.016778
-0.016033
-0.013399
-0.013335
-0.013796
-0.013502
-0.011386
-0.008766
-0.004732
-0.003680
-0.005716
-0.002230
-0.000796
0.002155
0.005474
0.010316
0.009775
0.012795
0.014527
0.013324
0.010664
0.005668
0.001194
0.001066
0.001079
0.000840
0.001087
0.001054
0.001195
0.001092
0.001199
0.001266
0.001080
0.000654
0.000808
0.000740
0.000562
0.000623
0.000663
0.000743
0.000641
0.000637
0.000646
0.000599
0.000474
0.000511
0.000598
0.000727
0.000524
0.000484
0.000569
0.000385
0.000440
0.000461
0.000537
0.000524
0.000610
0.000555
0.000375
0.000341
0.000450
0.000333
-0.000564
0.000242
0.000367
0.000315
0.000665
0.000614
0.000395
0.000454
-0.005029
-0.009127
-0.012935
-0.014079
-0.013138
-0.013932
-0.014125
-0.016691
-0.015052
-0.012736
-0.011243
-0.005621
-0.003258
0.000211
0.006394
0.009932
0.008651
0.012995
0.019006
0.018809
0.021307
0.016583
0.006167
0.002888
0.001780
0.001529
0.001088
0.001104
0.000758
0.001262
0.001255
0.001296
0.001208
0.001232
0.001126
0.001058
0.000589
0.000850
0.000852
0.000714
0.000719
0.000697
0.000758
0.000699
0.000601
0.000630
0.000722
0.000758
0.000684
0.000719
0.000754
0.000665
0.000316
0.000550
0.000276
0.000243
0.000232
0.000407
0.000532
0.000505
0.000403
0.000197
0.000271
0.000358
0.000361
0.000293
0.000459
0.000672
0.000933
0.001031
0.001352
0.001278
0.001066
0.000947
0.000655
0.000553
0.000630
0.000559
0.000231
0.001357
-0.012797
-0.015756
-0.009704
-0.006281
-0.004065
-0.004865
-0.004910
0.009262
0.012198
0.009637
0.013966
0.018820
0.020631
0.015988
0.002934
0.001748
0.001553
0.001362
0.001527
0.001590
0.000908
0.001160
0.001467
0.001571
0.001246
0.001188
0.001307
0.001242
0.000962
0.000670
0.000753
0.000950
0.000869
0.000718
0.000732
0.000804
0.000749
0.000712
0.000678
0.000843
0.000866
0.000978
0.000939
0.000861
0.000784
0.000604
0.000469
0.000418
0.000328
0.000320
0.000348
0.000357
0.000376
0.000295
0.000230
0.000136
0.000175
0.000423
0.000363
0.000434
0.000698
0.000937
0.001082
0.001475
0.001506
0.001197
0.001127
0.000963
0.001068
0.000999
0.001305
0.001393
0.001629
0.002184
-0.012421
-0.010017
-0.008397
-0.005940
-0.005972
-0.007372
0.008526
0.011142
0.013567
0.016379
0.012851
0.007847
0.003104
0.001741
0.001493
0.001324
0.001248
0.001236
0.001200
0.000518
0.001148
0.001427
0.001350
0.001173
0.001244
0.001268
0.001127
0.000860
0.000649
0.000739
0.000985
0.000910
0.000692
0.000721
0.000815
0.000799
0.000709
0.000811
0.000855
0.000881
0.000926
0.000863
0.000752
0.000819
0.000700
0.000645
0.000594
0.000558
0.000363
0.000264
0.000326
0.000223
0.000339
0.000381
0.000158
0.000223
0.000351
0.000467
0.000584
0.000734
0.001007
0.001219
0.001440
0.001573
0.001530
0.001108
0.000675
0.000952
0.000928
0.001220
0.001340
0.001470
0.001517
0.002535
-0.008997
-0.008601
-0.006270
-0.007555
-0.007853
-0.004451
0.002769
0.006804
0.002468
0.002137
0.001904
0.001710
0.001778
0.001643
0.001464
0.001212
0.001015
0.000652
0.000567
0.000823
0.001196
0.001307
0.001363
0.001349
0.001376
0.001072
0.000481
0.000666
0.000629
0.000853
0.001045
0.000847
0.000687
0.000844
0.000930
0.000748
0.000756
0.000776
0.000836
0.001041
0.000917
0.000706
0.000828
0.000757
0.000789
0.000739
0.000580
0.000492
0.000370
0.000430
0.000295
0.000532
0.000486
0.000327
0.000253
0.000437
0.000537
0.000641
0.000710
0.000936
0.001190
0.001507
0.001549
0.001451
0.000848
0.000382
0.000776
0.000955
0.001189
0.001604
0.001510
0.001450
0.001448
0.001956
-0.002620
-0.004190
-0.001802
-0.001910
0.000258
0.001929
0.000687
0.001524
0.001569
0.001530
0.001664
0.001750
0.001583
0.001586
0.001167
0.000762
0.000920
0.000644
0.001000
0.001180
0.001438
0.001527
0.001281
0.001086
0.000962
0.000381
0.000673
0.000658
0.000850
0.000992
0.000915
0.000707
0.000791
0.000912
0.000699
0.000715
0.000756
0.000793
0.000946
0.001015
0.000828
0.000801
0.000796
0.000508
0.000754
0.000618
0.000472
0.000447
0.000373
0.000331
0.000578
0.000605
0.000292
0.000482
0.000679
0.000634
0.000733
0.000705
0.000878
0.001067
0.001404
0.001486
0.001291
0.000914
0.000236
0.000673
0.001114
0.001173
0.001499
0.001719
0.001576
0.001381
0.001094
0.001476
0.003721
0.003838
0.001393
0.001843
0.002716
-0.001029
0.001286
0.001644
0.001407
0.001303
0.001621
0.001555
0.001633
0.001218
0.000786
0.000750
0.000934
0.000867
0.001256
0.001292
0.001490
0.001500
0.001010
0.000646
0.000496
0.000888
0.000834
0.000861
0.000962
0.000995
0.000865
0.000934
0.000897
0.000769
0.000735
0.000637
0.000583
0.000711
0.000991
0.000831
0.000712
0.000755
0.000726
0.000631
0.000551
0.000685
0.000529
0.000483
0.000594
0.000711
0.000747
0.000671
0.000566
0.000816
0.000861
0.000858
0.000729
0.000743
0.000894
0.001270
0.001529
0.001319
0.001049
0.000619
0.000919
0.001057
0.001271
0.001550
0.001701
0.001712
0.001392
0.001285
0.001217
0.001002
0.000771
0.001648
0.003788
-0.001903
0.001038
0.001299
0.001454
0.001267
0.001512
0.001646
0.001695
0.001604
0.001870
0.001351
0.000983
0.000830
0.000901
0.001204
0.001315
0.001531
0.001565
0.001439
0.001013
0.000747
0.000876
0.000883
0.000795
0.000874
0.001037
0.000976
0.000824
0.000814
0.000779
0.000788
0.000551
0.000569
0.000560
0.000666
0.000454
0.000467
0.000660
0.000840
0.000829
0.000724
0.000605
0.000643
0.000591
0.000672
0.000713
0.000896
0.000936
0.001006
0.001066
0.000994
0.000942
0.000792
0.000808
0.000978
0.001424
0.001521
0.001381
0.001300
0.000712
0.000959
0.001182
0.001313
0.001453
0.001379
0.001459
0.001301
0.001432
0.001356
0.000853
0.000798
0.000953
-0.000053
0.001393
0.001317
0.001637
0.001859
0.001544
0.001453
0.001831
0.001816
0.001748
0.001687
0.001215
0.001242
0.001486
0.001064
0.001336
0.001386
0.001408
0.001459
0.001483
0.001169
0.000863
0.000574
0.000899
0.000731
0.000766
0.001082
0.001120
0.000785
0.000664
0.000806
0.000710
0.000561
0.000573
0.000591
0.000598
0.000455
0.000411
0.000594
0.000691
0.000769
0.000485
0.000592
0.000594
0.000750
0.000753
0.000712
0.000930
0.000824
0.000777
0.001004
0.000951
0.000914
0.000921
0.000963
0.001016
0.001191
0.001392
0.001178
0.001086
0.000594
0.000545
0.000843
0.001018
0.001277
0.001533
0.001411
0.001357
0.001454
0.001388
0.001007
0.000793
0.000983
0.001557
0.001802
0.002038
0.001865
0.001573
0.001639
0.001454
0.001555
0.001800
0.001722
0.001593
0.001722
0.001539
0.001500
0.001210
0.001384
0.001290
0.001574
0.001670
0.001620
0.001393
0.001161
0.000818
0.000867
0.000791
0.000861
0.000887
0.001121
0.001117
0.000828
0.000843
0.001116
0.000860
0.000588
0.000683
0.000637
0.000577
0.000504
0.000495
0.000596
0.000738
0.000686
0.000609
0.000804
0.000854
0.000873
0.000897
0.000741
0.001072
0.000882
0.000816
0.001005
0.000981
0.000947
0.000977
0.000821
0.000920
0.001245
0.001090
0.001075
0.001154
0.000634
0.000747
0.000783
0.001440
0.001616
0.001161
0.001502
0.001727
0.001809
0.001069
0.000594
0.000807
0.001733
0.002091
0.002018
0.001930
0.001795
0.001682
0.001693
0.001653
0.001621
0.001674
0.001881
0.001899
0.001596
0.001195
0.001376
0.001434
0.001499
0.001584
0.001692
0.001597
0.001460
0.001156
