-0.000527
-0.000571
-0.000554
0.000632
-0.000582
-0.000743
-0.000843
0.000438
-0.000945
-0.000929
-0.000776
-0.000603
-0.000757
-0.000818
-0.000914
-0.000805
-0.000826
-0.000872
-0.000907
-0.000881
-0.000894
-0.000853
-0.000814
-0.000876
-0.000827
-0.000890
-0.000892
-0.000821
-0.000859
-0.000909
-0.000809
-0.000715
-0.000609
-0.000630
-0.000652
-0.000663
-0.000652
-0.000602
-0.000671
-0.000655
-0.000629
-0.000637
-0.000694
-0.000712
-0.000768
-0.000826
-0.000727
-0.000707
-0.000655
-0.000667
-0.000664
-0.000793
-0.000776
-0.000748
-0.000747
-0.000672
-0.000634
-0.000637
-0.000819
-0.000859
-0.000761
-0.000557
-0.000258
0.000001
0.000187
0.000180
-0.001158
0.000173
0.000235
0.000132
0.000061
0.000133
0.000195
-0.000440
-0.000545
-0.000537
-0.000632
-0.000650
-0.000732
-0.000824
-0.000799
-0.000855
-0.000881
-0.000844
-0.000877
-0.000895
-0.000837
-0.000828
-0.000885
-0.000874
-0.000815
-0.000774
-0.000709
-0.000789
-0.000823
-0.000795
-0.000774
-0.000779
-0.000811
-0.000802
-0.000747
-0.000744
-0.000774
-0.000745
-0.000715
-0.000633
-0.000572
-0.000631
-0.000569
-0.000650
-0.000667
-0.000589
-0.000703
-0.000602
-0.000675
-0.000772
-0.000674
-0.000713
-0.000706
-0.000784
-0.000820
-0.000742
-0.000708
-0.000769
-0.000684
-0.000663
-0.000687
-0.000755
-0.000762
-0.000596
-0.000602
-0.000682
-0.000741
-0.000651
-0.000656
-0.000666
-0.000746
-0.000639
-0.000639
-0.000659
-0.000719
-0.000773
-0.000831
-0.000677
-0.000842
-0.000520
-0.000425
-0.000500
-0.000584
-0.000658
-0.000769
-0.000745
-0.000831
-0.000791
-0.000833
-0.000892
-0.000770
-0.000697
-0.000766
-0.000766
-0.000793
-0.000776
-0.000769
-0.000856
-0.000795
-0.000804
-0.000815
-0.000741
-0.000804
-0.000756
-0.000771
-0.000759
-0.000726
-0.000738
-0.000748
-0.000780
-0.000745
-0.000703
-0.000659
-0.000670
-0.000644
-0.000627
-0.000630
-0.000682
-0.000633
-0.000610
-0.000650
-0.000701
-0.000665
-0.000737
-0.000708
-0.000740
-0.000795
-0.000779
-0.000711
-0.000731
-0.000712
-0.000670
-0.000678
-0.000686
-0.000705
-0.000714
-0.000706
-0.000671
-0.000687
-0.000742
-0.000690
-0.000652
-0.000765
-0.000733
-0.000619
-0.000675
-0.000678
-0.000708
-0.000751
-0.000792
-0.000806
-0.000830
-0.000697
-0.000417
-0.000496
-0.000571
-0.000621
-0.000681
-0.000735
-0.000811
-0.000778
-0.000760
-0.000865
-0.000796
-0.000746
-0.000746
-0.000720
-0.000644
-0.000633
-0.000766
-0.000804
-0.000830
-0.000820
-0.000741
-0.000721
-0.000735
-0.000728
-0.000735
-0.000753
-0.000704
-0.000655
-0.000752
-0.000782
-0.000593
-0.000796
-0.000715
-0.000673
-0.000655
-0.000645
-0.000626
-0.000730
-0.000695
-0.000707
-0.000560
-0.000630
-0.000648
-0.000666
-0.000784
-0.000618
-0.000690
-0.000780
-0.000765
-0.000559
-0.000489
-0.000527
-0.000694
-0.000633
-0.000707
-0.000721
-0.000660
-0.000620
-0.000647
-0.000709
-0.000687
-0.000716
-0.000583
-0.000730
-0.000631
-0.000654
-0.000661
-0.000708
-0.000718
-0.000756
-0.000869
-0.000801
-0.000638
-0.000359
-0.000423
-0.000555
-0.000629
-0.000677
-0.000719
-0.000792
-0.000785
-0.000639
-0.000741
-0.000754
-0.000763
-0.000757
-0.000683
-0.000644
-0.000527
-0.000677
-0.000724
-0.000803
-0.000774
-0.000726
-0.000715
-0.000721
-0.000678
-0.000696
-0.000683
-0.000714
-0.000665
-0.000728
-0.000678
-0.000754
-0.000755
-0.000706
-0.000665
-0.000626
-0.000569
-0.000545
-0.000622
-0.000734
-0.000712
-0.000717
-0.000678
-0.000668
-0.000667
-0.000785
-0.000637
-0.000604
-0.000737
-0.000703
-0.000685
-0.000637
-0.000730
-0.000698
-0.000686
-0.000528
-0.000563
-0.000551
-0.000539
-0.000560
-0.000622
-0.000612
-0.000607
-0.000715
-0.000731
-0.000723
-0.000721
-0.000670
-0.000763
-0.000777
-0.000777
-0.000806
-0.000785
-0.002169
-0.000334
-0.000352
-0.000480
-0.000550
-0.000631
-0.000727
-0.000766
-0.000594
-0.000704
-0.000774
-0.000783
-0.000708
-0.000746
-0.000730
-0.000655
-0.000697
-0.000677
-0.000779
-0.000867
-0.000805
-0.000719
-0.000751
-0.000776
-0.000674
-0.000709
-0.000689
-0.000716
-0.000737
-0.000675
-0.000671
-0.000689
-0.000688
-0.000681
-0.000610
-0.000648
-0.000530
-0.000527
-0.000587
-0.000692
-0.000689
-0.000496
-0.000609
-0.000717
-0.000798
-0.000838
-0.000701
-0.000574
-0.000577
-0.000536
-0.000598
-0.000722
-0.000734
-0.000555
-0.000565
-0.000587
-0.000557
-0.000525
-0.000487
-0.000545
-0.000606
-0.000599
-0.000590
-0.000759
-0.000608
-0.000581
-0.000707
-0.000730
-0.000733
-0.000759
-0.000812
-0.000826
-0.000820
-0.000743
-0.000288
-0.000352
-0.000455
-0.000617
-0.000589
-0.000705
-0.000727
-0.000654
-0.000700
-0.000724
-0.000701
-0.000743
-0.000752
-0.000830
-0.000699
-0.000669
-0.000659
-0.000745
-0.000692
-0.000830
-0.000799
-0.000796
-0.000655
-0.000654
-0.000680
-0.000647
-0.000660
-0.000694
-0.000747
-0.000661
-0.000702
-0.000797
-0.000792
-0.000678
-0.000602
-0.000561
-0.000575
-0.000579
-0.000585
-0.000679
-0.000745
-0.000714
-0.000690
-0.000785
-0.000803
-0.000664
-0.000557
-0.000576
-0.000645
-0.000643
-0.000722
-0.000651
-0.000521
-0.000553
-0.000459
-0.000445
-0.000528
-0.000604
-0.000643
-0.000600
-0.000536
-0.000648
-0.000734
-0.000734
-0.000719
-0.000746
-0.000726
-0.000710
-0.000772
-0.000781
-0.000840
-0.000850
-0.000790
-0.000296
-0.000337
-0.000470
-0.000602
-0.000588
-0.000567
-0.000512
-0.000589
-0.000577
-0.000656
-0.000731
-0.000692
-0.000712
-0.000760
-0.000676
-0.000767
-0.000771
-0.000896
-0.000819
-0.000907
-0.000857
-0.000745
-0.000715
-0.000664
-0.000717
-0.000703
-0.000695
-0.000709
-0.000715
-0.000654
-0.000720
-0.000760
-0.000800
-0.000686
-0.000580
-0.000588
-0.000569
-0.000543
-0.000579
-0.000622
-0.000703
-0.000660
-0.000657
-0.000717
-0.000657
-0.000645
-0.000510
-0.000538
-0.000640
-0.000650
-0.000641
-0.000621
-0.000529
-0.000488
-0.000481
-0.000488
-0.000563
-0.000577
-0.000579
-0.000578
-0.000628
-0.000699
-0.000734
-0.000792
-0.000755
-0.000710
-0.000693
-0.000714
-0.000776
-0.000789
-0.000830
-0.000827
-0.000816
-0.000329
-0.000301
-0.000430
-0.000613
-0.000560
-0.000470
-0.000600
-0.000643
-0.000462
-0.000613
-0.000688
-0.000689
-0.000642
-0.000602
-0.000682
-0.000739
-0.000716
-0.000819
-0.000854
-0.000849
-0.000793
-0.000716
-0.000707
-0.000697
-0.000725
-0.000716
-0.000714
-0.000700
-0.000633
-0.000658
-0.000666
-0.000659
-0.000724
-0.000754
-0.000602
-0.000583
-0.000567
-0.000535
-0.000548
-0.000573
-0.000645
-0.000585
-0.000617
-0.000638
-0.000593
-0.000587
-0.000650
-0.000519
-0.000536
-0.000543
-0.000534
-0.000529
-0.000574
-0.000518
-0.000459
-0.000568
-0.000573
-0.000596
-0.000610
-0.000646
-0.000704
-0.000729
-0.000662
-0.000801
-0.000677
-0.000660
-0.000746
-0.000724
-0.000800
-0.000829
-0.000833
-0.000850
0.001326
-0.000386
-0.000319
-0.000428
-0.000571
-0.000558
-0.000588
-0.000651
-0.000626
-0.000578
-0.000675
-0.000653
-0.000643
-0.000643
-0.000629
-0.000720
-0.000646
-0.000676
-0.000705
-0.000760
-0.000782
-0.000757
-0.000754
-0.000716
-0.000827
-0.000794
-0.000730
-0.000667
-0.000657
-0.000664
-0.000658
-0.000630
-0.000654
-0.000568
-0.000686
-0.000560
-0.000506
-0.000513
-0.000508
-0.000532
-0.000564
-0.000597
-0.000606
-0.000535
-0.000566
-0.000575
-0.000629
-0.000645
-0.000614
-0.000581
-0.000503
-0.000497
-0.000536
-0.000520
-0.000523
-0.000610
-0.000578
-0.000621
-0.000622
-0.000629
-0.000602
-0.000691
-0.000747
-0.000729
-0.000676
-0.000698
-0.000765
-0.000744
-0.000806
-0.000858
-0.000851
-0.000864
-0.000862
-0.000853
-0.000401
-0.000343
-0.000396
-0.000508
-0.000619
-0.000700
-0.000749
-0.000721
-0.000697
-0.000749
-0.000639
-0.000615
-0.000584
-0.000509
-0.000731
-0.000830
-0.000693
-0.000646
-0.000744
-0.000813
-0.000656
-0.000760
-0.000733
-0.000682
-0.000677
-0.000674
-0.000633
-0.000624
-0.000678
-0.000679
-0.000642
-0.000555
-0.000447
-0.000445
-0.000529
-0.000501
-0.000503
-0.000483
-0.000477
-0.000547
-0.000628
-0.000565
-0.000559
-0.000547
-0.000565
-0.000598
-0.000610
-0.000618
-0.000539
-0.000525
-0.000549
-0.000494
-0.000571
-0.000539
-0.000546
-0.000594
-0.000599
-0.000592
-0.000623
-0.000657
-0.000687
-0.000712
-0.000700
-0.000621
-0.000754
-0.000775
-0.000796
-0.000877
-0.000889
-0.000861
-0.000893
-0.000932
-0.000867
-0.000443
-0.000401
-0.000422
-0.000386
-0.000576
-0.000662
-0.000687
-0.000733
-0.000657
-0.000683
-0.000591
-0.000560
-0.000572
-0.000630
-0.000755
-0.000653
-0.000689
-0.000696
-0.000760
-0.000693
-0.000722
-0.000755
-0.000776
-0.000667
-0.000670
-0.000598
-0.000541
-0.000574
-0.000633
-0.000734
-0.000596
-0.000492
-0.000557
-0.000575
-0.000506
-0.000509
-0.000533
-0.000515
-0.000536
-0.000474
-0.000520
-0.000525
-0.000551
-0.000535
-0.000564
-0.000578
-0.000552
-0.000549
-0.000506
-0.000436
-0.000458
-0.000530
-0.000539
-0.000589
-0.000596
-0.000625
-0.000630
-0.000623
-0.000628
-0.000670
-0.000712
-0.000701
-0.000674
-0.000687
-0.000725
-0.000856
-0.000866
-0.000904
-0.000949
-0.000907
-0.000932
-0.000939
-0.000847
-0.000431
-0.000424
-0.000440
-0.000508
-0.000569
-0.000603
-0.000680
-0.000739
-0.000714
-0.000701
-0.000734
-0.000646
-0.000586
-0.000657
-0.000796
-0.000742
-0.000717
-0.000652
-0.000675
-0.000674
-0.000718
-0.000696
-0.000677
-0.000618
-0.000671
-0.000624
-0.000625
-0.000655
-0.000650
-0.000697
-0.000666
-0.000589
-0.000608
-0.000602
-0.000626
-0.000547
-0.000532
-0.000508
-0.000527
-0.000467
-0.000469
-0.000520
-0.000539
-0.000534
-0.000558
-0.000574
-0.000560
-0.000542
-0.000488
-0.000472
-0.000472
-0.000519
-0.000588
-0.000606
-0.000674
-0.000768
-0.000734
-0.000708
-0.000637
-0.000680
-0.000662
-0.000738
-0.000746
-0.000706
-0.000797
-0.000929
-0.000962
-0.000927
-0.000935
-0.000937
-0.000914
-0.000920
0.000725
-0.000445
-0.000419
-0.000450
-0.000479
-0.000577
-0.000615
-0.000617
-0.000696
-0.000787
-0.000711
-0.000680
-0.000643
-0.000612
-0.000559
-0.000670
-0.000566
-0.000645
-0.000690
-0.000651
-0.000607
-0.000660
-0.000789
-0.000760
-0.000691
-0.000798
-0.000733
-0.000719
-0.000650
-0.000599
-0.000661
-0.000683
-0.000611
-0.000602
-0.000590
-0.000527
-0.000576
-0.000451
-0.000426
-0.000456
-0.000436
-0.000385
-0.000387
-0.000460
-0.000522
-0.000553
-0.000609
-0.000597
-0.000554
-0.000533
-0.000525
-0.000525
-0.000526
-0.000610
-0.000600
-0.000726
-0.000816
-0.000782
-0.000585
-0.000589
-0.000731
-0.000740
-0.000763
-0.000788
-0.000847
-0.000800
-0.000971
-0.000821
-0.000943
-0.000900
-0.000937
-0.000926
-0.000870
-0.000853
-0.000518
-0.000438
-0.000490
-0.000510
-0.000583
-0.000658
-0.000630
-0.000710
-0.000721
-0.000670
-0.000703
-0.000631
-0.000577
-0.000551
-0.000554
-0.000571
-0.000593
-0.000747
-0.000736
-0.000644
-0.000800
-0.000013
0.000365
0.000750
-0.002387
-0.001769
-0.002922
-0.001692
-0.000644
-0.000664
-0.000636
-0.000556
-0.000561
-0.000560
-0.000571
-0.000530
-0.000447
-0.000394
-0.000402
-0.000349
-0.000335
-0.000280
-0.000342
-0.000449
-0.000535
-0.000584
-0.000606
-0.000628
-0.000597
-0.000554
-0.000562
-0.000551
-0.000581
-0.000646
-0.000772
-0.000625
-0.000433
-0.000639
-0.000800
-0.000614
-0.000709
-0.000862
-0.000896
-0.000843
-0.000845
-0.000935
-0.001027
-0.000954
-0.000917
-0.000917
-0.000910
-0.001023
-0.000738
-0.000590
-0.000535
-0.000605
-0.000609
-0.000601
-0.000635
-0.000611
-0.000625
-0.000667
-0.000655
-0.000649
-0.000615
-0.000520
-0.000595
-0.000536
-0.000577
-0.000673
-0.000678
-0.000619
-0.000773
-0.000617
0.002562
0.002772
0.002911
0.003463
0.007329
0.006476
-0.002636
-0.002274
-0.000647
-0.000566
-0.000650
-0.000545
-0.000483
-0.000513
-0.000521
-0.000492
-0.000416
-0.000369
-0.000252
-0.000149
-0.000061
-0.000166
-0.000344
-0.000501
-0.000528
-0.000562
-0.000633
-0.000602
-0.000561
-0.000531
-0.000564
-0.000616
-0.000631
-0.000685
-0.000748
-0.000713
-0.000589
-0.000779
-0.000733
-0.000877
-0.000912
-0.000875
-0.000878
-0.000859
-0.000849
-0.000894
-0.000905
-0.000976
-0.001112
-0.001135
-0.001092
-0.000885
-0.000626
-0.000597
-0.000633
-0.000614
-0.000638
-0.000604
-0.000614
-0.000627
-0.000623
-0.000577
-0.000505
-0.000513
-0.000508
-0.000543
-0.000578
-0.000579
-0.000300
-0.000125
0.000025
-0.000137
0.000234
-0.000486
0.001281
0.003037
0.002403
0.000598
0.006280
0.006067
0.001354
-0.001111
-0.000702
-0.000656
-0.000525
-0.000488
-0.000493
-0.000463
-0.000485
-0.000404
-0.000338
-0.000225
0.000001
0.000288
-0.000043
-0.000256
-0.000395
-0.000506
-0.000564
-0.000658
-0.000613
-0.000543
-0.000519
-0.000546
-0.000568
-0.000604
-0.000607
-0.000645
-0.000712
-0.000728
-0.000796
-0.000744
-0.000840
-0.000875
-0.000888
-0.000893
-0.000857
-0.000917
-0.000953
-0.000937
-0.001115
-0.001176
-0.001138
-0.001111
-0.001100
-0.000645
-0.000624
-0.000675
-0.000627
-0.000631
-0.000616
-0.000616
-0.000613
-0.000527
-0.000504
-0.000509
-0.000503
-0.000528
-0.000521
-0.000323
-0.000048
-0.000998
0.000361
0.001922
0.001363
0.000400
-0.000451
-0.000442
-0.000125
0.000952
0.002446
0.002556
0.013634
0.000836
-0.000650
-0.000644
-0.000567
-0.000484
-0.000418
-0.000283
-0.000239
-0.000370
-0.000383
-0.000337
-0.000260
-0.000139
-0.000060
-0.000174
-0.000290
-0.000374
-0.000430
-0.000495
-0.000619
-0.000617
-0.000561
-0.000534
-0.000542
-0.000571
-0.000621
-0.000648
-0.000638
-0.000772
-0.000750
-0.000758
-0.000806
-0.000784
-0.000811
-0.000888
-0.000893
-0.000960
-0.001025
-0.001003
-0.001089
-0.001166
-0.001164
-0.001072
-0.000920
-0.000911
-0.000676
-0.000667
-0.000661
-0.000669
-0.000654
-0.000663
-0.000658
-0.000592
-0.000491
-0.000491
-0.000488
-0.000467
-0.000495
-0.000025
-0.002651
0.001422
0.000007
0.001385
0.000855
0.001826
0.000242
-0.000497
-0.000437
0.001292
0.001366
0.004137
0.011624
0.005767
0.002736
0.002412
0.000026
-0.000548
-0.000479
0.001583
0.003312
0.003578
0.001199
-0.000206
-0.000316
-0.000338
-0.000306
-0.000266
-0.000305
-0.000368
-0.000389
-0.000460
-0.000582
-0.000647
-0.000651
-0.000571
-0.000521
-0.000568
-0.000625
-0.000677
-0.000743
-0.000794
-0.000806
-0.000832
-0.000874
-0.000791
-0.000828
-0.000847
-0.000823
-0.000803
-0.000963
-0.001042
-0.001005
-0.001133
-0.001137
-0.001022
-0.000916
-0.000959
-0.000896
-0.000659
-0.000678
-0.000635
-0.000639
-0.000642
-0.000627
-0.000623
-0.000606
-0.000556
-0.000499
-0.000480
-0.000434
-0.000176
-0.005496
-0.003514
0.001332
0.000379
0.000285
-0.000247
-0.000686
-0.000468
-0.000502
0.001088
0.003416
0.002171
0.002399
0.003315
0.000482
0.002335
0.003543
0.002855
0.000041
0.001654
0.002173
0.000697
0.002533
0.002911
0.002043
0.000283
-0.000031
-0.000348
-0.000391
-0.000367
-0.000425
-0.000494
-0.000629
-0.000616
-0.000632
-0.000643
-0.000577
-0.000545
-0.000549
-0.000598
-0.000626
-0.000706
-0.000822
-0.000848
-0.000865
-0.000791
-0.000894
-0.000900
-0.000858
-0.000841
-0.000884
-0.000907
-0.000965
-0.001103
-0.001085
-0.000987
-0.000913
-0.000971
-0.001041
-0.000985
-0.000638
-0.000645
-0.000621
-0.000616
-0.000618
-0.000623
-0.000532
-0.000548
-0.000534
-0.000507
-0.000528
-0.000181
-0.000575
-0.003627
0.000933
0.000212
-0.000166
-0.000404
-0.000528
-0.000778
-0.000373
-0.000245
0.003140
0.003949
0.000207
-0.000702
-0.000745
0.000320
0.002186
0.003001
0.002152
0.001326
-0.000341
0.000121
-0.000057
-0.000930
0.001594
0.002946
0.002068
0.000356
-0.000255
-0.000423
-0.000465
-0.000581
-0.000663
-0.000734
-0.000729
-0.000645
-0.000670
-0.000576
-0.000553
-0.000541
-0.000635
-0.000674
-0.000709
-0.000828
-0.000840
-0.000820
-0.000886
-0.000962
-0.001005
-0.000967
-0.000762
-0.000826
-0.000865
-0.000927
-0.000935
-0.000938
-0.000850
-0.000872
-0.001037
-0.001094
-0.000596
-0.000635
-0.000606
-0.000611
-0.000603
-0.000614
-0.000645
-0.000533
-0.000479
-0.000497
-0.000551
-0.000539
-0.000474
-0.000322
-0.003329
0.002052
0.002081
-0.000180
-0.000402
-0.000360
-0.000743
-0.000410
-0.000403
0.000001
0.000667
-0.000682
-0.000659
-0.000757
-0.000099
0.000597
0.001761
0.000340
-0.000482
-0.001620
-0.001340
-0.000548
0.001422
0.000055
0.001301
0.001493
-0.000168
-0.000266
-0.000594
-0.000600
-0.000713
-0.000662
-0.000713
-0.000729
-0.000690
-0.000658
-0.000632
-0.000639
-0.000595
-0.000656
-0.000738
-0.000775
-0.000805
-0.000850
-0.000877
-0.000951
-0.001070
-0.001078
-0.000896
-0.000799
-0.000824
-0.000869
-0.000895
-0.000881
-0.000793
-0.000734
-0.000792
-0.000876
-0.000969
-0.000915
-0.000577
-0.000557
-0.000530
-0.000539
-0.000587
-0.000616
-0.000597
-0.000444
-0.000474
-0.000497
-0.000435
-0.000423
-0.000680
-0.004704
0.000008
-0.002283
-0.000099
-0.000290
-0.000528
-0.000484
0.000412
0.001359
0.001422
0.000626
0.000158
0.000105
-0.000107
-0.000289
-0.000657
-0.000416
-0.000273
-0.000793
-0.000868
-0.000548
-0.000259
0.001387
0.001078
0.000319
0.001032
0.001055
-0.000343
0.000406
-0.001090
-0.000990
-0.000949
-0.000676
-0.000738
-0.000736
-0.000712
-0.000717
-0.000731
-0.000726
-0.000762
-0.000791
-0.000771
-0.000810
-0.000883
-0.000900
-0.000997
-0.000991
-0.000956
-0.000804
-0.000749
-0.000821
-0.000941
-0.000881
-0.000834
-0.000870
-0.000836
-0.000750
-0.000789
-0.000860
-0.000850
-0.000432
-0.000492
-0.000529
-0.000530
-0.000540
-0.000591
-0.000565
-0.000418
-0.000473
-0.000485
-0.000497
-0.000425
-0.000493
-0.001431
0.003314
0.003161
0.000253
0.000809
0.000516
0.000651
0.000999
0.002029
0.001926
0.002176
0.001337
0.000740
0.002298
0.000688
0.000085
0.000288
-0.000475
-0.000760
-0.000673
-0.000065
-0.000792
0.000401
0.000254
-0.000712
-0.000399
0.000381
-0.000608
-0.000533
-0.000332
0.000076
-0.000248
0.000239
-0.000707
-0.000644
-0.000737
-0.000685
-0.000716
-0.000730
-0.000912
-0.000816
-0.000849
-0.000908
-0.000954
-0.001011
-0.000943
-0.000930
-0.000944
-0.000967
-0.000797
-0.000821
-0.000835
-0.000835
-0.000838
-0.000858
-0.000808
-0.000819
-0.000816
-0.001023
-0.000598
-0.000571
-0.000412
-0.000584
-0.000597
-0.000534
-0.000590
-0.000579
-0.000572
-0.000452
-0.000547
-0.000475
-0.000471
-0.000454
-0.000898
-0.001620
0.003261
0.001642
0.003374
0.000283
0.000469
0.001557
0.002412
0.003186
0.003724
0.003155
0.001722
0.001000
0.000846
0.000614
0.001321
0.001043
-0.000800
-0.000516
0.000690
0.002341
0.000006
0.000062
-0.000058
-0.000449
-0.000694
-0.000732
-0.001704
-0.000964
0.000442
0.000069
0.000233
0.002052
-0.000357
-0.000720
-0.000769
-0.000801
-0.000803
-0.000828
-0.000864
-0.000949
-0.000982
-0.000972
-0.000972
-0.000898
-0.000928
-0.001024
-0.000912
-0.001048
-0.000905
-0.000816
-0.000856
-0.000953
-0.000920
-0.000843
-0.000995
-0.000970
-0.001075
-0.000647
-0.000391
-0.000602
-0.000606
-0.000574
-0.000546
-0.000559
-0.000642
-0.000628
-0.000554
-0.000521
-0.000429
-0.000487
-0.000541
-0.000516
-0.001287
-0.000382
-0.000070
0.001068
0.000481
0.001489
0.000699
0.001726
0.002030
0.003153
0.003226
0.002624
0.001143
0.000599
-0.000080
0.000111
0.000318
0.000538
0.000742
0.001864
-0.000048
-0.000593
0.000515
0.001698
0.001800
0.000707
-0.000333
-0.001080
-0.000444
-0.001071
0.000335
-0.000220
-0.000637
-0.000860
-0.000884
-0.000776
-0.000777
-0.000823
-0.000999
-0.000950
-0.000991
-0.001000
-0.000921
-0.000940
-0.000972
-0.001043
-0.001014
-0.001037
-0.000919
-0.000864
-0.000864
-0.001061
-0.001021
-0.001086
-0.001197
-0.001049
-0.000932
-0.000894
-0.000734
-0.000561
-0.000584
-0.000653
-0.000539
-0.000553
-0.000595
-0.000687
-0.000597
-0.000504
-0.000492
-0.000510
-0.000657
-0.000637
-0.000676
-0.000801
0.000092
-0.000615
-0.000703
-0.000926
-0.001070
-0.001114
-0.001185
-0.001071
-0.000175
0.001151
-0.000357
-0.002071
-0.001472
-0.004090
-0.002756
-0.000464
0.000429
0.002359
0.000069
0.000558
-0.001725
0.004483
0.006455
0.008598
0.007420
0.002211
-0.013039
-0.000200
0.000793
-0.000047
-0.000046
-0.004396
-0.004283
-0.001781
-0.001086
-0.000903
-0.000941
-0.000930
-0.000859
-0.000929
-0.000894
-0.000890
-0.001046
-0.001053
-0.000976
-0.000991
-0.000836
-0.000845
-0.000972
-0.001102
-0.001094
-0.001021
-0.001161
-0.001044
-0.000868
-0.000886
-0.000882
-0.000808
-0.000587
-0.000613
-0.000663
-0.000604
-0.000554
-0.000572
-0.000646
-0.000605
-0.000616
-0.000530
-0.000599
-0.000610
-0.000640
-0.000795
-0.000715
-0.000677
-0.000567
-0.000603
-0.000724
-0.000852
-0.000789
-0.000700
-0.000620
0.000303
-0.001988
-0.007968
-0.011270
-0.007824
-0.005417
-0.004479
-0.002083
0.000286
0.001302
0.002204
0.002202
0.003716
0.001187
0.003670
0.007946
0.002581
0.001457
-0.012511
-0.016408
-0.006093
0.000371
-0.004349
-0.004409
-0.003156
-0.003680
-0.001526
-0.001027
-0.000887
-0.000871
-0.000856
-0.000857
-0.001049
-0.000985
-0.000954
-0.000972
-0.000858
-0.000814
-0.000910
-0.000969
-0.000939
-0.000963
-0.001090
-0.001162
-0.001142
-0.000967
-0.000962
-0.000940
-0.000976
-0.000895
-0.000601
-0.000599
-0.000684
-0.000505
-0.000532
-0.000567
-0.000685
-0.000691
-0.000631
-0.000545
-0.000655
-0.000677
-0.000635
-0.000816
-0.000749
-0.000656
-0.000564
-0.000624
-0.000707
-0.000778
-0.000313
0.003902
0.003023
-0.000005
-0.000385
-0.005801
-0.011390
-0.009985
-0.007748
-0.006158
-0.003539
-0.000339
0.001120
0.002566
0.002296
0.002861
0.001799
0.002261
0.005936
-0.003759
-0.010647
-0.017562
-0.011928
-0.004831
-0.007242
-0.005770
-0.002231
-0.001888
-0.003285
-0.000398
-0.001660
-0.000872
-0.000803
-0.000895
-0.000886
-0.000940
-0.000912
-0.000785
-0.000863
-0.000861
-0.001075
-0.001102
-0.000985
-0.001046
-0.001018
-0.001164
-0.001227
-0.001200
-0.001167
-0.000960
-0.001083
-0.001275
-0.001045
-0.000632
-0.000621
-0.000582
-0.000503
-0.000621
-0.000618
-0.000652
-0.000614
-0.000676
-0.000694
-0.000729
-0.000725
-0.000745
-0.000783
-0.000776
-0.000764
-0.000672
-0.000567
-0.000429
-0.000278
0.001226
0.004333
0.004854
0.002015
-0.001825
-0.004409
-0.010902
-0.010976
-0.009783
-0.007440
-0.006882
-0.003176
-0.000047
0.001506
0.001643
0.001602
0.002619
0.003908
0.005059
0.006215
0.008458
-0.011115
-0.007615
-0.012053
-0.015399
-0.012011
-0.001692
-0.003191
-0.001072
0.006142
-0.016535
-0.015072
0.000239
-0.000859
-0.000845
-0.000977
-0.000870
-0.000960
-0.000958
-0.000977
-0.000977
-0.001118
-0.001125
-0.001099
-0.001191
-0.001251
-0.001365
-0.001369
-0.000989
-0.001282
-0.001179
-0.001066
-0.001044
-0.000624
-0.000674
-0.000533
-0.000718
-0.000657
-0.000645
-0.000648
-0.000674
-0.000694
-0.000751
-0.000737
-0.000808
-0.000763
-0.000759
-0.000740
-0.000662
-0.000578
-0.000253
-0.000201
-0.000259
-0.000230
0.002946
0.005397
0.003121
-0.000051
-0.006615
-0.011761
-0.012772
-0.014216
-0.009208
-0.007868
-0.003512
0.002093
0.001707
0.000470
0.000467
0.002243
0.004265
0.005642
0.004675
0.005363
0.009941
0.002076
-0.000535
-0.002708
-0.012490
-0.002652
-0.000447
0.011973
-0.005524
-0.014300
-0.006535
-0.002839
0.000211
-0.000114
-0.000924
-0.000987
-0.000911
-0.000897
-0.001041
-0.000972
-0.000920
-0.000993
-0.001100
-0.001163
-0.001217
-0.001232
-0.001174
-0.001122
-0.001104
-0.000920
-0.000939
-0.000937
-0.000733
-0.000701
-0.000692
-0.000782
-0.000725
-0.000695
-0.000635
-0.000691
-0.000710
-0.000696
-0.000806
-0.000860
-0.000831
-0.000757
-0.000750
-0.000652
-0.000270
-0.000317
-0.000362
-0.000389
-0.000501
0.000366
0.002634
0.002633
-0.000597
-0.006206
-0.015253
-0.014526
-0.012368
-0.010520
-0.007364
-0.001979
0.006108
0.002596
0.000838
0.000160
0.003803
0.006534
0.007231
0.006219
0.004960
0.005487
0.004637
0.003858
0.004495
-0.002541
-0.008534
0.009309
0.011361
-0.006842
-0.006123
-0.003714
-0.003334
-0.002557
-0.001210
-0.000005
-0.000884
-0.000888
-0.000862
-0.000891
-0.000888
-0.001002
-0.001009
-0.001183
-0.001158
-0.001062
-0.001038
-0.000939
-0.001010
-0.001071
-0.001126
-0.000827
-0.000977
-0.000764
-0.000715
-0.000761
-0.000685
-0.000542
-0.000868
-0.000797
-0.000672
-0.000743
-0.000739
-0.000803
-0.000833
-0.000771
-0.000755
-0.000742
-0.000452
-0.000401
-0.000470
-0.000576
-0.000579
-0.000663
-0.001279
-0.000055
0.002123
-0.000198
-0.004931
-0.012249
-0.012492
-0.014279
-0.013088
-0.007402
-0.001827
0.003671
0.001640
0.001490
0.000329
0.004371
0.007674
0.006214
0.005743
0.005782
0.004743
0.004302
0.003837
0.004833
0.006058
-0.000676
0.009526
0.004664
-0.000141
-0.003026
-0.003127
-0.001177
-0.000547
0.002416
-0.000422
0.000291
-0.000198
-0.000784
-0.000813
-0.000929
-0.001036
-0.001111
-0.001161
-0.000966
-0.001025
-0.001010
-0.000956
-0.001021
-0.001003
-0.000917
-0.000917
-0.000940
-0.000760
-0.000797
-0.000883
-0.000977
-0.000908
-0.001009
-0.000883
-0.000631
-0.000375
-0.000678
-0.000609
-0.000862
-0.000216
-0.000485
-0.000416
-0.000468
-0.000407
-0.000459
-0.000693
-0.000876
-0.001141
-0.001489
-0.000813
0.001048
0.000403
-0.004973
-0.014061
-0.011615
-0.011479
-0.010753
-0.007333
-0.003186
0.001183
-0.000815
-0.000322
0.001457
0.004286
0.005747
0.004831
0.005027
0.005526
0.004764
0.004720
0.005094
0.006724
0.007012
0.006377
-0.000985
0.011109
0.000210
-0.003561
-0.001355
0.003828
0.003373
-0.000225
-0.000382
0.000646
-0.001626
0.000190
0.000062
-0.000016
-0.001144
-0.001055
-0.000968
-0.000919
-0.000880
-0.001086
-0.000996
-0.001061
-0.000893
-0.000927
-0.001003
-0.000919
-0.000759
-0.000845
-0.000926
-0.001006
-0.001023
-0.000933
-0.000855
-0.000873
-0.000814
-0.000665
-0.000737
-0.000720
0.000008
-0.000571
-0.000589
-0.000465
-0.000560
-0.000470
-0.000667
-0.001039
-0.001079
-0.001058
-0.001032
-0.001166
-0.001387
-0.001677
-0.001852
-0.002970
-0.000867
-0.006453
-0.002985
-0.000887
-0.000748
-0.001509
0.000126
0.002402
0.003758
0.003348
0.004578
0.004773
0.005251
0.005409
0.006223
0.003814
0.007161
0.007076
0.007884
0.007658
0.001435
-0.000127
-0.002548
-0.001034
0.009129
0.002404
0.000476
0.001343
0.000804
-0.001561
-0.002126
-0.005363
-0.002745
0.000246
-0.000186
-0.000930
-0.000867
-0.000905
-0.000955
-0.001022
-0.000937
-0.000911
-0.001055
-0.001127
-0.000936
-0.000815
-0.000824
-0.000851
-0.000935
-0.000947
-0.000958
-0.000911
-0.000761
-0.000713
-0.000924
-0.001080
-0.000742
-0.000447
-0.000329
-0.000215
-0.000016
-0.000487
-0.000569
-0.000648
-0.000564
-0.000955
-0.001427
-0.001288
-0.001218
-0.001204
-0.001006
-0.001150
-0.001132
-0.001329
-0.001154
-0.000219
-0.000786
-0.002937
-0.001189
0.000432
0.001845
0.003111
0.004892
0.003942
0.004160
0.005116
0.004060
0.004872
0.004193
0.003786
0.005714
0.007144
0.006950
0.004217
0.001069
-0.000463
0.005607
0.005000
-0.000683
-0.000047
0.006219
0.001763
0.000158
-0.001657
-0.004365
-0.001822
-0.001461
-0.000856
0.000076
-0.000364
-0.000644
-0.000976
-0.000959
-0.001012
-0.001153
-0.001203
-0.001319
-0.000690
-0.000892
-0.000892
-0.000821
-0.000846
-0.000867
-0.000955
-0.000931
-0.000803
-0.000703
-0.000967
-0.001224
-0.000800
-0.000931
-0.001023
-0.001058
-0.000617
-0.001189
-0.001178
-0.001146
-0.001153
-0.001235
-0.001342
-0.001394
-0.001424
-0.001382
-0.001261
-0.001242
-0.001170
-0.001264
-0.001343
-0.001138
-0.000306
-0.000996
-0.000576
-0.000164
-0.000093
-0.000140
0.005433
0.003834
0.001990
0.003062
0.001404
-0.000731
-0.000679
-0.002165
0.003377
0.005903
0.004851
0.000112
-0.001633
-0.002935
0.003486
0.001445
0.000599
-0.001371
-0.001063
0.001588
-0.000042
-0.000253
-0.000486
-0.000930
-0.000018
0.000005
-0.000392
-0.000972
-0.000934
-0.000924
-0.000898
-0.001028
-0.001257
-0.001045
-0.000988
-0.000631
-0.000692
-0.000835
-0.000852
-0.000744
-0.000864
-0.000982
-0.000827
-0.000988
-0.001018
-0.001098
-0.000780
-0.001171
-0.001195
-0.001007
-0.001099
-0.001104
-0.000917
-0.001055
-0.000934
-0.000886
-0.001233
-0.001325
-0.001454
-0.001395
-0.001345
-0.001254
-0.001195
-0.001252
-0.001345
-0.001506
-0.001440
-0.001426
-0.001678
-0.001597
-0.001525
-0.001476
-0.001494
0.000062
0.000035
0.000025
0.000014
-0.000147
-0.000618
-0.000710
0.004897
0.003036
-0.000785
-0.001699
-0.004999
-0.007572
-0.007050
-0.003621
-0.002333
-0.002557
-0.002801
-0.002486
-0.000789
-0.000737
-0.001009
-0.001222
-0.001080
-0.001102
-0.001064
-0.001073
-0.001122
-0.001011
-0.000902
-0.000918
-0.000968
-0.000935
-0.000987
-0.000986
-0.000636
-0.000879
-0.000880
-0.000877
-0.000798
-0.000763
-0.000954
-0.001076
-0.001273
-0.001430
-0.001475
-0.001094
-0.000975
-0.001335
-0.001224
-0.001181
-0.001221
-0.000954
-0.000961
-0.000991
-0.000803
-0.001207
-0.001433
-0.001459
-0.001417
-0.001282
-0.001252
-0.001376
-0.001190
-0.001333
-0.001445
-0.001302
-0.001384
-0.001483
-0.001440
-0.001488
-0.001535
-0.001335
-0.001443
-0.001434
-0.001471
-0.001686
-0.001753
-0.001642
-0.001575
-0.000232
0.005718
-0.008915
-0.011454
-0.010245
-0.013032
-0.013495
-0.001208
-0.000881
-0.001146
-0.000911
-0.000881
-0.001043
-0.001150
-0.001262
-0.001050
-0.001035
-0.001042
-0.001145
-0.001174
-0.001119
-0.001017
-0.001050
-0.000951
-0.000913
-0.000882
-0.000918
-0.000969
-0.000861
-0.000958
-0.001000
-0.000872
-0.000930
-0.001024
-0.001213
-0.001371
-0.001422
-0.001458
-0.001466
-0.001241
-0.000838
-0.001093
-0.001124
-0.001087
-0.000959
-0.001017
-0.000999
-0.001001
-0.000849
-0.001290
-0.001478
-0.001428
-0.001540
-0.001486
-0.001433
-0.001383
-0.001270
-0.001401
-0.001607
-0.001330
-0.001376
-0.001314
-0.001341
-0.001506
-0.001451
-0.001538
-0.001412
-0.001298
-0.001444
-0.001759
-0.001659
-0.001627
-0.001765
-0.001633
0.001475
-0.010030
-0.012079
-0.013995
-0.012727
-0.009341
-0.007605
-0.001969
-0.001134
-0.001095
-0.000972
-0.001469
-0.001385
-0.001031
-0.000930
-0.001017
-0.001244
-0.001269
-0.001147
-0.001102
-0.001129
-0.001041
-0.000981
-0.000918
-0.000914
-0.000952
-0.001005
-0.001108
-0.001039
-0.001208
-0.001175
-0.001251
-0.001392
-0.001456
-0.001512
-0.001472
-0.001387
-0.001370
-0.001347
-0.001237
-0.000968
-0.000971
-0.000767
-0.001054
-0.001165
-0.001286
-0.001135
-0.001250
-0.001297
-0.001339
-0.001526
-0.001558
-0.001554
-0.001515
-0.000870
-0.000982
-0.001463
-0.001537
-0.001775
-0.001614
-0.001504
-0.001372
-0.001583
-0.001598
-0.001441
-0.001297
-0.001513
-0.001688
-0.001825
-0.001775
-0.001708
-0.001790
-0.001668
-0.001464
-0.000994
-0.008667
-0.012087
-0.009982
-0.005630
-0.001576
-0.002976
-0.001950
-0.001104
-0.001319
-0.001314
-0.001277
-0.001098
-0.001103
-0.001260
-0.001428
-0.001209
-0.001247
-0.001246
-0.001166
-0.001260
-0.001166
-0.001066
-0.001012
-0.000815
-0.001142
-0.001271
-0.001109
-0.001191
-0.001139
-0.001347
-0.001345
-0.001410
-0.001503
-0.001386
-0.001406
-0.001367
-0.001363
-0.001338
-0.001181
-0.001128
-0.001046
-0.001141
-0.001226
-0.001195
-0.001284
-0.001223
-0.001417
-0.001346
-0.001449
-0.001683
-0.001639
-0.001528
-0.000996
-0.001135
-0.001246
-0.001761
-0.001875
-0.001687
-0.001643
-0.001581
-0.001849
-0.001566
-0.001405
-0.001337
-0.001652
-0.001870
-0.001733
-0.002001
-0.001950
-0.002078
-0.001758
-0.001820
-0.001760
-0.002412
-0.004242
-0.007317
-0.002551
-0.002095
-0.002352
-0.001945
-0.001778
-0.001372
-0.001288
-0.001109
-0.001078
-0.001178
-0.001411
-0.001299
-0.001336
-0.001398
-0.001130
-0.001344
-0.001442
-0.001315
-0.001098
-0.001144
-0.000997
-0.001272
-0.001308
-0.001220
-0.001357
-0.001260
-0.001298
-0.001383
-0.001267
-0.001219
-0.001495
-0.001577
-0.001417
-0.001390
-0.001344
-0.001307
-0.001067
-0.001152
-0.001108
-0.001124
-0.001355
-0.001337
-0.001305
-0.001342
-0.001354
-0.001470
-0.001650
-0.001697
-0.001703
-0.001414
-0.001538
-0.001630
-0.001678
-0.001851
-0.001793
-0.001761
-0.001422
-0.001413
-0.001442
-0.001565
-0.001613
-0.001680
-0.001574
-0.001438
-0.001531
-0.001652
-0.001673
-0.001844
-0.001802
-0.002019
-0.002168
-0.002454
-0.002397
-0.001778
-0.001999
-0.001690
-0.001749
-0.001744
-0.001267
-0.001184
-0.001138
-0.001194
-0.001355
-0.001472
-0.001411
-0.001257
-0.001238
-0.001257
-0.001202
-0.001279
-0.001282
-0.001430
-0.001369
-0.001373
-0.000690
-0.001203
-0.001156
-0.001376
-0.001318
-0.001278
-0.001261
-0.001277
-0.001263
-0.001328
-0.001395
-0.001430
-0.001377
-0.001393
-0.001440
-0.001355
-0.001254
-0.001152
-0.001166
-0.001294
-0.001350
-0.001311
-0.001369
-0.001374
-0.001384
-0.001548
-0.001458
-0.001750
-0.001663
-0.001839
-0.001702
-0.001920
-0.001934
-0.001934
-0.002051
-0.001843
-0.001466
-0.001452
-0.001696
-0.001835
-0.002098
-0.001583
-0.001565
-0.001650
-0.001756
-0.001839
-0.001629
-0.001608
-0.001839
-0.002093
-0.001966
-0.001779
-0.001734
-0.001719
-0.001807
-0.001428
-0.001309
-0.001194
-0.001236
-0.001239
-0.001316
-0.001323
-0.001345
-0.001227
-0.001261
-0.001402
-0.001249
-0.001252
-0.001325
-0.001502
-0.001304
-0.001551
-0.001436
-0.001430
-0.001382
-0.001067
-0.001216
-0.001048
-0.001172
-0.001313
-0.001262
-0.001323
-0.001398
-0.001411
-0.001313
-0.001407
-0.001327
-0.000984
-0.001261
-0.001234
-0.001102
-0.001085
-0.001266
-0.001271
-0.001264
-0.001325
-0.001265
-0.001522
-0.001674
-0.001576
-0.001547
-0.001474
-0.001628
-0.001655
-0.001667
-0.001954
-0.002033
-0.002081
-0.002172
-0.001754
-0.001511
-0.001667
-0.001771
-0.001964
-0.001756
-0.001581
-0.001984
-0.002038
-0.001826
-0.001994
-0.002091
-0.001999
-0.001892
-0.001952
-0.001725
-0.001557
-0.001765
-0.001454
-0.001243
-0.001360
-0.001430
-0.001336
-0.001117
-0.001162
-0.001216
-0.001211
-0.001238
-0.001192
-0.001341
-0.001281
-0.001305
-0.001398
-0.001317
-0.001460
-0.001505
-0.001440
-0.001596
-0.001277
-0.000995
-0.001023
-0.001175
-0.001226
-0.001312
-0.001328
-0.001362
-0.001371
-0.001272
-0.001168
-0.001264
-0.001184
-0.000984
-0.001114
-0.001180
-0.001072
-0.001146
-0.001056
-0.001187
-0.001233
-0.001144
-0.001235
-0.001493
-0.001626
-0.001979
-0.001819
-0.001637
-0.001674
-0.001700
-0.001700
-0.001741
-0.002127
-0.002215
-0.002214
-0.001683
-0.001639
-0.001642
-0.001779
-0.001528
-0.001725
-0.001861
-0.001827
-0.001955
-0.001908
-0.001703
-0.001882
-0.001970
-0.002123
-0.001942
-0.001680
-0.001791
-0.001703
-0.001489
-0.001486
-0.001550
-0.001394
-0.001032
-0.000974
-0.001247
-0.001443
-0.001167
-0.001079
-0.001196
-0.001298
-0.001355
-0.001307
-0.001257
-0.001284
-0.001268
-0.001377
-0.001174
-0.001047
-0.000904
