-0.000877
-0.000881
-0.001188
0.000632
-0.001295
-0.001252
-0.001088
0.000438
-0.001248
-0.001042
-0.001150
-0.000603
-0.001150
-0.001111
-0.001279
-0.001347
-0.001305
-0.001256
-0.001140
-0.001389
-0.001245
-0.000770
-0.000940
-0.001302
-0.001362
-0.001194
-0.001138
-0.001128
-0.001311
-0.001352
-0.001337
-0.001307
-0.001310
-0.001232
-0.001337
-0.001328
-0.001179
-0.000942
-0.001007
-0.001058
-0.001146
-0.001300
-0.001262
-0.001157
-0.001212
-0.001211
-0.001168
-0.001052
-0.001073
-0.001009
-0.001140
-0.001149
-0.001004
-0.000804
-0.000783
-0.000752
-0.000759
-0.000734
-0.000688
-0.000554
-0.000366
-0.000060
0.000102
0.000221
0.000220
0.000129
-0.001158
0.000045
0.000062
0.000076
0.000061
0.000257
0.000195
-0.001094
-0.001081
-0.001101
-0.001258
-0.001276
-0.001344
-0.001300
-0.001259
-0.001330
-0.001230
-0.001263
-0.001264
-0.001169
-0.001203
-0.000951
-0.001042
-0.001156
-0.000952
-0.001010
-0.001083
-0.001081
-0.001001
-0.000994
-0.000962
-0.001065
-0.001011
-0.000876
-0.000973
-0.001206
-0.001189
-0.001013
-0.001046
-0.001120
-0.001173
-0.001197
-0.001210
-0.001119
-0.000887
-0.000958
-0.000852
-0.001025
-0.001082
-0.001178
-0.000960
-0.000944
-0.001047
-0.001041
-0.000935
-0.000891
-0.000909
-0.000857
-0.000822
-0.000847
-0.000817
-0.000819
-0.000849
-0.000844
-0.000774
-0.000794
-0.000859
-0.000791
-0.000715
-0.000801
-0.000736
-0.000686
-0.000644
-0.000734
-0.000822
-0.000951
-0.000789
-0.000915
-0.000851
-0.000749
-0.001050
-0.001113
-0.001060
-0.001214
-0.001257
-0.001092
-0.001273
-0.001270
-0.001247
-0.001162
-0.001186
-0.001085
-0.001014
-0.001104
-0.001006
-0.000963
-0.000840
-0.000895
-0.000865
-0.001064
-0.001253
-0.001317
-0.001039
-0.001063
-0.001154
-0.001069
-0.000899
-0.001010
-0.001151
-0.001121
-0.001036
-0.001104
-0.001201
-0.001281
-0.001185
-0.001084
-0.000995
-0.001065
-0.000910
-0.000954
-0.001002
-0.000975
-0.001038
-0.001092
-0.001011
-0.001054
-0.001009
-0.000923
-0.000819
-0.000834
-0.000833
-0.000945
-0.000880
-0.000838
-0.000836
-0.000808
-0.000785
-0.000772
-0.000754
-0.000863
-0.000820
-0.000645
-0.000834
-0.000754
-0.000701
-0.000656
-0.000693
-0.000742
-0.000820
-0.000920
-0.000897
-0.000866
-0.000825
-0.001140
-0.001081
-0.001087
-0.001056
-0.001291
-0.001190
-0.001343
-0.001310
-0.001287
-0.001331
-0.001277
-0.001144
-0.000972
-0.001125
-0.000945
-0.000909
-0.000839
-0.000785
-0.000907
-0.000947
-0.000783
-0.001209
-0.001038
-0.001113
-0.001133
-0.001088
-0.000978
-0.000885
-0.001203
-0.001266
-0.001030
-0.001067
-0.001236
-0.001295
-0.001194
-0.001155
-0.001107
-0.001191
-0.001197
-0.001049
-0.001017
-0.001098
-0.001001
-0.001138
-0.001132
-0.000983
-0.000854
-0.000875
-0.000781
-0.000853
-0.000815
-0.000988
-0.000932
-0.000817
-0.000750
-0.000758
-0.000800
-0.000713
-0.000730
-0.000819
-0.000771
-0.000780
-0.000774
-0.000757
-0.000717
-0.000603
-0.000725
-0.000784
-0.000819
-0.000976
-0.000944
-0.000980
-0.000834
-0.001008
-0.001045
-0.001059
-0.001184
-0.001053
-0.001210
-0.001226
-0.001189
-0.001212
-0.001218
-0.001197
-0.001178
-0.000824
-0.000670
-0.000675
-0.000671
-0.000825
-0.000704
-0.001089
-0.001162
-0.001167
-0.001169
-0.001135
-0.001137
-0.000989
-0.001025
-0.000934
-0.000901
-0.001027
-0.001224
-0.001118
-0.001227
-0.001192
-0.001260
-0.001194
-0.001135
-0.001043
-0.000871
-0.001253
-0.001255
-0.001285
-0.001133
-0.000836
-0.000955
-0.001006
-0.001090
-0.000819
-0.000849
-0.000845
-0.000806
-0.000863
-0.000931
-0.000905
-0.000687
-0.000817
-0.000873
-0.000838
-0.000862
-0.000780
-0.000712
-0.000729
-0.000809
-0.000838
-0.000815
-0.000800
-0.000735
-0.000748
-0.000778
-0.000951
-0.000893
-0.001049
-0.001010
-0.002169
-0.000994
-0.001067
-0.001021
-0.001031
-0.001030
-0.001217
-0.001105
-0.001031
-0.001316
-0.001106
-0.000985
-0.001027
-0.000996
-0.000952
-0.000939
-0.000722
-0.001021
-0.000813
-0.001238
-0.001236
-0.000925
-0.001022
-0.001077
-0.001044
-0.000976
-0.000930
-0.001074
-0.001012
-0.001030
-0.001230
-0.001141
-0.001118
-0.001302
-0.001111
-0.001165
-0.001276
-0.001192
-0.000930
-0.001175
-0.001284
-0.001301
-0.001206
-0.001141
-0.001036
-0.001125
-0.001021
-0.000884
-0.000764
-0.000780
-0.000792
-0.000811
-0.000851
-0.000756
-0.000781
-0.000729
-0.000820
-0.000738
-0.000741
-0.000719
-0.000728
-0.000751
-0.000761
-0.000699
-0.000681
-0.000801
-0.000746
-0.000730
-0.000766
-0.000859
-0.001076
-0.001109
-0.001008
-0.000966
-0.001098
-0.001013
-0.001002
-0.000976
-0.001015
-0.001095
-0.001027
-0.001200
-0.001123
-0.001010
-0.001042
-0.001196
-0.001005
-0.000836
-0.000800
-0.000873
-0.001147
-0.001175
-0.001274
-0.001082
-0.001185
-0.001014
-0.000973
-0.001016
-0.001091
-0.001138
-0.001100
-0.001259
-0.001089
-0.001274
-0.000985
-0.001142
-0.001181
-0.001205
-0.001192
-0.001234
-0.001165
-0.000994
-0.001003
-0.001173
-0.001063
-0.001236
-0.001166
-0.001162
-0.001043
-0.000958
-0.000854
-0.000785
-0.000753
-0.000757
-0.000711
-0.000674
-0.000666
-0.000513
-0.000737
-0.000699
-0.000751
-0.000710
-0.000688
-0.000816
-0.000837
-0.000832
-0.000742
-0.000860
-0.000782
-0.000804
-0.000809
-0.000836
-0.000912
-0.001078
-0.001011
-0.000969
-0.000935
-0.001135
-0.001120
-0.001112
-0.001047
-0.001060
-0.001121
-0.001023
-0.001081
-0.000883
-0.001064
-0.000952
-0.001097
-0.001055
-0.000982
-0.000911
-0.000951
-0.001123
-0.001348
-0.001070
-0.001078
-0.001007
-0.001037
-0.001106
-0.001000
-0.001089
-0.001221
-0.001246
-0.001355
-0.001082
-0.001083
-0.001187
-0.001312
-0.001193
-0.001269
-0.001210
-0.001124
-0.001033
-0.001000
-0.001066
-0.001056
-0.001122
-0.001070
-0.001004
-0.000991
-0.001003
-0.000970
-0.000841
-0.000798
-0.000867
-0.000916
-0.000768
-0.000647
-0.000772
-0.000563
-0.000738
-0.000715
-0.000618
-0.000835
-0.000768
-0.000839
-0.000794
-0.000811
-0.000911
-0.000807
-0.000835
-0.000823
-0.000826
-0.000885
-0.000917
-0.000904
-0.001019
-0.001056
-0.000990
-0.001080
-0.001120
-0.001168
-0.001117
-0.001138
-0.001101
-0.001190
-0.001167
-0.000918
-0.000990
-0.001024
-0.001036
-0.001003
-0.001005
-0.001032
-0.000903
-0.001004
-0.001230
-0.001305
-0.001074
-0.001069
-0.000972
-0.001079
-0.001178
-0.001235
-0.001204
-0.001248
-0.001145
-0.001038
-0.001128
-0.001463
-0.001430
-0.001343
-0.001230
-0.001266
-0.001052
-0.001033
-0.001054
-0.001093
-0.001049
-0.000987
-0.000976
-0.000926
-0.001051
-0.001008
-0.000930
-0.000895
-0.000815
-0.000881
-0.000856
-0.000666
-0.000741
-0.000826
-0.000744
-0.000703
-0.000753
-0.000769
-0.000733
-0.000768
-0.000818
-0.000886
-0.000948
-0.000939
-0.000834
-0.000873
-0.000863
-0.000859
-0.000859
-0.000895
-0.001019
-0.000982
-0.001057
0.001326
-0.001146
-0.001213
-0.001160
-0.001106
-0.001060
-0.001354
-0.001275
-0.001141
-0.000963
-0.001000
-0.000712
-0.000955
-0.001209
-0.001205
-0.000993
-0.000763
-0.001026
-0.000978
-0.000995
-0.001154
-0.001146
-0.001003
-0.001215
-0.001328
-0.001273
-0.001175
-0.001250
-0.001339
-0.001199
-0.001076
-0.001104
-0.001433
-0.001346
-0.001262
-0.001104
-0.001098
-0.000988
-0.001024
-0.001001
-0.001072
-0.001006
-0.000925
-0.001033
-0.001052
-0.001032
-0.000983
-0.000846
-0.000872
-0.000975
-0.000825
-0.000712
-0.000752
-0.000816
-0.000870
-0.000712
-0.000711
-0.000739
-0.000766
-0.000851
-0.000900
-0.000898
-0.000857
-0.000880
-0.000883
-0.000870
-0.000984
-0.000916
-0.000961
-0.001052
-0.001117
-0.001169
-0.001146
-0.001054
-0.001285
-0.001228
-0.001300
-0.001197
-0.001114
-0.001080
-0.001312
-0.001025
-0.000813
-0.001002
-0.000870
-0.000913
-0.001189
-0.000887
-0.001217
-0.001286
-0.001117
-0.001005
-0.001180
-0.001169
-0.001098
-0.000916
-0.001066
-0.000995
-0.001158
-0.001181
-0.001171
-0.001206
-0.001310
-0.001108
-0.001157
-0.001223
-0.001060
-0.001162
-0.000972
-0.000973
-0.001062
-0.001001
-0.000982
-0.001030
-0.000979
-0.000980
-0.000942
-0.000918
-0.000886
-0.000950
-0.000913
-0.000941
-0.000853
-0.000813
-0.000730
-0.000748
-0.000777
-0.000805
-0.000757
-0.000661
-0.000720
-0.000734
-0.000817
-0.000977
-0.000872
-0.000843
-0.000885
-0.000933
-0.000917
-0.000936
-0.000979
-0.000992
-0.001016
-0.001071
-0.001115
-0.001068
-0.001028
-0.001223
-0.001062
-0.000903
-0.001211
-0.001351
-0.001325
-0.001144
-0.001122
-0.000841
-0.000860
-0.000871
-0.000909
-0.001024
-0.001231
-0.001011
-0.001109
-0.001175
-0.001185
-0.001135
-0.001084
-0.001107
-0.000623
-0.000981
-0.000939
-0.000994
-0.001074
-0.000895
-0.000910
-0.001298
-0.001215
-0.001020
-0.001203
-0.001141
-0.001268
-0.001103
-0.001018
-0.000995
-0.000955
-0.001057
-0.000915
-0.000777
-0.000752
-0.000845
-0.000839
-0.000811
-0.000882
-0.000889
-0.000841
-0.000783
-0.000825
-0.000738
-0.000643
-0.000706
-0.000759
-0.000820
-0.000755
-0.000761
-0.000778
-0.000871
-0.000999
-0.000895
-0.000848
-0.000887
-0.000908
-0.000951
-0.001053
-0.001073
-0.001064
-0.001046
-0.001036
-0.001162
-0.001124
-0.001119
-0.001207
-0.001118
-0.001152
-0.001359
-0.001312
-0.001154
-0.001174
-0.001258
-0.001001
-0.000912
-0.000970
-0.001016
-0.000938
-0.000976
-0.001097
-0.001131
-0.001227
-0.001160
-0.001084
-0.001043
-0.000867
-0.000626
-0.000645
-0.000859
-0.001023
-0.001215
-0.001122
-0.001002
-0.001156
-0.001168
-0.001020
-0.000996
-0.000906
-0.001236
-0.001186
-0.001051
-0.000869
-0.000862
-0.000991
-0.000891
-0.000685
-0.000814
-0.000814
-0.000843
-0.000975
-0.000951
-0.000814
-0.000805
-0.000816
-0.000796
-0.000699
-0.000731
-0.000711
-0.000807
-0.000804
-0.000784
-0.000837
-0.000891
-0.000930
-0.001091
-0.000992
-0.000881
-0.000905
-0.000874
-0.000991
-0.001131
-0.001088
-0.001046
-0.001036
-0.000971
-0.001138
-0.001196
0.000725
-0.001094
-0.001302
-0.001361
-0.001297
-0.001251
-0.000870
-0.000939
-0.001118
-0.001192
-0.000886
-0.000967
-0.001039
-0.000821
-0.000835
-0.001049
-0.001160
-0.001091
-0.001108
-0.000991
-0.000984
-0.000905
-0.000673
-0.000739
-0.001103
-0.001217
-0.001360
-0.001327
-0.001290
-0.001432
-0.001205
-0.001094
-0.001080
-0.001102
-0.001374
-0.001326
-0.001122
-0.000835
-0.000868
-0.000764
-0.000729
-0.000748
-0.000687
-0.000734
-0.000758
-0.000767
-0.000743
-0.000814
-0.000795
-0.000784
-0.000711
-0.000549
-0.000677
-0.000726
-0.000830
-0.000917
-0.000993
-0.000831
-0.000722
-0.000707
-0.000996
-0.001078
-0.000961
-0.000998
-0.001018
-0.001035
-0.001117
-0.001084
-0.001100
-0.001078
-0.001071
-0.001096
-0.001219
-0.001207
-0.001063
-0.001065
-0.001269
-0.001290
-0.001143
-0.001041
-0.001024
-0.001076
-0.001242
-0.001094
-0.000950
-0.000938
-0.000867
-0.000817
-0.000990
-0.001052
-0.001020
-0.001150
-0.001166
-0.001054
-0.001197
-0.000933
0.000259
0.001970
-0.000635
-0.001121
-0.001036
-0.001081
-0.001131
-0.001212
-0.000935
-0.000882
-0.001051
-0.001128
-0.001138
-0.001041
-0.000778
-0.000746
-0.000750
-0.000717
-0.000738
-0.000626
-0.000638
-0.000690
-0.000740
-0.000851
-0.000860
-0.000845
-0.000821
-0.000753
-0.000688
-0.000771
-0.000821
-0.000946
-0.000901
-0.000883
-0.000739
-0.000609
-0.000862
-0.000952
-0.001014
-0.001075
-0.001023
-0.001074
-0.001080
-0.001110
-0.001131
-0.001132
-0.001085
-0.001113
-0.001166
-0.001158
-0.001141
-0.001220
-0.001180
-0.001282
-0.001227
-0.000954
-0.000912
-0.000930
-0.001048
-0.001253
-0.001158
-0.001108
-0.000906
-0.001009
-0.000912
-0.000884
-0.000862
-0.000938
-0.000956
-0.000983
-0.001098
-0.001134
-0.001057
0.003320
0.011456
0.006640
0.000375
0.003224
0.001290
0.001881
0.000876
-0.000877
-0.001001
-0.001022
-0.000924
-0.000992
-0.000961
-0.000869
-0.000665
-0.000764
-0.000621
-0.000489
-0.000362
-0.000453
-0.000610
-0.000768
-0.000840
-0.000812
-0.000796
-0.000844
-0.000732
-0.000746
-0.000814
-0.000859
-0.000928
-0.000907
-0.001025
-0.000901
-0.000900
-0.001012
-0.000972
-0.001017
-0.001089
-0.001095
-0.001083
-0.001126
-0.001109
-0.001155
-0.001196
-0.001183
-0.001075
-0.001185
-0.001309
-0.001424
-0.001300
-0.001161
-0.001246
-0.001093
-0.001119
-0.000952
-0.000916
-0.001042
-0.001171
-0.000927
-0.000899
-0.000873
-0.001033
-0.001067
-0.001065
-0.000949
-0.000454
-0.000260
-0.000136
-0.000381
-0.000090
-0.000095
0.003658
0.005105
0.002087
0.007872
0.007898
0.003180
0.010316
-0.000685
-0.001285
-0.000935
-0.000875
-0.000910
-0.000862
-0.000881
-0.000835
-0.000670
-0.000650
-0.000440
-0.000344
-0.000073
-0.000410
-0.000611
-0.000735
-0.000781
-0.000838
-0.000877
-0.000829
-0.000694
-0.000746
-0.000898
-0.000865
-0.000902
-0.000965
-0.000972
-0.000910
-0.000940
-0.000990
-0.000952
-0.000987
-0.001041
-0.001103
-0.001025
-0.001190
-0.001174
-0.001160
-0.001158
-0.001127
-0.001099
-0.001256
-0.001406
-0.001100
-0.001220
-0.001213
-0.001249
-0.000938
-0.001085
-0.001094
-0.000942
-0.000929
-0.001144
-0.000903
-0.000890
-0.000839
-0.001058
-0.001125
-0.000271
-0.000053
-0.000816
0.000404
0.000643
0.000933
0.002332
0.003538
0.003830
0.003940
0.005828
0.006373
0.002711
0.010517
-0.000843
-0.001128
-0.001275
-0.000932
-0.000799
-0.000723
-0.000763
-0.000598
-0.000668
-0.000536
-0.000451
-0.000600
-0.000537
-0.000453
-0.000573
-0.000709
-0.000826
-0.000757
-0.000813
-0.000860
-0.000841
-0.000781
-0.000744
-0.000784
-0.000821
-0.000857
-0.000847
-0.000974
-0.000987
-0.001012
-0.001003
-0.000989
-0.001065
-0.001177
-0.001125
-0.001216
-0.001178
-0.001133
-0.001114
-0.001158
-0.001204
-0.001215
-0.001222
-0.001299
-0.001275
-0.001206
-0.001245
-0.001173
-0.001090
-0.001136
-0.001276
-0.001026
-0.000907
-0.001023
-0.000906
-0.000863
-0.000902
-0.000975
-0.000043
0.001151
0.000268
-0.000140
0.003038
0.003782
0.002940
0.003787
0.004739
0.004374
0.004358
0.004808
0.007733
0.005778
-0.000084
-0.000847
-0.001116
-0.001301
-0.000651
-0.000251
0.001172
0.001930
0.001713
0.000287
0.000214
-0.000392
-0.000646
-0.000702
-0.000757
-0.000756
-0.000791
-0.000805
-0.000789
-0.000759
-0.000809
-0.000679
-0.000672
-0.000833
-0.000787
-0.000821
-0.000884
-0.000985
-0.001035
-0.001058
-0.001059
-0.001071
-0.001068
-0.001118
-0.001152
-0.001241
-0.001105
-0.001019
-0.001050
-0.001115
-0.001413
-0.001297
-0.001331
-0.001435
-0.001231
-0.001359
-0.001182
-0.001145
-0.001098
-0.001016
-0.001008
-0.001181
-0.000946
-0.000858
-0.000936
-0.000901
-0.000828
-0.000800
-0.000163
0.000200
0.001218
0.002321
0.001085
0.001461
0.002434
0.003938
0.004555
0.005954
0.005584
0.004251
0.004800
0.004997
0.000646
-0.001802
0.000002
0.000673
0.000814
0.001357
0.003946
0.003784
0.002120
-0.000697
0.002830
0.002814
0.002290
0.000253
-0.000639
-0.000793
-0.000792
-0.000831
-0.000809
-0.000733
-0.000733
-0.000771
-0.000827
-0.000639
-0.000761
-0.000845
-0.000915
-0.000970
-0.001057
-0.001051
-0.001087
-0.001093
-0.001087
-0.001108
-0.001122
-0.001074
-0.001136
-0.000952
-0.000932
-0.000992
-0.001217
-0.001384
-0.001300
-0.001276
-0.001142
-0.001143
-0.001157
-0.001268
-0.001146
-0.001119
-0.000975
-0.001119
-0.001118
-0.000960
-0.000876
-0.000855
-0.000825
-0.000790
-0.000426
-0.000408
0.000829
0.002085
0.001391
-0.000476
-0.000683
-0.000674
-0.000367
0.000952
0.004483
0.005187
0.004066
0.002361
0.000060
0.001549
0.001000
0.001852
0.002290
0.002560
0.001837
0.002928
0.001397
-0.001068
-0.005075
-0.000495
0.000585
0.001956
0.000963
-0.000131
-0.000863
-0.000877
-0.000858
-0.000805
-0.000796
-0.000804
-0.000824
-0.000819
-0.000669
-0.000684
-0.000857
-0.000952
-0.001019
-0.001026
-0.001113
-0.001132
-0.001183
-0.001169
-0.001201
-0.001245
-0.001279
-0.001165
-0.001065
-0.001027
-0.001112
-0.001275
-0.001356
-0.001236
-0.001170
-0.001052
-0.001086
-0.000596
-0.001201
-0.001040
-0.001029
-0.001033
-0.001065
-0.001048
-0.000955
-0.000863
-0.000806
-0.000760
-0.000680
-0.000673
-0.001117
0.002903
0.001155
0.002358
-0.000498
-0.000552
-0.000667
-0.000732
0.000082
0.004660
0.000681
-0.000331
0.000116
0.000582
0.001817
0.001350
0.000613
-0.001023
-0.000412
0.000201
0.000549
0.000158
-0.000490
-0.001673
-0.000669
-0.000181
-0.001342
-0.000566
0.000005
-0.000786
-0.001105
-0.000960
-0.000813
-0.000859
-0.000866
-0.000878
-0.000759
-0.000715
-0.000869
-0.000974
-0.000995
-0.001058
-0.001044
-0.001119
-0.001184
-0.001148
-0.001178
-0.001214
-0.001302
-0.001163
-0.000982
-0.001023
-0.001024
-0.000990
-0.001162
-0.001262
-0.001231
-0.001046
-0.001140
-0.001090
-0.000747
-0.001182
-0.001039
-0.000963
-0.001010
-0.001033
-0.001034
-0.000977
-0.000936
-0.000805
-0.000811
-0.000715
-0.000674
-0.000919
-0.001201
0.000856
0.000240
-0.000320
-0.000707
-0.000877
-0.000792
0.002821
0.001245
-0.001356
-0.000235
0.002281
0.001446
0.002057
0.001669
0.000177
-0.001837
-0.001708
-0.001144
-0.000138
-0.000175
-0.000425
-0.000615
-0.002874
-0.003625
-0.001513
0.001211
-0.000779
-0.000655
-0.000890
-0.000801
-0.000916
-0.000830
-0.000970
-0.000827
-0.000780
-0.000830
-0.000935
-0.000988
-0.000985
-0.000937
-0.000976
-0.001119
-0.001282
-0.001275
-0.001289
-0.001239
-0.001191
-0.001204
-0.001151
-0.001093
-0.001116
-0.001105
-0.001175
-0.001166
-0.001103
-0.001003
-0.001016
-0.001023
-0.000869
-0.001154
-0.001042
-0.001011
-0.001016
-0.001017
-0.001032
-0.000971
-0.000879
-0.000739
-0.000713
-0.000649
-0.000663
-0.000760
-0.002688
0.000656
0.001171
-0.000312
-0.000841
-0.000268
0.000743
0.000871
-0.001377
-0.001398
-0.000128
0.001792
0.002301
0.003285
0.003216
0.001715
-0.002583
-0.000636
-0.000882
-0.000153
0.000118
-0.000022
-0.000036
-0.001107
0.000255
0.006384
0.002570
-0.001173
-0.001444
-0.000860
-0.001027
-0.000846
-0.000404
-0.000877
-0.000955
-0.000910
-0.000901
-0.000935
-0.001039
-0.001074
-0.001071
-0.001113
-0.001313
-0.001319
-0.001310
-0.001359
-0.001135
-0.001278
-0.001248
-0.001205
-0.001162
-0.001239
-0.001256
-0.001152
-0.001191
-0.001104
-0.001029
-0.001079
-0.001122
-0.000869
-0.000976
-0.001122
-0.001074
-0.000981
-0.001014
-0.001006
-0.000928
-0.000826
-0.000715
-0.000729
-0.000766
-0.000652
-0.000730
-0.001538
0.002363
0.002605
0.005868
0.003244
0.000209
0.000266
-0.001045
-0.001662
-0.001699
-0.001774
-0.001714
-0.001923
-0.000727
0.002655
0.002133
0.000125
-0.002279
-0.000974
-0.000172
-0.000204
-0.000091
0.000389
0.001703
0.008044
0.003286
-0.000362
-0.001685
-0.001167
-0.000981
-0.001196
-0.000911
-0.001092
-0.001192
-0.000942
-0.000812
-0.001000
-0.001079
-0.001084
-0.001159
-0.001161
-0.001255
-0.001352
-0.001316
-0.001374
-0.001297
-0.001244
-0.001147
-0.001066
-0.001263
-0.001240
-0.001266
-0.001138
-0.001129
-0.001227
-0.001223
-0.001269
-0.001285
-0.001091
-0.000836
-0.001045
-0.001125
-0.001065
-0.001064
-0.001035
-0.000912
-0.000782
-0.000920
-0.000804
-0.000793
-0.000794
-0.000733
-0.000729
-0.001226
-0.003263
0.000376
0.001335
0.000391
-0.000365
0.000141
-0.000644
-0.003099
-0.001412
-0.000795
-0.000755
-0.000800
-0.000727
-0.000045
0.002432
0.000138
-0.002735
-0.001909
-0.000275
-0.000481
0.000019
0.002151
0.005611
0.002924
0.001358
-0.000383
-0.000542
-0.000732
-0.000893
-0.000822
-0.000871
-0.001109
-0.001010
-0.001047
-0.001060
-0.001115
-0.001245
-0.001215
-0.001165
-0.001236
-0.001148
-0.001340
-0.001323
-0.001197
-0.001251
-0.001283
-0.001118
-0.001219
-0.001088
-0.001095
-0.001155
-0.001179
-0.001235
-0.001328
-0.001467
-0.001512
-0.001430
-0.001223
-0.000952
-0.001134
-0.001238
-0.001139
-0.001048
-0.000984
-0.000999
-0.000816
-0.001005
-0.000796
-0.000827
-0.000870
-0.000813
-0.000729
-0.000718
-0.000606
-0.000243
-0.000816
-0.000924
-0.000920
-0.000869
-0.001046
-0.001176
-0.000624
-0.000637
-0.000761
-0.000792
-0.000682
-0.001642
-0.002438
-0.005719
-0.004284
-0.010136
-0.004097
-0.000060
-0.000065
0.000294
0.004124
0.008169
0.006823
0.006647
0.003755
-0.004517
-0.000998
0.000510
-0.000879
-0.001173
-0.001088
-0.000958
-0.000959
-0.000804
-0.001188
-0.001276
-0.001291
-0.001274
-0.001231
-0.001151
-0.001188
-0.001149
-0.001133
-0.001419
-0.001242
-0.001104
-0.001000
-0.001083
-0.001227
-0.001265
-0.001366
-0.001387
-0.001436
-0.001480
-0.001426
-0.001378
-0.001186
-0.001036
-0.001169
-0.001099
-0.001048
-0.000847
-0.000901
-0.000840
-0.000606
-0.000864
-0.000816
-0.000692
-0.000814
-0.000767
-0.000749
-0.000768
-0.000689
-0.000707
-0.000833
-0.000904
-0.000802
-0.000895
-0.000830
-0.000493
-0.001181
-0.000755
-0.000012
-0.000296
-0.003600
-0.017764
-0.019459
-0.017188
-0.009040
-0.002263
-0.000703
0.000090
0.001113
0.000447
0.003342
0.006429
0.010729
0.003704
-0.009103
-0.016499
-0.004176
0.000056
-0.000547
-0.001160
-0.002009
0.000383
0.002381
-0.000459
-0.001284
-0.001250
-0.001107
-0.000955
-0.001229
-0.001159
-0.001100
-0.001208
-0.001395
-0.001313
-0.001261
-0.001131
-0.001166
-0.001219
-0.001450
-0.001567
-0.001492
-0.001527
-0.001378
-0.001392
-0.001412
-0.001290
-0.000925
-0.000907
-0.001027
-0.001057
-0.001030
-0.001012
-0.001028
-0.000881
-0.000711
-0.000637
-0.000898
-0.000816
-0.000714
-0.000714
-0.000715
-0.000733
-0.000925
-0.000970
-0.000866
-0.000948
-0.000345
-0.000919
-0.001045
-0.001059
-0.001220
-0.001138
-0.000801
-0.003316
-0.018498
-0.021404
-0.016743
-0.008800
-0.004072
-0.000602
0.000482
0.000425
-0.000012
0.000788
0.002845
0.004881
-0.000976
-0.004324
-0.009517
-0.015210
-0.005479
-0.003453
-0.001762
-0.001150
0.001393
0.008993
-0.001623
-0.000438
-0.001169
-0.001089
-0.001188
-0.001255
-0.001170
-0.001131
-0.001228
-0.001361
-0.001379
-0.001331
-0.001374
-0.001472
-0.001511
-0.001651
-0.001601
-0.001654
-0.001448
-0.001174
-0.001420
-0.001542
-0.001406
-0.000921
-0.000897
-0.001036
-0.001097
-0.001050
-0.000967
-0.001069
-0.000798
-0.000724
-0.000810
-0.000844
-0.000777
-0.000727
-0.000724
-0.000747
-0.000794
-0.000742
-0.000690
-0.000643
-0.000468
-0.000726
-0.000951
-0.001100
-0.000955
-0.001149
-0.001021
-0.000233
-0.002960
-0.019261
-0.020597
-0.016630
-0.009964
-0.003497
-0.001359
-0.000453
0.000812
0.000658
0.000743
0.001498
0.000754
-0.001348
0.002220
-0.012171
-0.024138
-0.019086
-0.003653
-0.001338
0.002793
0.009652
0.010106
-0.004998
-0.010625
0.000264
-0.001231
-0.001225
-0.001233
-0.001201
-0.001303
-0.001227
-0.001163
-0.001218
-0.001299
-0.001385
-0.001474
-0.001573
-0.001660
-0.001694
-0.001426
-0.001264
-0.001318
-0.001518
-0.001557
-0.001437
-0.000937
-0.000952
-0.001036
-0.001069
-0.001144
-0.001025
-0.000983
-0.000860
-0.000904
-0.000706
-0.000739
-0.000760
-0.000772
-0.000722
-0.000773
-0.000866
-0.000714
-0.000408
-0.000326
-0.000335
-0.000543
-0.000853
-0.001092
-0.001413
-0.000923
-0.000559
0.000098
-0.005031
-0.020963
-0.020278
-0.022362
-0.016218
-0.004022
-0.002466
-0.001036
-0.000300
-0.001146
0.000664
0.001655
0.001413
0.001556
0.001841
-0.003066
-0.013950
-0.012365
-0.011865
-0.003857
0.001095
0.009995
0.011963
-0.002724
-0.006463
-0.002320
0.000205
-0.000050
-0.001049
-0.001182
-0.001207
-0.001235
-0.001194
-0.001237
-0.001261
-0.001268
-0.001360
-0.001541
-0.001687
-0.001559
-0.001407
-0.001356
-0.001462
-0.001312
-0.001527
-0.001538
-0.000953
-0.000924
-0.001034
-0.001090
-0.001226
-0.001124
-0.000964
-0.000866
-0.000718
-0.000811
-0.000784
-0.000735
-0.000757
-0.000785
-0.000794
-0.000767
-0.000629
-0.000423
-0.000422
-0.000478
-0.000598
-0.000793
-0.001045
-0.001096
-0.000294
0.002022
-0.000420
-0.014210
-0.020821
-0.021645
-0.022902
-0.020743
-0.004203
-0.001660
-0.001260
-0.001792
-0.001199
0.000055
0.000569
0.000552
0.001074
0.001381
0.001383
0.001310
0.001306
-0.001153
-0.005764
-0.001722
0.002252
0.003681
-0.001591
-0.003110
-0.004333
-0.000001
-0.001444
0.000057
-0.001020
-0.001189
-0.001311
-0.001353
-0.001128
-0.001245
-0.001336
-0.001396
-0.001384
-0.001378
-0.001119
-0.001110
-0.001222
-0.001243
-0.001353
-0.001298
-0.001265
-0.000910
-0.000986
-0.001056
-0.001026
-0.001240
-0.001070
-0.000996
-0.000931
-0.000727
-0.000850
-0.000787
-0.000828
-0.000907
-0.000691
-0.000768
-0.000683
-0.000659
-0.000545
-0.000550
-0.000643
-0.000653
-0.000784
-0.001006
-0.000803
0.000490
0.001874
-0.006707
-0.018940
-0.019818
-0.016143
-0.022314
-0.021561
-0.006842
-0.002751
-0.002138
-0.001690
-0.001678
-0.000991
-0.000244
0.000187
0.000866
0.001295
0.001451
0.001259
0.001577
0.002763
-0.000523
-0.002186
0.003332
0.006112
0.001526
-0.002950
-0.003176
-0.001930
-0.001568
-0.001601
0.000199
-0.000189
-0.001124
-0.001058
-0.001274
-0.001289
-0.001294
-0.001324
-0.001289
-0.001187
-0.001201
-0.001203
-0.001137
-0.001148
-0.001109
-0.001087
-0.001213
-0.000923
-0.001001
-0.001118
-0.001107
-0.001272
-0.001297
-0.001072
-0.000953
-0.000586
-0.000986
-0.000800
-0.000901
-0.000931
-0.000752
-0.000739
-0.000694
-0.000689
-0.000653
-0.000666
-0.000681
-0.000820
-0.000984
-0.000966
-0.001213
-0.000614
0.001611
-0.009583
-0.015959
-0.013502
-0.013212
-0.018831
-0.015203
-0.003766
-0.002894
-0.002209
-0.002013
-0.002215
-0.001370
-0.000348
-0.000381
0.000344
0.001093
0.001337
0.001256
0.000905
0.000964
0.001018
-0.000220
0.001221
0.005366
0.001188
-0.001205
0.000261
-0.002058
-0.002008
-0.001676
-0.000992
0.003202
0.000215
0.000008
0.000000
-0.001371
-0.001162
-0.001196
-0.001076
-0.001109
-0.001310
-0.001186
-0.001073
-0.001138
-0.001169
-0.001313
-0.001258
-0.001041
-0.001126
-0.001103
-0.001125
-0.001167
-0.001118
-0.001038
-0.001064
-0.001020
-0.000753
-0.000913
-0.000925
-0.000805
-0.000721
-0.000746
-0.000740
-0.000739
-0.000737
-0.000793
-0.000861
-0.000832
-0.000970
-0.001130
-0.001180
-0.000713
-0.001520
-0.001470
-0.002134
-0.000408
-0.012538
-0.010202
-0.006884
-0.004415
-0.004467
-0.006068
-0.003593
-0.001944
-0.000971
0.000038
0.000589
0.000659
0.000682
0.000941
-0.000264
-0.000274
0.001120
0.002811
0.005348
0.000294
-0.000880
-0.002344
0.000678
-0.000390
-0.001943
-0.002131
-0.001851
0.003762
-0.000714
-0.000865
-0.000811
-0.001255
0.000279
0.000060
-0.001203
-0.001083
-0.001005
-0.001184
-0.001204
-0.001226
-0.001220
-0.001172
-0.001261
-0.001437
-0.001020
-0.001025
-0.000965
-0.001005
-0.001046
-0.001001
-0.001041
-0.001054
-0.001025
-0.001220
-0.001298
-0.000771
-0.000100
-0.000351
-0.000515
-0.000956
-0.001225
-0.001032
-0.001114
-0.000640
-0.000957
-0.001192
-0.001144
-0.001209
-0.001249
-0.001157
-0.001195
-0.001206
-0.001163
-0.001573
-0.000032
-0.006406
-0.006235
-0.013187
-0.020058
-0.010070
-0.002812
-0.001686
-0.000405
-0.000548
-0.001075
-0.001235
-0.000976
0.000006
0.000390
-0.000507
0.002646
0.006197
0.004418
-0.001289
0.000980
0.001039
0.001236
0.000183
-0.000634
-0.000420
0.000069
0.000959
0.000860
0.000815
0.000502
-0.001273
-0.001571
0.000163
-0.000223
-0.000705
-0.001290
-0.001389
-0.001260
-0.001224
-0.001347
-0.001429
-0.001318
-0.001014
-0.000969
-0.000896
-0.000868
-0.000902
-0.001032
-0.001069
-0.001057
-0.001034
-0.001229
-0.001391
-0.001186
-0.001301
-0.001187
-0.001243
-0.001250
-0.001163
-0.001292
-0.001263
-0.001213
-0.001116
-0.001135
-0.001259
-0.001312
-0.001262
-0.001163
-0.001249
-0.001291
-0.001266
-0.001222
-0.001257
-0.000982
-0.001634
-0.001765
-0.001320
-0.001963
-0.000384
-0.000358
-0.000586
-0.003054
-0.004216
-0.003588
-0.000203
0.008993
0.002316
-0.002566
-0.000740
0.005190
0.003218
-0.002158
-0.003334
0.004014
0.003742
0.002182
-0.000208
0.000926
0.001339
0.000059
-0.001053
-0.001059
-0.001263
-0.001332
-0.001296
-0.001170
-0.001186
-0.001313
-0.001291
-0.001302
-0.001165
-0.001189
-0.001508
-0.001553
-0.001230
-0.000963
-0.000912
-0.000904
-0.000961
-0.001070
-0.001049
-0.001021
-0.001185
-0.000984
-0.001023
-0.000946
-0.001235
-0.001287
-0.001340
-0.001418
-0.001244
-0.001116
-0.001081
-0.001285
-0.001328
-0.001313
-0.001294
-0.001200
-0.001238
-0.001198
-0.001229
-0.001171
-0.001323
-0.001435
-0.001397
-0.001436
-0.001330
-0.001305
-0.001425
-0.001536
-0.001434
-0.001304
0.000112
-0.000009
-0.000056
-0.000225
-0.000110
0.000444
0.002207
-0.000593
-0.004816
-0.008857
-0.003352
-0.002828
-0.003763
-0.006896
-0.004982
-0.002202
-0.001563
-0.000721
-0.000562
-0.001049
-0.001291
-0.001098
-0.001253
-0.001296
-0.001334
-0.001193
-0.001161
-0.001291
-0.001531
-0.001415
-0.001273
-0.001063
-0.001213
-0.001480
-0.001414
-0.001028
-0.001016
-0.000979
-0.000986
-0.001094
-0.000975
-0.000931
-0.001128
-0.001295
-0.001395
-0.001391
-0.001085
-0.001076
-0.001190
-0.001140
-0.001394
-0.001239
-0.001156
-0.001103
-0.001255
-0.001358
-0.001416
-0.001374
-0.001349
-0.001322
-0.001129
-0.001156
-0.001199
-0.001265
-0.001265
-0.001330
-0.001323
-0.001461
-0.001497
-0.001472
-0.001528
-0.001446
-0.001341
-0.001274
-0.001379
-0.001767
-0.001667
-0.001590
-0.001506
-0.001539
0.000508
-0.008088
-0.011123
-0.003764
-0.006203
-0.005697
-0.003571
0.000065
-0.001545
-0.001483
-0.001410
-0.001446
-0.001394
-0.001316
-0.001301
-0.001397
-0.001559
-0.001240
-0.001346
-0.001429
-0.001514
-0.001505
-0.001441
-0.001263
-0.001145
-0.001198
-0.001269
-0.001403
-0.001295
-0.001097
-0.001056
-0.001004
-0.000968
-0.001224
-0.001232
-0.001298
-0.001315
-0.001371
-0.001437
-0.001196
-0.000793
-0.001234
-0.001294
-0.001391
-0.001337
-0.001139
-0.001164
-0.001326
-0.001424
-0.001382
-0.001383
-0.001281
-0.001463
-0.001473
-0.001211
-0.001234
-0.001273
-0.001295
-0.001278
-0.001316
-0.001519
-0.001509
-0.001465
-0.001550
-0.001502
-0.001388
-0.001359
-0.001455
-0.001586
-0.001693
-0.001628
-0.001663
-0.001793
-0.001665
0.000225
-0.003421
-0.005279
-0.001502
0.000154
0.000134
-0.000531
-0.001045
-0.001487
-0.001513
-0.001286
-0.001405
-0.001330
-0.001267
-0.001298
-0.001542
-0.001689
-0.001694
-0.001609
-0.001478
-0.001485
-0.001348
-0.001278
-0.001065
-0.001095
-0.001317
-0.001526
-0.001270
-0.001215
-0.001270
-0.001198
-0.001261
-0.001350
-0.001344
-0.001315
-0.001216
-0.001289
-0.001423
-0.001335
-0.001233
-0.001036
-0.001286
-0.001189
-0.001109
-0.001361
-0.001389
-0.001380
-0.001295
-0.001371
-0.001400
-0.001344
-0.001437
-0.001660
-0.001600
-0.001445
-0.001392
-0.001359
-0.001589
-0.001502
-0.001582
-0.001628
-0.001610
-0.001457
-0.001417
-0.001564
-0.001541
-0.001539
-0.001658
-0.001882
-0.001828
-0.001857
-0.001840
-0.001628
-0.001452
-0.000462
-0.000866
-0.000342
-0.001417
-0.001772
-0.001801
-0.001861
-0.001844
-0.001518
-0.001473
-0.001526
-0.001367
-0.001359
-0.001439
-0.001666
-0.001824
-0.001960
-0.001787
-0.001611
-0.001559
-0.001423
-0.001185
-0.000902
-0.001175
-0.001337
-0.001346
-0.001219
-0.001328
-0.001353
-0.001451
-0.001317
-0.001382
-0.001388
-0.001267
-0.001152
-0.001183
-0.001445
-0.001383
-0.001446
0.000064
0.000068
-0.001281
-0.001202
-0.001256
-0.001322
-0.001435
-0.001442
-0.001359
-0.001483
-0.001361
-0.001658
-0.001793
-0.001786
-0.001605
-0.001445
-0.001551
-0.001864
-0.001758
-0.001692
-0.001514
-0.001363
-0.001472
-0.001659
-0.001561
-0.001618
-0.001684
-0.001850
-0.001712
-0.001793
-0.002139
-0.002020
-0.001898
-0.001988
-0.001749
-0.002069
-0.002207
-0.002247
-0.002166
-0.001966
-0.001951
-0.002061
-0.001994
-0.001842
-0.001609
-0.001477
-0.001650
-0.001543
-0.001534
-0.001489
-0.001713
-0.001767
-0.001589
-0.001640
-0.001484
-0.001267
-0.001205
-0.001253
-0.001584
-0.001508
-0.001412
-0.001318
-0.001376
-0.001498
-0.001226
-0.001165
-0.001247
-0.001258
-0.001195
-0.001191
-0.001380
-0.001363
0.000058
0.000070
0.000074
-0.001216
-0.001055
-0.001176
-0.001353
-0.001358
-0.001448
-0.001485
-0.001370
-0.001479
-0.001659
-0.001992
-0.001850
-0.001709
-0.001706
-0.001718
-0.001952
-0.001829
-0.001899
-0.001793
-0.001692
-0.001656
-0.001494
-0.001587
-0.001593
-0.001631
-0.001741
-0.001791
-0.001917
-0.001894
-0.001831
-0.001736
-0.001718
-0.001953
-0.002319
-0.002264
-0.002304
-0.001900
-0.001900
-0.001936
-0.001809
-0.001836
-0.001849
-0.001695
-0.001543
-0.001630
-0.001504
-0.001505
-0.001423
-0.001521
-0.001631
-0.001639
-0.001710
-0.001504
-0.001317
-0.001420
-0.001569
-0.001697
-0.001530
-0.001443
-0.001268
-0.001351
-0.001228
-0.001177
-0.001262
-0.001312
-0.001264
-0.001302
-0.001291
-0.001299
-0.001378
-0.001397
-0.001330
-0.001164
-0.001073
-0.001002
-0.001202
-0.001461
-0.001348
-0.001409
-0.001499
-0.001418
-0.001597
-0.001676
-0.001739
-0.001752
-0.001821
-0.001809
-0.001929
-0.001902
-0.001874
-0.002017
-0.001849
-0.001818
-0.001696
-0.001715
-0.001869
-0.001867
-0.001847
-0.001736
-0.001695
-0.001657
-0.001647
-0.001797
-0.001888
-0.001829
-0.001703
-0.002081
-0.002098
-0.001794
-0.001775
-0.001820
-0.001651
-0.001681
-0.001662
-0.001704
-0.001737
-0.001681
-0.001431
-0.001434
-0.001419
-0.001370
-0.001313
-0.001548
-0.001556
-0.001521
-0.001454
-0.001408
-0.001635
-0.001520
-0.001386
-0.001542
-0.001631
-0.001264
-0.001358
-0.001329
-0.001227
-0.001349
-0.001295
-0.001330
-0.001262
-0.001269
-0.001201
-0.001322
-0.001459
-0.001287
-0.001283
-0.001343
-0.001162
-0.001179
-0.001315
-0.001370
-0.001323
-0.001463
-0.001534
-0.001771
-0.001551
-0.001777
-0.001884
-0.001857
-0.001853
-0.001789
-0.001836
-0.002142
-0.002066
-0.001974
-0.001962
-0.002085
-0.001964
-0.001889
-0.001869
-0.001712
-0.001736
-0.001546
-0.001816
-0.001800
-0.001726
-0.001851
-0.001696
-0.001858
-0.002060
-0.001737
-0.001546
-0.001478
-0.001581
-0.001700
-0.001786
-0.001682
-0.001724
-0.001591
-0.001402
-0.001407
-0.001439
-0.001469
-0.001313
-0.001250
-0.001264
-0.001455
-0.001436
-0.001463
-0.001510
-0.001487
-0.001578
-0.001688
-0.001567
-0.001451
-0.001155
-0.001164
-0.001255
-0.001342
-0.001451
-0.001462
-0.001471
-0.001252
-0.001126
-0.001062
-0.001223
-0.001346
-0.001177
-0.001406
-0.001198
-0.000974
-0.001314
-0.001318
-0.000965
-0.001136
-0.001384
-0.001425
-0.001292
-0.001396
-0.001612
-0.001582
-0.001659
-0.001691
-0.001779
-0.001811
-0.001975
-0.001987
-0.002187
-0.002247
-0.001968
-0.002091
-0.001987
-0.001921
-0.001834
-0.001735
-0.001734
-0.001810
-0.001830
-0.001864
-0.001913
-0.001899
-0.001737
-0.001919
-0.001738
-0.001345
-0.001455
-0.001616
-0.001703
-0.001793
-0.001738
-0.001607
-0.001365
-0.001329
-0.001382
-0.001450
-0.001364
-0.001405
-0.001274
-0.001178
-0.001243
-0.001490
-0.001581
-0.001523
-0.001523
-0.001549
-0.001681
-0.001521
-0.001218
