0.000053
0.000066
0.000265
0.000632
0.000538
0.000227
0.000092
0.000438
-0.000053
0.000400
0.000504
-0.000603
0.000919
0.001032
0.000687
0.000524
0.000386
0.000502
0.000687
0.000757
0.000592
0.000247
0.000256
0.000334
0.000606
0.000655
0.000733
0.000801
0.000623
0.000521
0.000483
0.000553
0.000518
0.000593
0.000461
0.000403
0.000575
0.000762
0.000789
0.000707
0.000609
0.000796
0.000734
0.000536
0.000414
0.000487
0.000548
0.000470
0.000467
0.000403
0.000234
0.000161
0.000355
0.000373
0.000467
0.000493
0.000477
0.000491
0.000396
0.000583
0.000690
0.000817
0.000507
0.000194
-0.000292
-0.000614
-0.001158
-0.000659
-0.000530
-0.000307
0.000061
0.000242
0.000195
0.000753
0.000901
0.000700
0.000594
0.000839
0.000965
0.000902
0.000911
0.000928
0.000837
0.000915
0.000888
0.000926
0.000858
0.000497
0.000576
0.000508
0.000437
0.000715
0.000777
0.000783
0.000539
0.000573
0.000513
0.000535
0.000711
0.000713
0.000738
0.000871
0.000698
0.000622
0.000778
0.000864
0.000750
0.000791
0.000707
0.000738
0.000856
0.000843
0.000881
0.000716
0.000695
0.000764
0.000626
0.000576
0.000598
0.000564
0.000478
0.000480
0.000457
0.000364
0.000364
0.000302
0.000394
0.000449
0.000431
0.000473
0.000537
0.000417
0.000463
0.000421
0.000354
0.000259
0.000250
0.000328
0.000321
0.000565
0.000646
0.000646
0.000511
0.000582
0.000506
0.000745
0.000791
0.000783
0.000739
0.000818
0.000775
0.000774
0.000916
0.000817
0.000869
0.000765
0.000895
0.001002
0.000685
0.000719
0.000690
0.000262
0.000194
0.000105
0.000496
0.000733
0.000774
0.000731
0.000536
0.000687
0.000592
0.000698
0.000731
0.000807
0.000844
0.000713
0.000689
0.000754
0.000938
0.000853
0.000773
0.000786
0.000733
0.000779
0.000928
0.000861
0.000747
0.000699
0.000698
0.000610
0.000583
0.000639
0.000520
0.000526
0.000489
0.000474
0.000470
0.000426
0.000408
0.000396
0.000413
0.000433
0.000460
0.000413
0.000409
0.000401
0.000492
0.000441
0.000292
0.000157
0.000291
0.000299
0.000455
0.000424
0.000547
0.000635
0.000584
0.000548
0.000680
0.000766
0.000801
0.000746
0.000680
0.000671
0.000798
0.000896
0.000816
0.000854
0.000749
0.000734
0.000783
0.000627
0.000748
0.000713
0.000473
0.000175
0.000049
0.000422
0.000817
0.000664
0.000832
0.000772
0.000781
0.000604
0.000709
0.000715
0.000805
0.000845
0.000794
0.000774
0.000888
0.000954
0.000975
0.000845
0.000941
0.000811
0.000866
0.000993
0.000873
0.000785
0.000721
0.000823
0.000711
0.000684
0.000577
0.000581
0.000502
0.000534
0.000554
0.000493
0.000469
0.000507
0.000401
0.000426
0.000507
0.000473
0.000397
0.000417
0.000330
0.000558
0.000447
0.000389
0.000329
0.000271
0.000327
0.000487
0.000450
0.000496
0.000670
0.000606
0.000616
0.000729
0.000789
0.000772
0.000814
0.000647
0.000572
0.000682
0.000780
0.000787
0.000730
0.000677
0.000840
0.000764
0.000619
0.000565
0.000544
0.000444
0.000342
0.000120
0.000420
0.000812
0.000969
0.000942
0.000926
0.000845
0.000719
0.000694
0.000675
0.000757
0.000892
0.000860
0.000824
0.000874
0.000801
0.000977
0.000942
0.000940
0.000961
0.000679
0.000909
0.000976
0.001015
0.000910
0.000806
0.000696
0.000579
0.000600
0.000520
0.000519
0.000461
0.000383
0.000390
0.000341
0.000518
0.000433
0.000494
0.000422
0.000475
0.000545
0.000491
0.000333
0.000406
0.000493
0.000476
0.000456
0.000380
0.000280
0.000447
0.000457
0.000647
0.000575
0.000654
0.000588
-0.002169
0.000734
0.000724
0.000795
0.000603
0.000524
0.000670
0.000575
0.000763
0.000628
0.000658
0.000763
0.000700
0.000766
0.000632
0.000856
0.000605
0.000550
0.000420
0.000858
0.000997
0.000846
0.001050
0.000883
0.000726
0.000713
0.000753
0.000759
0.000769
0.000808
0.000826
0.000816
0.000853
0.000891
0.000868
0.000892
0.000941
0.001049
0.000790
0.000916
0.000906
0.000995
0.000963
0.000891
0.000838
0.000830
0.000549
0.000536
0.000490
0.000469
0.000387
0.000458
0.000453
0.000465
0.000416
0.000429
0.000430
0.000469
0.000576
0.000514
0.000454
0.000477
0.000549
0.000395
0.000399
0.000439
0.000262
0.000351
0.000384
0.000485
0.000611
0.000718
0.000599
0.000474
0.000836
0.000788
0.000606
0.000672
0.000633
0.000645
0.000584
0.000510
0.000464
0.000606
0.000692
0.000794
0.000834
0.000693
0.000800
0.000772
0.000693
0.000737
0.000893
0.000821
0.000941
0.000892
0.000854
0.000808
0.000684
0.000722
0.000702
0.000780
0.000872
0.000835
0.000788
0.000822
0.000915
0.001001
0.001070
0.001055
0.001012
0.000913
0.000869
0.000935
0.000891
0.001077
0.000909
0.000788
0.000760
0.000551
0.000542
0.000490
0.000440
0.000420
0.000449
0.000462
0.000369
0.000393
0.000460
0.000408
0.000461
0.000503
0.000487
0.000524
0.000359
0.000583
0.000455
0.000467
0.000475
0.000335
0.000477
0.000493
0.000421
0.000615
0.000689
0.000585
0.000475
0.000702
0.000695
0.000843
0.000664
0.000678
0.000546
0.000623
0.000520
0.000624
0.000464
0.000705
0.000841
0.000790
0.000633
0.000709
0.000687
0.000676
0.000730
0.000927
0.001036
0.000926
0.000884
0.000821
0.000844
0.000652
0.000575
0.000737
0.000836
0.000956
0.000897
0.000871
0.001033
0.000891
0.001207
0.001228
0.001043
0.000856
0.000875
0.000750
0.000721
0.000845
0.000897
0.000801
0.000833
0.000755
0.000701
0.000483
0.000524
0.000442
0.000519
0.000569
0.000516
0.000431
0.000423
0.000514
0.000500
0.000477
0.000551
0.000471
0.000541
0.000506
0.000557
0.000585
0.000408
0.000460
0.000468
0.000496
0.000443
0.000412
0.000507
0.000659
0.000704
0.000388
0.000761
0.000706
0.000862
0.000734
0.000646
0.000652
0.000736
0.000714
0.000489
0.000479
0.000584
0.000754
0.000756
0.000747
0.000574
0.000660
0.000599
0.000631
0.000775
0.000905
0.000883
0.000797
0.000776
0.000777
0.000694
0.000648
0.000705
0.000801
0.000852
0.000943
0.001026
0.001002
0.001021
0.001164
0.001105
0.001020
0.000927
0.000873
0.000738
0.000713
0.000856
0.000828
0.000862
0.000861
0.000911
0.000725
0.000494
0.000559
0.000569
0.000510
0.000453
0.000512
0.000524
0.000405
0.000425
0.000487
0.000574
0.000600
0.000520
0.000538
0.000549
0.000612
0.000620
0.000486
0.000477
0.000476
0.000457
0.000448
0.000436
0.000636
0.000705
0.000657
0.001326
0.000881
0.000875
0.000922
0.000779
0.000533
0.000704
0.000838
0.000662
0.000597
0.000651
0.000450
0.000742
0.000792
0.000805
0.000666
0.000688
0.000692
0.000681
0.000617
0.000575
0.000754
0.000723
0.000790
0.000882
0.000762
0.000668
0.000866
0.000796
0.000830
0.000928
0.000912
0.000946
0.000908
0.000986
0.001104
0.001007
0.000945
0.000849
0.000701
0.000801
0.000930
0.000800
0.000857
0.000830
0.000907
0.000827
0.000699
0.000582
0.000643
0.000600
0.000477
0.000502
0.000487
0.000562
0.000395
0.000379
0.000544
0.000541
0.000495
0.000537
0.000571
0.000631
0.000569
0.000506
0.000468
0.000305
0.000289
0.000353
0.000449
0.000485
0.000415
0.000745
0.000495
0.000891
0.000796
0.000823
0.000727
0.000588
0.000609
0.000680
0.000746
0.000515
0.000617
0.000688
0.000622
0.000776
0.000572
0.000639
0.000640
0.000692
0.000692
0.000725
0.000663
0.000637
0.000479
0.000749
0.000889
0.001000
0.000884
0.000885
0.000825
0.000834
0.000905
0.001009
0.000902
0.000836
0.000967
0.000891
0.000917
0.000955
0.000847
0.000729
0.000797
0.000767
0.000787
0.000830
0.000729
0.000744
0.000752
0.000757
0.000683
0.000537
0.000524
0.000501
0.000550
0.000514
0.000553
0.000412
0.000390
0.000470
0.000489
0.000476
0.000542
0.000547
0.000612
0.000519
0.000502
0.000514
0.000433
0.000472
0.000426
0.000372
0.000603
0.000693
0.000714
0.000399
0.000782
0.000606
0.000437
0.000598
0.000576
0.000655
0.000616
0.000596
0.000446
0.000544
0.000531
0.000447
0.000589
0.000704
0.000712
0.000630
0.000656
0.000720
0.000630
0.000589
0.000546
0.000163
0.000458
0.000915
0.000868
0.000962
0.000833
0.000721
0.000818
0.000910
0.000987
0.001014
0.000829
0.000962
0.000810
0.000940
0.000907
0.000763
0.000768
0.000697
0.000646
0.000624
0.000714
0.000690
0.000664
0.000829
0.000829
0.000597
0.000574
0.000562
0.000537
0.000433
0.000439
0.000498
0.000498
0.000423
0.000452
0.000506
0.000564
0.000437
0.000519
0.000571
0.000608
0.000548
0.000491
0.000581
0.000519
0.000562
0.000632
0.000563
0.000656
0.000677
0.000470
0.000744
0.000511
0.000489
0.000632
0.000775
0.000803
0.000577
0.000582
0.000533
0.000459
0.000479
0.000542
0.000510
0.000681
0.000723
0.000721
0.000733
0.000783
0.000712
0.000620
0.000488
0.000096
0.000211
0.000627
0.000692
0.000905
0.000797
0.000774
0.000902
0.001086
0.001109
0.001049
0.000676
0.000998
0.000900
0.000907
0.000888
0.000789
0.000755
0.000734
0.000597
0.000702
0.000717
0.000705
0.000716
0.000808
0.000792
0.000636
0.000567
0.000442
0.000461
0.000433
0.000426
0.000565
0.000588
0.000443
0.000485
0.000598
0.000618
0.000727
0.000544
0.000483
0.000542
0.000599
0.000573
0.000563
0.000624
0.000607
0.000585
0.000505
0.000606
0.000780
0.000725
0.000751
0.000672
0.000552
0.000711
0.000783
0.000551
0.000555
0.000618
0.000526
0.000575
0.000541
0.000494
0.000462
0.000689
0.000730
0.000716
0.000730
0.000648
0.000608
0.000659
0.000490
0.000210
0.000412
0.000457
0.000711
0.000871
0.000856
0.000916
0.000978
0.001118
0.001257
0.001312
0.001011
0.001079
0.000946
0.001035
0.000975
0.000856
0.000799
0.000734
0.000600
0.000573
0.000699
0.000710
0.000813
0.000749
0.000808
0.000665
0.000556
0.000490
0.000521
0.000444
0.000473
0.000588
0.000575
0.000673
0.000597
0.000552
0.000525
0.000687
0.000593
0.000606
0.000604
0.000682
0.000549
0.000599
0.000590
0.000597
0.000573
0.000665
0.000607
0.000543
0.000544
0.000810
0.000685
0.000673
0.000680
0.000696
0.000677
0.000509
0.000555
0.000563
0.000625
0.000612
0.000545
0.000542
0.000711
0.000761
0.000732
0.000736
0.000785
0.000705
0.000740
0.000659
0.000478
-0.000344
-0.004213
-0.004810
-0.001753
-0.000335
0.000385
0.000731
0.000995
0.001016
0.001161
0.001052
0.001011
0.001029
0.000910
0.000934
0.000934
0.000831
0.000714
0.000683
0.000603
0.000654
0.000657
0.000763
0.000793
0.000774
0.000656
0.000620
0.000477
0.000441
0.000425
0.000524
0.000614
0.000584
0.000602
0.000651
0.000539
0.000583
0.000588
0.000439
0.000703
0.000656
0.000692
0.000605
0.000618
0.000649
0.000607
0.000521
0.000513
0.000569
0.000466
0.000551
0.000755
0.000746
0.000687
0.000666
0.000602
0.000637
0.000515
0.000548
0.000599
0.000605
0.000606
0.000596
0.000690
0.000787
0.000703
0.000636
0.000720
0.000827
0.000816
0.000766
0.000826
0.000120
-0.007212
-0.004924
-0.012913
-0.025879
-0.021209
-0.012253
-0.005608
-0.003209
0.000301
0.001072
0.001186
0.001032
0.001012
0.000897
0.000936
0.000880
0.000842
0.000695
0.000560
0.000504
0.000562
0.000711
0.000646
0.000656
0.000785
0.000685
0.000649
0.000497
0.000432
0.000394
0.000451
0.000565
0.000605
0.000722
0.000580
0.000484
0.000538
0.000574
0.000533
0.000629
0.000756
0.000674
0.000674
0.000649
0.000628
0.000663
0.000663
0.000505
0.000384
0.000555
0.000770
0.000849
0.000765
0.000684
0.000616
0.000587
0.000553
0.000509
0.000473
0.000580
0.000528
0.000507
0.000540
0.000724
0.000679
0.000669
0.000727
0.000869
0.000694
0.000570
0.000374
0.000240
0.000112
-0.000356
-0.006846
-0.015027
-0.010244
-0.007019
-0.036284
-0.011496
-0.001601
0.001135
0.001121
0.001175
0.001038
0.000976
0.000954
0.000962
0.000976
0.000822
0.000696
0.000516
0.000328
0.000600
0.000719
0.000699
0.000667
0.000741
0.000765
0.000720
0.000585
0.000443
0.000449
0.000505
0.000585
0.000657
0.000593
0.000523
0.000489
0.000556
0.000533
0.000694
0.000334
0.000645
0.000677
0.000647
0.000702
0.000603
0.000455
0.000503
0.000488
0.000556
0.000419
-0.001100
0.000752
0.000724
0.000640
0.000533
0.000644
0.000554
0.000470
0.000499
0.000492
0.000517
0.000532
0.000577
0.000674
0.000665
0.000560
0.000511
-0.002245
-0.001807
-0.000975
0.000438
-0.000668
0.001594
0.002420
0.003190
0.003219
-0.001425
-0.010255
-0.006313
-0.000782
0.001248
0.001184
0.001112
0.001175
0.001423
0.001497
0.001595
0.001146
0.000955
0.000811
0.000929
0.000803
0.000667
0.000797
0.000855
0.000802
0.000799
0.000776
0.000594
0.000551
0.000577
0.000483
0.000524
0.000470
0.000418
0.000577
0.000579
0.000679
0.000549
0.000570
0.000522
0.000723
0.000511
0.000510
0.000631
0.000598
0.000626
0.000547
0.000418
0.000448
0.000599
0.000714
0.000576
0.000360
0.000689
0.000683
0.000631
0.000636
0.000619
0.000593
0.000563
0.000512
0.000406
0.000467
0.000498
0.000497
0.000653
0.000539
-0.000726
-0.001792
-0.002747
0.001390
0.001889
0.002066
0.001033
0.001675
0.001576
0.002174
0.004323
0.000501
-0.006026
-0.000125
0.001332
0.001651
0.001007
0.001146
0.002654
0.008791
0.011839
0.012736
0.005766
0.004758
0.001354
0.001167
0.000980
0.000907
0.000885
0.000842
0.000749
0.000715
0.000760
0.000599
0.000628
0.000645
0.000690
0.000677
0.000589
0.000490
0.000682
0.000655
0.000577
0.000702
0.000604
0.000552
0.000758
0.000581
0.000531
0.000551
0.000620
0.000618
0.000591
0.000473
0.000615
0.000637
0.000505
0.000798
0.000449
0.000650
0.000646
0.000555
0.000562
0.000641
0.000623
0.000549
0.000402
0.000251
0.000445
0.000472
0.000452
0.000423
-0.002410
0.000182
0.001248
0.000826
0.001059
0.001044
0.000895
0.000544
0.001122
0.001493
0.002230
0.003608
0.001554
0.003012
-0.002281
0.003842
0.007307
0.006276
0.009062
0.016797
0.019127
0.016902
0.009131
0.012181
0.013424
0.013458
0.004865
0.001437
0.000909
0.000830
0.000783
0.000713
0.000749
0.000700
0.000659
0.000708
0.000669
0.000711
0.000725
0.000675
0.000653
0.000710
0.000707
0.000715
0.000622
0.000681
0.000723
0.000654
0.000530
0.000425
0.000331
0.000588
0.000680
0.000769
0.000756
0.000602
0.000948
0.000896
0.000683
0.000772
0.000620
0.000585
0.000521
0.000474
0.000557
0.000550
0.000588
0.000451
0.000249
0.000418
0.000423
0.000421
-0.002790
-0.005935
0.001497
0.000690
0.000844
0.000771
0.000772
0.000738
0.000434
0.000482
0.000934
0.001400
0.002807
0.006195
0.008563
0.009708
0.013776
0.015360
0.011618
0.007349
0.013475
0.011345
0.005431
0.001822
0.004468
0.012220
0.012295
0.010742
0.003880
0.000722
0.000617
0.000730
0.000706
0.000653
0.000745
0.000749
0.000778
0.000660
0.000680
0.000655
0.000699
0.000719
0.000768
0.000740
0.000833
0.000692
0.000799
0.000695
0.000582
0.000568
0.000404
0.000413
0.000579
0.000701
0.000412
0.000542
0.000694
0.000944
0.001018
0.000880
-0.000596
0.000598
0.000545
0.000486
0.000544
0.000537
0.000565
0.000588
0.000434
0.000207
0.000393
0.000417
0.000201
-0.003169
-0.009036
-0.000060
0.000532
0.000942
0.000848
0.000836
0.000829
0.000755
0.000392
0.002287
0.002884
0.009330
0.010905
0.012828
0.011798
0.007719
-0.000461
-0.000326
0.002372
0.003605
0.002387
0.000995
0.000677
0.001068
0.003076
0.003775
0.004645
0.004015
0.000739
-0.000283
0.000719
0.000698
0.000562
0.000754
0.000782
0.000621
0.000606
0.000696
0.000744
0.000765
0.000770
0.000731
0.000747
0.000883
0.000754
0.000581
0.000600
0.000359
0.000820
0.000630
0.000306
0.000541
0.000746
0.000636
0.000842
0.000792
0.000816
0.000883
0.000987
0.001233
0.000627
0.000543
0.000490
0.000543
0.000594
0.000558
0.000596
0.000468
0.000240
0.000354
0.000370
0.000150
-0.002580
-0.009204
-0.002607
0.000054
0.000878
0.000960
0.000968
0.001098
0.000631
0.001211
0.000363
0.009991
0.017396
0.016922
0.020276
0.021307
0.013972
-0.000180
-0.002424
-0.001231
0.000258
0.000326
0.000407
0.000650
0.000348
0.000486
0.001405
0.002441
0.003138
0.001522
0.000702
0.001607
0.000834
0.000831
0.000687
0.000689
0.000714
0.000690
0.000708
0.000712
0.000767
0.000679
0.000732
0.000822
0.000971
0.000740
0.000650
0.000579
0.000532
0.000649
0.000755
0.000459
0.000558
0.000927
0.000994
0.000787
0.000770
0.000761
0.000881
0.000844
0.000937
0.000560
0.000563
0.000528
0.000517
0.000585
0.000537
0.000561
0.000516
0.000326
0.000348
0.000391
0.000394
-0.000611
-0.009757
-0.006085
0.000742
0.000717
0.001171
0.001009
0.000749
0.000636
-0.003132
-0.000938
0.006160
0.016697
0.018779
0.023166
0.025708
0.019428
0.003809
-0.001275
-0.000370
0.000524
0.000419
0.000688
0.000870
0.000671
0.000924
0.002605
0.001849
0.001406
-0.000538
0.000841
0.000307
0.001451
0.004037
0.000718
0.000722
0.000842
0.000713
0.000757
0.000764
0.000713
0.000760
0.000821
0.000894
0.000987
0.000892
0.000712
0.000717
0.000599
0.000555
0.000489
0.000513
0.000618
0.000863
0.000915
0.000806
0.000770
0.000781
0.000909
0.000853
0.000821
0.000573
0.000550
0.000551
0.000538
0.000552
0.000549
0.000525
0.000529
0.000459
0.000369
0.000403
0.000389
0.000035
-0.002293
-0.010577
-0.000396
0.002060
0.000906
0.002491
0.002834
0.000055
-0.004540
-0.006230
-0.006057
-0.005151
-0.005239
0.001783
0.017028
0.017530
0.006112
-0.000335
0.000385
0.000944
0.000638
0.000619
0.000883
0.001284
0.001776
0.002387
0.001448
-0.002480
-0.000215
0.000895
-0.000408
0.000910
0.000133
-0.000000
0.000716
0.000885
0.000894
0.000939
0.000836
0.000776
0.000816
0.001009
0.001058
0.001082
0.000947
0.000715
0.000507
0.000699
0.000507
0.000408
0.000780
0.000834
0.000792
0.000904
0.000913
0.000723
0.000847
0.000836
0.000801
0.000806
0.000633
0.000520
0.000529
0.000520
0.000552
0.000459
0.000391
0.000560
0.000491
0.000331
0.000326
0.000397
0.000338
-0.002907
-0.026584
-0.003356
0.000700
0.003998
0.005688
0.008050
0.002390
-0.016783
-0.006059
0.000245
0.001197
0.001235
0.001306
0.006067
0.016589
0.008837
0.001250
0.002681
0.000947
0.001103
0.000922
0.000995
0.002755
0.004362
0.004105
-0.001220
-0.000205
0.001241
0.001315
0.000662
0.000454
-0.000509
0.000188
0.001952
0.001099
0.001093
0.001068
0.001008
0.000856
0.000873
0.001035
0.001028
0.001066
0.000936
0.000765
0.000465
0.001013
0.000842
0.000704
0.000736
0.000738
0.000716
0.000994
0.000999
0.000853
0.001007
0.000868
0.000671
0.000815
0.000684
0.000599
0.000574
0.000529
0.000530
0.000533
0.000316
0.000524
0.000462
0.000376
0.000284
0.000373
0.000348
0.000382
-0.000955
0.000079
0.000430
0.000517
0.000491
0.000495
-0.000290
-0.001114
0.000267
0.001039
0.001258
0.001437
0.001519
0.002656
0.011906
0.012561
0.006848
-0.009453
-0.004980
-0.000226
-0.000224
0.000215
-0.008420
-0.005977
-0.006958
-0.006858
-0.009594
-0.010313
0.000861
0.001068
0.000915
0.000865
0.001086
0.005161
0.006013
0.002140
0.001224
0.001160
0.000977
0.000985
0.000960
0.000929
0.000922
0.000943
0.000827
0.000482
0.001134
0.000944
0.000728
0.000683
0.000688
0.000810
0.000930
0.001080
0.001008
0.000869
0.000723
0.000572
0.000726
0.000679
0.000676
0.000604
0.000556
0.000513
0.000480
0.000258
0.000245
0.000487
0.000437
0.000311
0.000362
0.000350
0.000345
0.000346
0.000330
0.000297
0.000300
0.000396
0.000435
0.000435
0.000457
0.000742
0.000151
0.004942
0.006465
0.005512
0.003535
-0.008163
-0.011892
-0.014250
-0.012972
-0.008892
-0.004517
-0.003481
-0.002563
-0.006246
-0.007467
-0.005813
-0.007967
-0.011753
-0.012307
-0.012324
-0.008905
0.000609
0.001373
0.001760
0.000472
0.005643
-0.000818
0.002478
0.001178
0.001111
0.000893
0.000885
0.000920
0.000939
0.001025
0.000843
0.000405
0.000622
0.000961
0.000770
0.000673
0.000653
0.000717
0.000839
0.001024
0.001094
0.000471
0.000575
0.000729
0.000615
0.000735
0.000614
0.000605
0.000583
0.000583
0.000495
0.000517
0.000382
0.000381
0.000289
0.000369
0.000363
0.000370
0.000350
0.000300
0.000256
0.000329
0.000362
0.000338
0.000419
0.000676
-0.000349
-0.000570
-0.000052
-0.000189
0.000371
0.004250
0.002085
-0.008380
-0.016108
-0.018423
-0.013037
-0.009181
-0.007567
-0.005922
-0.006780
-0.005189
-0.006722
-0.006299
-0.010363
-0.012647
-0.010853
-0.012169
-0.013435
-0.009570
-0.000450
-0.000389
0.001604
0.004234
0.001138
-0.002947
0.001795
0.001082
0.000929
0.001086
0.001138
0.001055
0.001041
0.000704
0.000415
0.000231
0.000733
0.000935
0.000765
0.000745
0.000682
0.000594
0.001051
0.001203
0.000882
0.000876
0.000498
0.000508
0.000654
0.000615
0.000650
0.000613
0.000561
0.000546
0.000538
0.000326
0.000385
0.000384
0.000368
0.000348
0.000291
0.000326
0.000278
0.000151
0.000166
0.000181
0.000292
0.000430
-0.000584
-0.000626
-0.000942
0.000440
0.000054
0.001663
0.005608
0.001734
-0.008708
-0.017207
-0.017472
-0.013872
-0.008834
-0.007947
-0.007539
-0.006196
-0.006316
-0.005047
-0.005110
-0.007076
-0.008646
-0.008917
-0.010742
-0.014752
-0.015301
-0.010509
-0.002402
0.000340
0.000410
-0.003705
-0.005392
-0.005371
0.001028
0.001173
0.001283
0.001060
0.001077
0.001084
0.000650
0.000466
0.000461
0.000625
0.000989
0.000991
0.000778
0.000645
0.000628
0.001063
0.001198
0.001267
0.000931
0.000446
0.000563
0.000643
0.000683
0.000671
0.000668
0.000641
0.000633
0.000553
0.000431
0.000463
0.000378
0.000342
0.000333
0.000260
0.000246
0.000236
0.000188
0.000040
0.000062
-0.000398
-0.000605
-0.000584
-0.000593
-0.000991
-0.002048
0.001609
0.003017
0.006241
0.000801
-0.007737
-0.015640
-0.017124
-0.016470
-0.010306
-0.008067
-0.007239
-0.006878
-0.005397
-0.006325
-0.007267
-0.008001
-0.006630
-0.006410
-0.008893
-0.006731
-0.003451
-0.009461
-0.000397
0.001369
0.003358
-0.003060
-0.007256
-0.009598
-0.005305
0.000707
0.000955
0.001004
0.000952
0.001056
0.000957
0.000854
0.000863
0.000898
0.000913
0.001039
0.000963
0.001298
0.001211
0.001274
0.001353
0.001357
0.001205
0.000361
0.000624
0.000610
0.000618
0.000589
0.000642
0.000680
0.000608
0.000549
0.000487
0.000364
0.000369
0.000324
0.000328
0.000257
0.000193
0.000205
0.000135
0.000116
-0.000328
-0.000435
-0.000503
-0.000506
-0.000497
-0.000492
-0.000126
0.004785
0.011859
0.007041
-0.001508
-0.008828
-0.016274
-0.016533
-0.013306
-0.009093
-0.006596
-0.007866
-0.007633
-0.007542
-0.008917
-0.007212
-0.007461
-0.007634
-0.007282
-0.006681
-0.005791
-0.005070
-0.001635
-0.006401
-0.002312
0.002183
-0.003147
-0.006413
-0.009615
-0.009419
-0.005586
-0.003911
0.001192
0.001019
0.001055
0.001053
0.000863
0.000942
0.000765
0.000872
0.001034
0.001208
0.001487
0.001470
0.001260
0.001262
0.001164
0.000912
0.000679
0.000752
0.000703
0.000649
0.000668
0.000632
0.000674
0.000591
0.000447
0.000383
0.000237
0.000348
0.000335
0.000341
0.000359
0.000241
0.000248
-0.000072
-0.000299
-0.000415
-0.000416
-0.000499
-0.000523
-0.000494
-0.000460
0.000107
0.008472
0.012855
0.007947
-0.003403
-0.007446
-0.014971
-0.015870
-0.011144
-0.008906
-0.007326
-0.008283
-0.006162
-0.006704
-0.007371
-0.006580
-0.007815
-0.007170
-0.006322
-0.006379
-0.005162
-0.004790
-0.004093
-0.001818
-0.003980
-0.004106
-0.004398
-0.006154
-0.008717
-0.007918
-0.005912
-0.004872
-0.002295
0.000988
0.000980
0.001089
0.001109
0.000919
0.001108
0.001071
0.000819
0.001109
0.001125
0.001332
0.001216
0.001081
0.001019
0.000817
0.000952
0.000942
0.000676
0.000676
0.000685
0.000661
0.000763
0.000875
0.000958
0.000950
0.001223
0.000311
0.000194
0.000336
0.000412
-0.000150
-0.000142
-0.000266
-0.000367
-0.000423
-0.000473
-0.000502
-0.000553
-0.000476
-0.000427
-0.000095
0.010047
0.011238
0.007544
-0.001655
-0.005970
-0.013556
-0.013148
-0.012008
-0.009574
-0.007840
-0.008700
-0.008289
-0.006017
-0.006269
-0.005997
-0.008206
-0.006469
-0.006380
-0.004965
-0.005084
-0.005986
-0.005350
-0.001938
-0.002657
-0.005959
-0.006187
-0.006736
-0.006517
-0.006257
-0.005198
-0.004501
-0.002214
-0.001367
-0.000435
0.001025
0.001163
0.001252
0.001160
0.000992
0.000822
0.001021
0.000954
0.001295
0.001209
0.001166
0.000973
0.001251
0.001353
0.001153
0.000730
0.000769
0.000745
0.000792
0.000817
0.000903
0.000837
0.000831
0.000840
0.000767
0.000901
0.000847
-0.000049
-0.000136
-0.000149
-0.000261
-0.000303
-0.000330
-0.000419
-0.000464
-0.000431
0.000839
0.001040
0.001004
0.000395
0.002218
0.001510
0.000438
0.002305
-0.009471
-0.008353
-0.009442
-0.010184
-0.008567
-0.007275
-0.006686
-0.006912
-0.005831
-0.006606
-0.007743
-0.008213
-0.007646
-0.006037
-0.006354
-0.006386
-0.005003
-0.002508
-0.002606
-0.003680
-0.007618
-0.005627
-0.002685
-0.001850
-0.002103
-0.002476
-0.001581
0.000470
-0.000297
0.001043
0.001746
0.003029
0.001406
0.001074
0.001062
0.001182
0.001232
0.001320
0.001279
0.001411
0.001370
0.001229
0.001072
0.001245
0.000628
0.000583
0.000644
0.000735
0.000770
0.000855
0.000851
0.000814
0.000795
0.000927
0.000782
0.000832
0.001020
0.001043
0.001010
0.000942
0.000961
0.001020
0.000896
0.000992
0.000809
0.000755
0.000747
0.000792
0.000813
0.000737
0.000842
0.000906
0.001007
0.000569
-0.000058
-0.006174
-0.010112
-0.010056
-0.009044
-0.007591
-0.005526
-0.005274
-0.007437
-0.009038
-0.008801
-0.008332
-0.006897
-0.006885
-0.005774
-0.004102
-0.002125
-0.001607
-0.001035
-0.001396
0.000878
0.008978
0.007015
0.005250
0.003123
0.003508
0.005730
0.009668
0.013696
0.015537
0.016032
0.003678
0.001352
0.001191
0.001151
0.001216
0.001370
0.001365
0.001439
0.001263
0.001182
0.001292
0.001290
0.000511
0.000567
0.000616
0.000615
0.000476
0.000716
0.000800
0.000865
0.000887
0.000929
0.000791
0.000822
0.000684
0.000718
0.000687
0.000646
0.000658
0.000776
0.000783
0.000822
0.000770
0.000694
0.000754
0.000769
0.000794
0.000703
0.000835
0.000887
0.000822
0.000622
0.001387
0.000965
0.000166
0.000130
-0.000133
-0.000461
0.000397
-0.003459
-0.005532
-0.007898
-0.007640
-0.006970
-0.005176
-0.004942
-0.004475
-0.003218
-0.001617
-0.001252
-0.002291
-0.002678
0.006232
0.019016
0.019139
0.017016
0.013803
0.013966
0.020452
0.016609
0.003319
0.002667
0.002430
0.001820
0.001865
0.001450
0.001214
0.001507
0.001665
0.001552
0.001383
0.001165
0.001460
0.001359
0.001256
0.000559
0.000522
0.000493
0.000585
0.000395
0.000584
0.000893
0.000931
0.000933
0.000978
0.000889
0.000709
0.000680
0.000624
0.000631
0.000606
0.000520
0.000675
0.000839
0.000860
0.000774
0.000752
0.000741
0.000728
0.000601
0.000634
0.000688
0.000869
0.000923
0.000776
0.000481
0.000815
0.000975
0.001053
0.001126
0.001096
0.001216
0.001001
0.000807
0.000827
0.000844
0.000810
0.001064
0.001642
-0.003889
-0.003882
-0.004249
-0.003851
-0.005057
-0.004757
-0.003861
0.014841
0.016292
0.006570
0.010010
0.009277
0.004980
0.002783
0.001875
0.001887
0.001957
0.001970
0.001926
0.001846
0.001619
0.001954
0.001684
0.001617
0.001424
0.001360
0.001398
0.001176
0.001175
0.000712
0.000720
0.000547
0.000725
0.000566
0.000585
0.000890
0.001043
0.001118
0.001106
0.001021
0.001125
0.000926
0.000838
0.000927
0.000515
0.000505
0.000578
0.000903
0.000886
0.000807
0.000789
0.000711
0.000545
0.000477
0.000577
0.000658
0.000799
0.000807
0.000585
0.000781
0.000866
0.000801
0.001276
0.001222
0.001202
0.001140
0.000876
0.000838
0.001120
0.001193
0.001231
0.001200
0.001111
0.002037
-0.006126
-0.007903
-0.006617
-0.005896
-0.005806
-0.002549
0.002576
0.001558
0.001955
0.002095
0.001978
0.001925
0.001690
0.001682
0.001873
0.001894
0.001815
0.001736
0.001780
0.001763
0.001770
0.001660
0.001651
0.001481
0.001162
0.001167
0.001196
0.001542
0.000699
0.000701
0.000461
0.000544
0.000661
0.000700
0.000876
0.001046
0.001063
0.001098
0.001143
0.001265
0.001115
0.000900
0.000923
0.000656
0.000557
0.000601
0.000844
0.000910
0.000878
0.000808
0.000779
0.000565
0.000660
0.000592
0.000610
0.000737
0.000741
0.000647
0.000911
0.000964
0.000790
0.000975
0.001080
0.001161
0.001116
0.000965
0.000862
0.001118
0.001321
0.001253
0.001323
0.001390
0.001443
0.002520
-0.005873
-0.004199
-0.004523
-0.002641
0.001361
0.003281
0.002110
0.001801
0.001863
0.001611
0.001608
0.001550
0.001634
0.001669
0.001719
0.001697
0.001630
0.001687
0.001576
0.001664
0.001570
0.001358
0.001244
0.000978
0.001158
0.001266
0.001401
0.000677
0.000744
0.000643
0.000787
0.000796
0.000859
0.000917
0.001158
0.000977
0.000953
0.001110
0.001191
0.000939
0.000892
0.000994
0.000707
0.000595
0.000544
0.000736
0.001003
0.000979
0.000879
0.000866
0.000676
0.000625
0.000731
0.000562
0.000699
0.000835
0.000664
0.000854
0.000901
0.000550
0.000390
0.001124
0.001172
0.001062
0.000883
0.000825
0.001216
0.001261
0.001144
0.001426
0.001402
0.001552
0.001575
0.002320
-0.000235
0.002346
0.001609
0.001517
-0.000672
0.001312
0.001872
0.001886
0.001703
0.001452
0.001686
0.001679
0.001765
0.001867
0.001694
0.001634
0.001372
0.001337
0.001067
0.001100
0.000959
0.001219
0.000873
0.000624
0.000694
0.000889
0.000684
0.000701
0.000842
0.000813
0.000799
0.000721
0.000938
0.001020
0.001127
0.000949
0.001073
0.000893
0.000978
0.001056
0.000938
0.001027
0.000545
0.000616
0.000649
0.001039
0.000952
0.000842
0.000686
0.000664
0.000538
0.000784
0.000666
0.000820
0.000872
0.000596
0.000713
0.000608
0.000421
0.000548
0.000963
0.001208
0.001222
0.001072
0.001067
0.001284
0.001069
0.000825
0.001158
0.001281
0.001394
0.001484
0.001429
0.001733
0.001753
0.001840
0.000880
0.001690
0.001736
0.001934
0.001988
0.001838
0.001456
0.001682
0.001840
0.001739
0.001836
0.001689
0.001393
0.000964
0.000568
0.000393
0.000922
0.000987
0.000941
0.000942
0.000353
0.000341
0.000342
0.000635
0.000688
0.000804
0.000848
0.000863
0.000775
0.000855
0.001004
0.001086
0.001157
0.001019
0.000911
0.001092
0.001131
0.000928
0.000901
0.000708
0.000546
0.000654
0.000933
0.000930
0.000757
0.000752
0.000864
0.000691
0.000673
0.000776
0.000847
0.000965
0.000765
0.000712
0.000646
0.000546
0.000340
0.000507
0.001106
0.001229
0.001316
0.001304
0.001292
0.001153
0.000967
0.001286
0.001353
0.001337
0.001242
0.001461
0.001530
0.001593
0.001336
0.001002
0.001519
0.001634
0.001919
0.002009
0.001844
0.001648
0.001742
0.001921
0.001832
0.001770
0.001507
0.000980
0.000762
0.000587
0.000092
0.000862
0.000903
0.000933
0.000899
0.000445
0.000317
0.000334
0.000661
0.000727
0.000733
0.000761
0.000814
0.000728
0.000722
0.000764
0.000963
0.001107
0.000888
0.000992
0.001002
0.000948
0.000759
0.000792
0.000832
0.000687
0.000661
0.000795
0.000823
0.000769
0.000871
0.001077
0.000882
0.000752
0.000972
0.001022
0.001154
0.001177
0.000877
0.000818
0.000811
0.000480
0.000656
0.000863
0.001272
0.001426
0.001311
0.001226
0.001073
0.000722
0.001181
0.001504
0.001325
0.001397
0.001624
0.001625
0.001572
0.001411
0.001139
0.001359
0.001770
0.001739
0.001796
0.001782
0.001746
0.001603
0.001737
0.001736
0.001556
0.001344
0.001303
0.001084
0.000890
0.000237
0.000974
0.001165
0.001345
0.001451
0.001135
0.000779
0.000324
0.000706
0.000667
0.000814
0.000869
0.000833
0.000749
0.000703
0.000682
0.000887
0.000994
0.000797
0.000730
0.000948
0.001032
0.000856
0.000888
0.000956
0.000806
0.000807
0.000664
0.000771
0.001023
0.001186
0.000859
0.000997
0.000798
0.001104
0.001118
0.001128
0.001121
0.001117
0.001044
0.000742
0.000673
0.000941
0.001026
0.001176
0.001398
0.001375
0.001173
0.001148
0.001026
0.001240
0.001471
0.001454
0.001138
0.001259
0.001525
0.001569
0.001544
0.001482
0.001265
0.001737
0.001827
0.001740
0.001826
0.001731
0.001461
0.001640
0.001656
0.001618
0.001441
0.001289
0.001258
0.001071
0.000972
0.001194
0.001161
0.001262
0.001414
0.001652
0.001223
0.001086
0.000738
0.000687
0.000836
0.000877
0.000771
0.000734
0.000680
0.000627
0.000842
0.000999
0.000848
0.000713
0.000763
0.001071
0.000907
0.000880
0.001004
0.000906
0.000763
0.000886
0.000968
0.001119
0.000931
0.001026
0.001322
0.001282
0.001262
0.001272
0.001238
0.001386
0.001290
0.000848
0.000940
0.000955
0.001162
0.001056
0.000960
0.001117
0.001270
0.001192
0.001027
0.001214
0.001172
0.001464
0.001295
0.001129
0.001405
0.001542
0.001567
0.001439
0.001581
0.001402
0.001754
0.001718
0.001784
0.001711
0.001483
0.001463
0.001600
0.001609
0.001680
0.001647
0.001372
0.001456
0.001591
0.001582
0.001183
0.001178
0.001279
0.001472
0.001545
0.001241
0.000851
