-0.000153
-0.000201
-0.000233
0.000632
-0.000249
-0.000331
-0.000403
0.000438
-0.000390
-0.000374
-0.000395
-0.000603
-0.000309
-0.000277
-0.000302
-0.000295
-0.000247
-0.000256
-0.000231
-0.000238
-0.000238
-0.000206
-0.000149
-0.000181
-0.000177
-0.000180
-0.000162
-0.000180
-0.000192
-0.000208
-0.000179
-0.000168
-0.000164
-0.000184
-0.000186
-0.000183
-0.000188
-0.000171
-0.000155
-0.000182
-0.000198
-0.000195
-0.000200
-0.000253
-0.000279
-0.000302
-0.000284
-0.000270
-0.000264
-0.000273
-0.000287
-0.000282
-0.000291
-0.000290
-0.000289
-0.000279
-0.000251
-0.000263
-0.000314
-0.000348
-0.000320
-0.000214
-0.000087
-0.000028
0.000098
0.000080
-0.001158
0.000083
0.000111
0.000089
0.000061
0.000101
0.000195
-0.000200
-0.000215
-0.000287
-0.000322
-0.000352
-0.000364
-0.000420
-0.000422
-0.000398
-0.000373
-0.000344
-0.000379
-0.000319
-0.000291
-0.000253
-0.000232
-0.000224
-0.000210
-0.000225
-0.000203
-0.000199
-0.000196
-0.000173
-0.000176
-0.000169
-0.000172
-0.000158
-0.000188
-0.000168
-0.000182
-0.000151
-0.000148
-0.000148
-0.000161
-0.000163
-0.000166
-0.000193
-0.000185
-0.000169
-0.000183
-0.000196
-0.000205
-0.000189
-0.000230
-0.000239
-0.000257
-0.000275
-0.000273
-0.000265
-0.000233
-0.000274
-0.000278
-0.000251
-0.000230
-0.000280
-0.000284
-0.000257
-0.000256
-0.000260
-0.000277
-0.000254
-0.000252
-0.000264
-0.000300
-0.000266
-0.000277
-0.000280
-0.000305
-0.000325
-0.000338
-0.000288
-0.000317
-0.000177
-0.000172
-0.000225
-0.000266
-0.000244
-0.000334
-0.000356
-0.000393
-0.000422
-0.000379
-0.000365
-0.000325
-0.000325
-0.000272
-0.000269
-0.000236
-0.000215
-0.000221
-0.000185
-0.000199
-0.000177
-0.000179
-0.000163
-0.000170
-0.000162
-0.000157
-0.000171
-0.000157
-0.000154
-0.000169
-0.000146
-0.000150
-0.000153
-0.000160
-0.000166
-0.000152
-0.000165
-0.000164
-0.000171
-0.000148
-0.000169
-0.000182
-0.000194
-0.000208
-0.000222
-0.000203
-0.000235
-0.000250
-0.000267
-0.000201
-0.000256
-0.000269
-0.000274
-0.000253
-0.000236
-0.000268
-0.000279
-0.000268
-0.000241
-0.000254
-0.000274
-0.000252
-0.000257
-0.000250
-0.000267
-0.000251
-0.000251
-0.000277
-0.000301
-0.000339
-0.000343
-0.000315
-0.000342
-0.000313
-0.000142
-0.000187
-0.000226
-0.000280
-0.000288
-0.000346
-0.000349
-0.000324
-0.000353
-0.000336
-0.000325
-0.000313
-0.000287
-0.000216
-0.000209
-0.000202
-0.000202
-0.000192
-0.000169
-0.000180
-0.000155
-0.000156
-0.000167
-0.000161
-0.000151
-0.000174
-0.000161
-0.000157
-0.000156
-0.000142
-0.000160
-0.000149
-0.000137
-0.000137
-0.000151
-0.000155
-0.000137
-0.000177
-0.000169
-0.000153
-0.000178
-0.000143
-0.000150
-0.000214
-0.000236
-0.000206
-0.000223
-0.000249
-0.000237
-0.000243
-0.000236
-0.000269
-0.000253
-0.000256
-0.000259
-0.000251
-0.000239
-0.000262
-0.000280
-0.000311
-0.000272
-0.000256
-0.000275
-0.000288
-0.000239
-0.000243
-0.000291
-0.000309
-0.000346
-0.000355
-0.000354
-0.000364
-0.000330
-0.000132
-0.000150
-0.000187
-0.000235
-0.000259
-0.000275
-0.000322
-0.000309
-0.000283
-0.000294
-0.000304
-0.000338
-0.000264
-0.000191
-0.000224
-0.000229
-0.000212
-0.000195
-0.000162
-0.000164
-0.000157
-0.000144
-0.000158
-0.000160
-0.000135
-0.000133
-0.000153
-0.000150
-0.000132
-0.000144
-0.000140
-0.000119
-0.000134
-0.000144
-0.000132
-0.000141
-0.000126
-0.000154
-0.000153
-0.000161
-0.000167
-0.000163
-0.000129
-0.000154
-0.000211
-0.000202
-0.000208
-0.000209
-0.000222
-0.000219
-0.000238
-0.000252
-0.000239
-0.000232
-0.000232
-0.000261
-0.000252
-0.000254
-0.000262
-0.000253
-0.000261
-0.000279
-0.000300
-0.000335
-0.000242
-0.000296
-0.000272
-0.000349
-0.000355
-0.000360
-0.000361
-0.000370
-0.002169
-0.000129
-0.000142
-0.000180
-0.000194
-0.000217
-0.000292
-0.000265
-0.000228
-0.000253
-0.000291
-0.000236
-0.000248
-0.000257
-0.000197
-0.000207
-0.000210
-0.000214
-0.000142
-0.000155
-0.000136
-0.000142
-0.000161
-0.000158
-0.000128
-0.000135
-0.000131
-0.000166
-0.000144
-0.000114
-0.000135
-0.000121
-0.000145
-0.000137
-0.000126
-0.000113
-0.000113
-0.000122
-0.000127
-0.000138
-0.000161
-0.000182
-0.000185
-0.000209
-0.000160
-0.000174
-0.000199
-0.000199
-0.000191
-0.000182
-0.000209
-0.000236
-0.000223
-0.000217
-0.000232
-0.000229
-0.000265
-0.000257
-0.000186
-0.000229
-0.000271
-0.000279
-0.000261
-0.000274
-0.000314
-0.000243
-0.000327
-0.000318
-0.000337
-0.000360
-0.000350
-0.000372
-0.000378
-0.000342
-0.000140
-0.000134
-0.000150
-0.000195
-0.000215
-0.000244
-0.000259
-0.000243
-0.000232
-0.000255
-0.000216
-0.000186
-0.000212
-0.000208
-0.000190
-0.000176
-0.000196
-0.000155
-0.000154
-0.000151
-0.000175
-0.000151
-0.000126
-0.000151
-0.000156
-0.000152
-0.000135
-0.000151
-0.000141
-0.000115
-0.000124
-0.000127
-0.000121
-0.000119
-0.000112
-0.000120
-0.000107
-0.000118
-0.000118
-0.000138
-0.000147
-0.000163
-0.000175
-0.000194
-0.000203
-0.000205
-0.000182
-0.000193
-0.000207
-0.000190
-0.000226
-0.000226
-0.000217
-0.000207
-0.000221
-0.000221
-0.000241
-0.000263
-0.000275
-0.000279
-0.000270
-0.000278
-0.000296
-0.000358
-0.000278
-0.000302
-0.000306
-0.000350
-0.000345
-0.000375
-0.000378
-0.000379
-0.000345
-0.000144
-0.000140
-0.000146
-0.000196
-0.000218
-0.000247
-0.000243
-0.000227
-0.000213
-0.000248
-0.000233
-0.000186
-0.000250
-0.000224
-0.000210
-0.000227
-0.000197
-0.000175
-0.000190
-0.000162
-0.000153
-0.000153
-0.000145
-0.000122
-0.000134
-0.000123
-0.000132
-0.000110
-0.000101
-0.000118
-0.000126
-0.000114
-0.000094
-0.000107
-0.000105
-0.000107
-0.000094
-0.000106
-0.000126
-0.000117
-0.000153
-0.000154
-0.000169
-0.000193
-0.000169
-0.000190
-0.000160
-0.000186
-0.000211
-0.000191
-0.000210
-0.000209
-0.000201
-0.000205
-0.000224
-0.000214
-0.000236
-0.000245
-0.000264
-0.000244
-0.000260
-0.000298
-0.000310
-0.000373
-0.000377
-0.000342
-0.000309
-0.000320
-0.000382
-0.000384
-0.000403
-0.000373
-0.000349
-0.000139
-0.000154
-0.000161
-0.000213
-0.000218
-0.000247
-0.000243
-0.000236
-0.000220
-0.000205
-0.000183
-0.000188
-0.000193
-0.000220
-0.000265
-0.000241
-0.000218
-0.000219
-0.000184
-0.000171
-0.000141
-0.000138
-0.000156
-0.000152
-0.000163
-0.000164
-0.000146
-0.000136
-0.000110
-0.000108
-0.000107
-0.000105
-0.000080
-0.000085
-0.000084
-0.000087
-0.000088
-0.000066
-0.000085
-0.000098
-0.000112
-0.000131
-0.000126
-0.000151
-0.000146
-0.000146
-0.000155
-0.000163
-0.000183
-0.000175
-0.000177
-0.000200
-0.000195
-0.000228
-0.000224
-0.000227
-0.000254
-0.000258
-0.000251
-0.000244
-0.000237
-0.000296
-0.000334
-0.000369
-0.000389
-0.000283
-0.000362
-0.000369
-0.000389
-0.000410
-0.000409
-0.000415
0.001326
-0.000153
-0.000161
-0.000180
-0.000215
-0.000221
-0.000215
-0.000213
-0.000203
-0.000174
-0.000200
-0.000202
-0.000172
-0.000210
-0.000219
-0.000242
-0.000212
-0.000221
-0.000209
-0.000159
-0.000146
-0.000155
-0.000139
-0.000157
-0.000169
-0.000150
-0.000145
-0.000125
-0.000129
-0.000102
-0.000108
-0.000087
-0.000105
-0.000090
-0.000076
-0.000055
-0.000070
-0.000070
-0.000069
-0.000046
-0.000052
-0.000066
-0.000084
-0.000085
-0.000120
-0.000109
-0.000126
-0.000165
-0.000201
-0.000216
-0.000184
-0.000188
-0.000199
-0.000205
-0.000221
-0.000250
-0.000251
-0.000266
-0.000241
-0.000253
-0.000235
-0.000295
-0.000287
-0.000321
-0.000337
-0.000311
-0.000396
-0.000390
-0.000394
-0.000411
-0.000475
-0.000470
-0.000444
-0.000442
-0.000151
-0.000172
-0.000194
-0.000180
-0.000205
-0.000219
-0.000227
-0.000212
-0.000212
-0.000224
-0.000190
-0.000179
-0.000192
-0.000193
-0.000230
-0.000235
-0.000218
-0.000169
-0.000157
-0.000169
-0.000151
-0.000147
-0.000133
-0.000130
-0.000099
-0.000117
-0.000092
-0.000124
-0.000124
-0.000094
-0.000100
-0.000079
-0.000061
-0.000067
-0.000044
-0.000039
-0.000049
-0.000024
-0.000016
-0.000022
-0.000037
-0.000046
-0.000057
-0.000094
-0.000089
-0.000114
-0.000125
-0.000161
-0.000215
-0.000190
-0.000195
-0.000202
-0.000234
-0.000248
-0.000261
-0.000262
-0.000269
-0.000273
-0.000268
-0.000307
-0.000323
-0.000333
-0.000309
-0.000333
-0.000354
-0.000385
-0.000416
-0.000431
-0.000440
-0.000461
-0.000404
-0.000476
-0.000433
-0.000168
-0.000149
-0.000155
-0.000174
-0.000211
-0.000226
-0.000230
-0.000213
-0.000187
-0.000190
-0.000203
-0.000201
-0.000186
-0.000198
-0.000183
-0.000164
-0.000177
-0.000179
-0.000172
-0.000150
-0.000138
-0.000137
-0.000123
-0.000103
-0.000115
-0.000122
-0.000113
-0.000114
-0.000121
-0.000107
-0.000090
-0.000042
-0.000063
-0.000052
-0.000047
-0.000022
-0.000008
0.000019
0.000015
0.000012
0.000009
-0.000011
-0.000047
-0.000076
-0.000080
-0.000101
-0.000119
-0.000138
-0.000181
-0.000182
-0.000196
-0.000217
-0.000227
-0.000245
-0.000261
-0.000264
-0.000258
-0.000294
-0.000321
-0.000318
-0.000321
-0.000354
-0.000374
-0.000351
-0.000357
-0.000383
-0.000380
-0.000440
-0.000452
-0.000496
-0.000434
-0.000501
-0.000428
-0.000153
-0.000182
-0.000150
-0.000181
-0.000196
-0.000224
-0.000203
-0.000217
-0.000206
-0.000175
-0.000174
-0.000193
-0.000197
-0.000201
-0.000196
-0.000175
-0.000181
-0.000175
-0.000146
-0.000128
-0.000146
-0.000160
-0.000167
-0.000170
-0.000148
-0.000112
-0.000117
-0.000148
-0.000126
-0.000115
-0.000093
-0.000052
-0.000054
-0.000038
-0.000020
-0.000002
0.000021
0.000041
0.000055
0.000050
0.000036
0.000016
-0.000027
-0.000058
-0.000072
-0.000084
-0.000101
-0.000129
-0.000163
-0.000191
-0.000207
-0.000212
-0.000215
-0.000229
-0.000262
-0.000288
-0.000291
-0.000290
-0.000346
-0.000341
-0.000352
-0.000381
-0.000400
-0.000379
-0.000449
-0.000411
-0.000442
-0.000456
-0.000458
-0.000487
-0.000468
-0.000504
0.000725
-0.000162
-0.000206
-0.000154
-0.000157
-0.000177
-0.000174
-0.000176
-0.000186
-0.000203
-0.000164
-0.000181
-0.000182
-0.000170
-0.000158
-0.000178
-0.000183
-0.000156
-0.000169
-0.000151
-0.000142
-0.000164
-0.000155
0.000198
-0.001199
-0.001419
-0.001153
-0.000515
-0.000194
-0.000208
-0.000147
-0.000096
-0.000048
-0.000040
0.000016
0.000018
0.000042
0.000061
0.000080
0.000106
0.000099
0.000095
0.000067
0.000029
-0.000010
-0.000058
-0.000085
-0.000100
-0.000107
-0.000159
-0.000189
-0.000190
-0.000208
-0.000244
-0.000253
-0.000293
-0.000353
-0.000413
-0.000394
-0.000349
-0.000341
-0.000350
-0.000379
-0.000435
-0.000452
-0.000465
-0.000458
-0.000431
-0.000431
-0.000458
-0.000479
-0.000449
-0.000460
-0.000488
-0.000186
-0.000179
-0.000157
-0.000161
-0.000163
-0.000168
-0.000171
-0.000183
-0.000185
-0.000159
-0.000172
-0.000172
-0.000159
-0.000152
-0.000157
-0.000165
-0.000145
-0.000166
-0.000205
-0.000173
-0.000180
0.000736
0.005690
0.005344
0.000828
-0.001343
-0.003749
-0.003736
-0.002535
-0.001174
-0.000275
-0.000039
-0.000013
0.000028
0.000038
0.000060
0.000094
0.000119
0.000154
0.000177
0.000161
0.000144
0.000104
0.000035
-0.000029
-0.000073
-0.000107
-0.000123
-0.000153
-0.000182
-0.000208
-0.000231
-0.000266
-0.000272
-0.000306
-0.000355
-0.000406
-0.000356
-0.000388
-0.000402
-0.000386
-0.000415
-0.000467
-0.000471
-0.000477
-0.000465
-0.000464
-0.000463
-0.000453
-0.000459
-0.000512
-0.000576
-0.000554
-0.000166
-0.000159
-0.000166
-0.000157
-0.000144
-0.000163
-0.000173
-0.000170
-0.000179
-0.000172
-0.000175
-0.000155
-0.000154
-0.000152
-0.000153
-0.000140
-0.000124
-0.000160
-0.000163
-0.000167
0.000779
0.003562
0.001629
0.001291
-0.000281
0.003946
0.003132
-0.000916
-0.004246
-0.004937
-0.006323
-0.000696
0.000011
0.000039
0.000058
0.000073
0.000104
0.000147
0.000184
0.000252
0.000257
0.000256
0.000190
0.000096
0.000002
-0.000063
-0.000111
-0.000132
-0.000168
-0.000181
-0.000208
-0.000226
-0.000278
-0.000289
-0.000299
-0.000316
-0.000393
-0.000409
-0.000422
-0.000422
-0.000440
-0.000468
-0.000462
-0.000453
-0.000469
-0.000492
-0.000467
-0.000486
-0.000471
-0.000551
-0.000607
-0.000694
-0.000540
-0.000158
-0.000153
-0.000160
-0.000161
-0.000148
-0.000152
-0.000159
-0.000155
-0.000158
-0.000158
-0.000146
-0.000143
-0.000141
-0.000148
-0.000155
-0.000162
-0.000116
-0.000072
-0.000057
-0.000080
0.000151
-0.002137
-0.002878
-0.001217
0.000698
0.000180
0.000775
0.002127
0.001734
-0.000353
-0.000146
0.000006
0.000020
0.000050
0.000060
0.000086
0.000109
0.000138
0.000194
0.000313
0.000312
0.000578
0.000274
0.000115
0.000030
-0.000049
-0.000105
-0.000150
-0.000191
-0.000206
-0.000246
-0.000254
-0.000273
-0.000298
-0.000296
-0.000352
-0.000393
-0.000417
-0.000437
-0.000433
-0.000419
-0.000445
-0.000449
-0.000441
-0.000478
-0.000481
-0.000488
-0.000485
-0.000583
-0.000876
-0.000717
-0.000594
-0.001100
-0.000152
-0.000147
-0.000151
-0.000152
-0.000148
-0.000144
-0.000150
-0.000147
-0.000153
-0.000122
-0.000141
-0.000135
-0.000132
-0.000142
-0.000115
-0.000067
-0.002019
-0.000094
0.000138
0.000029
-0.000189
-0.000011
-0.000217
-0.000552
0.001705
0.002570
0.001268
0.004629
-0.000249
-0.000013
-0.000004
0.000008
0.000025
0.000039
0.000053
0.000082
0.000110
0.000137
0.000167
0.000279
0.000344
0.000355
0.000206
0.000102
0.000032
-0.000041
-0.000111
-0.000184
-0.000217
-0.000226
-0.000231
-0.000253
-0.000293
-0.000336
-0.000334
-0.000350
-0.000407
-0.000431
-0.000418
-0.000429
-0.000396
-0.000455
-0.000474
-0.000437
-0.000475
-0.000521
-0.000485
-0.000521
-0.000666
-0.000708
-0.000561
-0.000482
-0.000446
-0.000169
-0.000161
-0.000163
-0.000156
-0.000154
-0.000140
-0.000152
-0.000156
-0.000142
-0.000135
-0.000136
-0.000124
-0.000129
-0.000050
-0.000902
0.000010
-0.001902
0.000578
0.000144
-0.000664
-0.000213
-0.000064
-0.000086
-0.000496
-0.000251
0.001971
0.002361
0.000317
0.000027
-0.000005
0.000011
0.000032
0.000090
0.000036
0.000204
0.000377
0.000228
0.000145
0.000141
0.000180
0.000201
0.000173
0.000128
0.000072
0.000016
-0.000129
-0.000171
-0.000214
-0.000231
-0.000231
-0.000222
-0.000264
-0.000316
-0.000329
-0.000335
-0.000385
-0.000412
-0.000411
-0.000449
-0.000424
-0.000435
-0.000453
-0.000438
-0.000440
-0.000490
-0.000518
-0.000461
-0.000563
-0.000653
-0.000519
-0.000442
-0.000450
-0.000524
-0.000164
-0.000171
-0.000154
-0.000154
-0.000152
-0.000147
-0.000161
-0.000173
-0.000153
-0.000139
-0.000145
-0.000122
-0.000022
-0.000274
-0.001320
-0.001079
0.000084
0.000068
-0.000332
-0.000198
-0.000091
-0.000093
-0.000097
-0.000017
0.001333
0.000840
0.000381
0.001369
0.001242
0.000956
0.000929
0.000729
0.001488
0.001024
0.002209
0.002249
0.001565
0.000514
0.000404
0.000589
0.000189
0.000100
0.000067
0.000030
-0.000071
-0.000177
-0.000205
-0.000212
-0.000232
-0.000234
-0.000257
-0.000292
-0.000313
-0.000326
-0.000332
-0.000355
-0.000409
-0.000374
-0.000408
-0.000478
-0.000444
-0.000466
-0.000470
-0.000506
-0.000497
-0.000464
-0.000514
-0.000624
-0.000490
-0.000445
-0.000440
-0.000451
-0.000445
-0.000164
-0.000167
-0.000146
-0.000143
-0.000143
-0.000151
-0.000164
-0.000142
-0.000137
-0.000144
-0.000147
-0.000058
-0.000097
-0.000517
-0.000900
-0.001430
-0.001541
-0.000206
-0.000106
-0.000168
-0.000116
-0.000131
-0.000057
0.000595
-0.000457
-0.000940
-0.001351
-0.000312
-0.000240
0.000040
0.001118
0.001327
0.001862
0.000062
0.000434
0.001676
0.003058
0.002661
0.002238
0.000984
0.000369
0.000027
-0.000071
-0.000130
-0.000160
-0.000205
-0.000217
-0.000228
-0.000237
-0.000239
-0.000267
-0.000295
-0.000313
-0.000307
-0.000336
-0.000372
-0.000419
-0.000393
-0.000435
-0.000456
-0.000519
-0.000504
-0.000486
-0.000442
-0.000492
-0.000470
-0.000529
-0.000498
-0.000412
-0.000412
-0.000468
-0.000507
-0.000596
-0.000158
-0.000165
-0.000147
-0.000139
-0.000150
-0.000159
-0.000146
-0.000150
-0.000149
-0.000145
-0.000132
-0.000102
-0.000077
0.000008
-0.000579
-0.003881
-0.000681
-0.000231
-0.000080
-0.000118
-0.000122
-0.000103
0.000082
0.000099
-0.000588
-0.001153
-0.001520
-0.000707
0.000251
-0.000151
0.000174
-0.000112
-0.000563
-0.000362
0.001125
0.000711
0.002287
0.003757
0.003100
0.000655
0.000285
-0.000181
-0.000694
-0.000404
-0.000051
-0.000245
-0.000241
-0.000247
-0.000259
-0.000280
-0.000277
-0.000315
-0.000341
-0.000353
-0.000401
-0.000369
-0.000365
-0.000398
-0.000449
-0.000518
-0.000544
-0.000479
-0.000448
-0.000438
-0.000466
-0.000532
-0.000518
-0.000500
-0.000441
-0.000488
-0.000611
-0.000534
-0.000439
-0.000170
-0.000154
-0.000140
-0.000152
-0.000150
-0.000135
-0.000148
-0.000144
-0.000163
-0.000151
-0.000123
-0.000102
-0.000098
0.000106
0.002790
0.000325
-0.001284
-0.000177
-0.000127
-0.000078
-0.000072
0.000783
0.001292
0.000080
-0.000031
0.000057
-0.000219
-0.000274
-0.000247
0.000096
-0.000101
0.000174
-0.000025
-0.000572
0.000453
-0.000024
0.000222
0.002460
0.001928
0.000628
0.000047
-0.000677
-0.001563
-0.004529
0.003594
0.000454
-0.000255
-0.000261
-0.000275
-0.000359
-0.000329
-0.000363
-0.000433
-0.000400
-0.000392
-0.000360
-0.000380
-0.000431
-0.000554
-0.000502
-0.000436
-0.000448
-0.000466
-0.000480
-0.000502
-0.000482
-0.000525
-0.000567
-0.000587
-0.000537
-0.000492
-0.000460
-0.000396
-0.000139
-0.000164
-0.000160
-0.000166
-0.000154
-0.000131
-0.000151
-0.000157
-0.000147
-0.000115
-0.000118
-0.000111
-0.000106
-0.000057
0.000397
0.000211
-0.000617
-0.000291
-0.000747
-0.000880
0.000974
0.002922
0.003075
0.004651
0.002375
0.002440
0.000851
0.000049
-0.000175
-0.000070
-0.000250
-0.000040
-0.000287
-0.000460
0.000582
0.000247
-0.000681
0.000460
0.000548
0.000163
0.000439
-0.000557
0.000049
0.002855
0.001190
0.000826
-0.000162
-0.000323
-0.000374
-0.000431
-0.000454
-0.000427
-0.000427
-0.000404
-0.000368
-0.000376
-0.000427
-0.000482
-0.000602
-0.000487
-0.000466
-0.000443
-0.000442
-0.000480
-0.000475
-0.000456
-0.000585
-0.000627
-0.000534
-0.000511
-0.000466
-0.000444
-0.000376
-0.000201
-0.000165
-0.000169
-0.000193
-0.000188
-0.000132
-0.000124
-0.000125
-0.000124
-0.000128
-0.000113
-0.000113
-0.000089
-0.000092
-0.000059
0.000121
0.000008
0.000389
0.000635
0.001032
0.002963
0.004512
0.004577
0.003660
0.002252
0.003552
0.003370
0.001232
0.000418
0.001388
0.001775
-0.000060
-0.000684
-0.000630
0.001990
0.000387
-0.000454
0.000164
0.000128
0.000099
0.000102
-0.000461
0.000053
0.000520
-0.000662
0.000097
0.000755
-0.000081
-0.000356
-0.000453
-0.000528
-0.000396
-0.000395
-0.000389
-0.000415
-0.000423
-0.000467
-0.000561
-0.000562
-0.000489
-0.000474
-0.000468
-0.000464
-0.000505
-0.000467
-0.000488
-0.000573
-0.000599
-0.000611
-0.000544
-0.000561
-0.000542
-0.000372
-0.000159
-0.000151
-0.000184
-0.000201
-0.000189
-0.000147
-0.000125
-0.000128
-0.000133
-0.000135
-0.000122
-0.000110
-0.000113
-0.000099
-0.000095
-0.000072
-0.000036
0.000699
0.001733
0.001965
0.001819
0.001952
0.002454
0.004149
0.003769
0.004169
0.003327
0.000761
0.000300
0.000915
0.002168
0.000440
0.000496
0.000477
0.001190
-0.000526
0.000679
0.001413
0.001359
0.000948
0.000900
0.000636
-0.000494
-0.000176
-0.000358
-0.000277
-0.000488
0.000726
-0.000165
-0.000442
-0.000441
-0.000401
-0.000411
-0.000430
-0.000460
-0.000467
-0.000627
-0.000582
-0.000559
-0.000528
-0.000460
-0.000496
-0.000476
-0.000435
-0.000435
-0.000589
-0.000662
-0.000644
-0.000727
-0.000614
-0.000604
-0.000532
-0.000388
-0.000214
-0.000185
-0.000173
-0.000199
-0.000179
-0.000180
-0.000176
-0.000163
-0.000172
-0.000168
-0.000178
-0.000165
-0.000120
-0.000174
-0.000170
-0.000163
-0.000218
-0.000162
0.000062
0.000175
0.000222
0.001017
0.000974
0.001174
0.001337
0.000993
0.001299
-0.000457
-0.001204
0.000030
0.001021
-0.000566
0.000778
-0.000140
-0.000207
-0.000721
0.002551
0.004214
0.009991
0.008243
0.008827
-0.000219
0.001428
0.002203
-0.000418
-0.000058
-0.001317
-0.001008
0.000657
-0.000318
-0.000423
-0.000446
-0.000414
-0.000441
-0.000443
-0.000429
-0.000457
-0.000528
-0.000535
-0.000483
-0.000463
-0.000495
-0.000523
-0.000485
-0.000589
-0.000688
-0.000706
-0.000670
-0.000620
-0.000575
-0.000540
-0.000568
-0.000452
-0.000252
-0.000228
-0.000168
-0.000181
-0.000176
-0.000192
-0.000208
-0.000165
-0.000174
-0.000147
-0.000188
-0.000170
-0.000157
-0.000204
-0.000220
-0.000205
-0.000224
-0.000226
-0.000198
-0.000196
-0.000159
-0.000177
0.000004
0.001652
-0.000970
-0.003744
-0.005850
-0.004683
-0.006455
-0.003809
-0.003273
-0.001843
0.000947
0.002059
0.001481
0.002414
0.000836
0.001947
0.009610
0.002918
0.005075
0.000697
0.002511
0.001684
0.000463
-0.002320
-0.004308
-0.003506
-0.002844
0.002071
-0.000368
-0.000487
-0.000465
-0.000432
-0.000445
-0.000479
-0.000463
-0.000433
-0.000461
-0.000446
-0.000468
-0.000546
-0.000618
-0.000616
-0.000661
-0.000747
-0.000704
-0.000590
-0.000552
-0.000574
-0.000576
-0.000592
-0.000640
-0.000194
-0.000159
-0.000226
-0.000190
-0.000159
-0.000153
-0.000228
-0.000197
-0.000172
-0.000176
-0.000209
-0.000210
-0.000185
-0.000230
-0.000198
-0.000169
-0.000215
-0.000254
-0.000184
-0.000162
0.000016
0.004250
0.004219
0.003848
0.001326
-0.001366
-0.005580
-0.005919
-0.006556
-0.005416
-0.003802
-0.002967
0.001168
0.001785
0.001978
0.001544
0.000734
0.001135
0.005894
0.003038
0.001063
-0.003644
-0.001500
0.000542
-0.004178
-0.001676
0.000403
-0.001590
-0.003536
0.000843
-0.001667
-0.001036
-0.000422
-0.000451
-0.000494
-0.000440
-0.000382
-0.000401
-0.000447
-0.000534
-0.000597
-0.000655
-0.000707
-0.000734
-0.000768
-0.000667
-0.000618
-0.000555
-0.000589
-0.000536
-0.000621
-0.000778
-0.000599
-0.000239
-0.000162
-0.000231
-0.000218
-0.000210
-0.000191
-0.000222
-0.000176
-0.000168
-0.000223
-0.000231
-0.000240
-0.000223
-0.000215
-0.000233
-0.000240
-0.000229
-0.000208
-0.000238
-0.000223
0.000647
0.002169
0.003811
0.003847
0.002531
-0.002380
-0.005445
-0.006253
-0.007000
-0.010509
-0.010704
-0.007150
0.000014
0.001089
0.001809
0.001068
0.001684
0.004543
0.005230
0.006702
0.005453
0.006002
-0.002037
-0.009193
-0.008741
0.001011
-0.000216
-0.002278
-0.000643
0.000329
-0.014851
-0.016719
0.000244
-0.000465
-0.000468
-0.000558
-0.000418
-0.000428
-0.000562
-0.000636
-0.000675
-0.000710
-0.000784
-0.000695
-0.000676
-0.000649
-0.000580
-0.000553
-0.000558
-0.000630
-0.000770
-0.000618
-0.000669
-0.000234
-0.000206
-0.000238
-0.000219
-0.000220
-0.000225
-0.000201
-0.000193
-0.000214
-0.000244
-0.000245
-0.000218
-0.000242
-0.000223
-0.000198
-0.000236
-0.000228
-0.000233
-0.000255
-0.000236
-0.000036
0.001470
0.002721
0.003567
0.002525
-0.002097
-0.006362
-0.006886
-0.010260
-0.014490
-0.009022
-0.006424
0.001468
0.001498
0.001572
0.000574
0.002159
0.004182
0.004295
0.004020
0.003949
0.003289
0.001310
-0.001019
0.000045
-0.001648
0.000174
0.002820
0.007333
-0.006773
-0.015810
-0.007278
-0.002841
0.000118
-0.000100
-0.000436
-0.000441
-0.000544
-0.000623
-0.000650
-0.000748
-0.000668
-0.000581
-0.000672
-0.000661
-0.000615
-0.000574
-0.000578
-0.000620
-0.000644
-0.000608
-0.000602
-0.000641
-0.000296
-0.000253
-0.000287
-0.000279
-0.000254
-0.000250
-0.000200
-0.000232
-0.000215
-0.000219
-0.000233
-0.000241
-0.000256
-0.000219
-0.000193
-0.000217
-0.000224
-0.000230
-0.000277
-0.000318
-0.000326
0.000411
0.001605
0.002876
0.002059
-0.003687
-0.008017
-0.009876
-0.013812
-0.011266
-0.009976
-0.007795
0.005719
0.002830
0.002376
0.000575
0.001753
0.002548
0.002587
0.003873
0.003448
0.002707
0.002500
0.003224
0.003434
-0.001231
0.007874
0.012687
0.012429
-0.006132
-0.007386
-0.003576
-0.001903
-0.002064
-0.000977
0.000364
-0.000413
-0.000507
-0.000519
-0.000553
-0.000513
-0.000484
-0.000608
-0.000645
-0.000556
-0.000525
-0.000598
-0.000629
-0.000578
-0.000586
-0.000536
-0.000565
-0.000608
-0.000333
-0.000307
-0.000314
-0.000313
-0.000281
-0.000346
-0.000278
-0.000274
-0.000239
-0.000242
-0.000245
-0.000222
-0.000273
-0.000279
-0.000208
-0.000221
-0.000261
-0.000296
-0.000266
-0.000327
-0.000396
-0.000480
0.000315
0.001665
0.000502
-0.002208
-0.003710
-0.006910
-0.007727
-0.007272
-0.006268
-0.002606
0.003069
0.001782
0.001005
-0.000161
0.000877
0.001023
0.001861
0.002572
0.002868
0.002058
0.002039
0.002468
0.002966
0.003582
0.000730
0.012691
0.002401
-0.000676
-0.003137
-0.001613
-0.001039
0.001857
0.002991
0.003691
0.000190
-0.000265
-0.000481
-0.000474
-0.000511
-0.000515
-0.000624
-0.000692
-0.000589
-0.000567
-0.000600
-0.000631
-0.000604
-0.000545
-0.000538
-0.000552
-0.000611
-0.000349
-0.000380
-0.000339
-0.000246
-0.000321
-0.000451
-0.000430
-0.000347
-0.000222
-0.000203
-0.000208
-0.000253
-0.000259
-0.000231
-0.000173
-0.000231
-0.000289
-0.000332
-0.000378
-0.000404
-0.000425
-0.000468
-0.000202
0.000944
0.000939
-0.001024
-0.001532
-0.002707
-0.005374
-0.008437
-0.003647
-0.001260
0.001780
0.001974
-0.000159
-0.000692
-0.000626
0.001119
0.001959
0.002105
0.002105
0.001718
0.001844
0.001975
0.002626
0.002865
0.002956
-0.000352
0.006007
0.001697
-0.002783
-0.001826
0.008477
0.009277
0.007024
0.002224
-0.000868
-0.001131
0.000094
0.000018
0.000031
-0.000614
-0.000687
-0.000621
-0.000538
-0.000550
-0.000590
-0.000523
-0.000640
-0.000532
-0.000507
-0.000542
-0.000586
-0.000345
-0.000409
-0.000397
-0.000431
-0.000504
-0.000510
-0.000478
-0.000493
-0.000425
-0.000387
-0.000414
-0.000452
-0.000316
-0.000286
-0.000233
-0.000277
-0.000355
-0.000355
-0.000411
-0.000404
-0.000428
-0.000576
-0.000547
-0.000524
-0.000715
-0.000926
-0.000641
-0.001003
-0.000735
-0.002440
-0.000726
0.000682
0.000678
-0.000110
-0.000616
-0.000722
0.000804
0.000793
0.000904
0.001473
0.001452
0.001365
0.001434
0.001688
0.002087
0.002532
0.002889
0.002685
0.003460
-0.003195
-0.002497
0.001451
0.015640
0.013077
0.007458
0.001775
0.000194
-0.000106
-0.000506
-0.000430
-0.000725
0.000147
0.000019
-0.000567
-0.000549
-0.000530
-0.000573
-0.000592
-0.000564
-0.000506
-0.000565
-0.000601
-0.000573
-0.000369
-0.000455
-0.000471
-0.000491
-0.000554
-0.000543
-0.000505
-0.000497
-0.000362
-0.000448
-0.000550
-0.000357
-0.000151
-0.000269
-0.000160
-0.000133
-0.000428
-0.000425
-0.000486
-0.000411
-0.000506
-0.000753
-0.000748
-0.000710
-0.000733
-0.000763
-0.000735
-0.000753
-0.000895
-0.000316
-0.000117
0.000584
0.000293
-0.000101
-0.000115
0.000019
0.000824
0.000970
0.000644
0.001180
0.001340
0.000838
0.000284
0.000447
0.000714
0.001699
0.001951
0.001488
0.004471
-0.000830
0.004120
0.018293
0.005274
0.003128
0.002664
0.002056
0.002025
0.001782
0.003190
0.000334
0.000716
0.000548
-0.000253
0.000063
-0.000197
-0.000324
-0.000599
-0.000530
-0.000561
-0.000620
-0.000685
-0.000609
-0.000502
-0.000445
-0.000456
-0.000499
-0.000503
-0.000547
-0.000568
-0.000537
-0.000439
-0.000407
-0.000587
-0.000666
-0.000451
-0.000537
-0.000639
-0.000583
-0.000354
-0.000626
-0.000625
-0.000601
-0.000622
-0.000623
-0.000663
-0.000733
-0.000741
-0.000775
-0.000800
-0.000757
-0.000778
-0.000599
-0.000551
-0.000702
0.000009
0.000121
0.000170
-0.000073
-0.000040
-0.000035
0.000542
0.000173
0.000818
0.000301
-0.001296
-0.001065
-0.001798
-0.002681
0.000023
-0.000168
-0.000956
-0.005699
-0.006851
0.000233
0.010579
-0.000065
-0.000489
-0.000446
-0.001909
0.001628
0.000811
-0.000158
-0.000383
-0.000317
-0.000344
-0.000531
-0.000533
-0.000571
-0.000576
-0.000515
-0.000534
-0.000611
-0.000698
-0.000687
-0.000674
-0.000515
-0.000437
-0.000481
-0.000500
-0.000435
-0.000520
-0.000460
-0.000391
-0.000527
-0.000626
-0.000713
-0.000552
-0.000656
-0.000581
-0.000658
-0.000671
-0.000546
-0.000516
-0.000593
-0.000509
-0.000507
-0.000580
-0.000628
-0.000703
-0.000736
-0.000757
-0.000801
-0.000763
-0.000812
-0.000753
-0.000373
-0.000811
-0.000926
-0.001071
-0.001227
-0.000950
-0.000921
-0.000880
-0.000084
-0.000017
0.000008
-0.000026
-0.000323
-0.000253
-0.000106
-0.001734
-0.003460
-0.004767
-0.009028
-0.014554
-0.017683
-0.011709
-0.005472
-0.000997
-0.000339
-0.000208
-0.000083
-0.000159
-0.000347
-0.000435
-0.000499
-0.000526
-0.000528
-0.000523
-0.000554
-0.000615
-0.000609
-0.000602
-0.000678
-0.000656
-0.000607
-0.000621
-0.000584
-0.000484
-0.000434
-0.000511
-0.000555
-0.000520
-0.000434
-0.000465
-0.000544
-0.000609
-0.000737
-0.000819
-0.000702
-0.000494
-0.000692
-0.000781
-0.000768
-0.000685
-0.000652
-0.000714
-0.000714
-0.000570
-0.000571
-0.000598
-0.000658
-0.000671
-0.000730
-0.000815
-0.000809
-0.000817
-0.000773
-0.000746
-0.000922
-0.001250
-0.001018
-0.001056
-0.000961
-0.000911
-0.000913
-0.000995
-0.000917
-0.000981
-0.001009
-0.000970
-0.000973
-0.001055
0.000098
-0.009440
-0.016671
-0.023481
-0.026371
-0.025482
-0.018222
-0.001984
-0.000041
-0.000398
-0.000478
-0.000603
-0.000605
-0.000581
-0.000542
-0.000579
-0.000550
-0.000473
-0.000553
-0.000649
-0.000725
-0.000568
-0.000554
-0.000608
-0.000607
-0.000563
-0.000595
-0.000562
-0.000478
-0.000481
-0.000511
-0.000523
-0.000460
-0.000542
-0.000658
-0.000713
-0.000722
-0.000679
-0.000751
-0.000717
-0.000680
-0.000571
-0.000668
-0.000605
-0.000636
-0.000736
-0.000737
-0.000689
-0.000646
-0.000542
-0.000680
-0.000709
-0.000766
-0.000832
-0.000896
-0.000925
-0.000856
-0.000862
-0.000909
-0.001034
-0.000940
-0.000873
-0.000932
-0.000955
-0.001072
-0.001061
-0.001020
-0.000908
-0.000892
-0.000995
-0.000994
-0.001076
-0.001125
-0.001031
0.000151
-0.020575
-0.021711
-0.016526
-0.013869
-0.008864
-0.004221
-0.001390
-0.001105
-0.000804
-0.000579
-0.000677
-0.000710
-0.000561
-0.000593
-0.000558
-0.000575
-0.000674
-0.000724
-0.000703
-0.000691
-0.000645
-0.000622
-0.000585
-0.000550
-0.000551
-0.000491
-0.000524
-0.000544
-0.000546
-0.000612
-0.000685
-0.000741
-0.000751
-0.000855
-0.000704
-0.000567
-0.000702
-0.000802
-0.000825
-0.000633
-0.000602
-0.000570
-0.000706
-0.000713
-0.000728
-0.000661
-0.000703
-0.000730
-0.000681
-0.000774
-0.000854
-0.000925
-0.000981
-0.000942
-0.000969
-0.000936
-0.000892
-0.000894
-0.000931
-0.000906
-0.001001
-0.001082
-0.001004
-0.000951
-0.000925
-0.000961
-0.001084
-0.001275
-0.001226
-0.000992
-0.001108
-0.000989
-0.000908
-0.001959
-0.007225
-0.008140
-0.005223
-0.004064
-0.001352
-0.002849
-0.001996
-0.000672
-0.000726
-0.000782
-0.000655
-0.000563
-0.000618
-0.000589
-0.000641
-0.000661
-0.000798
-0.000767
-0.000690
-0.000689
-0.000688
-0.000647
-0.000573
-0.000534
-0.000561
-0.000604
-0.000669
-0.000579
-0.000605
-0.000672
-0.000788
-0.000823
-0.000743
-0.000736
-0.000742
-0.000729
-0.000750
-0.000793
-0.000693
-0.000558
-0.000707
-0.000730
-0.000811
-0.000765
-0.000738
-0.000759
-0.000768
-0.000706
-0.000746
-0.000922
-0.000999
-0.000994
-0.001005
-0.000982
-0.001008
-0.000977
-0.000974
-0.001007
-0.000970
-0.001051
-0.001057
-0.001064
-0.001010
-0.001105
-0.001262
-0.001328
-0.001261
-0.001220
-0.001157
-0.001159
-0.000980
-0.000991
-0.000998
-0.001812
-0.002715
-0.003122
-0.001766
-0.001972
-0.002944
-0.002043
-0.000997
-0.000921
-0.000730
-0.000588
-0.000505
-0.000562
-0.000575
-0.000530
-0.000828
-0.000917
-0.000770
-0.000744
-0.000685
-0.000671
-0.000694
-0.000620
-0.000586
-0.000614
-0.000654
-0.000618
-0.000644
-0.000660
-0.000650
-0.000715
-0.000688
-0.000701
-0.000732
-0.000728
-0.000703
-0.000759
-0.000797
-0.000728
-0.000610
-0.000682
-0.000680
-0.000748
-0.000687
-0.000774
-0.000776
-0.000802
-0.000787
-0.000818
-0.000870
-0.000999
-0.001031
-0.001088
-0.001045
-0.001007
-0.001063
-0.001171
-0.001119
-0.001112
-0.001113
-0.001101
-0.000993
-0.001085
-0.001131
-0.001128
-0.001043
-0.001009
-0.000990
-0.001075
-0.001207
-0.001207
-0.001227
-0.001122
-0.001296
-0.001388
-0.001262
-0.000426
-0.001404
-0.002274
-0.001121
-0.000906
-0.000784
-0.000758
-0.000672
-0.000645
-0.000660
-0.000655
-0.000678
-0.000826
-0.000770
-0.000673
-0.000682
-0.000682
-0.000596
-0.000642
-0.000656
-0.000698
-0.000646
-0.000692
-0.000678
-0.000592
-0.000608
-0.000595
-0.000707
-0.000637
-0.000705
-0.000669
-0.000691
-0.000648
-0.000742
-0.000761
-0.000761
-0.000760
-0.000676
-0.000689
-0.000737
-0.000680
-0.000769
-0.000759
-0.000824
-0.000833
-0.000843
-0.000880
-0.000998
-0.001090
-0.001149
-0.001130
-0.001024
-0.001100
-0.001217
-0.001255
-0.001222
-0.001229
-0.001172
-0.001094
-0.001222
-0.001314
-0.001329
-0.001137
-0.001152
-0.001199
-0.001131
-0.001120
-0.001135
-0.001151
-0.001078
-0.001191
-0.001136
-0.001029
-0.001052
-0.001121
-0.001227
-0.000893
-0.000825
-0.000699
-0.000773
-0.000689
-0.000691
-0.000693
-0.000650
-0.000616
-0.000631
-0.000610
-0.000726
-0.000628
-0.000548
-0.000594
-0.000651
-0.000735
-0.000640
-0.000643
-0.000681
-0.000683
-0.000712
-0.000628
-0.000671
-0.000751
-0.000699
-0.000695
-0.000701
-0.000674
-0.000738
-0.000708
-0.000762
-0.000686
-0.000683
-0.000680
-0.000688
-0.000731
-0.000682
-0.000790
-0.000759
-0.000799
-0.000856
-0.000918
-0.000953
-0.001100
-0.000999
-0.001108
-0.001102
-0.001122
-0.001194
-0.001303
-0.001244
-0.001247
-0.001270
-0.001331
-0.001276
-0.001208
-0.001285
-0.001336
-0.001273
-0.001144
-0.001354
-0.001176
-0.001089
-0.001140
-0.001180
-0.001204
-0.001140
-0.001067
-0.001022
-0.000902
-0.000925
-0.000828
-0.000971
-0.000825
-0.000766
-0.000630
-0.000724
-0.000778
-0.000691
-0.000562
-0.000553
-0.000599
-0.000637
-0.000722
-0.000714
-0.000549
-0.000591
-0.000685
-0.000691
-0.000592
-0.000628
-0.000659
-0.000030
-0.000615
-0.000687
-0.000680
-0.000723
-0.000713
-0.000743
-0.000742
-0.000608
-0.000735
-0.000725
-0.000663
-0.000660
-0.000657
-0.000670
-0.000700
-0.000710
-0.000750
-0.000780
-0.000723
-0.000770
-0.000797
-0.000857
-0.000803
-0.001065
-0.001021
-0.001016
-0.001037
-0.001061
-0.001115
-0.001160
-0.001227
-0.001281
-0.001230
-0.001361
-0.001473
-0.001355
-0.001334
-0.001243
-0.001242
-0.001122
-0.001151
-0.001082
-0.000985
-0.001059
-0.001184
-0.001029
-0.000995
-0.000917
-0.000786
-0.000851
-0.000921
-0.000921
-0.000845
-0.000955
-0.000759
-0.000602
-0.000548
-0.000569
-0.000568
-0.000613
-0.000597
-0.000480
-0.000608
-0.000764
-0.000709
-0.000672
-0.000584
-0.000673
-0.000641
-0.000597
-0.000607
-0.000558
