0.000513
0.000569
0.000561
0.000632
0.000521
0.000578
0.000785
0.000438
0.000964
0.001012
0.001063
-0.000603
0.001191
0.001048
0.000771
0.000807
0.000713
0.000848
0.000783
0.000657
0.000717
0.000786
0.000856
0.000861
0.000847
0.000819
0.000779
0.000826
0.000655
0.000501
0.000510
0.000725
0.000844
0.000797
0.000755
0.000686
0.000590
0.000620
0.000601
0.000624
0.000633
0.000649
0.000586
0.000596
0.000635
0.000530
0.000401
0.000390
0.000413
0.000522
0.000521
0.000445
0.000438
0.000427
0.000400
0.000418
0.000405
0.000383
0.000449
0.000489
0.000554
0.000520
0.000520
0.000506
0.000314
0.000105
-0.001158
0.000276
0.000414
0.000533
0.000061
0.000561
0.000195
0.000332
0.000348
0.000361
0.000402
0.000637
0.000757
0.000742
0.000814
0.000844
0.000905
0.000893
0.000921
0.000935
0.000905
0.000634
0.000626
0.000666
0.000829
0.000856
0.000788
0.000771
0.000714
0.000794
0.000836
0.000769
0.000828
0.000942
0.000996
0.000979
0.000799
0.000815
0.000798
0.000864
0.000801
0.000811
0.000800
0.000640
0.000586
0.000583
0.000642
0.000615
0.000682
0.000698
0.000610
0.000649
0.000635
0.000521
0.000448
0.000556
0.000498
0.000446
0.000439
0.000431
0.000441
0.000387
0.000543
0.000468
0.000439
0.000415
0.000394
0.000409
0.000461
0.000449
0.000455
0.000419
0.000294
0.000375
0.000528
0.000542
0.000436
0.000387
0.000322
0.000569
0.000373
0.000323
0.000344
0.000306
0.000489
0.000761
0.000625
0.000828
0.000740
0.000757
0.000783
0.000868
0.000774
0.000735
0.000696
0.000632
0.000740
0.000828
0.000812
0.000803
0.000782
0.000735
0.000671
0.000735
0.000645
0.000783
0.000873
0.000947
0.000940
0.000860
0.000835
0.000800
0.000836
0.000849
0.000848
0.000853
0.000752
0.000602
0.000627
0.000630
0.000703
0.000742
0.000703
0.000656
0.000628
0.000591
0.000605
0.000537
0.000502
0.000492
0.000463
0.000458
0.000483
0.000440
0.000409
0.000471
0.000489
0.000471
0.000400
0.000396
0.000433
0.000388
0.000403
0.000463
0.000460
0.000368
0.000331
0.000516
0.000426
0.000383
0.000362
0.000281
0.000539
0.000357
0.000343
0.000264
0.000235
0.000409
0.000632
0.000696
0.000739
0.000749
0.000734
0.000847
0.000825
0.000704
0.000811
0.000782
0.000710
0.000817
0.000765
0.000685
0.000730
0.000803
0.000749
0.000718
0.000651
0.000586
0.000747
0.000849
0.000994
0.000959
0.000910
0.000867
0.000807
0.000772
0.000820
0.000805
0.000878
0.000866
0.000733
0.000651
0.000367
0.000512
0.000652
0.000677
0.000629
0.000725
0.000649
0.000629
0.000560
0.000513
0.000509
0.000517
0.000377
0.000446
0.000464
0.000456
0.000366
0.000440
0.000383
0.000354
0.000355
0.000377
0.000389
0.000460
0.000452
0.000443
0.000377
0.000399
0.000487
0.000381
0.000388
0.000367
0.000273
0.000481
0.000296
0.000286
0.000364
0.000263
0.000379
0.000550
0.000692
0.000740
0.000814
0.000785
0.000644
0.000675
0.000656
0.000783
0.000805
0.000732
0.000725
0.000752
0.000762
0.000691
0.000785
0.000796
0.000658
0.000664
0.000673
0.000678
0.000775
0.000986
0.000936
0.000881
0.000733
0.000652
0.000742
0.000849
0.000764
0.000717
0.000821
0.000780
0.000553
0.000444
0.000590
0.000688
0.000632
0.000519
0.000642
0.000614
0.000628
0.000601
0.000594
0.000449
0.000357
0.000376
0.000416
0.000486
0.000503
0.000339
0.000318
0.000345
0.000471
0.000381
0.000309
0.000337
0.000429
0.000504
0.000309
0.000272
0.000341
0.000371
0.000328
0.000357
0.000413
0.000375
-0.002169
0.000280
0.000324
0.000326
0.000340
0.000355
0.000525
0.000658
0.000605
0.000680
0.000642
0.000652
0.000581
0.000661
0.000768
0.000780
0.000823
0.000674
0.000805
0.000798
0.000726
0.000786
0.000802
0.000709
0.000621
0.000639
0.000645
0.000729
0.000777
0.000847
0.000875
0.000817
0.000741
0.000802
0.000819
0.000722
0.000739
0.000812
0.000811
0.000651
0.000466
0.000489
0.000561
0.000703
0.000548
0.000666
0.000673
0.000556
0.000565
0.000425
0.000389
0.000355
0.000383
0.000430
0.000437
0.000487
0.000358
0.000436
0.000485
0.000464
0.000471
0.000449
0.000382
0.000360
0.000329
0.000336
0.000274
0.000343
0.000281
0.000406
0.000407
0.000440
0.000442
0.000480
0.000384
0.000343
0.000327
0.000271
0.000321
0.000329
0.000569
0.000608
0.000724
0.000591
0.000535
0.000517
0.000640
0.000732
0.000871
0.000820
0.000733
0.000755
0.000739
0.000756
0.000807
0.000793
0.000774
0.000659
0.000668
0.000704
0.000713
0.000733
0.000827
0.000792
0.000764
0.000620
0.000646
0.000890
0.000905
0.000864
0.000812
0.000781
0.000653
0.000564
0.000608
0.000644
0.000622
0.000771
0.000724
0.000626
0.000541
0.000590
0.000501
0.000436
0.000457
0.000410
0.000459
0.000379
0.000497
0.000412
0.000479
0.000485
0.000512
0.000527
0.000504
0.000365
0.000281
0.000384
0.000561
0.000403
0.000305
0.000295
0.000380
0.000387
0.000449
0.000422
0.000396
0.000315
0.000341
0.000310
0.000280
0.000319
0.000309
0.000417
0.000539
0.000609
0.000497
0.000560
0.000589
0.000569
0.000520
0.000688
0.000742
0.000776
0.000766
0.000830
0.000845
0.000915
0.000864
0.000865
0.000738
0.000738
0.000680
0.000787
0.000853
0.000815
0.000872
0.000775
0.000678
0.000677
0.000785
0.000891
0.000873
0.000870
0.000723
0.000661
0.000598
0.000611
0.000683
0.000726
0.000750
0.000748
0.000701
0.000566
0.000545
0.000526
0.000527
0.000511
0.000431
0.000420
0.000398
0.000418
0.000437
0.000472
0.000494
0.000513
0.000481
0.000436
0.000398
0.000367
0.000307
0.000478
0.000448
0.000355
0.000375
0.000383
0.000354
0.000395
0.000352
0.000266
0.000369
0.000338
0.000345
0.000277
0.000320
0.000279
0.000258
0.000462
0.000570
0.000560
0.000530
0.000492
0.000667
0.000555
0.000685
0.000686
0.000777
0.000767
0.000835
0.000892
0.000952
0.000883
0.000868
0.000790
0.000872
0.000853
0.000754
0.000770
0.000824
0.000831
0.000785
0.000743
0.000857
0.000824
0.000884
0.000863
0.000823
0.000827
0.000846
0.000655
0.000628
0.000669
0.000754
0.000674
0.000664
0.000596
0.000607
0.000569
0.000538
0.000477
0.000524
0.000530
0.000457
0.000301
0.000473
0.000442
0.000515
0.000537
0.000526
0.000492
0.000450
0.000385
0.000336
0.000388
0.000439
0.000402
0.000404
0.000394
0.000371
0.000343
0.000402
0.000295
0.001326
0.000366
0.000329
0.000334
0.000354
0.000298
0.000324
0.000332
0.000472
0.000469
0.000536
0.000477
0.000498
0.000580
0.000636
0.000679
0.000687
0.000729
0.000740
0.000759
0.000800
0.000696
0.000679
0.000845
0.000905
0.000897
0.000925
0.000850
0.000777
0.000716
0.000783
0.000849
0.000888
0.000754
0.000821
0.000740
0.000875
0.000854
0.000799
0.000711
0.000645
0.000652
0.000586
0.000643
0.000636
0.000645
0.000700
0.000718
0.000623
0.000539
0.000518
0.000554
0.000511
0.000445
0.000334
0.000414
0.000577
0.000661
0.000498
0.000533
0.000522
0.000552
0.000429
0.000372
0.000307
0.000452
0.000488
0.000444
0.000470
0.000422
0.000425
0.000421
0.000339
0.000396
0.000316
0.000251
0.000344
0.000263
0.000350
0.000283
0.000261
0.000277
0.000354
0.000408
0.000474
0.000513
0.000541
0.000613
0.000621
0.000697
0.000708
0.000704
0.000697
0.000762
0.000571
0.000643
0.000789
0.000906
0.001076
0.001045
0.000914
0.000854
0.000719
0.000783
0.000851
0.000900
0.000822
0.000802
0.000880
0.000785
0.000874
0.000749
0.000683
0.000637
0.000598
0.000624
0.000529
0.000700
0.000795
0.000757
0.000697
0.000612
0.000541
0.000544
0.000538
0.000572
0.000534
0.000468
0.000488
0.000606
0.000645
0.000574
0.000565
0.000521
0.000518
0.000454
0.000354
0.000316
0.000437
0.000440
0.000481
0.000455
0.000378
0.000380
0.000491
0.000529
0.000391
0.000236
0.000268
0.000263
0.000229
0.000297
0.000276
0.000233
0.000253
0.000291
0.000295
0.000378
0.000437
0.000514
0.000563
0.000600
0.000639
0.000622
0.000667
0.000614
0.000638
0.000591
0.000620
0.000632
0.000842
0.000962
0.000866
0.000923
0.000894
0.000745
0.000787
0.000912
0.000861
0.000966
0.000865
0.000937
0.000773
0.000827
0.000863
0.000780
0.000600
0.000639
0.000660
0.000648
0.000703
0.000731
0.000722
0.000706
0.000656
0.000515
0.000503
0.000408
0.000518
0.000524
0.000531
0.000430
0.000451
0.000580
0.000571
0.000534
0.000591
0.000534
0.000493
0.000397
0.000333
0.000417
0.000538
0.000536
0.000552
0.000420
0.000481
0.000471
0.000509
0.000390
0.000326
0.000302
0.000211
0.000237
0.000292
0.000236
0.000205
0.000211
0.000280
0.000299
0.000360
0.000469
0.000482
0.000486
0.000475
0.000529
0.000638
0.000701
0.000736
0.000606
0.000601
0.000460
0.000582
0.000702
0.000792
0.000847
0.000915
0.000888
0.000859
0.000839
0.000933
0.000976
0.001049
0.001094
0.000913
0.000966
0.000941
0.000861
0.000883
0.000829
0.000636
0.000594
0.000554
0.000595
0.000696
0.000806
0.000769
0.000699
0.000549
0.000478
0.000410
0.000509
0.000542
0.000518
0.000537
0.000510
0.000510
0.000575
0.000556
0.000555
0.000538
0.000561
0.000558
0.000491
0.000441
0.000572
0.000601
0.000498
0.000413
0.000401
0.000431
0.000525
0.000725
0.000325
0.000259
0.000320
0.000306
0.000306
0.000239
0.000208
0.000234
0.000281
0.000300
0.000359
0.000419
0.000426
0.000423
0.000424
0.000525
0.000561
0.000674
0.000755
0.000759
0.000604
0.000463
-0.000474
-0.001362
-0.000626
0.000058
0.000432
0.000635
0.000869
0.000825
0.000952
0.001022
0.001045
0.000982
0.000905
0.000936
0.000998
0.000925
0.000862
0.000731
0.000666
0.000559
0.000601
0.000603
0.000660
0.000747
0.000774
0.000733
0.000660
0.000511
0.000459
0.000494
0.000500
0.000494
0.000447
0.000483
0.000449
0.000623
0.000611
0.000595
0.000557
0.000546
0.000546
0.000631
0.000522
0.000733
0.000610
0.000547
0.000457
0.000501
0.000476
0.000577
0.000330
0.000316
0.000268
0.000263
0.000276
0.000264
0.000191
0.000207
0.000226
0.000223
0.000241
0.000311
0.000409
0.000460
0.000398
0.000380
0.000437
0.000527
0.000686
0.000745
0.000786
0.000708
-0.000302
-0.005718
-0.016013
-0.018779
-0.023304
-0.013483
-0.013644
-0.001016
0.000775
0.000834
0.000965
0.001020
0.001048
0.001011
0.000943
0.000951
0.000898
0.000750
0.000645
0.000596
0.000514
0.000566
0.000631
0.000683
0.000701
0.000798
0.000747
0.000709
0.000508
0.000391
0.000457
0.000494
0.000537
0.000524
0.000528
0.000538
0.000718
0.000709
0.000672
0.000610
0.000578
0.000615
0.000630
0.000654
0.000689
0.000586
0.000563
0.000543
0.000576
0.000455
0.000566
0.000338
0.000333
0.000272
0.000249
0.000234
0.000195
0.000145
0.000161
0.000207
0.000191
0.000232
0.000255
0.000299
0.000404
0.000457
0.000428
0.000443
0.000519
0.000696
0.000733
0.000754
0.000279
-0.001417
-0.000009
-0.004678
-0.010006
-0.010750
-0.015424
-0.031399
-0.017069
-0.004774
0.000504
0.001021
0.000996
0.001021
0.000931
0.000998
0.000992
0.000909
0.000779
0.000501
0.000369
0.000307
0.000517
0.000650
0.000720
0.000730
0.000796
0.000775
0.000674
0.000490
0.000441
0.000482
0.000488
0.000524
0.000485
0.000414
0.000584
0.000692
0.000750
0.000658
0.000709
0.000631
0.000615
0.000648
0.000646
0.000567
0.000564
0.000647
0.000630
0.000529
0.000601
0.000535
0.000345
0.000263
0.000316
0.000243
0.000177
0.000181
0.000124
0.000143
0.000182
0.000154
0.000188
0.000167
0.000253
0.000385
0.000415
0.000436
0.000419
0.000427
0.000393
0.000538
0.000488
0.000201
-0.002477
-0.007578
-0.011296
-0.010762
-0.014439
-0.013489
-0.019509
-0.024421
-0.000089
0.000922
0.001053
0.001103
0.001100
0.000993
0.001083
0.001084
0.001048
0.000898
0.000632
0.000313
0.000101
0.000477
0.000683
0.000695
0.000678
0.000655
0.000664
0.000613
0.000506
0.000438
0.000442
0.000425
0.000532
0.000413
0.000580
0.000500
0.000613
0.000658
0.000677
0.000728
0.000657
0.000597
0.000599
0.000596
0.000626
0.000599
0.000567
0.000513
0.000811
0.000734
0.000651
-0.001100
0.000319
0.000258
0.000248
0.000194
0.000186
0.000138
0.000098
0.000151
0.000171
0.000187
0.000232
0.000206
0.000311
0.000399
0.000040
0.000215
-0.003274
-0.001024
0.000570
0.000812
0.000828
0.000668
0.000349
-0.000128
-0.000015
0.001564
-0.005501
-0.012134
-0.001626
0.000984
0.000886
0.000870
0.001083
0.001456
0.001897
0.001751
0.001271
0.001032
0.000886
0.000718
0.000488
0.000434
0.000585
0.000704
0.000713
0.000727
0.000682
0.000670
0.000580
0.000523
0.000450
0.000421
0.000370
0.000451
0.000509
0.000529
0.000456
0.000557
0.000699
0.000670
0.000634
0.000596
0.000598
0.000531
0.000634
0.000746
0.000817
0.000498
0.000687
0.000885
0.000779
0.000584
0.000540
0.000338
0.000242
0.000175
0.000151
0.000136
0.000135
0.000100
0.000145
0.000166
0.000187
0.000168
0.000135
0.000176
-0.000128
-0.004227
0.001570
-0.001724
0.001000
0.000888
0.000857
0.000860
0.000773
0.000805
0.000989
0.001194
0.002899
-0.001807
0.003835
0.009592
0.003093
-0.000277
0.001837
0.004813
0.008369
0.019114
0.017760
0.007145
0.002131
0.001402
0.000905
0.000773
0.000666
0.000665
0.000736
0.000766
0.000661
0.000658
0.000654
0.000602
0.000563
0.000438
0.000409
0.000407
0.000426
0.000453
0.000543
0.000498
0.000489
0.000729
0.000691
0.000688
0.000626
0.000561
0.000536
0.000721
0.000842
0.000877
0.000759
0.001076
0.000759
0.000731
0.000687
0.000655
0.000308
0.000284
0.000174
0.000115
0.000128
0.000111
0.000091
0.000096
0.000090
0.000119
0.000119
0.000081
-0.000009
-0.004774
-0.001761
0.002275
0.001041
0.000846
0.000641
0.000828
0.000952
0.000992
0.001189
0.001304
0.000981
0.000148
0.000552
0.003569
0.005001
0.012031
0.010201
0.009122
0.009037
0.011332
0.016930
0.018356
0.014662
0.014521
0.011578
0.002365
0.000854
0.000742
0.000732
0.000744
0.000595
0.000566
0.000681
0.000702
0.000708
0.000631
0.000444
0.000487
0.000432
0.000501
0.000415
0.000497
0.000441
0.000510
0.000684
0.000757
0.000664
0.000689
0.000658
0.000526
0.000724
0.000900
0.001111
0.001125
0.000992
0.000897
0.000903
0.000873
0.000664
0.000306
0.000283
0.000190
0.000100
0.000080
0.000060
0.000042
0.000017
0.000062
0.000054
0.000037
0.000247
-0.000837
-0.006969
0.000275
0.001876
0.000806
0.000736
0.000599
0.000882
0.001125
0.001323
0.001013
0.000935
-0.000787
0.000213
0.001156
0.003194
0.005995
0.010724
0.012198
0.008328
0.005343
0.009410
0.009336
0.008314
0.009752
0.010170
0.013286
0.010953
0.001412
0.000780
0.000838
0.000709
0.000513
0.000763
0.000820
0.000758
0.000682
0.000695
0.000575
0.000507
0.000519
0.000469
0.000554
0.000568
0.000590
0.000616
0.000674
0.000814
0.000696
0.000786
0.000808
0.000531
0.000662
0.000904
0.001117
0.001029
0.001081
0.000967
0.000931
0.000897
-0.000596
0.000304
0.000251
0.000228
0.000120
0.000041
0.000045
0.000007
0.000020
0.000035
0.000024
0.000097
-0.000054
-0.000642
-0.012049
0.003415
0.005063
0.001249
0.000867
0.000849
0.000953
0.001317
0.000858
0.003244
0.001089
0.001686
0.001717
0.001046
0.000665
0.002049
-0.001017
0.007784
0.004469
0.002146
0.004859
0.003063
0.002481
0.004502
0.005815
0.008017
0.008444
0.001140
0.001323
0.002291
0.000433
-0.001356
0.000300
0.000784
0.000795
0.000751
0.000817
0.000877
0.000692
0.000602
0.000500
0.000621
0.000633
0.000623
0.000735
0.000702
0.000731
0.000804
0.000844
0.000525
0.000554
0.000792
0.001006
0.001155
0.001113
0.001053
0.001119
0.000864
0.000926
0.000911
0.000254
0.000237
0.000234
0.000108
0.000012
-0.000026
-0.000018
-0.000013
-0.000017
0.000002
-0.000061
-0.000056
-0.000422
-0.006914
0.000500
0.004219
0.001549
0.000961
0.001141
0.001086
0.000899
0.003801
0.006141
0.011499
0.014513
0.010434
0.007613
0.002938
0.001430
0.000314
0.000886
0.000795
0.000665
0.000885
0.001116
0.001935
0.002663
0.001812
0.001889
0.006882
0.003804
0.004432
0.003292
0.001757
0.000792
-0.005160
0.000019
0.000748
0.000796
0.000875
0.000852
0.000841
0.000725
0.000631
0.000677
0.000675
0.000767
0.000892
0.000804
0.000798
0.000711
0.000573
0.000720
0.000610
0.000735
0.000909
0.001188
0.001246
0.001171
0.000962
0.000907
0.000841
0.000915
0.000263
0.000213
0.000173
0.000050
-0.000020
-0.000043
-0.000043
-0.000041
-0.000047
-0.000081
-0.000074
-0.000066
-0.000177
-0.002781
-0.009887
0.011155
0.002377
0.001179
0.000936
0.000769
0.011138
0.014439
0.014826
0.015765
0.019333
0.016897
0.010456
0.005333
0.002121
0.000798
-0.000167
0.000464
0.000548
0.000519
0.000977
0.001985
0.002016
0.001222
0.000771
0.001624
0.001008
0.003290
0.001287
0.001828
0.000282
0.006375
-0.003629
0.000715
0.000782
0.000829
0.000649
0.000639
0.000716
0.000615
0.000742
0.000876
0.000972
0.000997
0.000905
0.000828
0.000705
0.000509
0.000524
0.000789
0.000663
0.000807
0.001096
0.001147
0.001093
0.000922
0.000999
0.000873
0.000965
0.000134
0.000197
0.000192
0.000014
-0.000029
-0.000053
-0.000056
-0.000034
-0.000094
-0.000099
-0.000104
-0.000107
-0.000200
-0.000821
-0.008181
0.001217
0.004109
0.000692
0.002520
0.006059
0.014832
0.024291
0.029588
0.023285
0.019084
0.016496
0.010464
0.005197
0.002276
0.001315
0.000590
0.000165
0.000288
0.000587
0.000822
0.002123
0.001241
0.001190
0.000871
-0.002404
-0.000124
0.000497
0.001460
0.001337
-0.000548
0.004503
0.005265
0.000921
0.000715
0.000603
0.000808
0.000801
0.000815
0.000708
0.000714
0.000812
0.000978
0.001090
0.001040
0.001124
0.001059
0.000958
0.000764
0.000991
0.000648
0.000764
0.001119
0.001297
0.001129
0.000909
0.000887
0.000966
0.001028
0.000318
0.000240
0.000169
0.000075
0.000006
-0.000048
-0.000052
-0.000095
-0.000110
-0.000116
-0.000136
-0.000195
-0.001899
-0.001781
-0.004305
-0.000218
-0.000314
0.007450
0.013378
0.027684
0.028262
0.029955
0.032265
0.027960
0.024890
0.021182
0.011918
0.002793
0.002300
0.001354
0.001087
-0.000241
-0.000381
0.000443
0.000904
-0.000194
0.000162
0.000429
0.000398
-0.003826
-0.002015
-0.001384
0.000272
0.000855
0.000299
0.000128
0.004070
0.000443
0.000986
0.000553
0.000660
0.000758
0.000801
0.000683
0.000605
0.000889
0.000990
0.001054
0.001091
0.001259
0.001257
0.001148
0.000878
0.000899
0.000867
0.001003
0.001077
0.001102
0.001154
0.000971
0.000958
0.001079
0.001134
0.000295
0.000244
0.000157
0.000074
-0.000033
-0.000062
-0.000085
-0.000128
-0.000143
-0.000157
-0.000213
-0.001079
0.000696
0.000151
-0.000272
-0.000420
0.000152
0.007956
0.015537
0.009232
0.009101
0.007032
0.005505
0.002674
0.014476
0.010569
0.004097
0.002915
0.002961
0.001550
-0.000549
-0.007241
-0.006291
-0.001209
-0.000978
-0.002532
-0.006376
-0.003637
-0.006510
-0.010238
-0.012855
-0.010395
-0.003742
-0.001848
0.000429
-0.001865
-0.002107
-0.002988
-0.003070
0.000582
0.000751
0.000892
0.000801
0.000510
0.000685
0.000986
0.000992
0.001114
0.001102
0.001130
0.001214
0.001092
0.000974
0.000923
0.001068
0.001037
0.000999
0.001166
0.001139
0.000891
0.001065
0.001127
0.001116
0.000319
0.000240
0.000160
0.000136
-0.000034
-0.000067
-0.000090
-0.000135
-0.000141
-0.000170
-0.000262
-0.000293
-0.000538
-0.000394
-0.000358
-0.000345
-0.000299
-0.000406
0.001562
-0.004473
-0.000696
-0.000073
0.000666
-0.002199
-0.004176
-0.003544
-0.003678
-0.003211
-0.002882
-0.002391
-0.007768
-0.010369
-0.010217
-0.008350
-0.005934
-0.003732
-0.014577
-0.007318
-0.006763
-0.010528
-0.014854
-0.019592
-0.014599
-0.012817
-0.004566
-0.002563
-0.003978
-0.006372
-0.007270
-0.004305
0.000488
0.000986
0.000986
0.000735
0.000439
0.000712
0.001044
0.001055
0.001147
0.001119
0.001130
0.001161
0.001212
0.001111
0.001050
0.001056
0.001042
0.001054
0.001079
0.001039
0.001133
0.001049
0.001034
0.000365
0.000301
0.000296
0.000189
0.000068
-0.000057
-0.000095
-0.000145
-0.000150
-0.000185
-0.000256
-0.000315
-0.000339
-0.000341
-0.000366
-0.000391
-0.000357
-0.000463
-0.000516
-0.000843
0.000192
0.011444
0.007373
0.000075
-0.002870
-0.003685
-0.003897
-0.003802
-0.002116
-0.002696
-0.007705
-0.011284
-0.010403
-0.009217
-0.007706
-0.007061
-0.005043
-0.012948
-0.011191
-0.008919
-0.017566
-0.015546
-0.016039
-0.012821
-0.012737
-0.006361
-0.003096
-0.010620
-0.006852
-0.006173
-0.006194
0.001063
0.001119
0.000888
0.000561
0.000681
0.000861
0.001023
0.001234
0.001221
0.001181
0.001130
0.001114
0.001207
0.001070
0.001065
0.001056
0.001014
0.001299
0.001210
0.001291
0.001246
0.001117
0.000428
0.000360
0.000306
0.000230
0.000068
-0.000060
-0.000100
-0.000115
-0.000148
-0.000200
-0.000280
-0.000356
-0.000385
-0.000379
-0.000418
-0.000454
-0.000439
-0.000572
-0.000788
-0.003948
0.008584
0.019218
0.016642
0.008388
0.000682
-0.003881
-0.004481
-0.004393
-0.003228
-0.002056
-0.006657
-0.011834
-0.010325
-0.008595
-0.008116
-0.008025
-0.007804
-0.005729
-0.003924
-0.013914
-0.016615
-0.012796
-0.013598
-0.015073
-0.020046
-0.016261
-0.004480
-0.005326
-0.005101
-0.007960
-0.009098
-0.006377
0.000713
0.001004
0.000353
0.000332
0.000503
0.000956
0.001139
0.001223
0.000935
0.000891
0.001102
0.001090
0.000954
0.001180
0.001128
0.001046
0.001388
0.001556
0.001497
0.001097
0.000959
0.000444
0.000343
0.000231
0.000279
0.000110
-0.000036
-0.000092
-0.000128
-0.000165
-0.000195
-0.000302
-0.000386
-0.000441
-0.000454
-0.000473
-0.000535
-0.000535
-0.000654
-0.001382
-0.001689
0.000205
0.015078
0.019741
0.013426
0.007130
-0.000565
-0.003538
-0.004637
-0.005061
-0.003003
-0.006356
-0.010237
-0.009834
-0.008078
-0.007513
-0.007227
-0.006985
-0.007874
-0.008486
-0.006751
-0.004547
-0.005326
-0.013251
-0.010836
-0.009587
-0.017606
-0.006048
-0.006314
-0.006757
-0.008008
-0.008661
-0.011026
-0.005293
0.000557
0.000340
0.000390
0.000612
0.000619
0.001058
0.000871
0.001018
0.000830
0.000991
0.000994
0.001085
0.001266
0.001390
0.000803
0.001362
0.001277
0.001331
0.001009
0.000873
0.000497
0.000383
0.000344
0.000288
0.000137
-0.000021
-0.000052
-0.000134
-0.000150
-0.000211
-0.000292
-0.000392
-0.000471
-0.000501
-0.000508
-0.000576
-0.000692
-0.000885
-0.001126
-0.001298
-0.001553
0.003814
0.016365
0.012967
0.008154
0.003823
-0.004566
-0.004478
-0.005361
-0.003798
-0.005062
-0.009058
-0.009598
-0.007730
-0.006788
-0.006754
-0.007313
-0.008384
-0.008828
-0.008317
-0.007163
-0.006384
-0.004002
-0.002623
-0.002568
-0.002459
-0.010345
-0.003117
-0.007111
-0.009014
-0.008657
-0.009687
-0.008012
-0.005128
-0.003805
0.000463
0.000758
0.000708
0.000751
0.000842
0.001076
0.000875
0.000940
0.001100
0.000653
0.001316
0.001302
0.001138
0.001117
0.001062
0.001216
0.000860
0.000978
0.000537
0.000427
0.000357
0.000280
0.000182
0.000018
-0.000041
-0.000105
-0.000162
-0.000221
-0.000310
-0.000400
-0.000437
-0.000504
-0.000497
-0.000540
-0.000998
-0.001103
-0.001055
-0.001263
-0.001553
-0.001569
0.006283
0.011494
0.009963
0.006605
-0.000214
-0.004260
-0.004996
-0.003044
-0.003734
-0.007779
-0.010177
-0.007254
-0.006508
-0.006819
-0.007099
-0.007386
-0.008206
-0.008143
-0.007010
-0.006643
-0.004759
-0.003435
-0.003069
-0.001682
-0.005467
-0.002863
-0.007233
-0.007824
-0.008462
-0.008294
-0.007364
-0.005534
-0.004951
-0.002088
0.000766
0.000900
0.000734
0.001287
0.001168
0.000747
0.000907
0.000716
0.000840
0.001120
0.001137
0.000970
0.000970
0.001105
0.001232
0.001085
0.001092
0.000460
0.000497
0.000393
0.000325
0.000486
0.000501
0.000529
0.000482
0.000778
-0.000192
-0.000232
-0.000355
-0.000085
-0.001036
-0.001055
-0.001029
-0.001055
-0.001101
-0.000916
-0.001129
-0.001419
-0.001485
0.000044
0.013900
0.011335
0.009513
0.002778
-0.002624
-0.004478
-0.002820
-0.002689
-0.007939
-0.007569
-0.004363
-0.004516
-0.006771
-0.006532
-0.006249
-0.007497
-0.007425
-0.007498
-0.006683
-0.005311
-0.003934
-0.003343
-0.002746
-0.003049
-0.003332
-0.004758
-0.006932
-0.007323
-0.006798
-0.005322
-0.003337
-0.003572
-0.002922
-0.002365
-0.001920
0.000930
0.001023
0.001257
0.001128
0.001079
0.001141
0.000804
0.000972
0.001113
0.001103
0.001112
0.001286
0.001251
0.001235
0.001220
0.000496
0.000580
0.000370
0.000318
0.000552
0.000593
0.000463
0.000439
0.000400
0.000488
0.000602
0.000613
-0.000296
-0.001011
-0.001083
-0.001126
-0.000859
-0.000958
-0.000855
-0.001090
-0.001307
0.000497
0.000643
0.000751
0.001439
0.001867
0.000760
0.000729
0.001694
0.000140
-0.001483
-0.006316
-0.007062
-0.004240
-0.003338
-0.005027
-0.006639
-0.006608
-0.007118
-0.008585
-0.006956
-0.005361
-0.005569
-0.004251
-0.004159
-0.003646
-0.003245
-0.002181
-0.003123
-0.007056
-0.007293
-0.006599
-0.004861
-0.003036
-0.001843
-0.002592
-0.003007
-0.002801
-0.001646
0.000195
0.000848
0.001510
0.001253
0.001278
0.000990
0.000942
0.000901
0.001030
0.001045
0.001283
0.001401
0.001290
0.001396
0.000463
0.000544
0.000402
0.000393
0.000415
0.000530
0.000511
0.000506
0.000449
0.000516
0.000565
0.000551
0.000701
0.000811
0.000670
-0.000633
0.000604
0.000771
0.000565
0.000483
0.000552
0.000640
0.000739
0.000674
0.000670
0.000657
0.000635
0.000753
0.000837
0.000400
0.000029
-0.004045
-0.006430
-0.004147
-0.004240
-0.005391
-0.006703
-0.006865
-0.007974
-0.008421
-0.007530
-0.005961
-0.005903
-0.006195
-0.005208
-0.004362
-0.003456
-0.003332
-0.002745
-0.004460
-0.007053
-0.006015
-0.003890
-0.000770
-0.002427
-0.000902
-0.001505
0.000441
0.004193
0.005476
0.009527
0.009594
0.005591
0.001282
0.001272
0.001192
0.001223
0.001198
0.001088
0.001278
0.001413
0.001567
0.001311
0.000489
0.000515
0.000487
0.000270
0.000375
0.000494
0.000596
0.000571
0.000567
0.000538
0.000645
0.000618
0.000596
0.000644
0.000619
0.000521
0.000476
0.000589
0.000571
0.000503
0.000565
0.000710
0.000766
0.000719
0.000678
0.000595
0.000393
0.000518
0.000681
0.000712
0.000512
0.000162
0.000111
0.000197
0.000095
0.000213
0.000195
-0.003695
-0.005295
-0.005989
-0.007085
-0.006568
-0.005628
-0.002970
-0.004417
-0.004313
-0.003388
-0.003998
-0.004059
-0.003006
-0.004887
-0.004637
0.001245
0.000568
0.000796
0.003146
0.005127
0.009285
0.008484
0.001857
0.001967
0.002332
0.002168
0.001346
0.001208
0.001403
0.001467
0.001356
0.001247
0.001325
0.001457
0.001508
0.001153
0.000494
0.000523
0.000654
0.000419
0.000391
0.000475
0.000606
0.000590
0.000573
0.000509
0.000599
0.000641
0.000700
0.000684
0.000643
0.000663
0.000453
0.000484
0.000442
0.000371
0.000491
0.000662
0.000590
0.000668
0.000668
0.000426
0.000365
0.000355
0.000496
0.000653
0.000520
0.000442
0.000455
0.000458
0.000516
0.000569
0.000656
0.000729
0.000640
0.000486
0.000682
0.001022
0.000778
-0.000886
-0.001685
-0.004270
-0.004896
-0.004829
-0.003841
-0.004216
-0.004209
0.000435
0.002994
0.005891
0.006200
0.005829
0.008371
0.007676
0.002232
0.001495
0.001799
0.001900
0.001692
0.001601
0.001644
0.001685
0.001641
0.001607
0.001366
0.001313
0.001233
0.001182
0.000991
0.000536
0.000552
0.000681
0.000627
0.000369
0.000437
0.000533
0.000564
0.000628
0.000496
0.000590
0.000761
0.000748
0.000718
0.000755
0.000612
0.000644
0.000410
0.000388
0.000377
0.000386
0.000508
0.000567
0.000494
0.000524
0.000250
0.000027
0.000170
0.000500
0.000292
0.000273
0.000537
0.000518
0.000523
0.000651
0.000677
0.000558
0.001000
0.001270
0.001074
0.001048
0.001227
0.001615
0.001796
0.001063
-0.003685
-0.005657
-0.006642
-0.005646
-0.006124
-0.007260
0.003810
0.009334
0.009273
0.007203
0.001944
0.001895
0.001971
0.001643
0.001675
0.001740
0.001845
0.001569
0.001462
0.001668
0.001656
0.001630
0.001577
0.001387
0.001319
0.001170
0.001072
0.000851
0.000577
0.000503
0.000623
0.000606
0.000395
0.000456
0.000505
0.000570
0.000619
0.000554
0.000560
0.000660
0.000677
0.000628
0.000694
0.000729
0.000764
0.000538
0.000552
0.000552
0.000391
0.000430
0.000621
0.000354
0.000406
0.000237
0.000202
0.000290
0.000303
0.000278
0.000418
0.000734
0.000791
0.000977
0.000984
0.000997
0.000759
0.000668
0.000611
0.000843
0.000848
0.001156
0.001294
0.001511
0.001446
0.002454
-0.004857
-0.007274
-0.007298
-0.007775
-0.007957
-0.006137
0.007017
0.000657
0.001979
0.001486
0.001659
0.001733
0.001618
0.001636
0.001494
0.001403
0.001625
0.001268
0.001214
0.001734
0.001549
0.001325
0.001598
0.001325
0.001266
0.001026
0.000957
0.000645
0.000680
0.000638
0.000800
0.000563
0.000489
0.000503
0.000559
0.000620
0.000620
0.000595
0.000578
0.000706
0.000595
0.000620
0.000670
0.000736
0.000674
0.000701
0.000603
0.000416
0.000303
0.000517
0.000490
0.000496
0.000627
0.000447
0.000462
0.000544
0.000422
0.000686
0.000873
0.000911
0.001037
0.001224
0.000994
0.000826
0.000505
0.000319
0.000517
0.000651
0.000977
0.001157
0.001288
0.001382
0.001654
0.001662
-0.005237
-0.006742
-0.006203
-0.002593
-0.000161
-0.000599
0.000886
0.001518
0.001584
0.001545
0.001647
0.001499
0.001579
0.001553
0.000914
0.001429
0.001021
0.001104
0.001433
0.001421
0.001479
0.001574
0.001340
0.000962
0.000983
0.000608
0.000583
0.000656
0.000733
0.000730
0.000604
0.000449
0.000582
0.000622
0.000574
0.000547
0.000619
0.000570
0.000729
0.000683
0.000628
0.000618
0.000656
0.000694
0.000700
0.000649
0.000363
0.000279
0.000453
0.000510
0.000523
0.000651
0.000681
0.000521
0.000771
0.000742
0.000782
0.000903
0.000842
0.001042
0.000948
0.000765
0.000468
0.000457
0.000039
0.000285
0.000737
0.000820
0.000887
0.001297
0.001538
0.001440
0.001544
0.001029
0.000986
0.000452
0.000590
0.001729
-0.001341
0.001352
0.001233
0.001545
0.001213
0.001427
0.001553
0.001620
0.001589
0.000686
0.000953
0.001568
0.001086
0.001279
0.001358
0.001291
0.001456
0.001556
0.000887
0.000616
0.000776
0.000616
0.000761
0.000770
0.000717
0.000682
0.000542
0.000637
0.000664
0.000618
0.000606
0.000610
0.000482
0.000698
0.000678
0.000614
0.000616
0.000628
0.000701
0.000643
0.000572
0.000405
0.000474
0.000484
0.000560
0.000562
0.000734
0.000913
0.000578
0.000782
0.000791
0.000790
0.000919
0.000834
0.000901
0.000842
0.000646
0.000295
0.000128
-0.000141
0.000273
0.000402
0.000585
0.000841
0.001398
0.001725
0.001520
0.001590
0.001377
0.001313
0.001246
0.001217
0.001292
0.001733
0.001521
0.001363
0.001539
0.001535
0.001457
0.001771
0.001511
0.001211
0.001251
0.000557
0.001311
0.001175
0.001145
0.001206
0.001227
0.001656
0.001476
0.001488
0.000826
0.000840
0.000656
0.000653
0.000707
0.000689
0.000715
0.000547
0.000666
0.000695
0.000667
0.000635
0.000601
0.000455
0.000531
0.000609
0.000652
0.000597
0.000601
0.000640
0.000631
0.000562
0.000467
0.000484
0.000435
0.000651
0.000761
0.000926
0.001000
0.000950
0.000902
0.000886
0.000803
0.000965
0.000998
0.001079
0.000788
0.000316
0.000254
0.000118
-0.000001
0.000257
0.000292
0.000698
0.001140
0.001395
0.001487
0.001441
0.001675
0.001562
0.001281
0.001371
0.001429
0.001910
0.002218
0.001756
0.001886
0.002038
0.002058
0.001596
0.001563
0.001565
0.001314
0.001392
0.000900
0.001355
0.001303
0.001393
0.001242
0.001344
0.001494
0.001803
0.001579
0.000893
0.000833
0.000635
0.000511
0.000615
0.000606
0.000673
0.000545
0.000578
0.000674
0.000688
0.000671
0.000622
0.000481
0.000499
0.000650
0.000647
0.000625
0.000566
0.000565
0.000626
0.000472
0.000440
0.000432
0.000502
0.000765
0.000695
0.000814
0.000763
0.000930
0.000929
0.000885
0.000910
0.001056
0.001075
0.001079
0.000830
0.000473
0.000552
0.000550
0.000280
0.000275
0.000643
0.000794
0.000957
0.001179
0.001437
0.001516
0.001679
0.001624
0.001634
0.001472
0.001701
0.001966
0.002080
0.002205
0.002210
0.002226
0.002150
0.001702
0.001529
0.001680
0.001488
0.001428
0.001091
0.001232
0.001405
0.001607
0.001233
0.001415
0.001589
0.001793
0.001684
0.001007
0.000844
0.000747
0.000621
0.000638
0.000783
0.000614
0.000726
0.000683
0.000695
0.000744
0.000781
0.000672
0.000729
0.000625
0.000618
0.000664
0.000657
0.000625
0.000690
0.000676
0.000519
0.000435
0.000548
0.000642
0.000662
0.000800
0.000532
0.000701
0.000808
0.000830
0.000785
0.000992
0.000984
0.001045
0.000950
0.000615
0.000360
0.000372
0.000532
0.000457
0.000705
0.001050
0.000664
0.000473
0.000656
0.001524
0.001596
0.001488
0.001566
0.001612
0.001237
0.001571
0.001896
0.002111
0.002289
0.002101
0.002021
0.001970
0.001549
0.001416
0.001598
0.001576
0.001526
0.001096
0.001444
0.001756
0.001800
0.001469
0.001770
0.001665
0.001719
0.001635
0.000888
0.000650
