-0.000235
-0.000386
-0.000683
0.000632
-0.000528
-0.000845
-0.000771
0.000438
-0.001042
-0.001105
-0.001083
-0.000603
-0.001155
-0.001113
-0.000911
-0.000932
-0.000818
-0.001053
-0.000972
-0.000920
-0.000822
-0.000916
-0.001130
-0.001193
-0.001073
-0.001011
-0.001065
-0.001071
-0.001056
-0.001070
-0.001075
-0.001093
-0.000963
-0.000963
-0.001121
-0.000955
-0.000986
-0.000840
-0.000688
-0.000762
-0.000798
-0.000897
-0.001097
-0.000843
-0.000903
-0.000899
-0.000739
-0.000628
-0.000686
-0.000859
-0.000596
-0.000704
-0.000804
-0.000725
-0.000700
-0.000691
-0.000644
-0.000621
-0.000752
-0.000639
-0.000600
-0.000619
-0.000731
-0.000644
-0.000670
-0.000565
-0.001158
-0.000531
-0.000415
-0.000496
0.000061
-0.000195
0.000195
-0.000926
-0.000906
-0.000931
-0.000843
-0.000877
-0.000868
-0.000828
-0.001052
-0.001094
-0.001092
-0.000987
-0.001119
-0.001165
-0.001105
-0.001018
-0.000849
-0.000866
-0.001093
-0.001012
-0.000967
-0.000912
-0.000901
-0.000949
-0.000972
-0.000948
-0.000944
-0.000903
-0.000827
-0.000888
-0.000958
-0.000959
-0.000946
-0.000873
-0.000989
-0.001010
-0.000996
-0.000843
-0.000743
-0.000693
-0.000698
-0.000792
-0.000851
-0.000800
-0.000649
-0.000709
-0.000775
-0.000759
-0.000737
-0.000761
-0.000795
-0.000735
-0.000699
-0.000720
-0.000779
-0.000761
-0.000771
-0.000708
-0.000651
-0.000737
-0.000768
-0.000787
-0.000806
-0.000764
-0.000640
-0.000588
-0.000569
-0.000559
-0.000576
-0.000619
-0.000732
-0.000659
-0.000654
-0.000485
-0.000890
-0.000914
-0.000805
-0.000803
-0.000856
-0.000841
-0.000937
-0.001043
-0.001095
-0.000987
-0.000989
-0.001015
-0.001009
-0.001075
-0.001025
-0.000866
-0.000812
-0.000907
-0.000959
-0.000932
-0.001047
-0.000962
-0.000953
-0.000891
-0.000845
-0.000900
-0.000811
-0.000841
-0.000899
-0.001078
-0.001120
-0.001074
-0.000984
-0.000835
-0.001000
-0.000879
-0.000945
-0.000794
-0.000865
-0.000674
-0.000569
-0.000751
-0.000754
-0.000761
-0.000892
-0.000757
-0.000728
-0.000677
-0.000704
-0.000752
-0.000745
-0.000782
-0.000726
-0.000668
-0.000801
-0.000783
-0.000742
-0.000699
-0.000699
-0.000630
-0.000655
-0.000739
-0.000762
-0.000639
-0.000575
-0.000607
-0.000613
-0.000575
-0.000518
-0.000523
-0.000601
-0.000632
-0.000645
-0.000884
-0.000852
-0.000769
-0.000836
-0.000847
-0.000861
-0.001005
-0.000997
-0.000972
-0.001048
-0.000960
-0.001064
-0.000959
-0.001051
-0.000938
-0.000838
-0.000795
-0.000873
-0.000905
-0.000966
-0.000958
-0.000921
-0.000946
-0.000902
-0.000871
-0.000847
-0.000817
-0.000868
-0.000959
-0.000974
-0.001022
-0.000938
-0.001048
-0.000918
-0.001012
-0.000934
-0.000750
-0.000737
-0.000822
-0.000744
-0.000650
-0.000619
-0.000765
-0.000904
-0.000794
-0.000712
-0.000684
-0.000678
-0.000701
-0.000747
-0.000805
-0.000737
-0.000707
-0.000811
-0.000777
-0.000720
-0.000672
-0.000673
-0.000650
-0.000636
-0.000672
-0.000741
-0.000690
-0.000574
-0.000648
-0.000621
-0.000559
-0.000512
-0.000547
-0.000584
-0.000652
-0.000714
-0.000669
-0.000771
-0.000844
-0.000851
-0.000847
-0.000715
-0.000723
-0.000988
-0.001029
-0.001036
-0.001037
-0.000997
-0.001043
-0.000939
-0.000942
-0.000887
-0.000914
-0.000837
-0.000837
-0.000767
-0.001023
-0.000910
-0.000816
-0.000819
-0.001011
-0.000957
-0.000837
-0.000858
-0.000875
-0.000919
-0.001062
-0.000814
-0.000911
-0.001101
-0.000923
-0.000878
-0.000849
-0.000783
-0.000705
-0.000503
-0.000559
-0.000681
-0.000676
-0.000640
-0.000745
-0.000716
-0.000653
-0.000659
-0.000658
-0.000633
-0.000788
-0.000800
-0.000789
-0.000742
-0.000768
-0.000798
-0.000684
-0.000665
-0.000591
-0.000567
-0.000644
-0.000679
-0.000670
-0.000654
-0.000643
-0.000661
-0.000627
-0.000615
-0.000586
-0.000544
-0.000694
-0.000727
-0.000777
-0.002169
-0.000734
-0.000791
-0.000806
-0.000788
-0.000743
-0.000853
-0.001031
-0.001030
-0.001021
-0.001060
-0.000949
-0.001007
-0.000859
-0.000863
-0.000917
-0.000869
-0.000900
-0.000822
-0.000917
-0.000954
-0.000926
-0.000937
-0.000990
-0.001034
-0.000973
-0.000720
-0.000775
-0.000856
-0.000875
-0.000960
-0.000795
-0.001003
-0.001103
-0.000900
-0.000896
-0.000820
-0.000796
-0.000670
-0.000613
-0.000715
-0.000721
-0.000673
-0.000748
-0.000770
-0.000735
-0.000672
-0.000613
-0.000637
-0.000668
-0.000730
-0.000734
-0.000803
-0.000730
-0.000712
-0.000702
-0.000655
-0.000626
-0.000612
-0.000638
-0.000643
-0.000641
-0.000688
-0.000688
-0.000673
-0.000654
-0.000675
-0.000641
-0.000640
-0.000713
-0.000757
-0.000745
-0.000706
-0.000640
-0.000752
-0.000768
-0.000772
-0.000817
-0.000839
-0.000852
-0.000968
-0.001089
-0.001018
-0.000985
-0.000893
-0.000848
-0.000813
-0.000878
-0.000836
-0.000819
-0.000913
-0.000803
-0.000936
-0.000958
-0.001021
-0.000785
-0.000727
-0.001023
-0.000807
-0.001042
-0.000938
-0.000963
-0.000833
-0.000907
-0.001027
-0.001067
-0.001026
-0.000906
-0.000845
-0.000654
-0.000732
-0.000819
-0.000779
-0.000766
-0.000767
-0.000733
-0.000721
-0.000773
-0.000779
-0.000736
-0.000658
-0.000659
-0.000715
-0.000730
-0.000731
-0.000763
-0.000723
-0.000662
-0.000596
-0.000565
-0.000538
-0.000599
-0.000627
-0.000618
-0.000626
-0.000733
-0.000741
-0.000709
-0.000703
-0.000721
-0.000718
-0.000753
-0.000709
-0.000673
-0.000666
-0.000561
-0.000692
-0.000747
-0.000748
-0.000824
-0.000927
-0.000873
-0.000975
-0.000995
-0.000985
-0.001029
-0.000867
-0.000833
-0.000798
-0.000770
-0.000877
-0.000897
-0.000989
-0.001015
-0.000952
-0.000953
-0.001001
-0.000764
-0.000831
-0.000572
-0.000953
-0.000898
-0.001036
-0.001079
-0.000926
-0.000861
-0.000822
-0.000928
-0.000970
-0.000889
-0.000985
-0.000841
-0.000750
-0.000777
-0.000807
-0.000880
-0.000802
-0.000776
-0.000762
-0.000782
-0.000659
-0.000800
-0.000753
-0.000676
-0.000705
-0.000787
-0.000790
-0.000690
-0.000688
-0.000662
-0.000630
-0.000586
-0.000608
-0.000624
-0.000610
-0.000590
-0.000595
-0.000673
-0.000680
-0.000702
-0.000732
-0.000732
-0.000742
-0.000727
-0.000715
-0.000634
-0.000620
-0.000591
-0.000759
-0.000753
-0.000684
-0.000792
-0.000798
-0.000982
-0.000949
-0.000915
-0.001016
-0.000980
-0.000943
-0.000985
-0.000795
-0.000803
-0.000778
-0.000771
-0.000892
-0.000883
-0.001030
-0.001129
-0.001110
-0.000986
-0.000974
-0.001000
-0.000953
-0.000952
-0.000921
-0.000939
-0.000802
-0.000861
-0.000749
-0.000825
-0.000866
-0.000872
-0.000840
-0.000919
-0.000927
-0.000787
-0.000806
-0.000761
-0.000795
-0.000810
-0.000746
-0.000724
-0.000668
-0.000572
-0.000778
-0.000714
-0.000739
-0.000701
-0.000744
-0.000772
-0.000657
-0.000584
-0.000608
-0.000634
-0.000625
-0.000637
-0.000625
-0.000607
-0.000610
-0.000636
-0.000705
-0.000697
-0.000710
-0.000728
-0.000722
-0.000702
-0.000678
-0.000568
-0.000670
-0.000679
-0.000732
-0.000787
0.001326
-0.000655
-0.000725
-0.000817
-0.000862
-0.000917
-0.000904
-0.000937
-0.000942
-0.001011
-0.000835
-0.000865
-0.000778
-0.000899
-0.000802
-0.000933
-0.000892
-0.001045
-0.001003
-0.000894
-0.000952
-0.001025
-0.000941
-0.001020
-0.001111
-0.000933
-0.000907
-0.000968
-0.000754
-0.000632
-0.000674
-0.000878
-0.000756
-0.000745
-0.000751
-0.000766
-0.000804
-0.000796
-0.000743
-0.000790
-0.000778
-0.000752
-0.000683
-0.000758
-0.000703
-0.000708
-0.000720
-0.000724
-0.000703
-0.000695
-0.000684
-0.000625
-0.000633
-0.000658
-0.000706
-0.000689
-0.000624
-0.000631
-0.000621
-0.000656
-0.000674
-0.000681
-0.000718
-0.000738
-0.000731
-0.000757
-0.000619
-0.000728
-0.000732
-0.000730
-0.000761
-0.000815
-0.000904
-0.000897
-0.000667
-0.000741
-0.000825
-0.000834
-0.000892
-0.000924
-0.000967
-0.000985
-0.000969
-0.000909
-0.000757
-0.000658
-0.000641
-0.000706
-0.000987
-0.000956
-0.000964
-0.000942
-0.001046
-0.000973
-0.000936
-0.000940
-0.000969
-0.001024
-0.000823
-0.000875
-0.000883
-0.000839
-0.000824
-0.000785
-0.000871
-0.000727
-0.000716
-0.000738
-0.000745
-0.000717
-0.000796
-0.000747
-0.000825
-0.000831
-0.000745
-0.000716
-0.000678
-0.000672
-0.000680
-0.000655
-0.000693
-0.000728
-0.000842
-0.000571
-0.000688
-0.000629
-0.000669
-0.000724
-0.000701
-0.000684
-0.000647
-0.000662
-0.000675
-0.000708
-0.000705
-0.000724
-0.000725
-0.000748
-0.000676
-0.000672
-0.000642
-0.000880
-0.000838
-0.000781
-0.000807
-0.000902
-0.000931
-0.000587
-0.000841
-0.000859
-0.000759
-0.000943
-0.000871
-0.000988
-0.000938
-0.000884
-0.000858
-0.000863
-0.000728
-0.000593
-0.000650
-0.000917
-0.000850
-0.000914
-0.001071
-0.000880
-0.000863
-0.000739
-0.000900
-0.000938
-0.000838
-0.000741
-0.000885
-0.000762
-0.000642
-0.000848
-0.000924
-0.000834
-0.000759
-0.000719
-0.000733
-0.000719
-0.000695
-0.000644
-0.000702
-0.000731
-0.000753
-0.000705
-0.000647
-0.000692
-0.000662
-0.000671
-0.000639
-0.000626
-0.000712
-0.000773
-0.000556
-0.000574
-0.000626
-0.000653
-0.000705
-0.000744
-0.000704
-0.000691
-0.000676
-0.000709
-0.000707
-0.000686
-0.000714
-0.000765
-0.000847
-0.000889
-0.000875
-0.000850
-0.000814
-0.000810
-0.000724
-0.000813
-0.000901
-0.000848
-0.000616
-0.000822
-0.000780
-0.000713
-0.000888
-0.000917
-0.000955
-0.000938
-0.000941
-0.000905
-0.000985
-0.000929
-0.000705
-0.000705
-0.000968
-0.000930
-0.000775
-0.000944
-0.000871
-0.000835
-0.001023
-0.001038
-0.000957
-0.000786
-0.000780
-0.000765
-0.000842
-0.000672
-0.000788
-0.000853
-0.000759
-0.000602
-0.000506
-0.000657
-0.000752
-0.000673
-0.000654
-0.000706
-0.000705
-0.000703
-0.000624
-0.000660
-0.000640
-0.000571
-0.000586
-0.000621
-0.000653
-0.000591
-0.000603
-0.000726
-0.000586
-0.000624
-0.000594
-0.000615
-0.000665
-0.000767
-0.000721
-0.000663
-0.000698
-0.000673
-0.000718
-0.000735
-0.000762
-0.000803
-0.000864
-0.000915
-0.000838
-0.000814
-0.000797
-0.000800
-0.000900
-0.000902
0.000725
-0.000777
-0.000702
-0.000775
-0.000907
-0.000915
-0.000897
-0.000884
-0.000877
-0.001012
-0.000903
-0.000910
-0.000887
-0.000748
-0.000754
-0.000935
-0.000981
-0.000860
-0.000929
-0.000713
-0.000812
-0.000904
-0.001069
-0.000931
-0.000859
-0.001381
-0.001737
-0.001311
-0.000663
-0.000446
-0.000674
-0.000649
-0.000538
-0.000775
-0.000738
-0.000773
-0.000683
-0.000579
-0.000643
-0.000576
-0.000600
-0.000573
-0.000483
-0.000548
-0.000553
-0.000563
-0.000597
-0.000625
-0.000621
-0.000607
-0.000603
-0.000627
-0.000658
-0.000564
-0.000569
-0.000761
-0.000798
-0.000727
-0.000642
-0.000702
-0.000736
-0.000743
-0.000742
-0.000773
-0.000818
-0.000824
-0.000829
-0.000824
-0.000827
-0.000789
-0.000846
-0.000725
-0.000759
-0.000910
-0.000983
-0.000921
-0.000943
-0.000977
-0.000877
-0.000961
-0.000882
-0.000910
-0.001081
-0.000935
-0.000984
-0.000880
-0.000649
-0.000763
-0.000717
-0.000854
-0.000868
-0.000984
-0.000850
-0.000970
-0.001015
-0.001183
-0.001947
0.000322
-0.002665
-0.006910
-0.008175
-0.005098
-0.001407
-0.000656
-0.000790
-0.000754
-0.000793
-0.000738
-0.000688
-0.000621
-0.000541
-0.000597
-0.000482
-0.000539
-0.000464
-0.000406
-0.000424
-0.000478
-0.000519
-0.000562
-0.000539
-0.000606
-0.000588
-0.000537
-0.000546
-0.000595
-0.000560
-0.000618
-0.000634
-0.000662
-0.000690
-0.000709
-0.000709
-0.000734
-0.000770
-0.000781
-0.000846
-0.000911
-0.000884
-0.000856
-0.000768
-0.000749
-0.000789
-0.000843
-0.000780
-0.000834
-0.000968
-0.001005
-0.000974
-0.000982
-0.000995
-0.000998
-0.000908
-0.000824
-0.000857
-0.001002
-0.001013
-0.000998
-0.000927
-0.000863
-0.000821
-0.000722
-0.000753
-0.000723
-0.000633
-0.000510
-0.000796
-0.000761
0.001833
-0.000485
-0.001872
-0.001949
-0.002090
-0.007071
-0.012223
-0.010300
-0.007435
-0.002988
-0.000865
-0.000751
-0.000667
-0.000741
-0.000608
-0.000503
-0.000511
-0.000480
-0.000497
-0.000320
-0.000246
-0.000274
-0.000366
-0.000509
-0.000543
-0.000614
-0.000662
-0.000642
-0.000557
-0.000577
-0.000596
-0.000602
-0.000567
-0.000657
-0.000708
-0.000682
-0.000707
-0.000683
-0.000723
-0.000730
-0.000795
-0.000839
-0.000822
-0.000877
-0.000894
-0.000906
-0.000882
-0.000902
-0.000927
-0.000997
-0.000967
-0.000854
-0.000937
-0.000867
-0.000977
-0.000972
-0.000955
-0.000868
-0.000810
-0.000821
-0.000915
-0.000816
-0.000859
-0.000736
-0.000706
-0.000788
-0.000781
-0.000740
-0.000040
0.000040
0.000152
-0.000029
-0.000329
-0.001796
-0.003329
-0.002745
-0.001880
0.001067
-0.000522
-0.004167
-0.009100
-0.001264
-0.000804
-0.000684
-0.000809
-0.000709
-0.000837
-0.000729
-0.000592
-0.000582
-0.000607
-0.000490
-0.000247
0.000063
-0.000167
-0.000338
-0.000405
-0.000565
-0.000643
-0.000663
-0.000683
-0.000583
-0.000551
-0.000583
-0.000577
-0.000637
-0.000711
-0.000730
-0.000731
-0.000714
-0.000699
-0.000655
-0.000744
-0.000812
-0.000789
-0.000893
-0.000925
-0.001013
-0.000969
-0.000969
-0.000939
-0.000960
-0.000976
-0.000865
-0.001100
-0.000804
-0.000994
-0.000910
-0.001016
-0.000906
-0.000843
-0.000804
-0.000779
-0.000784
-0.000808
-0.000920
-0.000760
-0.000893
-0.000881
-0.000198
-0.000033
0.002500
0.002731
0.001771
0.001406
-0.000199
-0.000766
-0.000911
-0.000954
0.003895
0.007916
0.013345
0.004622
-0.000780
-0.000809
-0.000820
-0.000682
-0.000837
-0.000680
-0.000684
-0.000637
-0.000434
-0.000485
-0.000417
-0.000440
-0.000377
-0.000221
-0.000326
-0.000447
-0.000518
-0.000533
-0.000553
-0.000642
-0.000656
-0.000616
-0.000571
-0.000584
-0.000589
-0.000652
-0.000729
-0.000693
-0.000830
-0.000782
-0.000753
-0.000746
-0.000826
-0.000790
-0.000787
-0.000835
-0.000968
-0.001080
-0.001035
-0.000869
-0.000837
-0.000962
-0.000952
-0.000868
-0.000976
-0.000795
-0.001001
-0.000905
-0.000781
-0.000833
-0.000786
-0.000835
-0.000784
-0.000818
-0.000827
-0.000756
-0.000818
-0.000782
-0.000033
0.001912
0.002533
0.001958
0.002198
0.002329
0.001806
-0.000530
-0.000742
-0.000767
-0.000714
0.000735
0.007482
0.013149
0.004095
0.000826
-0.000621
-0.000593
-0.000542
-0.000640
-0.000749
-0.000800
-0.000707
-0.000555
-0.000590
-0.000616
-0.000503
-0.000512
-0.000454
-0.000465
-0.000526
-0.000544
-0.000530
-0.000582
-0.000655
-0.000666
-0.000714
-0.000568
-0.000545
-0.000629
-0.000685
-0.000776
-0.000832
-0.000808
-0.000774
-0.000784
-0.000795
-0.000818
-0.000801
-0.000820
-0.000888
-0.001039
-0.001015
-0.000929
-0.000915
-0.000908
-0.000908
-0.000817
-0.000780
-0.000961
-0.000713
-0.000733
-0.000786
-0.000717
-0.000668
-0.000731
-0.000749
-0.000748
-0.000789
-0.000838
-0.000767
-0.000819
-0.000199
-0.000252
0.002786
0.002545
0.001061
0.000108
0.001368
0.001928
-0.000179
-0.000823
-0.000914
-0.000580
0.001281
0.000868
0.001689
0.002126
0.007248
0.001247
0.000200
-0.000257
-0.000426
-0.000658
-0.000649
-0.000613
-0.000531
-0.000442
-0.000516
-0.000588
-0.000564
-0.000570
-0.000476
-0.000532
-0.000531
-0.000556
-0.000607
-0.000643
-0.000808
-0.000676
-0.000567
-0.000681
-0.000692
-0.000691
-0.000724
-0.000790
-0.000838
-0.000778
-0.000772
-0.000804
-0.000850
-0.000861
-0.000904
-0.000933
-0.000846
-0.000897
-0.000970
-0.001057
-0.000921
-0.000860
-0.000849
-0.000774
-0.000925
-0.000642
-0.000726
-0.000877
-0.000816
-0.000743
-0.000818
-0.000752
-0.000720
-0.000738
-0.000785
-0.000824
-0.000632
0.001561
-0.001623
0.001548
0.001542
-0.000227
-0.000513
-0.000530
0.000352
-0.000535
-0.000851
-0.000436
0.000244
-0.000086
0.000708
0.000479
0.000172
0.002195
0.005279
0.006668
0.003592
0.001601
0.000023
-0.000612
-0.000636
-0.000578
-0.000463
-0.000480
-0.000511
-0.000543
-0.000590
-0.000578
-0.000574
-0.000561
-0.000556
-0.000663
-0.000725
-0.000760
-0.000751
-0.000643
-0.000664
-0.000698
-0.000731
-0.000762
-0.000801
-0.000824
-0.000766
-0.000773
-0.000860
-0.000807
-0.000874
-0.000847
-0.000868
-0.000931
-0.001013
-0.000978
-0.000891
-0.000954
-0.000822
-0.000908
-0.000886
-0.000596
-0.000797
-0.000820
-0.000790
-0.000616
-0.000773
-0.000842
-0.000836
-0.000761
-0.000672
-0.000746
-0.000694
-0.000689
-0.000461
-0.001914
0.002319
0.002037
0.000062
-0.000602
-0.000477
0.001912
0.001119
0.001392
0.000331
0.000414
0.001035
0.002590
0.002256
0.001341
0.001423
0.001048
0.006708
0.009323
0.004112
-0.001317
-0.000563
-0.000562
-0.000408
-0.000445
-0.000529
-0.000499
-0.000619
-0.000643
-0.000669
-0.000644
-0.000543
-0.000578
-0.000633
-0.000745
-0.000799
-0.000737
-0.000678
-0.000687
-0.000741
-0.000748
-0.000753
-0.000772
-0.000781
-0.000777
-0.000949
-0.000904
-0.000887
-0.000903
-0.000994
-0.000981
-0.000868
-0.000780
-0.000862
-0.000913
-0.000810
-0.000778
-0.000916
-0.000856
-0.000780
-0.000796
-0.000804
-0.000736
-0.000596
-0.000790
-0.000800
-0.000785
-0.000797
-0.000707
-0.000723
-0.000697
-0.000674
-0.000572
-0.002677
-0.000183
0.002656
0.001348
0.000200
0.001816
0.003302
0.002701
0.000759
0.001983
0.000285
0.001295
0.002349
0.002263
0.001183
0.001003
-0.000452
0.001020
0.007579
0.010331
0.003397
-0.002171
-0.000580
-0.000518
-0.000444
-0.000597
-0.000661
-0.001273
-0.000815
-0.001077
-0.000242
0.000290
-0.000334
-0.000697
-0.000762
-0.000754
-0.000683
-0.000652
-0.000740
-0.000773
-0.000766
-0.000770
-0.000774
-0.000839
-0.000936
-0.000987
-0.000925
-0.000901
-0.000959
-0.000996
-0.000844
-0.000797
-0.000777
-0.000764
-0.000846
-0.000808
-0.000850
-0.000943
-0.000861
-0.000835
-0.000769
-0.000706
-0.000713
-0.000711
-0.000773
-0.000802
-0.000817
-0.000774
-0.000713
-0.000684
-0.000692
-0.000707
-0.000649
-0.000880
0.001102
0.000247
0.002306
0.002049
0.002716
0.003651
0.000318
0.000724
0.002575
0.002374
0.003069
0.004004
0.005566
0.002385
-0.000040
-0.000022
0.000090
0.003026
0.006702
0.004536
-0.000082
-0.000982
-0.000586
-0.000501
-0.000632
-0.001259
-0.000245
-0.000680
-0.001312
-0.002090
0.000334
0.004630
-0.000459
-0.000722
-0.000709
-0.000698
-0.000728
-0.000719
-0.000753
-0.000778
-0.000815
-0.000889
-0.000937
-0.000923
-0.000962
-0.000980
-0.000906
-0.000926
-0.000908
-0.000769
-0.000799
-0.000774
-0.000918
-0.000886
-0.000866
-0.001002
-0.001059
-0.001007
-0.000947
-0.000716
-0.000714
-0.000781
-0.000658
-0.000651
-0.000738
-0.000772
-0.000735
-0.000689
-0.000623
-0.000656
-0.000705
-0.000677
-0.000634
0.000217
0.000579
0.001136
0.002362
-0.000026
0.000008
-0.000732
-0.000746
-0.001163
0.000312
0.002780
0.003863
0.003433
0.002277
-0.000481
-0.000502
0.000468
0.002279
0.006043
0.005689
-0.000807
-0.000755
-0.000570
-0.000534
-0.000616
-0.001242
-0.000522
-0.001700
-0.000650
0.000305
0.000887
0.002329
0.003990
-0.000217
-0.000594
-0.000631
-0.000750
-0.000771
-0.000788
-0.000840
-0.000902
-0.000959
-0.000908
-0.000852
-0.000893
-0.000947
-0.000933
-0.000925
-0.000900
-0.000929
-0.000881
-0.000788
-0.000878
-0.000948
-0.001127
-0.001044
-0.000945
-0.001063
-0.001130
-0.000571
-0.000690
-0.000752
-0.000713
-0.000639
-0.000691
-0.000763
-0.000735
-0.000673
-0.000645
-0.000632
-0.000679
-0.000707
-0.000690
-0.001018
-0.000882
-0.000284
-0.000211
-0.000617
-0.000623
-0.000609
-0.000623
-0.000632
-0.000753
-0.001364
-0.001385
0.001650
0.002621
0.000393
0.000212
-0.000391
0.000095
0.000756
0.002359
-0.000689
-0.000820
-0.000140
0.000405
0.001794
-0.000384
-0.000541
0.000692
0.000169
0.000461
0.000489
-0.000345
0.000875
0.001810
-0.000872
-0.000856
-0.000834
-0.000868
-0.000866
-0.000988
-0.000992
-0.000969
-0.000862
-0.000906
-0.000989
-0.001007
-0.000973
-0.000847
-0.000963
-0.001011
-0.000910
-0.000868
-0.000933
-0.001194
-0.001203
-0.001042
-0.001191
-0.001157
-0.001066
-0.000569
-0.000605
-0.000748
-0.000664
-0.000494
-0.000677
-0.000799
-0.000753
-0.000721
-0.000676
-0.000632
-0.000630
-0.000675
-0.000709
-0.000603
-0.000450
-0.000670
-0.000624
-0.000662
-0.000656
-0.000605
-0.000644
-0.000645
-0.000408
-0.000331
-0.000512
-0.001346
-0.001659
-0.005058
-0.005385
-0.005148
-0.010932
-0.006937
0.000224
0.000127
-0.000018
-0.002873
-0.001357
0.006282
-0.001430
0.001074
0.002388
0.000003
0.001666
-0.000502
-0.005957
-0.004624
-0.004048
-0.000638
-0.000816
-0.000804
-0.001021
-0.000976
-0.000932
-0.000870
-0.000898
-0.000896
-0.001055
-0.001054
-0.000965
-0.000916
-0.000921
-0.000995
-0.000952
-0.000961
-0.000930
-0.000997
-0.001115
-0.001044
-0.001080
-0.001046
-0.001023
-0.000970
-0.000540
-0.000568
-0.000578
-0.000640
-0.000664
-0.000643
-0.000747
-0.000683
-0.000754
-0.000723
-0.000622
-0.000611
-0.000692
-0.000704
-0.000661
-0.000596
-0.000647
-0.000647
-0.000639
-0.000688
-0.000440
-0.000315
-0.000310
-0.000210
0.001091
0.000588
0.001471
-0.003699
-0.013791
-0.016363
-0.014633
-0.012050
-0.006697
-0.004255
-0.003590
-0.003717
-0.000467
-0.001799
-0.003975
-0.000565
0.004076
-0.000134
-0.013223
-0.019005
-0.002364
-0.002151
-0.003550
-0.007064
-0.005156
-0.000504
-0.000719
-0.000950
-0.000946
-0.000817
-0.000855
-0.000912
-0.000954
-0.000958
-0.001102
-0.001014
-0.000897
-0.000942
-0.001042
-0.001060
-0.001029
-0.001089
-0.001106
-0.001217
-0.001090
-0.001051
-0.001020
-0.000962
-0.000809
-0.000656
-0.000724
-0.000747
-0.000727
-0.000683
-0.000648
-0.000620
-0.000721
-0.000729
-0.000690
-0.000636
-0.000659
-0.000689
-0.000687
-0.000680
-0.000675
-0.000657
-0.000676
-0.000608
-0.000323
-0.000191
-0.000048
-0.000181
-0.000286
0.000430
-0.000026
0.001614
0.000354
-0.010353
-0.016700
-0.011986
-0.009296
-0.005955
-0.004502
-0.003870
-0.004222
-0.002885
-0.000490
0.005116
0.000826
0.004714
0.000214
-0.017896
-0.020788
-0.000692
-0.003439
-0.002284
-0.003583
-0.003768
-0.000943
-0.001744
0.000122
-0.000903
-0.000969
-0.000912
-0.000900
-0.000898
-0.000918
-0.001053
-0.000961
-0.001032
-0.001077
-0.001030
-0.001071
-0.001052
-0.001045
-0.001084
-0.001120
-0.001156
-0.000985
-0.000944
-0.000789
-0.000817
-0.000654
-0.000646
-0.000714
-0.000725
-0.000699
-0.000676
-0.000709
-0.000725
-0.000710
-0.000709
-0.000632
-0.000648
-0.000680
-0.000676
-0.000701
-0.000727
-0.000673
-0.000638
-0.000140
0.000421
-0.000031
-0.000131
-0.000308
-0.000377
-0.000559
0.000314
0.000882
0.000738
-0.004961
-0.011661
-0.014770
-0.011214
-0.006986
-0.004491
-0.004182
-0.003949
-0.002415
0.000786
0.002356
0.003920
0.005084
0.003986
-0.011300
-0.014409
-0.009003
-0.009025
-0.003361
-0.002800
-0.002713
-0.001750
-0.005985
-0.001708
0.000040
-0.000882
-0.000978
-0.001016
-0.001020
-0.000948
-0.000964
-0.001021
-0.001035
-0.001100
-0.001092
-0.001037
-0.001080
-0.000971
-0.001049
-0.001000
-0.001204
-0.001026
-0.000994
-0.000897
-0.000925
-0.000589
-0.000606
-0.000738
-0.000712
-0.000698
-0.000698
-0.000690
-0.000706
-0.000685
-0.000718
-0.000694
-0.000652
-0.000640
-0.000616
-0.000726
-0.000725
-0.000602
-0.000124
0.000089
0.000279
0.000296
0.000096
-0.000008
-0.000590
-0.000459
-0.000741
-0.000554
0.001669
0.002105
-0.015344
-0.021760
-0.022933
-0.011136
-0.004895
-0.003296
-0.002035
-0.000522
0.002372
0.003542
0.002515
0.002284
0.002106
-0.000246
-0.000161
-0.005662
-0.021286
-0.003645
-0.002738
0.002280
0.003012
-0.008062
-0.006622
-0.003131
0.000100
-0.000919
-0.001068
-0.000906
-0.000902
-0.000907
-0.000852
-0.000981
-0.001022
-0.001058
-0.001069
-0.001094
-0.001002
-0.001012
-0.001136
-0.001155
-0.001210
-0.001092
-0.000932
-0.000924
-0.000594
-0.000741
-0.000786
-0.000705
-0.000698
-0.000616
-0.000687
-0.000648
-0.000635
-0.000663
-0.000755
-0.000678
-0.000675
-0.000736
-0.000745
-0.000647
-0.000118
0.000149
0.000028
0.000018
0.000069
-0.000125
-0.000229
-0.000465
-0.000269
-0.000644
-0.000772
0.000720
-0.002796
-0.024261
-0.027786
-0.027826
-0.014359
-0.005690
-0.002306
-0.001397
-0.000153
0.001079
0.002386
0.001795
0.002881
-0.001007
0.001456
0.005097
0.005213
-0.004178
-0.012585
-0.002695
0.001326
0.000705
-0.005928
-0.006103
-0.003938
-0.000743
-0.000942
-0.000178
-0.000809
-0.000900
-0.000868
-0.000904
-0.000913
-0.000987
-0.001089
-0.001006
-0.001009
-0.001073
-0.000881
-0.000964
-0.001037
-0.001016
-0.000955
-0.000921
-0.000956
-0.000773
-0.000791
-0.000810
-0.000751
-0.000679
-0.000653
-0.000680
-0.000700
-0.000659
-0.000698
-0.000719
-0.000682
-0.000652
-0.000436
-0.000521
-0.000039
0.000202
0.000008
-0.000070
-0.000151
0.000043
-0.000188
-0.000089
-0.000188
-0.000374
-0.000840
-0.001136
0.000753
-0.002190
-0.025083
-0.029494
-0.028268
-0.022751
-0.013023
-0.005546
-0.002987
-0.000643
-0.000208
-0.001225
0.000552
0.001255
0.002728
0.005029
0.005428
0.005364
0.006447
-0.004359
-0.005822
0.004659
-0.000506
-0.006164
-0.003173
0.002227
0.002483
-0.000952
-0.001803
0.000113
-0.000391
-0.000853
-0.000812
-0.000985
-0.000990
-0.000971
-0.001040
-0.000944
-0.001031
-0.001029
-0.000998
-0.001080
-0.001056
-0.000934
-0.000988
-0.001006
-0.000815
-0.000858
-0.000866
-0.000793
-0.000776
-0.000824
-0.000735
-0.000567
-0.000455
-0.000640
-0.000586
-0.000659
-0.000143
0.000198
0.000335
0.000230
0.000177
-0.000051
-0.000088
-0.000254
-0.000217
-0.000300
-0.000130
-0.000212
-0.000540
-0.000923
-0.000709
0.000723
0.000191
-0.021182
-0.030181
-0.030019
-0.025940
-0.014175
-0.004898
-0.002924
0.000771
0.001795
0.000509
0.001254
0.002138
0.004572
0.005451
0.005093
0.005421
0.005030
0.005849
-0.000760
-0.000524
-0.004218
-0.004034
0.000161
0.006226
0.004067
0.000327
-0.000462
0.000493
-0.001931
0.000147
-0.000010
-0.000004
-0.000899
-0.001031
-0.000892
-0.000817
-0.000946
-0.000878
-0.000945
-0.000920
-0.000835
-0.000974
-0.000895
-0.001029
-0.000835
-0.000996
-0.001047
-0.001007
-0.000885
-0.000820
-0.000695
-0.000680
-0.000603
-0.000550
-0.000737
-0.000492
0.000171
0.000109
0.000151
0.000106
0.000031
-0.000116
-0.000077
-0.000106
-0.000059
-0.000455
-0.000480
-0.000469
-0.000376
-0.000434
-0.000405
-0.000316
0.000274
-0.014995
-0.026987
-0.027774
-0.019923
-0.009202
-0.002055
-0.000793
-0.001609
-0.000320
0.000718
0.001471
0.000441
0.002999
0.004341
0.004449
0.003891
0.004634
0.005043
0.006527
-0.000200
0.000329
-0.000068
0.007161
0.003483
0.004322
0.000533
0.007142
0.000278
-0.001467
-0.001238
-0.001906
-0.002061
0.000066
-0.000280
-0.000771
-0.000798
-0.000868
-0.000885
-0.000839
-0.000874
-0.000904
-0.000979
-0.000814
-0.001060
-0.000791
-0.000911
-0.001062
-0.001047
-0.000926
-0.000740
-0.000722
-0.000680
-0.000754
-0.000802
-0.000912
-0.000945
-0.000410
-0.000369
-0.000050
0.000345
-0.000216
-0.000704
-0.000624
-0.000528
-0.000548
-0.000853
-0.000847
-0.000864
-0.000882
-0.001053
-0.000934
-0.000944
-0.000916
-0.000411
0.000362
-0.023173
-0.013743
-0.006087
0.000117
0.001396
0.001099
-0.000060
0.000797
0.001434
0.002193
0.003014
0.003320
0.003474
0.002715
0.003566
0.004062
0.002126
-0.000707
-0.002196
0.003799
0.000683
-0.000557
-0.002387
-0.002184
0.002975
0.000055
0.000409
-0.000369
-0.001037
-0.000912
-0.000952
-0.000734
-0.000046
-0.000241
-0.000342
-0.000821
-0.000885
-0.000936
-0.000969
-0.000968
-0.001023
-0.000973
-0.000782
-0.000868
-0.000922
-0.000778
-0.000768
-0.000805
-0.000781
-0.000706
-0.000871
-0.000915
-0.000709
-0.000723
-0.000989
-0.000922
-0.000945
-0.000508
-0.000460
-0.000906
-0.000885
-0.000876
-0.000857
-0.000956
-0.000957
-0.000965
-0.000940
-0.001048
-0.001094
-0.001062
-0.000950
-0.001027
-0.001063
-0.001936
-0.001525
-0.000499
-0.000081
-0.000096
-0.000185
0.001049
0.001124
0.001087
0.001050
0.005757
0.013392
0.010675
0.003527
0.000194
0.001185
-0.001324
-0.005960
-0.022262
-0.011282
-0.002338
-0.002905
-0.004268
-0.004474
-0.001413
-0.000633
-0.000714
-0.000975
-0.000979
-0.000953
-0.000941
-0.000922
-0.000935
-0.000977
-0.000839
-0.000921
-0.000906
-0.000937
-0.000982
-0.001060
-0.001066
-0.001029
-0.000816
-0.000866
-0.000972
-0.000939
-0.000878
-0.000827
-0.000756
-0.000796
-0.000786
-0.000820
-0.000352
-0.000900
-0.001071
-0.001007
-0.001048
-0.001110
-0.000834
-0.001011
-0.000868
-0.000782
-0.000935
-0.000977
-0.001019
-0.001025
-0.001076
-0.001100
-0.001096
-0.000955
-0.001073
-0.001139
-0.001103
-0.001069
-0.001140
-0.001224
-0.001335
-0.001211
-0.001310
-0.000182
-0.000170
-0.000221
-0.000209
0.001230
0.001614
0.000231
0.000751
-0.001407
-0.004616
-0.013088
-0.017449
-0.025309
-0.032321
-0.008034
-0.002069
-0.001107
-0.000853
-0.000531
-0.000848
-0.000886
-0.000663
-0.000793
-0.000835
-0.000800
-0.000881
-0.000954
-0.000957
-0.000867
-0.000940
-0.000913
-0.000947
-0.001017
-0.001065
-0.001074
-0.000845
-0.000732
-0.000870
-0.001018
-0.001059
-0.000833
-0.000761
-0.000768
-0.000938
-0.001165
-0.001231
-0.000689
-0.000675
-0.000947
-0.001041
-0.001116
-0.001176
-0.000961
-0.000945
-0.000963
-0.000879
-0.000875
-0.000913
-0.000986
-0.001022
-0.001074
-0.000986
-0.000969
-0.000943
-0.001095
-0.001186
-0.001198
-0.001091
-0.001187
-0.001218
-0.001169
-0.001396
-0.001267
-0.001204
-0.001367
-0.001496
-0.001222
-0.001290
-0.001343
-0.000942
-0.000075
0.005800
-0.005510
-0.012142
-0.024497
-0.030799
-0.028678
-0.000941
-0.001625
-0.001417
-0.001471
-0.001332
-0.001239
-0.000916
-0.000964
-0.000973
-0.000930
-0.000901
-0.000993
-0.000985
-0.000942
-0.000840
-0.000945
-0.000928
-0.000953
-0.000928
-0.000931
-0.000994
-0.000813
-0.000879
-0.000859
-0.000875
-0.000830
-0.000878
-0.000904
-0.001020
-0.000932
-0.000998
-0.001133
-0.000925
-0.000874
-0.000578
-0.000967
-0.000981
-0.000982
-0.001082
-0.001105
-0.001105
-0.001007
-0.000901
-0.000963
-0.001016
-0.000978
-0.000845
-0.000953
-0.000920
-0.000893
-0.001045
-0.001253
-0.001228
-0.001096
-0.001158
-0.001219
-0.001342
-0.001286
-0.001235
-0.001337
-0.001442
-0.001423
-0.001280
-0.001176
-0.001108
-0.001054
-0.000927
0.000575
-0.003348
-0.009925
-0.018896
-0.022105
-0.010861
-0.000923
-0.001263
-0.001145
-0.001032
-0.000936
-0.001060
-0.001119
-0.001013
-0.000853
-0.000957
-0.001075
-0.000997
-0.000958
-0.000935
-0.000978
-0.000861
-0.001148
-0.000911
-0.000777
-0.000881
-0.000953
-0.000923
-0.000924
-0.001065
-0.000967
-0.001028
-0.000873
-0.000940
-0.000926
-0.000913
-0.000833
-0.000907
-0.001070
-0.001148
-0.000904
-0.000928
-0.000657
-0.001141
-0.001167
-0.001219
-0.001225
-0.001093
-0.000931
-0.001026
-0.000980
-0.000959
-0.000821
-0.000836
-0.000759
-0.000936
-0.001081
-0.001248
-0.001150
-0.001208
-0.001283
-0.001430
-0.001244
-0.001280
-0.001356
-0.001390
-0.001393
-0.001382
-0.001279
-0.001370
-0.001187
-0.001133
-0.001021
-0.000824
-0.001162
-0.014361
-0.028583
-0.015974
-0.003009
-0.000699
-0.001520
-0.001332
-0.000915
-0.000796
-0.001037
-0.001062
-0.000945
-0.000995
-0.000990
-0.001079
-0.001158
-0.001182
-0.001234
-0.001110
-0.001204
-0.001004
-0.000791
-0.000739
-0.000905
-0.000936
-0.000905
-0.001065
-0.000987
-0.000983
-0.001134
-0.000732
-0.000767
-0.000777
-0.000847
-0.000887
-0.001158
-0.001207
-0.001077
-0.001160
-0.000837
-0.000767
-0.000884
-0.000968
-0.001200
-0.001100
-0.001122
-0.001103
-0.000891
-0.000914
-0.000974
-0.000958
-0.000892
-0.000942
-0.001130
-0.001210
-0.001321
-0.001371
-0.001339
-0.001358
-0.001330
-0.001231
-0.001387
-0.001383
-0.001522
-0.001604
-0.001495
-0.001760
-0.001764
-0.001957
-0.001645
-0.001325
-0.001042
-0.001193
-0.003252
-0.006053
-0.004857
-0.002233
-0.001458
-0.002423
-0.002401
-0.001431
-0.001070
-0.000988
-0.000969
-0.000973
-0.001014
-0.001100
-0.001074
-0.001158
-0.000978
-0.000999
-0.001027
-0.001076
-0.000977
-0.000762
-0.000851
-0.000859
-0.000941
-0.000844
-0.001041
-0.000991
-0.000951
-0.000989
-0.000665
-0.000904
-0.000839
-0.000845
-0.000914
-0.001001
-0.000946
-0.001092
-0.001006
-0.000778
-0.000702
-0.000811
-0.000905
-0.001184
-0.001146
-0.001161
-0.001141
-0.000958
-0.000956
-0.000916
-0.000861
-0.001056
-0.001174
-0.001259
-0.001361
-0.001537
-0.001591
-0.001428
-0.001355
-0.001437
-0.001390
-0.001319
-0.001448
-0.001503
-0.001322
-0.001522
-0.001490
-0.001444
-0.001477
-0.001497
-0.001538
-0.001422
-0.001373
-0.001469
-0.001932
-0.002161
0.000846
-0.000880
-0.001667
-0.002252
-0.001234
-0.000884
-0.000950
-0.000986
-0.001054
-0.001093
-0.001143
-0.001186
-0.001033
-0.000930
-0.001022
-0.001025
-0.001011
-0.000919
-0.000836
-0.000762
-0.000986
-0.000917
-0.000846
-0.000884
-0.000867
-0.001068
-0.001038
-0.000894
-0.000814
-0.000756
-0.000869
-0.001000
-0.000946
-0.000935
-0.000908
-0.000898
-0.000844
-0.000774
-0.000860
-0.000897
-0.001038
-0.001042
-0.001000
-0.001213
-0.001100
-0.001112
-0.001124
-0.001043
-0.001174
-0.001345
-0.001393
-0.001349
-0.001417
-0.001637
-0.001590
-0.001507
-0.001525
-0.001467
-0.001461
-0.001600
-0.001737
-0.001574
-0.001572
-0.001570
-0.001272
-0.001480
-0.001338
-0.001554
-0.001308
-0.001150
-0.001360
-0.001521
-0.001624
-0.001576
-0.001824
-0.001705
-0.001489
-0.001171
-0.000837
-0.000972
-0.001008
-0.001068
-0.001131
-0.001223
-0.001194
-0.000985
-0.000869
-0.000990
-0.001004
-0.000944
-0.000740
-0.000904
-0.000984
-0.000925
-0.000855
-0.000693
-0.000957
-0.001001
-0.000963
-0.000886
-0.000803
-0.000821
-0.000869
-0.000868
-0.000975
-0.000909
-0.000987
-0.001056
-0.000888
-0.001112
-0.001055
-0.001145
-0.001227
-0.001208
-0.001225
-0.001093
-0.001163
-0.001166
-0.001170
-0.001217
-0.001126
-0.001240
-0.001336
-0.001387
-0.001359
-0.001511
-0.001615
-0.001664
-0.001534
-0.001580
-0.001618
-0.001456
-0.001614
-0.001652
-0.001800
-0.001564
-0.001367
-0.001343
-0.001393
-0.001349
-0.001397
-0.001312
-0.001162
-0.001116
-0.001360
-0.001504
-0.001571
-0.001832
-0.001738
-0.001121
-0.000914
-0.000818
-0.000899
-0.001128
-0.001160
-0.001055
-0.001038
-0.000990
-0.000811
-0.000906
-0.001068
-0.001056
-0.000831
-0.000879
-0.000933
-0.000912
-0.000841
-0.000856
-0.000726
-0.000870
-0.000933
-0.000979
-0.000953
-0.000925
-0.000880
-0.000915
-0.000985
-0.000946
-0.000860
-0.000851
-0.000940
-0.000790
-0.001044
-0.001193
-0.001097
-0.001164
-0.001014
-0.000983
-0.000943
-0.001041
-0.001173
-0.001122
-0.001146
-0.001044
-0.001016
-0.001105
-0.001363
-0.001400
-0.001423
-0.001413
-0.001418
-0.001392
-0.001429
-0.001435
-0.001532
-0.001646
-0.001624
-0.001598
-0.001486
-0.001392
-0.001347
-0.001316
-0.001226
-0.001464
-0.001463
-0.001351
-0.001412
-0.001454
-0.001290
-0.001196
-0.001098
-0.001099
-0.000920
-0.001018
-0.001013
-0.000938
-0.001008
-0.001054
-0.001080
-0.000897
-0.000782
-0.000660
-0.000983
-0.000946
-0.000787
-0.000774
-0.000705
-0.000933
-0.000951
-0.000993
-0.000918
-0.000821
