-0.000039
-0.000037
-0.000041
0.000632
-0.000040
-0.000031
-0.000024
0.000438
-0.000011
-0.000019
-0.000020
-0.000603
-0.000035
-0.000034
-0.000025
-0.000030
-0.000017
-0.000011
-0.000008
-0.000006
-0.000006
-0.000006
-0.000005
-0.000004
-0.000003
-0.000004
-0.000006
-0.000007
-0.000002
-0.000001
0.000001
-0.000004
-0.000005
-0.000005
-0.000006
-0.000005
-0.000008
-0.000009
-0.000012
-0.000009
-0.000011
-0.000010
-0.000010
-0.000007
-0.000005
-0.000009
-0.000005
-0.000008
-0.000005
-0.000008
-0.000009
-0.000006
-0.000005
-0.000007
-0.000005
-0.000009
-0.000007
-0.000005
-0.000005
-0.000009
-0.000009
-0.000013
-0.000013
-0.000009
-0.000005
0.000003
-0.001158
-0.000001
-0.000014
-0.000011
0.000061
-0.000017
0.000195
-0.000033
-0.000029
-0.000035
-0.000037
-0.000033
-0.000034
-0.000034
-0.000029
-0.000035
-0.000031
-0.000030
-0.000036
-0.000028
-0.000023
-0.000026
-0.000023
-0.000020
-0.000016
-0.000013
-0.000013
-0.000012
-0.000011
-0.000009
-0.000007
-0.000007
-0.000008
-0.000008
-0.000007
-0.000007
-0.000006
-0.000003
-0.000005
-0.000003
-0.000001
-0.000004
-0.000004
-0.000004
-0.000006
-0.000008
-0.000005
-0.000009
-0.000011
-0.000009
-0.000010
-0.000012
-0.000008
-0.000008
-0.000010
-0.000008
-0.000008
-0.000005
-0.000013
-0.000009
-0.000005
-0.000009
-0.000012
-0.000008
-0.000005
-0.000008
-0.000011
-0.000010
-0.000010
-0.000008
-0.000011
-0.000013
-0.000012
-0.000015
-0.000013
-0.000012
-0.000011
-0.000007
-0.000005
-0.000013
-0.000038
-0.000034
-0.000032
-0.000029
-0.000034
-0.000038
-0.000031
-0.000027
-0.000033
-0.000032
-0.000035
-0.000025
-0.000022
-0.000025
-0.000023
-0.000021
-0.000018
-0.000017
-0.000015
-0.000010
-0.000010
-0.000008
-0.000009
-0.000007
-0.000006
-0.000007
-0.000007
-0.000005
-0.000005
-0.000004
-0.000005
-0.000002
-0.000003
-0.000005
-0.000003
-0.000003
-0.000003
-0.000006
-0.000007
-0.000007
-0.000010
-0.000011
-0.000012
-0.000008
-0.000010
-0.000009
-0.000009
-0.000009
-0.000007
-0.000010
-0.000010
-0.000013
-0.000012
-0.000011
-0.000009
-0.000008
-0.000010
-0.000008
-0.000008
-0.000006
-0.000007
-0.000011
-0.000009
-0.000009
-0.000011
-0.000006
-0.000010
-0.000014
-0.000011
-0.000009
-0.000010
-0.000011
-0.000017
-0.000029
-0.000037
-0.000039
-0.000035
-0.000031
-0.000028
-0.000030
-0.000029
-0.000028
-0.000034
-0.000032
-0.000029
-0.000023
-0.000025
-0.000021
-0.000022
-0.000021
-0.000016
-0.000013
-0.000010
-0.000009
-0.000007
-0.000008
-0.000006
-0.000009
-0.000007
-0.000005
-0.000005
-0.000004
-0.000006
-0.000001
-0.000003
-0.000004
-0.000002
-0.000001
-0.000005
-0.000003
-0.000007
-0.000005
-0.000007
-0.000010
-0.000006
-0.000012
-0.000010
-0.000009
-0.000008
-0.000009
-0.000007
-0.000012
-0.000012
-0.000012
-0.000011
-0.000012
-0.000010
-0.000005
-0.000011
-0.000007
-0.000007
-0.000008
-0.000010
-0.000008
-0.000011
-0.000009
-0.000011
-0.000010
-0.000009
-0.000009
-0.000011
-0.000011
-0.000009
-0.000011
-0.000012
-0.000012
-0.000034
-0.000039
-0.000038
-0.000030
-0.000032
-0.000030
-0.000036
-0.000031
-0.000034
-0.000033
-0.000029
-0.000030
-0.000026
-0.000024
-0.000022
-0.000024
-0.000017
-0.000018
-0.000013
-0.000011
-0.000008
-0.000009
-0.000009
-0.000004
-0.000006
-0.000004
-0.000007
-0.000007
-0.000003
-0.000004
-0.000005
-0.000002
-0.000002
-0.000003
-0.000004
-0.000002
-0.000001
-0.000005
-0.000003
-0.000006
-0.000004
-0.000007
-0.000010
-0.000010
-0.000009
-0.000000
-0.000010
-0.000010
-0.000007
-0.000009
-0.000013
-0.000010
-0.000010
-0.000009
-0.000009
-0.000007
-0.000008
-0.000008
-0.000011
-0.000010
-0.000009
-0.000009
-0.000006
-0.000011
-0.000011
-0.000011
-0.000008
-0.000010
-0.000013
-0.000012
-0.000012
-0.000010
-0.002169
-0.000032
-0.000027
-0.000031
-0.000032
-0.000030
-0.000031
-0.000029
-0.000026
-0.000029
-0.000031
-0.000030
-0.000027
-0.000030
-0.000030
-0.000023
-0.000024
-0.000019
-0.000020
-0.000013
-0.000007
-0.000007
-0.000010
-0.000007
-0.000006
-0.000004
-0.000007
-0.000009
-0.000006
-0.000003
-0.000003
-0.000002
-0.000003
-0.000002
-0.000002
-0.000003
-0.000002
0.000001
-0.000002
-0.000004
-0.000003
-0.000005
-0.000005
-0.000008
-0.000006
-0.000008
-0.000005
-0.000010
-0.000009
-0.000011
-0.000007
-0.000009
-0.000009
-0.000008
-0.000011
-0.000007
-0.000007
-0.000009
-0.000009
-0.000010
-0.000008
-0.000007
-0.000007
-0.000007
-0.000010
-0.000003
-0.000007
-0.000005
-0.000009
-0.000010
-0.000010
-0.000011
-0.000011
-0.000014
-0.000028
-0.000031
-0.000028
-0.000026
-0.000030
-0.000030
-0.000027
-0.000021
-0.000031
-0.000030
-0.000028
-0.000022
-0.000026
-0.000027
-0.000026
-0.000026
-0.000024
-0.000017
-0.000014
-0.000011
-0.000009
-0.000008
-0.000006
-0.000008
-0.000004
-0.000007
-0.000009
-0.000004
-0.000006
-0.000004
-0.000000
-0.000002
0.000000
-0.000001
-0.000003
-0.000003
0.000000
0.000002
-0.000003
-0.000005
-0.000007
-0.000008
-0.000008
-0.000009
-0.000010
-0.000007
-0.000007
-0.000005
-0.000010
-0.000011
-0.000007
-0.000010
-0.000005
-0.000006
-0.000005
-0.000007
-0.000010
-0.000009
-0.000005
-0.000005
-0.000004
-0.000007
-0.000009
-0.000009
-0.000008
-0.000012
-0.000009
-0.000012
-0.000013
-0.000012
-0.000013
-0.000007
-0.000014
-0.000025
-0.000027
-0.000033
-0.000029
-0.000032
-0.000036
-0.000026
-0.000026
-0.000030
-0.000024
-0.000023
-0.000023
-0.000023
-0.000021
-0.000024
-0.000023
-0.000022
-0.000017
-0.000015
-0.000011
-0.000009
-0.000008
-0.000009
-0.000008
-0.000008
-0.000011
-0.000007
-0.000008
-0.000002
-0.000002
-0.000000
-0.000004
-0.000001
0.000000
-0.000002
0.000002
-0.000001
0.000002
-0.000000
-0.000003
-0.000005
-0.000010
-0.000007
-0.000014
-0.000013
-0.000009
-0.000008
-0.000009
-0.000010
-0.000008
-0.000011
-0.000010
-0.000009
-0.000007
-0.000010
-0.000010
-0.000010
-0.000010
-0.000011
-0.000007
-0.000008
-0.000007
-0.000009
-0.000006
-0.000015
-0.000009
-0.000012
-0.000009
-0.000011
-0.000009
-0.000012
-0.000012
-0.000010
-0.000031
-0.000028
-0.000031
-0.000025
-0.000034
-0.000035
-0.000029
-0.000025
-0.000032
-0.000024
-0.000021
-0.000020
-0.000023
-0.000023
-0.000023
-0.000022
-0.000019
-0.000018
-0.000017
-0.000012
-0.000010
-0.000008
-0.000009
-0.000011
-0.000011
-0.000011
-0.000008
-0.000005
-0.000001
-0.000002
-0.000000
0.000001
-0.000000
-0.000000
-0.000000
0.000000
0.000001
-0.000001
0.000000
-0.000002
-0.000003
-0.000008
-0.000010
-0.000013
-0.000011
-0.000010
-0.000008
-0.000010
-0.000011
-0.000010
-0.000009
-0.000010
-0.000010
-0.000010
-0.000010
-0.000010
-0.000011
-0.000006
-0.000006
-0.000005
-0.000010
-0.000010
-0.000007
-0.000010
-0.000012
-0.000014
-0.000010
-0.000013
-0.000011
-0.000011
-0.000011
-0.000013
0.001326
-0.000034
-0.000027
-0.000032
-0.000029
-0.000034
-0.000032
-0.000035
-0.000030
-0.000033
-0.000032
-0.000028
-0.000024
-0.000022
-0.000021
-0.000016
-0.000022
-0.000021
-0.000019
-0.000015
-0.000015
-0.000013
-0.000011
-0.000007
-0.000009
-0.000011
-0.000010
-0.000008
-0.000004
-0.000002
-0.000001
-0.000000
0.000003
0.000003
0.000005
0.000003
0.000004
0.000001
0.000001
0.000001
-0.000000
-0.000007
-0.000010
-0.000011
-0.000014
-0.000013
-0.000012
-0.000010
-0.000008
-0.000010
-0.000006
-0.000006
-0.000006
-0.000007
-0.000009
-0.000011
-0.000012
-0.000013
-0.000011
-0.000008
-0.000012
-0.000010
-0.000011
-0.000011
-0.000008
-0.000005
-0.000010
-0.000014
-0.000013
-0.000013
-0.000006
-0.000012
-0.000015
-0.000016
-0.000032
-0.000028
-0.000030
-0.000033
-0.000030
-0.000035
-0.000028
-0.000030
-0.000025
-0.000028
-0.000021
-0.000021
-0.000020
-0.000020
-0.000020
-0.000020
-0.000019
-0.000018
-0.000015
-0.000011
-0.000011
-0.000007
-0.000009
-0.000008
-0.000009
-0.000007
-0.000002
-0.000005
-0.000005
-0.000005
-0.000002
0.000002
0.000005
0.000005
0.000004
0.000004
0.000002
0.000002
0.000001
-0.000002
-0.000008
-0.000007
-0.000009
-0.000011
-0.000013
-0.000011
-0.000011
-0.000011
-0.000007
-0.000007
-0.000004
-0.000007
-0.000006
-0.000009
-0.000011
-0.000013
-0.000013
-0.000012
-0.000014
-0.000012
-0.000008
-0.000011
-0.000010
-0.000012
-0.000011
-0.000012
-0.000015
-0.000013
-0.000007
-0.000010
-0.000014
-0.000017
-0.000014
-0.000029
-0.000029
-0.000032
-0.000025
-0.000029
-0.000030
-0.000025
-0.000025
-0.000026
-0.000023
-0.000024
-0.000026
-0.000022
-0.000025
-0.000022
-0.000022
-0.000018
-0.000017
-0.000016
-0.000013
-0.000013
-0.000012
-0.000009
-0.000007
-0.000003
-0.000004
-0.000002
-0.000005
-0.000004
-0.000002
-0.000000
0.000005
0.000006
0.000007
0.000003
0.000006
0.000002
0.000003
0.000001
-0.000002
-0.000010
-0.000009
-0.000010
-0.000012
-0.000012
-0.000012
-0.000011
-0.000011
-0.000008
-0.000007
-0.000004
-0.000007
-0.000008
-0.000011
-0.000012
-0.000011
-0.000012
-0.000011
-0.000011
-0.000014
-0.000010
-0.000012
-0.000013
-0.000009
-0.000012
-0.000011
-0.000015
-0.000012
-0.000009
-0.000013
-0.000017
-0.000013
-0.000010
-0.000032
-0.000031
-0.000023
-0.000029
-0.000030
-0.000028
-0.000024
-0.000027
-0.000025
-0.000024
-0.000022
-0.000024
-0.000023
-0.000021
-0.000018
-0.000024
-0.000019
-0.000020
-0.000018
-0.000017
-0.000014
-0.000040
-0.000078
-0.000076
0.000004
-0.000020
-0.000026
-0.000024
-0.000006
-0.000005
-0.000001
0.000002
0.000007
0.000006
0.000005
0.000007
0.000005
0.000006
0.000001
-0.000003
-0.000011
-0.000009
-0.000010
-0.000009
-0.000010
-0.000011
-0.000011
-0.000012
-0.000007
-0.000004
-0.000005
-0.000008
-0.000006
-0.000010
-0.000010
-0.000008
-0.000010
-0.000011
-0.000009
-0.000012
-0.000011
-0.000013
-0.000011
-0.000013
-0.000015
-0.000014
-0.000017
-0.000011
-0.000013
-0.000016
-0.000014
-0.000015
0.000725
-0.000028
-0.000030
-0.000030
-0.000028
-0.000030
-0.000026
-0.000028
-0.000025
-0.000021
-0.000024
-0.000022
-0.000020
-0.000019
-0.000022
-0.000018
-0.000020
-0.000022
-0.000020
-0.000019
-0.000018
-0.000017
-0.000182
-0.002099
-0.001861
-0.002061
-0.002258
-0.002169
-0.001345
-0.000289
-0.000058
0.000015
0.000011
0.000008
0.000010
0.000007
0.000007
0.000004
0.000003
0.000002
-0.000000
-0.000005
-0.000008
-0.000013
-0.000011
-0.000009
-0.000010
-0.000011
-0.000009
-0.000010
-0.000006
-0.000005
-0.000003
-0.000011
-0.000010
-0.000009
-0.000010
-0.000016
-0.000012
-0.000016
-0.000014
-0.000013
-0.000009
-0.000014
-0.000011
-0.000014
-0.000016
-0.000014
-0.000012
-0.000016
-0.000013
-0.000013
-0.000014
-0.000010
-0.000032
-0.000028
-0.000031
-0.000033
-0.000030
-0.000026
-0.000028
-0.000027
-0.000024
-0.000021
-0.000020
-0.000021
-0.000021
-0.000023
-0.000021
-0.000021
-0.000020
-0.000018
-0.000019
-0.000019
-0.000037
-0.000849
-0.003557
-0.004006
-0.004202
-0.005400
-0.006119
-0.009520
-0.011029
-0.003016
-0.001308
-0.000049
0.000010
0.000013
0.000010
0.000008
0.000009
0.000005
0.000002
-0.000001
-0.000004
-0.000009
-0.000010
-0.000011
-0.000011
-0.000009
-0.000011
-0.000011
-0.000010
-0.000006
-0.000007
-0.000008
-0.000007
-0.000012
-0.000009
-0.000013
-0.000014
-0.000015
-0.000013
-0.000014
-0.000012
-0.000015
-0.000014
-0.000020
-0.000016
-0.000015
-0.000017
-0.000008
-0.000009
-0.000009
-0.000015
-0.000013
-0.000002
-0.000028
-0.000028
-0.000031
-0.000033
-0.000026
-0.000022
-0.000025
-0.000025
-0.000025
-0.000021
-0.000022
-0.000018
-0.000019
-0.000019
-0.000019
-0.000020
-0.000023
-0.000020
-0.000022
-0.000019
-0.000216
-0.001303
-0.003888
-0.005706
-0.004932
-0.004255
-0.002275
-0.006760
-0.026881
-0.020152
-0.016604
0.000079
0.000016
0.000012
0.000013
0.000010
0.000007
0.000006
0.000004
-0.000000
-0.000005
-0.000006
-0.000007
-0.000011
-0.000012
-0.000010
-0.000009
-0.000011
-0.000010
-0.000007
-0.000005
-0.000009
-0.000009
-0.000011
-0.000007
-0.000013
-0.000013
-0.000015
-0.000015
-0.000016
-0.000017
-0.000016
-0.000014
-0.000015
-0.000014
-0.000016
-0.000009
-0.000012
-0.000015
-0.000017
-0.000012
-0.000013
-0.000012
-0.000026
-0.000026
-0.000027
-0.000025
-0.000023
-0.000021
-0.000021
-0.000023
-0.000020
-0.000018
-0.000017
-0.000018
-0.000019
-0.000020
-0.000021
-0.000022
-0.000018
0.000064
0.000053
-0.000028
-0.001159
-0.004154
-0.007210
-0.004644
-0.002317
-0.003539
-0.001774
-0.004813
-0.008424
-0.002294
-0.000111
0.000031
0.000026
0.000019
0.000018
0.000015
0.000012
0.000010
0.000006
0.000004
-0.000003
-0.000004
-0.000007
-0.000010
-0.000012
-0.000011
-0.000010
-0.000011
-0.000010
-0.000008
-0.000007
-0.000010
-0.000010
-0.000008
-0.000007
-0.000007
-0.000006
-0.000013
-0.000015
-0.000015
-0.000017
-0.000017
-0.000012
-0.000012
-0.000013
-0.000014
-0.000016
-0.000015
-0.000018
-0.000017
-0.000019
-0.000020
-0.001100
-0.000024
-0.000020
-0.000026
-0.000023
-0.000022
-0.000022
-0.000024
-0.000021
-0.000021
-0.000018
-0.000017
-0.000020
-0.000015
-0.000018
-0.000083
-0.000036
0.000102
-0.000451
-0.000128
0.000032
-0.000003
-0.000041
-0.000428
-0.000554
-0.000278
-0.000079
-0.002063
-0.001609
-0.001234
-0.000025
-0.000033
0.000037
0.000024
0.000034
0.000082
0.000109
0.000056
0.000012
0.000007
0.000001
-0.000004
-0.000007
-0.000007
-0.000001
-0.000009
-0.000008
-0.000009
-0.000010
-0.000010
-0.000012
-0.000009
-0.000011
-0.000008
-0.000011
-0.000009
-0.000009
-0.000008
-0.000013
-0.000016
-0.000014
-0.000012
-0.000014
-0.000013
-0.000015
-0.000014
-0.000018
-0.000018
-0.000017
-0.000018
-0.000016
-0.000016
-0.000018
-0.000013
-0.000022
-0.000022
-0.000022
-0.000020
-0.000020
-0.000018
-0.000021
-0.000024
-0.000019
-0.000020
-0.000017
-0.000015
-0.000018
-0.000092
0.000233
0.001105
0.000341
-0.001118
-0.000265
-0.000023
0.000027
0.000000
-0.000008
-0.000046
0.000159
0.000131
-0.000908
-0.003090
-0.001761
-0.002547
-0.002078
-0.000212
-0.000164
0.000109
0.001636
0.002134
0.000992
0.000190
0.000043
0.000009
-0.000004
-0.000006
-0.000007
-0.000008
-0.000009
-0.000009
-0.000007
-0.000011
-0.000009
-0.000010
-0.000010
-0.000007
-0.000009
-0.000012
-0.000012
-0.000010
-0.000009
-0.000012
-0.000016
-0.000017
-0.000016
-0.000016
-0.000013
-0.000012
-0.000016
-0.000019
-0.000022
-0.000019
-0.000019
-0.000016
-0.000014
-0.000017
-0.000017
-0.000018
-0.000019
-0.000022
-0.000018
-0.000019
-0.000022
-0.000021
-0.000020
-0.000019
-0.000020
-0.000018
-0.000016
-0.000039
0.000399
0.000613
0.004733
-0.001526
-0.000284
-0.000091
-0.000018
-0.000018
0.000000
0.000028
0.000059
0.000174
-0.001342
-0.000324
-0.000414
-0.000501
-0.004466
-0.003600
0.000210
0.000763
0.001772
0.004471
0.004320
0.002766
0.002305
0.001151
0.000257
0.000014
-0.000003
-0.000006
-0.000009
-0.000005
-0.000007
-0.000008
-0.000009
-0.000010
-0.000010
-0.000009
-0.000012
-0.000009
-0.000013
-0.000009
-0.000010
-0.000009
-0.000010
-0.000016
-0.000016
-0.000019
-0.000015
-0.000015
-0.000016
-0.000012
-0.000019
-0.000022
-0.000017
-0.000014
-0.000014
-0.000017
-0.000018
-0.000017
-0.000020
-0.000021
-0.000018
-0.000018
-0.000018
-0.000021
-0.000022
-0.000018
-0.000018
-0.000018
-0.000018
-0.000034
0.000011
0.000639
0.003839
0.004524
-0.000047
-0.000087
-0.000016
-0.000018
-0.000028
-0.000020
0.000071
0.000192
-0.002103
0.001012
0.000849
0.000115
0.000178
0.000076
-0.000096
0.001287
0.001569
0.002965
0.007076
0.008493
0.006142
0.003932
0.004148
0.001304
0.000187
0.000040
0.000079
-0.000006
-0.000013
-0.000011
-0.000009
-0.000010
-0.000008
-0.000008
-0.000011
-0.000010
-0.000009
-0.000012
-0.000012
-0.000012
-0.000013
-0.000017
-0.000017
-0.000009
-0.000016
-0.000016
-0.000015
-0.000017
-0.000019
-0.000016
-0.000019
-0.000012
-0.000011
-0.000015
-0.000013
-0.000017
-0.000596
-0.000019
-0.000019
-0.000018
-0.000018
-0.000019
-0.000019
-0.000017
-0.000021
-0.000019
-0.000017
-0.000023
-0.000016
-0.000017
0.000296
0.003545
0.011478
0.000475
-0.000093
-0.000022
-0.000023
-0.000033
-0.000027
0.004751
0.004319
0.004043
0.006404
0.007367
0.004779
0.002428
0.000410
0.001334
0.002829
0.002127
0.002831
0.005951
0.011328
0.011008
0.005978
0.004351
0.002728
0.000074
0.000728
0.001820
0.000238
-0.000021
-0.000114
-0.000012
-0.000008
-0.000010
-0.000010
-0.000008
-0.000009
-0.000011
-0.000009
-0.000013
-0.000015
-0.000016
-0.000016
-0.000010
-0.000022
-0.000016
-0.000017
-0.000016
-0.000017
-0.000018
-0.000018
-0.000022
-0.000021
-0.000016
-0.000017
-0.000015
-0.000015
-0.000016
-0.000014
-0.000015
-0.000015
-0.000014
-0.000014
-0.000017
-0.000016
-0.000017
-0.000015
-0.000018
-0.000018
-0.000021
-0.000025
0.000088
0.001381
0.015945
0.002307
-0.000018
-0.000033
-0.000030
-0.000047
0.006138
0.008648
0.011138
0.012017
0.010767
0.012156
0.011304
0.008515
0.001439
0.000869
0.001427
0.001321
0.000660
0.001346
0.007385
0.014699
0.010588
0.005311
0.003487
0.001573
0.002062
0.002978
0.002753
-0.000455
0.000179
-0.000200
-0.000006
-0.000009
-0.000008
-0.000010
-0.000009
-0.000010
-0.000008
-0.000013
-0.000017
-0.000016
-0.000015
-0.000016
-0.000016
-0.000018
-0.000019
-0.000021
-0.000019
-0.000023
-0.000022
-0.000025
-0.000027
-0.000019
-0.000012
-0.000016
-0.000013
-0.000015
-0.000012
-0.000009
-0.000010
-0.000012
-0.000011
-0.000016
-0.000018
-0.000017
-0.000017
-0.000020
-0.000017
-0.000023
-0.000025
0.000009
0.001077
0.004798
0.010452
0.000582
-0.000100
-0.000032
0.003067
0.004714
0.005125
0.007233
0.009731
0.011300
0.011079
0.008244
0.006361
0.001130
0.000243
0.000107
-0.000011
-0.000260
0.000022
0.002114
0.010661
0.015001
0.008363
0.003463
0.002275
0.002399
0.003396
0.002411
0.001244
0.002090
-0.002663
-0.000176
-0.000007
-0.000004
-0.000006
-0.000010
-0.000010
-0.000010
-0.000009
-0.000018
-0.000015
-0.000015
-0.000015
-0.000021
-0.000019
-0.000020
-0.000020
-0.000023
-0.000025
-0.000021
-0.000027
-0.000028
-0.000016
-0.000011
-0.000015
-0.000013
-0.000008
-0.000009
-0.000009
-0.000010
-0.000013
-0.000010
-0.000013
-0.000019
-0.000018
-0.000019
-0.000015
-0.000020
-0.000022
-0.000032
-0.000005
0.000893
0.002098
0.007552
0.006771
0.000388
0.002005
0.002349
0.003125
0.004171
0.004924
0.006927
0.007094
0.006765
0.006831
0.002816
0.000639
0.000056
-0.000104
-0.000133
-0.000368
-0.000075
0.000313
0.002316
0.012802
0.012559
0.005258
0.002336
0.000799
0.001852
0.000566
0.000135
0.000737
0.000584
-0.000830
-0.000042
-0.000007
-0.000012
-0.000010
-0.000011
-0.000011
-0.000013
-0.000016
-0.000017
-0.000017
-0.000016
-0.000019
-0.000021
-0.000022
-0.000019
-0.000021
-0.000020
-0.000013
-0.000022
-0.000018
-0.000017
-0.000012
-0.000014
-0.000017
-0.000006
-0.000007
-0.000006
-0.000008
-0.000010
-0.000011
-0.000013
-0.000018
-0.000018
-0.000017
-0.000017
-0.000018
-0.000036
-0.000154
-0.000019
0.000265
0.001218
0.000322
0.001013
0.001093
0.001115
0.001085
0.001492
0.002147
0.002730
0.003885
0.005182
0.005332
0.004247
0.000686
0.000231
0.000085
-0.000069
-0.000522
-0.000180
-0.000246
-0.000404
0.000116
0.002696
0.007027
0.003896
0.002432
0.000798
0.001222
-0.001447
-0.001406
-0.000452
0.000687
0.001403
0.000344
-0.000006
-0.000009
-0.000009
-0.000010
-0.000011
-0.000011
-0.000016
-0.000018
-0.000012
-0.000013
-0.000019
-0.000023
-0.000021
-0.000019
-0.000021
-0.000021
-0.000002
-0.000013
-0.000017
-0.000020
-0.000016
-0.000012
-0.000017
-0.000013
-0.000005
-0.000005
-0.000005
-0.000007
-0.000011
-0.000010
-0.000012
-0.000015
-0.000017
-0.000017
-0.000024
-0.000131
0.000046
-0.000018
-0.000027
-0.000028
-0.000017
0.000026
0.000063
-0.000158
0.000176
0.000610
0.000972
0.001630
0.002283
0.002653
0.002911
0.002034
0.001596
0.002709
0.001251
-0.002201
-0.002506
-0.000378
-0.000547
-0.000958
0.000099
0.000368
0.000811
0.001173
0.002243
0.000499
-0.000389
-0.001070
-0.002038
-0.000782
-0.000738
0.002501
0.003607
0.000401
-0.000009
-0.000007
-0.000011
-0.000012
-0.000009
-0.000011
-0.000016
-0.000019
-0.000013
-0.000017
-0.000017
-0.000020
-0.000022
-0.000020
-0.000019
-0.000013
-0.000014
-0.000013
-0.000019
-0.000014
-0.000014
-0.000016
-0.000012
-0.000001
-0.000001
-0.000003
-0.000003
-0.000006
-0.000010
-0.000012
-0.000014
-0.000015
-0.000017
-0.000025
-0.000021
-0.000011
-0.000023
-0.000028
-0.000026
-0.000022
-0.000022
-0.000037
-0.000042
-0.000024
0.000229
0.000959
0.011543
0.009007
0.000902
-0.000892
-0.001573
-0.001879
-0.002874
-0.004204
-0.004587
-0.004233
-0.000544
0.001807
-0.001807
0.000691
0.000281
0.001266
0.002407
0.001434
0.000645
0.000442
-0.000885
-0.000457
-0.003167
-0.002047
0.003225
0.006040
0.004132
0.000116
-0.000010
-0.000012
-0.000013
-0.000011
-0.000015
-0.000019
-0.000017
-0.000015
-0.000019
-0.000024
-0.000022
-0.000021
-0.000020
-0.000014
-0.000010
-0.000011
-0.000018
-0.000019
-0.000020
-0.000021
-0.000020
-0.000017
0.000003
0.000003
0.000001
-0.000000
-0.000004
-0.000007
-0.000011
-0.000013
-0.000016
-0.000016
-0.000016
-0.000018
-0.000016
-0.000021
-0.000024
-0.000027
-0.000023
-0.000027
-0.000032
-0.000044
0.000108
0.003616
0.002969
0.004645
0.006480
0.003723
0.000364
-0.000497
-0.001649
-0.002814
-0.006384
-0.004813
-0.003779
-0.001106
0.001501
-0.003627
-0.003349
0.000443
0.000385
0.001131
0.000340
0.000203
0.000365
-0.000927
-0.001672
-0.004107
-0.005168
0.002432
0.005696
0.004631
0.002741
0.000343
-0.000014
-0.000015
-0.000019
-0.000011
-0.000018
-0.000015
-0.000017
-0.000015
-0.000016
-0.000020
-0.000017
-0.000013
-0.000016
-0.000014
-0.000015
-0.000021
-0.000027
-0.000022
-0.000032
0.000028
-0.000026
0.000008
0.000005
0.000005
0.000003
-0.000001
-0.000004
-0.000010
-0.000014
-0.000015
-0.000017
-0.000015
-0.000019
-0.000021
-0.000019
-0.000024
-0.000025
-0.000021
-0.000028
-0.000045
0.000034
0.002136
0.003109
0.002710
0.002587
0.005012
0.007333
0.004872
0.002697
-0.000351
-0.002298
-0.008552
-0.005827
-0.002806
-0.000038
-0.002012
-0.009044
-0.005987
-0.002205
-0.003254
-0.000604
-0.000951
-0.000931
-0.000556
-0.000598
-0.001557
-0.002839
-0.010767
0.002115
0.005878
0.005819
0.003872
0.001960
0.000376
-0.000016
-0.000016
-0.000007
-0.000007
-0.000016
-0.000019
-0.000016
-0.000015
-0.000017
-0.000016
-0.000016
-0.000018
-0.000017
-0.000006
-0.000019
-0.000026
-0.000012
-0.000024
-0.000021
-0.000020
0.000013
0.000009
0.000007
0.000008
0.000003
-0.000002
-0.000008
-0.000011
-0.000014
-0.000012
-0.000015
-0.000020
-0.000026
-0.000027
-0.000028
-0.000027
-0.000022
-0.000030
-0.000029
-0.000041
0.000724
0.002553
0.002757
0.002407
0.004445
0.010185
0.011154
0.006161
0.001095
-0.003157
-0.009266
-0.005797
-0.001555
0.001160
-0.000617
-0.002428
-0.003305
-0.002070
0.000811
-0.000521
-0.001402
-0.001419
-0.001182
-0.000445
-0.001439
-0.004530
-0.004363
0.000633
0.005927
0.003613
0.000279
0.002508
0.002965
0.000207
0.000345
-0.000007
-0.000008
-0.000017
-0.000017
-0.000017
-0.000017
-0.000009
-0.000027
-0.000018
-0.000019
-0.000013
0.000015
-0.000024
-0.000023
-0.000022
-0.000020
-0.000018
-0.000017
0.000023
0.000015
0.000013
0.000014
0.000008
0.000000
-0.000006
-0.000008
-0.000010
-0.000011
-0.000014
-0.000021
-0.000025
-0.000028
-0.000026
-0.000029
-0.000030
-0.000029
-0.000030
-0.000050
-0.000301
0.001090
0.002411
0.002064
0.003965
0.008319
0.014248
0.010714
0.002068
-0.002825
-0.009341
-0.005426
-0.001035
0.001142
0.000925
0.000453
-0.002342
-0.003202
0.000523
-0.000954
-0.002018
-0.003784
-0.004920
-0.005501
-0.004709
-0.001255
-0.005834
-0.001855
0.002641
0.001791
0.001978
0.003576
0.006708
0.008334
0.005141
0.000292
-0.000008
-0.000015
-0.000020
-0.000013
-0.000017
-0.000019
-0.000022
-0.000021
-0.000022
-0.000013
-0.000019
-0.000018
-0.000022
-0.000022
-0.000027
-0.000016
-0.000016
0.000037
0.000023
0.000020
0.000017
0.000013
0.000005
-0.000005
-0.000006
-0.000010
-0.000012
-0.000017
-0.000022
-0.000029
-0.000034
-0.000033
-0.000030
-0.000027
-0.000030
-0.000033
-0.000036
-0.000110
-0.000215
0.000681
0.001960
0.002389
0.005283
0.013277
0.009238
0.003217
-0.002223
-0.011256
-0.007256
-0.002970
-0.000191
0.001498
-0.000804
-0.002823
-0.003072
-0.002458
-0.003326
-0.004270
-0.005131
-0.005759
-0.005220
-0.004875
-0.002401
-0.000999
0.000017
0.001985
0.003784
0.006871
0.006895
0.007434
0.007374
0.006188
0.002761
0.000264
-0.000130
-0.000015
-0.000020
-0.000011
-0.000007
-0.000013
-0.000012
-0.000013
-0.000015
-0.000012
-0.000014
-0.000017
-0.000026
-0.000023
-0.000023
-0.000021
0.000042
0.000034
0.000023
0.000020
0.000026
0.000034
0.000033
0.000035
0.000041
-0.000010
-0.000008
-0.000020
-0.000033
-0.000030
-0.000031
-0.000026
-0.000030
-0.000032
-0.000043
-0.000047
-0.000051
-0.000136
0.000506
0.001646
0.001727
0.003066
0.007621
0.010882
0.006841
-0.001720
-0.010431
-0.008999
-0.006179
-0.001709
0.000693
-0.002696
-0.003475
-0.002753
-0.004386
-0.004039
-0.005309
-0.006505
-0.005413
-0.003555
-0.004731
-0.000965
-0.000594
0.001922
0.005403
0.010599
0.010260
0.006344
0.004729
0.005122
0.006122
0.003012
0.001716
0.002802
0.000075
0.000086
0.000046
-0.000010
-0.000005
-0.000013
-0.000013
-0.000016
-0.000013
-0.000014
-0.000023
-0.000026
-0.000028
-0.000025
-0.000023
0.000038
0.000040
0.000031
0.000024
0.000034
0.000040
0.000036
0.000035
0.000029
0.000039
0.000048
0.000050
-0.000014
-0.000025
-0.000032
-0.000030
-0.000020
-0.000022
-0.000027
-0.000034
-0.000041
0.000085
0.000070
0.000109
0.000285
0.000290
0.000197
0.000889
0.001478
-0.004038
-0.010236
-0.010049
-0.007099
-0.002831
-0.001881
-0.004127
-0.003616
-0.004632
-0.004950
-0.004328
-0.006331
-0.007285
-0.004569
-0.003075
-0.003939
-0.001355
-0.001410
-0.001665
0.003645
0.009813
0.009878
0.008141
0.007290
0.008643
0.006231
0.005017
0.003983
0.002774
0.004146
0.003897
0.002041
0.000068
0.000025
-0.000009
-0.000012
-0.000019
-0.000018
-0.000017
-0.000020
-0.000030
-0.000029
-0.000029
-0.000021
0.000038
0.000038
0.000039
0.000035
0.000038
0.000035
0.000040
0.000041
0.000031
0.000041
0.000041
0.000045
0.000051
0.000060
0.000052
-0.000015
0.000035
0.000075
0.000071
0.000065
0.000068
0.000075
0.000062
0.000070
0.000083
0.000076
0.000102
0.000160
0.000349
0.000831
0.000937
-0.006604
-0.004366
-0.003287
-0.002467
-0.003373
-0.002728
-0.004516
-0.005033
-0.006445
-0.007881
-0.006854
-0.005516
-0.004474
-0.003755
-0.003061
-0.002268
-0.001980
-0.001109
0.006072
0.008825
0.005719
0.006581
0.007139
0.004517
0.004841
0.002854
0.003386
0.004076
0.003897
0.003785
0.003428
0.001652
0.000025
-0.000012
-0.000016
-0.000019
-0.000022
-0.000028
-0.000029
-0.000032
-0.000029
-0.000017
0.000039
0.000038
0.000035
0.000033
0.000030
0.000037
0.000042
0.000040
0.000042
0.000040
0.000050
0.000050
0.000045
0.000041
0.000066
0.000052
0.000065
0.000071
0.000077
0.000058
0.000061
0.000058
0.000056
0.000076
0.000080
0.000087
0.000089
0.000095
0.000128
0.000125
0.000164
0.000092
-0.000195
-0.000341
-0.000233
-0.000067
-0.000271
-0.001049
-0.002863
-0.005426
-0.006835
-0.006268
-0.005250
-0.005902
-0.006045
-0.003785
-0.002346
-0.002223
-0.001505
-0.001280
0.003339
0.004266
0.005190
0.003479
0.003838
0.004438
0.005442
0.002610
0.001964
0.000681
0.000380
0.000183
0.000101
0.000001
-0.000038
-0.000040
-0.000040
-0.000032
-0.000031
-0.000028
-0.000028
-0.000028
-0.000012
0.000031
0.000039
0.000041
0.000035
0.000032
0.000037
0.000038
0.000036
0.000037
0.000041
0.000047
0.000056
0.000060
0.000051
0.000067
0.000057
0.000069
0.000064
0.000060
0.000060
0.000046
0.000059
0.000050
0.000059
0.000066
0.000067
0.000058
0.000067
0.000091
0.000103
0.000123
0.000094
0.000072
0.000073
0.000088
0.000093
0.000083
-0.000217
-0.000382
-0.000395
-0.000481
-0.000590
-0.000701
-0.000114
-0.005444
-0.004580
-0.004341
-0.002872
-0.002601
-0.001590
-0.001182
0.001454
0.002337
0.000877
0.001177
0.002591
0.001719
0.001047
0.000070
-0.000039
-0.000055
-0.000061
-0.000051
-0.000050
-0.000042
-0.000043
-0.000045
-0.000037
-0.000034
-0.000032
-0.000030
-0.000029
-0.000009
0.000038
0.000040
0.000050
0.000051
0.000036
0.000029
0.000033
0.000041
0.000040
0.000035
0.000042
0.000051
0.000062
0.000062
0.000068
0.000079
0.000079
0.000065
0.000069
0.000066
0.000053
0.000068
0.000061
0.000064
0.000071
0.000070
0.000046
0.000048
0.000083
0.000077
0.000083
0.000083
0.000091
0.000083
0.000086
0.000107
0.000097
0.000087
0.000093
0.000107
0.000101
0.000101
0.000081
0.000069
0.000344
-0.004566
-0.005099
-0.002966
-0.002135
-0.001767
-0.001412
0.000055
0.001082
0.000731
0.000911
0.000762
0.000491
0.000033
-0.000047
-0.000066
-0.000059
-0.000056
-0.000051
-0.000047
-0.000043
-0.000047
-0.000048
-0.000035
-0.000036
-0.000033
-0.000031
-0.000029
-0.000007
0.000043
0.000044
0.000048
0.000039
0.000032
0.000028
0.000037
0.000042
0.000043
0.000036
0.000045
0.000053
0.000060
0.000051
0.000059
0.000081
0.000074
0.000081
0.000077
0.000070
0.000065
0.000059
0.000063
0.000070
0.000069
0.000072
0.000028
0.000039
0.000073
0.000072
0.000096
0.000089
0.000097
0.000090
0.000091
0.000093
0.000114
0.000079
0.000072
0.000092
0.000096
0.000093
0.000081
0.000063
0.000056
0.000677
-0.003476
-0.002986
-0.001776
-0.001184
-0.000881
-0.000745
-0.000729
-0.000523
-0.000061
-0.000038
-0.000050
-0.000062
-0.000059
-0.000060
-0.000056
-0.000051
-0.000040
-0.000034
-0.000037
-0.000055
-0.000043
-0.000040
-0.000036
-0.000030
-0.000030
-0.000032
-0.000020
0.000040
0.000049
0.000045
0.000052
0.000043
0.000037
0.000045
0.000046
0.000044
0.000047
0.000048
0.000055
0.000060
0.000060
0.000055
0.000075
0.000079
0.000074
0.000086
0.000072
0.000081
0.000059
0.000068
0.000079
0.000076
0.000077
0.000056
0.000056
0.000067
0.000090
0.000112
0.000112
0.000116
0.000118
0.000103
0.000101
0.000111
0.000069
0.000057
0.000068
0.000080
0.000079
0.000060
0.000047
0.000044
0.000040
0.000184
-0.001975
-0.000923
-0.000420
-0.000161
0.000707
0.000526
-0.000901
-0.000136
-0.000051
-0.000054
-0.000059
-0.000058
-0.000059
-0.000057
-0.000045
-0.000040
-0.000031
-0.000047
-0.000046
-0.000042
-0.000045
-0.000038
-0.000034
-0.000030
-0.000039
-0.000025
0.000045
0.000043
0.000052
0.000050
0.000047
0.000034
0.000045
0.000051
0.000037
0.000045
0.000049
0.000055
0.000070
0.000064
0.000061
0.000067
0.000075
0.000058
0.000081
0.000072
0.000078
0.000068
0.000075
0.000080
0.000089
0.000090
0.000085
0.000089
0.000087
0.000088
0.000098
0.000128
0.000125
0.000127
0.000122
0.000112
0.000110
0.000074
0.000032
0.000055
0.000068
0.000060
0.000042
0.000040
0.000041
0.000034
-0.000001
-0.000182
-0.000034
0.000439
0.000854
0.003499
0.000248
-0.000084
-0.000031
-0.000036
-0.000047
-0.000044
-0.000056
-0.000060
-0.000059
-0.000048
-0.000043
-0.000035
-0.000042
-0.000042
-0.000041
-0.000035
-0.000040
-0.000037
-0.000030
-0.000033
-0.000033
0.000046
0.000044
0.000049
0.000044
0.000038
0.000032
0.000040
0.000049
0.000029
0.000039
0.000042
0.000044
0.000063
0.000064
0.000057
0.000069
0.000078
0.000075
0.000077
0.000083
0.000076
0.000071
0.000076
0.000081
0.000084
0.000101
0.000103
0.000089
0.000100
0.000079
0.000083
0.000112
0.000121
0.000125
0.000123
0.000126
0.000087
0.000067
0.000034
0.000061
0.000045
0.000054
0.000037
0.000039
0.000040
0.000032
0.000023
-0.000001
0.000027
0.000136
0.001434
0.000173
-0.000091
-0.000029
-0.000028
-0.000033
-0.000044
-0.000048
-0.000049
-0.000051
-0.000053
-0.000054
-0.000049
-0.000028
-0.000035
-0.000037
-0.000042
-0.000036
-0.000036
-0.000037
-0.000032
-0.000038
-0.000033
0.000043
0.000044
0.000024
0.000021
0.000026
0.000023
0.000035
0.000038
0.000032
0.000043
0.000035
0.000042
0.000059
0.000060
0.000063
0.000059
0.000077
0.000087
0.000085
0.000077
0.000074
0.000077
0.000076
0.000082
0.000093
0.000107
0.000083
0.000103
0.000106
0.000078
0.000085
0.000102
0.000118
0.000125
0.000118
0.000113
0.000115
0.000073
0.000067
0.000061
0.000058
0.000055
0.000043
0.000040
0.000036
0.000034
0.000030
0.000019
0.000013
0.000033
0.000044
-0.000027
-0.000031
-0.000034
-0.000037
-0.000036
-0.000043
-0.000047
-0.000051
-0.000059
-0.000052
-0.000053
-0.000052
-0.000043
-0.000035
-0.000039
-0.000053
-0.000044
-0.000040
-0.000043
-0.000039
-0.000038
-0.000034
0.000042
0.000031
0.000025
0.000017
0.000022
0.000026
0.000022
0.000001
0.000019
0.000038
0.000030
0.000035
0.000059
0.000064
0.000063
0.000067
0.000077
0.000088
0.000091
0.000084
0.000078
0.000079
0.000089
0.000086
0.000087
0.000085
0.000094
0.000115
0.000112
0.000091
0.000092
0.000107
0.000121
0.000110
0.000085
0.000083
0.000077
0.000069
0.000059
0.000062
0.000064
0.000074
0.000065
0.000045
0.000038
0.000032
0.000029
0.000027
0.000020
0.000004
-0.000010
-0.000026
-0.000036
-0.000042
-0.000044
-0.000042
-0.000044
-0.000047
-0.000054
-0.000053
-0.000043
-0.000044
-0.000048
-0.000046
-0.000044
-0.000046
-0.000047
-0.000045
-0.000047
-0.000047
-0.000046
-0.000043
-0.000029
0.000044
0.000041
0.000025
0.000011
0.000021
0.000024
0.000010
0.000028
0.000019
0.000027
0.000034
0.000050
0.000060
0.000073
0.000072
0.000059
0.000080
0.000087
0.000089
0.000087
0.000091
0.000098
0.000098
0.000086
0.000087
0.000066
0.000095
0.000116
0.000112
0.000108
0.000111
0.000123
0.000125
0.000112
0.000100
0.000071
0.000048
0.000051
0.000050
0.000059
0.000074
0.000077
0.000079
0.000054
0.000040
0.000034
0.000030
0.000025
0.000017
0.000004
-0.000009
-0.000030
-0.000042
-0.000036
-0.000051
-0.000046
-0.000043
-0.000049
-0.000048
-0.000049
-0.000046
-0.000045
-0.000044
-0.000048
-0.000039
-0.000037
-0.000044
-0.000042
-0.000049
-0.000042
-0.000045
-0.000042
-0.000019
