-0.000950
-0.000917
-0.000838
0.000632
-0.000410
-0.000594
-0.000768
0.000438
-0.001002
-0.000940
-0.000933
-0.000603
-0.001098
-0.001006
-0.001154
-0.001090
-0.001098
-0.001137
-0.001045
-0.001018
-0.001001
-0.000872
-0.000695
-0.000866
-0.000915
-0.000956
-0.000942
-0.000845
-0.000853
-0.000846
-0.000771
-0.000646
-0.000630
-0.000773
-0.000875
-0.000865
-0.000729
-0.000579
-0.000608
-0.000647
-0.000608
-0.000576
-0.000570
-0.000624
-0.000654
-0.000713
-0.000718
-0.000654
-0.000646
-0.000640
-0.000728
-0.000755
-0.000692
-0.000667
-0.000636
-0.000659
-0.000641
-0.000594
-0.000780
-0.000629
-0.000625
-0.000364
-0.000012
0.000117
0.000239
0.000205
-0.001158
0.000190
0.000253
0.000200
0.000061
0.000059
0.000195
-0.001066
-0.001059
-0.001054
-0.001119
-0.000988
-0.001045
-0.001033
-0.001025
-0.001081
-0.001102
-0.000836
-0.001179
-0.001070
-0.001032
-0.001052
-0.001016
-0.000981
-0.000979
-0.000923
-0.000845
-0.000881
-0.000866
-0.000837
-0.000801
-0.000838
-0.000834
-0.000761
-0.000701
-0.000666
-0.000622
-0.000723
-0.000556
-0.000582
-0.000709
-0.000743
-0.000722
-0.000734
-0.000696
-0.000668
-0.000655
-0.000610
-0.000606
-0.000635
-0.000564
-0.000643
-0.000693
-0.000715
-0.000708
-0.000697
-0.000723
-0.000644
-0.000681
-0.000673
-0.000603
-0.000751
-0.000781
-0.000649
-0.000593
-0.000650
-0.000704
-0.000735
-0.000604
-0.000719
-0.000734
-0.000721
-0.000681
-0.000703
-0.000722
-0.000717
-0.000772
-0.000705
-0.000655
-0.000481
-0.000966
-0.001067
-0.001073
-0.000921
-0.001063
-0.001019
-0.001071
-0.001053
-0.000979
-0.001014
-0.001080
-0.001006
-0.000975
-0.000932
-0.000926
-0.001010
-0.000956
-0.000914
-0.000978
-0.000975
-0.000909
-0.000801
-0.000886
-0.000855
-0.000797
-0.000704
-0.000678
-0.000750
-0.000767
-0.000717
-0.000800
-0.000596
-0.000644
-0.000702
-0.000740
-0.000706
-0.000698
-0.000702
-0.000641
-0.000637
-0.000598
-0.000591
-0.000603
-0.000629
-0.000654
-0.000641
-0.000634
-0.000683
-0.000739
-0.000754
-0.000607
-0.000694
-0.000722
-0.000689
-0.000695
-0.000696
-0.000652
-0.000595
-0.000651
-0.000628
-0.000755
-0.000653
-0.000656
-0.000560
-0.000629
-0.000674
-0.000703
-0.000689
-0.000737
-0.000719
-0.000693
-0.000716
-0.000735
-0.000775
-0.000985
-0.000877
-0.000898
-0.000954
-0.000956
-0.001026
-0.000882
-0.000981
-0.001034
-0.000868
-0.001028
-0.000813
-0.000874
-0.000973
-0.000837
-0.000924
-0.000952
-0.000952
-0.000962
-0.000901
-0.000896
-0.000879
-0.000866
-0.000773
-0.000774
-0.000702
-0.000651
-0.000776
-0.000773
-0.000850
-0.000679
-0.000659
-0.000691
-0.000697
-0.000714
-0.000675
-0.000696
-0.000746
-0.000694
-0.000653
-0.000570
-0.000600
-0.000601
-0.000561
-0.000566
-0.000575
-0.000674
-0.000657
-0.000569
-0.000573
-0.000717
-0.000653
-0.000719
-0.000663
-0.000647
-0.000661
-0.000560
-0.000589
-0.000741
-0.000659
-0.000597
-0.000598
-0.000662
-0.000652
-0.000690
-0.000685
-0.000713
-0.000730
-0.000685
-0.000738
-0.000786
-0.000778
-0.000787
-0.000795
-0.000959
-0.001022
-0.001001
-0.001087
-0.000999
-0.000845
-0.001033
-0.000926
-0.001033
-0.000991
-0.000938
-0.000826
-0.000914
-0.000883
-0.000889
-0.000959
-0.000957
-0.000802
-0.000787
-0.000857
-0.000864
-0.000870
-0.000740
-0.000755
-0.000741
-0.000697
-0.000625
-0.000685
-0.000777
-0.000694
-0.000700
-0.000756
-0.000649
-0.000556
-0.000557
-0.000556
-0.000715
-0.000672
-0.000654
-0.000726
-0.000808
-0.000673
-0.000718
-0.000550
-0.000529
-0.000605
-0.000639
-0.000727
-0.000576
-0.000674
-0.000638
-0.000694
-0.000628
-0.000619
-0.000596
-0.000637
-0.000552
-0.000554
-0.000586
-0.000615
-0.000774
-0.000804
-0.000745
-0.000671
-0.000664
-0.000706
-0.000678
-0.000730
-0.000778
-0.000823
-0.002169
-0.000804
-0.000836
-0.000982
-0.001001
-0.001049
-0.001050
-0.000895
-0.000777
-0.001047
-0.000995
-0.000805
-0.000853
-0.000947
-0.000831
-0.000852
-0.000848
-0.000988
-0.000947
-0.000945
-0.000924
-0.000786
-0.000805
-0.000752
-0.000789
-0.000694
-0.000770
-0.000816
-0.000779
-0.000736
-0.000701
-0.000668
-0.000634
-0.000668
-0.000561
-0.000541
-0.000516
-0.000432
-0.000594
-0.000555
-0.000635
-0.000695
-0.000761
-0.000823
-0.000691
-0.000572
-0.000595
-0.000525
-0.000622
-0.000557
-0.000589
-0.000521
-0.000712
-0.000555
-0.000596
-0.000594
-0.000598
-0.000573
-0.000541
-0.000535
-0.000581
-0.000618
-0.000659
-0.000770
-0.000681
-0.000595
-0.000736
-0.000651
-0.000694
-0.000775
-0.000776
-0.000810
-0.000831
-0.000765
-0.000705
-0.000737
-0.000906
-0.001005
-0.000788
-0.001004
-0.000938
-0.000876
-0.000984
-0.000909
-0.000929
-0.000975
-0.000883
-0.000861
-0.000880
-0.000835
-0.000971
-0.001013
-0.000921
-0.000867
-0.000832
-0.000809
-0.000753
-0.000757
-0.000807
-0.000778
-0.001108
-0.001103
-0.001030
-0.000705
-0.000700
-0.000735
-0.000644
-0.000578
-0.000580
-0.000504
-0.000537
-0.000544
-0.000529
-0.000515
-0.000693
-0.000656
-0.000659
-0.000810
-0.000649
-0.000498
-0.000459
-0.000562
-0.000574
-0.000554
-0.000629
-0.000591
-0.000603
-0.000578
-0.000595
-0.000620
-0.000550
-0.000568
-0.000608
-0.000615
-0.000644
-0.000678
-0.000801
-0.000848
-0.000670
-0.000776
-0.000724
-0.000730
-0.000775
-0.000782
-0.000802
-0.000850
-0.000760
-0.000722
-0.000768
-0.000932
-0.001044
-0.000933
-0.000899
-0.000969
-0.001070
-0.000970
-0.000788
-0.000897
-0.000706
-0.000936
-0.000812
-0.000845
-0.000950
-0.001023
-0.001010
-0.000950
-0.000862
-0.000863
-0.000841
-0.000818
-0.000767
-0.000722
-0.000751
-0.000129
-0.000491
-0.001915
-0.000874
-0.000656
-0.000657
-0.000676
-0.000550
-0.000462
-0.000493
-0.000534
-0.000584
-0.000493
-0.000506
-0.000647
-0.000658
-0.000598
-0.000622
-0.000566
-0.000530
-0.000466
-0.000512
-0.000531
-0.000552
-0.000542
-0.000469
-0.000546
-0.000612
-0.000636
-0.000606
-0.000576
-0.000547
-0.000533
-0.000565
-0.000653
-0.000697
-0.000859
-0.000907
-0.000807
-0.000749
-0.000687
-0.000731
-0.000802
-0.000794
-0.000823
-0.000769
-0.000794
-0.000872
-0.000952
-0.000987
-0.001046
-0.000939
-0.000963
-0.000953
-0.001035
-0.000894
-0.000849
-0.000853
-0.000676
-0.000810
-0.000832
-0.000879
-0.000874
-0.000968
-0.001028
-0.000982
-0.000882
-0.000750
-0.000822
-0.000859
-0.000804
-0.000851
-0.000883
-0.000800
-0.000783
-0.000722
-0.000656
-0.000670
-0.000608
-0.000551
-0.000497
-0.000457
-0.000462
-0.000468
-0.000536
-0.000534
-0.000532
-0.000569
-0.000576
-0.000562
-0.000580
-0.000533
-0.000542
-0.000500
-0.000454
-0.000511
-0.000494
-0.000513
-0.000478
-0.000522
-0.000564
-0.000628
-0.000615
-0.000614
-0.000541
-0.000566
-0.000667
-0.000681
-0.000727
-0.000786
-0.000908
-0.000790
-0.000657
-0.000733
-0.000775
-0.000832
-0.000848
-0.000777
-0.000787
0.001326
-0.000913
-0.000867
-0.000982
-0.001010
-0.000921
-0.001118
-0.000963
-0.001031
-0.000834
-0.000881
-0.000776
-0.000676
-0.000832
-0.000906
-0.000875
-0.000864
-0.000931
-0.000956
-0.000844
-0.000855
-0.000830
-0.000811
-0.000877
-0.000856
-0.000847
-0.000751
-0.000826
-0.000732
-0.000697
-0.000623
-0.000576
-0.000628
-0.000563
-0.000492
-0.000443
-0.000510
-0.000492
-0.000537
-0.000443
-0.000498
-0.000540
-0.000626
-0.000575
-0.000551
-0.000529
-0.000564
-0.000649
-0.000563
-0.000521
-0.000558
-0.000552
-0.000581
-0.000574
-0.000635
-0.000623
-0.000633
-0.000661
-0.000624
-0.000624
-0.000674
-0.000782
-0.000789
-0.000814
-0.000705
-0.000729
-0.000764
-0.000774
-0.000834
-0.000840
-0.000909
-0.000937
-0.000874
-0.000887
-0.000956
-0.000927
-0.000956
-0.000886
-0.000948
-0.000962
-0.000937
-0.000941
-0.000791
-0.000883
-0.000686
-0.000682
-0.000814
-0.000715
-0.000899
-0.000960
-0.000757
-0.000756
-0.000881
-0.000864
-0.000857
-0.000822
-0.000840
-0.000696
-0.000681
-0.000655
-0.000704
-0.000782
-0.000802
-0.000760
-0.000722
-0.000557
-0.000534
-0.000464
-0.000400
-0.000435
-0.000532
-0.000530
-0.000448
-0.000498
-0.000562
-0.000584
-0.000582
-0.000540
-0.000555
-0.000595
-0.000634
-0.000577
-0.000571
-0.000567
-0.000530
-0.000575
-0.000607
-0.000606
-0.000621
-0.000628
-0.000655
-0.000667
-0.000711
-0.000790
-0.000821
-0.000833
-0.000755
-0.000764
-0.000768
-0.000746
-0.000794
-0.000952
-0.000933
-0.000919
-0.000947
-0.000927
-0.000951
-0.000901
-0.000855
-0.000820
-0.000935
-0.000919
-0.000850
-0.000927
-0.000867
-0.000763
-0.000788
-0.000696
-0.000695
-0.000744
-0.000896
-0.000922
-0.000742
-0.000747
-0.000781
-0.000890
-0.000780
-0.000706
-0.000835
-0.000844
-0.000683
-0.000688
-0.000608
-0.000548
-0.000666
-0.000722
-0.000626
-0.000627
-0.000607
-0.000589
-0.000518
-0.000461
-0.000433
-0.000526
-0.000507
-0.000567
-0.000519
-0.000503
-0.000603
-0.000578
-0.000626
-0.000599
-0.000623
-0.000634
-0.000585
-0.000617
-0.000472
-0.000504
-0.000565
-0.000557
-0.000551
-0.000645
-0.000683
-0.000709
-0.000671
-0.000723
-0.000793
-0.000807
-0.000802
-0.000778
-0.000783
-0.000770
-0.000840
-0.000797
-0.000875
-0.000951
-0.000946
-0.000868
-0.000942
-0.000952
-0.000763
-0.000881
-0.000827
-0.000850
-0.000850
-0.000988
-0.000908
-0.000954
-0.000876
-0.000732
-0.000730
-0.000749
-0.000753
-0.000782
-0.001027
-0.000873
-0.000853
-0.000845
-0.000740
-0.000746
-0.000766
-0.000824
-0.000829
-0.000765
-0.000701
-0.000664
-0.000606
-0.000642
-0.000800
-0.000814
-0.000728
-0.000588
-0.000573
-0.000536
-0.000529
-0.000476
-0.000499
-0.000532
-0.000561
-0.000488
-0.000457
-0.000488
-0.000499
-0.000516
-0.000590
-0.000639
-0.000651
-0.000630
-0.000590
-0.000583
-0.000568
-0.000562
-0.000582
-0.000590
-0.000588
-0.000701
-0.000703
-0.000771
-0.000735
-0.000765
-0.000772
-0.000766
-0.000801
-0.000806
-0.000859
-0.000867
-0.000958
-0.000948
-0.000880
-0.000899
-0.000889
-0.000996
0.000725
-0.000905
-0.000865
-0.000945
-0.000873
-0.000890
-0.000856
-0.000761
-0.000907
-0.000907
-0.000728
-0.000755
-0.000753
-0.000729
-0.000665
-0.000872
-0.000845
-0.000804
-0.000855
-0.000809
-0.000720
-0.000895
-0.001412
-0.002394
-0.002553
-0.002484
-0.002334
-0.001716
-0.000937
-0.000929
-0.000940
-0.000867
-0.001505
-0.000671
-0.000569
-0.000502
-0.000508
-0.000445
-0.000489
-0.000501
-0.000500
-0.000431
-0.000462
-0.000578
-0.000538
-0.000652
-0.000657
-0.000600
-0.000595
-0.000594
-0.000555
-0.000555
-0.000569
-0.000566
-0.000580
-0.000684
-0.000713
-0.000805
-0.000762
-0.000747
-0.000791
-0.000771
-0.000766
-0.000819
-0.000910
-0.000893
-0.001033
-0.001000
-0.000804
-0.000738
-0.000900
-0.000981
-0.000945
-0.000816
-0.000990
-0.000964
-0.001017
-0.000986
-0.000924
-0.000834
-0.000777
-0.000909
-0.000854
-0.000767
-0.000808
-0.000710
-0.000751
-0.000662
-0.000686
-0.000836
-0.000842
-0.000894
-0.000932
-0.000953
-0.001328
-0.003662
-0.000060
0.002940
0.002460
-0.006708
-0.009252
-0.009428
-0.004947
-0.003332
-0.003848
-0.002271
-0.001660
-0.000621
-0.000647
-0.000548
-0.000503
-0.000469
-0.000431
-0.000332
-0.000279
-0.000382
-0.000453
-0.000518
-0.000637
-0.000613
-0.000577
-0.000607
-0.000608
-0.000617
-0.000607
-0.000640
-0.000646
-0.000631
-0.000679
-0.000738
-0.000683
-0.000727
-0.000795
-0.000766
-0.000753
-0.000835
-0.000877
-0.000899
-0.000919
-0.000969
-0.000913
-0.000873
-0.000861
-0.000979
-0.000986
-0.001079
-0.000910
-0.000989
-0.001026
-0.001011
-0.000962
-0.000848
-0.000784
-0.000726
-0.000725
-0.000791
-0.000747
-0.000838
-0.000747
-0.000688
-0.000642
-0.000663
-0.000588
-0.000786
-0.000747
-0.000808
-0.001277
-0.002829
0.000531
-0.001154
-0.000445
0.000171
0.000337
0.001009
-0.006160
-0.011098
-0.007007
-0.005055
-0.001090
-0.000612
-0.000523
-0.000568
-0.000599
-0.000569
-0.000386
-0.000419
-0.000345
-0.000254
-0.000176
-0.000271
-0.000451
-0.000609
-0.000675
-0.000618
-0.000607
-0.000648
-0.000645
-0.000629
-0.000615
-0.000649
-0.000655
-0.000652
-0.000687
-0.000722
-0.000747
-0.000794
-0.000771
-0.000809
-0.000843
-0.000891
-0.000916
-0.000866
-0.000887
-0.000926
-0.000994
-0.001049
-0.001070
-0.001124
-0.001204
-0.000853
-0.001008
-0.001056
-0.001049
-0.000972
-0.000851
-0.000769
-0.000731
-0.000742
-0.000724
-0.000685
-0.000702
-0.000674
-0.000603
-0.000586
-0.000656
-0.000602
-0.000416
-0.000244
-0.000171
-0.002804
-0.000885
-0.000890
-0.001819
-0.000869
-0.001166
-0.002169
-0.003181
0.002507
-0.007057
-0.001201
-0.000806
-0.000600
-0.000623
-0.000496
-0.000570
-0.000560
-0.000534
-0.000386
-0.000292
-0.000257
-0.000100
0.000152
-0.000135
-0.000371
-0.000532
-0.000648
-0.000663
-0.000634
-0.000659
-0.000640
-0.000606
-0.000578
-0.000639
-0.000677
-0.000624
-0.000714
-0.000834
-0.000856
-0.000825
-0.000838
-0.000825
-0.000915
-0.000898
-0.000860
-0.000905
-0.001007
-0.000993
-0.001037
-0.001105
-0.001227
-0.001195
-0.001018
-0.001100
-0.001013
-0.001031
-0.001036
-0.000904
-0.000908
-0.000817
-0.000777
-0.000795
-0.000644
-0.000614
-0.000615
-0.000688
-0.000639
-0.000577
-0.000307
-0.000186
-0.000968
0.000623
0.001249
0.000490
-0.000768
-0.000813
-0.000905
-0.000900
-0.001061
0.001676
0.001768
0.003773
-0.000753
-0.000612
-0.000625
-0.000520
-0.000542
-0.000421
-0.000301
-0.000251
-0.000216
-0.000395
-0.000459
-0.000355
-0.000160
-0.000131
-0.000225
-0.000347
-0.000453
-0.000529
-0.000625
-0.000685
-0.000682
-0.000614
-0.000582
-0.000633
-0.000659
-0.000690
-0.000700
-0.000761
-0.000811
-0.000888
-0.000837
-0.000863
-0.000786
-0.000875
-0.000877
-0.000871
-0.000987
-0.001103
-0.001150
-0.001102
-0.001177
-0.001105
-0.000982
-0.000933
-0.000955
-0.001030
-0.001022
-0.000993
-0.000884
-0.000905
-0.000894
-0.000881
-0.000797
-0.000659
-0.000642
-0.000594
-0.000649
-0.000592
-0.000006
-0.001757
-0.000714
-0.000691
0.000551
0.000606
-0.000027
-0.000677
-0.000556
-0.000651
-0.000708
0.001397
0.006770
0.012127
0.003937
0.001003
-0.000537
-0.000493
-0.000681
-0.000932
0.000873
0.003554
0.004203
0.002693
0.000519
-0.000306
-0.000448
-0.000316
-0.000253
-0.000287
-0.000371
-0.000432
-0.000563
-0.000689
-0.000705
-0.000712
-0.000668
-0.000607
-0.000649
-0.000742
-0.000748
-0.000752
-0.000781
-0.000824
-0.000840
-0.000841
-0.000946
-0.000902
-0.000876
-0.000934
-0.000936
-0.001049
-0.001155
-0.001102
-0.001080
-0.001081
-0.000998
-0.000975
-0.001016
-0.001012
-0.001026
-0.001018
-0.000938
-0.000873
-0.000819
-0.000786
-0.000711
-0.000738
-0.000714
-0.000637
-0.000557
-0.000512
-0.000103
-0.001316
0.000425
-0.000622
0.000826
0.000202
-0.000635
-0.000624
-0.000517
-0.000652
-0.000180
0.000729
0.001917
0.000644
0.002177
-0.000221
0.002528
0.003237
0.002554
0.001482
0.000515
0.000305
0.000851
0.002635
0.003366
0.002929
0.001564
-0.000043
-0.000339
-0.000438
-0.000415
-0.000464
-0.000526
-0.000696
-0.000756
-0.000691
-0.000675
-0.000659
-0.000632
-0.000691
-0.000722
-0.000738
-0.000739
-0.000810
-0.000851
-0.000866
-0.000880
-0.001003
-0.000969
-0.000918
-0.000934
-0.001014
-0.001025
-0.000965
-0.001033
-0.001075
-0.001063
-0.000990
-0.000992
-0.000986
-0.001041
-0.000982
-0.000879
-0.000823
-0.000856
-0.000873
-0.000797
-0.000742
-0.000725
-0.000729
-0.000644
-0.000559
-0.000239
-0.000699
-0.001285
-0.000916
0.000533
-0.000408
-0.000547
-0.000563
-0.000781
-0.000768
-0.000745
0.000351
0.001526
-0.000038
-0.001946
-0.001666
-0.000716
-0.001460
-0.000770
0.000270
-0.000816
-0.002283
-0.002023
-0.001179
-0.000146
0.001364
0.002174
0.001293
-0.000043
-0.000421
-0.000511
-0.000610
-0.000663
-0.000686
-0.000759
-0.000700
-0.000650
-0.000711
-0.000663
-0.000668
-0.000703
-0.000727
-0.000747
-0.000800
-0.000806
-0.000857
-0.000868
-0.000986
-0.001043
-0.001133
-0.001116
-0.001049
-0.000923
-0.000952
-0.000946
-0.001047
-0.001005
-0.000980
-0.000854
-0.001018
-0.001153
-0.000596
-0.000989
-0.000857
-0.000838
-0.000867
-0.000859
-0.000832
-0.000729
-0.000662
-0.000680
-0.000609
-0.000545
-0.000491
-0.000867
-0.004311
-0.001544
-0.000229
-0.000602
-0.000574
-0.000451
-0.000971
-0.000789
-0.000391
0.000170
0.000292
-0.000803
-0.001449
-0.001949
-0.001160
-0.000536
-0.000955
0.000364
-0.000256
-0.000842
-0.001286
-0.001399
-0.001674
0.000241
0.000405
-0.000299
-0.000120
-0.000229
-0.000412
-0.000558
-0.000971
-0.000621
-0.000661
-0.000711
-0.000713
-0.000669
-0.000706
-0.000747
-0.000780
-0.000804
-0.000833
-0.000889
-0.000859
-0.000857
-0.000929
-0.001015
-0.001104
-0.001139
-0.001098
-0.000905
-0.000891
-0.000969
-0.001011
-0.000976
-0.001069
-0.000998
-0.001008
-0.001282
-0.001241
-0.000991
-0.000938
-0.000881
-0.000477
-0.000859
-0.000823
-0.000835
-0.000746
-0.000702
-0.000672
-0.000591
-0.000537
-0.000549
-0.000857
-0.004126
-0.002771
0.000045
-0.001050
-0.000990
-0.000965
-0.000770
0.001302
0.001400
0.001915
0.001222
0.000098
-0.000099
-0.000408
-0.000320
-0.000433
-0.000259
-0.000398
-0.000648
-0.000674
-0.000495
-0.001135
-0.000480
0.001907
0.001280
-0.000761
-0.000609
-0.001603
-0.001701
-0.002490
-0.004416
-0.000021
-0.000055
-0.000752
-0.000780
-0.000750
-0.000754
-0.000851
-0.000911
-0.000823
-0.000858
-0.000859
-0.000841
-0.000879
-0.000883
-0.001011
-0.001086
-0.001017
-0.000976
-0.000900
-0.000921
-0.001024
-0.000965
-0.001079
-0.001213
-0.001201
-0.001107
-0.001005
-0.000996
-0.000856
-0.000932
-0.000718
-0.000496
-0.000922
-0.000768
-0.000746
-0.000727
-0.000696
-0.000697
-0.000618
-0.000584
-0.000528
-0.000638
-0.002329
-0.005532
0.001451
0.001184
-0.000061
0.000767
0.001395
0.001298
0.003206
0.002967
0.004167
0.002920
0.002342
0.001304
0.000334
0.000066
-0.000215
-0.000618
-0.000830
-0.000495
-0.000714
-0.000720
-0.000883
0.001704
0.001865
0.000879
-0.000126
-0.000998
-0.000921
-0.001660
-0.003733
0.002092
0.007352
0.000526
-0.000725
-0.000693
-0.000812
-0.000946
-0.000869
-0.000920
-0.000851
-0.000846
-0.000965
-0.001014
-0.001052
-0.001062
-0.001020
-0.000991
-0.000876
-0.000876
-0.000967
-0.000947
-0.000958
-0.001076
-0.001290
-0.001172
-0.000974
-0.000941
-0.000901
-0.000902
-0.000771
-0.000849
-0.000584
-0.000893
-0.000866
-0.000787
-0.000587
-0.000699
-0.000712
-0.000655
-0.000612
-0.000552
-0.000595
-0.000887
-0.005228
-0.001344
0.003300
0.002471
0.000605
0.001678
0.003791
0.003964
0.003908
0.004125
0.002394
0.002216
0.001237
0.000387
0.001652
0.000707
-0.000404
-0.000919
-0.000830
-0.000639
-0.000853
-0.000335
0.002297
0.001619
0.001565
-0.000355
-0.000554
-0.000585
-0.000578
-0.001363
0.001545
0.003158
0.004456
0.000196
-0.000747
-0.000838
-0.000858
-0.000887
-0.000844
-0.000892
-0.000974
-0.001042
-0.001057
-0.001041
-0.001051
-0.000976
-0.000952
-0.000948
-0.000988
-0.001019
-0.000935
-0.000945
-0.001004
-0.001210
-0.001322
-0.001177
-0.001026
-0.001177
-0.000846
-0.000845
-0.000708
-0.000940
-0.000820
-0.000790
-0.000579
-0.000598
-0.000736
-0.000661
-0.000666
-0.000632
-0.000625
-0.000666
-0.000638
-0.001376
-0.003876
-0.000236
0.000813
-0.000105
0.002541
0.001831
0.002075
0.003495
0.004236
0.003723
0.003018
0.001470
-0.000178
0.001933
-0.000249
0.001119
0.000702
0.000630
-0.000197
-0.000441
0.000910
0.000453
0.001563
0.001980
0.000883
0.001170
0.000766
-0.001017
-0.004627
0.000445
0.003901
0.002576
0.004408
-0.000580
-0.000876
-0.000878
-0.000939
-0.000899
-0.000952
-0.000976
-0.001041
-0.000967
-0.001007
-0.000980
-0.000930
-0.000909
-0.001047
-0.001066
-0.000927
-0.000953
-0.001102
-0.001160
-0.001203
-0.001221
-0.001197
-0.000971
-0.001010
-0.000767
-0.000842
-0.000912
-0.000840
-0.000696
-0.000676
-0.000697
-0.000748
-0.000745
-0.000684
-0.000665
-0.000678
-0.000693
-0.000670
-0.000721
-0.000676
-0.000604
-0.000895
-0.000853
-0.001011
-0.001013
-0.000949
0.000025
0.001151
0.001596
0.002201
0.000508
-0.001519
-0.001718
-0.002112
-0.000897
0.001392
-0.001452
-0.001960
-0.000334
-0.000188
-0.000737
0.002504
0.008619
0.013303
0.010212
0.012684
0.005022
0.000464
-0.000143
0.003312
0.004824
-0.000181
0.000550
0.001707
-0.001006
-0.000967
-0.000977
-0.000967
-0.000958
-0.001035
-0.001007
-0.000992
-0.001062
-0.001046
-0.000961
-0.000967
-0.000916
-0.000953
-0.001012
-0.001074
-0.000961
-0.000908
-0.001008
-0.001094
-0.001129
-0.000990
-0.000919
-0.000903
-0.000820
-0.000917
-0.000920
-0.000811
-0.000713
-0.000724
-0.000743
-0.000702
-0.000707
-0.000685
-0.000748
-0.000752
-0.000673
-0.000648
-0.000638
-0.000707
-0.000657
-0.000796
-0.000792
-0.000883
-0.000618
-0.000863
-0.001022
0.001058
-0.001356
-0.006864
-0.008320
-0.006056
-0.004573
-0.000977
-0.003753
-0.005360
-0.003565
-0.001318
-0.000586
-0.000537
0.000705
0.007317
0.011608
0.008174
0.006578
0.003962
0.005726
0.007906
0.002472
-0.000296
-0.005033
-0.005145
-0.000865
0.000531
-0.001153
-0.001013
-0.001048
-0.001045
-0.001043
-0.001059
-0.000967
-0.000951
-0.001087
-0.001046
-0.000963
-0.001084
-0.001132
-0.001074
-0.000993
-0.000919
-0.000941
-0.000932
-0.000900
-0.000979
-0.001047
-0.000991
-0.000923
-0.000660
-0.000735
-0.000957
-0.000881
-0.000718
-0.000694
-0.000723
-0.000676
-0.000666
-0.000733
-0.000810
-0.000773
-0.000620
-0.000696
-0.000675
-0.000730
-0.000758
-0.000831
-0.000743
-0.000771
-0.000280
0.003761
0.002494
0.001666
-0.001473
-0.004062
-0.007676
-0.007012
-0.005590
-0.005031
-0.004955
-0.004960
-0.004025
-0.002067
-0.001225
0.000301
-0.001467
0.002173
0.005845
-0.006189
-0.002601
-0.000351
0.005866
-0.004362
-0.005501
-0.004312
-0.005546
-0.007634
-0.002078
-0.000575
-0.005735
-0.000769
-0.001085
-0.001083
-0.001057
-0.000988
-0.000889
-0.000865
-0.001028
-0.001071
-0.001118
-0.001193
-0.001334
-0.001320
-0.001248
-0.001188
-0.001018
-0.000989
-0.000949
-0.000840
-0.000939
-0.001062
-0.001039
-0.000833
-0.000808
-0.000932
-0.000754
-0.000697
-0.000770
-0.000744
-0.000664
-0.000638
-0.000768
-0.000865
-0.000851
-0.000819
-0.000764
-0.000701
-0.000742
-0.000785
-0.000768
-0.000692
-0.000574
0.001373
0.004773
0.003585
0.000975
-0.001108
-0.006093
-0.005785
-0.008383
-0.006535
-0.010557
-0.012626
-0.010891
-0.005195
-0.000830
-0.000625
-0.001480
0.000718
0.000652
0.002706
0.006013
0.006621
0.000795
-0.001234
-0.011754
-0.017418
-0.008863
-0.004970
-0.002264
0.000620
-0.005084
-0.012189
-0.012047
0.000177
-0.001017
-0.000965
-0.001098
-0.001005
-0.001041
-0.001266
-0.001173
-0.001119
-0.001292
-0.001329
-0.001281
-0.001309
-0.001063
-0.001018
-0.000985
-0.000892
-0.000998
-0.000998
-0.000977
-0.001098
-0.000786
-0.000760
-0.000808
-0.000903
-0.000913
-0.000825
-0.000767
-0.000724
-0.000702
-0.000746
-0.000793
-0.000763
-0.000824
-0.000741
-0.000649
-0.000658
-0.000731
-0.000713
-0.000507
-0.000435
0.000120
0.005238
0.004547
0.001733
-0.002565
-0.008663
-0.010623
-0.011477
-0.011318
-0.011408
-0.011516
-0.010874
-0.001545
0.000412
-0.002214
-0.002192
-0.001051
0.000342
0.000998
0.001021
0.000446
0.006902
0.002426
-0.002740
-0.008162
-0.019796
-0.001042
0.003513
0.001736
-0.004511
-0.010918
-0.008150
-0.003623
0.000284
-0.000020
-0.000848
-0.000927
-0.001065
-0.001301
-0.001265
-0.001177
-0.001240
-0.001198
-0.001155
-0.001148
-0.001148
-0.001104
-0.001032
-0.001078
-0.000957
-0.001024
-0.001069
-0.001133
-0.000903
-0.000775
-0.000844
-0.000556
-0.000806
-0.000901
-0.000812
-0.000808
-0.000725
-0.000662
-0.000802
-0.000860
-0.000858
-0.000839
-0.000751
-0.000762
-0.000668
-0.000556
-0.000567
-0.000585
-0.000620
0.001777
0.004957
0.002861
-0.002117
-0.011873
-0.018728
-0.014701
-0.014418
-0.013103
-0.013781
-0.011815
-0.001010
0.000057
-0.000914
-0.001095
0.000335
-0.000047
0.000069
-0.000872
0.000618
0.000405
0.000746
0.001278
0.001347
-0.002273
0.003045
0.005679
0.012329
-0.003703
-0.007874
-0.004357
-0.003067
-0.001795
-0.001470
0.000163
-0.000886
-0.001175
-0.001324
-0.001187
-0.000956
-0.001142
-0.001157
-0.001159
-0.001138
-0.001082
-0.001132
-0.001163
-0.001112
-0.000962
-0.001063
-0.001066
-0.001220
-0.000881
-0.000844
-0.000896
-0.000720
-0.000642
-0.000947
-0.000986
-0.000923
-0.000828
-0.000777
-0.000782
-0.000829
-0.000828
-0.000690
-0.000626
-0.000568
-0.000621
-0.000670
-0.000612
-0.000683
-0.000795
-0.000887
0.001875
0.002837
-0.003606
-0.012557
-0.012953
-0.010170
-0.009330
-0.010697
-0.011698
-0.008216
-0.002096
-0.002860
-0.001255
-0.000323
-0.000005
-0.001705
-0.000930
-0.000043
0.000259
-0.000081
0.000574
0.001202
0.001154
0.001665
0.002869
0.017936
0.007135
-0.000658
-0.004069
-0.002996
-0.000681
0.001940
-0.000225
0.000924
0.000165
-0.000486
-0.001051
-0.000830
-0.000901
-0.000928
-0.000993
-0.001096
-0.001001
-0.001119
-0.001091
-0.001205
-0.001017
-0.001043
-0.001010
-0.001088
-0.001221
-0.000842
-0.000938
-0.000950
-0.000889
-0.000613
-0.001137
-0.000958
-0.000777
-0.000620
-0.000859
-0.000838
-0.000833
-0.000703
-0.000571
-0.000512
-0.000568
-0.000651
-0.000713
-0.000793
-0.000862
-0.000862
-0.001083
-0.000482
0.002149
-0.000941
-0.003184
-0.009604
-0.008215
-0.009133
-0.011938
-0.010710
-0.006778
-0.003034
-0.001554
-0.002294
-0.001559
-0.002143
-0.000866
-0.000805
-0.000437
-0.000421
-0.000133
0.000742
0.000898
0.000720
0.001177
0.002007
-0.000829
0.009029
0.000073
-0.003769
-0.001922
0.009300
0.003982
0.001822
-0.000931
-0.001055
-0.001339
0.000180
0.000013
0.000004
-0.001076
-0.001182
-0.000995
-0.000866
-0.001036
-0.001092
-0.001035
-0.001095
-0.001053
-0.001040
-0.001227
-0.001342
-0.000858
-0.000992
-0.000923
-0.000937
-0.001063
-0.001000
-0.000911
-0.000956
-0.000920
-0.000745
-0.000629
-0.000793
-0.000747
-0.000610
-0.000585
-0.000524
-0.000683
-0.000693
-0.000824
-0.000851
-0.000884
-0.001021
-0.001037
-0.000995
-0.001352
-0.001395
-0.000704
-0.001689
-0.000292
-0.009504
-0.008872
-0.006773
-0.003609
-0.003491
-0.003294
-0.001515
-0.000965
-0.001278
-0.000987
-0.000848
-0.000688
0.000021
0.000802
0.001567
-0.000530
0.000789
0.001493
0.002343
0.002296
-0.001896
-0.002593
0.001841
0.007910
0.003356
0.000832
0.001010
-0.000145
-0.000754
-0.001175
-0.001298
-0.001072
0.000220
-0.000031
-0.000887
-0.000932
-0.000990
-0.000966
-0.001061
-0.001046
-0.001065
-0.001280
-0.001290
-0.001307
-0.000926
-0.001021
-0.000881
-0.000890
-0.000999
-0.000951
-0.000904
-0.000885
-0.000809
-0.000927
-0.001083
-0.000603
-0.000169
-0.000412
-0.000164
-0.000171
-0.000699
-0.000452
-0.000569
-0.000786
-0.000955
-0.001321
-0.001372
-0.001372
-0.001305
-0.001224
-0.001187
-0.001165
-0.001064
-0.001226
-0.000558
-0.005885
-0.004949
-0.004055
-0.004730
-0.002113
-0.000794
-0.000914
-0.000996
-0.001144
-0.001462
-0.001100
-0.002485
-0.000843
0.000133
0.000015
0.001483
0.001142
0.000333
-0.000888
-0.000577
0.007339
0.002776
0.000914
0.000721
0.000691
0.001391
0.000737
-0.000234
0.000284
0.001048
0.000854
-0.000870
0.000084
-0.000321
-0.000559
-0.001015
-0.000990
-0.001080
-0.001198
-0.001350
-0.001261
-0.000983
-0.000898
-0.000972
-0.000903
-0.000819
-0.000817
-0.000931
-0.000986
-0.000803
-0.000840
-0.001025
-0.001233
-0.000898
-0.001073
-0.001069
-0.001030
-0.000731
-0.001084
-0.001164
-0.001177
-0.001281
-0.001138
-0.001168
-0.001264
-0.001375
-0.001397
-0.001236
-0.001224
-0.001210
-0.001139
-0.001156
-0.001238
-0.000726
-0.000657
-0.000525
0.000047
-0.000081
-0.000036
-0.000345
-0.001808
-0.001462
-0.002251
-0.004538
-0.004137
0.002223
0.007809
-0.000094
0.000767
0.000036
-0.002212
-0.004382
-0.003202
0.001562
-0.000830
0.000299
-0.000435
-0.001265
0.000882
0.000475
-0.000561
-0.000888
-0.000870
-0.001078
-0.001158
-0.001193
-0.001187
-0.001142
-0.000937
-0.001003
-0.001064
-0.001244
-0.001208
-0.001267
-0.000990
-0.000944
-0.000909
-0.000851
-0.000607
-0.000812
-0.000740
-0.000895
-0.001060
-0.001112
-0.001147
-0.000891
-0.001139
-0.001251
-0.001217
-0.001095
-0.000859
-0.001049
-0.001219
-0.001149
-0.000992
-0.001010
-0.001177
-0.001332
-0.001232
-0.001289
-0.001199
-0.001192
-0.001328
-0.001364
-0.001331
-0.001164
-0.001175
-0.001396
-0.001469
-0.001441
-0.001474
-0.001462
-0.000182
-0.000014
-0.000094
-0.000085
-0.000322
-0.000717
-0.000289
0.007767
-0.003868
-0.002125
-0.007409
-0.009152
-0.011736
-0.010079
-0.003632
-0.002927
-0.002055
-0.001275
-0.001551
-0.000689
-0.000841
-0.000985
-0.001061
-0.001053
-0.001131
-0.001085
-0.001160
-0.001191
-0.001197
-0.001082
-0.001095
-0.001058
-0.001005
-0.001103
-0.001195
-0.000877
-0.000974
-0.000951
-0.000933
-0.000823
-0.000710
-0.000994
-0.001028
-0.001194
-0.001372
-0.001325
-0.001032
-0.001081
-0.001262
-0.001280
-0.001178
-0.001028
-0.001004
-0.001192
-0.001165
-0.001040
-0.001068
-0.001137
-0.001330
-0.001268
-0.001225
-0.001255
-0.001271
-0.001283
-0.001254
-0.001240
-0.001326
-0.001330
-0.001477
-0.001498
-0.001516
-0.001577
-0.001529
-0.001703
-0.001680
-0.001564
-0.001526
-0.001553
-0.001606
-0.001615
0.000651
-0.010301
-0.016332
-0.021409
-0.019304
-0.019638
-0.016707
-0.001406
-0.000503
-0.001149
-0.001138
-0.001246
-0.001091
-0.001185
-0.001241
-0.001155
-0.001091
-0.001019
-0.001083
-0.001124
-0.001261
-0.001248
-0.001151
-0.001069
-0.001024
-0.000977
-0.001077
-0.001269
-0.001061
-0.000978
-0.000948
-0.000962
-0.001037
-0.001004
-0.001153
-0.001354
-0.001391
-0.001312
-0.001337
-0.001212
-0.000938
-0.000862
-0.000992
-0.001020
-0.001061
-0.001184
-0.001188
-0.001208
-0.001133
-0.000922
-0.001066
-0.001185
-0.001436
-0.001396
-0.001226
-0.001254
-0.001296
-0.001365
-0.001609
-0.001461
-0.001366
-0.001391
-0.001400
-0.001608
-0.001750
-0.001654
-0.001628
-0.001402
-0.001554
-0.001635
-0.001595
-0.001548
-0.001803
-0.001783
0.000176
-0.022538
-0.023642
-0.019074
-0.014364
-0.013650
-0.011833
-0.003212
-0.001872
-0.001439
-0.000977
-0.001296
-0.001391
-0.001101
-0.001119
-0.001090
-0.001188
-0.001343
-0.001296
-0.001374
-0.001347
-0.001053
-0.001101
-0.001048
-0.001057
-0.001039
-0.001039
-0.001331
-0.001137
-0.001262
-0.001272
-0.001317
-0.001357
-0.001441
-0.001577
-0.001306
-0.001258
-0.001344
-0.001355
-0.001400
-0.001021
-0.000985
-0.000928
-0.001199
-0.001286
-0.001342
-0.001190
-0.001172
-0.001139
-0.001039
-0.001207
-0.001513
-0.001662
-0.001452
-0.001422
-0.001367
-0.001463
-0.001593
-0.001642
-0.001525
-0.001519
-0.001668
-0.001610
-0.001651
-0.001640
-0.001807
-0.001740
-0.001676
-0.001927
-0.001874
-0.001604
-0.001777
-0.001637
-0.001417
-0.003454
-0.022001
-0.016005
-0.019004
-0.012504
-0.003416
-0.002077
-0.001844
-0.001010
-0.001092
-0.001537
-0.001405
-0.001114
-0.001164
-0.001309
-0.001552
-0.001520
-0.001478
-0.001411
-0.001231
-0.001260
-0.001254
-0.001201
-0.001029
-0.000888
-0.001070
-0.001307
-0.001268
-0.001307
-0.001335
-0.001361
-0.001396
-0.001411
-0.001436
-0.001269
-0.001309
-0.001330
-0.001406
-0.001384
-0.001285
-0.000714
-0.001159
-0.001183
-0.001316
-0.001388
-0.001337
-0.001302
-0.001287
-0.001098
-0.001231
-0.001630
-0.001833
-0.001599
-0.001615
-0.001598
-0.001623
-0.001626
-0.001733
-0.001723
-0.001725
-0.001681
-0.001782
-0.001641
-0.001639
-0.001885
-0.001939
-0.002165
-0.002160
-0.001914
-0.001862
-0.001915
-0.001610
-0.001744
-0.001563
-0.005615
-0.014650
-0.008913
-0.003335
-0.001750
-0.001824
-0.002152
-0.001889
-0.001667
-0.001555
-0.001281
-0.001149
-0.001226
-0.001250
-0.001348
-0.001367
-0.001540
-0.001446
-0.001414
-0.001496
-0.001372
-0.001303
-0.001128
-0.000995
-0.001406
-0.001336
-0.001369
-0.001399
-0.001256
-0.001352
-0.001288
-0.001233
-0.001312
-0.001340
-0.001387
-0.001310
-0.001409
-0.001380
-0.001230
-0.001039
-0.001104
-0.001152
-0.001200
-0.001429
-0.001408
-0.001343
-0.001348
-0.001183
-0.001311
-0.001700
-0.001866
-0.001798
-0.001735
-0.001816
-0.001758
-0.001762
-0.001748
-0.001846
-0.001881
-0.001700
-0.001809
-0.001644
-0.001592
-0.001811
-0.001775
-0.001847
-0.001708
-0.001486
-0.001850
-0.002125
-0.001981
-0.001986
-0.001915
-0.002130
-0.003134
-0.002180
-0.001746
-0.001076
-0.001730
-0.001884
-0.001910
-0.001517
-0.001528
-0.001493
-0.001425
-0.001387
-0.001332
-0.001395
-0.001549
-0.001315
-0.001317
-0.001298
-0.001412
-0.001168
-0.001218
-0.001236
-0.001308
-0.001328
-0.000841
-0.001273
-0.001383
-0.001314
-0.001352
-0.001272
-0.001276
-0.001189
-0.001307
-0.001285
-0.001390
-0.001315
-0.001313
-0.001343
-0.001236
-0.001164
-0.001135
-0.001236
-0.001438
-0.001415
-0.001318
-0.001366
-0.001339
-0.001400
-0.001546
-0.001537
-0.001830
-0.001825
-0.001827
-0.001753
-0.001730
-0.001978
-0.002040
-0.001672
-0.002055
-0.001992
-0.001931
-0.002054
-0.002280
-0.002306
-0.001952
-0.002000
-0.002069
-0.001934
-0.001956
-0.001902
-0.001927
-0.001803
-0.002071
-0.001865
-0.001793
-0.001790
-0.001687
-0.001626
-0.001546
-0.001548
-0.001448
-0.001549
-0.001345
-0.001399
-0.001385
-0.001255
-0.001347
-0.001257
-0.001179
-0.001266
-0.001289
-0.001155
-0.001178
-0.001203
-0.001366
-0.001212
-0.001212
-0.001512
-0.001390
-0.001433
-0.001358
-0.001308
-0.001391
-0.001257
-0.001308
-0.001398
-0.001302
-0.001230
-0.001380
-0.001411
-0.001313
-0.001289
-0.001309
-0.001253
-0.001361
-0.001514
-0.001451
-0.001303
-0.001338
-0.001424
-0.001594
-0.001716
-0.001564
-0.001642
-0.001785
-0.001758
-0.001749
-0.001728
-0.001898
-0.002043
-0.002031
-0.002161
-0.002009
-0.002107
-0.002267
-0.002126
-0.002041
-0.001907
-0.001899
-0.002007
-0.002096
-0.001869
-0.001736
-0.001995
-0.002150
-0.002026
-0.001884
-0.001720
-0.001635
-0.001698
-0.001653
-0.001580
-0.001556
-0.001504
-0.001573
-0.001257
-0.001291
-0.001400
-0.001331
-0.001244
-0.001274
-0.001294
-0.001181
-0.001187
-0.001063
-0.001108
-0.001396
-0.001447
-0.001349
-0.001345
-0.001192
-0.001239
-0.001314
-0.001252
-0.001376
-0.001175
-0.001226
-0.001325
-0.001328
-0.001319
-0.001299
-0.001309
-0.001246
-0.001010
-0.001093
-0.001119
-0.001061
-0.001167
-0.001240
-0.001387
-0.001229
-0.001253
-0.001406
-0.001548
-0.001666
-0.001648
-0.001432
-0.001774
-0.001734
-0.001732
-0.001893
-0.001831
-0.001946
-0.002067
-0.002043
-0.002051
-0.002154
-0.002187
-0.002041
-0.001938
-0.001953
-0.002160
-0.002075
-0.001881
-0.001622
-0.001740
-0.002020
-0.002083
-0.002111
-0.001849
-0.001501
-0.001603
-0.001677
-0.001608
-0.001484
-0.001633
-0.001415
-0.001336
-0.001130
-0.001122
-0.001414
-0.001441
-0.001394
-0.001200
-0.001221
-0.001222
-0.001300
-0.001264
-0.001290
-0.001249
-0.001397
-0.001310
-0.001074
-0.001017
