-0.000006
-0.000003
-0.000005
0.000632
-0.000005
-0.000009
-0.000005
0.000438
-0.000009
-0.000015
-0.000021
-0.000603
-0.000023
-0.000022
-0.000013
-0.000012
-0.000010
-0.000014
-0.000015
-0.000017
-0.000015
-0.000021
-0.000028
-0.000017
-0.000020
-0.000022
-0.000017
-0.000011
-0.000005
-0.000006
-0.000009
-0.000014
-0.000014
-0.000015
-0.000011
-0.000014
-0.000022
-0.000032
-0.000032
-0.000035
-0.000039
-0.000037
-0.000040
-0.000027
-0.000025
-0.000033
-0.000025
-0.000033
-0.000037
-0.000035
-0.000027
-0.000021
-0.000022
-0.000022
-0.000019
-0.000039
-0.000037
-0.000040
-0.000033
-0.000040
-0.000059
-0.000063
-0.000017
-0.000018
0.000010
0.000024
-0.001158
0.000055
0.000058
0.000030
0.000061
-0.000000
0.000195
-0.000004
-0.000002
-0.000002
-0.000002
-0.000007
-0.000004
-0.000004
-0.000008
-0.000013
-0.000016
-0.000017
-0.000019
-0.000019
-0.000021
-0.000015
-0.000016
-0.000015
-0.000016
-0.000017
-0.000015
-0.000015
-0.000016
-0.000015
-0.000015
-0.000018
-0.000019
-0.000016
-0.000020
-0.000020
-0.000017
-0.000017
-0.000017
-0.000021
-0.000015
-0.000014
-0.000020
-0.000029
-0.000030
-0.000023
-0.000027
-0.000038
-0.000035
-0.000028
-0.000032
-0.000034
-0.000036
-0.000029
-0.000035
-0.000037
-0.000029
-0.000035
-0.000033
-0.000019
-0.000032
-0.000030
-0.000040
-0.000036
-0.000030
-0.000035
-0.000039
-0.000041
-0.000032
-0.000031
-0.000032
-0.000039
-0.000041
-0.000039
-0.000036
-0.000037
-0.000030
-0.000027
-0.000027
-0.000034
-0.000004
-0.000003
-0.000004
-0.000005
-0.000003
-0.000006
-0.000007
-0.000005
-0.000011
-0.000016
-0.000016
-0.000018
-0.000018
-0.000016
-0.000017
-0.000015
-0.000016
-0.000017
-0.000016
-0.000018
-0.000016
-0.000017
-0.000013
-0.000015
-0.000012
-0.000018
-0.000022
-0.000022
-0.000024
-0.000021
-0.000017
-0.000011
-0.000018
-0.000018
-0.000017
-0.000018
-0.000028
-0.000026
-0.000026
-0.000029
-0.000037
-0.000036
-0.000034
-0.000041
-0.000039
-0.000035
-0.000031
-0.000032
-0.000029
-0.000034
-0.000041
-0.000031
-0.000021
-0.000030
-0.000028
-0.000038
-0.000028
-0.000032
-0.000035
-0.000018
-0.000031
-0.000029
-0.000041
-0.000041
-0.000041
-0.000036
-0.000039
-0.000044
-0.000041
-0.000026
-0.000027
-0.000033
-0.000043
-0.000004
-0.000003
-0.000003
-0.000000
-0.000001
-0.000002
-0.000006
-0.000004
-0.000007
-0.000013
-0.000015
-0.000018
-0.000018
-0.000021
-0.000019
-0.000015
-0.000016
-0.000014
-0.000016
-0.000017
-0.000015
-0.000014
-0.000015
-0.000010
-0.000012
-0.000013
-0.000015
-0.000017
-0.000018
-0.000017
-0.000023
-0.000012
-0.000012
-0.000020
-0.000019
-0.000026
-0.000023
-0.000027
-0.000019
-0.000022
-0.000034
-0.000031
-0.000049
-0.000042
-0.000038
-0.000029
-0.000029
-0.000030
-0.000033
-0.000029
-0.000029
-0.000025
-0.000015
-0.000022
-0.000029
-0.000029
-0.000035
-0.000023
-0.000037
-0.000029
-0.000029
-0.000031
-0.000032
-0.000035
-0.000032
-0.000033
-0.000036
-0.000042
-0.000030
-0.000030
-0.000034
-0.000033
-0.000041
-0.000004
-0.000003
-0.000003
-0.000001
-0.000001
-0.000003
-0.000004
-0.000007
-0.000009
-0.000012
-0.000013
-0.000017
-0.000020
-0.000018
-0.000017
-0.000014
-0.000015
-0.000015
-0.000014
-0.000016
-0.000012
-0.000015
-0.000017
-0.000015
-0.000011
-0.000015
-0.000013
-0.000017
-0.000018
-0.000018
-0.000017
-0.000012
-0.000011
-0.000019
-0.000016
-0.000024
-0.000020
-0.000024
-0.000016
-0.000026
-0.000023
-0.000029
-0.000036
-0.000036
-0.000032
-0.000026
-0.000023
-0.000026
-0.000025
-0.000019
-0.000028
-0.000031
-0.000025
-0.000028
-0.000033
-0.000031
-0.000025
-0.000026
-0.000031
-0.000034
-0.000025
-0.000031
-0.000038
-0.000046
-0.000033
-0.000033
-0.000033
-0.000036
-0.000032
-0.000036
-0.000035
-0.000032
-0.002169
-0.000004
-0.000003
-0.000004
-0.000004
-0.000003
-0.000001
-0.000003
-0.000007
-0.000009
-0.000013
-0.000008
-0.000010
-0.000018
-0.000019
-0.000019
-0.000017
-0.000016
-0.000013
-0.000013
-0.000014
-0.000013
-0.000017
-0.000012
-0.000015
-0.000011
-0.000014
-0.000016
-0.000019
-0.000022
-0.000016
-0.000015
-0.000016
-0.000009
-0.000019
-0.000018
-0.000016
-0.000020
-0.000024
-0.000023
-0.000025
-0.000020
-0.000027
-0.000022
-0.000026
-0.000038
-0.000027
-0.000026
-0.000023
-0.000024
-0.000017
-0.000022
-0.000022
-0.000021
-0.000026
-0.000025
-0.000028
-0.000025
-0.000034
-0.000034
-0.000031
-0.000033
-0.000033
-0.000037
-0.000032
-0.000029
-0.000032
-0.000030
-0.000028
-0.000035
-0.000035
-0.000038
-0.000037
-0.000051
-0.000004
-0.000004
-0.000003
-0.000002
-0.000002
-0.000003
-0.000003
-0.000005
-0.000012
-0.000013
-0.000007
-0.000011
-0.000014
-0.000014
-0.000018
-0.000019
-0.000014
-0.000014
-0.000014
-0.000013
-0.000013
-0.000017
-0.000017
-0.000016
-0.000016
-0.000014
-0.000015
-0.000014
-0.000016
-0.000016
-0.000015
-0.000011
-0.000018
-0.000014
-0.000014
-0.000012
-0.000012
-0.000011
-0.000019
-0.000023
-0.000033
-0.000038
-0.000040
-0.000044
-0.000039
-0.000033
-0.000018
-0.000019
-0.000017
-0.000021
-0.000022
-0.000023
-0.000021
-0.000021
-0.000025
-0.000024
-0.000030
-0.000030
-0.000038
-0.000037
-0.000034
-0.000028
-0.000036
-0.000047
-0.000049
-0.000039
-0.000022
-0.000029
-0.000026
-0.000035
-0.000041
-0.000041
-0.000048
-0.000004
-0.000004
-0.000004
-0.000003
-0.000002
-0.000003
-0.000002
-0.000005
-0.000011
-0.000010
-0.000009
-0.000010
-0.000014
-0.000016
-0.000015
-0.000017
-0.000015
-0.000016
-0.000017
-0.000012
-0.000016
-0.000016
-0.000017
-0.000015
-0.000013
-0.000013
-0.000014
-0.000011
-0.000014
-0.000010
-0.000011
-0.000012
-0.000013
-0.000012
-0.000017
-0.000014
-0.000015
-0.000009
-0.000014
-0.000018
-0.000031
-0.000042
-0.000043
-0.000040
-0.000040
-0.000034
-0.000027
-0.000027
-0.000022
-0.000029
-0.000026
-0.000025
-0.000021
-0.000020
-0.000020
-0.000029
-0.000027
-0.000029
-0.000038
-0.000034
-0.000031
-0.000027
-0.000032
-0.000037
-0.000032
-0.000037
-0.000029
-0.000027
-0.000036
-0.000037
-0.000037
-0.000035
-0.000023
-0.000003
-0.000003
-0.000002
-0.000003
-0.000001
-0.000001
-0.000003
-0.000007
-0.000010
-0.000012
-0.000009
-0.000011
-0.000009
-0.000015
-0.000016
-0.000017
-0.000015
-0.000017
-0.000015
-0.000017
-0.000023
-0.000016
-0.000020
-0.000020
-0.000018
-0.000017
-0.000014
-0.000015
-0.000017
-0.000010
-0.000009
-0.000006
-0.000008
-0.000011
-0.000012
-0.000013
-0.000014
-0.000014
-0.000007
-0.000014
-0.000028
-0.000035
-0.000042
-0.000039
-0.000037
-0.000037
-0.000031
-0.000026
-0.000026
-0.000024
-0.000019
-0.000021
-0.000018
-0.000009
-0.000011
-0.000028
-0.000032
-0.000036
-0.000032
-0.000029
-0.000034
-0.000026
-0.000028
-0.000025
-0.000030
-0.000031
-0.000036
-0.000035
-0.000035
-0.000031
-0.000040
-0.000039
0.001326
-0.000003
-0.000003
-0.000002
-0.000001
-0.000001
-0.000001
-0.000004
-0.000005
-0.000006
-0.000011
-0.000011
-0.000007
-0.000006
-0.000009
-0.000016
-0.000020
-0.000018
-0.000017
-0.000015
-0.000015
-0.000018
-0.000018
-0.000018
-0.000020
-0.000017
-0.000014
-0.000017
-0.000015
-0.000013
-0.000010
-0.000008
-0.000004
-0.000006
-0.000009
-0.000004
-0.000004
-0.000006
-0.000009
-0.000009
-0.000011
-0.000023
-0.000031
-0.000038
-0.000035
-0.000039
-0.000039
-0.000039
-0.000029
-0.000027
-0.000017
-0.000017
-0.000016
-0.000021
-0.000015
-0.000019
-0.000030
-0.000041
-0.000032
-0.000028
-0.000030
-0.000032
-0.000032
-0.000036
-0.000033
-0.000031
-0.000025
-0.000032
-0.000035
-0.000028
-0.000031
-0.000040
-0.000041
-0.000031
-0.000006
-0.000002
-0.000002
-0.000001
-0.000001
-0.000000
-0.000002
-0.000004
-0.000004
-0.000011
-0.000008
-0.000007
-0.000009
-0.000005
-0.000013
-0.000011
-0.000018
-0.000017
-0.000018
-0.000019
-0.000018
-0.000013
-0.000018
-0.000022
-0.000020
-0.000019
-0.000017
-0.000013
-0.000017
-0.000016
-0.000009
-0.000004
-0.000003
-0.000005
-0.000007
-0.000003
-0.000011
-0.000009
-0.000012
-0.000011
-0.000018
-0.000031
-0.000031
-0.000041
-0.000041
-0.000038
-0.000045
-0.000035
-0.000027
-0.000026
-0.000018
-0.000017
-0.000026
-0.000015
-0.000023
-0.000032
-0.000035
-0.000037
-0.000035
-0.000031
-0.000035
-0.000037
-0.000040
-0.000033
-0.000030
-0.000029
-0.000037
-0.000034
-0.000039
-0.000041
-0.000047
-0.000055
-0.000042
-0.000002
-0.000002
-0.000002
-0.000001
-0.000000
-0.000001
-0.000001
-0.000002
-0.000004
-0.000005
-0.000005
-0.000009
-0.000007
-0.000008
-0.000011
-0.000016
-0.000017
-0.000014
-0.000015
-0.000016
-0.000019
-0.000016
-0.000017
-0.000019
-0.000018
-0.000017
-0.000013
-0.000015
-0.000014
-0.000011
-0.000010
-0.000005
-0.000004
-0.000002
-0.000007
-0.000005
-0.000006
-0.000011
-0.000011
-0.000016
-0.000021
-0.000032
-0.000032
-0.000040
-0.000042
-0.000043
-0.000041
-0.000035
-0.000028
-0.000026
-0.000016
-0.000015
-0.000013
-0.000023
-0.000024
-0.000026
-0.000034
-0.000038
-0.000030
-0.000038
-0.000036
-0.000041
-0.000035
-0.000026
-0.000024
-0.000020
-0.000037
-0.000030
-0.000045
-0.000051
-0.000051
-0.000050
-0.000039
-0.000002
-0.000002
-0.000002
-0.000001
-0.000002
-0.000000
0.000000
-0.000000
-0.000001
-0.000004
-0.000005
-0.000007
-0.000007
-0.000009
-0.000010
-0.000014
-0.000016
-0.000018
-0.000016
-0.000015
-0.000019
-0.000018
-0.000016
-0.000017
-0.000015
-0.000015
-0.000015
-0.000015
-0.000016
-0.000015
-0.000011
-0.000006
-0.000003
-0.000006
-0.000009
-0.000007
-0.000008
-0.000016
-0.000012
-0.000022
-0.000020
-0.000036
-0.000031
-0.000036
-0.000041
-0.000046
-0.000042
-0.000040
-0.000030
-0.000024
-0.000022
-0.000023
-0.000025
-0.000026
-0.000021
-0.000025
-0.000031
-0.000047
-0.000038
-0.000039
-0.000039
-0.000037
-0.000039
-0.000031
-0.000031
-0.000037
-0.000040
-0.000030
-0.000028
-0.000043
-0.000040
-0.000056
0.000725
-0.000000
-0.000001
-0.000001
-0.000002
-0.000002
-0.000002
-0.000001
-0.000001
-0.000002
-0.000004
-0.000006
-0.000005
-0.000004
-0.000010
-0.000010
-0.000008
-0.000011
-0.000016
-0.000019
-0.000017
-0.000018
-0.000032
-0.000229
-0.000309
-0.000198
-0.000136
-0.000077
-0.000062
-0.000014
-0.000010
-0.000010
-0.000009
-0.000006
-0.000003
-0.000004
-0.000007
-0.000008
-0.000016
-0.000023
-0.000020
-0.000030
-0.000034
-0.000036
-0.000037
-0.000043
-0.000041
-0.000047
-0.000043
-0.000034
-0.000030
-0.000027
-0.000019
-0.000024
-0.000032
-0.000033
-0.000032
-0.000035
-0.000045
-0.000039
-0.000042
-0.000042
-0.000035
-0.000044
-0.000026
-0.000033
-0.000035
-0.000030
-0.000030
-0.000031
-0.000051
-0.000048
-0.000051
-0.000018
0.000010
0.000001
0.000000
-0.000001
-0.000001
0.000000
0.000000
0.000001
-0.000000
-0.000003
-0.000003
-0.000005
-0.000005
-0.000008
-0.000007
-0.000009
-0.000012
-0.000016
-0.000019
-0.000017
-0.000067
-0.000638
-0.003246
-0.005072
-0.004393
-0.003702
-0.003235
-0.003428
-0.000511
-0.000049
-0.000007
-0.000008
-0.000004
0.000001
-0.000002
-0.000005
-0.000009
-0.000015
-0.000017
-0.000025
-0.000035
-0.000043
-0.000041
-0.000049
-0.000046
-0.000037
-0.000043
-0.000046
-0.000039
-0.000030
-0.000024
-0.000019
-0.000028
-0.000031
-0.000035
-0.000028
-0.000030
-0.000039
-0.000040
-0.000043
-0.000041
-0.000040
-0.000042
-0.000049
-0.000041
-0.000046
-0.000028
-0.000038
-0.000042
-0.000049
-0.000050
-0.000048
-0.000027
0.000011
0.000010
0.000004
-0.000000
0.000000
0.000001
0.000000
-0.000000
0.000000
-0.000001
-0.000002
-0.000002
-0.000005
-0.000006
-0.000010
-0.000009
-0.000013
-0.000017
-0.000018
-0.000077
-0.000546
-0.001081
-0.003473
-0.005701
-0.006613
-0.002717
-0.001488
-0.001246
-0.006864
-0.009111
-0.000980
-0.000006
0.000002
0.000001
-0.000000
-0.000001
-0.000009
-0.000008
-0.000016
-0.000023
-0.000032
-0.000040
-0.000038
-0.000043
-0.000041
-0.000042
-0.000047
-0.000044
-0.000042
-0.000034
-0.000023
-0.000024
-0.000020
-0.000026
-0.000019
-0.000020
-0.000024
-0.000040
-0.000046
-0.000043
-0.000047
-0.000042
-0.000051
-0.000050
-0.000041
-0.000042
-0.000034
-0.000043
-0.000054
-0.000049
-0.000060
-0.000060
-0.000023
0.000013
0.000013
0.000007
0.000002
0.000000
0.000001
0.000001
0.000001
0.000002
0.000000
-0.000001
-0.000001
-0.000008
-0.000005
-0.000009
-0.000007
-0.000040
-0.000002
0.000039
-0.000203
-0.000547
-0.003106
-0.003994
-0.001824
-0.001280
-0.006720
-0.003952
-0.004367
-0.005296
-0.000058
0.000006
-0.000001
0.000005
0.000001
0.000006
0.000007
-0.000001
-0.000007
-0.000010
-0.000020
-0.000032
-0.000030
-0.000040
-0.000046
-0.000037
-0.000045
-0.000048
-0.000044
-0.000045
-0.000034
-0.000027
-0.000024
-0.000025
-0.000022
-0.000015
-0.000020
-0.000027
-0.000037
-0.000040
-0.000046
-0.000039
-0.000047
-0.000043
-0.000044
-0.000041
-0.000048
-0.000048
-0.000052
-0.000046
-0.000057
-0.000060
-0.000065
-0.001100
0.000013
0.000011
0.000009
0.000004
0.000003
0.000001
0.000002
0.000002
0.000001
0.000000
-0.000000
-0.000001
-0.000006
-0.000006
-0.000020
-0.000029
-0.000182
-0.000051
0.000273
0.000015
0.000035
-0.000120
-0.000245
-0.000245
-0.000214
-0.000007
-0.001115
-0.008392
0.000161
0.000228
0.000034
-0.000379
-0.000088
0.000047
0.000089
0.000408
0.000296
0.000051
-0.000003
-0.000017
-0.000022
-0.000025
-0.000039
-0.000044
-0.000039
-0.000041
-0.000040
-0.000041
-0.000040
-0.000034
-0.000025
-0.000028
-0.000025
-0.000018
-0.000012
-0.000019
-0.000031
-0.000030
-0.000040
-0.000041
-0.000038
-0.000044
-0.000041
-0.000040
-0.000044
-0.000053
-0.000048
-0.000038
-0.000059
-0.000057
-0.000053
-0.000056
-0.000043
0.000014
0.000012
0.000010
0.000007
0.000004
0.000003
0.000002
0.000001
0.000002
0.000001
0.000002
0.000002
-0.000001
-0.000018
0.000245
0.000867
0.000278
0.000293
-0.000010
0.000083
-0.000006
-0.000037
-0.000046
-0.000116
-0.000141
0.000183
0.000196
0.000231
0.000197
0.000632
0.000835
0.000351
-0.000045
0.001887
0.003090
0.004311
0.002807
0.001513
0.000444
0.000053
-0.000022
-0.000032
-0.000041
-0.000036
-0.000042
-0.000032
-0.000033
-0.000039
-0.000036
-0.000035
-0.000036
-0.000026
-0.000021
-0.000016
-0.000017
-0.000025
-0.000026
-0.000032
-0.000036
-0.000043
-0.000043
-0.000037
-0.000032
-0.000039
-0.000049
-0.000048
-0.000052
-0.000072
-0.000062
-0.000052
-0.000053
-0.000051
-0.000050
0.000014
0.000014
0.000011
0.000006
0.000004
0.000004
0.000003
0.000003
0.000003
0.000003
0.000002
0.000002
-0.000011
-0.000025
0.000344
0.001939
0.000374
0.000110
0.000014
-0.000034
-0.000040
-0.000051
-0.000085
-0.000098
-0.000061
0.000138
0.000202
0.001049
0.001677
-0.000008
0.001678
0.002586
0.003222
0.004428
0.005427
0.007450
0.006743
0.004436
0.003045
0.000762
0.000187
0.000018
-0.000029
-0.000037
-0.000028
-0.000025
-0.000030
-0.000033
-0.000040
-0.000036
-0.000033
-0.000030
-0.000025
-0.000023
-0.000016
-0.000027
-0.000033
-0.000040
-0.000042
-0.000043
-0.000040
-0.000042
-0.000049
-0.000047
-0.000051
-0.000042
-0.000054
-0.000048
-0.000060
-0.000060
-0.000049
-0.000049
-0.000037
0.000016
0.000013
0.000012
0.000007
0.000006
0.000007
0.000005
0.000006
0.000004
0.000004
0.000003
-0.000008
0.000008
0.000046
-0.000165
0.000184
0.000235
0.000005
-0.000029
-0.000038
-0.000044
-0.000058
-0.000016
0.000011
0.001237
0.001433
0.000658
0.001552
0.001952
0.000997
0.001233
0.002886
0.003960
0.006018
0.006042
0.007038
0.008486
0.007713
0.005233
0.002284
0.000980
0.000918
0.000040
-0.000041
-0.000034
-0.000029
-0.000039
-0.000042
-0.000043
-0.000034
-0.000037
-0.000032
-0.000030
-0.000028
-0.000021
-0.000039
-0.000041
-0.000048
-0.000046
-0.000042
-0.000044
-0.000044
-0.000050
-0.000050
-0.000054
-0.000051
-0.000046
-0.000042
-0.000054
-0.000057
-0.000063
-0.000055
-0.000596
0.000011
0.000014
0.000011
0.000008
0.000007
0.000005
0.000005
0.000005
0.000005
0.000004
0.000001
0.000002
0.000005
0.000344
0.000898
-0.002179
-0.000406
-0.000033
-0.000041
-0.000044
-0.000049
-0.000054
0.004398
0.005687
0.008061
0.006511
0.008134
0.006760
0.004665
0.001554
0.002390
0.004349
0.005471
0.007545
0.005478
0.002976
0.005109
0.007829
0.008279
0.002962
0.002061
0.001974
0.000777
0.000076
-0.000046
-0.000097
-0.000028
-0.000041
-0.000043
-0.000039
-0.000039
-0.000042
-0.000034
-0.000030
-0.000031
-0.000037
-0.000042
-0.000049
-0.000054
-0.000049
-0.000046
-0.000043
-0.000049
-0.000048
-0.000051
-0.000059
-0.000055
-0.000061
-0.000061
-0.000062
-0.000057
-0.000058
-0.000054
0.000012
0.000013
0.000009
0.000009
0.000007
0.000006
0.000005
0.000005
0.000005
0.000005
0.000004
0.000001
-0.000002
0.000111
0.002011
0.001245
-0.000392
-0.000070
-0.000049
-0.000048
-0.000079
0.005464
0.007168
0.006407
0.008999
0.012558
0.011058
0.013048
0.011303
0.003143
0.000408
0.001409
0.002379
0.001488
0.000668
0.000307
0.000980
0.004378
0.006973
0.004872
0.001941
0.002390
0.001829
0.000911
0.000614
-0.000920
-0.000515
-0.000034
-0.000037
-0.000042
-0.000028
-0.000048
-0.000043
-0.000036
-0.000029
-0.000038
-0.000047
-0.000053
-0.000063
-0.000049
-0.000041
-0.000046
-0.000049
-0.000041
-0.000058
-0.000071
-0.000060
-0.000067
-0.000068
-0.000058
-0.000052
-0.000048
-0.000049
0.000010
0.000011
0.000010
0.000010
0.000007
0.000004
0.000005
0.000006
0.000006
0.000005
0.000003
0.000003
-0.000000
0.000029
0.001207
0.009762
0.000709
-0.000131
-0.000029
-0.000058
0.005675
0.009820
0.008938
0.008927
0.006991
0.008044
0.009723
0.012419
0.009878
0.003972
0.000164
-0.000130
0.000082
-0.000222
-0.000173
-0.000075
-0.000051
0.000983
0.002663
0.004165
0.001230
0.003050
0.002561
0.002228
0.002770
0.004763
-0.004060
-0.000268
-0.000023
-0.000041
-0.000037
-0.000033
-0.000047
-0.000040
-0.000037
-0.000046
-0.000048
-0.000053
-0.000055
-0.000054
-0.000049
-0.000054
-0.000054
-0.000040
-0.000043
-0.000059
-0.000071
-0.000067
-0.000054
-0.000058
-0.000049
-0.000051
-0.000061
0.000014
0.000007
0.000005
0.000008
0.000008
0.000006
0.000006
0.000005
0.000006
0.000006
0.000006
0.000005
0.000000
-0.000007
0.000101
0.003032
0.003637
0.000595
0.001770
0.006475
0.006322
0.006195
0.006485
0.006666
0.006774
0.005551
0.005187
0.007468
0.006336
0.002761
0.000413
-0.000356
-0.000309
-0.000103
-0.000407
0.000049
0.000485
-0.000009
0.000034
0.000622
-0.000877
0.001054
0.001322
0.001575
0.001791
0.004564
0.003548
0.000059
-0.000024
-0.000038
-0.000043
-0.000034
-0.000039
-0.000052
-0.000047
-0.000046
-0.000046
-0.000057
-0.000056
-0.000058
-0.000058
-0.000060
-0.000057
-0.000056
-0.000023
-0.000039
-0.000063
-0.000068
-0.000063
-0.000054
-0.000045
-0.000053
-0.000058
0.000018
0.000010
0.000006
0.000007
0.000008
0.000009
0.000006
0.000006
0.000006
0.000006
0.000007
0.000005
0.000002
-0.000004
0.000027
0.001292
0.000726
0.002432
0.003609
0.004040
0.004032
0.004322
0.003723
0.004421
0.004365
0.005091
0.004500
0.003592
0.002722
0.001105
0.000296
-0.000339
-0.000727
-0.000108
0.000167
0.000075
-0.000084
0.000213
0.000351
-0.000479
-0.001864
-0.000486
-0.000144
0.000332
0.001005
0.003527
0.002105
0.000108
0.000432
-0.000035
-0.000039
-0.000037
-0.000047
-0.000046
-0.000036
-0.000044
-0.000045
-0.000050
-0.000054
-0.000062
-0.000062
-0.000063
-0.000065
-0.000059
-0.000028
-0.000033
-0.000055
-0.000068
-0.000062
-0.000055
-0.000044
-0.000046
-0.000055
0.000019
0.000010
0.000006
0.000012
0.000008
0.000007
0.000007
0.000006
0.000006
0.000005
0.000006
0.000007
0.000006
0.000007
0.000006
0.000022
0.000093
0.000457
0.000686
-0.000072
0.000249
0.001440
0.002186
0.002700
0.003397
0.004276
0.002639
0.001582
0.000962
0.001339
0.000450
-0.001304
-0.000590
-0.000287
-0.000380
-0.000745
-0.001440
-0.000423
0.000013
0.000418
0.000669
-0.000859
0.001013
0.001567
0.000233
0.000416
0.000205
0.001370
0.002126
0.000558
-0.000055
-0.000042
-0.000045
-0.000040
-0.000041
-0.000047
-0.000049
-0.000062
-0.000063
-0.000062
-0.000062
-0.000064
-0.000068
-0.000055
-0.000040
-0.000030
-0.000054
-0.000044
-0.000050
-0.000041
-0.000047
-0.000049
-0.000056
0.000023
0.000011
0.000012
0.000011
0.000009
0.000008
0.000007
0.000007
0.000007
0.000005
0.000007
0.000006
0.000006
0.000006
0.000006
0.000003
0.000000
0.000007
-0.000007
-0.000010
0.000008
0.000094
0.000808
0.012442
0.006298
0.001611
-0.000405
-0.000740
-0.001369
-0.005289
-0.003481
-0.001778
-0.002653
-0.000973
0.000588
-0.001254
0.000278
-0.000993
0.000170
0.000191
0.000418
-0.000759
-0.001263
-0.001651
0.001575
0.000339
0.001823
0.004591
0.005551
0.003412
0.000423
-0.000041
-0.000055
-0.000047
-0.000046
-0.000050
-0.000055
-0.000068
-0.000062
-0.000062
-0.000070
-0.000067
-0.000071
-0.000057
-0.000041
-0.000032
-0.000043
-0.000044
-0.000043
-0.000044
-0.000046
-0.000050
-0.000053
0.000022
0.000019
0.000018
0.000012
0.000010
0.000006
0.000007
0.000006
0.000005
0.000006
0.000009
0.000009
0.000006
0.000007
0.000003
0.000001
-0.000000
0.000000
-0.000005
-0.000005
0.000191
0.005880
0.006778
0.010635
0.014300
0.005866
0.000620
-0.000422
-0.001338
-0.006584
-0.003573
-0.001527
-0.001776
0.000394
0.001294
-0.003168
-0.003390
0.000770
0.000009
-0.000036
-0.000334
-0.000956
-0.001150
-0.001647
-0.001171
-0.000245
0.001049
0.003838
0.005364
0.003151
-0.000451
0.000275
-0.000053
-0.000052
-0.000048
-0.000045
-0.000039
-0.000050
-0.000053
-0.000059
-0.000057
-0.000055
-0.000038
-0.000036
-0.000056
-0.000036
-0.000031
-0.000047
-0.000047
-0.000046
-0.000057
-0.000050
-0.000034
0.000022
0.000017
0.000022
0.000015
0.000011
0.000007
0.000005
0.000007
0.000006
0.000007
0.000012
0.000010
0.000006
0.000005
0.000005
0.000005
0.000004
0.000004
-0.000003
0.000041
0.002418
0.003734
0.004333
0.005291
0.014345
0.015378
0.006383
0.000891
-0.000928
-0.006831
-0.005681
-0.002454
-0.000883
0.000751
0.001458
-0.002808
-0.006069
-0.002559
-0.000514
-0.001526
-0.001876
-0.001017
-0.001457
-0.001263
-0.001100
-0.001077
-0.003200
0.002580
0.002380
0.000017
-0.001001
-0.001054
0.000119
-0.000048
-0.000051
-0.000017
-0.000026
-0.000043
-0.000043
-0.000042
-0.000041
-0.000029
-0.000016
-0.000054
-0.000058
-0.000049
-0.000034
-0.000052
-0.000058
-0.000064
-0.000058
-0.000038
-0.000027
0.000023
0.000017
0.000019
0.000017
0.000013
0.000009
0.000007
0.000006
0.000007
0.000006
0.000011
0.000009
0.000009
0.000008
0.000006
0.000009
0.000006
0.000008
-0.000025
0.000035
0.001132
0.003040
0.003643
0.004342
0.009198
0.017329
0.012025
0.005319
0.000874
-0.006329
-0.006780
-0.002847
-0.000650
0.000439
-0.000014
-0.003713
-0.005779
-0.002849
-0.000856
-0.003047
-0.003029
-0.003292
-0.000585
-0.000507
-0.000283
-0.001766
-0.000541
0.001554
0.000042
-0.001090
-0.002073
-0.001317
-0.000316
0.000126
-0.000029
-0.000019
-0.000017
-0.000021
-0.000006
-0.000041
-0.000021
-0.000019
-0.000019
-0.000056
-0.000060
-0.000054
-0.000042
-0.000053
-0.000019
-0.000060
-0.000062
-0.000047
-0.000044
0.000024
0.000020
0.000018
0.000021
0.000018
0.000011
0.000008
0.000008
0.000008
0.000005
0.000010
0.000008
0.000009
0.000011
0.000011
0.000013
0.000009
-0.000018
-0.000023
-0.000050
0.000002
0.002039
0.003271
0.003534
0.006807
0.013494
0.012245
0.010520
0.004386
-0.005104
-0.008398
-0.001896
-0.000530
0.000345
-0.000149
-0.002483
-0.003472
-0.004667
-0.001377
-0.003145
-0.003565
-0.004006
-0.004320
-0.004101
-0.005512
-0.000395
-0.000927
-0.000278
-0.001469
-0.002815
-0.002691
-0.000839
-0.000192
-0.000403
-0.000458
0.000012
-0.000033
-0.000030
-0.000016
-0.000043
-0.000031
-0.000028
-0.000020
-0.000045
-0.000062
-0.000059
-0.000064
-0.000070
-0.000032
-0.000055
-0.000061
-0.000050
-0.000044
0.000024
0.000024
0.000022
0.000023
0.000015
0.000014
0.000007
0.000004
0.000009
0.000006
0.000009
0.000014
0.000012
0.000020
0.000017
0.000029
-0.000009
-0.000015
-0.000020
-0.000026
-0.000066
0.000090
0.001773
0.003013
0.003428
0.007099
0.009739
0.010586
0.009109
-0.000594
-0.007283
-0.002055
-0.000729
-0.000105
-0.001077
-0.002568
-0.003309
-0.004074
-0.003411
-0.003871
-0.003443
-0.003891
-0.004059
-0.004558
-0.003970
-0.002017
-0.000759
-0.000543
-0.001446
-0.001915
-0.001363
-0.000357
0.000643
0.000228
-0.000419
-0.000173
0.000220
0.000017
-0.000029
-0.000031
-0.000034
-0.000047
-0.000048
-0.000057
-0.000054
-0.000061
-0.000059
-0.000053
-0.000052
-0.000059
-0.000057
-0.000051
-0.000046
0.000022
0.000027
0.000022
0.000018
0.000020
0.000025
0.000023
0.000022
0.000025
0.000007
0.000003
0.000013
0.000032
0.000003
0.000002
-0.000002
-0.000006
-0.000011
-0.000014
-0.000022
-0.000027
-0.000007
0.000662
0.002312
0.001605
0.003472
0.005436
0.009290
0.010522
0.002038
-0.005304
-0.002047
-0.001312
-0.000532
-0.000623
-0.002252
-0.004146
-0.005462
-0.006153
-0.006583
-0.003870
-0.004392
-0.004889
-0.002998
-0.002486
-0.001950
-0.001158
-0.000186
-0.000551
-0.000587
-0.000189
0.001721
0.003342
0.002512
0.001153
0.000738
0.000793
0.001057
-0.000005
-0.000039
0.000019
-0.000055
-0.000057
-0.000060
-0.000058
-0.000056
-0.000056
-0.000053
-0.000055
-0.000058
-0.000055
-0.000055
-0.000058
0.000021
0.000025
0.000023
0.000023
0.000027
0.000025
0.000021
0.000016
0.000014
0.000024
0.000027
0.000026
-0.000010
0.000001
0.000001
-0.000001
-0.000007
-0.000009
-0.000014
-0.000012
-0.000014
0.000066
0.000056
0.000103
0.000192
0.000286
0.000257
0.000208
-0.000414
-0.001676
-0.004722
-0.003681
-0.002430
-0.002093
-0.000965
-0.002027
-0.005341
-0.005550
-0.005731
-0.004726
-0.003851
-0.005872
-0.006513
-0.003629
-0.003359
-0.002822
-0.001857
-0.001228
0.000637
0.001282
0.002506
0.003689
0.005244
0.005507
0.004131
0.003292
0.005248
0.005023
0.005277
0.004111
0.003122
0.000001
-0.000047
-0.000058
-0.000063
-0.000065
-0.000054
-0.000051
-0.000054
-0.000056
-0.000057
-0.000059
-0.000065
0.000025
0.000028
0.000023
0.000025
0.000027
0.000022
0.000021
0.000017
0.000018
0.000022
0.000021
0.000021
0.000037
0.000042
0.000039
-0.000004
0.000055
0.000055
0.000048
0.000056
0.000053
0.000048
0.000046
0.000047
0.000047
0.000048
0.000050
0.000045
0.000047
-0.000260
0.000150
-0.004146
-0.004027
-0.001926
0.000054
0.000136
-0.004217
-0.005505
-0.005327
-0.004941
-0.004043
-0.005827
-0.005523
-0.005439
-0.004398
-0.003440
-0.002013
-0.001731
-0.002050
0.002247
0.004631
0.006586
0.008605
0.008669
0.007832
0.007992
0.008234
0.006285
0.006772
0.005277
0.005369
0.005603
0.001675
-0.000035
-0.000069
-0.000063
-0.000062
-0.000053
-0.000051
-0.000065
-0.000062
-0.000065
-0.000066
0.000023
0.000029
0.000026
0.000024
0.000022
0.000022
0.000024
0.000022
0.000024
0.000021
0.000026
0.000024
0.000024
0.000024
0.000035
0.000037
0.000028
0.000032
0.000043
0.000047
0.000046
0.000042
0.000046
0.000050
0.000046
0.000046
0.000041
0.000041
0.000045
0.000046
0.000032
0.000100
0.000122
0.000136
0.000085
0.000020
0.000081
-0.002362
-0.003516
-0.003520
-0.005304
-0.005587
-0.005955
-0.005104
-0.005620
-0.004959
-0.003275
-0.002494
-0.001694
-0.001114
0.003709
0.008012
0.009682
0.010384
0.011438
0.009405
0.008694
0.006061
0.003494
0.001366
0.000887
0.000291
0.000048
-0.000014
-0.000049
-0.000052
-0.000055
-0.000058
-0.000055
-0.000061
-0.000066
-0.000060
-0.000049
0.000023
0.000028
0.000029
0.000027
0.000019
0.000021
0.000021
0.000019
0.000016
0.000015
0.000016
0.000028
0.000032
0.000029
0.000036
0.000037
0.000026
0.000033
0.000040
0.000044
0.000044
0.000050
0.000048
0.000045
0.000043
0.000044
0.000033
0.000035
0.000036
0.000038
0.000043
0.000041
0.000030
0.000029
0.000036
0.000037
0.000039
-0.000066
-0.000199
-0.000258
-0.000225
-0.000394
-0.000630
0.000056
-0.004228
-0.004248
-0.003093
-0.001845
-0.001122
-0.001652
-0.002019
0.005528
0.007068
0.006641
0.007053
0.005790
0.004484
0.001306
0.000120
-0.000002
-0.000026
-0.000064
-0.000063
-0.000052
-0.000037
-0.000052
-0.000069
-0.000064
-0.000056
-0.000057
-0.000064
-0.000042
-0.000047
0.000028
0.000028
0.000029
0.000029
0.000020
0.000019
0.000017
0.000018
0.000019
0.000015
0.000018
0.000027
0.000030
0.000036
0.000038
0.000034
0.000031
0.000028
0.000041
0.000040
0.000038
0.000047
0.000049
0.000043
0.000040
0.000046
0.000036
0.000032
0.000039
0.000043
0.000049
0.000047
0.000040
0.000037
0.000038
0.000038
0.000038
0.000036
0.000034
0.000032
0.000030
0.000030
0.000017
-0.000004
0.000864
-0.003645
-0.003434
-0.002011
-0.001707
-0.002326
-0.002415
0.003897
0.005189
0.005270
0.004367
0.000802
0.000265
0.000026
-0.000036
-0.000063
-0.000064
-0.000055
-0.000056
-0.000052
-0.000035
-0.000058
-0.000066
-0.000062
-0.000060
-0.000061
-0.000055
-0.000043
-0.000036
0.000026
0.000022
0.000028
0.000026
0.000017
0.000018
0.000018
0.000022
0.000020
0.000020
0.000021
0.000026
0.000031
0.000028
0.000033
0.000040
0.000039
0.000034
0.000048
0.000045
0.000044
0.000043
0.000048
0.000039
0.000044
0.000046
0.000045
0.000032
0.000039
0.000046
0.000050
0.000051
0.000046
0.000043
0.000042
0.000041
0.000041
0.000041
0.000035
0.000030
0.000025
0.000015
0.000000
-0.000002
0.000000
0.000636
-0.002226
-0.000735
-0.000245
-0.000891
-0.001003
-0.000464
0.003942
0.000489
0.000031
-0.000024
-0.000040
-0.000068
-0.000063
-0.000061
-0.000062
-0.000046
-0.000042
-0.000035
-0.000029
-0.000051
-0.000053
-0.000055
-0.000068
-0.000055
-0.000052
-0.000038
-0.000019
0.000026
0.000024
0.000026
0.000029
0.000025
0.000021
0.000020
0.000020
0.000024
0.000021
0.000019
0.000022
0.000026
0.000029
0.000029
0.000040
0.000048
0.000043
0.000052
0.000042
0.000043
0.000041
0.000047
0.000043
0.000045
0.000047
0.000049
0.000043
0.000042
0.000042
0.000047
0.000050
0.000046
0.000044
0.000046
0.000043
0.000043
0.000039
0.000037
0.000029
0.000027
0.000026
0.000010
0.000002
-0.000004
-0.000016
0.000158
-0.000085
0.001529
0.002098
0.001256
0.002051
0.003053
0.000078
-0.000070
-0.000029
-0.000024
-0.000059
-0.000056
-0.000056
-0.000062
-0.000055
-0.000024
-0.000017
-0.000048
-0.000052
-0.000056
-0.000059
-0.000071
-0.000057
-0.000045
-0.000032
-0.000024
0.000023
0.000024
0.000026
0.000027
0.000028
0.000023
0.000018
0.000020
0.000024
0.000025
0.000018
0.000020
0.000026
0.000027
0.000027
0.000033
0.000045
0.000047
0.000041
0.000040
0.000044
0.000038
0.000044
0.000042
0.000044
0.000048
0.000053
0.000042
0.000047
0.000044
0.000047
0.000050
0.000046
0.000045
0.000049
0.000044
0.000042
0.000040
0.000027
0.000028
0.000028
0.000024
0.000008
-0.000003
-0.000006
-0.000007
-0.000265
-0.002906
-0.000034
0.002630
0.001875
0.003457
0.001520
0.000046
-0.000038
-0.000054
-0.000056
-0.000052
-0.000054
-0.000062
-0.000071
-0.000048
-0.000011
-0.000014
-0.000036
-0.000048
-0.000055
-0.000061
-0.000073
-0.000066
-0.000045
-0.000037
-0.000021
0.000024
0.000029
0.000030
0.000028
0.000026
0.000024
0.000023
0.000017
0.000021
0.000027
0.000019
0.000015
0.000024
0.000028
0.000031
0.000036
0.000043
0.000049
0.000041
0.000039
0.000041
0.000038
0.000041
0.000048
0.000046
0.000052
0.000056
0.000052
0.000055
0.000051
0.000044
0.000043
0.000046
0.000040
0.000049
0.000047
0.000040
0.000034
0.000025
0.000024
0.000025
0.000020
0.000017
0.000002
-0.000005
-0.000006
-0.000010
-0.000164
0.000052
0.000293
0.002073
0.002542
-0.000154
-0.000054
-0.000041
-0.000045
-0.000043
-0.000053
-0.000059
-0.000069
-0.000064
-0.000052
-0.000032
-0.000018
-0.000035
-0.000047
-0.000062
-0.000061
-0.000070
-0.000067
-0.000062
-0.000049
-0.000032
0.000024
0.000023
0.000025
0.000027
0.000029
0.000025
0.000021
0.000021
0.000018
0.000024
0.000023
0.000016
0.000019
0.000029
0.000032
0.000035
0.000040
0.000047
0.000044
0.000039
0.000037
0.000038
0.000043
0.000052
0.000051
0.000056
0.000057
0.000056
0.000049
0.000047
0.000044
0.000034
0.000047
0.000042
0.000038
0.000039
0.000034
0.000027
0.000028
0.000026
0.000028
0.000025
0.000021
0.000008
-0.000004
-0.000006
-0.000010
-0.000015
-0.000017
0.000022
0.000090
0.000042
-0.000044
-0.000039
-0.000039
-0.000041
-0.000043
-0.000048
-0.000060
-0.000063
-0.000057
-0.000047
-0.000029
-0.000026
-0.000042
-0.000058
-0.000056
-0.000061
-0.000058
-0.000066
-0.000054
-0.000057
-0.000045
0.000025
0.000023
0.000025
0.000027
0.000028
0.000024
0.000022
0.000016
0.000010
0.000016
0.000020
0.000016
0.000025
0.000035
0.000037
0.000033
0.000041
0.000047
0.000048
0.000038
0.000042
0.000048
0.000051
0.000056
0.000053
0.000048
0.000058
0.000057
0.000053
0.000049
0.000046
0.000045
0.000048
0.000040
0.000036
0.000032
0.000036
0.000034
0.000028
0.000022
0.000025
0.000019
0.000034
0.000013
0.000001
-0.000005
-0.000007
-0.000016
-0.000021
-0.000024
-0.000024
-0.000035
-0.000041
-0.000040
-0.000041
-0.000049
-0.000048
-0.000044
-0.000049
-0.000059
-0.000050
-0.000044
-0.000032
-0.000030
-0.000044
-0.000054
-0.000053
-0.000053
-0.000059
-0.000067
-0.000061
-0.000052
-0.000053
0.000029
0.000028
0.000026
0.000025
0.000026
0.000027
0.000019
0.000019
0.000016
0.000020
0.000022
0.000025
0.000027
0.000036
0.000040
0.000037
0.000038
0.000043
0.000046
0.000036
0.000044
0.000054
0.000057
0.000054
0.000052
0.000040
0.000043
0.000052
0.000053
0.000053
0.000045
0.000045
0.000044
0.000036
0.000033
0.000027
0.000024
0.000033
0.000031
0.000029
0.000019
0.000012
0.000013
0.000014
-0.000001
-0.000008
-0.000014
-0.000023
-0.000025
-0.000017
-0.000026
-0.000035
-0.000045
-0.000045
-0.000046
-0.000042
-0.000040
-0.000036
-0.000045
-0.000050
-0.000052
-0.000044
-0.000033
-0.000028
-0.000038
-0.000055
-0.000057
-0.000060
-0.000057
-0.000070
-0.000062
-0.000054
-0.000051
