0.000056
0.000069
0.000089
0.000632
0.000104
0.000082
0.000086
0.000438
0.000103
0.000110
0.000109
-0.000603
0.000107
0.000113
0.000114
0.000107
0.000103
0.000086
0.000081
0.000065
0.000063
0.000099
0.000102
0.000091
0.000085
0.000083
0.000075
0.000104
0.000097
0.000076
0.000073
0.000097
0.000134
0.000120
0.000146
0.000133
0.000126
0.000141
0.000174
0.000161
0.000215
0.000267
0.000291
0.000278
0.000279
0.000244
0.000199
0.000201
0.000173
0.000196
0.000218
0.000187
0.000204
0.000201
0.000180
0.000173
0.000170
0.000146
0.000165
0.000237
0.000252
0.000256
0.000269
0.000291
0.000292
0.000283
-0.001158
0.000271
0.000315
0.000291
0.000061
0.000332
0.000195
0.000030
0.000032
0.000033
0.000038
0.000037
0.000037
0.000035
0.000037
0.000081
0.000076
0.000090
0.000085
0.000091
0.000097
0.000098
0.000095
0.000091
0.000096
0.000087
0.000089
0.000091
0.000078
0.000091
0.000093
0.000099
0.000107
0.000091
0.000099
0.000104
0.000083
0.000084
0.000094
0.000089
0.000123
0.000127
0.000128
0.000120
0.000114
0.000146
0.000147
0.000197
0.000275
0.000308
0.000297
0.000297
0.000316
0.000286
0.000259
0.000237
0.000187
0.000216
0.000222
0.000211
0.000210
0.000188
0.000211
0.000186
0.000171
0.000168
0.000207
0.000230
0.000202
0.000214
0.000177
0.000200
0.000191
0.000214
0.000216
0.000197
0.000166
0.000134
0.000175
0.000325
0.000023
0.000026
0.000025
0.000027
0.000031
0.000032
0.000028
0.000048
0.000065
0.000076
0.000093
0.000094
0.000090
0.000086
0.000085
0.000079
0.000089
0.000099
0.000084
0.000083
0.000073
0.000078
0.000070
0.000073
0.000079
0.000099
0.000111
0.000114
0.000104
0.000105
0.000101
0.000079
0.000086
0.000114
0.000103
0.000095
0.000104
0.000113
0.000139
0.000138
0.000209
0.000257
0.000311
0.000282
0.000274
0.000290
0.000317
0.000261
0.000230
0.000200
0.000218
0.000219
0.000205
0.000213
0.000203
0.000202
0.000210
0.000188
0.000144
0.000191
0.000223
0.000239
0.000233
0.000239
0.000206
0.000180
0.000213
0.000191
0.000176
0.000159
0.000128
0.000133
0.000277
0.000033
0.000033
0.000029
0.000024
0.000023
0.000026
0.000044
0.000031
0.000041
0.000086
0.000097
0.000097
0.000080
0.000079
0.000086
0.000074
0.000094
0.000086
0.000084
0.000080
0.000074
0.000072
0.000073
0.000071
0.000068
0.000088
0.000091
0.000083
0.000078
0.000085
0.000088
0.000080
0.000083
0.000093
0.000087
0.000083
0.000078
0.000107
0.000111
0.000129
0.000183
0.000237
0.000305
0.000310
0.000297
0.000290
0.000295
0.000239
0.000223
0.000198
0.000206
0.000186
0.000206
0.000196
0.000201
0.000183
0.000185
0.000169
0.000152
0.000172
0.000209
0.000238
0.000211
0.000244
0.000223
0.000201
0.000190
0.000159
0.000184
0.000152
0.000169
0.000143
0.000223
0.000033
0.000034
0.000033
0.000031
0.000030
0.000038
0.000035
0.000048
0.000053
0.000078
0.000089
0.000087
0.000078
0.000091
0.000092
0.000088
0.000087
0.000093
0.000085
0.000084
0.000077
0.000082
0.000076
0.000057
0.000067
0.000067
0.000084
0.000084
0.000086
0.000086
0.000071
0.000063
0.000086
0.000113
0.000118
0.000107
0.000099
0.000106
0.000075
0.000068
0.000149
0.000180
0.000247
0.000315
0.000286
0.000265
0.000263
0.000238
0.000218
0.000215
0.000174
0.000178
0.000174
0.000194
0.000224
0.000211
0.000198
0.000199
0.000157
0.000187
0.000193
0.000266
0.000223
0.000205
0.000168
0.000128
0.000191
0.000167
0.000139
0.000179
0.000196
0.000193
-0.002169
0.000031
0.000033
0.000033
0.000037
0.000029
0.000033
0.000035
0.000034
0.000055
0.000075
0.000073
0.000081
0.000079
0.000081
0.000083
0.000084
0.000079
0.000080
0.000089
0.000071
0.000069
0.000081
0.000065
0.000055
0.000062
0.000075
0.000068
0.000088
0.000083
0.000082
0.000071
0.000067
0.000069
0.000082
0.000079
0.000093
0.000096
0.000088
0.000070
0.000059
0.000095
0.000139
0.000213
0.000242
0.000292
0.000270
0.000260
0.000254
0.000188
0.000210
0.000202
0.000182
0.000210
0.000191
0.000213
0.000208
0.000194
0.000158
0.000137
0.000185
0.000194
0.000220
0.000238
0.000209
0.000188
0.000150
0.000168
0.000144
0.000199
0.000197
0.000189
0.000189
0.000259
0.000031
0.000039
0.000036
0.000033
0.000037
0.000031
0.000048
0.000037
0.000057
0.000081
0.000065
0.000065
0.000071
0.000071
0.000084
0.000091
0.000079
0.000080
0.000082
0.000078
0.000076
0.000079
0.000073
0.000067
0.000064
0.000074
0.000070
0.000071
0.000085
0.000073
0.000080
0.000066
0.000070
0.000069
0.000086
0.000072
0.000077
0.000073
0.000061
0.000050
0.000081
0.000099
0.000178
0.000240
0.000249
0.000250
0.000260
0.000245
0.000241
0.000215
0.000187
0.000150
0.000179
0.000165
0.000215
0.000138
0.000166
0.000199
0.000222
0.000174
0.000199
0.000185
0.000218
0.000197
0.000282
0.000198
0.000143
0.000154
0.000195
0.000219
0.000198
0.000205
0.000239
0.000035
0.000037
0.000035
0.000028
0.000025
0.000030
0.000037
0.000037
0.000065
0.000056
0.000051
0.000065
0.000068
0.000067
0.000073
0.000083
0.000078
0.000090
0.000089
0.000083
0.000084
0.000082
0.000084
0.000088
0.000061
0.000065
0.000067
0.000079
0.000070
0.000070
0.000066
0.000076
0.000080
0.000071
0.000062
0.000073
0.000066
0.000064
0.000049
0.000053
0.000085
0.000081
0.000139
0.000208
0.000244
0.000258
0.000250
0.000253
0.000253
0.000195
0.000212
0.000178
0.000158
0.000164
0.000154
0.000078
0.000112
0.000160
0.000207
0.000153
0.000162
0.000147
0.000173
0.000169
0.000210
0.000181
0.000147
0.000157
0.000241
0.000220
0.000194
0.000143
0.000151
0.000032
0.000034
0.000035
0.000034
0.000022
0.000029
0.000023
0.000031
0.000055
0.000052
0.000060
0.000063
0.000070
0.000072
0.000078
0.000070
0.000083
0.000078
0.000081
0.000079
0.000086
0.000094
0.000086
0.000079
0.000073
0.000067
0.000069
0.000067
0.000071
0.000065
0.000061
0.000065
0.000071
0.000073
0.000054
0.000060
0.000065
0.000071
0.000054
0.000057
0.000051
0.000072
0.000104
0.000170
0.000245
0.000261
0.000241
0.000251
0.000278
0.000229
0.000216
0.000176
0.000152
0.000099
0.000117
0.000119
0.000122
0.000176
0.000220
0.000184
0.000137
0.000149
0.000138
0.000163
0.000198
0.000154
0.000171
0.000190
0.000219
0.000233
0.000163
0.000130
0.001326
0.000042
0.000030
0.000034
0.000027
0.000029
0.000024
0.000027
0.000031
0.000043
0.000062
0.000057
0.000059
0.000072
0.000068
0.000069
0.000067
0.000075
0.000078
0.000074
0.000078
0.000086
0.000092
0.000066
0.000087
0.000085
0.000076
0.000076
0.000067
0.000066
0.000067
0.000066
0.000049
0.000049
0.000060
0.000067
0.000061
0.000051
0.000063
0.000049
0.000042
0.000048
0.000046
0.000062
0.000184
0.000254
0.000263
0.000274
0.000260
0.000288
0.000219
0.000202
0.000185
0.000151
0.000109
0.000161
0.000205
0.000222
0.000196
0.000248
0.000204
0.000180
0.000195
0.000211
0.000153
0.000163
0.000175
0.000162
0.000159
0.000190
0.000233
0.000202
0.000186
0.000125
0.000036
0.000035
0.000038
0.000029
0.000023
0.000021
0.000022
0.000025
0.000036
0.000047
0.000054
0.000055
0.000063
0.000069
0.000068
0.000074
0.000075
0.000078
0.000067
0.000057
0.000076
0.000081
0.000075
0.000086
0.000092
0.000079
0.000075
0.000077
0.000069
0.000065
0.000062
0.000057
0.000049
0.000066
0.000051
0.000052
0.000056
0.000048
0.000046
0.000042
0.000035
0.000047
0.000065
0.000149
0.000245
0.000278
0.000289
0.000262
0.000220
0.000220
0.000184
0.000181
0.000162
0.000123
0.000198
0.000257
0.000222
0.000180
0.000241
0.000235
0.000210
0.000208
0.000208
0.000215
0.000184
0.000182
0.000187
0.000164
0.000191
0.000203
0.000223
0.000215
0.000153
0.000027
0.000031
0.000025
0.000023
0.000020
0.000021
0.000021
0.000021
0.000041
0.000033
0.000038
0.000045
0.000054
0.000067
0.000076
0.000067
0.000066
0.000073
0.000059
0.000062
0.000067
0.000066
0.000059
0.000075
0.000076
0.000070
0.000077
0.000080
0.000072
0.000059
0.000061
0.000055
0.000052
0.000056
0.000043
0.000047
0.000051
0.000049
0.000042
0.000030
0.000020
0.000013
0.000029
0.000119
0.000201
0.000267
0.000300
0.000258
0.000196
0.000185
0.000154
0.000190
0.000163
0.000153
0.000229
0.000277
0.000263
0.000181
0.000225
0.000252
0.000224
0.000209
0.000223
0.000263
0.000215
0.000226
0.000200
0.000200
0.000195
0.000205
0.000225
0.000208
0.000126
0.000029
0.000027
0.000022
0.000022
0.000020
0.000024
0.000020
0.000021
0.000030
0.000032
0.000032
0.000039
0.000053
0.000053
0.000058
0.000066
0.000063
0.000064
0.000069
0.000067
0.000053
0.000052
0.000060
0.000076
0.000079
0.000076
0.000086
0.000090
0.000076
0.000071
0.000069
0.000063
0.000053
0.000055
0.000051
0.000054
0.000050
0.000045
0.000030
0.000014
-0.000011
-0.000049
-0.000005
0.000075
0.000195
0.000278
0.000308
0.000306
0.000250
0.000230
0.000186
0.000232
0.000240
0.000245
0.000241
0.000280
0.000241
0.000199
0.000232
0.000261
0.000257
0.000260
0.000249
0.000247
0.000222
0.000271
0.000253
0.000144
0.000170
0.000234
0.000224
0.000298
0.000725
0.000022
0.000033
0.000023
0.000021
0.000021
0.000018
0.000016
0.000018
0.000025
0.000027
0.000029
0.000027
0.000031
0.000042
0.000049
0.000049
0.000058
0.000067
0.000069
0.000063
0.000054
0.000043
-0.000882
-0.001269
-0.000954
-0.000453
-0.000103
-0.000018
0.000075
0.000070
0.000071
0.000072
0.000065
0.000056
0.000053
0.000046
0.000046
0.000031
0.000012
-0.000014
-0.000070
-0.000120
-0.000062
0.000036
0.000151
0.000261
0.000319
0.000320
0.000280
0.000238
0.000223
0.000268
0.000292
0.000295
0.000225
0.000248
0.000243
0.000280
0.000228
0.000252
0.000246
0.000276
0.000282
0.000253
0.000279
0.000270
0.000249
0.000164
0.000147
0.000178
0.000190
0.000258
0.000159
0.000021
0.000020
0.000019
0.000021
0.000017
0.000012
0.000017
0.000020
0.000016
0.000027
0.000030
0.000025
0.000035
0.000035
0.000037
0.000033
0.000052
0.000057
0.000075
0.000057
0.000049
-0.000925
-0.007918
-0.009052
-0.012365
-0.012675
-0.006593
-0.004651
-0.000739
0.000026
0.000065
0.000062
0.000054
0.000055
0.000053
0.000048
0.000045
0.000030
-0.000010
-0.000079
-0.000124
-0.000235
-0.000120
0.000010
0.000126
0.000237
0.000324
0.000326
0.000318
0.000246
0.000232
0.000273
0.000301
0.000289
0.000214
0.000288
0.000275
0.000295
0.000308
0.000352
0.000332
0.000329
0.000338
0.000291
0.000301
0.000290
0.000253
0.000235
0.000170
0.000143
0.000249
0.000294
0.000092
0.000013
0.000011
0.000013
0.000019
0.000012
0.000010
0.000013
0.000016
0.000015
0.000022
0.000020
0.000023
0.000025
0.000035
0.000031
0.000034
0.000042
0.000063
0.000072
0.000051
-0.000560
-0.002343
-0.000696
-0.006665
-0.003400
-0.002351
-0.010669
-0.014666
-0.011559
-0.010125
-0.000977
0.000048
0.000046
0.000049
0.000048
0.000048
0.000033
0.000025
-0.000025
-0.000138
-0.000342
-0.000386
-0.000176
-0.000017
0.000091
0.000184
0.000294
0.000324
0.000309
0.000274
0.000251
0.000269
0.000330
0.000277
0.000233
0.000265
0.000346
0.000384
0.000395
0.000365
0.000363
0.000355
0.000333
0.000305
0.000295
0.000295
0.000282
0.000243
0.000314
0.000282
0.000342
0.000323
0.000140
0.000008
0.000001
0.000011
0.000015
0.000008
0.000007
0.000010
0.000014
0.000015
0.000014
0.000019
0.000019
0.000027
0.000029
0.000031
0.000039
-0.000087
-0.000025
0.000066
0.000079
-0.002867
-0.004188
-0.008876
-0.007900
-0.001753
-0.007510
-0.006618
-0.011059
-0.011641
-0.000876
0.000032
0.000040
0.000045
0.000048
0.000045
0.000047
0.000037
0.000032
0.000000
-0.000109
-0.000425
-0.000557
-0.000212
-0.000024
0.000065
0.000122
0.000231
0.000303
0.000313
0.000270
0.000243
0.000253
0.000296
0.000289
0.000230
0.000263
0.000281
0.000304
0.000340
0.000342
0.000336
0.000314
0.000254
0.000265
0.000294
0.000327
0.000332
0.000313
0.000305
0.000385
0.000313
0.000369
-0.001100
0.000004
-0.000000
0.000012
0.000006
0.000006
0.000009
0.000009
0.000012
0.000017
0.000019
0.000020
0.000022
0.000019
0.000020
-0.000114
-0.000008
-0.002013
-0.000157
0.000119
0.000187
0.000141
0.000123
-0.000401
-0.000548
0.000025
0.001149
-0.000154
-0.003172
-0.001518
0.000024
0.000025
0.000020
0.000012
0.000051
0.000272
0.000404
0.000315
0.000089
0.000027
-0.000055
-0.000294
-0.000403
-0.000128
-0.000010
0.000070
0.000103
0.000213
0.000281
0.000278
0.000250
0.000198
0.000219
0.000234
0.000258
0.000251
0.000267
0.000319
0.000308
0.000319
0.000314
0.000282
0.000238
0.000242
0.000260
0.000306
0.000380
0.000366
0.000422
0.000395
0.000452
0.000383
0.000355
0.000356
0.000034
0.000004
0.000007
0.000007
0.000007
0.000007
0.000009
0.000011
0.000018
0.000010
0.000011
0.000013
0.000014
-0.000078
-0.001964
-0.000587
0.000752
0.000228
0.000151
0.000206
0.000155
0.000110
0.000103
0.000175
0.000281
0.001570
0.000535
-0.001833
0.001294
0.000145
0.000032
-0.000100
-0.000645
0.000143
0.004291
0.007092
0.005550
0.001510
0.000493
0.000006
-0.000124
-0.000152
-0.000065
0.000037
0.000098
0.000122
0.000167
0.000215
0.000243
0.000255
0.000190
0.000229
0.000268
0.000297
0.000267
0.000233
0.000279
0.000324
0.000347
0.000319
0.000306
0.000300
0.000266
0.000244
0.000314
0.000369
0.000414
0.000421
0.000403
0.000429
0.000376
0.000425
0.000438
0.000034
0.000017
-0.000000
0.000005
0.000006
0.000004
0.000005
0.000005
0.000009
0.000007
0.000007
0.000009
0.000045
0.000312
-0.001068
-0.000836
0.000173
0.000191
0.000128
0.000151
0.000160
0.000148
0.000127
0.000249
0.000325
-0.000785
-0.001175
-0.002090
0.000043
0.000335
0.001859
0.003715
0.004120
0.006145
0.009355
0.012020
0.012221
0.010213
0.005507
0.000750
0.000034
-0.000044
0.000003
0.000068
0.000127
0.000092
0.000171
0.000224
0.000300
0.000272
0.000244
0.000264
0.000285
0.000322
0.000327
0.000296
0.000279
0.000344
0.000382
0.000379
0.000303
0.000306
0.000351
0.000302
0.000306
0.000413
0.000497
0.000406
0.000398
0.000442
0.000466
0.000452
0.000424
0.000037
0.000033
0.000001
-0.000003
0.000003
0.000005
0.000003
0.000002
0.000005
0.000004
0.000006
0.000012
0.000006
0.000373
0.003188
-0.004292
-0.000257
0.000107
0.000123
0.000144
0.000175
0.000167
0.000165
0.000166
-0.000330
-0.000199
0.000294
0.000378
0.001025
0.003362
0.003124
0.004264
0.004824
0.005909
0.006458
0.007253
0.010539
0.012607
0.009348
0.003212
0.000740
0.000018
0.000045
0.000059
0.000125
0.000156
0.000235
0.000226
0.000266
0.000270
0.000326
0.000308
0.000312
0.000327
0.000315
0.000317
0.000313
0.000343
0.000370
0.000361
0.000398
0.000395
0.000371
0.000426
0.000329
0.000479
0.000476
0.000346
0.000378
0.000528
0.000585
0.000579
-0.000596
0.000042
0.000029
0.000012
0.000005
0.000001
0.000003
0.000006
0.000005
0.000000
0.000001
-0.000008
-0.000012
-0.000018
0.000529
0.005250
-0.005034
-0.000752
0.000125
0.000131
0.000154
0.000199
0.000143
0.000304
-0.001776
-0.003666
-0.000325
-0.000189
0.000930
0.001989
-0.000278
0.003381
0.003487
0.003594
0.003323
0.002227
0.001956
0.004821
0.006028
0.005792
0.001772
0.000491
0.000244
0.000959
0.000497
0.000518
0.000227
0.000231
0.000211
0.000263
0.000322
0.000334
0.000332
0.000290
0.000342
0.000349
0.000345
0.000372
0.000406
0.000458
0.000450
0.000429
0.000409
0.000470
0.000464
0.000494
0.000487
0.000458
0.000482
0.000552
0.000534
0.000597
0.000516
0.000561
0.000036
0.000029
0.000019
0.000009
0.000008
0.000005
0.000006
0.000008
-0.000001
-0.000004
-0.000005
-0.000018
-0.000028
0.000238
0.003147
0.000167
-0.001184
0.000105
0.000157
0.000187
0.000160
0.003293
0.000182
0.002186
0.001979
0.001598
0.000313
0.000208
0.000098
0.000467
0.000333
0.000332
0.000675
0.000262
-0.000845
-0.000083
0.000971
0.001327
0.003003
0.005715
0.001515
0.003435
0.002428
0.003574
0.004354
0.001590
0.000256
0.000212
0.000242
0.000292
0.000343
0.000358
0.000301
0.000299
0.000358
0.000376
0.000368
0.000494
0.000423
0.000533
0.000369
0.000362
0.000430
0.000464
0.000557
0.000550
0.000642
0.000712
0.000675
0.000569
0.000474
0.000463
0.000542
0.000037
0.000027
0.000018
0.000013
0.000007
0.000008
0.000004
-0.000002
-0.000004
-0.000006
-0.000008
-0.000016
-0.000025
0.000096
0.003147
0.021314
0.000845
-0.000065
0.000167
0.000177
0.006932
0.013991
0.008634
0.008644
0.007823
0.007434
0.002783
0.000063
0.000147
0.000030
-0.000625
-0.000293
-0.000524
-0.000632
-0.000061
-0.000005
-0.000112
0.000427
0.000912
0.003157
0.000894
0.001445
0.003144
0.002200
-0.000064
0.008910
0.001051
0.000286
0.000234
0.000376
0.000351
0.000433
0.000404
0.000334
0.000372
0.000452
0.000433
0.000496
0.000549
0.000485
0.000404
0.000493
0.000484
0.000373
0.000403
0.000436
0.000660
0.000715
0.000649
0.000500
0.000471
0.000473
0.000676
0.000032
0.000041
0.000025
0.000013
0.000006
0.000006
0.000008
0.000004
0.000001
-0.000000
-0.000005
-0.000017
-0.000022
-0.000030
0.000711
0.005884
0.003889
0.000281
0.003145
0.007417
0.009655
0.019941
0.025068
0.017964
0.013534
0.010189
0.007686
0.001214
-0.000112
-0.000903
0.000079
-0.000883
-0.001460
-0.000606
-0.000480
-0.000466
-0.000914
-0.000501
-0.000381
-0.000566
0.000348
0.002170
0.001133
0.001122
-0.000398
0.002472
-0.001989
0.000688
0.000258
0.000333
0.000338
0.000401
0.000402
0.000373
0.000414
0.000447
0.000447
0.000472
0.000522
0.000508
0.000535
0.000598
0.000533
0.000294
0.000483
0.000496
0.000721
0.000757
0.000629
0.000514
0.000587
0.000640
0.000685
0.000035
0.000041
0.000034
0.000019
0.000013
0.000003
0.000002
-0.000001
0.000001
0.000000
-0.000006
-0.000009
-0.000013
-0.000020
0.000178
0.004448
0.000838
0.004567
0.008790
0.008522
0.007075
0.010589
0.018480
0.019233
0.020842
0.018680
0.011123
0.001555
-0.000173
-0.000808
-0.000474
-0.001430
-0.001453
-0.000896
-0.001000
-0.002028
-0.003635
-0.001844
-0.001834
-0.000862
-0.000036
0.001070
-0.000255
-0.000418
-0.001225
-0.001978
-0.004876
-0.006730
0.000513
0.000369
0.000303
0.000357
0.000427
0.000397
0.000400
0.000453
0.000434
0.000404
0.000492
0.000565
0.000652
0.000617
0.000389
0.000389
0.000495
0.000558
0.000569
0.000648
0.000709
0.000636
0.000582
0.000606
0.000657
0.000034
0.000038
0.000037
0.000020
0.000014
0.000004
0.000004
-0.000002
0.000003
-0.000006
-0.000011
-0.000013
-0.000021
-0.000025
-0.000036
-0.000009
0.000029
0.000254
0.001601
0.000081
0.002938
0.003739
0.007807
0.007679
0.010033
0.010395
0.007953
0.002496
0.001095
-0.000245
-0.001195
-0.002793
-0.002068
-0.001435
-0.001008
-0.001247
-0.005398
-0.004135
-0.003742
-0.006060
-0.008080
-0.009984
-0.003942
-0.002695
-0.002033
-0.002176
-0.003614
-0.004408
-0.004900
0.000931
0.000369
0.000398
0.000448
0.000473
0.000442
0.000414
0.000435
0.000465
0.000544
0.000579
0.000584
0.000565
0.000511
0.000251
0.000474
0.000452
0.000608
0.000675
0.000637
0.000492
0.000608
0.000652
0.000650
0.000040
0.000032
0.000039
0.000027
0.000016
0.000008
0.000002
-0.000000
0.000003
-0.000006
-0.000012
-0.000014
-0.000023
-0.000024
-0.000025
-0.000026
-0.000026
-0.000028
-0.000055
-0.000028
0.000006
0.000590
0.001279
0.001616
-0.002120
-0.001631
-0.002559
-0.002481
-0.001911
-0.000859
-0.003320
-0.004227
-0.003984
-0.003014
-0.002194
-0.001418
-0.009742
-0.004408
-0.003951
-0.007609
-0.009773
-0.013076
-0.015257
-0.015314
-0.002892
-0.001794
-0.002505
-0.004677
-0.004439
-0.002952
0.000667
0.000487
0.000519
0.000534
0.000453
0.000520
0.000556
0.000570
0.000575
0.000612
0.000524
0.000573
0.000495
0.000476
0.000338
0.000604
0.000560
0.000676
0.000642
0.000649
0.000636
0.000678
0.000617
0.000036
0.000035
0.000034
0.000029
0.000015
0.000011
-0.000002
-0.000001
0.000001
-0.000006
-0.000012
-0.000017
-0.000023
-0.000023
-0.000014
-0.000020
-0.000024
-0.000036
-0.000052
-0.000045
0.000403
0.012740
0.010123
0.006405
-0.001265
-0.002058
-0.002518
-0.003490
-0.003277
-0.002020
-0.005026
-0.005583
-0.004326
-0.004242
-0.002865
-0.003042
-0.001829
-0.008146
-0.007892
-0.006192
-0.012040
-0.012496
-0.015832
-0.017828
-0.014768
-0.004279
-0.004527
-0.007634
-0.005672
-0.006301
-0.004703
0.000657
0.000563
0.000573
0.000535
0.000496
0.000557
0.000507
0.000594
0.000632
0.000504
0.000559
0.000547
0.000566
0.000481
0.000598
0.000728
0.000729
0.000855
0.000789
0.000821
0.000678
0.000452
0.000044
0.000029
0.000030
0.000029
0.000020
0.000015
0.000005
-0.000004
0.000005
-0.000005
-0.000020
-0.000018
-0.000019
-0.000024
-0.000020
-0.000021
-0.000027
-0.000034
-0.000048
0.000038
0.007011
0.011097
0.013902
0.009056
0.002926
-0.000907
-0.002995
-0.004166
-0.004207
-0.003374
-0.006322
-0.007004
-0.004120
-0.004734
-0.002541
-0.003115
-0.002406
-0.001799
-0.001591
-0.010127
-0.012827
-0.012374
-0.013673
-0.018558
-0.017858
-0.014146
-0.007154
-0.006399
-0.005470
-0.007017
-0.011223
-0.007597
0.000410
0.000573
0.000583
0.000443
0.000442
0.000510
0.000589
0.000622
0.000511
0.000460
0.000671
0.000660
0.000724
0.000770
0.000751
0.000826
0.000891
0.000875
0.000733
0.000482
0.000466
0.000032
0.000028
0.000028
0.000030
0.000022
0.000008
-0.000002
-0.000011
-0.000006
-0.000007
-0.000011
-0.000012
-0.000021
-0.000028
-0.000028
-0.000027
-0.000024
-0.000016
-0.000017
0.000018
0.003573
0.009357
0.012909
0.011451
0.007942
0.003572
-0.002513
-0.004596
-0.005252
-0.004653
-0.005735
-0.007601
-0.003081
-0.002217
-0.003058
-0.002541
-0.002974
-0.002487
-0.002242
-0.002240
-0.002575
-0.002662
-0.011360
-0.012047
-0.011901
-0.013009
-0.004112
-0.005261
-0.007042
-0.010619
-0.010650
-0.011584
-0.007279
0.000297
0.000426
0.000403
0.000410
0.000490
0.000505
0.000619
0.000577
0.000532
0.000726
0.000726
0.000770
0.000686
0.000751
0.000830
0.000714
0.000681
0.000638
0.000575
0.000460
0.000032
0.000031
0.000026
0.000030
0.000027
0.000012
0.000001
-0.000015
-0.000017
-0.000010
-0.000007
-0.000012
-0.000020
-0.000025
-0.000025
-0.000017
0.000002
-0.000012
-0.000013
-0.000198
-0.000817
0.005849
0.009248
0.014376
0.013605
0.009389
0.000603
-0.003885
-0.005082
-0.004999
-0.005670
-0.007815
0.000566
-0.001693
-0.002191
-0.002204
-0.002646
-0.002702
-0.002812
-0.003159
-0.003813
-0.004116
-0.004119
-0.003803
-0.001218
-0.001535
-0.007987
-0.002882
-0.008360
-0.011162
-0.010601
-0.010811
-0.010632
-0.007094
-0.004796
0.000332
0.000362
0.000552
0.000542
0.000582
0.000636
0.000499
0.000659
0.000716
0.000678
0.000684
0.000751
0.000771
0.000626
0.000637
0.000673
0.000663
0.000532
0.000042
0.000033
0.000036
0.000031
0.000033
0.000016
-0.000006
-0.000021
-0.000022
-0.000023
-0.000008
-0.000012
-0.000012
-0.000011
-0.000008
0.000013
-0.000004
-0.000003
-0.000011
-0.000016
-0.000398
-0.000641
0.004232
0.011819
0.013922
0.012215
0.004601
-0.002966
-0.005016
-0.004706
-0.004455
-0.008492
-0.003529
-0.002117
-0.002265
-0.002991
-0.002907
-0.003132
-0.003882
-0.004082
-0.004597
-0.004507
-0.005379
-0.004635
-0.001691
-0.000197
-0.001207
-0.002997
-0.008739
-0.010501
-0.008920
-0.008710
-0.009314
-0.007333
-0.006057
-0.003853
0.000247
0.000526
0.000506
0.000569
0.000601
0.000447
0.000549
0.000441
0.000319
0.000557
0.000551
0.000491
0.000559
0.000745
0.000711
0.000716
0.000539
0.000038
0.000035
0.000035
0.000024
0.000031
0.000048
0.000062
0.000069
0.000166
-0.000014
-0.000009
-0.000013
0.000041
0.000009
0.000002
-0.000002
-0.000003
-0.000005
-0.000006
-0.000014
-0.000024
-0.000095
0.001808
0.007899
0.011689
0.010237
0.004747
-0.001682
-0.003790
-0.004379
-0.003061
-0.004797
-0.003946
-0.002577
-0.002522
-0.003441
-0.003061
-0.003174
-0.004107
-0.004435
-0.004456
-0.004634
-0.005091
-0.003757
-0.002091
-0.000629
0.000784
-0.004664
-0.007176
-0.010494
-0.010265
-0.007603
-0.007747
-0.006365
-0.005508
-0.005583
-0.003973
-0.003098
0.000347
0.000607
0.000878
0.000420
0.000135
0.000412
0.000393
0.000469
0.000662
0.000378
0.000607
0.000755
0.000679
0.000752
0.000822
0.000045
0.000048
0.000033
0.000014
0.000026
0.000043
0.000067
0.000090
0.000056
0.000052
0.000082
0.000201
-0.000005
0.000009
0.000006
-0.000001
-0.000005
-0.000007
-0.000010
-0.000016
-0.000017
0.000089
0.000114
0.000200
0.000478
0.000434
0.000412
0.001136
0.001886
-0.002035
-0.001300
-0.000895
-0.003040
-0.002506
-0.003117
-0.003777
-0.003794
-0.004148
-0.004179
-0.004416
-0.004718
-0.004653
-0.004932
-0.004626
-0.004680
-0.001468
-0.000086
-0.001184
-0.004100
-0.011009
-0.010233
-0.007918
-0.005443
-0.004476
-0.004789
-0.004775
-0.004550
-0.004607
-0.002384
0.000366
0.002000
0.000948
0.000372
0.000445
0.000298
0.000269
0.000247
0.000553
0.000537
0.000703
0.000785
0.000801
0.000938
0.000035
0.000051
0.000041
0.000031
0.000014
0.000030
0.000069
0.000069
0.000045
0.000027
0.000049
0.000103
0.000159
0.000160
0.000152
0.000222
0.000236
0.000128
0.000099
0.000083
0.000055
0.000001
0.000011
-0.000002
0.000022
0.000020
0.000014
0.000356
0.002489
0.001043
-0.000213
-0.000349
-0.001791
-0.002251
-0.003057
-0.003434
-0.004641
-0.004288
-0.004450
-0.004317
-0.004903
-0.005997
-0.006601
-0.007080
-0.006513
-0.003598
-0.001781
-0.002509
-0.002115
-0.006139
-0.008259
-0.008024
-0.004194
-0.002072
-0.001888
-0.002345
-0.001960
0.000623
0.005479
0.006954
0.010027
0.005382
0.000983
0.000717
0.000653
0.000458
0.000351
0.000653
0.000587
0.000714
0.000754
0.000977
0.001043
0.000056
0.000067
0.000053
0.000015
0.000006
0.000037
0.000054
0.000065
0.000067
0.000036
0.000054
0.000072
0.000077
0.000083
0.000076
0.000057
0.000036
0.000041
0.000037
0.000010
-0.000009
-0.000013
0.000001
-0.000002
0.000008
-0.000032
-0.000077
0.000011
0.000286
0.001320
0.000986
-0.000116
-0.000162
-0.000190
-0.000281
-0.000147
-0.000241
-0.001909
-0.003334
-0.003929
-0.004681
-0.006257
-0.006459
-0.005085
-0.006757
-0.005544
-0.003362
-0.003165
-0.003951
-0.003142
-0.006203
-0.005873
-0.001875
0.000645
0.001084
0.003517
0.007293
0.010108
0.009675
0.002158
0.001848
0.001539
0.001133
0.000566
0.000596
0.000424
0.000449
0.000557
0.000503
0.000659
0.000653
0.000945
0.000706
0.000087
0.000084
0.000079
0.000039
0.000004
0.000027
0.000078
0.000091
0.000088
0.000063
0.000094
0.000084
0.000077
0.000075
0.000066
0.000061
0.000059
0.000055
0.000032
0.000007
-0.000026
-0.000026
-0.000019
-0.000025
0.000007
-0.000029
-0.000057
-0.000082
0.000036
0.000535
0.000145
-0.000021
0.000116
0.000229
0.000096
0.000244
0.000279
0.000184
-0.000003
0.000052
0.000288
0.000303
0.000260
-0.000247
-0.004452
-0.005974
-0.006014
-0.004345
-0.005163
-0.005389
-0.004283
-0.002997
0.000588
0.002602
0.006115
0.007861
0.008194
0.005320
0.001744
0.001162
0.001268
0.001287
0.001200
0.000679
0.000527
0.000685
0.000650
0.000591
0.000634
0.000644
0.000680
0.000763
0.000691
0.000108
0.000104
0.000081
0.000065
0.000046
0.000077
0.000117
0.000118
0.000106
0.000071
0.000113
0.000076
0.000091
0.000064
0.000051
0.000029
0.000063
0.000041
0.000032
0.000016
-0.000023
-0.000025
-0.000025
-0.000034
-0.000026
-0.000032
-0.000100
-0.000130
-0.000004
0.000013
-0.000024
0.000012
0.000063
0.000172
0.000186
0.000200
0.000272
0.000313
0.000378
0.000418
0.000570
0.000692
0.000788
0.000927
0.000617
-0.004932
-0.008135
-0.006567
-0.006328
-0.006729
-0.006761
0.001044
0.003712
0.004584
0.004868
0.002266
0.002124
0.001436
0.001078
0.001132
0.001319
0.001152
0.001121
0.000880
0.000403
0.000798
0.000752
0.000647
0.000667
0.000727
0.000778
0.000822
0.000659
0.000129
0.000124
0.000117
0.000092
0.000088
0.000108
0.000123
0.000111
0.000104
0.000121
0.000109
0.000106
0.000117
0.000058
0.000034
0.000013
0.000011
0.000038
0.000022
0.000014
0.000017
-0.000013
-0.000045
-0.000056
-0.000045
-0.000050
-0.000091
-0.000104
-0.000071
-0.000037
-0.000013
0.000012
0.000064
0.000188
0.000145
0.000194
0.000245
0.000217
0.000169
0.000324
0.000388
0.000615
0.000786
0.000922
0.000893
0.001588
-0.006502
-0.006039
-0.006019
-0.008406
-0.007755
-0.004793
0.002092
-0.002243
0.001330
0.001835
0.001427
0.001212
0.001123
0.001025
0.001337
0.001131
0.001097
0.000886
0.000321
0.001053
0.001008
0.000996
0.001166
0.001020
0.000981
0.000757
0.000761
0.000139
0.000142
0.000141
0.000139
0.000119
0.000107
0.000128
0.000117
0.000130
0.000135
0.000136
0.000132
0.000136
0.000109
0.000064
0.000033
0.000010
0.000029
0.000000
-0.000013
-0.000059
-0.000059
-0.000078
-0.000062
-0.000059
-0.000042
-0.000071
-0.000045
-0.000070
-0.000011
0.000031
0.000008
0.000061
0.000201
0.000397
0.000217
0.000289
0.000152
0.000096
0.000263
0.000414
0.000725
0.000826
0.000840
0.000889
0.000950
0.001022
-0.005152
-0.004792
-0.001837
-0.004646
-0.004017
-0.004891
-0.000227
0.001382
0.001479
0.001136
0.001267
0.000964
0.000945
0.001267
0.001136
0.001240
0.001047
0.000856
0.001000
0.001042
0.001222
0.001252
0.001027
0.000758
0.000575
0.000490
0.000110
0.000134
0.000152
0.000148
0.000119
0.000107
0.000118
0.000140
0.000133
0.000131
0.000154
0.000146
0.000131
0.000135
0.000100
0.000030
-0.000013
-0.000010
-0.000007
-0.000029
-0.000058
-0.000091
-0.000084
-0.000046
-0.000039
-0.000027
-0.000015
-0.000038
-0.000041
-0.000027
0.000007
0.000010
0.000005
0.000144
0.000274
0.000186
0.000305
0.000097
-0.000004
0.000280
0.000413
0.000575
0.000718
0.000823
0.000939
0.000897
0.000912
0.000390
0.000398
0.000866
-0.001633
-0.003508
-0.004549
-0.002272
0.001199
0.001174
0.001001
0.001166
0.001084
0.001018
0.001290
0.001109
0.001116
0.001131
0.000871
0.000867
0.001169
0.001181
0.001161
0.001085
0.000636
0.000568
0.000427
0.000090
0.000130
0.000146
0.000152
0.000136
0.000117
0.000089
0.000108
0.000130
0.000112
0.000133
0.000116
0.000094
0.000134
0.000110
0.000036
0.000016
0.000011
-0.000020
-0.000049
-0.000055
-0.000080
-0.000099
-0.000055
-0.000049
-0.000016
0.000011
-0.000019
-0.000010
-0.000032
0.000006
0.000016
0.000003
0.000062
0.000278
0.000239
0.000140
0.000142
0.000290
0.000402
0.000384
0.000484
0.000582
0.000839
0.000960
0.000801
0.000813
0.000748
0.000643
0.000532
-0.000562
-0.003373
-0.002778
0.000483
0.001023
0.000920
0.001111
0.001109
0.001083
0.001153
0.001137
0.001290
0.001280
0.000958
0.001037
0.000937
0.001160
0.001088
0.001113
0.001184
0.001041
0.000526
0.000533
0.000091
0.000124
0.000135
0.000121
0.000140
0.000117
0.000064
0.000106
0.000156
0.000126
0.000095
0.000116
0.000079
0.000088
0.000046
0.000030
0.000006
-0.000008
-0.000028
-0.000052
-0.000077
-0.000078
-0.000103
-0.000086
-0.000032
0.000014
0.000046
0.000056
0.000036
0.000022
0.000036
0.000064
0.000110
0.000138
0.000241
0.000344
0.000417
0.000561
0.000418
0.000443
0.000392
0.000499
0.000689
0.000892
0.000829
0.000819
0.000911
0.000926
0.000667
0.000553
0.000880
0.000015
0.001074
0.001179
0.001120
0.001310
0.001331
0.001117
0.001235
0.001375
0.001074
0.001198
0.001169
0.001158
0.001113
0.001329
0.001258
0.001065
0.001141
0.001194
0.001124
0.000657
0.000687
0.000097
0.000094
0.000140
0.000131
0.000143
0.000130
0.000097
0.000078
0.000162
0.000128
0.000099
0.000120
0.000072
0.000024
0.000025
0.000013
-0.000010
-0.000011
0.000013
-0.000036
-0.000064
-0.000078
-0.000067
-0.000054
-0.000026
-0.000003
0.000016
0.000012
0.000074
0.000032
0.000040
0.000104
0.000150
0.000176
0.000243
0.000310
0.000310
0.000325
0.000365
0.000345
0.000480
0.000711
0.000790
0.000784
0.000813
0.000849
0.000930
0.000871
0.000763
0.000698
0.001020
0.001412
0.001640
0.001509
0.001591
0.001459
0.001450
0.001184
0.001186
0.001356
0.001088
0.001106
0.001284
0.001341
0.001178
0.001345
0.001159
0.001185
0.001168
0.001198
0.001253
0.000804
0.000741
0.000108
0.000091
0.000125
0.000142
0.000106
0.000069
0.000086
0.000086
0.000121
0.000164
0.000133
0.000131
0.000079
0.000009
-0.000007
-0.000023
-0.000052
-0.000042
-0.000028
-0.000044
-0.000069
-0.000063
-0.000045
-0.000043
-0.000021
-0.000027
0.000026
0.000026
0.000029
0.000016
0.000079
0.000188
0.000105
0.000133
0.000258
0.000363
0.000208
0.000181
0.000284
0.000380
0.000675
0.000684
0.000479
0.000574
0.000922
0.000943
0.000806
0.000820
0.000792
0.000678
0.001142
0.001544
0.001622
0.001750
0.001731
0.001339
0.001310
0.000946
0.001215
0.001216
0.001206
0.001252
0.001340
0.001302
0.001146
0.001106
0.001158
0.001209
0.001286
0.001323
0.001250
0.000955
0.000643
