-0.000008
-0.000005
-0.000004
0.000632
-0.000008
-0.000008
-0.000006
0.000438
0.000000
0.000002
0.000004
-0.000603
0.000006
0.000007
0.000005
0.000005
0.000006
0.000008
0.000007
0.000008
0.000007
0.000009
0.000010
0.000009
0.000011
0.000010
0.000008
0.000008
0.000007
0.000007
0.000007
0.000008
0.000009
0.000009
0.000008
0.000007
0.000002
-0.000001
-0.000003
-0.000004
-0.000004
-0.000003
-0.000004
-0.000006
-0.000005
-0.000004
-0.000002
-0.000004
-0.000006
-0.000001
-0.000002
-0.000004
-0.000004
-0.000002
-0.000005
-0.000003
-0.000004
-0.000003
-0.000005
-0.000004
-0.000007
-0.000006
-0.000009
-0.000005
-0.000004
-0.000002
-0.001158
-0.000003
-0.000006
-0.000003
0.000061
-0.000002
0.000195
-0.000010
-0.000006
-0.000009
-0.000007
-0.000009
-0.000008
-0.000010
-0.000002
-0.000000
0.000001
0.000004
0.000007
0.000004
0.000005
0.000006
0.000006
0.000007
0.000009
0.000007
0.000008
0.000007
0.000008
0.000009
0.000010
0.000009
0.000011
0.000011
0.000007
0.000005
0.000006
0.000008
0.000007
0.000010
0.000006
0.000006
0.000006
0.000004
-0.000000
-0.000004
-0.000005
-0.000005
-0.000006
-0.000005
-0.000004
-0.000005
-0.000006
-0.000006
-0.000004
-0.000005
-0.000004
-0.000006
-0.000004
-0.000004
-0.000005
-0.000005
-0.000005
-0.000006
-0.000005
-0.000004
-0.000006
-0.000006
-0.000003
-0.000007
-0.000006
-0.000006
-0.000004
-0.000007
-0.000006
-0.000006
-0.000004
-0.000005
-0.000005
-0.000009
-0.000008
-0.000012
-0.000008
-0.000005
-0.000007
-0.000009
-0.000011
-0.000004
-0.000000
0.000002
0.000005
0.000006
0.000004
0.000003
0.000004
0.000004
0.000007
0.000008
0.000008
0.000008
0.000008
0.000007
0.000008
0.000010
0.000010
0.000011
0.000008
0.000009
0.000008
0.000007
0.000008
0.000008
0.000007
0.000006
0.000007
0.000006
0.000006
0.000002
-0.000003
-0.000005
-0.000005
-0.000006
-0.000006
-0.000005
-0.000004
-0.000006
-0.000006
-0.000004
-0.000005
-0.000004
-0.000006
-0.000005
-0.000004
-0.000005
0.000000
-0.000005
-0.000006
-0.000006
-0.000004
-0.000006
-0.000006
-0.000006
-0.000006
-0.000006
-0.000004
-0.000006
-0.000003
-0.000004
-0.000006
-0.000006
-0.000005
-0.000007
-0.000007
-0.000010
-0.000009
-0.000009
-0.000006
-0.000007
-0.000007
-0.000011
-0.000006
-0.000000
0.000001
0.000004
0.000005
0.000007
0.000003
0.000005
0.000005
0.000007
0.000005
0.000005
0.000005
0.000005
0.000006
0.000009
0.000009
0.000010
0.000010
0.000009
0.000007
0.000007
0.000008
0.000006
0.000007
0.000008
0.000005
0.000005
0.000006
0.000006
0.000006
0.000005
-0.000003
-0.000004
-0.000006
-0.000006
-0.000005
-0.000005
-0.000005
-0.000005
-0.000004
-0.000004
-0.000005
-0.000005
-0.000003
-0.000004
-0.000003
-0.000005
-0.000004
-0.000005
-0.000006
-0.000006
-0.000004
-0.000004
-0.000006
-0.000005
-0.000006
-0.000006
-0.000005
-0.000003
-0.000004
-0.000002
-0.000006
-0.000005
-0.000006
-0.000007
-0.000010
-0.000011
-0.000010
-0.000006
-0.000006
-0.000005
-0.000008
-0.000007
-0.000003
0.000001
0.000001
0.000003
0.000004
0.000004
0.000004
0.000005
0.000007
0.000006
0.000008
0.000005
0.000007
0.000005
0.000007
0.000010
0.000009
0.000007
0.000006
0.000005
0.000007
0.000008
0.000007
0.000004
0.000006
0.000006
0.000005
0.000008
0.000009
0.000006
0.000007
0.000001
-0.000002
-0.000003
-0.000006
-0.000008
-0.000005
-0.000006
-0.000005
-0.000004
-0.000004
-0.000004
-0.000004
-0.000005
-0.000003
-0.000003
-0.000006
-0.000005
-0.000006
-0.000004
-0.000006
-0.000005
-0.000005
-0.000005
-0.000006
-0.000006
-0.000006
-0.000005
-0.000005
-0.000004
-0.000006
-0.000006
-0.000006
-0.000007
-0.002169
-0.000011
-0.000011
-0.000010
-0.000010
-0.000008
-0.000006
-0.000009
-0.000006
-0.000002
-0.000000
0.000000
0.000002
0.000004
0.000004
0.000006
0.000005
0.000006
0.000007
0.000009
0.000009
0.000007
0.000007
0.000006
0.000008
0.000008
0.000008
0.000006
0.000009
0.000009
0.000009
0.000009
0.000007
0.000007
0.000007
0.000007
0.000007
0.000008
0.000007
0.000003
0.000002
0.000000
-0.000001
-0.000005
-0.000006
-0.000006
-0.000005
-0.000006
-0.000004
-0.000003
-0.000004
-0.000005
-0.000006
-0.000004
-0.000005
-0.000005
-0.000001
-0.000006
-0.000005
-0.000005
-0.000005
-0.000006
-0.000005
-0.000003
-0.000006
-0.000005
-0.000007
-0.000004
-0.000003
-0.000005
-0.000006
-0.000007
-0.000007
-0.000008
-0.000011
-0.000011
-0.000011
-0.000010
-0.000008
-0.000007
-0.000008
-0.000006
-0.000002
-0.000001
-0.000000
0.000000
0.000004
0.000004
0.000004
0.000005
0.000005
0.000006
0.000007
0.000008
0.000008
0.000007
0.000008
0.000011
0.000009
0.000008
0.000007
0.000010
0.000010
0.000009
0.000010
0.000008
0.000007
0.000012
0.000007
0.000009
0.000010
0.000008
0.000008
0.000003
0.000003
0.000001
-0.000002
-0.000006
-0.000004
-0.000006
-0.000006
-0.000004
-0.000005
-0.000004
-0.000003
-0.000006
0.000000
-0.000001
-0.000003
-0.000005
-0.000002
-0.000005
-0.000006
-0.000005
-0.000007
-0.000006
-0.000005
-0.000005
-0.000006
-0.000005
-0.000006
-0.000004
-0.000007
-0.000005
-0.000007
-0.000007
-0.000007
-0.000013
-0.000011
-0.000010
-0.000010
-0.000010
-0.000007
-0.000005
-0.000005
-0.000004
-0.000001
-0.000002
-0.000001
0.000002
0.000005
0.000004
0.000005
0.000006
0.000006
0.000007
0.000008
0.000008
0.000008
0.000010
0.000009
0.000010
0.000008
0.000008
0.000008
0.000009
0.000009
0.000010
0.000010
0.000009
0.000013
0.000010
0.000008
0.000007
0.000005
0.000008
0.000003
0.000004
0.000004
0.000003
-0.000003
-0.000007
-0.000005
-0.000007
-0.000005
-0.000004
-0.000005
-0.000005
-0.000006
-0.000005
-0.000005
-0.000005
-0.000004
-0.000003
-0.000005
-0.000005
-0.000005
-0.000003
-0.000003
-0.000004
-0.000005
-0.000006
-0.000006
-0.000007
-0.000003
-0.000006
-0.000007
-0.000008
-0.000006
-0.000003
-0.000011
-0.000010
-0.000012
-0.000013
-0.000011
-0.000013
-0.000007
-0.000007
-0.000005
-0.000002
-0.000002
-0.000002
0.000000
0.000005
0.000006
0.000005
0.000005
0.000006
0.000006
0.000009
0.000011
0.000009
0.000011
0.000005
0.000009
0.000010
0.000009
0.000009
0.000008
0.000010
0.000012
0.000011
0.000012
0.000010
0.000011
0.000010
0.000009
0.000008
0.000008
0.000008
0.000003
0.000003
0.000001
-0.000001
-0.000006
-0.000005
-0.000005
-0.000005
-0.000006
-0.000004
-0.000004
-0.000005
-0.000004
-0.000003
-0.000005
-0.000005
-0.000005
-0.000007
-0.000006
-0.000005
-0.000003
-0.000004
-0.000005
-0.000006
-0.000005
-0.000005
-0.000006
-0.000007
-0.000004
-0.000009
-0.000008
-0.000005
0.001326
-0.000011
-0.000010
-0.000013
-0.000011
-0.000011
-0.000010
-0.000010
-0.000006
-0.000006
-0.000004
-0.000003
-0.000001
-0.000000
0.000004
0.000006
0.000006
0.000006
0.000005
0.000005
0.000008
0.000011
0.000013
0.000011
0.000009
0.000010
0.000011
0.000014
0.000012
0.000010
0.000010
0.000011
0.000013
0.000012
0.000012
0.000011
0.000013
0.000012
0.000011
0.000007
0.000005
0.000004
0.000005
0.000002
0.000000
-0.000006
-0.000005
-0.000006
-0.000006
-0.000004
-0.000004
-0.000004
-0.000005
-0.000005
-0.000001
-0.000006
-0.000006
-0.000006
-0.000006
-0.000006
-0.000006
-0.000005
-0.000005
-0.000006
-0.000006
-0.000004
-0.000005
-0.000006
-0.000004
-0.000008
-0.000006
-0.000006
-0.000007
-0.000004
-0.000010
-0.000011
-0.000015
-0.000013
-0.000010
-0.000011
-0.000012
-0.000007
-0.000007
-0.000007
-0.000004
-0.000001
0.000001
0.000004
0.000005
0.000005
0.000006
0.000004
0.000005
0.000008
0.000012
0.000012
0.000015
0.000012
0.000012
0.000013
0.000014
0.000012
0.000011
0.000010
0.000011
0.000011
0.000013
0.000012
0.000010
0.000013
0.000009
0.000011
0.000008
0.000008
0.000004
0.000001
0.000001
-0.000001
-0.000007
-0.000006
-0.000007
-0.000007
-0.000004
-0.000003
-0.000005
-0.000005
-0.000003
-0.000006
-0.000006
-0.000006
-0.000007
-0.000003
-0.000006
-0.000005
-0.000005
-0.000007
-0.000007
-0.000003
-0.000006
-0.000005
-0.000008
-0.000008
-0.000007
-0.000008
-0.000008
-0.000008
-0.000004
-0.000012
-0.000009
-0.000012
-0.000011
-0.000010
-0.000013
-0.000012
-0.000011
-0.000011
-0.000011
-0.000005
-0.000003
-0.000002
0.000003
0.000002
0.000004
0.000006
0.000004
0.000005
0.000008
0.000008
0.000011
0.000010
0.000012
0.000015
0.000013
0.000015
0.000014
0.000011
0.000009
0.000011
0.000011
0.000012
0.000013
0.000010
0.000011
0.000010
0.000009
0.000008
0.000009
0.000005
0.000001
0.000000
-0.000003
-0.000005
-0.000004
-0.000006
-0.000005
-0.000004
-0.000004
-0.000003
-0.000005
-0.000004
-0.000006
-0.000007
-0.000006
-0.000006
-0.000005
-0.000006
-0.000007
-0.000005
-0.000007
-0.000007
-0.000007
-0.000006
-0.000006
-0.000009
-0.000006
-0.000008
-0.000009
-0.000008
-0.000008
-0.000004
-0.000007
-0.000011
-0.000011
-0.000011
-0.000013
-0.000013
-0.000013
-0.000013
-0.000010
-0.000010
-0.000007
-0.000005
-0.000003
-0.000002
0.000001
0.000002
0.000001
0.000002
0.000004
0.000007
0.000009
0.000012
0.000011
0.000014
0.000015
0.000015
0.000014
0.000015
0.000011
0.000011
0.000009
0.000011
0.000013
0.000012
0.000012
0.000014
0.000010
0.000009
0.000007
0.000006
0.000003
-0.000002
-0.000005
-0.000006
-0.000007
-0.000008
-0.000008
-0.000005
-0.000004
-0.000003
-0.000005
-0.000005
-0.000007
-0.000006
-0.000002
-0.000006
-0.000006
-0.000005
-0.000006
-0.000008
-0.000007
-0.000006
-0.000007
-0.000007
-0.000005
-0.000007
-0.000006
-0.000007
-0.000007
-0.000008
-0.000008
-0.000009
0.000725
-0.000008
-0.000011
-0.000012
-0.000013
-0.000015
-0.000013
-0.000015
-0.000014
-0.000012
-0.000009
-0.000008
-0.000005
-0.000005
-0.000005
-0.000001
0.000000
0.000002
0.000003
0.000005
0.000007
0.000008
0.000011
-0.000192
-0.000296
-0.000187
-0.000094
-0.000069
-0.000092
-0.000147
-0.000024
0.000046
0.000046
0.000012
-0.000003
0.000010
0.000011
0.000012
0.000009
0.000008
0.000003
-0.000003
-0.000007
-0.000007
-0.000006
-0.000007
-0.000007
-0.000006
-0.000007
-0.000005
-0.000003
-0.000005
-0.000005
-0.000007
-0.000006
-0.000007
-0.000007
-0.000007
-0.000008
-0.000006
-0.000007
-0.000005
-0.000007
-0.000007
-0.000007
-0.000006
-0.000007
-0.000009
-0.000007
-0.000007
-0.000009
-0.000007
-0.000007
-0.000005
-0.000010
-0.000010
-0.000015
-0.000013
-0.000013
-0.000013
-0.000013
-0.000015
-0.000010
-0.000009
-0.000010
-0.000007
-0.000007
-0.000006
-0.000004
-0.000002
-0.000002
0.000001
0.000005
0.000007
0.000008
-0.000408
-0.003184
-0.003831
-0.004013
-0.004377
-0.002354
-0.003110
-0.007656
-0.003772
-0.004079
-0.001223
-0.001152
-0.000738
-0.000035
0.000010
0.000012
0.000008
0.000004
0.000002
-0.000003
-0.000006
-0.000009
-0.000009
-0.000008
-0.000005
-0.000008
-0.000006
-0.000007
-0.000006
-0.000004
-0.000005
-0.000005
-0.000008
-0.000006
-0.000008
-0.000006
-0.000008
-0.000008
-0.000008
-0.000007
-0.000008
-0.000009
-0.000008
-0.000008
-0.000008
-0.000008
-0.000009
-0.000008
-0.000007
-0.000007
-0.000009
-0.000002
-0.000003
-0.000008
-0.000015
-0.000017
-0.000013
-0.000011
-0.000013
-0.000010
-0.000010
-0.000008
-0.000009
-0.000009
-0.000007
-0.000005
-0.000005
-0.000002
-0.000003
0.000000
0.000006
0.000005
-0.000242
-0.002368
-0.003659
-0.004589
-0.004485
-0.005113
-0.005061
-0.004521
-0.007146
-0.011317
-0.035291
-0.004428
-0.001064
-0.000026
0.000012
0.000012
0.000007
0.000007
0.000007
0.000001
-0.000003
-0.000007
-0.000007
-0.000008
-0.000008
-0.000008
-0.000008
-0.000006
-0.000008
-0.000006
-0.000006
-0.000006
-0.000008
-0.000006
-0.000007
-0.000008
-0.000008
-0.000008
-0.000009
-0.000008
-0.000008
-0.000009
-0.000009
-0.000008
-0.000007
-0.000008
-0.000008
-0.000008
-0.000009
-0.000009
-0.000008
-0.000008
-0.000004
-0.000002
-0.000006
-0.000016
-0.000016
-0.000012
-0.000012
-0.000013
-0.000013
-0.000012
-0.000010
-0.000010
-0.000009
-0.000008
-0.000006
-0.000003
-0.000003
0.000064
0.000060
0.000054
0.000037
-0.000907
-0.006226
-0.006875
-0.003274
-0.001341
-0.002944
-0.003612
-0.003645
-0.003692
-0.000519
-0.001601
-0.003323
-0.000084
0.000016
0.000013
0.000015
0.000008
0.000008
0.000004
0.000001
-0.000003
-0.000006
-0.000007
-0.000009
-0.000009
-0.000009
-0.000008
-0.000008
-0.000007
-0.000008
-0.000008
-0.000007
-0.000008
-0.000007
-0.000004
-0.000007
-0.000006
-0.000007
-0.000008
-0.000007
-0.000009
-0.000009
-0.000009
-0.000008
-0.000008
-0.000009
-0.000010
-0.000009
-0.000008
-0.000013
-0.000008
-0.000008
-0.001100
-0.000001
-0.000005
-0.000015
-0.000013
-0.000014
-0.000014
-0.000015
-0.000014
-0.000014
-0.000014
-0.000012
-0.000010
-0.000006
-0.000005
-0.000020
-0.000010
-0.000013
0.000068
-0.000002
0.000050
0.000102
-0.000018
-0.000379
-0.000293
-0.000311
0.000238
-0.002108
-0.002880
-0.000262
0.000013
-0.000052
-0.001551
-0.000106
0.000018
0.000064
0.000151
0.000163
0.000054
0.000002
0.000002
-0.000003
-0.000009
-0.000009
-0.000010
-0.000010
-0.000005
-0.000009
-0.000008
-0.000009
-0.000006
-0.000006
-0.000006
-0.000006
-0.000007
-0.000008
-0.000007
-0.000008
-0.000008
-0.000007
-0.000008
-0.000008
-0.000009
-0.000008
-0.000008
-0.000009
-0.000010
-0.000010
-0.000008
-0.000010
-0.000009
-0.000010
-0.000008
-0.000007
-0.000001
-0.000003
-0.000013
-0.000015
-0.000016
-0.000016
-0.000016
-0.000014
-0.000015
-0.000013
-0.000011
-0.000008
-0.000008
-0.000030
0.000322
0.000985
0.000755
-0.000212
-0.000017
0.000125
0.000067
0.000020
-0.000081
-0.000171
-0.000134
0.000416
-0.001473
0.000117
0.000115
0.000005
-0.000141
-0.000237
-0.000160
-0.000052
0.000760
0.002175
0.002460
0.001284
0.000172
0.000034
-0.000001
-0.000010
-0.000011
-0.000011
-0.000011
-0.000011
-0.000008
-0.000007
-0.000006
-0.000008
-0.000004
-0.000007
-0.000007
-0.000007
-0.000006
-0.000007
-0.000007
-0.000008
-0.000007
-0.000008
-0.000009
-0.000008
-0.000008
-0.000008
-0.000009
-0.000010
-0.000009
-0.000010
-0.000007
-0.000008
-0.000007
-0.000008
-0.000008
-0.000001
-0.000002
-0.000010
-0.000014
-0.000015
-0.000018
-0.000017
-0.000019
-0.000016
-0.000014
-0.000012
-0.000006
-0.000012
0.000082
0.000259
0.003433
-0.000369
-0.000023
0.000040
0.000042
0.000041
0.000026
-0.000104
-0.000063
-0.000031
-0.000544
-0.000463
0.000130
-0.000042
-0.000128
-0.000070
0.000079
0.000700
0.001618
0.002978
0.004474
0.003824
0.004800
0.002548
0.000700
0.000147
-0.000003
-0.000010
-0.000012
-0.000016
-0.000013
-0.000011
-0.000011
-0.000008
-0.000007
-0.000007
-0.000007
-0.000008
-0.000005
-0.000008
-0.000008
-0.000006
-0.000008
-0.000008
-0.000006
-0.000007
-0.000007
-0.000008
-0.000010
-0.000009
-0.000009
-0.000008
-0.000009
-0.000007
-0.000008
-0.000007
-0.000007
-0.000004
-0.000001
-0.000004
-0.000007
-0.000013
-0.000017
-0.000017
-0.000017
-0.000017
-0.000015
-0.000015
-0.000015
-0.000016
-0.000008
0.000119
0.000938
0.002497
-0.002186
-0.000324
0.000030
0.000041
0.000041
-0.000004
0.000019
0.000090
-0.001737
-0.000427
-0.000150
-0.000049
0.000516
-0.001103
-0.000079
0.001027
0.000995
0.001495
0.005056
0.007057
0.007927
0.007583
0.007893
0.003198
0.000092
0.000350
0.000077
-0.000015
-0.000023
-0.000020
-0.000016
-0.000014
-0.000009
-0.000007
-0.000009
-0.000008
-0.000009
-0.000008
-0.000008
-0.000008
-0.000008
-0.000009
-0.000007
-0.000005
-0.000008
-0.000009
-0.000010
-0.000009
-0.000008
-0.000009
-0.000009
-0.000006
-0.000009
-0.000007
-0.000006
-0.000006
-0.000596
-0.000001
-0.000001
-0.000007
-0.000013
-0.000017
-0.000019
-0.000018
-0.000019
-0.000016
-0.000015
-0.000020
-0.000015
-0.000013
0.000079
0.000791
0.005320
-0.000375
-0.000292
0.000035
0.000040
0.000044
0.000006
0.003242
0.002856
0.002781
0.003527
0.004712
0.006088
0.002794
0.000615
0.000672
0.001588
0.002020
0.002115
0.004215
0.006657
0.009339
0.009671
0.010618
0.006495
0.001157
0.001331
0.000962
0.000319
0.000042
-0.000084
-0.000022
-0.000013
-0.000008
-0.000007
-0.000008
-0.000007
-0.000007
-0.000006
-0.000008
-0.000009
-0.000008
-0.000010
-0.000008
-0.000008
-0.000010
-0.000009
-0.000010
-0.000010
-0.000010
-0.000008
-0.000008
-0.000009
-0.000007
-0.000007
-0.000005
-0.000006
-0.000005
-0.000000
0.000000
-0.000004
-0.000011
-0.000016
-0.000018
-0.000017
-0.000020
-0.000018
-0.000020
-0.000017
-0.000018
-0.000021
0.000012
0.000774
0.010439
0.001417
0.000060
0.000101
0.000068
0.000023
0.005281
0.005187
0.005445
0.008675
0.013140
0.013943
0.011312
0.011293
0.004066
0.000578
0.000661
0.001053
0.000020
0.000530
0.003939
0.008583
0.011266
0.011425
0.008349
0.001384
0.001887
0.001933
0.002635
0.003627
0.000021
-0.000147
-0.000016
-0.000010
-0.000007
-0.000008
-0.000008
-0.000007
-0.000009
-0.000008
-0.000009
-0.000010
-0.000007
-0.000009
-0.000009
-0.000009
-0.000009
-0.000009
-0.000009
-0.000010
-0.000010
-0.000009
-0.000009
-0.000008
-0.000008
-0.000007
-0.000006
-0.000004
0.000000
0.000000
-0.000004
-0.000005
-0.000011
-0.000017
-0.000020
-0.000020
-0.000019
-0.000017
-0.000020
-0.000022
-0.000020
-0.000020
0.000130
0.001501
0.013562
0.001628
0.000146
0.000033
0.004219
0.007207
0.005312
0.003354
0.005129
0.008626
0.012810
0.011817
0.010796
0.005165
0.000351
-0.000364
-0.000159
-0.000081
-0.001255
0.000983
0.003817
0.007734
0.010795
0.009048
0.002903
0.001268
0.002074
0.002846
0.005884
0.004319
-0.000853
-0.000087
-0.000008
-0.000008
-0.000009
-0.000009
-0.000010
-0.000007
-0.000009
-0.000010
-0.000009
-0.000008
-0.000010
-0.000009
-0.000009
-0.000010
-0.000011
-0.000014
-0.000009
-0.000009
-0.000009
-0.000011
-0.000006
-0.000006
-0.000006
-0.000002
-0.000004
0.000000
0.000000
-0.000001
-0.000004
-0.000009
-0.000015
-0.000017
-0.000021
-0.000018
-0.000021
-0.000020
-0.000019
-0.000015
-0.000019
0.000067
0.001323
0.010190
0.003814
0.001115
0.003003
0.003997
0.004621
0.006381
0.007507
0.006065
0.006475
0.008268
0.008599
0.006906
0.001823
0.000359
-0.000368
-0.000306
-0.000180
-0.001197
-0.000352
-0.000138
0.002634
0.007625
0.007214
0.002336
0.000537
0.000786
0.002451
0.002832
0.006260
0.003776
0.000506
-0.000021
-0.000008
-0.000007
-0.000008
-0.000009
-0.000008
-0.000008
-0.000008
-0.000009
-0.000009
-0.000010
-0.000010
-0.000009
-0.000010
-0.000010
-0.000010
-0.000009
-0.000008
-0.000008
-0.000012
-0.000010
-0.000006
-0.000006
-0.000006
-0.000002
0.000002
0.000001
0.000000
-0.000001
-0.000009
-0.000010
-0.000014
-0.000021
-0.000021
-0.000022
-0.000023
-0.000022
-0.000021
-0.000016
0.000049
0.001101
0.000116
0.001228
0.001733
0.002214
0.002395
0.002709
0.003369
0.004344
0.004557
0.006011
0.007001
0.002904
0.001741
0.000442
0.000461
-0.000263
-0.001084
-0.000160
-0.000337
-0.001276
-0.000636
0.000184
0.003068
0.004429
0.001386
0.000514
0.000234
0.000521
0.001563
0.005907
0.005344
0.003954
0.000300
-0.000010
-0.000010
-0.000008
-0.000009
-0.000009
-0.000007
-0.000008
-0.000009
-0.000009
-0.000011
-0.000010
-0.000010
-0.000010
-0.000009
-0.000011
-0.000008
-0.000010
-0.000009
-0.000007
-0.000007
-0.000004
-0.000005
-0.000005
-0.000002
0.000002
0.000001
0.000000
-0.000000
-0.000005
-0.000006
-0.000012
-0.000016
-0.000020
-0.000023
-0.000023
-0.000025
-0.000028
-0.000026
-0.000033
-0.000044
-0.000037
-0.000014
-0.000020
-0.000041
0.000136
0.001475
0.001828
0.002409
0.002904
0.003211
0.003739
0.002007
0.001479
0.000764
0.000118
-0.002897
-0.001128
-0.000497
-0.000300
-0.000900
0.000234
0.000609
0.001377
0.001744
0.002030
0.002055
0.001105
0.000563
0.000166
0.004411
0.006219
0.006310
-0.000172
0.000348
-0.000007
-0.000008
-0.000009
-0.000009
-0.000008
-0.000011
-0.000007
-0.000009
-0.000011
-0.000012
-0.000011
-0.000009
-0.000009
-0.000008
-0.000007
-0.000009
-0.000006
-0.000005
-0.000007
-0.000004
-0.000007
-0.000006
-0.000003
0.000002
0.000004
0.000002
0.000000
-0.000007
-0.000006
-0.000011
-0.000016
-0.000021
-0.000023
-0.000027
-0.000028
-0.000027
-0.000031
-0.000035
-0.000043
-0.000032
-0.000047
-0.000061
-0.000061
-0.000057
0.000164
0.000938
0.011656
0.005801
-0.000273
-0.001043
-0.001179
-0.001490
-0.003582
-0.006379
-0.004182
-0.002580
-0.000783
0.000464
-0.000230
-0.000340
-0.000056
0.001037
0.001598
0.001219
0.002529
0.000861
0.000408
0.001788
0.001387
0.004771
0.005080
0.000621
-0.000766
0.000260
-0.000008
-0.000009
-0.000010
-0.000006
-0.000007
-0.000009
-0.000014
-0.000009
-0.000010
-0.000010
-0.000010
-0.000010
-0.000010
-0.000008
-0.000007
-0.000003
-0.000005
-0.000007
-0.000004
-0.000005
-0.000005
-0.000004
0.000001
0.000003
0.000001
-0.000000
-0.000005
-0.000007
-0.000012
-0.000014
-0.000019
-0.000024
-0.000027
-0.000028
-0.000033
-0.000035
-0.000043
-0.000044
-0.000048
-0.000046
-0.000046
-0.000052
0.000208
0.006046
0.007651
0.010840
0.009344
0.000808
0.000394
0.000713
0.000875
-0.003451
-0.007839
-0.005119
-0.002807
-0.000932
-0.001095
-0.001498
-0.001697
-0.000864
-0.000647
0.000879
0.001038
0.001596
0.001218
0.000971
0.000058
0.000675
0.002587
0.002229
0.000316
-0.000852
-0.000965
0.000445
-0.000011
-0.000009
-0.000009
-0.000009
-0.000011
-0.000012
-0.000012
-0.000010
-0.000012
-0.000010
-0.000010
-0.000005
-0.000007
-0.000007
-0.000009
-0.000011
-0.000008
-0.000009
-0.000008
-0.000004
-0.000005
0.000005
0.000002
0.000003
-0.000000
-0.000005
-0.000007
-0.000008
-0.000014
-0.000015
-0.000023
-0.000025
-0.000031
-0.000035
-0.000036
-0.000039
-0.000042
-0.000046
-0.000046
-0.000055
-0.000018
0.002480
0.003641
0.004365
0.005667
0.008708
0.007877
0.006371
0.006741
0.003506
-0.001659
-0.006020
-0.004437
-0.001943
-0.000181
0.001199
-0.002054
-0.002892
-0.002915
-0.000821
-0.000801
-0.000376
-0.000043
0.000995
0.000736
0.000201
-0.000006
-0.001968
-0.000249
0.000846
-0.001031
-0.002159
-0.001569
0.000435
-0.000010
-0.000009
-0.000007
-0.000006
-0.000010
-0.000010
-0.000009
-0.000009
-0.000004
-0.000008
-0.000011
-0.000003
-0.000007
-0.000006
-0.000012
-0.000009
-0.000012
-0.000004
-0.000006
-0.000007
0.000005
0.000004
0.000003
0.000003
-0.000000
-0.000006
-0.000008
-0.000009
-0.000012
-0.000016
-0.000026
-0.000033
-0.000041
-0.000040
-0.000042
-0.000046
-0.000043
-0.000049
-0.000075
-0.000042
0.001268
0.002962
0.003407
0.004379
0.007275
0.011606
0.010151
0.011713
0.009325
0.002679
-0.006709
-0.003801
-0.000736
0.000351
0.000299
-0.004211
-0.003444
-0.002983
-0.002290
-0.002128
-0.001382
-0.001396
-0.000836
-0.000246
-0.001186
-0.003543
-0.001338
-0.001117
-0.000476
-0.001779
-0.002666
-0.002020
-0.000684
0.000034
-0.000026
-0.000007
-0.000007
-0.000010
-0.000007
-0.000015
-0.000007
0.000030
-0.000006
-0.000008
-0.000006
-0.000006
-0.000010
-0.000010
-0.000010
-0.000007
-0.000010
-0.000005
-0.000008
0.000007
0.000004
0.000005
0.000006
0.000004
-0.000006
-0.000006
-0.000009
-0.000007
-0.000016
-0.000023
-0.000032
-0.000037
-0.000041
-0.000043
-0.000046
-0.000050
-0.000065
-0.000076
-0.000096
-0.000299
0.001796
0.003238
0.003606
0.004741
0.006122
0.010136
0.012588
0.013562
0.006146
-0.006297
-0.002383
-0.000477
0.000880
0.000308
-0.002058
-0.003663
-0.002909
-0.002316
-0.002740
-0.003222
-0.003716
-0.003241
-0.003979
-0.003875
-0.001797
-0.005073
-0.001145
-0.001186
-0.003446
-0.003015
-0.001949
-0.001221
-0.001130
-0.000961
-0.000059
-0.000007
-0.000006
-0.000008
-0.000030
-0.000009
-0.000006
-0.000009
-0.000007
-0.000007
-0.000007
-0.000009
-0.000007
-0.000008
-0.000007
-0.000007
-0.000006
-0.000006
0.000010
0.000007
0.000008
0.000008
0.000007
-0.000002
-0.000006
-0.000008
-0.000012
-0.000014
-0.000017
-0.000031
-0.000039
-0.000041
-0.000043
-0.000049
-0.000077
-0.000078
-0.000082
-0.000095
-0.000164
-0.000221
0.000978
0.003136
0.003937
0.005528
0.006909
0.010841
0.013702
0.007194
-0.007248
-0.002915
-0.001043
0.000019
-0.000403
-0.002297
-0.003245
-0.003776
-0.002421
-0.002930
-0.003510
-0.003495
-0.003514
-0.004287
-0.003530
-0.002976
-0.001552
-0.001107
-0.002056
-0.001793
-0.003042
-0.001121
-0.001229
-0.000633
-0.000805
-0.000134
0.000053
0.000024
-0.000009
-0.000009
-0.000009
-0.000006
-0.000007
-0.000008
-0.000008
-0.000009
-0.000006
-0.000005
-0.000005
-0.000007
-0.000008
-0.000007
-0.000009
0.000011
0.000008
0.000009
0.000008
0.000010
0.000011
0.000015
0.000014
0.000022
-0.000011
-0.000015
-0.000028
-0.000030
-0.000064
-0.000060
-0.000066
-0.000073
-0.000083
-0.000106
-0.000105
-0.000107
-0.000135
0.000421
0.002962
0.003747
0.004646
0.006460
0.010749
0.013303
0.005498
-0.004778
-0.004790
-0.003530
-0.000935
-0.001357
-0.001632
-0.002673
-0.002953
-0.003616
-0.003018
-0.003896
-0.003905
-0.002974
-0.003102
-0.002693
-0.002893
-0.001692
-0.000034
-0.000873
-0.000612
0.000048
-0.000033
-0.000065
0.001732
0.001561
0.000344
0.000861
0.000640
0.000149
0.000196
0.000197
-0.000009
-0.000009
-0.000007
-0.000008
-0.000006
-0.000007
-0.000005
-0.000008
-0.000008
-0.000007
-0.000010
-0.000011
0.000011
0.000008
0.000011
0.000009
0.000013
0.000019
0.000017
0.000017
0.000013
0.000013
0.000019
0.000019
-0.000025
-0.000063
-0.000070
-0.000074
-0.000061
-0.000071
-0.000083
-0.000086
-0.000083
0.000015
0.000009
0.000097
0.000259
0.000284
0.000230
0.001251
0.000292
-0.000791
-0.004735
-0.004990
-0.005389
-0.005169
-0.003025
-0.002178
-0.001810
-0.002931
-0.004064
-0.003438
-0.004028
-0.004548
-0.003790
-0.002994
-0.003650
-0.003517
-0.002760
-0.002146
-0.000141
0.000854
0.003857
0.003132
0.002778
0.006967
0.006022
0.004713
0.004319
0.003661
0.004211
0.005325
0.003358
0.000218
0.000025
-0.000008
-0.000010
-0.000008
-0.000008
-0.000007
-0.000013
-0.000011
-0.000010
-0.000008
-0.000008
0.000013
0.000014
0.000013
0.000014
0.000016
0.000018
0.000018
0.000015
0.000015
0.000013
0.000017
0.000016
0.000021
0.000028
0.000025
-0.000049
0.000012
0.000025
0.000022
0.000012
0.000012
0.000023
0.000021
0.000027
0.000032
0.000033
0.000066
0.000158
0.001089
0.000425
0.000668
-0.003854
-0.006016
-0.004734
-0.002818
-0.002261
-0.003170
-0.004171
-0.004538
-0.004494
-0.005653
-0.004624
-0.004381
-0.004441
-0.005436
-0.005621
-0.004219
-0.003293
-0.002739
0.002651
0.007204
0.008351
0.006959
0.010913
0.010785
0.009611
0.008300
0.009559
0.008972
0.009332
0.006470
0.005635
0.002226
0.000013
-0.000005
-0.000006
-0.000009
-0.000011
-0.000013
-0.000011
-0.000012
0.000013
0.000018
0.000018
0.000016
0.000010
0.000013
0.000016
0.000017
0.000020
0.000019
0.000016
0.000018
0.000020
0.000022
0.000018
0.000022
0.000024
0.000014
0.000024
0.000027
0.000026
0.000025
0.000017
0.000023
0.000024
0.000027
0.000030
0.000031
0.000024
0.000004
-0.000555
0.000705
0.000339
-0.000100
-0.000417
-0.000661
-0.000336
-0.000104
-0.000088
-0.001857
-0.002868
-0.003579
-0.004784
-0.004680
-0.004040
-0.005065
-0.006807
-0.006939
-0.005293
-0.003234
-0.002344
-0.002003
0.007185
0.010975
0.010830
0.011870
0.011600
0.012719
0.011955
0.007336
0.004391
0.002600
0.000840
0.000289
0.000096
0.000015
-0.000017
-0.000019
-0.000022
-0.000017
-0.000012
-0.000014
-0.000012
-0.000011
-0.000007
0.000020
0.000021
0.000017
0.000014
0.000016
0.000020
0.000024
0.000016
0.000016
0.000011
0.000017
0.000024
0.000026
0.000027
0.000028
0.000025
0.000020
0.000027
0.000029
0.000027
0.000018
0.000023
0.000025
0.000029
0.000026
0.000029
0.000017
-0.000022
-0.000015
-0.000093
-0.001125
-0.000184
-0.001005
-0.000107
0.000001
0.000029
0.000028
-0.000242
-0.000338
-0.000308
-0.000296
-0.000296
-0.000331
0.000777
-0.005129
-0.005580
-0.004187
-0.002641
-0.002522
-0.002719
-0.002184
0.008290
0.010046
0.004854
0.005266
0.005312
0.004170
0.002134
0.000189
0.000063
-0.000009
-0.000030
-0.000032
-0.000026
-0.000023
-0.000023
-0.000023
-0.000023
-0.000018
-0.000011
-0.000010
-0.000009
0.000000
0.000025
0.000024
0.000025
0.000021
0.000017
0.000020
0.000025
0.000023
0.000018
0.000016
0.000017
0.000023
0.000029
0.000030
0.000028
0.000023
0.000024
0.000027
0.000027
0.000023
0.000022
0.000023
0.000024
0.000021
0.000024
0.000029
0.000024
0.000015
0.000014
-0.000092
-0.000055
0.000004
-0.000012
0.000032
0.000033
0.000034
0.000025
0.000016
0.000015
0.000021
0.000016
0.000016
0.000009
0.000011
0.000976
-0.004264
-0.004104
-0.003053
-0.002963
-0.002997
-0.002695
0.003484
0.004670
0.002362
0.003219
0.001354
0.000303
0.000121
-0.000008
-0.000032
-0.000028
-0.000031
-0.000031
-0.000028
-0.000019
-0.000025
-0.000026
-0.000021
-0.000019
-0.000012
-0.000013
-0.000012
-0.000008
0.000021
0.000029
0.000029
0.000024
0.000022
0.000021
0.000022
0.000027
0.000020
0.000018
0.000022
0.000025
0.000027
0.000030
0.000029
0.000032
0.000024
0.000033
0.000023
0.000021
0.000029
0.000022
0.000024
0.000023
0.000024
0.000029
0.000026
0.000021
0.000026
0.000027
0.000026
0.000031
0.000033
0.000034
0.000037
0.000034
0.000035
0.000017
0.000012
0.000016
0.000021
0.000016
0.000014
0.000009
0.000011
0.000782
-0.003522
-0.003210
-0.002596
-0.002105
-0.001099
0.001461
0.003350
0.000128
0.000102
0.000017
-0.000019
-0.000022
-0.000029
-0.000031
-0.000030
-0.000025
-0.000019
-0.000025
-0.000016
-0.000022
-0.000020
-0.000023
-0.000021
-0.000017
-0.000014
-0.000012
-0.000011
0.000023
0.000028
0.000030
0.000031
0.000024
0.000020
0.000024
0.000017
0.000022
0.000023
0.000022
0.000026
0.000030
0.000029
0.000027
0.000035
0.000024
0.000032
0.000030
0.000021
0.000029
0.000020
0.000025
0.000028
0.000027
0.000033
0.000032
0.000022
0.000026
0.000027
0.000028
0.000030
0.000033
0.000034
0.000037
0.000035
0.000032
0.000016
0.000011
0.000019
0.000022
0.000019
0.000014
0.000012
0.000012
0.000009
0.000117
-0.002203
-0.000655
0.002138
0.004632
0.008760
0.006016
0.000329
0.000008
0.000021
0.000011
-0.000017
-0.000029
-0.000025
-0.000027
-0.000022
-0.000022
-0.000022
-0.000019
-0.000022
-0.000021
-0.000020
-0.000019
-0.000014
-0.000013
-0.000011
-0.000014
0.000019
0.000023
0.000030
0.000031
0.000025
0.000016
0.000021
0.000028
0.000022
0.000021
0.000021
0.000024
0.000030
0.000031
0.000030
0.000031
0.000029
0.000024
0.000033
0.000026
0.000026
0.000021
0.000024
0.000026
0.000030
0.000034
0.000033
0.000034
0.000033
0.000028
0.000027
0.000030
0.000034
0.000036
0.000038
0.000034
0.000033
0.000016
0.000018
0.000020
0.000024
0.000018
0.000014
0.000016
0.000017
0.000017
-0.000022
-0.000202
0.000943
0.002873
0.005335
0.005057
0.000791
0.000039
0.000010
-0.000002
-0.000014
-0.000017
-0.000020
-0.000027
-0.000029
-0.000021
-0.000018
-0.000025
-0.000013
-0.000018
-0.000019
-0.000021
-0.000021
-0.000019
-0.000009
-0.000012
-0.000013
0.000018
0.000020
0.000028
0.000026
0.000025
0.000019
0.000015
0.000027
0.000015
0.000017
0.000017
0.000019
0.000027
0.000032
0.000034
0.000031
0.000035
0.000030
0.000029
0.000031
0.000029
0.000023
0.000021
0.000025
0.000030
0.000034
0.000036
0.000036
0.000035
0.000027
0.000027
0.000029
0.000032
0.000031
0.000037
0.000034
0.000026
0.000024
0.000018
0.000022
0.000019
0.000020
0.000018
0.000017
0.000020
0.000017
0.000018
-0.000005
0.000168
0.000402
0.002916
0.000436
0.000033
0.000013
0.000006
-0.000001
-0.000012
-0.000018
-0.000019
-0.000029
-0.000032
-0.000027
-0.000024
-0.000024
-0.000020
-0.000018
-0.000025
-0.000022
-0.000024
-0.000019
-0.000015
-0.000014
-0.000015
0.000015
0.000016
0.000019
0.000017
0.000023
0.000023
0.000020
0.000022
0.000017
0.000022
0.000014
0.000016
0.000020
0.000027
0.000029
0.000028
0.000030
0.000024
0.000029
0.000028
0.000026
0.000027
0.000024
0.000025
0.000033
0.000038
0.000041
0.000042
0.000039
0.000031
0.000024
0.000024
0.000033
0.000032
0.000035
0.000030
0.000032
0.000030
0.000025
0.000024
0.000022
0.000020
0.000021
0.000021
0.000017
0.000017
0.000021
0.000022
0.000023
0.000051
0.000153
0.000023
0.000018
0.000013
0.000009
0.000001
-0.000006
-0.000016
-0.000022
-0.000030
-0.000027
-0.000024
-0.000027
-0.000026
-0.000024
-0.000022
-0.000022
-0.000022
-0.000021
-0.000026
-0.000019
-0.000017
-0.000015
0.000017
0.000016
0.000023
0.000022
0.000022
0.000018
0.000018
0.000018
0.000012
0.000016
0.000012
0.000016
0.000022
0.000028
0.000030
0.000027
0.000028
0.000028
0.000029
0.000029
0.000028
0.000030
0.000034
0.000032
0.000032
0.000037
0.000039
0.000041
0.000037
0.000029
0.000020
0.000028
0.000032
0.000031
0.000029
0.000031
0.000030
0.000023
0.000020
0.000017
0.000024
0.000023
0.000025
0.000016
0.000013
0.000016
0.000015
0.000018
0.000024
0.000021
0.000018
0.000018
0.000016
0.000016
0.000013
0.000007
-0.000001
-0.000014
-0.000017
-0.000023
-0.000028
-0.000022
-0.000024
-0.000027
-0.000025
-0.000023
-0.000021
-0.000019
-0.000023
-0.000028
-0.000027
-0.000017
-0.000015
0.000019
0.000019
0.000021
0.000027
0.000020
0.000011
0.000019
0.000020
0.000019
0.000025
0.000018
0.000018
0.000023
0.000029
0.000031
0.000028
0.000027
0.000030
0.000028
0.000034
0.000031
0.000033
0.000035
0.000035
0.000037
0.000037
0.000037
0.000041
0.000040
0.000031
0.000025
0.000031
0.000033
0.000033
0.000037
0.000049
0.000034
0.000048
0.000017
0.000009
0.000022
0.000012
0.000011
0.000012
0.000020
0.000020
0.000022
0.000019
0.000020
0.000018
0.000020
0.000018
0.000018
0.000037
0.000012
0.000009
0.000004
-0.000012
-0.000020
-0.000023
-0.000029
-0.000025
-0.000021
-0.000023
-0.000024
-0.000022
-0.000021
-0.000019
-0.000023
-0.000020
-0.000021
-0.000016
-0.000011
