-0.000033
-0.000044
-0.000037
0.000632
-0.000033
-0.000032
-0.000033
0.000438
-0.000035
-0.000039
-0.000036
-0.000603
-0.000043
-0.000040
-0.000047
-0.000045
-0.000043
-0.000043
-0.000038
-0.000039
-0.000036
-0.000030
-0.000024
-0.000026
-0.000030
-0.000023
-0.000028
-0.000030
-0.000025
-0.000027
-0.000023
-0.000019
-0.000020
-0.000020
-0.000022
-0.000015
-0.000016
-0.000012
-0.000013
-0.000009
-0.000008
-0.000008
-0.000008
-0.000007
-0.000005
-0.000005
-0.000004
-0.000003
-0.000003
-0.000003
-0.000002
-0.000001
-0.000002
-0.000002
0.000000
-0.000001
-0.000002
-0.000000
-0.000000
-0.000001
-0.000003
-0.000002
-0.000001
-0.000001
0.000000
0.000000
-0.001158
-0.000001
-0.000001
-0.000001
0.000061
-0.000001
0.000195
-0.000045
-0.000041
-0.000048
-0.000042
-0.000039
-0.000038
-0.000038
-0.000040
-0.000038
-0.000042
-0.000036
-0.000041
-0.000049
-0.000042
-0.000043
-0.000038
-0.000040
-0.000035
-0.000030
-0.000027
-0.000025
-0.000033
-0.000027
-0.000028
-0.000030
-0.000028
-0.000028
-0.000024
-0.000025
-0.000026
-0.000021
-0.000019
-0.000016
-0.000023
-0.000022
-0.000017
-0.000017
-0.000011
-0.000009
-0.000011
-0.000008
-0.000007
-0.000007
-0.000006
-0.000004
-0.000005
-0.000003
-0.000004
-0.000004
-0.000003
-0.000002
-0.000002
-0.000002
-0.000002
-0.000002
-0.000001
-0.000000
-0.000000
-0.000001
-0.000000
-0.000001
-0.000002
-0.000002
-0.000002
-0.000003
-0.000002
-0.000001
-0.000002
-0.000002
-0.000003
-0.000001
-0.000001
-0.000004
-0.000041
-0.000042
-0.000039
-0.000041
-0.000041
-0.000038
-0.000037
-0.000037
-0.000038
-0.000035
-0.000039
-0.000042
-0.000043
-0.000039
-0.000032
-0.000036
-0.000036
-0.000035
-0.000032
-0.000032
-0.000032
-0.000035
-0.000033
-0.000033
-0.000036
-0.000031
-0.000027
-0.000027
-0.000031
-0.000024
-0.000024
-0.000019
-0.000019
-0.000019
-0.000017
-0.000016
-0.000015
-0.000011
-0.000010
-0.000009
-0.000009
-0.000008
-0.000007
-0.000005
-0.000006
-0.000004
-0.000004
-0.000003
-0.000003
-0.000003
-0.000003
-0.000001
-0.000001
-0.000001
-0.000002
-0.000002
-0.000002
0.000000
-0.000001
-0.000001
-0.000002
-0.000002
-0.000000
-0.000001
-0.000003
-0.000003
-0.000002
-0.000003
-0.000001
-0.000002
-0.000004
-0.000004
-0.000005
-0.000041
-0.000043
-0.000042
-0.000049
-0.000043
-0.000038
-0.000036
-0.000033
-0.000037
-0.000041
-0.000039
-0.000045
-0.000034
-0.000036
-0.000042
-0.000029
-0.000037
-0.000032
-0.000035
-0.000033
-0.000029
-0.000032
-0.000032
-0.000033
-0.000032
-0.000025
-0.000023
-0.000025
-0.000025
-0.000024
-0.000021
-0.000021
-0.000016
-0.000020
-0.000016
-0.000009
-0.000011
-0.000016
-0.000008
-0.000010
-0.000011
-0.000008
-0.000007
-0.000007
-0.000005
-0.000004
-0.000004
-0.000003
-0.000003
-0.000002
-0.000002
-0.000003
-0.000002
-0.000002
-0.000001
0.000000
-0.000002
-0.000001
-0.000001
-0.000002
-0.000003
-0.000002
-0.000002
-0.000002
-0.000003
-0.000003
-0.000004
-0.000004
-0.000003
-0.000003
-0.000004
-0.000004
-0.000005
-0.000045
-0.000043
-0.000046
-0.000045
-0.000048
-0.000047
-0.000045
-0.000034
-0.000032
-0.000038
-0.000040
-0.000039
-0.000034
-0.000031
-0.000032
-0.000035
-0.000028
-0.000036
-0.000034
-0.000029
-0.000030
-0.000036
-0.000036
-0.000033
-0.000026
-0.000027
-0.000023
-0.000025
-0.000026
-0.000028
-0.000025
-0.000021
-0.000018
-0.000025
-0.000015
-0.000013
-0.000014
-0.000012
-0.000010
-0.000011
-0.000010
-0.000010
-0.000007
-0.000007
-0.000006
-0.000004
-0.000004
-0.000003
-0.000002
-0.000003
-0.000002
-0.000002
-0.000001
-0.000000
-0.000003
-0.000003
-0.000003
-0.000003
-0.000001
-0.000002
-0.000003
-0.000002
-0.000002
-0.000003
-0.000003
-0.000003
-0.000004
-0.000004
-0.000005
-0.000002
-0.000004
-0.000004
-0.002169
-0.000046
-0.000052
-0.000050
-0.000050
-0.000046
-0.000042
-0.000044
-0.000031
-0.000037
-0.000036
-0.000043
-0.000036
-0.000038
-0.000030
-0.000027
-0.000036
-0.000039
-0.000036
-0.000041
-0.000032
-0.000031
-0.000032
-0.000032
-0.000029
-0.000024
-0.000022
-0.000027
-0.000020
-0.000025
-0.000027
-0.000018
-0.000021
-0.000021
-0.000015
-0.000008
-0.000010
-0.000009
-0.000012
-0.000011
-0.000008
-0.000010
-0.000007
-0.000006
-0.000007
-0.000007
-0.000005
-0.000004
-0.000003
-0.000002
-0.000002
-0.000002
-0.000003
-0.000002
-0.000001
-0.000002
-0.000002
-0.000002
-0.000003
-0.000002
-0.000004
-0.000003
-0.000003
-0.000003
-0.000004
-0.000004
-0.000004
-0.000002
-0.000001
-0.000004
-0.000004
-0.000003
-0.000005
-0.000005
-0.000053
-0.000049
-0.000047
-0.000047
-0.000049
-0.000044
-0.000043
-0.000033
-0.000040
-0.000041
-0.000038
-0.000034
-0.000040
-0.000035
-0.000031
-0.000033
-0.000037
-0.000038
-0.000037
-0.000036
-0.000033
-0.000030
-0.000030
-0.000031
-0.000023
-0.000028
-0.000029
-0.000034
-0.000028
-0.000022
-0.000020
-0.000029
-0.000026
-0.000019
-0.000015
-0.000008
-0.000009
-0.000013
-0.000009
-0.000009
-0.000008
-0.000008
-0.000010
-0.000006
-0.000007
-0.000004
-0.000004
-0.000001
-0.000002
-0.000002
-0.000003
-0.000002
-0.000002
-0.000003
-0.000004
-0.000002
-0.000003
-0.000004
-0.000004
-0.000004
-0.000004
-0.000004
-0.000004
-0.000003
-0.000004
-0.000004
-0.000004
-0.000003
-0.000003
-0.000004
-0.000005
-0.000005
-0.000005
-0.000047
-0.000051
-0.000053
-0.000051
-0.000037
-0.000042
-0.000045
-0.000042
-0.000034
-0.000030
-0.000031
-0.000035
-0.000039
-0.000038
-0.000034
-0.000035
-0.000043
-0.000044
-0.000039
-0.000037
-0.000035
-0.000029
-0.000028
-0.000026
-0.000025
-0.000025
-0.000026
-0.000027
-0.000027
-0.000029
-0.000026
-0.000022
-0.000024
-0.000016
-0.000012
-0.000012
-0.000008
-0.000008
-0.000008
-0.000009
-0.000008
-0.000007
-0.000009
-0.000007
-0.000006
-0.000004
-0.000004
-0.000003
-0.000002
-0.000003
-0.000003
-0.000004
-0.000004
-0.000003
-0.000002
-0.000003
-0.000003
-0.000002
-0.000005
-0.000004
-0.000000
-0.000002
-0.000004
-0.000004
-0.000005
-0.000004
-0.000004
-0.000003
-0.000005
-0.000006
-0.000006
-0.000006
-0.000005
-0.000050
-0.000049
-0.000045
-0.000049
-0.000036
-0.000044
-0.000044
-0.000047
-0.000037
-0.000034
-0.000031
-0.000029
-0.000036
-0.000038
-0.000042
-0.000035
-0.000041
-0.000040
-0.000046
-0.000039
-0.000032
-0.000034
-0.000031
-0.000031
-0.000030
-0.000037
-0.000033
-0.000028
-0.000025
-0.000022
-0.000023
-0.000018
-0.000022
-0.000018
-0.000014
-0.000013
-0.000012
-0.000010
-0.000009
-0.000005
-0.000009
-0.000007
-0.000007
-0.000008
-0.000007
-0.000004
-0.000005
-0.000004
-0.000004
-0.000002
-0.000002
-0.000003
-0.000004
-0.000003
-0.000004
-0.000004
-0.000004
-0.000004
-0.000004
-0.000001
-0.000004
-0.000004
-0.000004
-0.000004
-0.000003
-0.000002
-0.000003
-0.000004
-0.000006
-0.000006
-0.000004
-0.000004
0.001326
-0.000049
-0.000052
-0.000047
-0.000047
-0.000040
-0.000047
-0.000047
-0.000041
-0.000038
-0.000043
-0.000032
-0.000035
-0.000039
-0.000042
-0.000044
-0.000041
-0.000044
-0.000042
-0.000038
-0.000032
-0.000034
-0.000033
-0.000033
-0.000036
-0.000032
-0.000031
-0.000037
-0.000025
-0.000021
-0.000022
-0.000018
-0.000017
-0.000022
-0.000017
-0.000013
-0.000013
-0.000018
-0.000015
-0.000006
-0.000006
-0.000008
-0.000008
-0.000009
-0.000007
-0.000006
-0.000006
-0.000004
-0.000003
-0.000003
-0.000002
-0.000004
-0.000004
-0.000004
-0.000003
-0.000004
-0.000004
-0.000005
-0.000004
-0.000005
-0.000002
-0.000004
-0.000005
-0.000005
-0.000005
-0.000004
-0.000006
-0.000005
-0.000005
-0.000006
-0.000006
-0.000006
-0.000006
-0.000005
-0.000050
-0.000047
-0.000047
-0.000042
-0.000041
-0.000038
-0.000048
-0.000051
-0.000048
-0.000049
-0.000036
-0.000041
-0.000039
-0.000034
-0.000041
-0.000045
-0.000042
-0.000037
-0.000034
-0.000041
-0.000040
-0.000034
-0.000030
-0.000031
-0.000027
-0.000024
-0.000027
-0.000024
-0.000028
-0.000026
-0.000016
-0.000011
-0.000012
-0.000017
-0.000012
-0.000010
-0.000008
-0.000010
-0.000007
-0.000009
-0.000009
-0.000009
-0.000008
-0.000007
-0.000007
-0.000007
-0.000007
-0.000005
-0.000003
-0.000004
-0.000003
-0.000004
-0.000001
-0.000002
-0.000003
-0.000003
-0.000005
-0.000003
-0.000005
-0.000003
-0.000005
-0.000005
-0.000005
-0.000005
-0.000005
-0.000006
-0.000005
-0.000005
-0.000005
-0.000005
-0.000006
-0.000007
-0.000005
-0.000035
-0.000036
-0.000034
-0.000038
-0.000040
-0.000039
-0.000044
-0.000047
-0.000042
-0.000039
-0.000037
-0.000037
-0.000038
-0.000044
-0.000049
-0.000037
-0.000039
-0.000026
-0.000037
-0.000034
-0.000037
-0.000039
-0.000035
-0.000024
-0.000027
-0.000023
-0.000021
-0.000023
-0.000028
-0.000028
-0.000020
-0.000016
-0.000016
-0.000016
-0.000011
-0.000010
-0.000011
-0.000011
-0.000012
-0.000011
-0.000009
-0.000008
-0.000007
-0.000008
-0.000006
-0.000007
-0.000004
-0.000005
-0.000005
-0.000003
-0.000004
-0.000004
-0.000002
-0.000005
-0.000004
-0.000004
-0.000004
-0.000000
-0.000006
-0.000005
-0.000005
-0.000005
-0.000006
-0.000006
-0.000005
-0.000004
-0.000005
-0.000005
-0.000006
-0.000006
-0.000006
-0.000007
-0.000004
-0.000033
-0.000039
-0.000043
-0.000039
-0.000045
-0.000046
-0.000046
-0.000046
-0.000043
-0.000037
-0.000038
-0.000042
-0.000039
-0.000040
-0.000052
-0.000036
-0.000035
-0.000036
-0.000033
-0.000032
-0.000033
-0.000043
-0.000094
-0.000091
-0.000074
-0.000058
-0.000066
-0.000050
-0.000028
-0.000031
-0.000028
-0.000018
-0.000015
-0.000015
-0.000016
-0.000014
-0.000013
-0.000013
-0.000011
-0.000010
-0.000008
-0.000009
-0.000007
-0.000008
-0.000007
-0.000006
-0.000007
-0.000006
-0.000005
-0.000004
-0.000005
-0.000004
-0.000005
-0.000002
-0.000003
-0.000004
-0.000005
-0.000002
-0.000005
-0.000006
-0.000005
-0.000006
-0.000005
-0.000003
0.000013
0.000010
-0.000006
-0.000005
-0.000005
-0.000006
-0.000007
-0.000006
0.000725
-0.000047
-0.000041
-0.000049
-0.000049
-0.000046
-0.000041
-0.000039
-0.000046
-0.000050
-0.000037
-0.000039
-0.000039
-0.000039
-0.000032
-0.000042
-0.000030
-0.000038
-0.000038
-0.000035
-0.000029
-0.000040
-0.000144
-0.000894
-0.001394
-0.001739
-0.001251
-0.001345
-0.001103
-0.000189
-0.000072
-0.000031
-0.000019
-0.000023
-0.000016
-0.000020
-0.000017
-0.000013
-0.000014
-0.000013
-0.000010
-0.000010
-0.000007
-0.000008
-0.000008
-0.000006
-0.000008
-0.000006
-0.000006
-0.000004
-0.000005
-0.000005
-0.000004
-0.000003
-0.000005
-0.000006
-0.000006
-0.000005
-0.000006
-0.000006
-0.000006
-0.000006
-0.000006
-0.000006
-0.000006
-0.000006
-0.000006
-0.000007
-0.000006
-0.000005
-0.000008
-0.000007
-0.000006
-0.000003
-0.000049
-0.000046
-0.000049
-0.000050
-0.000052
-0.000048
-0.000038
-0.000047
-0.000045
-0.000039
-0.000039
-0.000036
-0.000039
-0.000033
-0.000037
-0.000034
-0.000039
-0.000047
-0.000045
-0.000041
-0.000089
-0.000503
-0.000303
-0.000524
-0.001252
-0.000685
-0.000773
-0.001213
-0.002911
-0.002155
-0.000261
-0.000026
-0.000022
-0.000019
-0.000025
-0.000017
-0.000010
-0.000013
-0.000011
-0.000007
-0.000007
-0.000008
-0.000007
-0.000007
-0.000005
-0.000007
-0.000007
-0.000005
-0.000005
-0.000004
-0.000005
-0.000005
-0.000005
-0.000005
-0.000004
-0.000004
-0.000007
-0.000007
-0.000007
-0.000005
-0.000007
-0.000007
-0.000007
-0.000007
-0.000007
-0.000006
-0.000006
-0.000005
-0.000007
-0.000008
-0.000007
-0.000007
0.000006
-0.000050
-0.000053
-0.000052
-0.000050
-0.000048
-0.000046
-0.000044
-0.000042
-0.000048
-0.000049
-0.000047
-0.000043
-0.000034
-0.000037
-0.000034
-0.000038
-0.000033
-0.000033
-0.000037
-0.000106
-0.000475
0.000058
-0.000274
-0.001221
-0.000725
0.000784
-0.000131
-0.000520
-0.002018
-0.004835
-0.001332
-0.000118
-0.000026
-0.000024
-0.000022
-0.000022
-0.000017
-0.000012
-0.000007
-0.000009
-0.000006
-0.000007
-0.000007
-0.000005
-0.000006
-0.000005
-0.000006
-0.000005
-0.000005
-0.000004
-0.000004
-0.000002
-0.000005
-0.000005
-0.000005
-0.000004
-0.000005
-0.000007
-0.000007
-0.000007
-0.000007
-0.000007
-0.000007
-0.000007
-0.000005
-0.000006
-0.000006
-0.000008
-0.000008
-0.000007
-0.000005
-0.000004
-0.000000
-0.000056
-0.000054
-0.000056
-0.000050
-0.000048
-0.000047
-0.000047
-0.000046
-0.000053
-0.000044
-0.000039
-0.000035
-0.000032
-0.000030
-0.000037
-0.000029
-0.000013
-0.000014
0.000101
-0.000511
-0.000078
-0.000822
-0.001383
-0.001126
0.000191
0.000707
0.000924
0.006415
0.004870
-0.000143
-0.000054
-0.000029
-0.000026
-0.000021
-0.000020
-0.000011
-0.000010
-0.000008
-0.000010
-0.000010
-0.000005
-0.000007
-0.000003
-0.000005
-0.000004
-0.000006
-0.000006
-0.000006
-0.000004
-0.000005
-0.000004
-0.000005
-0.000003
-0.000004
-0.000006
-0.000007
-0.000006
-0.000007
-0.000007
-0.000008
-0.000007
-0.000007
-0.000008
-0.000004
-0.000008
-0.000008
-0.000008
-0.000009
-0.000006
-0.000002
-0.000001
-0.000009
-0.001100
-0.000058
-0.000062
-0.000059
-0.000054
-0.000052
-0.000052
-0.000050
-0.000047
-0.000044
-0.000037
-0.000032
-0.000030
-0.000034
-0.000036
-0.000012
0.000002
0.000157
0.000381
0.000574
0.000383
0.000199
-0.000183
-0.000359
-0.001402
-0.001444
-0.000472
0.000543
0.000672
-0.000087
-0.000029
-0.000036
-0.000029
-0.000021
-0.000001
0.000021
0.000150
0.000194
0.000073
0.000001
0.000000
-0.000004
-0.000006
-0.000005
-0.000007
-0.000004
-0.000006
-0.000006
-0.000006
-0.000006
-0.000005
-0.000005
-0.000003
-0.000005
-0.000006
-0.000006
-0.000006
-0.000006
-0.000007
-0.000007
-0.000007
-0.000008
-0.000008
-0.000007
-0.000006
-0.000009
-0.000008
-0.000010
-0.000007
0.000002
0.000002
-0.000010
-0.000008
-0.000009
-0.000052
-0.000057
-0.000055
-0.000053
-0.000049
-0.000051
-0.000058
-0.000045
-0.000033
-0.000032
-0.000033
-0.000034
-0.000031
-0.000001
-0.000056
0.000464
0.000884
0.001531
0.000425
0.001070
0.000184
-0.000047
-0.000059
-0.000377
-0.001041
0.001161
0.002437
0.000704
0.000470
0.000102
-0.000011
-0.000000
0.000019
0.000306
0.000564
0.000913
0.001146
0.000886
0.000244
0.000076
0.000001
-0.000006
-0.000008
-0.000006
-0.000006
-0.000006
-0.000006
-0.000005
-0.000006
-0.000005
-0.000005
-0.000005
-0.000006
-0.000007
-0.000006
-0.000007
-0.000007
-0.000007
-0.000006
-0.000006
-0.000007
-0.000003
-0.000006
-0.000009
-0.000009
-0.000009
-0.000008
-0.000009
-0.000007
-0.000008
-0.000008
-0.000008
-0.000009
-0.000059
-0.000064
-0.000055
-0.000053
-0.000053
-0.000047
-0.000042
-0.000043
-0.000044
-0.000037
-0.000036
-0.000032
0.000001
-0.000033
0.000064
0.000075
0.000431
0.000838
0.000243
0.000027
-0.000037
-0.000035
-0.000141
-0.000214
-0.000193
-0.000034
0.000345
0.000439
0.000522
-0.000159
0.000103
0.000201
0.000479
0.000527
0.000918
0.001203
0.001681
0.001480
0.001059
0.000320
0.000079
-0.000002
-0.000006
-0.000005
-0.000005
-0.000006
-0.000006
-0.000006
-0.000005
-0.000006
-0.000005
-0.000006
-0.000005
-0.000007
-0.000006
-0.000007
-0.000008
-0.000005
-0.000008
-0.000008
0.000002
-0.000008
-0.000008
-0.000009
-0.000009
-0.000009
-0.000006
-0.000008
-0.000007
-0.000008
-0.000008
-0.000008
-0.000008
-0.000060
-0.000059
-0.000057
-0.000050
-0.000052
-0.000046
-0.000039
-0.000045
-0.000044
-0.000038
-0.000032
-0.000006
-0.000025
-0.000006
0.000287
0.000559
0.000855
0.000135
0.000008
-0.000037
-0.000037
-0.000135
-0.000817
-0.000506
-0.000292
-0.000752
-0.000094
0.000609
0.000313
0.000168
-0.000190
-0.000193
0.000071
0.000354
0.001053
0.001654
0.002243
0.002088
0.002119
0.000795
0.000119
0.000038
-0.000032
-0.000007
-0.000004
-0.000004
-0.000005
-0.000006
-0.000006
-0.000005
-0.000006
-0.000007
-0.000006
-0.000007
-0.000006
-0.000006
-0.000007
-0.000008
-0.000009
-0.000004
-0.000008
-0.000008
-0.000009
-0.000009
-0.000010
-0.000009
-0.000009
-0.000003
-0.000007
-0.000007
-0.000008
-0.000010
-0.000596
-0.000061
-0.000060
-0.000057
-0.000053
-0.000047
-0.000043
-0.000049
-0.000039
-0.000034
-0.000033
-0.000021
-0.000025
-0.000024
0.000008
-0.000137
-0.000703
-0.000253
-0.000087
-0.000031
-0.000042
-0.000035
-0.000176
0.001854
0.002504
0.000651
-0.000383
-0.000652
0.000531
0.000582
-0.000251
-0.000670
-0.001008
-0.000688
0.000090
0.001170
0.001717
0.002584
0.002904
0.002625
0.001276
0.000266
-0.000072
-0.000204
-0.000111
-0.000012
-0.000006
-0.000006
-0.000006
-0.000006
-0.000006
-0.000007
-0.000007
-0.000006
-0.000007
-0.000007
-0.000008
-0.000008
-0.000009
-0.000008
-0.000009
-0.000008
-0.000009
-0.000009
-0.000009
-0.000010
-0.000009
-0.000008
-0.000007
-0.000008
-0.000008
-0.000009
-0.000009
-0.000009
-0.000058
-0.000058
-0.000044
-0.000035
-0.000053
-0.000049
-0.000042
-0.000040
-0.000039
-0.000031
-0.000031
-0.000030
-0.000030
-0.000025
0.000190
0.001986
-0.001259
-0.000025
-0.000000
-0.000028
-0.000598
0.000976
0.004049
0.002965
0.001898
0.001849
0.001785
0.002510
0.003055
0.000588
-0.000548
-0.000749
-0.000042
-0.000268
0.000502
0.000856
0.001149
0.002072
0.001718
0.000525
0.000030
-0.000051
-0.000911
-0.001202
-0.000022
0.000060
-0.000006
-0.000007
-0.000007
-0.000007
-0.000006
-0.000007
0.000002
-0.000007
-0.000008
-0.000009
-0.000009
-0.000010
-0.000004
-0.000009
-0.000008
-0.000008
-0.000009
-0.000009
-0.000009
-0.000008
-0.000008
-0.000008
-0.000009
-0.000009
-0.000008
-0.000008
-0.000008
-0.000028
-0.000036
-0.000032
-0.000034
-0.000038
-0.000045
-0.000040
-0.000041
-0.000042
-0.000036
-0.000030
-0.000028
-0.000029
-0.000029
0.000062
0.000294
-0.005676
0.000098
0.000975
0.000718
0.000405
0.001343
0.001794
0.005977
0.002014
0.001516
0.001622
0.002877
0.003779
0.000884
0.000733
-0.000006
-0.000520
-0.000437
-0.000291
0.000037
0.000100
0.000589
0.000239
0.000462
0.000486
0.000119
-0.000002
0.002013
0.001270
0.000938
0.000137
-0.000011
-0.000010
-0.000007
-0.000007
-0.000007
-0.000008
-0.000009
-0.000009
-0.000009
-0.000009
-0.000009
-0.000009
-0.000008
-0.000008
-0.000008
-0.000008
-0.000008
-0.000008
-0.000009
-0.000008
-0.000013
-0.000009
-0.000008
-0.000007
-0.000008
-0.000006
-0.000030
-0.000043
-0.000035
-0.000029
-0.000029
-0.000036
-0.000040
-0.000041
-0.000041
-0.000041
-0.000041
-0.000036
-0.000029
-0.000032
-0.000022
0.000205
0.000489
0.002722
0.000197
0.000229
0.000811
0.000910
0.000867
0.000987
0.001541
0.001704
0.001162
0.000897
0.001070
0.000789
0.002878
0.002159
0.000822
-0.000649
-0.000303
-0.000134
0.000027
0.000198
0.000112
0.000046
-0.000075
0.000040
0.000131
0.000113
0.000371
0.001085
0.001208
0.000185
-0.000014
-0.000008
-0.000008
-0.000008
-0.000008
-0.000009
-0.000008
-0.000010
-0.000009
-0.000009
-0.000009
-0.000009
-0.000009
-0.000008
-0.000009
-0.000008
-0.000007
-0.000007
-0.000009
-0.000012
-0.000012
-0.000009
-0.000008
-0.000010
-0.000006
-0.000056
-0.000049
-0.000065
-0.000049
-0.000050
-0.000041
-0.000034
-0.000037
-0.000045
-0.000038
-0.000050
-0.000038
-0.000036
-0.000041
-0.000036
0.000100
0.000049
0.000422
0.000190
0.000348
0.000294
0.000274
0.000345
0.000682
0.000875
0.001039
0.001389
0.000590
0.000225
-0.000140
0.001209
0.001083
0.000384
0.000080
-0.000368
-0.000503
-0.000163
-0.000040
-0.000035
-0.000261
-0.000546
-0.000185
-0.000356
-0.000604
-0.001659
-0.000086
0.000697
0.000834
0.000125
-0.000015
-0.000009
-0.000009
-0.000008
-0.000009
-0.000010
-0.000010
-0.000009
-0.000008
-0.000009
-0.000009
-0.000009
-0.000008
-0.000007
-0.000007
-0.000007
-0.000007
-0.000008
-0.000011
-0.000007
-0.000009
-0.000009
-0.000009
-0.000006
-0.000062
-0.000063
-0.000062
-0.000059
-0.000043
-0.000038
-0.000036
-0.000039
-0.000049
-0.000050
-0.000051
-0.000040
-0.000041
-0.000041
-0.000037
-0.000025
-0.000037
-0.000026
-0.000031
-0.000042
-0.000032
-0.000012
0.000102
0.000050
0.000156
0.000085
0.000144
-0.000420
-0.001210
-0.001299
-0.000553
-0.001242
-0.001117
-0.000105
0.000023
-0.000692
0.000823
0.001656
0.000816
0.000566
0.000246
0.002580
0.000002
-0.000880
-0.001222
-0.000048
0.000168
0.000759
0.000829
0.000042
-0.000014
-0.000009
-0.000009
-0.000009
-0.000009
-0.000009
-0.000009
-0.000009
-0.000009
-0.000008
-0.000008
-0.000007
-0.000004
-0.000008
-0.000009
-0.000007
-0.000003
-0.000007
-0.000010
-0.000009
-0.000008
-0.000009
-0.000006
-0.000053
-0.000065
-0.000064
-0.000059
-0.000047
-0.000036
-0.000035
-0.000043
-0.000048
-0.000048
-0.000040
-0.000043
-0.000046
-0.000038
-0.000040
-0.000037
-0.000034
-0.000040
-0.000041
-0.000044
-0.000042
-0.000073
0.000066
0.002904
0.001359
-0.001905
-0.002537
-0.002420
-0.002683
-0.003409
-0.002422
-0.000843
0.000185
0.000429
-0.000239
-0.000565
0.000493
0.001961
0.001656
0.001902
0.000471
0.000209
0.001061
0.002917
0.002281
0.001727
-0.000139
-0.000347
0.000443
0.000619
-0.000158
-0.000012
-0.000009
-0.000008
-0.000009
-0.000009
-0.000012
-0.000008
-0.000008
-0.000007
-0.000008
-0.000008
-0.000009
-0.000005
-0.000009
-0.000009
-0.000004
-0.000010
-0.000008
-0.000010
-0.000009
-0.000008
-0.000008
-0.000041
-0.000050
-0.000060
-0.000059
-0.000055
-0.000049
-0.000039
-0.000037
-0.000046
-0.000047
-0.000047
-0.000050
-0.000051
-0.000037
-0.000042
-0.000042
-0.000039
-0.000038
-0.000044
-0.000057
0.000006
0.001270
0.001831
0.002595
0.001907
-0.000013
-0.001749
-0.002027
-0.002318
-0.003710
-0.002750
-0.000664
0.000728
0.000713
0.000850
0.000661
0.000342
0.000500
0.001123
0.005524
0.003266
0.001262
0.001290
0.005102
0.006953
0.001644
-0.001436
-0.002522
-0.000169
0.000265
-0.001667
-0.000355
-0.000008
-0.000008
-0.000008
-0.000011
-0.000008
-0.000008
-0.000008
-0.000008
-0.000006
-0.000008
-0.000011
-0.000013
-0.000012
-0.000011
-0.000011
-0.000009
-0.000010
-0.000009
-0.000009
-0.000013
-0.000009
-0.000044
-0.000044
-0.000054
-0.000060
-0.000057
-0.000055
-0.000046
-0.000042
-0.000045
-0.000043
-0.000045
-0.000043
-0.000059
-0.000052
-0.000050
-0.000049
-0.000045
-0.000042
-0.000055
-0.000085
0.000225
0.000752
0.000954
0.001375
0.001464
0.000695
-0.000560
-0.001342
-0.002736
-0.003622
-0.001889
0.000058
0.001790
0.001332
0.001329
0.000779
0.000026
-0.000018
-0.000129
0.001250
0.001917
0.000850
-0.000265
0.002222
0.004889
0.003412
-0.000307
-0.000923
-0.000110
-0.003582
-0.005868
-0.009247
0.000041
-0.000010
-0.000008
-0.000008
-0.000008
-0.000007
-0.000010
-0.000008
-0.000008
-0.000009
-0.000013
-0.000013
-0.000014
-0.000011
-0.000010
-0.000009
-0.000009
-0.000013
-0.000008
-0.000009
-0.000011
-0.000041
-0.000045
-0.000052
-0.000060
-0.000063
-0.000056
-0.000055
-0.000050
-0.000051
-0.000046
-0.000051
-0.000058
-0.000058
-0.000055
-0.000050
-0.000053
-0.000053
-0.000082
-0.000112
-0.000123
0.000099
0.000767
0.000808
0.001071
0.001325
0.000533
-0.000621
-0.001055
-0.002479
-0.003716
-0.002588
-0.000402
0.000870
0.000979
0.000999
0.000691
-0.000126
-0.000122
0.000166
-0.000521
-0.000649
-0.000918
0.000093
0.000040
0.000771
0.000529
-0.000474
0.000272
-0.002256
-0.006357
-0.010471
-0.014931
-0.013695
0.000356
0.000376
-0.000008
-0.000008
-0.000002
-0.000008
-0.000019
-0.000004
0.000003
-0.000012
-0.000013
-0.000011
-0.000010
-0.000010
-0.000009
-0.000013
-0.000011
-0.000009
-0.000009
-0.000011
-0.000045
-0.000048
-0.000060
-0.000060
-0.000068
-0.000058
-0.000048
-0.000055
-0.000052
-0.000045
-0.000044
-0.000059
-0.000066
-0.000064
-0.000077
-0.000076
-0.000092
-0.000102
-0.000119
-0.000131
-0.000103
0.000348
0.000756
0.000827
0.000582
0.000656
-0.000914
-0.001186
-0.001933
-0.002780
-0.002409
-0.000588
-0.000287
0.000788
0.001736
0.000965
0.000911
-0.000067
0.000856
-0.000122
-0.000568
-0.001388
-0.001197
-0.001063
-0.000433
-0.000971
0.000684
-0.000353
-0.003626
-0.008252
-0.013557
-0.010890
-0.007505
-0.003766
0.003553
0.000282
-0.000010
-0.000008
-0.000009
-0.000005
0.000011
-0.000009
-0.000013
-0.000013
-0.000011
-0.000010
-0.000012
-0.000014
-0.000012
-0.000012
-0.000014
-0.000010
-0.000011
-0.000053
-0.000054
-0.000052
-0.000062
-0.000050
-0.000051
-0.000050
-0.000058
-0.000058
-0.000055
-0.000053
-0.000063
-0.000061
-0.000056
-0.000093
-0.000099
-0.000118
-0.000106
-0.000109
-0.000128
-0.000156
-0.000085
0.000194
0.000492
0.000277
0.000195
-0.000117
-0.001056
-0.000606
-0.001159
-0.002313
0.000562
0.001014
0.000668
0.001773
0.001442
0.001059
-0.000204
0.000024
-0.000272
-0.000950
-0.001370
-0.001039
-0.001038
-0.000700
-0.000906
-0.000241
-0.001073
-0.005596
-0.009392
-0.010157
-0.006559
-0.003776
0.004135
0.006090
0.016562
-0.000220
-0.000028
-0.000010
-0.000008
-0.000008
-0.000007
-0.000011
-0.000008
-0.000008
-0.000010
-0.000012
-0.000012
-0.000012
-0.000012
-0.000012
-0.000011
-0.000013
-0.000058
-0.000051
-0.000055
-0.000054
-0.000054
-0.000084
-0.000043
-0.000020
-0.000039
-0.000052
-0.000057
-0.000053
-0.000101
-0.000108
-0.000103
-0.000100
-0.000114
-0.000107
-0.000108
-0.000122
-0.000134
-0.000152
-0.000098
0.000224
0.000317
-0.000010
-0.000370
-0.000455
-0.000055
-0.000353
-0.001513
-0.000497
0.000605
0.000895
0.000945
0.000826
0.000125
-0.000528
-0.000175
-0.000806
-0.001558
-0.001103
-0.000952
-0.001033
-0.001042
-0.001432
-0.001163
0.000418
-0.004232
-0.005956
-0.004399
-0.001292
0.010673
0.015747
0.017564
0.014855
0.000296
-0.000664
0.000006
0.000046
0.000008
-0.000012
-0.000015
-0.000000
-0.000007
-0.000010
-0.000012
-0.000011
-0.000012
-0.000012
-0.000011
-0.000011
-0.000012
-0.000044
-0.000058
-0.000053
-0.000057
-0.000052
-0.000052
-0.000038
-0.000022
-0.000039
-0.000030
-0.000034
-0.000077
-0.000113
-0.000102
-0.000117
-0.000109
-0.000122
-0.000134
-0.000134
-0.000148
-0.000149
-0.000053
-0.000063
-0.000079
-0.000152
-0.000206
-0.000098
-0.000086
0.000084
-0.001829
-0.002013
-0.001608
-0.000993
0.000249
0.000717
0.000652
0.000537
-0.000320
-0.000774
-0.001479
-0.001306
-0.001349
-0.001562
-0.001823
-0.003367
-0.003609
-0.004028
-0.003338
-0.000469
-0.001857
-0.000230
0.009691
0.022537
0.020474
0.009779
0.002859
0.001349
0.002694
0.003524
0.002868
0.000896
0.000008
-0.000002
-0.000010
-0.000011
-0.000010
-0.000011
-0.000010
-0.000009
-0.000010
-0.000010
-0.000011
-0.000010
-0.000041
-0.000050
-0.000052
-0.000064
-0.000070
-0.000049
-0.000049
-0.000037
-0.000055
-0.000035
-0.000037
-0.000030
0.000002
-0.000011
-0.000023
-0.000064
-0.000100
-0.000033
-0.000044
-0.000049
-0.000057
-0.000043
-0.000045
-0.000028
-0.000028
-0.000021
-0.000021
-0.000027
-0.000120
-0.000139
0.000041
-0.002263
-0.000856
-0.000147
0.000358
0.000465
0.000338
-0.000170
-0.000846
-0.001301
-0.002067
-0.003797
-0.003979
-0.004605
-0.009429
-0.010305
-0.009092
-0.005925
-0.003949
0.002092
0.006699
0.021070
0.017696
0.008988
0.005995
0.005006
0.008574
0.005597
0.006427
0.001657
0.000969
0.000686
0.000052
-0.000000
-0.000004
-0.000009
-0.000011
-0.000010
-0.000010
-0.000011
-0.000013
-0.000013
-0.000011
-0.000038
-0.000049
-0.000044
-0.000035
-0.000043
-0.000065
-0.000073
-0.000039
-0.000035
-0.000028
-0.000036
-0.000062
-0.000048
-0.000055
-0.000070
-0.000062
-0.000047
-0.000056
-0.000052
-0.000040
-0.000024
-0.000028
-0.000038
-0.000040
-0.000042
-0.000029
-0.000029
-0.000028
-0.000030
-0.000064
0.000004
-0.000375
-0.000325
-0.000194
-0.000070
0.000003
0.000010
-0.000164
-0.000780
-0.001840
-0.003708
-0.005638
-0.004022
-0.004344
-0.009231
-0.011758
-0.010864
-0.007109
-0.005175
-0.006013
0.001531
0.012955
0.003414
0.000780
0.000310
-0.000892
0.003430
0.003090
0.000623
0.000110
0.000065
0.000012
-0.000021
-0.000019
-0.000017
-0.000015
-0.000014
-0.000011
-0.000011
-0.000011
-0.000013
-0.000013
-0.000009
-0.000033
-0.000049
-0.000044
-0.000040
-0.000050
-0.000058
-0.000053
-0.000019
-0.000017
-0.000008
-0.000006
-0.000034
-0.000047
-0.000050
-0.000048
-0.000055
-0.000054
-0.000034
-0.000049
-0.000047
-0.000033
-0.000030
-0.000032
-0.000022
-0.000035
-0.000025
-0.000026
-0.000023
-0.000030
-0.000036
-0.000091
-0.000041
-0.000051
-0.000022
-0.000011
-0.000015
-0.000018
-0.000009
-0.000019
-0.000091
-0.000143
-0.000149
-0.000246
0.000063
-0.006465
-0.009286
-0.005455
-0.006524
-0.006158
-0.006302
-0.006908
-0.001378
-0.001946
-0.001105
0.000332
0.000434
0.000369
0.000110
0.000002
-0.000014
-0.000018
-0.000019
-0.000018
-0.000017
-0.000017
-0.000017
-0.000015
-0.000014
-0.000012
-0.000012
-0.000011
-0.000011
-0.000009
-0.000032
-0.000048
-0.000050
-0.000051
-0.000034
-0.000027
-0.000015
-0.000012
-0.000022
-0.000019
-0.000013
-0.000042
-0.000028
-0.000017
-0.000028
-0.000033
-0.000035
-0.000026
-0.000029
-0.000031
-0.000037
-0.000038
-0.000042
-0.000036
-0.000029
-0.000022
-0.000025
-0.000015
-0.000015
-0.000018
-0.000020
-0.000026
-0.000028
-0.000017
-0.000014
-0.000020
-0.000033
-0.000022
-0.000018
-0.000024
-0.000026
-0.000026
-0.000034
-0.000075
0.000087
-0.005267
-0.003948
-0.003870
-0.005082
-0.005244
-0.005990
-0.001038
0.000303
0.000296
0.000261
0.000154
0.000053
-0.000008
-0.000023
-0.000024
-0.000023
-0.000021
-0.000022
-0.000017
-0.000015
-0.000015
-0.000016
-0.000014
-0.000012
-0.000011
-0.000010
-0.000013
-0.000011
-0.000028
-0.000031
-0.000031
-0.000032
-0.000023
-0.000018
-0.000017
-0.000021
-0.000015
-0.000017
-0.000010
-0.000003
-0.000000
-0.000018
-0.000035
-0.000026
-0.000043
-0.000029
-0.000032
-0.000030
-0.000045
-0.000032
-0.000027
-0.000049
-0.000047
-0.000030
-0.000027
-0.000019
-0.000018
-0.000020
-0.000018
-0.000018
-0.000017
-0.000017
-0.000021
-0.000053
-0.000025
-0.000019
-0.000020
-0.000025
-0.000026
-0.000024
-0.000031
-0.000061
-0.000030
0.000006
-0.004050
-0.003998
-0.003432
-0.002705
-0.001108
-0.000214
0.000312
0.000051
-0.000017
-0.000012
-0.000028
-0.000031
-0.000024
-0.000021
-0.000021
-0.000025
-0.000024
-0.000015
-0.000015
-0.000016
-0.000016
-0.000017
-0.000015
-0.000012
-0.000012
-0.000010
-0.000012
-0.000031
-0.000023
-0.000023
-0.000016
-0.000021
-0.000026
-0.000025
-0.000023
-0.000020
-0.000019
-0.000019
-0.000009
-0.000007
-0.000020
-0.000040
-0.000026
-0.000049
-0.000056
-0.000042
-0.000025
-0.000019
-0.000024
-0.000026
-0.000035
-0.000043
-0.000045
-0.000034
-0.000026
-0.000020
-0.000020
-0.000016
-0.000021
-0.000023
-0.000027
-0.000040
-0.000023
-0.000017
-0.000018
-0.000023
-0.000025
-0.000029
-0.000027
-0.000030
-0.000029
-0.000029
-0.000027
-0.000458
-0.002961
-0.003123
-0.001157
-0.000434
0.000134
0.000378
-0.000574
-0.000053
-0.000024
-0.000022
-0.000030
-0.000026
-0.000025
-0.000026
-0.000029
-0.000021
-0.000018
-0.000021
-0.000019
-0.000019
-0.000020
-0.000017
-0.000013
-0.000012
-0.000011
-0.000011
-0.000026
-0.000021
-0.000023
-0.000021
-0.000019
-0.000024
-0.000026
-0.000022
-0.000020
-0.000015
-0.000017
-0.000016
-0.000009
-0.000001
-0.000021
-0.000030
-0.000040
-0.000037
-0.000045
-0.000039
-0.000025
-0.000024
-0.000039
-0.000055
-0.000055
-0.000040
-0.000028
-0.000022
-0.000027
-0.000027
-0.000031
-0.000028
-0.000028
-0.000028
-0.000025
-0.000017
-0.000016
-0.000023
-0.000023
-0.000039
-0.000033
-0.000036
-0.000028
-0.000037
-0.000032
-0.000035
-0.000032
-0.000546
-0.002242
-0.000791
0.000475
0.000559
0.000199
-0.000213
-0.000074
-0.000035
-0.000033
-0.000028
-0.000024
-0.000025
-0.000025
-0.000023
-0.000019
-0.000023
-0.000027
-0.000024
-0.000020
-0.000019
-0.000016
-0.000014
-0.000013
-0.000011
-0.000015
-0.000029
-0.000023
-0.000019
-0.000018
-0.000021
-0.000021
-0.000028
-0.000023
-0.000022
-0.000012
-0.000020
-0.000016
-0.000011
-0.000004
-0.000014
-0.000023
-0.000025
-0.000042
-0.000043
-0.000037
-0.000042
-0.000037
-0.000032
-0.000041
-0.000056
-0.000041
-0.000038
-0.000037
-0.000028
-0.000039
-0.000029
-0.000026
-0.000029
-0.000026
-0.000023
-0.000014
-0.000020
-0.000029
-0.000028
-0.000033
-0.000030
-0.000029
-0.000030
-0.000035
-0.000036
-0.000036
-0.000033
-0.000030
-0.000187
0.000053
0.000879
0.000838
-0.000080
-0.000180
-0.000298
-0.000058
-0.000044
-0.000030
-0.000027
-0.000027
-0.000026
-0.000023
-0.000021
-0.000022
-0.000021
-0.000023
-0.000019
-0.000019
-0.000018
-0.000018
-0.000016
-0.000008
-0.000015
-0.000017
-0.000015
-0.000020
-0.000022
-0.000021
-0.000023
-0.000014
-0.000011
-0.000011
-0.000006
-0.000015
-0.000012
-0.000012
-0.000009
-0.000022
-0.000025
-0.000024
-0.000036
-0.000030
-0.000026
-0.000032
-0.000033
-0.000028
-0.000031
-0.000046
-0.000037
-0.000034
-0.000036
-0.000035
-0.000048
-0.000040
-0.000036
-0.000033
-0.000036
-0.000030
-0.000023
-0.000031
-0.000047
-0.000050
-0.000031
-0.000031
-0.000029
-0.000028
-0.000030
-0.000030
-0.000030
-0.000034
-0.000033
-0.000029
-0.000017
0.000043
0.000850
-0.000033
-0.000046
-0.000252
-0.000222
-0.000092
-0.000030
-0.000027
-0.000025
-0.000024
-0.000022
-0.000020
-0.000021
-0.000021
-0.000020
-0.000018
-0.000019
-0.000020
-0.000019
-0.000016
-0.000014
-0.000015
-0.000021
-0.000027
-0.000020
-0.000022
-0.000023
-0.000016
-0.000014
-0.000013
-0.000013
-0.000010
-0.000012
-0.000012
-0.000017
-0.000031
-0.000031
-0.000028
-0.000028
-0.000035
-0.000039
-0.000026
-0.000018
-0.000020
-0.000035
-0.000035
-0.000044
-0.000042
-0.000032
-0.000033
-0.000032
-0.000041
-0.000042
-0.000041
-0.000037
-0.000038
-0.000037
-0.000034
-0.000030
-0.000034
-0.000032
-0.000031
-0.000038
-0.000110
-0.000034
-0.000027
-0.000036
-0.000032
-0.000035
-0.000032
-0.000034
-0.000034
-0.000027
-0.000013
0.000131
0.000032
-0.000013
-0.000022
-0.000050
-0.000029
-0.000026
-0.000026
-0.000023
-0.000022
-0.000021
-0.000022
-0.000021
-0.000021
-0.000019
-0.000017
-0.000017
-0.000020
-0.000019
-0.000016
-0.000013
-0.000018
-0.000025
-0.000021
-0.000018
-0.000020
-0.000019
-0.000012
-0.000014
-0.000006
-0.000016
-0.000008
-0.000012
-0.000020
-0.000031
-0.000034
-0.000026
-0.000020
-0.000029
-0.000017
-0.000014
-0.000014
-0.000014
-0.000021
-0.000023
-0.000025
-0.000033
-0.000022
-0.000025
-0.000031
-0.000032
-0.000041
-0.000037
-0.000032
-0.000032
-0.000041
-0.000034
-0.000028
-0.000026
-0.000027
-0.000025
-0.000033
-0.000033
-0.000025
-0.000027
-0.000031
-0.000036
-0.000033
-0.000034
-0.000031
-0.000030
-0.000031
-0.000031
-0.000027
0.000027
0.000024
0.000010
0.000030
-0.000021
-0.000024
-0.000025
-0.000027
-0.000026
-0.000023
-0.000020
-0.000021
-0.000022
-0.000019
-0.000017
-0.000019
-0.000019
-0.000020
-0.000016
-0.000013
