0.000008
-0.000007
-0.000019
0.000632
-0.000039
-0.000043
-0.000060
0.000438
-0.000043
-0.000036
-0.000022
-0.000603
-0.000022
-0.000033
-0.000029
-0.000012
-0.000004
-0.000013
-0.000023
-0.000023
-0.000024
-0.000031
-0.000045
-0.000058
-0.000044
-0.000064
-0.000063
-0.000061
-0.000041
-0.000031
-0.000019
-0.000029
-0.000027
-0.000043
-0.000043
-0.000039
-0.000032
-0.000022
-0.000032
-0.000038
-0.000029
-0.000024
-0.000025
-0.000024
-0.000020
-0.000022
-0.000032
-0.000164
0.000290
0.000949
0.000468
0.000029
-0.000481
-0.000343
-0.000235
-0.003966
-0.000979
-0.000056
-0.000039
-0.000046
-0.000038
-0.000051
-0.000057
-0.000059
-0.000053
-0.000046
-0.001158
-0.000022
-0.000026
-0.000020
0.000061
-0.000011
0.000195
-0.000048
-0.000045
-0.000042
-0.000033
-0.000041
-0.000044
-0.000041
-0.000041
-0.000041
-0.000039
-0.000029
-0.000037
-0.000042
-0.000052
-0.000043
-0.000043
-0.000032
-0.000030
-0.000037
-0.000032
-0.000028
-0.000028
-0.000027
-0.000025
-0.000028
-0.000036
-0.000044
-0.000036
-0.000029
-0.000028
-0.000031
-0.000032
-0.000031
-0.000044
-0.000044
-0.000027
-0.000036
-0.000030
-0.000025
-0.000042
-0.000045
-0.000042
-0.000029
-0.000027
-0.000024
-0.000032
-0.000031
-0.000067
-0.000321
0.000081
-0.000132
0.000258
0.000784
0.000122
-0.001232
-0.001820
-0.000139
-0.000042
-0.000030
-0.000032
-0.000032
-0.000023
-0.000033
-0.000034
-0.000031
-0.000028
-0.000025
-0.000036
-0.000032
-0.000040
-0.000035
-0.000039
-0.000042
-0.000045
-0.000043
-0.000044
-0.000036
-0.000038
-0.000041
-0.000041
-0.000032
-0.000038
-0.000039
-0.000036
-0.000038
-0.000028
-0.000031
-0.000019
-0.000021
-0.000031
-0.000035
-0.000028
-0.000033
-0.000023
-0.000029
0.000014
0.000094
-0.000083
-0.000044
-0.000047
-0.000037
-0.000032
-0.000027
-0.000033
-0.000028
-0.000029
-0.000042
-0.000044
-0.000041
-0.000041
-0.000046
-0.000030
-0.000044
-0.000046
-0.000050
-0.000046
-0.000038
-0.000030
-0.000026
-0.000029
-0.000037
-0.000093
-0.000243
-0.000064
-0.000720
-0.000200
0.000050
-0.000330
-0.000065
-0.000029
-0.000036
-0.000035
-0.000033
-0.000034
-0.000035
-0.000041
-0.000041
-0.000033
-0.000033
-0.000030
-0.000031
-0.000035
-0.000038
-0.000038
-0.000040
-0.000040
-0.000041
-0.000044
-0.000038
-0.000043
-0.000040
-0.000032
-0.000037
-0.000024
-0.000036
-0.000039
-0.000033
-0.000035
-0.000026
-0.000009
-0.000022
-0.000029
-0.000027
-0.000032
-0.000025
-0.000023
-0.000019
-0.000025
0.000090
0.000501
-0.000189
-0.000145
-0.000147
-0.000050
-0.000036
-0.000032
-0.000021
-0.000031
-0.000033
-0.000043
-0.000029
-0.000028
-0.000032
-0.000047
-0.000047
-0.000033
-0.000047
-0.000045
-0.000051
-0.000047
-0.000037
-0.000032
-0.000030
-0.000038
-0.000038
-0.000127
-0.000063
0.000173
-0.000109
-0.000041
-0.000125
-0.000146
-0.000039
-0.000034
-0.000040
-0.000035
-0.000041
-0.000029
-0.000031
-0.000041
-0.000034
-0.000030
-0.000035
-0.000029
-0.000034
-0.000035
-0.000040
-0.000041
-0.000045
-0.000036
-0.000034
-0.000036
-0.000032
-0.000035
-0.000032
-0.000032
-0.000026
-0.000037
-0.000038
-0.000036
-0.000025
-0.000016
-0.000014
-0.000021
-0.000029
-0.000024
-0.000024
-0.000025
-0.000024
-0.000016
-0.000021
0.000042
0.000664
0.000125
0.000175
-0.000111
-0.000390
-0.000064
-0.000031
-0.000028
-0.000025
-0.000034
-0.000032
-0.000037
-0.000027
-0.000029
-0.000041
-0.000033
-0.000038
-0.000048
-0.000050
-0.000052
-0.000038
-0.000033
-0.000030
-0.000031
-0.000025
-0.000033
-0.000043
-0.000443
-0.000411
-0.000054
-0.000041
-0.000099
-0.000039
-0.000028
-0.000022
-0.000037
-0.000037
-0.000045
-0.000048
-0.000031
-0.000036
-0.000033
-0.000031
-0.000042
-0.000035
-0.000037
-0.000034
-0.000038
-0.000045
-0.002169
-0.000032
-0.000036
-0.000035
-0.000031
-0.000028
-0.000027
-0.000030
-0.000032
-0.000038
-0.000036
-0.000032
-0.000023
-0.000012
-0.000014
-0.000026
-0.000039
-0.000022
-0.000026
-0.000025
-0.000023
-0.000023
-0.000020
-0.000067
-0.001048
-0.000177
0.000014
-0.000206
-0.000477
-0.000141
-0.000036
-0.000028
-0.000027
-0.000031
-0.000038
-0.000035
-0.000033
-0.000029
-0.000037
-0.000026
-0.000040
-0.000042
-0.000049
-0.000051
-0.000056
-0.000039
-0.000026
-0.000032
-0.000029
-0.000032
-0.000037
-0.000048
-0.000044
-0.000029
-0.000026
-0.000032
-0.000031
-0.000032
-0.000040
-0.000048
-0.000048
-0.000028
-0.000035
-0.000038
-0.000042
-0.000032
-0.000037
-0.000034
-0.000041
-0.000036
-0.000041
-0.000042
-0.000040
-0.000046
-0.000041
-0.000036
-0.000031
-0.000027
-0.000037
-0.000028
-0.000030
-0.000037
-0.000036
-0.000037
-0.000028
-0.000019
-0.000023
-0.000026
-0.000036
-0.000035
-0.000031
-0.000026
-0.000028
-0.000026
-0.000020
-0.000024
-0.000028
-0.000038
-0.000128
-0.000080
-0.000163
-0.000504
-0.000135
-0.000034
-0.000022
-0.000037
-0.000031
-0.000036
-0.000031
-0.000031
-0.000034
-0.000029
-0.000031
-0.000031
-0.000039
-0.000051
-0.000053
-0.000045
-0.000043
-0.000036
-0.000031
-0.000029
-0.000029
-0.000030
-0.000030
-0.000031
-0.000025
-0.000031
-0.000029
-0.000029
-0.000033
-0.000034
-0.000041
-0.000046
-0.000042
-0.000039
-0.000030
-0.000030
-0.000027
-0.000034
-0.000038
-0.000031
-0.000028
-0.000040
-0.000045
-0.000051
-0.000047
-0.000032
-0.000037
-0.000031
-0.000032
-0.000034
-0.000030
-0.000032
-0.000035
-0.000035
-0.000029
-0.000026
-0.000025
-0.000028
-0.000028
-0.000026
-0.000030
-0.000029
-0.000029
-0.000025
-0.000027
-0.000031
-0.000024
-0.000015
-0.000019
-0.000028
-0.000035
-0.000023
-0.000076
-0.000024
-0.000019
-0.000027
-0.000033
-0.000032
-0.000036
-0.000026
-0.000025
-0.000019
-0.000022
-0.000031
-0.000031
-0.000036
-0.000043
-0.000050
-0.000041
-0.000039
-0.000040
-0.000033
-0.000026
-0.000024
-0.000028
-0.000026
-0.000029
-0.000022
-0.000022
-0.000021
-0.000028
-0.000036
-0.000044
-0.000047
-0.000040
-0.000038
-0.000037
-0.000034
-0.000034
-0.000033
-0.000035
-0.000036
-0.000041
-0.000039
-0.000033
-0.000029
-0.000042
-0.000054
-0.000035
-0.000038
-0.000032
-0.000030
-0.000032
-0.000028
-0.000029
-0.000037
-0.000042
-0.000033
-0.000021
-0.000027
-0.000028
-0.000024
-0.000027
-0.000031
-0.000027
-0.000031
-0.000025
-0.000025
-0.000029
-0.000026
-0.000022
-0.000028
-0.000023
-0.000021
-0.000020
-0.000020
-0.000019
-0.000014
-0.000016
-0.000021
-0.000028
-0.000026
-0.000026
-0.000021
-0.000024
-0.000027
-0.000029
-0.000030
-0.000032
-0.000046
-0.000046
-0.000045
-0.000048
-0.000044
-0.000039
-0.000030
-0.000029
-0.000029
-0.000028
-0.000026
-0.000021
-0.000017
-0.000028
-0.000037
-0.000043
-0.000031
-0.000036
-0.000035
-0.000035
-0.000033
-0.000034
-0.000032
-0.000029
-0.000032
-0.000038
-0.000038
-0.000038
-0.000038
-0.000028
-0.000040
0.001326
-0.000037
-0.000027
-0.000028
-0.000030
-0.000034
-0.000029
-0.000034
-0.000033
-0.000032
-0.000029
-0.000030
-0.000030
-0.000026
-0.000026
-0.000029
-0.000029
-0.000034
-0.000033
-0.000025
-0.000008
-0.000020
-0.000025
-0.000027
-0.000024
-0.000020
-0.000019
-0.000020
-0.000016
-0.000015
-0.000013
-0.000016
-0.000014
-0.000017
-0.000029
-0.000021
-0.000014
-0.000014
-0.000021
-0.000028
-0.000027
-0.000032
-0.000038
-0.000051
-0.000055
-0.000060
-0.000055
-0.000051
-0.000040
-0.000032
-0.000032
-0.000025
-0.000030
-0.000022
-0.000024
-0.000023
-0.000028
-0.000030
-0.000024
-0.000028
-0.000032
-0.000037
-0.000035
-0.000039
-0.000033
-0.000030
-0.000032
-0.000036
-0.000042
-0.000041
-0.000034
-0.000038
-0.000045
-0.000061
-0.000026
-0.000023
-0.000029
-0.000030
-0.000033
-0.000032
-0.000034
-0.000031
-0.000024
-0.000033
-0.000042
-0.000029
-0.000027
-0.000025
-0.000020
-0.000023
-0.000025
-0.000034
-0.000025
-0.000017
-0.000028
-0.000022
-0.000030
-0.000028
-0.000021
-0.000021
-0.000020
-0.000009
-0.000017
-0.000010
-0.000010
-0.000006
-0.000010
-0.000021
-0.000025
-0.000004
-0.000020
-0.000018
-0.000019
-0.000019
-0.000028
-0.000032
-0.000053
-0.000065
-0.000059
-0.000048
-0.000051
-0.000045
-0.000034
-0.000032
-0.000028
-0.000026
-0.000028
-0.000027
-0.000021
-0.000015
-0.000021
-0.000025
-0.000030
-0.000029
-0.000033
-0.000024
-0.000033
-0.000036
-0.000035
-0.000031
-0.000036
-0.000039
-0.000037
-0.000038
-0.000031
-0.000046
-0.000059
-0.000021
-0.000027
-0.000030
-0.000034
-0.000037
-0.000033
-0.000027
-0.000024
-0.000023
-0.000030
-0.000038
-0.000040
-0.000030
-0.000028
-0.000020
-0.000019
-0.000024
-0.000025
-0.000026
-0.000023
-0.000026
-0.000025
-0.000037
-0.000062
-0.000066
-0.000055
-0.000042
-0.000085
-0.000026
-0.000022
-0.000014
-0.000006
-0.000013
-0.000010
-0.000024
-0.000065
-0.000019
-0.000024
-0.000016
-0.000035
-0.000033
-0.000037
-0.000048
-0.000058
-0.000058
-0.000055
-0.000052
-0.000042
-0.000039
-0.000036
-0.000031
-0.000028
-0.000028
-0.000031
-0.000026
-0.000018
-0.000022
-0.000020
-0.000031
-0.000025
-0.000039
-0.000035
-0.000034
-0.000038
-0.000036
-0.000038
-0.000035
-0.000040
-0.000045
-0.000045
-0.000049
-0.000045
-0.000050
-0.000025
-0.000027
-0.000034
-0.000032
-0.000032
-0.000030
-0.000026
-0.000023
-0.000029
-0.000033
-0.000029
-0.000038
-0.000032
-0.000030
-0.000025
-0.000023
-0.000026
-0.000030
-0.000034
-0.000031
-0.000028
-0.000072
-0.000179
-0.000827
-0.001639
-0.002744
-0.002242
-0.002796
-0.000483
-0.000002
-0.000008
-0.000021
-0.000013
-0.000005
-0.000013
-0.000022
-0.000010
-0.000014
-0.000025
-0.000022
-0.000026
-0.000044
-0.000048
-0.000038
-0.000053
-0.000049
-0.000042
-0.000048
-0.000038
-0.000035
-0.000023
-0.000018
-0.000031
-0.000032
-0.000028
-0.000027
-0.000027
-0.000028
-0.000025
-0.000023
-0.000026
-0.000037
-0.000036
-0.000039
-0.000041
-0.000043
-0.000038
-0.000045
-0.000051
-0.000046
-0.000052
-0.000051
0.000725
-0.000024
-0.000024
-0.000036
-0.000035
-0.000029
-0.000028
-0.000031
-0.000023
-0.000022
-0.000024
-0.000029
-0.000030
-0.000033
-0.000030
-0.000020
-0.000024
-0.000028
-0.000031
-0.000036
-0.000024
-0.000032
-0.000353
-0.002247
-0.001974
-0.001386
-0.007219
-0.006823
-0.005965
-0.003968
-0.000635
0.000004
-0.000007
-0.000017
-0.000006
-0.000018
-0.000017
-0.000014
-0.000025
-0.000025
-0.000026
-0.000031
-0.000050
-0.000040
-0.000043
-0.000045
-0.000047
-0.000043
-0.000042
-0.000039
-0.000040
-0.000034
-0.000019
-0.000028
-0.000033
-0.000032
-0.000030
-0.000023
-0.000023
-0.000016
-0.000027
-0.000021
-0.000033
-0.000030
-0.000036
-0.000049
-0.000043
-0.000037
-0.000042
-0.000048
-0.000043
-0.000045
-0.000041
-0.000032
-0.000026
-0.000027
-0.000028
-0.000035
-0.000030
-0.000028
-0.000025
-0.000026
-0.000022
-0.000026
-0.000033
-0.000032
-0.000025
-0.000033
-0.000023
-0.000026
-0.000030
-0.000026
-0.000028
-0.000025
-0.000132
-0.001168
-0.000530
-0.000859
-0.002392
-0.004560
-0.004545
-0.003623
-0.006304
-0.004161
-0.000593
-0.000012
-0.000018
-0.000009
-0.000016
-0.000011
-0.000014
-0.000017
-0.000022
-0.000032
-0.000040
-0.000044
-0.000039
-0.000044
-0.000045
-0.000045
-0.000047
-0.000040
-0.000042
-0.000037
-0.000029
-0.000020
-0.000024
-0.000031
-0.000031
-0.000034
-0.000025
-0.000028
-0.000029
-0.000023
-0.000025
-0.000026
-0.000028
-0.000026
-0.000045
-0.000036
-0.000033
-0.000041
-0.000051
-0.000036
-0.000045
-0.000043
-0.000027
-0.000026
-0.000030
-0.000030
-0.000032
-0.000028
-0.000024
-0.000025
-0.000033
-0.000030
-0.000028
-0.000027
-0.000031
-0.000028
-0.000034
-0.000032
-0.000034
-0.000037
-0.000026
-0.000019
-0.000099
-0.000126
0.000016
-0.000503
-0.006014
-0.001352
-0.002286
-0.003073
-0.003560
-0.002878
-0.004657
-0.001280
-0.000060
-0.000019
-0.000013
-0.000011
0.000002
0.000031
-0.000010
-0.000020
-0.000032
-0.000036
-0.000039
-0.000038
-0.000041
-0.000044
-0.000050
-0.000047
-0.000042
-0.000040
-0.000035
-0.000028
-0.000023
-0.000021
-0.000024
-0.000031
-0.000031
-0.000021
-0.000027
-0.000026
-0.000023
-0.000017
-0.000013
-0.000004
-0.000020
-0.000035
-0.000040
-0.000040
-0.000039
-0.000039
-0.000042
-0.000039
-0.000049
-0.000047
-0.000027
-0.000027
-0.000028
-0.000030
-0.000026
-0.000022
-0.000026
-0.000023
-0.000032
-0.000029
-0.000033
-0.000028
-0.000030
-0.000033
-0.000028
-0.000029
-0.000040
-0.000034
-0.000206
0.000057
0.000422
-0.000053
-0.005973
-0.004386
-0.001082
-0.000913
-0.003118
-0.002767
-0.001870
-0.000025
0.000001
-0.000003
-0.000012
-0.000026
-0.000166
0.000356
0.001291
0.000079
-0.000025
-0.000029
-0.000034
-0.000036
-0.000038
-0.000049
-0.000046
-0.000038
-0.000036
-0.000038
-0.000040
-0.000035
-0.000027
-0.000027
-0.000022
-0.000025
-0.000025
-0.000032
-0.000029
-0.000021
-0.000020
-0.000018
-0.000019
-0.000013
-0.000027
-0.000023
-0.000028
-0.000043
-0.000047
-0.000033
-0.000033
-0.000043
-0.000049
-0.000044
-0.001100
-0.000022
-0.000022
-0.000023
-0.000024
-0.000029
-0.000023
-0.000025
-0.000019
-0.000028
-0.000032
-0.000030
-0.000028
-0.000030
-0.000028
-0.000043
-0.000029
-0.000218
-0.000005
-0.000089
-0.000039
-0.000003
-0.000019
-0.000390
-0.000340
-0.000141
-0.000386
0.000034
-0.001719
0.000079
0.000055
0.000028
0.000002
-0.000032
-0.000237
-0.000345
0.001652
0.001934
0.001432
0.000132
-0.000034
-0.000030
-0.000038
-0.000049
-0.000041
-0.000044
-0.000037
-0.000032
-0.000040
-0.000037
-0.000035
-0.000033
-0.000033
-0.000025
-0.000026
-0.000032
-0.000024
-0.000024
-0.000017
-0.000018
-0.000021
-0.000025
-0.000019
-0.000019
-0.000015
-0.000021
-0.000037
-0.000048
-0.000050
-0.000048
-0.000037
-0.000035
-0.000045
-0.000035
-0.000022
-0.000014
-0.000014
-0.000019
-0.000025
-0.000024
-0.000020
-0.000022
-0.000022
-0.000026
-0.000030
-0.000028
-0.000023
-0.000037
0.000133
0.000329
-0.000017
-0.000101
-0.000060
-0.000031
-0.000024
-0.000032
-0.000017
-0.000019
-0.000027
-0.000147
-0.000121
0.000739
-0.000274
0.000035
0.000020
-0.000402
0.000090
0.001014
0.002127
0.004742
0.003867
0.002099
0.001544
0.000110
-0.000036
-0.000042
-0.000043
-0.000043
-0.000043
-0.000047
-0.000030
-0.000036
-0.000034
-0.000033
-0.000038
-0.000033
-0.000034
-0.000026
-0.000030
-0.000025
-0.000030
-0.000020
-0.000017
-0.000017
-0.000018
-0.000016
-0.000023
-0.000028
-0.000039
-0.000047
-0.000062
-0.000061
-0.000045
-0.000036
-0.000030
-0.000033
-0.000035
-0.000018
-0.000017
-0.000017
-0.000016
-0.000023
-0.000024
-0.000017
-0.000015
-0.000016
-0.000017
-0.000018
-0.000023
-0.000027
0.000357
0.000467
0.000566
-0.000080
-0.000057
-0.000049
-0.000025
-0.000021
-0.000026
-0.000018
-0.000018
-0.000059
-0.000047
-0.000329
-0.003509
-0.000789
-0.000628
-0.000729
0.000119
0.001554
0.003867
0.008405
0.013855
0.008307
0.005049
0.003871
0.001333
0.000093
-0.000037
-0.000042
-0.000039
-0.000038
-0.000048
-0.000039
-0.000039
-0.000041
-0.000033
-0.000034
-0.000033
-0.000035
-0.000033
-0.000030
-0.000030
-0.000029
-0.000017
-0.000010
-0.000017
-0.000024
-0.000027
-0.000031
-0.000034
-0.000049
-0.000050
-0.000053
-0.000051
-0.000036
-0.000034
-0.000035
-0.000033
-0.000044
-0.000019
-0.000017
-0.000011
-0.000010
-0.000019
-0.000018
-0.000019
-0.000016
-0.000016
-0.000017
-0.000022
-0.000041
0.000046
0.001317
0.004558
-0.000113
-0.000107
-0.000030
-0.000022
-0.000028
-0.000028
-0.000033
-0.000007
-0.000019
-0.000888
-0.002559
-0.001615
-0.000600
-0.000209
-0.000390
0.000136
0.001152
0.002138
0.007532
0.008559
0.007889
0.009238
0.008542
0.008115
0.005423
0.001375
0.000224
-0.000002
-0.000040
-0.000040
-0.000039
-0.000041
-0.000037
-0.000035
-0.000033
-0.000034
-0.000036
-0.000043
-0.000038
-0.000035
-0.000039
-0.000037
-0.000033
-0.000020
-0.000021
-0.000024
-0.000035
-0.000037
-0.000042
-0.000046
-0.000054
-0.000052
-0.000049
-0.000055
-0.000043
-0.000038
-0.000032
-0.000596
-0.000011
-0.000016
-0.000010
-0.000005
-0.000014
-0.000020
-0.000022
-0.000017
-0.000017
-0.000017
-0.000017
-0.000010
-0.000013
0.000091
0.001034
-0.000319
-0.000230
-0.000050
-0.000026
-0.000029
-0.000040
-0.000031
0.000488
0.000030
-0.000193
-0.000393
-0.001996
-0.001845
0.000382
0.000694
0.000076
-0.000670
-0.000797
-0.001883
0.000778
0.000146
0.002647
0.007916
0.008489
0.008747
0.003610
0.001573
0.000654
0.000029
-0.000041
-0.000046
-0.000040
-0.000042
-0.000035
-0.000037
-0.000036
-0.000042
-0.000040
-0.000033
-0.000035
-0.000028
-0.000042
-0.000047
-0.000032
-0.000022
-0.000030
-0.000033
-0.000041
-0.000043
-0.000054
-0.000044
-0.000044
-0.000059
-0.000070
-0.000046
-0.000035
-0.000035
-0.000039
-0.000012
-0.000017
-0.000009
-0.000008
-0.000004
-0.000019
-0.000021
-0.000017
-0.000011
-0.000016
-0.000013
-0.000012
-0.000012
0.000024
0.000716
-0.000748
-0.000228
-0.000163
-0.000175
-0.000091
-0.000062
0.002835
0.003578
0.003304
0.002465
0.000249
-0.000511
-0.000983
0.001766
0.003520
-0.000462
-0.002206
-0.002227
-0.002268
-0.001281
-0.000528
-0.000486
0.000531
0.003198
0.004044
0.004258
0.002135
0.001418
0.000596
-0.000162
-0.000050
-0.000041
-0.000036
-0.000032
-0.000028
-0.000041
-0.000039
-0.000043
-0.000034
-0.000035
-0.000041
-0.000043
-0.000040
-0.000044
-0.000037
-0.000040
-0.000043
-0.000042
-0.000049
-0.000054
-0.000045
-0.000045
-0.000058
-0.000061
-0.000053
-0.000044
-0.000040
-0.000048
-0.000010
-0.000009
-0.000008
-0.000007
-0.000007
-0.000015
-0.000016
-0.000013
-0.000013
-0.000012
-0.000012
-0.000015
-0.000020
-0.000035
-0.000261
0.001334
-0.000455
-0.000402
-0.000172
-0.000053
0.004076
0.014124
0.012394
0.009707
0.007839
0.005808
-0.000345
-0.002344
0.000065
0.001865
-0.000540
-0.000075
-0.002064
-0.001804
-0.001068
-0.000597
-0.000528
-0.000417
0.000101
0.003245
0.003742
0.000891
-0.000166
0.000310
-0.001253
0.000227
0.000026
-0.000034
-0.000027
-0.000029
-0.000030
-0.000041
-0.000032
-0.000035
-0.000046
-0.000037
-0.000038
-0.000041
-0.000032
-0.000045
-0.000050
-0.000045
-0.000049
-0.000052
-0.000050
-0.000043
-0.000038
-0.000035
-0.000049
-0.000059
-0.000043
-0.000040
-0.000048
-0.000009
-0.000007
-0.000011
-0.000011
-0.000009
-0.000014
-0.000014
-0.000016
-0.000007
-0.000008
-0.000003
-0.000009
-0.000015
-0.000020
-0.000012
0.001533
0.000613
0.000360
0.000163
0.001422
0.002038
0.004519
0.008176
0.005719
0.003166
0.005441
0.004554
-0.000571
0.001001
0.001402
0.002872
0.000383
-0.002195
-0.001471
-0.000694
-0.001488
-0.001444
-0.000137
0.000577
0.003125
0.002519
0.000143
-0.000104
0.000030
0.000966
0.001380
0.003863
0.000323
-0.000039
-0.000033
-0.000022
-0.000029
-0.000035
-0.000037
-0.000044
-0.000047
-0.000042
-0.000045
-0.000038
-0.000044
-0.000051
-0.000049
-0.000053
-0.000063
-0.000059
-0.000046
-0.000032
-0.000032
-0.000041
-0.000044
-0.000047
-0.000050
-0.000049
-0.000007
-0.000009
-0.000013
-0.000011
-0.000011
-0.000012
-0.000016
-0.000009
-0.000007
-0.000006
-0.000005
-0.000008
-0.000015
-0.000019
-0.000021
0.000081
-0.000000
0.000067
0.000133
0.000112
0.000171
0.000737
0.001703
0.000730
0.000168
0.000061
0.000024
0.000081
0.000200
0.000813
0.003432
0.001066
0.000455
-0.001214
-0.000338
-0.000185
-0.000485
0.000117
0.004043
0.002597
0.001812
0.000430
0.001057
0.001662
0.002061
0.004788
0.004452
0.003780
0.000339
-0.000029
-0.000028
-0.000032
-0.000039
-0.000038
-0.000049
-0.000044
-0.000047
-0.000050
-0.000050
-0.000044
-0.000046
-0.000053
-0.000058
-0.000055
-0.000056
-0.000056
-0.000038
-0.000041
-0.000040
-0.000048
-0.000056
-0.000053
-0.000055
-0.000008
-0.000006
-0.000010
-0.000011
-0.000013
-0.000013
-0.000010
-0.000009
-0.000008
-0.000006
-0.000003
-0.000005
-0.000001
0.000000
0.000000
0.000005
0.000011
0.000009
0.000017
0.000018
0.000024
0.000034
0.000020
0.000009
0.000014
0.000009
0.000007
0.000036
0.000185
0.000321
-0.000713
0.005641
0.001870
0.004041
0.000663
0.001520
-0.000031
0.000924
0.002400
0.001550
-0.000648
0.000199
0.001755
0.002238
0.003750
0.004558
0.003089
0.003257
0.003860
0.000976
-0.000027
-0.000029
-0.000045
-0.000050
-0.000041
-0.000049
-0.000036
-0.000046
-0.000045
-0.000047
-0.000048
-0.000056
-0.000055
-0.000047
-0.000048
-0.000051
-0.000036
-0.000041
-0.000047
-0.000052
-0.000048
-0.000039
-0.000049
-0.000003
-0.000004
-0.000006
-0.000009
-0.000012
-0.000011
-0.000010
-0.000008
-0.000007
-0.000003
-0.000003
-0.000002
-0.000000
0.000005
0.000007
0.000008
0.000008
0.000009
0.000015
0.000015
0.000006
0.000009
0.000035
0.000018
0.000037
-0.000078
0.000238
0.001347
0.001492
-0.003781
0.001649
0.008577
0.002942
-0.001662
-0.000076
-0.000912
0.000810
0.001980
0.002726
0.000923
-0.000516
0.000778
0.001463
0.001087
0.002258
0.000771
0.000812
0.002672
0.004322
0.008528
0.000613
-0.000033
-0.000045
-0.000047
-0.000045
-0.000052
-0.000045
-0.000049
-0.000048
-0.000048
-0.000053
-0.000052
-0.000049
-0.000032
-0.000040
-0.000056
-0.000050
-0.000051
-0.000051
-0.000041
-0.000032
-0.000031
-0.000024
0.000002
0.000001
-0.000000
-0.000009
-0.000010
-0.000012
-0.000008
-0.000006
-0.000005
-0.000003
-0.000004
-0.000000
0.000002
0.000004
0.000005
0.000008
0.000010
0.000012
0.000015
0.000012
0.000029
-0.000006
-0.000018
0.000009
0.000015
0.000025
-0.000002
0.000640
0.000882
-0.004265
0.002207
0.008855
0.003292
-0.001408
-0.001187
-0.001484
-0.003279
-0.001467
0.000341
-0.000049
0.000008
0.000654
0.000662
0.001084
0.001224
0.001628
0.000819
0.006131
0.007841
0.010058
0.001486
0.000385
-0.000050
-0.000049
-0.000052
-0.000048
-0.000051
-0.000056
-0.000047
-0.000042
-0.000044
-0.000053
-0.000047
-0.000034
-0.000049
-0.000057
-0.000048
-0.000048
-0.000049
-0.000032
-0.000027
-0.000021
-0.000008
0.000006
0.000007
0.000003
-0.000004
-0.000008
-0.000008
-0.000008
-0.000008
-0.000005
-0.000005
-0.000001
0.000001
0.000004
0.000006
0.000006
0.000008
0.000010
0.000010
0.000004
0.000018
-0.000012
-0.000143
-0.000153
0.000044
-0.000032
-0.000020
-0.000058
0.000336
0.000796
-0.003761
0.001441
0.007195
0.006045
-0.002398
-0.001919
-0.001595
0.000876
-0.002587
-0.002011
-0.000060
0.000403
0.001318
-0.000145
0.000931
0.001035
0.001672
0.000495
0.005192
0.008604
0.005499
-0.000899
-0.001037
-0.000068
-0.000046
-0.000056
-0.000049
-0.000057
-0.000046
-0.000045
-0.000049
-0.000048
-0.000051
-0.000050
-0.000011
-0.000022
-0.000042
-0.000042
-0.000030
-0.000025
-0.000030
-0.000020
-0.000022
-0.000010
0.000008
0.000008
0.000006
0.000001
-0.000005
-0.000007
-0.000008
-0.000006
-0.000005
-0.000003
0.000002
0.000004
0.000004
0.000006
0.000007
0.000009
0.000010
0.000005
0.000011
0.000013
0.000052
0.000294
0.000114
0.000022
-0.000084
0.000010
-0.000001
0.001795
0.001852
-0.000854
0.004009
0.005892
0.002182
-0.001355
-0.001437
-0.000307
-0.000586
0.000660
0.000169
-0.001797
-0.001907
-0.001054
0.001395
0.000913
0.000160
0.001286
-0.000256
0.003283
0.002205
-0.000927
-0.001795
-0.000502
-0.000554
-0.000148
-0.000005
-0.000051
-0.000050
-0.000041
-0.000043
-0.000056
-0.000052
-0.000011
-0.000044
-0.000035
-0.000023
-0.000020
-0.000028
-0.000024
-0.000013
-0.000009
-0.000017
-0.000022
-0.000017
0.000009
0.000008
0.000008
0.000004
-0.000006
-0.000009
-0.000008
-0.000008
-0.000006
-0.000002
-0.000001
0.000002
0.000005
0.000006
0.000007
0.000008
0.000004
0.000014
0.000017
-0.000001
0.000215
0.000573
0.000783
0.001058
0.001365
0.001211
0.001743
0.002613
0.002837
0.003713
0.005738
0.001514
0.002242
0.001864
0.001788
0.001643
0.001247
0.002446
0.000302
-0.001268
-0.003923
-0.005229
-0.003253
-0.001799
-0.001278
-0.001952
-0.000259
-0.000613
-0.002530
-0.001861
-0.001240
-0.000767
-0.000960
-0.000817
-0.000593
-0.000090
-0.000051
-0.000048
-0.000049
-0.000062
-0.000052
-0.000029
-0.000046
-0.000019
-0.000030
-0.000025
-0.000028
-0.000032
-0.000037
-0.000018
-0.000020
-0.000025
-0.000024
0.000010
0.000010
0.000008
0.000010
0.000000
-0.000005
-0.000003
-0.000003
-0.000006
-0.000002
0.000001
0.000005
0.000004
0.000002
-0.000016
0.000008
0.000203
-0.000117
0.000012
0.000011
-0.000078
0.000088
0.000793
0.001742
0.003163
0.001831
0.003005
0.006614
0.007034
0.000238
-0.000014
-0.001267
-0.002336
-0.000209
0.002951
0.002288
0.002527
0.003075
0.000122
-0.003299
-0.004634
-0.004370
-0.002989
-0.002216
-0.001426
-0.001097
-0.000704
-0.001073
-0.001684
-0.001058
-0.000794
-0.000880
-0.000875
-0.000876
-0.000917
-0.000586
-0.000207
-0.000068
-0.000051
-0.000051
-0.000062
-0.000052
-0.000055
-0.000035
-0.000042
-0.000021
-0.000036
-0.000035
-0.000030
-0.000030
-0.000031
-0.000040
-0.000036
0.000010
0.000009
0.000009
0.000010
0.000014
0.000025
0.000020
0.000019
-0.000005
0.000002
0.000004
0.000005
0.000016
-0.000006
-0.000904
-0.000044
0.000286
0.000436
0.000035
0.000013
0.000002
0.000033
0.000603
0.001544
0.006014
0.004222
0.007741
0.011747
0.008928
-0.003868
-0.002806
-0.002085
-0.002125
0.000899
0.002694
0.001478
0.001313
0.002653
0.001552
-0.000901
-0.005413
-0.005014
-0.003440
-0.002204
-0.001335
-0.001365
-0.001332
-0.000311
-0.000968
-0.000503
-0.000856
-0.000846
-0.000868
-0.000818
-0.000856
-0.000894
-0.000677
-0.000505
-0.000033
-0.000014
-0.000021
-0.000048
-0.000055
-0.000052
-0.000044
-0.000024
-0.000041
-0.000041
-0.000025
-0.000021
-0.000024
-0.000038
-0.000039
0.000012
0.000011
0.000014
0.000013
0.000017
0.000024
0.000029
0.000028
0.000022
0.000018
0.000023
0.000015
-0.000007
0.000015
-0.000583
-0.001608
0.001486
0.000443
0.000028
0.000007
0.000006
0.000045
0.000032
0.000017
-0.000015
0.000016
0.000220
0.000400
0.000728
-0.006863
-0.004824
-0.003112
-0.001259
0.001376
0.002243
0.001573
0.000298
-0.002074
0.000547
-0.004988
-0.005603
-0.004620
-0.004340
-0.002383
-0.001230
-0.001787
-0.001696
-0.001366
-0.000541
-0.000723
-0.000859
-0.000692
-0.000510
-0.000204
-0.000204
-0.000335
-0.000584
-0.000933
-0.000947
-0.000665
-0.000020
0.000129
-0.000001
-0.000053
-0.000041
-0.000033
-0.000046
-0.000035
-0.000030
-0.000028
-0.000024
-0.000025
-0.000050
0.000012
0.000010
0.000012
0.000014
0.000018
0.000025
0.000030
0.000025
0.000019
0.000021
0.000027
0.000037
0.000032
0.000032
-0.000025
-0.001497
0.000053
0.000035
0.000047
0.000045
0.000045
0.000063
0.000071
0.000070
0.000066
0.000064
0.000067
0.000066
0.000067
0.000143
0.001456
-0.001747
-0.000953
-0.000425
0.001602
0.001415
-0.000727
-0.002332
-0.003739
-0.005969
-0.005677
-0.005704
-0.005671
-0.003232
-0.001980
-0.001384
-0.001775
-0.002250
-0.002362
-0.000411
-0.000316
0.000309
0.001736
0.003091
0.003765
0.001750
0.001141
0.001201
0.001104
0.001959
0.006116
0.005646
0.001959
-0.000023
-0.000044
-0.000041
-0.000044
-0.000008
-0.000013
-0.000016
-0.000022
-0.000028
-0.000051
0.000011
0.000011
0.000011
0.000014
0.000017
0.000023
0.000024
0.000025
0.000017
0.000021
0.000025
0.000040
0.000043
0.000037
0.000035
-0.000002
-0.000002
0.000052
0.000054
0.000054
0.000049
0.000064
0.000066
0.000065
0.000063
0.000064
0.000065
0.000065
0.000055
0.000049
0.000032
0.000443
0.000411
0.000021
-0.000181
-0.000318
-0.000131
-0.001430
-0.002659
-0.004403
-0.005018
-0.004884
-0.004421
-0.003786
-0.002313
-0.002140
-0.002707
-0.003069
-0.004085
-0.003983
0.000015
0.005135
0.009521
0.007910
0.007451
0.006337
0.005452
0.006258
0.004431
0.002680
0.001673
0.001111
0.000240
0.000082
0.000052
0.000047
0.000041
0.000028
0.000008
-0.000000
-0.000008
-0.000015
-0.000040
0.000011
0.000013
0.000010
0.000013
0.000015
0.000019
0.000020
0.000018
0.000018
0.000016
0.000024
0.000043
0.000047
0.000040
0.000041
0.000047
0.000051
0.000053
0.000052
0.000059
0.000054
0.000066
0.000066
0.000066
0.000067
0.000067
0.000066
0.000062
0.000061
0.000045
0.000027
0.000020
0.000039
0.000068
0.000066
0.000067
0.000070
-0.000140
-0.000108
-0.000053
-0.000063
-0.000071
-0.000201
-0.000269
-0.002143
-0.002957
-0.003367
-0.003363
-0.004010
-0.003989
-0.002111
0.002811
0.003565
0.001576
0.002068
0.002585
0.001382
0.000420
0.000243
0.000218
0.000192
0.000106
0.000066
0.000061
0.000058
0.000058
0.000054
0.000041
0.000020
0.000008
0.000000
-0.000020
-0.000028
0.000010
0.000011
0.000012
0.000014
0.000016
0.000016
0.000017
0.000013
0.000022
0.000014
0.000029
0.000039
0.000037
0.000041
0.000042
0.000043
0.000048
0.000045
0.000051
0.000041
0.000046
0.000064
0.000068
0.000067
0.000069
0.000064
0.000062
0.000063
0.000049
0.000041
0.000030
0.000013
0.000028
0.000056
0.000076
0.000075
0.000082
0.000076
0.000072
0.000073
0.000062
0.000049
0.000068
0.000071
0.000462
-0.003331
-0.003589
-0.002789
-0.002745
-0.001853
-0.001835
0.000315
0.000135
0.000090
0.000125
0.000167
0.000095
0.000063
0.000064
0.000068
0.000068
0.000064
0.000061
0.000060
0.000059
0.000057
0.000052
0.000030
0.000023
0.000023
0.000008
-0.000005
-0.000012
0.000010
0.000011
0.000012
0.000012
0.000015
0.000015
0.000012
0.000008
0.000013
0.000015
0.000019
0.000029
0.000043
0.000046
0.000037
0.000037
0.000039
0.000045
0.000045
0.000040
0.000033
0.000047
0.000063
0.000067
0.000065
0.000062
0.000062
0.000063
0.000053
0.000045
0.000032
0.000045
0.000043
0.000058
0.000074
0.000083
0.000085
0.000073
0.000073
0.000076
0.000068
0.000050
0.000068
0.000076
0.000081
0.000582
-0.002588
-0.001278
0.001359
-0.000450
-0.001405
-0.001060
-0.000427
-0.000030
0.000064
0.000061
0.000059
0.000061
0.000062
0.000059
0.000064
0.000055
0.000054
0.000057
0.000058
0.000055
0.000033
0.000031
0.000030
0.000027
0.000011
0.000009
-0.000005
0.000010
0.000010
0.000009
0.000010
0.000013
0.000015
0.000011
0.000010
0.000011
0.000018
0.000020
0.000040
0.000044
0.000044
0.000038
0.000034
0.000036
0.000038
0.000038
0.000041
0.000039
0.000042
0.000052
0.000054
0.000053
0.000055
0.000059
0.000061
0.000053
0.000050
0.000058
0.000055
0.000059
0.000058
0.000076
0.000083
0.000081
0.000077
0.000079
0.000077
0.000071
0.000062
0.000065
0.000068
0.000075
0.000081
0.000282
0.000462
0.001565
0.002427
-0.000250
-0.001059
-0.003983
-0.001098
0.000014
0.000042
0.000055
0.000059
0.000066
0.000056
0.000054
0.000048
0.000044
0.000055
0.000052
0.000043
0.000037
0.000029
0.000032
0.000042
0.000029
0.000025
0.000016
0.000013
0.000009
0.000012
0.000014
0.000010
0.000015
0.000012
0.000018
0.000022
0.000025
0.000022
0.000035
0.000037
0.000034
0.000039
0.000036
0.000035
0.000035
0.000039
0.000041
0.000042
0.000037
0.000045
0.000047
0.000052
0.000053
0.000062
0.000064
0.000052
0.000056
0.000061
0.000061
0.000062
0.000055
0.000071
0.000082
0.000083
0.000078
0.000078
0.000075
0.000071
0.000066
0.000064
0.000065
0.000076
0.000076
0.000082
0.000201
0.000286
0.000003
-0.000043
-0.001802
-0.006772
-0.000632
-0.000373
0.000063
0.000061
0.000069
0.000068
0.000064
0.000057
0.000051
0.000059
0.000057
0.000058
0.000034
0.000043
0.000040
0.000038
0.000048
0.000029
0.000038
0.000024
0.000014
0.000012
0.000012
0.000017
0.000013
0.000016
0.000017
0.000016
0.000021
0.000023
0.000024
0.000024
0.000029
0.000040
0.000041
0.000036
0.000033
0.000039
0.000039
0.000039
0.000036
0.000037
0.000039
0.000051
0.000052
0.000056
0.000051
0.000041
0.000062
0.000060
0.000057
0.000055
0.000062
0.000056
0.000071
0.000083
0.000070
0.000053
0.000061
0.000062
0.000065
0.000068
0.000080
0.000084
0.000078
0.000069
0.000069
0.000066
0.000035
-0.000091
0.000156
-0.000097
-0.001119
-0.000790
-0.000306
0.000057
0.000069
0.000067
0.000062
0.000058
0.000052
0.000053
0.000056
0.000052
0.000055
0.000046
0.000046
0.000043
0.000040
0.000042
0.000030
0.000036
0.000045
0.000013
0.000012
0.000012
0.000014
0.000016
0.000017
0.000014
0.000013
0.000017
0.000025
0.000024
0.000021
0.000021
0.000034
0.000038
0.000032
0.000031
0.000040
0.000043
0.000039
0.000038
0.000036
0.000043
0.000051
0.000056
0.000048
0.000047
0.000047
0.000055
0.000052
0.000048
0.000051
0.000057
0.000046
0.000063
0.000069
0.000054
0.000043
0.000058
0.000065
0.000064
0.000065
0.000086
0.000086
0.000077
0.000069
0.000062
0.000061
0.000056
0.000068
0.000061
-0.000390
-0.000645
-0.000221
0.000042
0.000055
0.000066
0.000069
0.000067
0.000060
0.000056
0.000047
0.000049
0.000055
0.000053
0.000048
0.000049
0.000051
0.000039
0.000031
0.000026
0.000037
0.000053
0.000016
0.000013
0.000009
0.000011
0.000018
0.000017
0.000014
0.000011
0.000013
0.000023
0.000016
0.000009
0.000023
0.000027
0.000036
0.000035
0.000036
0.000039
0.000041
0.000037
0.000038
0.000036
0.000046
0.000062
0.000067
0.000069
0.000072
0.000061
0.000041
0.000068
0.000055
0.000049
0.000054
0.000053
0.000047
0.000054
0.000054
0.000054
0.000056
0.000060
0.000063
0.000069
0.000075
0.000080
0.000073
0.000067
0.000064
0.000070
0.000051
0.000082
0.000054
-0.000454
0.000007
0.000048
0.000061
0.000068
0.000068
0.000070
0.000063
0.000063
0.000053
0.000031
0.000047
0.000051
0.000048
0.000050
0.000050
0.000050
0.000047
0.000033
0.000029
0.000033
0.000050
0.000016
0.000014
0.000010
0.000011
0.000015
0.000016
0.000014
0.000012
0.000011
0.000013
0.000010
0.000017
0.000023
0.000025
0.000034
0.000038
0.000041
0.000040
0.000044
0.000042
0.000042
0.000045
0.000055
0.000070
0.000062
0.000078
0.000070
0.000046
0.000040
0.000057
0.000049
0.000050
0.000051
0.000048
0.000049
0.000044
0.000041
0.000057
0.000054
0.000051
0.000053
0.000065
0.000082
0.000083
0.000074
0.000063
0.000057
0.000053
0.000058
0.000086
0.000071
0.000057
0.000056
0.000049
0.000063
0.000066
0.000071
0.000070
0.000051
0.000056
0.000059
0.000055
0.000039
0.000048
0.000051
0.000062
0.000053
0.000047
0.000041
0.000045
0.000036
0.000033
0.000024
