-0.000197
0.000234
0.000361
0.000632
0.000873
0.000900
0.001095
0.000438
0.001009
0.000823
0.000528
-0.000603
0.000460
0.000605
0.000625
0.000388
0.000253
0.000470
0.000616
0.000613
0.000634
0.000770
0.000819
0.000997
0.000876
0.000938
0.000983
0.000963
0.000943
0.000896
0.000980
0.001022
0.000889
0.001087
0.001037
0.001016
0.000829
0.000775
0.000867
0.000806
0.000715
0.000604
0.000463
0.000399
0.000239
0.000263
0.000324
-0.000136
0.001246
0.002863
0.000627
0.000238
-0.000986
-0.000500
-0.000413
-0.007155
-0.001367
0.000215
0.000171
0.000496
0.000426
0.000563
0.000625
0.000625
0.000562
0.000459
-0.001158
0.000241
0.000318
0.000226
0.000061
0.000110
0.000195
0.001033
0.001024
0.000968
0.000851
0.000911
0.000949
0.000893
0.000871
0.000907
0.000919
0.000646
0.000794
0.000772
0.000862
0.000744
0.000716
0.000669
0.000690
0.000799
0.000718
0.000600
0.000692
0.000706
0.000678
0.000697
0.000795
0.000858
0.000786
0.000798
0.000904
0.000920
0.001081
0.001012
0.001161
0.001154
0.000718
0.000903
0.000835
0.000690
0.000966
0.000893
0.000771
0.000548
0.000463
0.000365
0.000372
0.000339
0.000305
-0.000736
0.000422
0.000022
-0.000287
0.001091
0.000255
-0.001938
-0.002774
0.000106
0.000365
0.000373
0.000408
0.000378
0.000300
0.000378
0.000423
0.000402
0.000373
0.000323
0.000377
0.000385
0.000446
0.000383
0.000425
0.000487
0.001007
0.000966
0.000991
0.000811
0.000948
0.000833
0.000876
0.000741
0.000817
0.000761
0.000835
0.000826
0.000560
0.000539
0.000369
0.000450
0.000596
0.000637
0.000714
0.000697
0.000607
0.000646
0.000665
0.000893
0.000583
0.000790
0.000863
0.000800
0.000815
0.000892
0.000837
0.001033
0.000982
0.001132
0.001169
0.001044
0.000960
0.001090
0.000953
0.000944
0.000948
0.000905
0.000745
0.000591
0.000426
0.000336
0.000339
0.000374
0.000286
-0.000136
-0.000032
-0.002306
-0.000387
0.000270
-0.000120
0.000369
0.000333
0.000399
0.000387
0.000395
0.000382
0.000404
0.000503
0.000481
0.000415
0.000371
0.000339
0.000364
0.000404
0.000434
0.000432
0.000458
0.000450
0.000961
0.001019
0.000822
0.000961
0.000866
0.000747
0.000772
0.000589
0.000745
0.000811
0.000717
0.000666
0.000461
0.000174
0.000382
0.000537
0.000538
0.000580
0.000653
0.000634
0.000532
0.000668
0.000788
0.001821
-0.000036
0.000276
0.000552
0.000751
0.000827
0.000899
0.000832
0.000975
0.001004
0.001102
0.000977
0.000976
0.001059
0.001072
0.001070
0.000754
0.000956
0.000828
0.000763
0.000678
0.000492
0.000315
0.000347
0.000391
0.000403
0.000239
0.000262
0.000850
0.000176
0.000216
0.000105
0.000210
0.000387
0.000408
0.000410
0.000427
0.000498
0.000344
0.000367
0.000489
0.000407
0.000365
0.000376
0.000329
0.000407
0.000396
0.000432
0.000455
0.000525
0.000817
0.000790
0.000871
0.000697
0.000758
0.000658
0.000700
0.000653
0.000725
0.000746
0.000699
0.000526
0.000315
0.000243
0.000392
0.000488
0.000464
0.000610
0.000684
0.000691
0.000556
0.000602
0.000766
0.002473
0.000754
0.001139
0.000505
-0.000250
0.000722
0.000849
0.000874
0.000844
0.000957
0.001026
0.001115
0.000917
0.000972
0.001024
0.000930
0.000925
0.000936
0.000831
0.000764
0.000628
0.000477
0.000378
0.000411
0.000361
0.000397
0.000400
-0.000340
-0.000644
0.000252
0.000325
0.000230
0.000374
0.000388
0.000294
0.000464
0.000455
0.000544
0.000559
0.000407
0.000438
0.000417
0.000386
0.000455
0.000412
0.000450
0.000368
0.000401
0.000534
-0.002169
0.000700
0.000835
0.000805
0.000759
0.000643
0.000623
0.000632
0.000719
0.000750
0.000776
0.000655
0.000484
0.000262
0.000289
0.000431
0.000648
0.000439
0.000522
0.000657
0.000684
0.000691
0.000588
0.000546
-0.003463
-0.000106
0.000818
0.000451
-0.000561
0.000469
0.000799
0.000861
0.000858
0.000955
0.001034
0.000991
0.001015
0.000970
0.001003
0.000882
0.000964
0.000874
0.000832
0.000731
0.000724
0.000544
0.000444
0.000438
0.000413
0.000395
0.000433
0.000527
0.000410
0.000388
0.000328
0.000335
0.000373
0.000418
0.000489
0.000561
0.000579
0.000364
0.000454
0.000447
0.000500
0.000367
0.000395
0.000428
0.000451
0.000410
0.000468
0.000500
0.000468
0.000543
0.000896
0.000805
0.000694
0.000647
0.000836
0.000657
0.000675
0.000775
0.000749
0.000720
0.000596
0.000466
0.000442
0.000484
0.000581
0.000545
0.000504
0.000505
0.000643
0.000713
0.000661
0.000609
0.000450
0.000693
0.000222
0.000597
0.000441
-0.001037
0.000418
0.000880
0.000891
0.000977
0.000974
0.001100
0.000994
0.001081
0.001083
0.000832
0.000879
0.000916
0.000938
0.000912
0.000801
0.000629
0.000597
0.000502
0.000453
0.000416
0.000383
0.000407
0.000399
0.000416
0.000346
0.000367
0.000376
0.000401
0.000418
0.000400
0.000516
0.000561
0.000539
0.000447
0.000382
0.000364
0.000320
0.000395
0.000453
0.000409
0.000315
0.000475
0.000533
0.000575
0.000549
0.000776
0.000841
0.000745
0.000771
0.000801
0.000670
0.000744
0.000798
0.000722
0.000613
0.000531
0.000489
0.000554
0.000476
0.000436
0.000488
0.000449
0.000509
0.000584
0.000646
0.000726
0.000657
0.000609
0.000650
0.000889
0.000799
0.000750
0.000668
0.000761
0.000874
0.000931
0.001038
0.001042
0.001129
0.001045
0.000981
0.000942
0.000899
0.000874
0.000909
0.000881
0.000860
0.000769
0.000642
0.000561
0.000554
0.000490
0.000412
0.000374
0.000383
0.000363
0.000392
0.000270
0.000302
0.000311
0.000358
0.000465
0.000566
0.000602
0.000507
0.000489
0.000464
0.000444
0.000414
0.000398
0.000430
0.000478
0.000492
0.000435
0.000405
0.000335
0.000473
0.000631
0.000808
0.000843
0.000745
0.000691
0.000734
0.000693
0.000657
0.000810
0.000822
0.000666
0.000466
0.000594
0.000543
0.000466
0.000484
0.000502
0.000463
0.000622
0.000581
0.000612
0.000675
0.000699
0.000692
0.000811
0.000846
0.000877
0.000832
0.000842
0.000911
0.000892
0.000914
0.001041
0.001037
0.001131
0.001125
0.000970
0.001046
0.001062
0.000910
0.000824
0.000837
0.000875
0.000790
0.000657
0.000673
0.000601
0.000530
0.000447
0.000432
0.000370
0.000394
0.000344
0.000279
0.000238
0.000353
0.000414
0.000528
0.000422
0.000470
0.000462
0.000443
0.000444
0.000429
0.000399
0.000355
0.000382
0.000480
0.000476
0.000464
0.000421
0.000330
0.000476
0.001326
0.000861
0.000661
0.000698
0.000699
0.000749
0.000701
0.000754
0.000740
0.000657
0.000625
0.000596
0.000635
0.000540
0.000480
0.000493
0.000483
0.000567
0.000646
0.000593
0.000430
0.000607
0.000720
0.000737
0.000768
0.000769
0.000835
0.000909
0.001029
0.000975
0.001095
0.001085
0.001084
0.001014
0.001157
0.001153
0.001117
0.000932
0.001141
0.001040
0.000886
0.000904
0.000882
0.000869
0.000783
0.000752
0.000770
0.000653
0.000547
0.000475
0.000445
0.000381
0.000434
0.000326
0.000339
0.000320
0.000320
0.000372
0.000334
0.000397
0.000441
0.000478
0.000473
0.000482
0.000413
0.000393
0.000403
0.000465
0.000521
0.000516
0.000414
0.000497
0.000536
0.000714
0.000675
0.000558
0.000700
0.000731
0.000757
0.000725
0.000716
0.000722
0.000522
0.000700
0.000811
0.000591
0.000601
0.000521
0.000383
0.000415
0.000530
0.000631
0.000614
0.000530
0.000751
0.000748
0.000820
0.000823
0.000857
0.000904
0.000890
0.000912
0.001029
0.001089
0.001139
0.001129
0.001140
0.001189
0.001217
0.001126
0.001131
0.001099
0.001015
0.000866
0.000779
0.000852
0.000857
0.000860
0.000756
0.000660
0.000675
0.000584
0.000490
0.000485
0.000405
0.000375
0.000382
0.000386
0.000311
0.000256
0.000335
0.000343
0.000431
0.000397
0.000451
0.000365
0.000434
0.000497
0.000455
0.000385
0.000452
0.000507
0.000490
0.000484
0.000392
0.000547
0.000684
0.000519
0.000650
0.000744
0.000848
0.000849
0.000750
0.000637
0.000520
0.000494
0.000637
0.000750
0.000746
0.000633
0.000546
0.000430
0.000345
0.000500
0.000580
0.000624
0.000625
0.000777
0.000789
0.000894
0.000943
0.000894
0.000902
0.001012
0.000987
0.001114
0.001148
0.001175
0.001133
0.001143
0.001123
0.001288
0.001092
0.001023
0.001062
0.000955
0.000854
0.000825
0.000780
0.000828
0.000722
0.000698
0.000711
0.000658
0.000577
0.000530
0.000510
0.000453
0.000400
0.000407
0.000465
0.000396
0.000285
0.000309
0.000323
0.000388
0.000357
0.000518
0.000500
0.000485
0.000501
0.000481
0.000492
0.000461
0.000507
0.000544
0.000555
0.000578
0.000553
0.000615
0.000617
0.000675
0.000873
0.000774
0.000753
0.000704
0.000569
0.000487
0.000593
0.000632
0.000604
0.000727
0.000670
0.000587
0.000487
0.000468
0.000490
0.000595
0.000708
0.000728
0.000754
0.000631
0.000331
-0.000258
-0.002487
-0.002416
-0.001281
-0.001750
0.000739
0.001183
0.001112
0.001175
0.001183
0.001148
0.001283
0.001173
0.001160
0.001016
0.000960
0.000845
0.000756
0.000859
0.000800
0.000561
0.000673
0.000644
0.000584
0.000618
0.000549
0.000537
0.000369
0.000291
0.000450
0.000484
0.000424
0.000370
0.000341
0.000419
0.000369
0.000348
0.000415
0.000501
0.000460
0.000513
0.000563
0.000571
0.000505
0.000571
0.000639
0.000570
0.000650
0.000617
0.000725
0.000573
0.000602
0.000874
0.000821
0.000739
0.000651
0.000664
0.000551
0.000479
0.000455
0.000573
0.000612
0.000628
0.000608
0.000431
0.000474
0.000527
0.000585
0.000686
0.000626
0.000679
-0.001154
-0.012877
-0.011983
-0.011388
-0.021016
-0.011762
-0.008920
-0.003521
0.000581
0.001153
0.001202
0.001326
0.001222
0.001298
0.001191
0.001041
0.000999
0.001019
0.000911
0.000843
0.000820
0.000699
0.000620
0.000624
0.000603
0.000594
0.000589
0.000595
0.000601
0.000523
0.000318
0.000409
0.000482
0.000479
0.000446
0.000342
0.000378
0.000233
0.000424
0.000329
0.000440
0.000414
0.000474
0.000632
0.000571
0.000515
0.000527
0.000593
0.000576
0.000557
0.000506
0.000399
0.000726
0.000729
0.000773
0.000862
0.000777
0.000650
0.000576
0.000597
0.000506
0.000530
0.000688
0.000635
0.000515
0.000626
0.000497
0.000532
0.000593
0.000556
0.000572
0.000492
-0.000785
-0.007835
-0.002139
-0.001910
-0.009500
-0.013910
-0.027847
-0.016724
-0.010861
-0.003554
0.000587
0.001305
0.001472
0.001356
0.001304
0.001201
0.001034
0.001081
0.001020
0.000918
0.000777
0.000636
0.000644
0.000610
0.000592
0.000637
0.000612
0.000574
0.000645
0.000586
0.000490
0.000360
0.000374
0.000442
0.000500
0.000496
0.000404
0.000442
0.000451
0.000399
0.000349
0.000403
0.000395
0.000291
0.000594
0.000492
0.000478
0.000571
0.000679
0.000501
0.000564
0.000551
0.000357
0.000792
0.000737
0.000757
0.000794
0.000688
0.000588
0.000572
0.000731
0.000650
0.000571
0.000573
0.000622
0.000548
0.000630
0.000633
0.000647
0.000640
0.000560
0.000358
-0.001724
-0.000855
0.000388
-0.000266
-0.013239
-0.012852
-0.009970
-0.013024
-0.017488
-0.012071
-0.007574
-0.000462
0.001521
0.001672
0.001542
0.001289
0.001316
0.001330
0.001116
0.001030
0.000976
0.000786
0.000511
0.000547
0.000582
0.000618
0.000701
0.000673
0.000651
0.000614
0.000570
0.000468
0.000354
0.000348
0.000433
0.000523
0.000514
0.000371
0.000436
0.000424
0.000373
0.000288
0.000241
0.000079
0.000316
0.000419
0.000526
0.000529
0.000559
0.000550
0.000592
0.000528
0.000642
0.000525
0.000889
0.000730
0.000729
0.000758
0.000701
0.000559
0.000590
0.000543
0.000709
0.000614
0.000655
0.000617
0.000630
0.000619
0.000558
0.000592
0.000416
0.000337
0.000361
0.000440
0.001195
0.000274
-0.012793
-0.020574
-0.012811
-0.010879
-0.013850
-0.014495
-0.025786
0.001853
0.001733
0.001749
0.001638
0.001382
-0.000141
0.004275
0.010311
0.001237
0.001074
0.000988
0.000675
0.000293
0.000513
0.000662
0.000615
0.000567
0.000582
0.000590
0.000631
0.000585
0.000477
0.000496
0.000366
0.000438
0.000452
0.000531
0.000431
0.000355
0.000321
0.000315
0.000298
0.000247
0.000357
0.000321
0.000426
0.000602
0.000662
0.000493
0.000495
0.000577
0.000644
0.000599
-0.001100
0.000792
0.000732
0.000674
0.000674
0.000741
0.000664
0.000605
0.000493
0.000642
0.000666
0.000610
0.000575
0.000620
0.000512
0.000607
0.000373
-0.000646
0.000809
0.001121
0.000611
0.000519
0.000678
-0.000300
-0.001064
-0.000583
0.000523
0.001338
-0.012198
0.000550
0.002131
0.001918
0.001685
0.001264
-0.001634
0.001197
0.009382
0.019792
0.013147
0.002287
0.001109
0.000856
0.000653
0.000726
0.000665
0.000645
0.000592
0.000553
0.000624
0.000615
0.000631
0.000573
0.000600
0.000466
0.000463
0.000548
0.000453
0.000413
0.000305
0.000313
0.000350
0.000414
0.000321
0.000269
0.000271
0.000335
0.000539
0.000698
0.000748
0.000693
0.000538
0.000500
0.000611
0.000514
0.000827
0.000575
0.000388
0.000520
0.000703
0.000618
0.000571
0.000589
0.000587
0.000517
0.000608
0.000587
0.000471
0.000325
-0.001558
-0.001882
-0.000150
0.001402
0.000891
0.000716
0.000753
0.000981
0.000551
0.000562
0.000742
0.000972
0.001653
0.001351
0.003284
0.002150
0.001679
-0.000305
-0.003365
0.010316
0.016022
0.013516
0.020364
0.026724
0.009171
0.001516
0.000976
0.000793
0.000730
0.000739
0.000748
0.000701
0.000543
0.000611
0.000597
0.000598
0.000651
0.000602
0.000604
0.000512
0.000533
0.000469
0.000512
0.000357
0.000323
0.000316
0.000344
0.000289
0.000351
0.000410
0.000610
0.000723
0.000941
0.000942
0.000696
0.000492
0.000427
0.000480
0.000484
0.000821
0.000660
0.000512
0.000462
0.000665
0.000578
0.000487
0.000487
0.000495
0.000480
0.000485
0.000461
-0.000306
-0.005574
-0.003615
0.003240
0.001487
0.000660
0.000663
0.000629
0.000601
0.000802
0.000562
0.000529
0.000094
0.000378
-0.018285
-0.014488
0.000561
0.002335
-0.003392
0.000805
0.005129
0.016014
0.018299
0.016644
0.017375
0.025695
0.026204
0.009901
0.001612
0.000785
0.000781
0.000722
0.000695
0.000792
0.000712
0.000674
0.000716
0.000622
0.000634
0.000606
0.000628
0.000603
0.000556
0.000542
0.000526
0.000372
0.000234
0.000347
0.000451
0.000494
0.000580
0.000583
0.000776
0.000795
0.000830
0.000823
0.000610
0.000586
0.000535
0.000487
0.000629
0.000812
0.000600
0.000489
0.000346
0.000643
0.000570
0.000557
0.000473
0.000460
0.000449
0.000446
0.000922
-0.000010
-0.003304
0.001309
0.001206
0.000673
0.000510
0.000554
0.000766
0.000805
0.000948
0.000431
0.000045
-0.012164
-0.011232
-0.012239
-0.007906
0.000349
0.003846
-0.004783
0.000354
0.001757
0.008171
0.008923
0.006748
0.010148
0.015377
0.020101
0.019428
0.009277
0.002014
0.000882
0.000744
0.000760
0.000723
0.000742
0.000673
0.000640
0.000628
0.000630
0.000660
0.000743
0.000697
0.000634
0.000668
0.000645
0.000608
0.000419
0.000434
0.000486
0.000624
0.000655
0.000730
0.000780
0.000858
0.000859
0.000803
0.000898
0.000683
0.000589
0.000502
-0.000596
0.000644
0.000694
0.000465
0.000221
0.000506
0.000626
0.000634
0.000500
0.000463
0.000431
0.000456
0.000236
0.000242
-0.001745
-0.004706
0.000736
0.000442
0.000620
0.000623
0.000730
0.001015
0.000472
0.000336
-0.002159
-0.001999
-0.001821
-0.007548
-0.013317
-0.003031
-0.004402
-0.009455
-0.010917
-0.008575
-0.008046
-0.001486
-0.000991
0.001506
0.006035
0.008108
0.013012
0.010992
0.007645
0.003753
0.001125
0.000769
0.000826
0.000742
0.000748
0.000664
0.000702
0.000677
0.000758
0.000737
0.000627
0.000635
0.000551
0.000719
0.000817
0.000588
0.000473
0.000575
0.000647
0.000737
0.000769
0.000898
0.000777
0.000743
0.000944
0.001054
0.000695
0.000595
0.000527
0.000567
0.000773
0.000733
0.000478
0.000369
0.000260
0.000606
0.000655
0.000520
0.000407
0.000477
0.000412
0.000270
0.000312
-0.001259
-0.006141
0.001460
0.000615
0.000894
0.000883
0.000811
0.000760
0.003515
0.002616
0.003068
0.002539
-0.000938
-0.004218
-0.013692
-0.003351
-0.004865
-0.011463
-0.014755
-0.010972
-0.007694
-0.004174
-0.001679
-0.001533
-0.000994
0.001943
0.005944
0.007607
0.006436
0.003413
0.003541
0.000741
0.000875
0.000744
0.000698
0.000641
0.000597
0.000761
0.000729
0.000758
0.000635
0.000657
0.000715
0.000778
0.000718
0.000790
0.000703
0.000736
0.000769
0.000782
0.000889
0.000963
0.000816
0.000775
0.000907
0.000986
0.000762
0.000684
0.000639
0.000700
0.000909
0.000632
0.000599
0.000417
0.000340
0.000541
0.000584
0.000475
0.000472
0.000579
0.000435
0.000452
0.000483
0.000247
-0.005056
0.002097
0.001952
0.002086
0.001748
0.000916
0.007870
0.020454
0.016235
0.011872
0.008677
0.005545
-0.003109
-0.007084
-0.003322
-0.002665
-0.011416
-0.011005
-0.010769
-0.007435
-0.004515
-0.002419
-0.002306
-0.001676
-0.000572
0.005081
0.009070
0.004086
0.000190
-0.000718
-0.001429
0.001329
0.001295
0.000675
0.000572
0.000625
0.000619
0.000751
0.000628
0.000662
0.000796
0.000700
0.000718
0.000749
0.000644
0.000816
0.000916
0.000855
0.000907
0.000945
0.000954
0.000864
0.000741
0.000646
0.000823
0.000912
0.000744
0.000691
0.000711
0.000816
0.000537
0.000625
0.000508
0.000394
0.000535
0.000566
0.000556
0.000462
0.000439
0.000333
0.000363
0.000465
0.000519
-0.000058
-0.001606
-0.003085
0.000850
0.002648
0.009682
0.011997
0.028417
0.033760
0.022684
0.013035
0.012307
0.002059
-0.001257
0.002515
0.000765
-0.002853
-0.008237
-0.011121
-0.007033
-0.003904
-0.003763
-0.005957
-0.001328
0.001887
0.004317
0.005902
0.002012
0.001113
0.000085
0.004012
0.008713
0.011881
0.002087
0.000617
0.000665
0.000520
0.000607
0.000682
0.000714
0.000814
0.000844
0.000803
0.000828
0.000742
0.000855
0.000960
0.000916
0.000976
0.001093
0.001060
0.000828
0.000564
0.000555
0.000761
0.000749
0.000781
0.000814
0.000775
0.000880
0.000788
0.000710
0.000559
0.000534
0.000551
0.000570
0.000571
0.000451
0.000437
0.000402
0.000404
0.000557
0.000523
0.000518
-0.000150
-0.000240
0.000812
0.001142
0.000932
0.000421
0.000856
0.002900
-0.001074
-0.000937
-0.001719
-0.006496
0.000418
0.002612
0.003502
0.002369
0.001207
-0.005010
-0.007322
-0.003410
-0.002152
-0.001112
-0.000127
0.006281
0.007510
0.007293
0.002576
0.004385
0.003562
0.003299
0.008744
0.008986
0.011466
0.002892
0.000524
0.000582
0.000661
0.000755
0.000750
0.000897
0.000803
0.000869
0.000907
0.000942
0.000851
0.000907
0.001001
0.001041
0.001003
0.001052
0.001026
0.000701
0.000689
0.000677
0.000827
0.000917
0.000871
0.000777
0.000852
0.000606
0.000641
0.000584
0.000547
0.000580
0.000514
0.000534
0.000451
0.000429
0.000319
0.000355
0.000392
0.000424
0.000513
0.000500
0.000363
0.000457
0.000418
0.000288
0.000345
0.000503
0.000604
0.000407
0.000408
0.000430
0.000415
0.000659
0.002594
0.004520
0.002995
-0.005602
-0.007811
0.006953
0.000192
0.003022
-0.004842
0.000636
-0.001547
-0.008224
-0.010884
-0.010034
0.001955
0.006655
0.006469
0.002099
0.001831
0.001784
0.013008
0.003050
0.000581
0.000609
0.000861
0.000937
0.000791
0.000936
0.000706
0.000893
0.000894
0.000909
0.000921
0.001055
0.000974
0.000878
0.000948
0.000935
0.000672
0.000647
0.000805
0.000839
0.000766
0.000649
0.000747
0.000787
0.000577
0.000593
0.000527
0.000554
0.000557
0.000514
0.000532
0.000497
0.000385
0.000376
0.000394
0.000383
0.000417
0.000408
0.000416
0.000309
0.000364
0.000423
0.000301
0.000526
0.000261
0.000159
-0.002997
-0.002931
-0.002868
-0.001860
0.009779
0.016606
-0.000338
-0.005125
-0.004295
-0.010458
-0.012806
-0.010458
-0.008087
-0.005416
-0.002286
-0.004294
-0.011132
-0.014630
-0.013533
-0.010238
-0.007391
-0.001845
-0.003133
-0.002246
0.006754
0.011009
0.004469
0.001254
0.000671
0.000866
0.000910
0.000886
0.000995
0.000909
0.000927
0.000928
0.000951
0.000975
0.000994
0.000922
0.000645
0.000762
0.001004
0.000720
0.000821
0.000945
0.000753
0.000600
0.000563
0.000422
0.000628
0.000593
0.000309
0.000533
0.000540
0.000524
0.000469
0.000495
0.000460
0.000381
0.000381
0.000345
0.000368
0.000378
0.000422
0.000411
0.000209
0.000199
0.000149
0.000267
0.000117
-0.002958
-0.003019
-0.002936
-0.002823
-0.002409
-0.002498
0.002464
0.013851
0.002280
-0.005300
-0.004656
-0.011141
-0.014550
-0.011935
-0.011011
-0.011273
-0.007704
-0.008811
-0.013772
-0.017702
-0.014155
-0.012219
-0.011323
-0.009067
-0.001104
-0.004023
0.003821
0.011009
0.004738
-0.005532
0.001172
0.000999
0.000968
0.000984
0.000937
0.000996
0.001002
0.000896
0.000869
0.000873
0.000985
0.000899
0.000753
0.000884
0.000984
0.000888
0.000902
0.000890
0.000619
0.000523
0.000362
0.000197
0.000552
0.000036
0.000113
0.000417
0.000467
0.000497
0.000502
0.000495
0.000474
0.000415
0.000368
0.000330
0.000356
0.000410
0.000356
0.000360
0.000290
0.000238
0.000125
-0.000027
-0.001993
-0.003143
-0.003479
-0.002644
-0.002759
-0.002524
-0.002380
0.001590
0.014235
0.006881
-0.006935
-0.010614
-0.008393
-0.016030
-0.013023
-0.013151
-0.008576
-0.012637
-0.010560
-0.012453
-0.013831
-0.008604
-0.015119
-0.012693
-0.009420
-0.005158
-0.005143
0.001439
0.007710
-0.001980
-0.009413
-0.007193
0.000751
0.000914
0.001030
0.001070
0.001109
0.000917
0.000868
0.000947
0.000910
0.001037
0.001027
0.000850
0.000424
0.000773
0.000762
0.000612
0.000537
0.000648
0.000432
0.000407
0.000203
0.000192
0.000213
0.000182
0.000387
0.000440
0.000458
0.000496
0.000500
0.000467
0.000409
0.000346
0.000299
0.000345
0.000314
0.000286
0.000276
0.000302
-0.000034
-0.002258
-0.002003
-0.001577
-0.001913
-0.002716
-0.002683
-0.002201
0.000724
-0.000220
0.009197
0.012250
0.005436
-0.009797
-0.013711
-0.012429
-0.014954
-0.013517
-0.011524
-0.012299
-0.010658
-0.011005
-0.012229
-0.010724
-0.009612
-0.005847
-0.007898
-0.008590
-0.009325
-0.007588
0.002173
-0.001002
-0.007755
-0.009958
-0.009175
-0.006775
0.000397
0.001243
0.000988
0.000971
0.000822
0.000887
0.001054
0.001044
0.001040
0.000921
0.000828
0.000480
0.000448
0.000601
0.000501
0.000311
0.000277
0.000348
0.000443
0.000339
0.000440
0.000225
0.000302
0.000447
0.000621
0.000600
0.000548
0.000500
0.000493
0.000399
0.000418
0.000277
0.000282
0.000350
0.000334
0.000274
-0.000087
-0.002751
-0.002831
-0.002132
-0.001866
0.002221
0.002753
0.000453
0.007200
0.007958
0.008904
0.012528
0.010145
0.000714
-0.014039
-0.017009
-0.010360
-0.008836
-0.008896
-0.009023
-0.010602
-0.007028
-0.010526
-0.012483
-0.015242
-0.014918
-0.009045
-0.005166
-0.004116
-0.010746
-0.009966
-0.006225
-0.008292
-0.008760
-0.008841
-0.008431
-0.008881
-0.007918
-0.006035
0.000810
0.000988
0.000924
0.000935
0.001091
0.001067
0.000917
0.001006
0.001109
0.000813
0.000552
0.000602
0.000659
0.000664
0.000371
0.000345
0.000476
0.000477
0.000512
0.000426
0.000413
0.000472
0.000630
0.000612
0.000474
0.000426
0.000488
0.000381
0.000349
0.000271
0.000332
0.000226
-0.000002
-0.000121
-0.001934
-0.004415
-0.003229
-0.002993
-0.002611
-0.001408
0.005375
0.013529
0.022975
0.020193
0.014120
0.009661
0.003325
-0.008326
-0.020556
-0.020115
-0.015146
-0.011207
-0.007558
-0.008966
-0.008051
-0.006039
-0.009766
-0.014005
-0.014936
-0.012217
-0.008446
-0.006215
-0.004571
-0.003709
-0.007615
-0.008054
-0.008374
-0.008529
-0.008023
-0.008318
-0.008146
-0.007922
-0.008585
-0.005419
0.000306
0.000735
0.000900
0.000919
0.001017
0.000964
0.001108
0.001231
0.000933
0.000477
0.000738
0.000732
0.000588
0.000543
0.000565
0.000772
0.000676
0.000401
0.000503
0.000609
0.000560
0.000598
0.000748
0.000825
0.000850
0.001043
0.000235
0.000200
0.000283
-0.000019
-0.002208
-0.004140
-0.002446
-0.001971
-0.001621
-0.002863
-0.002925
-0.002522
-0.001739
0.004602
0.013371
0.025839
0.027258
0.017140
0.010277
0.003492
-0.012083
-0.021055
-0.019888
-0.015020
-0.010353
-0.007662
-0.009154
-0.009399
-0.006559
-0.008746
-0.012852
-0.015277
-0.012710
-0.008992
-0.006115
-0.004302
-0.004443
-0.003720
-0.005522
-0.008145
-0.008104
-0.009019
-0.008634
-0.008635
-0.008278
-0.008522
-0.008310
-0.006296
-0.004351
0.000606
0.000885
0.000858
0.000899
0.001114
0.001075
0.000898
0.000576
0.000785
0.000798
0.000613
0.000434
0.000505
0.000757
0.000734
0.000575
0.000471
0.000605
0.000569
0.000677
0.000773
0.000801
0.000706
0.000552
0.000665
0.000720
0.000680
-0.000132
-0.002174
-0.003878
-0.006421
0.000633
-0.000640
-0.002364
-0.002254
-0.002183
0.000423
0.000529
0.000511
0.000751
0.001277
0.001920
0.002280
0.005362
-0.017763
-0.018093
-0.016091
-0.013687
-0.009381
-0.008195
-0.009007
-0.011351
-0.012611
-0.012242
-0.017198
-0.015638
-0.013439
-0.011331
-0.006141
-0.003946
-0.005243
-0.004745
-0.003451
-0.004160
-0.009317
-0.010019
-0.008781
-0.008081
-0.007896
-0.007966
-0.007781
-0.007327
-0.007620
-0.007270
-0.006540
-0.003458
0.001149
0.001129
0.001125
0.000892
0.000767
0.000980
0.000838
0.000741
0.000618
0.000564
0.000500
0.000961
0.000542
0.000595
0.000557
0.000582
0.000689
0.000643
0.000734
0.000570
0.000321
0.000361
0.000460
0.000671
0.000717
0.000795
-0.000244
-0.004165
-0.001084
0.000493
0.000515
0.000525
0.000305
0.000594
0.000683
0.000703
0.000595
0.000568
0.000657
0.000655
0.000635
0.001824
0.004472
-0.009347
-0.012326
-0.011298
-0.007329
-0.007349
-0.010144
-0.012543
-0.015011
-0.017131
-0.016002
-0.015122
-0.013239
-0.007581
-0.005220
-0.003788
-0.004318
-0.004998
-0.004749
-0.005072
-0.008775
-0.007679
-0.005302
-0.003250
-0.002193
-0.004560
-0.004598
-0.004521
-0.003919
-0.002919
0.003350
0.005046
0.001531
0.001087
0.001048
0.001005
0.001043
0.000889
0.000952
0.000725
0.000600
0.000603
0.001025
0.000500
0.000553
0.000555
0.000547
0.000568
0.000623
0.000552
0.000486
0.000148
0.000304
0.000311
0.000658
0.000720
0.000606
0.000721
0.000615
0.000350
0.000589
0.000547
0.000517
0.000467
0.000653
0.000703
0.000677
0.000632
0.000613
0.000670
0.000682
0.000540
0.000373
0.000091
0.000499
0.000681
0.000205
0.000242
0.000070
0.000883
-0.006900
-0.010477
-0.013600
-0.013756
-0.013637
-0.011383
-0.008534
-0.006128
-0.005078
-0.005110
-0.005895
-0.007174
-0.006444
-0.004766
-0.001024
0.006802
0.010008
0.007905
0.004943
0.003062
0.006718
0.005245
0.004200
0.004586
0.002582
0.002234
0.001746
0.001561
0.001675
0.001612
0.001485
0.001498
0.001087
0.000685
0.000471
0.000867
0.000350
0.000581
0.000566
0.000480
0.000483
0.000684
0.000631
0.000310
0.000254
0.000102
0.000301
0.000821
0.000922
0.000763
0.000722
0.000734
0.000670
0.000675
0.000568
0.000589
0.000585
0.000669
0.000706
0.000662
0.000683
0.000644
0.000656
0.000638
0.000571
0.000242
-0.000042
-0.000091
0.000230
0.000795
0.000759
0.000749
0.000820
0.000618
0.000475
0.000420
0.000675
0.000363
0.000722
0.000272
-0.004467
-0.005554
-0.006228
-0.008592
-0.008566
-0.009033
-0.006083
0.002260
0.010367
-0.000394
0.000266
0.002166
-0.000101
0.001204
0.002286
0.002585
0.002455
0.002033
0.002119
0.002067
0.002154
0.002059
0.002011
0.001725
0.001415
0.001032
0.000936
0.000746
0.000813
0.000217
0.000526
0.000552
0.000584
0.000602
0.000841
0.000737
0.000306
0.000589
0.000306
0.000433
0.000619
0.000621
0.000839
0.000793
0.000750
0.000664
0.000519
0.000618
0.000491
0.000507
0.000630
0.000731
0.000676
0.000686
0.000622
0.000577
0.000581
0.000362
0.000244
-0.000007
-0.000220
0.000052
0.000565
0.000977
0.000970
0.001073
0.000980
0.000910
0.000936
0.000692
0.000592
0.000775
0.000895
0.001763
-0.005299
-0.009391
-0.012006
-0.009747
-0.008529
-0.007883
0.000874
0.000764
0.002209
0.002333
0.002244
0.001957
0.002002
0.002186
0.002292
0.002153
0.002149
0.002162
0.002224
0.002181
0.002134
0.002010
0.001357
0.001141
0.001362
0.001027
0.000808
0.000704
0.000445
0.000324
0.000612
0.000542
0.000696
0.000924
0.000756
0.000307
0.000460
0.000482
0.000439
0.000578
0.000815
0.000894
0.000695
0.000609
0.000605
0.000581
0.000663
0.000535
0.000420
0.000477
0.000709
0.000679
0.000620
0.000516
0.000571
0.000616
0.000453
0.000334
0.000018
0.000317
0.000307
0.000613
0.000952
0.001107
0.001108
0.000862
0.000886
0.000941
0.000757
0.000738
0.000817
0.000964
0.001120
0.002945
-0.010545
-0.008412
-0.002100
-0.004691
-0.007575
-0.003843
0.001153
0.001758
0.002070
0.002135
0.002011
0.002184
0.002243
0.002199
0.002379
0.002197
0.002239
0.002243
0.002334
0.002225
0.001725
0.001409
0.001490
0.001585
0.001160
0.000978
0.000818
0.000640
0.000484
0.000612
0.000598
0.000841
0.000937
0.000723
0.000452
0.000439
0.000545
0.000641
0.001071
0.001024
0.001026
0.000646
0.000547
0.000539
0.000628
0.000669
0.000686
0.000524
0.000529
0.000724
0.000587
0.000519
0.000467
0.000562
0.000590
0.000478
0.000465
0.000525
0.000537
0.000585
0.000581
0.000914
0.001089
0.000961
0.000930
0.000969
0.000955
0.000965
0.001015
0.001069
0.001002
0.001104
0.001183
0.003602
0.000978
0.009928
0.007830
-0.000345
-0.001232
-0.009471
-0.000491
0.001990
0.002019
0.002220
0.002247
0.002211
0.002162
0.002138
0.002073
0.002083
0.002327
0.002309
0.001931
0.001895
0.001595
0.001583
0.001565
0.001262
0.001413
0.001394
0.000831
0.000620
0.000753
0.000932
0.000718
0.000963
0.000824
0.001141
0.000931
0.000823
0.000686
0.001028
0.000870
0.000893
0.000855
0.000615
0.000665
0.000737
0.000854
0.000737
0.000793
0.000596
0.000726
0.000595
0.000523
0.000571
0.000677
0.000699
0.000498
0.000537
0.000576
0.000612
0.000595
0.000521
0.000809
0.001021
0.001056
0.001027
0.001021
0.001077
0.001053
0.001085
0.001264
0.001242
0.001241
0.001197
0.001438
0.002500
0.002830
0.004821
0.000440
-0.002461
-0.011404
0.000261
0.001420
0.002102
0.002318
0.002504
0.002310
0.002145
0.002147
0.001988
0.002240
0.002256
0.002189
0.001745
0.001919
0.001754
0.001548
0.001687
0.001182
0.001723
0.001499
0.000968
0.000709
0.000790
0.001027
0.001115
0.001064
0.001000
0.000946
0.001073
0.000883
0.000748
0.000627
0.000792
0.001049
0.000960
0.000669
0.000635
0.000935
0.000793
0.000648
0.000600
0.000649
0.000548
0.000538
0.000529
0.000603
0.000539
0.000389
0.000675
0.000658
0.000628
0.000602
0.000574
0.000492
0.000806
0.001054
0.000901
0.001008
0.001088
0.000990
0.000972
0.000974
0.001257
0.001341
0.001229
0.001155
0.001316
0.001112
0.001253
0.000681
0.003002
0.002392
-0.002750
-0.000287
0.001505
0.002147
0.002479
0.002417
0.002237
0.001791
0.001706
0.001916
0.001946
0.002110
0.001973
0.001735
0.001777
0.001679
0.001562
0.001616
0.001281
0.001334
0.001468
0.000965
0.000851
0.000732
0.000939
0.001098
0.001101
0.000906
0.000756
0.000948
0.001079
0.000677
0.000618
0.000581
0.000861
0.000811
0.000662
0.000551
0.000812
0.000871
0.000621
0.000536
0.000533
0.000518
0.000527
0.000644
0.000428
0.000373
0.000411
0.000579
0.000648
0.000798
0.000666
0.000540
0.000389
0.000679
0.000877
0.000648
0.000911
0.001008
0.000919
0.000814
0.000874
0.001256
0.001276
0.001170
0.001114
0.001156
0.000952
0.000844
0.001299
0.001342
-0.001411
0.000331
0.001540
0.001826
0.002090
0.002355
0.002365
0.002299
0.001852
0.001945
0.001565
0.001552
0.001905
0.001886
0.001747
0.001602
0.001712
0.001763
0.001602
0.001203
0.001307
0.001734
0.001145
0.000942
0.000680
0.000764
0.001074
0.001122
0.000851
0.000709
0.000722
0.000812
0.000501
0.000072
0.000562
0.000586
0.000737
0.000771
0.000707
0.000733
0.000720
0.000571
0.000562
0.000503
0.000613
0.000788
0.000849
0.000823
0.000896
0.000619
0.000304
0.000926
0.000654
0.000554
0.000709
0.000652
0.000498
0.000639
0.000715
0.000666
0.000738
0.000710
0.000821
0.001046
0.001003
0.001169
0.000959
0.001098
0.001055
0.000923
0.000821
0.001171
0.001278
0.000465
0.001377
0.001724
0.002065
0.002382
0.002429
0.002416
0.002013
0.002041
0.002073
0.001433
0.001431
0.001526
0.001887
0.002081
0.001656
0.001809
0.001389
0.001207
0.001098
0.001484
0.001656
0.001184
0.001011
0.000721
0.000782
0.000899
0.001162
0.000815
0.000691
0.000737
0.000719
0.000294
0.000561
0.000583
0.000544
0.000812
0.000932
0.000927
0.000758
0.000804
0.000722
0.000678
0.000858
0.000951
0.000917
0.000766
0.001021
0.000867
0.000361
0.000210
0.000619
0.000711
0.000592
0.000563
0.000807
0.000676
0.000391
0.000475
0.000656
0.000569
0.000663
0.000667
0.000872
0.001263
0.001213
0.000905
0.001011
0.000867
0.000786
0.000721
0.001327
0.001013
0.001231
0.001574
0.001527
0.002106
0.002171
0.002307
0.002128
0.001648
0.002001
0.001977
0.001901
0.001322
0.001525
0.001925
0.002366
0.002025
0.001543
0.001814
0.001690
0.001651
0.001498
0.001079
