-0.000039
-0.000038
-0.000046
0.000632
-0.000053
-0.000057
-0.000052
0.000438
-0.000046
-0.000059
-0.000065
-0.000603
-0.000061
-0.000054
-0.000041
-0.000032
-0.000030
-0.000031
-0.000028
-0.000024
-0.000030
-0.000036
-0.000043
-0.000034
-0.000031
-0.000031
-0.000033
-0.000025
-0.000030
-0.000017
-0.000018
-0.000021
-0.000033
-0.000030
-0.000028
-0.000026
-0.000034
-0.000042
-0.000030
-0.000029
-0.000025
-0.000026
-0.000024
-0.000029
-0.000030
-0.000032
-0.000023
-0.000032
-0.000027
-0.000035
-0.000033
-0.000020
-0.000019
-0.000017
-0.000020
-0.000024
-0.000022
-0.000025
-0.000018
-0.000024
-0.000034
-0.000037
-0.000047
-0.000033
-0.000004
0.000004
-0.001158
0.000003
0.000002
0.000002
0.000061
-0.000007
0.000195
-0.000031
-0.000029
-0.000026
-0.000034
-0.000030
-0.000041
-0.000041
-0.000036
-0.000044
-0.000042
-0.000041
-0.000051
-0.000044
-0.000036
-0.000029
-0.000032
-0.000028
-0.000030
-0.000034
-0.000031
-0.000033
-0.000035
-0.000038
-0.000036
-0.000025
-0.000032
-0.000035
-0.000031
-0.000039
-0.000034
-0.000035
-0.000036
-0.000035
-0.000039
-0.000041
-0.000037
-0.000032
-0.000027
-0.000031
-0.000034
-0.000033
-0.000027
-0.000024
-0.000030
-0.000031
-0.000033
-0.000028
-0.000031
-0.000038
-0.000036
-0.000036
-0.000026
-0.000024
-0.000023
-0.000019
-0.000027
-0.000024
-0.000025
-0.000019
-0.000022
-0.000033
-0.000028
-0.000029
-0.000032
-0.000025
-0.000029
-0.000036
-0.000032
-0.000026
-0.000031
-0.000021
-0.000022
-0.000042
-0.000033
-0.000035
-0.000035
-0.000031
-0.000031
-0.000039
-0.000036
-0.000038
-0.000046
-0.000042
-0.000039
-0.000044
-0.000038
-0.000027
-0.000026
-0.000031
-0.000031
-0.000030
-0.000032
-0.000037
-0.000031
-0.000032
-0.000032
-0.000030
-0.000036
-0.000041
-0.000028
-0.000034
-0.000035
-0.000039
-0.000034
-0.000022
-0.000037
-0.000035
-0.000031
-0.000036
-0.000036
-0.000038
-0.000033
-0.000025
-0.000033
-0.000030
-0.000028
-0.000028
-0.000036
-0.000035
-0.000030
-0.000031
-0.000031
-0.000036
-0.000038
-0.000030
-0.000030
-0.000027
-0.000025
-0.000023
-0.000022
-0.000019
-0.000019
-0.000024
-0.000028
-0.000028
-0.000029
-0.000029
-0.000031
-0.000025
-0.000028
-0.000027
-0.000020
-0.000023
-0.000021
-0.000031
-0.000041
-0.000025
-0.000032
-0.000028
-0.000031
-0.000028
-0.000035
-0.000036
-0.000036
-0.000035
-0.000031
-0.000035
-0.000038
-0.000037
-0.000030
-0.000025
-0.000033
-0.000032
-0.000037
-0.000035
-0.000035
-0.000030
-0.000034
-0.000032
-0.000026
-0.000026
-0.000031
-0.000038
-0.000027
-0.000027
-0.000035
-0.000040
-0.000030
-0.000029
-0.000028
-0.000030
-0.000037
-0.000036
-0.000038
-0.000034
-0.000040
-0.000029
-0.000029
-0.000028
-0.000031
-0.000037
-0.000033
-0.000032
-0.000029
-0.000032
-0.000034
-0.000031
-0.000028
-0.000021
-0.000030
-0.000020
-0.000022
-0.000028
-0.000024
-0.000021
-0.000027
-0.000023
-0.000023
-0.000032
-0.000028
-0.000025
-0.000029
-0.000024
-0.000025
-0.000022
-0.000020
-0.000020
-0.000024
-0.000035
-0.000026
-0.000031
-0.000032
-0.000032
-0.000033
-0.000032
-0.000035
-0.000038
-0.000036
-0.000028
-0.000035
-0.000042
-0.000029
-0.000035
-0.000035
-0.000033
-0.000032
-0.000030
-0.000029
-0.000038
-0.000029
-0.000033
-0.000024
-0.000027
-0.000027
-0.000026
-0.000035
-0.000039
-0.000032
-0.000040
-0.000042
-0.000031
-0.000032
-0.000028
-0.000035
-0.000037
-0.000031
-0.000036
-0.000035
-0.000028
-0.000034
-0.000030
-0.000037
-0.000035
-0.000027
-0.000024
-0.000025
-0.000029
-0.000025
-0.000026
-0.000023
-0.000025
-0.000022
-0.000020
-0.000020
-0.000020
-0.000017
-0.000027
-0.000020
-0.000023
-0.000018
-0.000026
-0.000027
-0.000031
-0.000034
-0.000026
-0.000017
-0.000026
-0.000026
-0.000028
-0.000030
-0.000025
-0.002169
-0.000027
-0.000027
-0.000036
-0.000035
-0.000032
-0.000035
-0.000034
-0.000038
-0.000034
-0.000033
-0.000033
-0.000035
-0.000035
-0.000038
-0.000039
-0.000034
-0.000024
-0.000036
-0.000027
-0.000029
-0.000026
-0.000028
-0.000033
-0.000029
-0.000028
-0.000034
-0.000027
-0.000031
-0.000034
-0.000033
-0.000036
-0.000036
-0.000034
-0.000032
-0.000037
-0.000040
-0.000035
-0.000031
-0.000031
-0.000027
-0.000029
-0.000032
-0.000031
-0.000037
-0.000027
-0.000027
-0.000026
-0.000022
-0.000022
-0.000022
-0.000023
-0.000024
-0.000021
-0.000019
-0.000027
-0.000018
-0.000027
-0.000020
-0.000021
-0.000015
-0.000017
-0.000020
-0.000018
-0.000021
-0.000020
-0.000021
-0.000018
-0.000024
-0.000028
-0.000031
-0.000028
-0.000027
-0.000048
-0.000027
-0.000031
-0.000032
-0.000027
-0.000030
-0.000033
-0.000029
-0.000024
-0.000030
-0.000039
-0.000036
-0.000027
-0.000030
-0.000031
-0.000041
-0.000037
-0.000030
-0.000029
-0.000031
-0.000032
-0.000031
-0.000030
-0.000035
-0.000035
-0.000022
-0.000029
-0.000028
-0.000028
-0.000028
-0.000026
-0.000028
-0.000026
-0.000032
-0.000033
-0.000036
-0.000032
-0.000028
-0.000033
-0.000025
-0.000029
-0.000028
-0.000034
-0.000037
-0.000037
-0.000037
-0.000028
-0.000025
-0.000023
-0.000018
-0.000025
-0.000020
-0.000019
-0.000021
-0.000018
-0.000025
-0.000018
-0.000025
-0.000029
-0.000034
-0.000024
-0.000026
-0.000023
-0.000022
-0.000021
-0.000038
-0.000031
-0.000027
-0.000023
-0.000024
-0.000031
-0.000036
-0.000033
-0.000042
-0.000026
-0.000026
-0.000030
-0.000029
-0.000031
-0.000024
-0.000025
-0.000023
-0.000031
-0.000039
-0.000033
-0.000028
-0.000030
-0.000030
-0.000035
-0.000034
-0.000026
-0.000029
-0.000032
-0.000036
-0.000032
-0.000029
-0.000031
-0.000035
-0.000025
-0.000029
-0.000030
-0.000027
-0.000026
-0.000020
-0.000031
-0.000025
-0.000028
-0.000032
-0.000034
-0.000031
-0.000030
-0.000026
-0.000025
-0.000029
-0.000025
-0.000033
-0.000038
-0.000041
-0.000035
-0.000029
-0.000027
-0.000027
-0.000025
-0.000023
-0.000023
-0.000018
-0.000020
-0.000021
-0.000022
-0.000019
-0.000027
-0.000023
-0.000020
-0.000026
-0.000022
-0.000017
-0.000019
-0.000021
-0.000027
-0.000022
-0.000027
-0.000018
-0.000032
-0.000032
-0.000037
-0.000029
-0.000027
-0.000025
-0.000027
-0.000031
-0.000030
-0.000024
-0.000024
-0.000028
-0.000022
-0.000038
-0.000036
-0.000032
-0.000033
-0.000034
-0.000035
-0.000034
-0.000027
-0.000031
-0.000032
-0.000032
-0.000030
-0.000033
-0.000029
-0.000031
-0.000031
-0.000033
-0.000029
-0.000028
-0.000024
-0.000026
-0.000021
-0.000024
-0.000024
-0.000023
-0.000027
-0.000022
-0.000028
-0.000029
-0.000022
-0.000024
-0.000026
-0.000028
-0.000026
-0.000037
-0.000044
-0.000038
-0.000036
-0.000022
-0.000022
-0.000024
-0.000026
-0.000027
-0.000019
-0.000019
-0.000018
-0.000019
-0.000024
-0.000027
-0.000023
-0.000021
-0.000026
-0.000026
-0.000021
-0.000020
-0.000020
-0.000014
-0.000024
-0.000026
-0.000032
-0.000031
-0.000039
-0.000036
-0.000035
0.001326
-0.000024
-0.000033
-0.000030
-0.000033
-0.000025
-0.000022
-0.000023
-0.000028
-0.000033
-0.000028
-0.000031
-0.000033
-0.000035
-0.000035
-0.000030
-0.000031
-0.000033
-0.000032
-0.000029
-0.000028
-0.000031
-0.000032
-0.000033
-0.000037
-0.000038
-0.000038
-0.000034
-0.000027
-0.000021
-0.000021
-0.000019
-0.000013
-0.000016
-0.000020
-0.000018
-0.000020
-0.000025
-0.000024
-0.000021
-0.000026
-0.000025
-0.000030
-0.000036
-0.000042
-0.000043
-0.000036
-0.000034
-0.000027
-0.000009
-0.000013
-0.000023
-0.000026
-0.000021
-0.000022
-0.000025
-0.000030
-0.000032
-0.000022
-0.000026
-0.000024
-0.000023
-0.000027
-0.000015
-0.000018
-0.000020
-0.000023
-0.000028
-0.000037
-0.000042
-0.000043
-0.000041
-0.000030
-0.000030
-0.000026
-0.000026
-0.000026
-0.000029
-0.000027
-0.000028
-0.000027
-0.000025
-0.000031
-0.000033
-0.000029
-0.000032
-0.000031
-0.000029
-0.000029
-0.000028
-0.000033
-0.000027
-0.000031
-0.000027
-0.000035
-0.000031
-0.000032
-0.000034
-0.000036
-0.000032
-0.000035
-0.000026
-0.000021
-0.000021
-0.000019
-0.000015
-0.000018
-0.000017
-0.000022
-0.000014
-0.000020
-0.000018
-0.000024
-0.000023
-0.000019
-0.000019
-0.000030
-0.000041
-0.000044
-0.000041
-0.000042
-0.000035
-0.000023
-0.000020
-0.000017
-0.000022
-0.000023
-0.000016
-0.000019
-0.000023
-0.000018
-0.000024
-0.000020
-0.000024
-0.000031
-0.000029
-0.000025
-0.000023
-0.000024
-0.000022
-0.000029
-0.000023
-0.000044
-0.000040
-0.000046
-0.000039
-0.000025
-0.000023
-0.000023
-0.000018
-0.000019
-0.000024
-0.000028
-0.000021
-0.000025
-0.000027
-0.000031
-0.000031
-0.000029
-0.000032
-0.000027
-0.000028
-0.000031
-0.000031
-0.000031
-0.000028
-0.000030
-0.000031
-0.000035
-0.000031
-0.000035
-0.000030
-0.000026
-0.000030
-0.000028
-0.000024
-0.000024
-0.000025
-0.000010
-0.000008
-0.000010
-0.000005
-0.000016
-0.000018
-0.000020
-0.000024
-0.000019
-0.000013
-0.000016
-0.000026
-0.000035
-0.000046
-0.000041
-0.000046
-0.000033
-0.000028
-0.000021
-0.000019
-0.000022
-0.000022
-0.000022
-0.000029
-0.000019
-0.000025
-0.000020
-0.000025
-0.000024
-0.000031
-0.000031
-0.000031
-0.000026
-0.000030
-0.000027
-0.000032
-0.000028
-0.000040
-0.000040
-0.000042
-0.000031
-0.000030
-0.000021
-0.000024
-0.000010
-0.000018
-0.000022
-0.000022
-0.000020
-0.000022
-0.000027
-0.000032
-0.000022
-0.000025
-0.000029
-0.000025
-0.000026
-0.000028
-0.000027
-0.000029
-0.000034
-0.000033
-0.000034
-0.000041
-0.000076
-0.000070
-0.000073
-0.000050
-0.000032
-0.000026
-0.000026
-0.000022
-0.000021
-0.000012
-0.000016
-0.000006
-0.000008
-0.000015
-0.000014
-0.000013
-0.000018
-0.000021
-0.000032
-0.000031
-0.000023
-0.000031
-0.000041
-0.000041
-0.000040
-0.000035
-0.000025
-0.000020
-0.000015
-0.000019
-0.000018
-0.000027
-0.000030
-0.000024
-0.000016
-0.000024
-0.000021
-0.000024
-0.000027
-0.000033
-0.000034
-0.000035
-0.000030
-0.000043
-0.000038
-0.000043
-0.000039
-0.000042
-0.000042
-0.000037
0.000725
-0.000024
-0.000019
-0.000016
-0.000023
-0.000027
-0.000023
-0.000020
-0.000020
-0.000021
-0.000022
-0.000026
-0.000028
-0.000028
-0.000028
-0.000029
-0.000035
-0.000020
-0.000025
-0.000030
-0.000029
-0.000030
-0.000145
-0.000958
-0.001680
-0.001536
-0.002084
-0.000563
-0.000295
-0.000224
-0.000032
-0.000019
-0.000016
-0.000010
-0.000005
-0.000009
-0.000010
-0.000013
-0.000024
-0.000018
-0.000023
-0.000027
-0.000026
-0.000030
-0.000030
-0.000037
-0.000038
-0.000048
-0.000040
-0.000028
-0.000020
-0.000022
-0.000018
-0.000022
-0.000024
-0.000023
-0.000023
-0.000017
-0.000025
-0.000018
-0.000024
-0.000031
-0.000030
-0.000032
-0.000028
-0.000038
-0.000041
-0.000034
-0.000033
-0.000032
-0.000035
-0.000042
-0.000045
-0.000028
-0.000028
-0.000021
-0.000020
-0.000025
-0.000025
-0.000020
-0.000020
-0.000020
-0.000017
-0.000025
-0.000028
-0.000026
-0.000026
-0.000027
-0.000027
-0.000028
-0.000018
-0.000019
-0.000028
-0.000030
-0.000087
-0.001229
-0.001895
-0.001084
-0.002405
-0.004455
-0.003741
-0.007126
-0.009513
-0.001517
-0.000272
-0.000009
-0.000011
-0.000008
-0.000009
-0.000004
-0.000016
-0.000021
-0.000024
-0.000036
-0.000023
-0.000037
-0.000034
-0.000030
-0.000041
-0.000038
-0.000040
-0.000041
-0.000033
-0.000019
-0.000023
-0.000021
-0.000027
-0.000023
-0.000027
-0.000031
-0.000021
-0.000026
-0.000028
-0.000035
-0.000035
-0.000035
-0.000035
-0.000035
-0.000040
-0.000033
-0.000038
-0.000034
-0.000044
-0.000026
-0.000036
-0.000036
-0.000022
-0.000025
-0.000025
-0.000024
-0.000023
-0.000016
-0.000017
-0.000020
-0.000021
-0.000018
-0.000024
-0.000020
-0.000021
-0.000028
-0.000027
-0.000022
-0.000024
-0.000026
-0.000030
-0.000028
-0.000075
-0.000947
-0.001719
-0.002740
-0.002996
-0.004904
-0.003883
-0.002983
-0.002482
-0.007791
-0.012501
-0.010422
-0.000290
-0.000000
-0.000002
-0.000004
-0.000008
-0.000013
-0.000013
-0.000032
-0.000031
-0.000032
-0.000034
-0.000037
-0.000037
-0.000042
-0.000043
-0.000043
-0.000044
-0.000040
-0.000029
-0.000020
-0.000025
-0.000024
-0.000024
-0.000029
-0.000021
-0.000022
-0.000030
-0.000037
-0.000037
-0.000038
-0.000034
-0.000039
-0.000035
-0.000033
-0.000038
-0.000034
-0.000032
-0.000043
-0.000042
-0.000040
-0.000042
-0.000030
-0.000019
-0.000019
-0.000025
-0.000018
-0.000016
-0.000018
-0.000019
-0.000017
-0.000019
-0.000016
-0.000015
-0.000021
-0.000023
-0.000026
-0.000023
-0.000025
-0.000046
-0.000096
0.000061
-0.000005
-0.001432
-0.004557
-0.006990
-0.005733
-0.004407
-0.004538
-0.003473
-0.008424
-0.005433
-0.000148
-0.000054
0.000019
0.000011
-0.000004
0.000001
-0.000003
-0.000012
-0.000009
-0.000018
-0.000028
-0.000038
-0.000031
-0.000038
-0.000047
-0.000040
-0.000037
-0.000037
-0.000040
-0.000041
-0.000031
-0.000021
-0.000019
-0.000026
-0.000024
-0.000019
-0.000031
-0.000028
-0.000040
-0.000035
-0.000033
-0.000037
-0.000029
-0.000030
-0.000031
-0.000030
-0.000036
-0.000041
-0.000030
-0.000034
-0.000048
-0.000050
-0.000051
-0.001100
-0.000019
-0.000022
-0.000021
-0.000016
-0.000015
-0.000017
-0.000015
-0.000021
-0.000021
-0.000019
-0.000018
-0.000019
-0.000021
-0.000020
-0.000054
-0.000051
-0.000129
-0.000234
0.000706
0.000128
0.000036
-0.000067
-0.000741
-0.000607
-0.000689
-0.000240
-0.000924
-0.001888
-0.000827
0.000065
0.000038
0.000012
0.000031
0.000068
0.000079
0.000155
0.000183
0.000047
-0.000017
-0.000032
-0.000035
-0.000037
-0.000039
-0.000039
-0.000034
-0.000037
-0.000032
-0.000035
-0.000034
-0.000030
-0.000020
-0.000020
-0.000026
-0.000024
-0.000022
-0.000028
-0.000036
-0.000038
-0.000032
-0.000034
-0.000027
-0.000023
-0.000032
-0.000031
-0.000036
-0.000036
-0.000038
-0.000042
-0.000048
-0.000049
-0.000053
-0.000056
-0.000046
-0.000020
-0.000019
-0.000020
-0.000014
-0.000017
-0.000014
-0.000014
-0.000019
-0.000027
-0.000025
-0.000020
-0.000013
-0.000018
-0.000049
0.000118
0.001744
0.000081
0.000881
0.000096
0.000116
0.000003
-0.000048
-0.000231
-0.000183
-0.000113
0.000229
0.000995
0.001347
0.002009
0.001042
0.000859
-0.000242
0.000584
0.001661
0.001703
0.002240
0.002322
0.001149
0.000218
-0.000013
-0.000029
-0.000035
-0.000034
-0.000034
-0.000038
-0.000032
-0.000031
-0.000034
-0.000033
-0.000033
-0.000029
-0.000023
-0.000023
-0.000028
-0.000025
-0.000028
-0.000037
-0.000034
-0.000038
-0.000028
-0.000031
-0.000025
-0.000029
-0.000030
-0.000038
-0.000036
-0.000039
-0.000044
-0.000054
-0.000055
-0.000046
-0.000044
-0.000048
-0.000020
-0.000018
-0.000013
-0.000013
-0.000013
-0.000014
-0.000014
-0.000016
-0.000021
-0.000020
-0.000016
-0.000016
-0.000041
0.000123
0.000447
0.000593
0.000045
0.000036
0.000021
-0.000035
-0.000047
-0.000061
-0.000101
-0.000047
0.000214
0.000559
-0.000210
0.002122
0.001956
0.001258
0.001923
0.001448
0.002100
0.002110
0.002373
0.003234
0.003298
0.003245
0.002251
0.000436
0.000108
-0.000021
-0.000034
-0.000036
-0.000034
-0.000039
-0.000034
-0.000035
-0.000036
-0.000032
-0.000029
-0.000028
-0.000027
-0.000029
-0.000026
-0.000024
-0.000030
-0.000034
-0.000035
-0.000033
-0.000030
-0.000030
-0.000033
-0.000039
-0.000042
-0.000043
-0.000045
-0.000044
-0.000039
-0.000043
-0.000045
-0.000045
-0.000042
-0.000020
-0.000016
-0.000015
-0.000011
-0.000012
-0.000013
-0.000017
-0.000016
-0.000016
-0.000016
-0.000016
-0.000037
0.000004
0.000169
0.002551
-0.000805
0.000070
-0.000009
-0.000034
-0.000047
-0.000066
-0.000065
-0.000024
0.000088
0.005842
0.006946
0.002256
0.002537
0.002531
0.000233
0.001166
0.001912
0.002238
0.004190
0.004318
0.003829
0.003601
0.004398
0.004604
0.002136
0.000425
0.000148
0.000008
-0.000055
-0.000063
-0.000036
-0.000037
-0.000033
-0.000035
-0.000031
-0.000028
-0.000031
-0.000031
-0.000030
-0.000027
-0.000022
-0.000035
-0.000032
-0.000037
-0.000034
-0.000035
-0.000037
-0.000038
-0.000041
-0.000045
-0.000043
-0.000037
-0.000038
-0.000038
-0.000040
-0.000044
-0.000044
-0.000596
-0.000018
-0.000015
-0.000012
-0.000012
-0.000011
-0.000012
-0.000013
-0.000013
-0.000015
-0.000013
-0.000021
-0.000010
-0.000001
0.000385
0.001225
-0.002280
-0.000246
-0.000018
-0.000041
-0.000050
-0.000068
-0.000067
0.006428
0.008420
0.012301
0.012139
0.008378
0.008699
0.006694
0.001201
0.001273
0.002475
0.003007
0.003810
0.003749
0.004030
0.004715
0.004363
0.004375
0.002759
0.000744
0.001196
0.000655
-0.000095
-0.000632
-0.000155
-0.000038
-0.000033
-0.000031
-0.000035
-0.000032
-0.000033
-0.000031
-0.000030
-0.000027
-0.000024
-0.000031
-0.000036
-0.000041
-0.000041
-0.000035
-0.000042
-0.000034
-0.000020
-0.000036
-0.000041
-0.000042
-0.000048
-0.000044
-0.000045
-0.000047
-0.000043
-0.000040
-0.000015
-0.000012
-0.000011
-0.000012
-0.000011
-0.000014
-0.000011
-0.000008
-0.000013
-0.000011
-0.000011
-0.000012
-0.000014
0.000036
0.000929
0.002564
0.000106
-0.000014
-0.000053
-0.000068
-0.000068
0.009012
0.013859
0.012045
0.012072
0.011946
0.013267
0.011968
0.012142
0.008717
0.001651
0.003059
0.003064
0.002533
0.002268
0.003653
0.005232
0.005839
0.005065
0.003717
0.002014
0.001860
0.001520
0.000461
0.001375
-0.001029
-0.000160
-0.000034
-0.000035
-0.000031
-0.000027
-0.000038
-0.000033
-0.000028
-0.000032
-0.000031
-0.000033
-0.000042
-0.000046
-0.000041
-0.000039
-0.000045
-0.000046
-0.000029
-0.000044
-0.000043
-0.000050
-0.000051
-0.000043
-0.000033
-0.000037
-0.000033
-0.000037
-0.000008
-0.000006
-0.000009
-0.000007
-0.000008
-0.000011
-0.000012
-0.000009
-0.000011
-0.000011
-0.000010
-0.000013
-0.000017
0.000007
0.000620
0.007251
0.000563
0.000137
-0.000058
-0.000065
0.004773
0.008222
0.008750
0.008784
0.008455
0.008510
0.009374
0.008248
0.008435
0.006634
0.000988
0.000721
0.000259
0.000115
0.000042
0.001909
0.003961
0.008044
0.007558
0.004645
0.002260
0.001578
0.001889
0.001162
0.002674
0.005254
-0.000062
-0.000047
-0.000031
-0.000037
-0.000026
-0.000028
-0.000035
-0.000032
-0.000032
-0.000039
-0.000037
-0.000037
-0.000043
-0.000043
-0.000046
-0.000041
-0.000043
-0.000037
-0.000034
-0.000046
-0.000059
-0.000054
-0.000034
-0.000033
-0.000035
-0.000040
-0.000042
-0.000009
-0.000008
-0.000006
-0.000005
-0.000007
-0.000006
-0.000007
-0.000007
-0.000012
-0.000012
-0.000009
-0.000010
-0.000013
-0.000011
0.000089
0.001417
0.004429
0.000053
0.001323
0.002989
0.003805
0.004436
0.005219
0.005822
0.007021
0.007109
0.007206
0.004925
0.003190
0.001328
0.001872
0.000529
-0.000214
-0.001236
-0.001136
-0.000187
0.001047
0.008278
0.010147
0.006363
0.001784
0.000173
0.000854
0.000728
0.000989
0.005066
0.003176
0.000430
-0.000024
-0.000027
-0.000026
-0.000032
-0.000032
-0.000033
-0.000038
-0.000038
-0.000039
-0.000035
-0.000041
-0.000040
-0.000047
-0.000045
-0.000043
-0.000026
-0.000028
-0.000044
-0.000050
-0.000060
0.000026
-0.000044
-0.000033
-0.000044
-0.000042
-0.000009
-0.000007
-0.000007
-0.000006
-0.000007
-0.000003
-0.000007
-0.000010
-0.000008
-0.000008
-0.000007
-0.000005
-0.000013
-0.000009
0.000021
0.000901
0.000114
0.001485
0.002414
0.002678
0.002498
0.003181
0.004104
0.003687
0.004778
0.006279
0.006499
0.002175
0.000301
-0.000045
0.000601
0.000017
-0.000544
-0.000175
-0.000116
-0.000838
0.000367
0.003798
0.007193
0.004543
0.001958
0.000640
-0.000701
0.000691
0.000470
0.001545
0.003567
0.003931
0.000237
-0.000026
-0.000028
-0.000035
-0.000035
-0.000034
-0.000031
-0.000037
-0.000034
-0.000038
-0.000036
-0.000042
-0.000048
-0.000046
-0.000041
-0.000041
-0.000033
-0.000014
-0.000026
-0.000051
-0.000058
-0.000038
-0.000040
-0.000037
-0.000041
-0.000006
-0.000008
-0.000009
-0.000005
-0.000006
-0.000005
-0.000004
-0.000005
-0.000006
-0.000005
-0.000003
-0.000001
-0.000000
-0.000001
-0.000002
0.000001
0.000003
0.000078
0.000215
0.000127
0.001037
0.002225
0.003018
0.002285
0.002166
0.003480
0.003489
0.000170
0.000485
0.000075
0.000391
-0.002819
-0.001554
-0.000411
-0.000452
-0.000872
0.000188
0.000241
-0.000214
0.000508
0.000868
-0.000358
0.000650
0.001017
-0.000757
-0.000395
0.000676
0.001480
0.000064
0.000219
-0.000035
-0.000039
-0.000040
-0.000037
-0.000036
-0.000037
-0.000038
-0.000037
-0.000044
-0.000046
-0.000048
-0.000041
-0.000038
-0.000040
-0.000032
-0.000036
-0.000042
-0.000005
-0.000046
-0.000029
-0.000037
-0.000038
-0.000037
-0.000004
-0.000005
-0.000005
-0.000007
-0.000005
-0.000005
-0.000006
-0.000007
-0.000005
0.000001
0.000002
0.000002
0.000003
0.000007
0.000004
0.000004
0.000005
0.000007
0.000006
0.000013
0.000048
0.000742
0.001458
0.011713
0.006267
0.000615
-0.000816
-0.001334
-0.001717
-0.003570
-0.004750
-0.003243
-0.002676
-0.001156
0.000616
-0.001331
0.000516
-0.000134
-0.000138
0.000347
0.000895
-0.000473
-0.000781
-0.001893
-0.000595
0.000052
-0.001126
0.003054
0.001901
0.000150
0.000156
-0.000043
-0.000046
-0.000040
-0.000038
-0.000043
-0.000041
-0.000045
-0.000044
-0.000046
-0.000052
-0.000053
-0.000010
-0.000007
-0.000002
-0.000034
-0.000042
-0.000052
-0.000041
-0.000036
-0.000037
-0.000034
-0.000037
-0.000003
-0.000002
-0.000005
-0.000003
-0.000004
-0.000005
-0.000004
-0.000004
-0.000002
-0.000000
0.000002
0.000003
0.000004
0.000006
0.000007
0.000008
0.000011
0.000008
0.000007
0.000004
0.000324
0.006780
0.008919
0.013126
0.015616
0.006252
0.000136
-0.001190
-0.001764
-0.005628
-0.003988
-0.002027
-0.002043
-0.002716
0.000239
-0.000101
-0.002821
0.000415
0.000201
0.000409
0.000001
-0.000372
-0.000632
-0.000231
-0.000793
-0.002232
-0.001821
0.000034
0.000047
-0.000029
-0.000391
0.000216
-0.000047
-0.000040
-0.000040
-0.000044
-0.000038
-0.000046
-0.000047
-0.000052
-0.000056
-0.000057
-0.000036
-0.000010
0.000026
-0.000006
-0.000043
-0.000038
-0.000044
-0.000043
-0.000047
-0.000043
-0.000036
-0.000001
-0.000001
-0.000002
-0.000002
-0.000004
-0.000007
-0.000004
-0.000005
-0.000002
0.000000
0.000004
0.000005
0.000007
0.000009
0.000010
0.000014
0.000015
0.000013
0.000013
0.000052
0.002743
0.003970
0.005061
0.007631
0.014408
0.014222
0.003887
0.000005
-0.001571
-0.006711
-0.005708
-0.001588
-0.000447
-0.001311
-0.000542
-0.002546
-0.003620
-0.000151
-0.000839
-0.000270
-0.000157
-0.000051
-0.000408
-0.000635
-0.000710
-0.001660
-0.002537
-0.000154
-0.000177
-0.000134
-0.000359
-0.000964
0.000270
-0.000034
-0.000041
-0.000031
-0.000034
-0.000047
-0.000041
-0.000051
-0.000053
-0.000048
-0.000023
-0.000029
-0.000004
-0.000040
-0.000040
-0.000010
-0.000050
-0.000027
-0.000042
-0.000035
-0.000028
0.000002
-0.000000
-0.000001
-0.000002
-0.000002
-0.000004
-0.000004
-0.000002
-0.000003
0.000000
0.000005
0.000007
0.000010
0.000011
0.000013
0.000018
0.000021
0.000021
0.000013
0.000083
0.001671
0.003540
0.004238
0.005482
0.010458
0.017677
0.011976
0.002752
-0.001094
-0.007541
-0.007061
-0.002057
-0.000083
-0.000175
-0.001837
-0.004192
-0.003806
-0.000473
0.001541
0.001184
-0.000530
-0.001138
-0.001034
-0.000832
-0.001044
-0.002237
-0.001251
-0.000288
-0.000732
-0.000955
-0.002349
-0.001288
-0.000328
-0.000015
0.000132
-0.000021
-0.000030
-0.000040
-0.000042
-0.000042
-0.000050
-0.000001
-0.000031
-0.000029
-0.000041
-0.000043
-0.000047
-0.000052
-0.000052
-0.000042
-0.000041
-0.000033
-0.000033
0.000003
0.000001
0.000001
0.000000
-0.000001
-0.000002
-0.000003
-0.000003
-0.000001
-0.000000
0.000004
0.000008
0.000009
0.000011
0.000012
0.000021
0.000020
0.000014
0.000013
-0.000001
-0.000074
0.001952
0.003270
0.004006
0.008143
0.017271
0.017147
0.006245
-0.000106
-0.005502
-0.008268
-0.001837
-0.000600
0.000326
-0.001975
-0.003708
-0.005072
-0.003465
0.000710
0.000510
-0.002996
-0.003615
-0.004496
-0.004322
-0.005542
0.000428
-0.002886
-0.001498
-0.002009
-0.002298
-0.002505
-0.001529
-0.000535
-0.000154
-0.000144
0.000125
-0.000025
-0.000028
-0.000044
-0.000029
-0.000049
-0.000034
-0.000027
-0.000043
-0.000047
-0.000042
-0.000022
-0.000046
-0.000044
-0.000046
-0.000047
-0.000042
-0.000041
0.000004
0.000004
0.000004
0.000003
0.000001
0.000000
-0.000003
-0.000002
-0.000002
-0.000001
0.000003
0.000009
0.000009
0.000015
0.000019
0.000021
0.000027
0.000024
0.000020
0.000029
-0.000138
-0.000524
0.001130
0.002837
0.004973
0.014339
0.018490
0.007261
0.000916
-0.002097
-0.008158
-0.003203
-0.000688
0.000640
-0.000570
-0.004202
-0.005208
-0.004201
-0.004880
-0.004251
-0.004578
-0.005878
-0.004799
-0.004934
-0.005127
-0.002624
-0.000104
-0.001633
-0.002163
-0.001443
-0.001111
0.000540
0.001755
0.001488
0.000970
0.000899
0.000369
-0.000026
-0.000031
-0.000046
-0.000044
-0.000044
-0.000051
-0.000041
-0.000036
-0.000038
-0.000030
-0.000039
-0.000045
-0.000048
-0.000054
-0.000047
-0.000036
0.000006
0.000007
0.000005
0.000006
0.000006
0.000009
0.000012
0.000012
0.000010
-0.000000
0.000004
0.000006
0.000014
0.000026
0.000025
0.000026
0.000026
0.000029
0.000034
0.000038
0.000038
-0.000064
0.000760
0.002501
0.003763
0.011435
0.013887
0.009602
0.002315
-0.001835
-0.006377
-0.004537
-0.001617
-0.000269
-0.001715
-0.003833
-0.006477
-0.009001
-0.008728
-0.005368
-0.005387
-0.005939
-0.004904
-0.003457
-0.004428
-0.003157
-0.001992
0.000158
-0.001048
0.000417
0.001838
0.004566
0.005217
0.004653
0.003505
0.002937
0.000483
0.000223
0.000029
0.000150
0.000429
-0.000051
-0.000037
-0.000042
-0.000037
-0.000032
-0.000037
-0.000045
-0.000047
-0.000052
-0.000051
-0.000051
-0.000047
0.000009
0.000010
0.000008
0.000007
0.000009
0.000013
0.000011
0.000008
0.000010
0.000013
0.000017
0.000017
0.000009
0.000029
0.000030
0.000025
0.000022
0.000025
0.000031
0.000022
0.000029
0.000042
0.000022
0.000062
0.000259
0.000504
0.000486
0.000740
0.001487
-0.003840
-0.004272
-0.003904
-0.001841
-0.000727
-0.002119
-0.005272
-0.005502
-0.007320
-0.006117
-0.005582
-0.005963
-0.006136
-0.005886
-0.004028
-0.004673
-0.003530
-0.002270
-0.001719
0.001267
0.004543
0.004386
0.007016
0.008561
0.008632
0.008029
0.004761
0.001912
0.000398
0.001308
0.006754
0.005986
0.000499
0.000009
-0.000044
-0.000048
-0.000038
-0.000038
-0.000043
-0.000049
-0.000051
-0.000052
-0.000050
-0.000045
0.000009
0.000010
0.000010
0.000011
0.000012
0.000013
0.000012
0.000011
0.000012
0.000014
0.000014
0.000016
0.000026
0.000023
0.000024
0.000016
0.000032
0.000032
0.000026
0.000026
0.000021
0.000019
0.000027
0.000028
0.000031
0.000031
0.000031
0.000095
0.000444
0.000464
0.000875
-0.002005
-0.004045
-0.002741
-0.001780
-0.004444
-0.004391
-0.004634
-0.006373
-0.007075
-0.006958
-0.007029
-0.006728
-0.005878
-0.005836
-0.004249
-0.003269
-0.002359
-0.001239
0.003759
0.007884
0.008349
0.010053
0.011635
0.010314
0.008477
0.004567
0.003450
0.003819
0.007480
0.012436
0.009691
0.002634
0.000015
-0.000046
-0.000045
-0.000045
-0.000048
-0.000050
-0.000052
-0.000049
-0.000047
-0.000043
0.000010
0.000012
0.000010
0.000012
0.000013
0.000011
0.000012
0.000015
0.000015
0.000015
0.000015
0.000017
0.000017
0.000020
0.000019
0.000026
0.000024
0.000018
0.000014
0.000011
0.000009
0.000019
0.000023
0.000031
0.000031
0.000028
0.000027
0.000037
0.000060
0.000252
0.000634
0.000807
0.000871
0.001845
0.000527
-0.000294
-0.000183
-0.002108
-0.003252
-0.005526
-0.006102
-0.005630
-0.005805
-0.005890
-0.006138
-0.004760
-0.003767
-0.003092
-0.002460
-0.001805
0.006577
0.009079
0.010446
0.010816
0.008640
0.008102
0.007161
0.004835
0.003373
0.003557
0.004373
0.003565
0.000300
-0.000010
-0.000050
-0.000052
-0.000061
-0.000057
-0.000048
-0.000049
-0.000052
-0.000046
-0.000041
0.000011
0.000012
0.000012
0.000013
0.000013
0.000014
0.000013
0.000016
0.000014
0.000015
0.000016
0.000017
0.000020
0.000021
0.000020
0.000018
0.000020
0.000018
0.000014
0.000013
0.000014
0.000018
0.000021
0.000026
0.000030
0.000031
0.000027
0.000028
0.000042
0.000078
0.000179
0.000419
0.000597
0.000299
0.000079
0.000023
0.000020
-0.000165
-0.000296
-0.000349
-0.000322
-0.000250
-0.000638
0.000179
-0.004355
-0.005185
-0.003513
-0.003083
-0.002330
-0.001827
-0.001391
0.003104
0.005023
0.003722
0.004288
0.003986
0.002556
0.001017
0.000228
0.000209
0.000219
0.000097
-0.000083
-0.000069
-0.000055
-0.000054
-0.000068
-0.000061
-0.000046
-0.000047
-0.000043
-0.000042
-0.000040
0.000012
0.000013
0.000013
0.000016
0.000013
0.000012
0.000014
0.000016
0.000010
0.000013
0.000016
0.000017
0.000019
0.000022
0.000023
0.000024
0.000020
0.000016
0.000020
0.000020
0.000018
0.000022
0.000022
0.000023
0.000029
0.000031
0.000022
0.000024
0.000031
0.000027
0.000037
0.000067
0.000053
0.000032
0.000033
0.000033
0.000027
0.000025
0.000021
0.000020
0.000013
0.000007
-0.000001
-0.000011
0.000634
-0.004628
-0.003569
-0.002358
-0.001812
-0.001676
-0.001097
-0.000493
0.001966
0.001055
0.001377
0.000287
0.000131
0.000025
-0.000027
-0.000055
-0.000061
-0.000071
-0.000077
-0.000072
-0.000037
-0.000045
-0.000055
-0.000051
-0.000049
-0.000049
-0.000044
-0.000043
-0.000040
0.000014
0.000013
0.000014
0.000017
0.000012
0.000009
0.000012
0.000014
0.000013
0.000012
0.000015
0.000014
0.000019
0.000021
0.000022
0.000026
0.000025
0.000024
0.000023
0.000022
0.000022
0.000020
0.000023
0.000026
0.000026
0.000030
0.000024
0.000023
0.000026
0.000024
0.000032
0.000032
0.000033
0.000034
0.000037
0.000037
0.000030
0.000019
0.000022
0.000021
0.000017
0.000010
-0.000000
-0.000008
-0.000003
0.000688
-0.002707
-0.001838
-0.001297
-0.000965
-0.000070
0.001844
-0.001195
-0.000179
-0.000026
-0.000065
-0.000065
-0.000063
-0.000049
-0.000054
-0.000061
-0.000056
-0.000066
-0.000053
-0.000026
-0.000040
-0.000049
-0.000047
-0.000057
-0.000052
-0.000049
-0.000044
-0.000038
0.000015
0.000013
0.000014
0.000015
0.000011
0.000011
0.000010
0.000014
0.000012
0.000012
0.000014
0.000013
0.000017
0.000020
0.000018
0.000023
0.000028
0.000023
0.000025
0.000026
0.000026
0.000021
0.000024
0.000025
0.000024
0.000032
0.000030
0.000021
0.000028
0.000031
0.000033
0.000030
0.000032
0.000034
0.000034
0.000034
0.000029
0.000017
0.000015
0.000018
0.000017
0.000013
-0.000002
-0.000002
-0.000002
-0.000005
0.000243
-0.000994
-0.000255
0.000554
0.002987
0.007430
0.001253
-0.000013
-0.000059
-0.000058
-0.000062
-0.000063
-0.000057
-0.000056
-0.000045
-0.000043
-0.000048
-0.000056
-0.000023
-0.000040
-0.000040
-0.000047
-0.000062
-0.000051
-0.000047
-0.000033
-0.000029
0.000011
0.000014
0.000020
0.000015
0.000011
0.000010
0.000011
0.000015
0.000014
0.000010
0.000010
0.000012
0.000018
0.000022
0.000020
0.000022
0.000026
0.000026
0.000027
0.000026
0.000022
0.000022
0.000021
0.000025
0.000030
0.000031
0.000030
0.000028
0.000035
0.000033
0.000034
0.000036
0.000028
0.000033
0.000036
0.000033
0.000029
0.000016
0.000012
0.000026
0.000015
0.000007
-0.000004
-0.000002
-0.000003
-0.000004
-0.000004
0.000066
0.000808
0.001131
0.002533
0.001987
0.000145
-0.000045
-0.000056
-0.000062
-0.000060
-0.000054
-0.000056
-0.000060
-0.000056
-0.000047
-0.000041
-0.000052
-0.000025
-0.000032
-0.000046
-0.000049
-0.000048
-0.000048
-0.000039
-0.000027
-0.000016
0.000008
0.000013
0.000016
0.000016
0.000012
0.000010
0.000011
0.000017
0.000017
0.000007
0.000010
0.000010
0.000014
0.000020
0.000021
0.000023
0.000024
0.000026
0.000024
0.000023
0.000021
0.000024
0.000023
0.000025
0.000033
0.000033
0.000036
0.000036
0.000036
0.000035
0.000037
0.000032
0.000032
0.000034
0.000035
0.000034
0.000030
0.000018
0.000018
0.000013
0.000013
0.000008
0.000003
-0.000001
-0.000003
-0.000002
-0.000005
-0.000003
0.000079
0.000140
0.001054
0.000051
-0.000052
-0.000049
-0.000047
-0.000062
-0.000064
-0.000061
-0.000068
-0.000068
-0.000019
-0.000038
-0.000038
-0.000059
-0.000045
-0.000045
-0.000050
-0.000051
-0.000050
-0.000040
-0.000041
-0.000031
-0.000024
0.000008
0.000011
0.000014
0.000014
0.000014
0.000012
0.000012
0.000014
0.000014
0.000008
0.000009
0.000006
0.000009
0.000016
0.000019
0.000023
0.000022
0.000026
0.000025
0.000023
0.000017
0.000023
0.000024
0.000027
0.000033
0.000036
0.000038
0.000039
0.000036
0.000035
0.000034
0.000032
0.000035
0.000031
0.000032
0.000034
0.000029
0.000019
0.000013
0.000014
0.000012
0.000010
0.000007
0.000000
-0.000002
-0.000004
-0.000005
-0.000010
-0.000013
-0.000008
-0.000003
-0.000059
-0.000067
-0.000058
-0.000057
-0.000070
-0.000077
-0.000070
-0.000072
-0.000051
-0.000061
-0.000055
-0.000049
-0.000051
-0.000054
-0.000052
-0.000048
-0.000052
-0.000049
-0.000056
-0.000046
-0.000042
-0.000036
0.000013
0.000011
0.000010
0.000012
0.000015
0.000009
0.000008
0.000011
0.000015
0.000017
0.000010
0.000008
0.000012
0.000019
0.000021
0.000020
0.000026
0.000026
0.000027
0.000023
0.000023
0.000025
0.000026
0.000029
0.000033
0.000036
0.000037
0.000035
0.000037
0.000035
0.000035
0.000034
0.000033
0.000025
0.000030
0.000029
0.000030
0.000025
0.000017
0.000013
0.000013
0.000040
0.000039
0.000003
-0.000002
-0.000004
-0.000008
-0.000013
-0.000019
-0.000023
-0.000050
-0.000058
-0.000064
-0.000064
-0.000070
-0.000072
-0.000071
-0.000066
-0.000066
-0.000067
-0.000054
-0.000056
-0.000057
-0.000050
-0.000058
-0.000061
-0.000044
-0.000049
-0.000055
-0.000056
-0.000055
-0.000044
-0.000041
0.000013
0.000010
0.000012
0.000016
0.000015
0.000014
0.000011
0.000012
0.000016
0.000024
0.000017
0.000014
0.000017
0.000022
0.000023
0.000024
0.000029
0.000030
0.000031
0.000026
0.000026
0.000028
0.000030
0.000030
0.000032
0.000031
0.000035
0.000039
0.000035
0.000039
0.000038
0.000034
0.000034
0.000030
0.000029
0.000028
0.000028
0.000022
0.000017
0.000012
0.000011
0.000011
0.000013
0.000009
-0.000003
-0.000007
-0.000011
-0.000015
-0.000019
-0.000028
-0.000047
-0.000054
-0.000058
-0.000064
-0.000063
-0.000062
-0.000063
-0.000062
-0.000058
-0.000057
-0.000062
-0.000065
-0.000064
-0.000054
-0.000055
-0.000059
-0.000051
-0.000052
-0.000054
-0.000058
-0.000056
-0.000048
-0.000035
