0.000028
0.000038
0.000033
0.000632
0.000018
0.000028
0.000065
0.000438
0.000106
0.000102
0.000099
-0.000603
0.000094
0.000074
0.000064
0.000037
0.000051
0.000059
0.000057
0.000061
0.000046
0.000033
0.000032
0.000033
-0.000006
-0.000081
0.000042
0.000482
0.000271
0.000171
0.000371
0.000704
-0.001647
-0.000724
0.001340
0.002314
0.000626
-0.000459
0.000002
0.000039
0.000042
0.000038
0.000033
0.000030
0.000027
0.000027
0.000019
0.000025
0.000025
0.000024
0.000022
0.000014
0.000022
0.000026
-0.001015
-0.001341
-0.000233
-0.000028
-0.000006
0.000004
0.000011
0.000011
-0.000256
-0.008803
0.001297
-0.000049
-0.001158
-0.000027
-0.000027
-0.000010
0.000061
-0.000016
0.000195
0.000078
0.000061
0.000045
0.000048
0.000048
0.000064
0.000072
0.000069
0.000064
0.000076
0.000077
0.000087
0.000080
0.000086
0.000076
0.000067
0.000068
0.000074
0.000073
0.000076
0.000060
0.000051
0.000057
0.000105
-0.000433
-0.000155
0.000071
0.000386
0.000285
0.000560
-0.000364
-0.001883
-0.000897
-0.000093
-0.000036
0.000031
0.000994
0.001468
0.000173
0.000033
0.000038
0.000029
0.000024
0.000018
0.000026
0.000023
0.000019
0.000020
0.000021
0.000021
0.000022
0.000017
0.000057
0.000457
-0.000916
-0.000315
-0.000099
-0.000007
0.000010
-0.000002
-0.000002
0.000022
0.000493
0.002530
-0.001824
-0.000037
0.000016
0.000020
0.000016
0.000014
0.000016
0.000013
0.000023
0.000077
0.000069
0.000055
0.000045
0.000049
0.000066
0.000074
0.000071
0.000074
0.000073
0.000076
0.000083
0.000078
0.000062
0.000066
0.000067
0.000076
0.000075
0.000074
0.000060
0.000060
0.000046
-0.000005
-0.001166
-0.000072
-0.000071
0.000046
-0.000391
0.000281
0.000173
-0.000170
-0.000315
-0.000039
0.000067
0.000075
0.000026
0.000242
0.001883
0.000329
0.000045
0.000030
0.000029
0.000025
0.000027
0.000023
0.000024
0.000018
0.000014
0.000021
0.000021
0.000018
0.000019
0.000026
0.000075
-0.000187
-0.000183
-0.000366
-0.000218
-0.000078
-0.000010
0.000010
0.000012
0.000295
0.001458
-0.002471
-0.000047
0.000018
0.000011
0.000016
0.000013
0.000013
0.000013
0.000022
0.000057
0.000068
0.000057
0.000058
0.000052
0.000062
0.000065
0.000071
0.000076
0.000083
0.000069
0.000077
0.000065
0.000075
0.000056
0.000065
0.000059
0.000070
0.000070
0.000068
0.000054
0.000051
0.000026
-0.000807
0.000107
-0.000092
-0.000233
-0.000350
-0.000350
-0.000154
-0.000157
-0.000035
0.000099
-0.000042
-0.000061
0.000664
0.002635
0.000326
0.000047
0.000036
0.000034
0.000025
0.000029
0.000025
0.000026
0.000023
0.000020
0.000022
0.000016
0.000018
0.000021
0.000019
0.000016
0.000044
0.000243
-0.000508
-0.000852
-0.000356
-0.000268
-0.000047
0.000004
0.000068
0.000940
-0.001389
-0.000898
-0.000011
0.000016
0.000013
0.000010
0.000013
0.000017
0.000011
0.000021
0.000060
0.000070
0.000055
0.000056
0.000063
0.000057
0.000064
0.000069
0.000067
0.000068
0.000072
0.000071
0.000058
0.000056
0.000062
0.000067
0.000053
0.000062
0.000068
0.000062
0.000061
0.000053
-0.000001
-0.000249
0.000164
-0.000079
-0.000383
-0.000391
-0.000353
-0.000408
-0.000303
-0.000098
-0.000014
-0.000046
0.000314
0.002453
0.001267
0.001045
0.000115
0.000038
0.000027
0.000022
0.000022
0.000020
0.000021
0.000019
0.000021
0.000021
0.000019
0.000019
0.000021
0.000019
0.000012
0.000019
0.000067
0.000304
-0.000675
-0.000415
-0.000037
0.000071
0.000156
0.000532
0.001538
-0.003890
-0.000090
0.000014
0.000013
0.000016
0.000014
0.000015
0.000012
0.000016
-0.002169
0.000067
0.000063
0.000056
0.000062
0.000061
0.000054
0.000056
0.000065
0.000064
0.000068
0.000062
0.000058
0.000060
0.000059
0.000064
0.000061
0.000061
0.000060
0.000068
0.000064
0.000065
0.000058
-0.000048
-0.000603
0.000073
0.000042
0.000012
-0.000181
-0.000397
-0.000334
-0.000244
-0.000066
-0.000022
0.000112
0.001207
0.003933
0.001480
0.000523
0.000111
0.000042
0.000031
0.000006
0.000019
0.000008
0.000017
0.000020
0.000025
0.000022
0.000020
0.000018
0.000016
0.000011
0.000013
0.000007
0.000046
0.000372
-0.000101
-0.000428
0.000118
0.000476
-0.000189
-0.001210
-0.003453
-0.000810
-0.000004
0.000018
0.000019
0.000019
0.000021
0.000018
0.000015
0.000015
0.000031
0.000064
0.000060
0.000049
0.000057
0.000065
0.000057
0.000065
0.000055
0.000059
0.000053
0.000060
0.000055
0.000051
0.000059
0.000065
0.000061
0.000052
0.000060
0.000071
0.000074
0.000059
0.000066
0.000069
0.000073
-0.000193
0.000332
-0.000037
-0.000207
-0.000188
-0.000158
-0.000065
-0.000029
0.000027
0.000761
0.002523
0.001609
0.000290
0.000570
0.000185
0.000038
0.000033
0.000039
-0.000028
0.000000
0.000022
0.000015
0.000021
0.000022
0.000012
0.000017
0.000017
0.000015
0.000014
0.000019
-0.000007
-0.000234
-0.000038
-0.000349
-0.000887
-0.002239
-0.003487
-0.001913
-0.000314
0.000006
0.000027
0.000016
0.000021
0.000020
0.000021
0.000016
0.000019
0.000022
0.000032
0.000044
0.000050
0.000052
0.000058
0.000060
0.000066
0.000060
0.000062
0.000059
0.000052
0.000055
0.000055
0.000055
0.000065
0.000065
0.000059
0.000060
0.000062
0.000072
0.000074
0.000073
0.000064
0.000072
-0.000201
-0.002348
0.000374
0.000128
0.000007
-0.000038
-0.000339
-0.000104
-0.000044
0.000008
0.000392
0.000720
0.000552
-0.000011
0.000159
0.000110
0.000049
0.000058
0.000120
0.000018
-0.000012
0.000008
0.000025
0.000018
0.000016
0.000014
0.000013
0.000019
0.000019
0.000161
0.000022
-0.000016
-0.000191
-0.000302
-0.001407
-0.002591
-0.000831
-0.000093
0.000002
0.000021
0.000025
0.000023
0.000024
0.000019
0.000016
0.000014
0.000020
0.000018
0.000021
0.000035
0.000047
0.000065
0.000051
0.000058
0.000043
0.000066
0.000054
0.000053
0.000054
0.000050
0.000047
0.000051
0.000055
0.000048
0.000061
0.000067
0.000072
0.000064
0.000056
0.000069
0.000077
0.000071
0.000066
0.000067
0.000099
-0.000062
0.000121
-0.000007
-0.000204
-0.000547
-0.000088
-0.000071
0.000046
0.000269
0.000850
0.001215
0.000167
0.000145
0.000082
-0.000022
0.000030
0.000032
0.000034
0.000030
0.000024
0.000026
0.000019
0.000022
0.000032
0.000019
0.000016
0.000024
0.000037
-0.000277
-0.000241
0.000003
-0.000026
-0.000346
-0.000059
0.000005
0.000024
0.000019
0.000022
0.000024
0.000026
0.000026
0.000016
0.000018
0.000016
0.000017
0.000023
0.000022
0.001326
0.000052
0.000052
0.000051
0.000053
0.000053
0.000053
0.000045
0.000050
0.000053
0.000042
0.000046
0.000043
0.000056
0.000048
0.000055
0.000060
0.000065
0.000060
0.000063
0.000068
0.000078
0.000079
0.000070
0.000064
-0.000046
-0.002332
-0.003124
-0.000570
-0.000805
-0.000630
-0.000369
-0.000227
-0.000119
0.000662
0.001366
0.001195
0.000365
0.000236
0.000034
0.000031
0.000031
0.000037
0.000029
0.000035
0.000032
0.000031
0.000033
0.000144
0.000326
-0.000194
-0.000017
-0.000065
-0.000138
-0.000196
0.000012
0.000024
0.000022
0.000009
0.000026
0.000027
0.000030
0.000023
0.000023
0.000021
0.000024
0.000021
0.000022
0.000026
0.000015
0.000022
0.000025
0.000023
0.000029
0.000042
0.000050
0.000049
0.000045
0.000049
0.000046
0.000041
0.000038
0.000043
0.000038
0.000036
0.000041
0.000045
0.000050
0.000050
0.000056
0.000064
0.000068
0.000048
0.000066
0.000079
0.000071
0.000064
0.000071
0.000035
-0.000182
-0.003194
-0.003639
-0.004997
-0.003536
-0.003570
-0.002470
-0.000386
0.000276
-0.000130
0.000257
0.000302
0.000113
0.000033
0.000031
0.000033
0.000038
0.000034
0.000036
0.000027
0.000027
0.000050
0.000382
0.000763
-0.000073
-0.000037
0.000011
0.000013
0.000018
0.000027
0.000024
0.000025
0.000025
0.000026
0.000027
0.000028
0.000021
0.000021
0.000022
0.000027
0.000020
0.000024
0.000023
0.000032
0.000022
0.000024
0.000028
0.000023
0.000040
0.000034
0.000043
0.000051
0.000049
0.000039
0.000032
0.000025
0.000035
0.000023
0.000028
0.000035
0.000046
0.000042
0.000051
0.000050
0.000059
0.000057
0.000044
0.000059
0.000084
0.000073
0.000083
0.000087
0.000080
0.000041
-0.000276
-0.003469
-0.003090
-0.002338
-0.001947
-0.005343
-0.004031
-0.003136
-0.002282
-0.001777
-0.001866
-0.000203
0.000033
0.000037
0.000035
0.000033
0.000034
0.000032
0.000035
0.000026
0.000025
-0.000019
0.000270
-0.000017
-0.000020
0.000019
0.000020
0.000023
0.000027
0.000022
0.000028
0.000031
0.000029
0.000029
0.000027
0.000026
0.000023
0.000023
0.000031
0.000027
0.000031
0.000029
0.000023
0.000031
0.000021
0.000027
0.000013
0.000036
0.000032
0.000028
0.000039
0.000043
0.000035
0.000031
0.000028
0.000031
0.000041
0.000040
0.000023
0.000036
0.000045
0.000055
0.000059
0.000061
0.000043
0.000047
0.000051
0.000079
0.000082
0.000082
0.000090
0.000083
0.000066
0.000075
-0.000094
-0.000644
-0.000783
-0.000831
-0.001240
-0.003653
-0.003426
-0.004636
-0.001593
-0.000158
0.000032
0.000035
0.000034
0.000033
0.000040
0.000036
0.000035
0.000029
0.000012
0.000007
0.000054
0.000005
-0.000070
-0.000082
0.000007
0.000018
0.000019
0.000024
0.000025
0.000026
0.000022
0.000026
0.000024
0.000023
0.000020
0.000022
0.000015
0.000025
0.000030
0.000034
0.000033
0.000032
0.000032
0.000025
0.000030
0.000725
0.000033
0.000043
0.000041
0.000039
0.000041
0.000036
0.000033
0.000031
0.000029
0.000042
0.000043
0.000028
0.000033
0.000046
0.000046
0.000052
0.000050
0.000036
0.000038
0.000048
0.000066
0.000086
0.000138
0.000195
0.000008
-0.000215
-0.000071
0.000028
0.000078
0.000095
0.000086
0.000041
-0.000095
-0.000050
-0.000020
0.000023
0.000042
0.000050
0.000041
0.000036
0.000031
0.000046
0.000036
0.000020
-0.000133
-0.000819
-0.000696
0.001700
0.003039
0.001824
0.000113
-0.000015
0.000019
0.000023
0.000026
0.000027
0.000020
0.000024
0.000018
0.000020
0.000020
0.000020
0.000022
0.000028
0.000021
0.000028
0.000029
0.000029
0.000029
0.000033
0.000037
0.000032
0.000012
0.000035
0.000033
0.000039
0.000035
0.000034
0.000034
0.000036
0.000032
0.000031
0.000037
0.000040
0.000040
0.000041
0.000042
0.000042
0.000049
0.000054
0.000038
0.000046
0.000039
0.000043
-0.000275
-0.000697
0.000281
-0.000791
-0.001120
-0.002207
-0.002094
-0.000247
0.000078
0.000082
0.000072
0.000068
0.000060
0.000056
0.000055
0.000050
0.000051
0.000043
0.000041
0.000038
0.000045
0.000041
0.000041
0.000124
0.001125
0.001910
0.001716
0.001150
-0.001615
-0.000710
-0.000086
0.000014
0.000024
0.000027
0.000024
0.000021
0.000017
0.000014
0.000024
0.000018
0.000024
0.000022
0.000018
0.000022
0.000028
0.000025
0.000027
0.000026
0.000029
0.000031
0.000023
0.000020
0.000030
0.000038
0.000033
0.000035
0.000031
0.000031
0.000033
0.000036
0.000034
0.000030
0.000035
0.000035
0.000047
0.000049
0.000049
0.000049
0.000055
0.000046
0.000042
0.000037
-0.000023
-0.001194
-0.000583
-0.000553
-0.000688
-0.001064
-0.000819
-0.001129
-0.007301
-0.000799
0.000008
0.000080
0.000069
0.000057
0.000048
0.000053
0.000051
0.000052
0.000044
0.000039
0.000040
0.000042
0.000038
0.000043
0.000315
0.001242
0.002923
0.002081
0.000291
-0.000819
-0.001384
-0.000911
-0.000055
0.000020
0.000024
0.000026
0.000017
0.000018
0.000019
0.000022
0.000024
0.000021
0.000025
0.000025
0.000022
0.000028
0.000026
0.000022
0.000024
0.000027
0.000026
0.000021
0.000018
0.000039
0.000037
0.000032
0.000030
0.000031
0.000025
0.000030
0.000034
0.000033
0.000032
0.000034
0.000038
0.000042
0.000042
0.000047
0.000050
0.000027
-0.000078
0.000040
0.000065
0.000379
-0.000627
-0.002622
-0.002470
-0.002520
-0.002270
-0.001514
-0.001067
-0.002156
-0.006289
-0.000347
0.000088
0.000069
0.000057
0.000050
0.000052
0.000057
0.000055
0.000046
0.000043
0.000041
0.000035
0.000042
0.000040
0.000181
0.001630
0.001873
0.002113
0.000485
-0.000029
-0.001210
-0.002264
-0.000147
0.000021
0.000026
0.000029
0.000021
0.000022
0.000026
0.000028
0.000029
0.000033
0.000029
0.000026
0.000026
0.000024
0.000022
0.000027
0.000019
0.000023
0.000026
0.000025
-0.001100
0.000032
0.000029
0.000030
0.000028
0.000028
0.000026
0.000027
0.000032
0.000035
0.000035
0.000037
0.000041
0.000039
0.000034
0.000039
0.000021
0.000132
0.000296
0.000128
0.000060
0.000036
0.000006
-0.000005
0.000117
-0.000153
-0.000725
-0.001418
-0.000514
0.000059
0.000812
0.000482
0.000107
0.000075
0.000062
0.000056
0.000043
0.000049
0.000052
0.000049
0.000050
0.000042
0.000036
0.000042
0.000025
-0.000155
0.000069
0.002373
0.001957
0.001680
0.000102
-0.000795
-0.001593
-0.000159
0.000020
0.000023
0.000023
0.000023
0.000026
0.000027
0.000028
0.000030
0.000032
0.000026
0.000030
0.000025
0.000023
0.000024
0.000031
0.000024
0.000024
0.000032
0.000033
0.000035
0.000031
0.000033
0.000027
0.000026
0.000023
0.000023
0.000024
0.000030
0.000032
0.000033
0.000032
0.000031
0.000032
0.000030
0.000077
0.000167
0.000221
0.000133
0.000079
0.000063
0.000046
0.000057
0.000047
0.000188
0.000314
-0.000904
-0.001012
-0.000308
0.000127
0.000892
0.001335
0.001093
0.000693
0.000529
0.000433
0.000160
0.000070
0.000043
0.000040
0.000039
0.000031
0.000035
0.000034
0.000033
0.000018
0.000014
0.000473
0.001240
0.000398
0.000158
-0.002118
-0.003458
-0.000277
0.000019
0.000024
0.000025
0.000027
0.000029
0.000025
0.000023
0.000032
0.000027
0.000020
0.000026
0.000027
0.000026
0.000022
0.000032
0.000024
0.000024
0.000029
0.000034
0.000033
0.000034
0.000035
0.000027
0.000021
0.000022
0.000026
0.000025
0.000030
0.000030
0.000030
0.000029
0.000028
0.000041
-0.000024
0.000160
0.000633
0.000107
0.000061
0.000062
0.000060
0.000046
0.000069
0.000097
0.000326
0.000470
0.002211
0.001902
0.001458
0.000085
0.000702
0.002974
0.002485
0.001702
0.001370
0.001223
0.001172
0.000303
0.000060
0.000027
0.000025
0.000028
0.000028
0.000031
0.000027
0.000005
-0.000378
-0.000858
-0.000753
-0.001938
-0.002667
-0.002134
-0.005975
-0.000303
0.000019
0.000023
0.000030
0.000026
0.000028
0.000031
0.000023
0.000028
0.000028
0.000025
0.000021
0.000024
0.000024
0.000027
0.000025
0.000016
0.000029
0.000026
0.000028
0.000027
0.000026
0.000024
0.000023
0.000023
0.000024
0.000025
0.000023
0.000024
0.000025
0.000024
0.000025
0.000052
0.000015
-0.000014
0.000053
0.000082
0.000065
0.000052
0.000051
0.000064
0.000075
0.000063
0.000064
0.000337
0.005978
0.006433
0.002795
0.002155
-0.000093
-0.003730
0.001426
0.003263
0.003639
0.003492
0.001310
0.002192
0.000509
0.000295
0.000021
0.000016
0.000027
0.000021
0.000052
0.000026
0.000033
0.000021
-0.000310
-0.001895
-0.002801
-0.003819
-0.004758
-0.001026
-0.000087
0.000031
0.000023
0.000029
0.000029
0.000028
0.000026
0.000024
0.000022
0.000024
0.000028
0.000025
0.000027
0.000021
0.000022
0.000029
0.000029
0.000028
0.000025
0.000029
-0.000596
0.000019
0.000023
0.000016
0.000025
0.000022
0.000031
0.000024
0.000022
0.000021
0.000021
0.000027
0.000014
0.000017
0.000033
0.000082
-0.000057
0.000055
0.000056
0.000058
0.000088
0.000096
0.000041
0.004378
0.007938
0.015242
0.019892
0.009448
0.006829
0.001750
0.000011
-0.004091
0.003379
0.006638
0.006505
0.003021
0.001974
0.000502
0.000265
0.000353
0.000129
0.000018
-0.000049
0.000474
0.000099
0.000025
0.000031
0.000006
-0.000343
-0.002661
-0.005041
-0.005858
-0.000283
0.000009
0.000024
0.000022
0.000026
0.000033
0.000027
0.000030
0.000016
0.000019
0.000027
0.000027
0.000022
0.000028
0.000031
0.000030
0.000033
0.000030
0.000034
0.000024
0.000029
0.000033
0.000015
0.000018
0.000016
0.000018
0.000027
0.000024
0.000026
0.000024
0.000021
0.000021
0.000017
0.000014
0.000016
0.000033
0.000021
-0.000590
0.000077
0.000073
0.000070
0.000100
0.000070
0.001568
0.004280
0.007736
0.010652
0.015519
0.008110
0.005980
0.006136
0.001286
-0.000764
0.001961
0.002891
0.003508
0.003154
0.001998
0.000912
0.000103
0.000540
0.000623
0.000140
0.000073
0.000423
0.000484
0.000019
0.000178
0.000030
0.000016
-0.000042
-0.000136
-0.000200
-0.000183
0.000025
0.000021
0.000023
0.000028
0.000034
0.000029
0.000035
0.000031
0.000029
0.000030
0.000031
0.000029
0.000035
0.000053
0.000028
0.000031
0.000024
0.000026
0.000027
0.000020
0.000024
0.000016
0.000014
0.000019
0.000019
0.000021
0.000021
0.000022
0.000019
0.000019
0.000018
0.000018
0.000015
0.000021
0.000022
0.000043
0.000002
-0.000106
0.000168
0.000068
0.000059
0.003930
0.004223
0.003448
0.004671
0.006200
0.008539
0.005931
0.003333
0.003137
0.001336
0.000405
0.000140
0.001166
0.000416
0.001058
0.003324
0.002400
0.000150
0.000544
0.001107
0.000818
0.000020
-0.000464
-0.000009
-0.000300
0.002912
0.000307
0.000025
0.000020
0.000021
0.000019
0.000022
0.000027
0.000025
0.000028
0.000024
0.000033
0.000030
0.000036
0.000031
0.000030
0.000030
0.000037
0.000032
0.000040
0.000030
0.000024
0.000029
0.000031
0.000027
0.000030
0.000020
0.000025
0.000017
0.000012
0.000015
0.000016
0.000019
0.000016
0.000022
0.000017
0.000015
0.000014
0.000016
0.000018
0.000018
0.000016
0.000011
0.000047
0.000095
0.000165
0.000112
0.000233
0.000466
0.000501
0.001805
0.002799
0.004557
0.004556
0.003118
0.002143
0.001491
0.000654
0.000318
-0.000372
0.000038
-0.000274
0.000081
0.001463
0.003393
0.001738
0.000641
0.001292
0.001249
-0.000491
-0.000774
-0.001214
-0.001086
0.003041
0.003180
0.000136
0.000021
0.000015
0.000010
0.000021
0.000024
0.000022
0.000018
-0.000024
0.000028
0.000033
0.000033
0.000035
0.000034
0.000035
0.000038
0.000034
0.000033
0.000036
0.000025
0.000029
0.000028
0.000032
0.000042
0.000016
0.000022
0.000019
0.000015
0.000016
0.000019
0.000019
0.000017
0.000017
0.000020
0.000016
0.000013
0.000011
0.000013
0.000017
0.000015
0.000009
0.000009
0.000040
0.000001
-0.000025
-0.000045
-0.000052
-0.000049
-0.000017
0.000146
0.001257
0.000976
0.000610
0.000319
0.000635
0.000171
0.000332
0.002170
0.001713
0.000130
0.001447
0.000828
0.002123
0.001663
0.000652
-0.001362
-0.000197
-0.001261
-0.001042
-0.000050
-0.000134
-0.002039
0.001441
0.001766
0.000091
0.000015
0.000013
0.000024
0.000028
0.000001
0.000005
0.000018
0.000029
0.000034
0.000032
0.000034
0.000039
0.000038
0.000040
0.000039
0.000031
0.000017
0.000028
0.000031
0.000032
0.000031
0.000031
0.000026
0.000030
0.000021
0.000017
0.000019
0.000018
0.000017
0.000016
0.000014
0.000013
0.000014
0.000013
0.000008
0.000004
0.000004
0.000002
-0.000002
-0.000012
-0.000026
-0.000036
-0.000046
-0.000053
-0.000055
-0.000055
-0.000051
-0.000057
-0.000029
-0.000049
0.000048
0.000521
0.001052
0.000889
0.000827
-0.002473
-0.003411
0.002259
0.002548
0.000832
0.000248
0.000924
0.001332
0.001814
0.001730
-0.001067
0.000196
0.000367
-0.000048
-0.000924
-0.000144
0.001758
0.003031
0.000153
0.000014
0.000031
0.000029
0.000031
0.000031
0.000032
0.000037
0.000031
0.000026
0.000037
0.000044
0.000038
0.000039
0.000031
0.000027
0.000029
0.000033
0.000029
0.000030
0.000029
0.000030
0.000027
0.000021
0.000021
0.000018
0.000016
0.000021
0.000016
0.000015
0.000014
0.000014
0.000013
0.000015
0.000009
0.000003
-0.000000
-0.000004
-0.000010
-0.000021
-0.000023
-0.000034
-0.000052
-0.000055
-0.000055
-0.000040
-0.000084
0.001452
0.002300
0.002469
0.003975
0.008145
0.009268
0.005423
0.002186
-0.001661
-0.005193
-0.005315
-0.005249
-0.003727
-0.001950
-0.000500
0.000371
0.001272
0.001190
-0.001178
-0.002481
-0.002615
0.000446
-0.000040
-0.000152
0.001806
0.002785
0.002340
0.000389
0.000032
0.000033
0.000029
0.000034
0.000037
0.000033
0.000042
0.000037
0.000036
0.000035
0.000031
0.000028
0.000016
0.000037
0.000030
0.000028
0.000031
0.000034
0.000027
0.000029
0.000028
0.000019
0.000020
0.000019
0.000017
0.000017
0.000014
0.000013
0.000013
0.000012
0.000011
0.000012
0.000008
0.000004
-0.000002
-0.000006
-0.000011
-0.000020
-0.000029
-0.000036
-0.000052
-0.000050
-0.000029
-0.000614
0.000186
0.000980
0.001475
0.001991
0.003143
0.005279
0.008085
0.007391
0.004976
-0.000970
-0.006288
-0.005675
-0.005486
-0.004071
-0.001624
0.000280
-0.001067
0.000715
0.000879
-0.000851
-0.002612
-0.003537
-0.004167
0.000054
0.000980
0.002432
0.003757
0.005148
0.001837
0.000396
0.000039
0.000034
0.000035
0.000035
0.000038
0.000040
0.000035
0.000032
0.000031
0.000032
0.000035
0.000030
0.000028
0.000032
0.000032
0.000033
0.000032
0.000030
0.000029
0.000029
0.000020
0.000022
0.000022
0.000020
0.000019
0.000013
0.000014
0.000012
0.000012
0.000009
0.000010
0.000007
0.000006
-0.000003
-0.000007
-0.000016
-0.000020
-0.000029
-0.000041
-0.000064
-0.000099
-0.000445
0.000867
0.001410
0.001326
0.001447
0.002562
0.003632
0.005792
0.009131
0.008895
0.004697
-0.002905
-0.006929
-0.005823
-0.005601
-0.004049
-0.002335
-0.002018
-0.000951
0.000130
-0.000027
-0.000486
-0.003249
-0.004071
-0.003297
-0.004267
0.001379
0.004991
0.007850
0.008169
0.001304
-0.001411
0.000228
0.000036
0.000036
0.000039
0.000039
0.000039
0.000036
0.000039
0.000032
0.000033
0.000038
0.000030
0.000027
0.000026
0.000032
0.000030
0.000028
0.000025
0.000025
0.000030
0.000024
0.000022
0.000020
0.000027
0.000016
0.000015
0.000014
0.000014
0.000010
0.000007
0.000007
0.000009
0.000001
-0.000007
-0.000014
-0.000020
-0.000025
-0.000032
-0.000062
-0.000176
-0.000136
0.000531
0.002160
0.002621
0.002781
0.002423
0.003633
0.004952
0.007244
0.010217
0.010273
0.006795
-0.003498
-0.005524
-0.005406
-0.005305
-0.002787
-0.002084
-0.002335
-0.001864
-0.001140
-0.001245
-0.001175
-0.001053
-0.001679
-0.001141
-0.004230
0.000923
0.004936
0.007741
0.003892
-0.001595
-0.002438
-0.001392
-0.000046
0.000235
0.000036
0.000038
0.000039
0.000034
0.000037
0.000036
0.000040
0.000036
0.000034
0.000028
0.000027
0.000037
0.000031
0.000025
0.000023
0.000031
0.000033
0.000018
0.000025
0.000023
0.000025
0.000020
0.000018
0.000014
0.000013
0.000009
0.000005
0.000005
0.000010
-0.000001
-0.000013
-0.000023
-0.000026
-0.000029
-0.000066
-0.000161
-0.000201
-0.000106
0.001046
0.002628
0.003281
0.003834
0.003642
0.004375
0.008526
0.014061
0.010313
0.008482
0.004271
-0.007510
-0.000877
-0.005624
-0.004055
-0.001838
-0.001935
-0.002347
-0.001962
-0.002084
-0.001850
-0.002312
-0.001644
-0.002121
-0.001376
-0.002515
-0.005346
0.000361
0.003942
-0.000554
-0.002041
-0.002707
-0.002460
-0.001434
-0.000653
0.000211
0.000034
0.000036
0.000037
0.000036
0.000035
0.000037
0.000036
0.000036
0.000032
0.000030
0.000037
0.000030
0.000030
0.000026
0.000026
0.000025
0.000027
0.000027
0.000024
0.000025
0.000021
0.000019
0.000015
0.000014
0.000010
0.000006
0.000005
0.000006
-0.000001
-0.000018
-0.000028
-0.000070
-0.000094
-0.000249
-0.000174
-0.000184
-0.000113
0.000989
0.002351
0.002953
0.003727
0.003530
0.005708
0.012027
0.012160
0.008137
0.004691
-0.000840
-0.008378
-0.009321
-0.006396
-0.002969
-0.001995
-0.002250
-0.002213
-0.002247
-0.002143
-0.001782
-0.002347
-0.002972
-0.003325
-0.002796
-0.001577
-0.003320
-0.001425
-0.001108
-0.001484
-0.001795
-0.001658
-0.001684
-0.001261
-0.001114
-0.000581
-0.000027
0.000066
0.000036
0.000036
0.000035
0.000038
0.000035
0.000039
0.000035
0.000029
0.000029
0.000029
0.000028
0.000029
0.000024
0.000027
0.000027
0.000026
0.000025
0.000020
0.000022
0.000023
0.000022
0.000022
0.000021
0.000028
0.000003
0.000003
-0.000009
-0.000043
-0.000141
-0.000230
-0.000195
-0.000185
-0.000177
-0.000192
-0.000136
0.001081
0.001412
0.001430
0.003324
0.004159
0.006320
0.014433
0.018082
0.013104
0.006933
-0.002146
-0.008638
-0.008874
-0.005574
-0.002824
-0.002096
-0.001941
-0.001761
-0.001884
-0.001976
-0.001799
-0.002823
-0.003272
-0.003375
-0.003059
-0.003139
-0.002279
0.000384
-0.001392
-0.001678
-0.001610
-0.000928
-0.000384
0.000303
-0.000268
-0.000808
-0.000133
0.000214
0.000230
0.000276
0.000117
0.000030
0.000035
0.000036
0.000039
0.000031
0.000030
0.000029
0.000029
0.000025
0.000027
0.000029
0.000028
0.000029
0.000024
0.000021
0.000023
0.000022
0.000022
0.000020
0.000021
0.000015
0.000015
0.000021
-0.000011
0.000016
-0.000124
-0.000232
-0.000189
-0.000111
-0.000085
-0.000134
-0.000102
0.000626
0.000003
-0.000007
0.000027
0.000118
0.000136
0.000301
0.000509
0.000647
0.003369
-0.006007
-0.010162
-0.007751
-0.004796
-0.002948
-0.002134
-0.002117
-0.001839
-0.001743
-0.001351
-0.001765
-0.002943
-0.003421
-0.003384
-0.003109
-0.003104
-0.003267
-0.002585
0.000782
-0.001507
-0.000123
0.001511
0.000870
0.001069
0.002784
0.003445
0.003190
0.006231
0.007748
0.008531
0.003378
0.000056
0.000032
0.000035
0.000038
0.000034
0.000035
0.000032
0.000030
0.000030
0.000027
0.000029
0.000026
0.000025
0.000026
0.000025
0.000023
0.000024
0.000023
0.000019
0.000017
0.000016
0.000015
0.000019
0.000022
0.000013
0.000000
-0.000017
-0.000071
-0.000037
-0.000010
-0.000012
-0.000011
-0.000002
0.000005
0.000005
0.000002
0.000004
0.000000
0.000004
-0.000000
-0.000002
0.000268
0.001681
-0.006927
-0.005829
-0.003413
-0.002081
-0.001964
-0.001682
-0.002092
-0.001953
-0.001965
-0.002181
-0.003244
-0.003220
-0.003531
-0.002831
-0.003139
-0.002798
-0.002759
-0.001853
0.000416
0.003423
0.006269
0.007593
0.010033
0.009921
0.013481
0.008836
0.010580
0.011626
0.006131
0.001207
0.000081
0.000000
0.000034
0.000039
0.000046
0.000063
0.000030
0.000029
0.000031
0.000031
0.000025
0.000022
0.000021
0.000025
0.000025
0.000021
0.000023
0.000024
0.000020
0.000018
0.000016
0.000016
0.000019
0.000022
0.000022
0.000009
0.000006
-0.000018
0.000004
0.000004
-0.000001
0.000002
0.000006
0.000003
0.000005
0.000005
0.000005
0.000005
0.000003
-0.000000
0.000001
-0.000001
-0.000002
0.000763
0.000181
-0.000340
-0.000353
-0.000447
-0.000138
-0.000925
-0.001497
-0.001866
-0.002130
-0.002606
-0.002693
-0.002681
-0.002982
-0.003117
-0.003014
-0.002400
-0.002158
-0.002186
0.005442
0.010620
0.011261
0.011433
0.012430
0.012430
0.006316
0.004102
0.003388
0.000480
0.000041
0.000008
0.000008
0.000014
0.000018
-0.000013
0.000026
0.000023
0.000023
0.000028
0.000030
0.000028
0.000027
0.000018
0.000022
0.000020
0.000017
0.000022
0.000024
0.000023
0.000021
0.000019
0.000020
0.000020
0.000023
0.000027
0.000018
0.000010
-0.000001
0.000004
0.000003
0.000002
0.000004
0.000006
0.000003
0.000007
0.000007
0.000006
0.000005
0.000006
0.000001
-0.000003
-0.000003
-0.000000
-0.000003
-0.000005
-0.000002
0.000000
0.000004
0.000009
-0.000144
-0.000159
-0.000160
-0.000174
-0.000228
-0.000303
-0.000140
-0.002781
-0.003080
-0.003828
-0.002592
-0.002507
-0.002815
-0.002891
0.001426
0.004030
0.004613
0.005629
0.004735
0.003619
0.000971
0.000131
0.000010
0.000009
0.000008
0.000006
0.000007
0.000018
0.000026
0.000022
0.000023
0.000022
0.000031
0.000029
0.000029
0.000025
0.000022
0.000024
0.000018
0.000024
0.000018
0.000026
0.000020
0.000021
0.000021
0.000025
0.000028
0.000026
0.000027
0.000019
0.000013
-0.000005
0.000006
0.000008
0.000009
0.000006
0.000008
0.000007
0.000008
0.000009
0.000005
0.000002
0.000003
0.000002
-0.000002
-0.000002
-0.000006
-0.000001
0.000002
0.000004
0.000007
0.000010
0.000011
0.000014
0.000015
0.000020
0.000024
0.000026
0.000021
0.000026
0.000827
-0.004706
-0.004352
-0.003415
-0.002549
-0.002962
-0.002671
0.001240
0.001192
0.001534
0.001974
0.001632
0.000282
0.000071
0.000013
0.000008
0.000012
0.000012
0.000005
0.000004
0.000018
0.000028
0.000024
0.000025
0.000022
0.000027
0.000032
0.000026
0.000027
0.000022
0.000019
0.000019
0.000012
0.000016
0.000027
0.000019
0.000019
0.000019
0.000022
0.000027
0.000029
0.000027
0.000013
0.000009
0.000003
0.000007
0.000012
0.000013
0.000013
0.000010
0.000012
0.000009
0.000005
0.000005
0.000003
0.000001
0.000004
0.000002
-0.000001
0.000003
0.000004
0.000007
0.000006
0.000008
0.000010
0.000011
0.000013
0.000016
0.000020
0.000022
0.000027
0.000028
0.000035
0.000031
0.001279
-0.003026
-0.002545
-0.000177
-0.001512
-0.001010
-0.000514
-0.000062
0.000048
0.000079
0.000062
0.000013
0.000019
0.000009
0.000010
0.000010
0.000009
0.000012
0.000008
0.000017
0.000026
0.000031
0.000033
0.000028
0.000026
0.000032
0.000034
0.000032
0.000027
0.000021
0.000023
0.000026
0.000029
0.000029
0.000023
0.000020
0.000020
0.000021
0.000026
0.000028
0.000029
0.000020
0.000012
0.000006
-0.000002
0.000013
0.000015
0.000012
0.000011
0.000011
0.000013
0.000010
0.000005
0.000005
0.000003
0.000004
0.000001
0.000002
0.000003
0.000005
0.000007
0.000008
0.000009
0.000006
0.000009
0.000012
0.000016
0.000015
0.000015
0.000028
0.000041
0.000037
0.000036
0.000042
0.000421
0.000799
0.002285
0.001625
0.001893
0.000058
-0.001133
-0.000381
0.000012
0.000017
0.000008
0.000017
0.000014
0.000010
0.000014
0.000013
0.000014
0.000017
0.000020
0.000024
0.000023
0.000026
0.000025
0.000028
0.000032
0.000037
0.000025
0.000024
0.000024
0.000028
0.000028
0.000027
0.000028
0.000026
0.000021
0.000023
0.000019
0.000026
0.000028
0.000031
0.000029
0.000017
0.000006
0.000004
0.000012
0.000011
0.000012
0.000012
0.000013
0.000010
0.000010
0.000004
0.000004
0.000008
0.000004
0.000007
0.000004
0.000005
0.000007
0.000006
0.000008
0.000008
0.000007
0.000006
0.000008
0.000017
0.000021
0.000018
0.000030
0.000038
0.000035
0.000038
0.000040
0.000044
0.000317
0.000372
0.000047
-0.000016
-0.000406
-0.000501
-0.000068
0.000017
0.000014
0.000017
0.000012
0.000014
-0.000004
0.000012
0.000015
0.000018
0.000018
0.000021
0.000021
0.000023
0.000022
0.000025
0.000027
0.000025
0.000031
0.000019
0.000017
0.000027
0.000027
0.000030
0.000027
0.000028
0.000030
0.000023
0.000022
0.000019
0.000023
0.000025
0.000027
0.000031
0.000013
0.000009
0.000012
0.000014
0.000014
0.000013
0.000018
0.000009
0.000009
0.000002
-0.000001
-0.000001
0.000005
0.000010
0.000010
0.000008
0.000009
0.000007
0.000005
0.000006
0.000006
0.000011
0.000016
0.000022
0.000022
0.000024
0.000025
0.000024
0.000036
0.000038
0.000039
0.000039
0.000045
0.000054
0.000043
0.000036
0.000033
0.000024
-0.000002
0.000019
0.000021
0.000017
0.000012
-0.000179
-0.000256
-0.000359
-0.000030
0.000012
0.000019
0.000019
0.000015
0.000021
0.000021
0.000026
0.000030
0.000026
0.000028
0.000032
0.000019
0.000019
0.000034
0.000030
0.000030
0.000028
0.000028
0.000031
0.000024
0.000022
0.000020
0.000019
0.000018
0.000017
0.000022
0.000017
0.000009
0.000012
0.000015
0.000014
0.000010
0.000007
0.000008
0.000004
-0.000001
-0.000002
0.000002
0.000007
0.000008
0.000016
0.000013
0.000010
0.000011
0.000008
0.000010
0.000008
0.000010
0.000016
0.000024
0.000020
0.000017
0.000020
0.000019
0.000032
0.000036
0.000038
0.000036
0.000045
0.000047
0.000047
0.000045
0.000037
0.000035
0.000053
-0.000079
0.000027
0.000015
-0.000144
-0.002079
-0.003647
-0.002228
-0.000723
-0.000075
0.000014
0.000024
0.000025
0.000028
0.000033
0.000026
0.000024
0.000023
0.000026
0.000027
0.000020
0.000023
0.000027
0.000033
0.000032
0.000032
0.000021
0.000028
0.000023
0.000019
0.000020
0.000018
0.000017
0.000018
0.000013
0.000019
0.000001
0.000006
0.000010
0.000014
0.000011
0.000008
0.000008
0.000006
-0.000004
-0.000001
0.000005
0.000008
0.000009
0.000010
0.000012
0.000013
0.000015
0.000009
0.000010
0.000009
0.000015
0.000014
0.000014
0.000016
0.000018
0.000023
0.000020
0.000027
0.000036
0.000039
0.000039
0.000044
0.000051
0.000047
0.000044
0.000044
0.000035
0.000027
0.000024
0.000019
-0.000025
-0.003371
-0.004297
-0.001542
-0.001669
-0.000460
0.000313
0.000038
0.000018
0.000022
0.000032
0.000048
0.000018
0.000020
0.000027
0.000024
0.000030
0.000019
0.000026
0.000027
0.000032
0.000031
0.000031
0.000020
0.000028
0.000026
0.000024
0.000025
0.000022
0.000021
0.000023
0.000019
0.000027
0.000010
0.000014
0.000019
0.000017
0.000014
0.000007
0.000010
0.000011
0.000010
0.000007
0.000014
0.000011
0.000008
0.000010
0.000014
0.000009
0.000015
0.000015
0.000007
0.000008
0.000007
0.000008
0.000009
0.000010
0.000015
0.000021
0.000026
0.000032
0.000044
0.000045
0.000043
0.000042
0.000048
0.000067
0.000031
0.000036
0.000024
0.000028
0.000039
0.000003
-0.001094
-0.003324
-0.000466
0.000247
0.001944
0.004390
0.002147
0.000076
0.000010
0.000020
0.000028
0.000024
0.000019
0.000026
0.000031
0.000030
0.000029
0.000029
