0.000178
0.000333
0.000412
0.000632
0.000553
0.000487
0.000291
0.000438
0.000078
0.000175
0.000180
-0.000603
0.000261
0.000369
0.000350
0.000334
0.000296
0.000281
0.000287
0.000256
0.000199
0.000229
0.000212
0.000201
0.000190
0.000179
0.000175
0.000182
0.000160
0.000123
0.000074
0.000067
0.000055
0.000060
0.000066
0.000080
0.000072
0.000079
0.000100
0.000103
0.000095
0.000089
0.000081
0.000081
0.000091
0.000080
0.000083
0.000089
0.000076
0.000069
0.000068
0.000077
0.000077
0.000073
0.000072
0.000080
0.000093
0.000093
0.000120
0.000113
0.000095
0.000110
0.000142
0.000156
0.000173
0.000182
-0.001158
0.000155
0.000159
0.000052
0.000061
-0.000006
0.000195
0.000523
0.000535
0.000495
0.000535
0.000489
0.000474
0.000485
0.000456
0.000439
0.000441
0.000430
0.000432
0.000351
0.000391
0.000318
0.000302
0.000338
0.000325
0.000348
0.000342
0.000302
0.000302
0.000260
0.000257
0.000244
0.000192
0.000190
0.000192
0.000190
0.000183
0.000126
0.000093
0.000097
0.000099
0.000104
0.000099
0.000077
0.000069
0.000070
0.000053
0.000066
0.000073
0.000079
0.000077
0.000079
0.000073
0.000069
0.000064
0.000077
0.000072
0.000069
0.000066
0.000072
0.000080
0.000080
0.000097
0.000110
0.000100
0.000131
0.000104
0.000109
0.000120
0.000115
0.000114
0.000103
0.000098
0.000086
0.000121
0.000086
0.000096
0.000102
0.000125
0.000179
0.000508
0.000500
0.000476
0.000492
0.000511
0.000459
0.000508
0.000474
0.000483
0.000423
0.000445
0.000424
0.000359
0.000359
0.000350
0.000309
0.000307
0.000349
0.000361
0.000326
0.000332
0.000282
0.000251
0.000257
0.000248
0.000227
0.000194
0.000188
0.000183
0.000180
0.000141
0.000105
0.000103
0.000093
0.000083
0.000090
0.000072
0.000068
0.000054
0.000065
0.000060
0.000067
0.000078
0.000080
0.000071
0.000071
0.000071
0.000071
0.000068
0.000065
0.000080
0.000071
0.000071
0.000070
0.000072
0.000092
0.000121
0.000099
0.000115
0.000125
0.000116
0.000097
0.000107
0.000109
0.000105
0.000115
0.000105
0.000094
0.000100
0.000099
0.000102
0.000108
0.000170
0.000446
0.000527
0.000505
0.000485
0.000432
0.000439
0.000418
0.000482
0.000485
0.000430
0.000448
0.000446
0.000392
0.000349
0.000312
0.000309
0.000304
0.000372
0.000336
0.000302
0.000290
0.000248
0.000244
0.000238
0.000231
0.000207
0.000168
0.000176
0.000179
0.000181
0.000160
0.000127
0.000093
0.000082
0.000089
0.000088
0.000077
0.000058
0.000060
0.000053
0.000061
0.000065
0.000075
0.000078
0.000077
0.000073
0.000082
0.000074
0.000064
0.000080
0.000075
0.000070
0.000070
0.000093
0.000090
0.000096
0.000112
0.000119
0.000115
0.000118
0.000113
0.000108
0.000115
0.000095
0.000100
0.000109
0.000109
0.000133
0.000087
0.000093
0.000133
0.000124
0.000190
0.000528
0.000544
0.000546
0.000536
0.000379
0.000338
0.000332
0.000403
0.000397
0.000425
0.000444
0.000407
0.000321
0.000311
0.000286
0.000319
0.000298
0.000329
0.000385
0.000301
0.000261
0.000257
0.000231
0.000235
0.000238
0.000192
0.000175
0.000171
0.000167
0.000176
0.000156
0.000127
0.000090
0.000089
0.000083
0.000084
0.000075
0.000062
0.000062
0.000056
0.000066
0.000063
0.000070
0.000080
0.000074
0.000071
0.000072
0.000064
0.000067
0.000061
0.000061
0.000074
0.000076
0.000080
0.000085
0.000085
0.000106
0.000113
0.000109
0.000110
0.000100
0.000090
0.000113
0.000118
0.000112
0.000111
0.000117
0.000137
0.000079
0.000117
0.000128
0.000118
-0.002169
0.000499
0.000487
0.000546
0.000473
0.000454
0.000409
0.000386
0.000358
0.000397
0.000375
0.000373
0.000325
0.000296
0.000263
0.000300
0.000279
0.000283
0.000307
0.000367
0.000315
0.000263
0.000271
0.000251
0.000232
0.000199
0.000173
0.000159
0.000152
0.000166
0.000159
0.000170
0.000130
0.000107
0.000087
0.000082
0.000080
0.000080
0.000071
0.000066
0.000062
0.000070
0.000068
0.000073
0.000093
0.000078
0.000074
0.000071
0.000076
0.000072
0.000061
0.000062
0.000066
0.000080
0.000074
0.000080
0.000078
0.000089
0.000092
0.000111
0.000104
0.000115
0.000104
0.000104
0.000093
0.000099
0.000107
0.000132
0.000125
0.000110
0.000104
0.000111
0.000098
0.000130
0.000527
0.000487
0.000473
0.000454
0.000497
0.000409
0.000389
0.000438
0.000410
0.000328
0.000338
0.000315
0.000262
0.000277
0.000309
0.000278
0.000313
0.000280
0.000306
0.000317
0.000299
0.000259
0.000251
0.000240
0.000179
0.000164
0.000159
0.000159
0.000147
0.000139
0.000135
0.000106
0.000090
0.000094
0.000081
0.000073
0.000077
0.000073
0.000061
0.000066
0.000071
0.000065
0.000079
0.000085
0.000079
0.000081
0.000074
0.000068
0.000064
0.000071
0.000074
0.000080
0.000069
0.000074
0.000082
0.000085
0.000082
0.000088
0.000102
0.000104
0.000109
0.000097
0.000103
0.000107
0.000120
0.000108
0.000110
0.000104
0.000114
0.000114
0.000102
0.000100
0.000115
0.000487
0.000521
0.000482
0.000521
0.000486
0.000346
0.000349
0.000331
0.000383
0.000290
0.000226
0.000314
0.000306
0.000286
0.000291
0.000278
0.000315
0.000341
0.000332
0.000288
0.000332
0.000227
0.000247
0.000237
0.000234
0.000171
0.000181
0.000150
0.000126
0.000093
0.000127
0.000143
0.000101
0.000087
0.000072
0.000072
0.000067
0.000070
0.000060
0.000062
0.000069
0.000070
0.000075
0.000087
0.000088
0.000082
0.000079
0.000075
0.000068
0.000059
0.000060
0.000073
0.000064
0.000088
0.000087
0.000093
0.000075
0.000082
0.000085
0.000106
0.000109
0.000110
0.000102
0.000107
0.000116
0.000129
0.000113
0.000097
0.000107
0.000119
0.000118
0.000095
0.000097
0.000566
0.000471
0.000492
0.000497
0.000505
0.000466
0.000390
0.000375
0.000303
0.000358
0.000255
0.000303
0.000298
0.000263
0.000269
0.000289
0.000282
0.000304
0.000295
0.000307
0.000290
0.000281
0.000293
0.000273
0.000232
0.000216
0.000179
0.000176
0.000128
0.000103
0.000137
0.000122
0.000113
0.000087
0.000066
0.000065
0.000063
0.000071
0.000065
0.000059
0.000069
0.000074
0.000068
0.000084
0.000088
0.000101
0.000090
0.000079
0.000075
0.000086
0.000095
0.000077
0.000064
0.000063
0.000075
0.000089
0.000083
0.000089
0.000087
0.000106
0.000114
0.000113
0.000103
0.000113
0.000116
0.000094
0.000105
0.000126
0.000132
0.000114
0.000102
0.000105
0.001326
0.000501
0.000480
0.000505
0.000493
0.000534
0.000502
0.000468
0.000358
0.000346
0.000309
0.000315
0.000276
0.000262
0.000277
0.000251
0.000262
0.000327
0.000324
0.000305
0.000288
0.000290
0.000272
0.000299
0.000269
0.000263
0.000229
0.000218
0.000214
0.000183
0.000162
0.000156
0.000154
0.000115
0.000088
0.000065
0.000063
0.000060
0.000059
0.000056
0.000056
0.000070
0.000081
0.000079
0.000082
0.000097
0.000107
0.000102
0.000091
0.000090
0.000079
0.000059
0.000072
0.000072
0.000061
0.000078
0.000073
0.000093
0.000092
0.000108
0.000104
0.000112
0.000122
0.000097
0.000114
0.000107
0.000109
0.000128
0.000127
0.000124
0.000135
0.000115
0.000104
0.000090
0.000459
0.000461
0.000517
0.000527
0.000559
0.000508
0.000470
0.000372
0.000337
0.000311
0.000274
0.000272
0.000273
0.000268
0.000283
0.000245
0.000291
0.000328
0.000275
0.000251
0.000308
0.000286
0.000284
0.000288
0.000274
0.000239
0.000225
0.000236
0.000186
0.000171
0.000173
0.000175
0.000146
0.000113
0.000064
0.000051
0.000053
0.000050
0.000039
0.000033
0.000047
0.000055
0.000077
0.000091
0.000096
0.000097
0.000090
0.000091
0.000087
0.000075
0.000076
0.000073
0.000066
0.000060
0.000062
0.000079
0.000089
0.000086
0.000098
0.000095
0.000108
0.000122
0.000101
0.000113
0.000103
0.000102
0.000106
0.000113
0.000153
0.000138
0.000126
0.000106
0.000097
0.000493
0.000419
0.000394
0.000488
0.000481
0.000530
0.000432
0.000341
0.000339
0.000335
0.000296
0.000281
0.000232
0.000272
0.000263
0.000296
0.000275
0.000315
0.000277
0.000259
0.000318
0.000323
0.000294
0.000303
0.000297
0.000248
0.000241
0.000232
0.000190
0.000140
0.000148
0.000142
0.000124
0.000092
0.000059
0.000044
0.000044
0.000042
0.000026
0.000026
0.000023
0.000043
0.000067
0.000083
0.000095
0.000102
0.000104
0.000102
0.000094
0.000079
0.000079
0.000080
0.000082
0.000075
0.000078
0.000086
0.000097
0.000099
0.000100
0.000105
0.000116
0.000086
0.000112
0.000097
0.000090
0.000114
0.000107
0.000134
0.000115
0.000135
0.000120
0.000123
0.000111
0.000478
0.000494
0.000444
0.000450
0.000460
0.000427
0.000409
0.000338
0.000340
0.000311
0.000303
0.000320
0.000293
0.000236
0.000284
0.000298
0.000293
0.000310
0.000288
0.000225
0.000262
0.000332
0.000313
0.000294
0.000315
0.000288
0.000275
0.000259
0.000201
0.000143
0.000159
0.000140
0.000135
0.000105
0.000072
0.000042
0.000028
0.000031
0.000004
-0.000005
-0.000015
0.000009
0.000041
0.000064
0.000091
0.000107
0.000100
0.000102
0.000108
0.000097
0.000088
0.000083
0.000088
0.000093
0.000095
0.000098
0.000099
0.000112
0.000105
0.000099
0.000113
0.000133
0.000116
0.000099
0.000116
0.000109
0.000143
0.000129
0.000152
0.000130
0.000133
0.000128
0.000725
0.000504
0.000517
0.000482
0.000455
0.000488
0.000359
0.000394
0.000336
0.000332
0.000324
0.000307
0.000283
0.000279
0.000267
0.000278
0.000261
0.000271
0.000305
0.000262
0.000228
0.000259
0.000249
0.000246
0.000118
0.000098
0.000211
0.000271
0.000244
0.000203
0.000215
0.000185
0.000136
0.000115
0.000088
0.000093
0.000046
0.000011
-0.000004
-0.000050
-0.000065
-0.000070
-0.000012
0.000021
0.000053
0.000080
0.000100
0.000105
0.000097
0.000104
0.000096
0.000089
0.000082
0.000087
0.000104
0.000093
0.000098
0.000106
0.000105
0.000125
0.000119
0.000095
0.000125
0.000119
0.000119
0.000115
0.000118
0.000116
0.000167
0.000145
0.000139
0.000125
0.000134
0.000122
0.000505
0.000490
0.000474
0.000440
0.000437
0.000390
0.000408
0.000385
0.000363
0.000341
0.000296
0.000307
0.000286
0.000306
0.000287
0.000238
0.000250
0.000266
0.000241
0.000214
0.000203
0.000203
-0.000770
-0.003343
-0.004330
-0.005428
-0.001240
-0.000255
0.000218
0.000234
0.000180
0.000124
0.000096
0.000094
0.000081
0.000050
-0.000008
-0.000063
-0.000125
-0.000161
-0.000120
-0.000106
-0.000034
0.000054
0.000078
0.000093
0.000106
0.000100
0.000110
0.000111
0.000081
0.000097
0.000100
0.000096
0.000100
0.000099
0.000094
0.000111
0.000093
0.000085
0.000096
0.000103
0.000131
0.000122
0.000110
0.000115
0.000109
0.000092
0.000114
0.000141
0.000136
0.000125
0.000130
0.000505
0.000495
0.000495
0.000448
0.000395
0.000372
0.000356
0.000358
0.000343
0.000283
0.000276
0.000281
0.000257
0.000252
0.000252
0.000237
0.000281
0.000262
0.000226
0.000163
0.000148
-0.001064
-0.011203
-0.008023
-0.007902
-0.018179
-0.023083
-0.012814
-0.001472
0.000081
0.000212
0.000100
0.000078
0.000081
0.000068
0.000040
-0.000031
-0.000102
-0.000156
-0.000183
-0.000261
-0.000253
-0.000101
0.000012
0.000075
0.000089
0.000101
0.000110
0.000116
0.000112
0.000101
0.000104
0.000098
0.000087
0.000092
0.000084
0.000088
0.000093
0.000087
0.000099
0.000104
0.000138
0.000136
0.000176
0.000135
0.000128
0.000120
0.000112
0.000132
0.000163
0.000146
0.000138
0.000103
0.000476
0.000476
0.000447
0.000405
0.000275
0.000316
0.000264
0.000300
0.000247
0.000242
0.000249
0.000280
0.000251
0.000167
0.000142
0.000225
0.000072
-0.000001
0.000070
0.000076
-0.000240
-0.005080
-0.007969
-0.004889
-0.006518
-0.012553
-0.013064
-0.014916
-0.012724
0.000107
0.000110
0.000082
0.000080
0.000079
0.000060
0.000046
-0.000031
-0.000108
-0.000187
-0.000271
-0.000316
-0.000502
-0.000160
-0.000009
0.000067
0.000093
0.000106
0.000114
0.000114
0.000109
0.000106
0.000104
0.000102
0.000094
0.000092
0.000067
0.000095
0.000088
0.000094
0.000101
0.000119
0.000110
0.000119
0.000131
0.000125
0.000125
0.000107
0.000112
0.000119
0.000183
0.000188
0.000156
-0.001100
0.000485
0.000464
0.000434
0.000406
0.000342
0.000321
0.000244
0.000248
0.000279
0.000286
0.000264
0.000282
0.000183
0.000129
0.000125
-0.000065
-0.000095
0.000058
0.000450
0.000778
0.001171
0.001120
0.000801
0.000662
0.000780
-0.001957
-0.007290
-0.006132
-0.000175
0.000084
0.000069
0.000072
0.000065
0.000057
0.000054
0.000019
-0.000022
-0.000100
-0.000194
-0.000242
-0.000274
-0.000313
-0.000114
0.000017
0.000076
0.000095
0.000118
0.000114
0.000120
0.000117
0.000110
0.000111
0.000101
0.000096
0.000091
0.000112
0.000101
0.000116
0.000124
0.000085
0.000099
0.000119
0.000138
0.000098
0.000117
0.000133
0.000111
0.000118
0.000162
0.000182
0.000176
0.000180
0.000153
0.000456
0.000418
0.000398
0.000334
0.000314
0.000303
0.000268
0.000248
0.000257
0.000318
0.000291
0.000283
0.000254
0.000028
0.000690
0.000963
0.000955
0.000944
0.000930
0.001052
0.001093
0.000937
0.001046
0.000987
0.001421
0.000843
-0.005946
-0.000617
0.000074
0.000063
0.000026
0.000046
0.000070
0.000049
0.000053
-0.000060
-0.000078
0.000169
-0.000220
-0.000183
-0.000180
-0.000159
-0.000041
0.000051
0.000086
0.000086
0.000112
0.000131
0.000118
0.000104
0.000092
0.000115
0.000123
0.000111
0.000101
0.000108
0.000116
0.000112
0.000130
0.000079
0.000077
0.000117
0.000131
0.000143
0.000168
0.000164
0.000134
0.000169
0.000189
0.000191
0.000193
0.000193
0.000180
0.000413
0.000400
0.000318
0.000269
0.000265
0.000259
0.000232
0.000242
0.000238
0.000255
0.000246
0.000242
0.000064
-0.000429
0.000957
0.000460
0.000332
0.000371
0.000456
0.000664
0.000690
0.000683
0.000927
0.001319
0.001575
-0.002626
-0.000139
0.001113
0.000549
-0.000524
-0.001695
-0.000944
-0.000210
0.000281
0.000789
0.002278
0.002798
0.003985
0.000195
-0.000050
-0.000078
-0.000056
0.000012
0.000071
0.000101
0.000107
0.000111
0.000116
0.000117
0.000095
0.000115
0.000144
0.000154
0.000122
0.000117
0.000107
0.000119
0.000124
0.000173
0.000137
0.000106
0.000120
0.000147
0.000157
0.000169
0.000170
0.000164
0.000183
0.000217
0.000190
0.000239
0.000206
0.000176
0.000435
0.000263
0.000237
0.000267
0.000260
0.000233
0.000200
0.000174
0.000204
0.000232
0.000229
0.000181
-0.000888
-0.000901
0.000920
0.000268
0.000300
0.000359
0.000398
0.000533
0.000695
0.000698
0.000774
0.000880
-0.000403
-0.001050
0.001181
0.003853
0.002798
0.000542
-0.006212
-0.005955
-0.005361
0.003435
0.004767
0.003119
0.001464
0.004733
0.000461
0.000011
-0.000002
0.000020
0.000056
0.000092
0.000113
0.000119
0.000128
0.000123
0.000114
0.000124
0.000104
0.000139
0.000143
0.000126
0.000127
0.000140
0.000160
0.000145
0.000151
0.000125
0.000072
0.000132
0.000169
0.000167
0.000160
0.000192
0.000192
0.000207
0.000218
0.000191
0.000188
0.000216
-0.000596
0.000369
0.000388
0.000250
0.000216
0.000205
0.000217
0.000162
0.000164
0.000224
0.000223
0.000229
0.000050
-0.000739
-0.000732
0.000687
0.000191
0.000338
0.000386
0.000454
0.000615
0.000649
0.000522
-0.000115
0.001709
0.000243
0.003249
0.003425
0.004566
0.003610
0.000370
-0.003896
-0.005324
-0.006270
-0.000379
0.000647
0.002401
-0.000235
0.000479
-0.000196
0.000057
0.000059
0.000074
0.000094
0.000082
0.000118
0.000116
0.000138
0.000136
0.000125
0.000132
0.000112
0.000113
0.000136
0.000118
0.000126
0.000141
0.000168
0.000165
0.000143
0.000133
0.000090
0.000101
0.000155
0.000175
0.000205
0.000239
0.000244
0.000215
0.000242
0.000223
0.000237
0.000256
0.000235
0.000429
0.000381
0.000224
0.000189
0.000205
0.000285
0.000062
0.000102
0.000191
0.000204
0.000163
0.000137
0.000008
-0.000831
0.000128
0.000149
0.000292
0.000428
0.000547
0.000735
0.000645
0.006122
0.007311
0.007574
0.002903
0.003681
0.004742
0.006839
0.006750
0.000918
-0.001895
-0.004885
-0.006161
-0.003788
-0.001939
0.001552
0.000386
-0.007070
-0.000492
0.000094
0.000120
0.000137
0.000153
0.000155
0.000192
0.000200
0.000135
0.000142
0.000150
0.000147
0.000124
0.000113
0.000121
0.000156
0.000137
0.000151
0.000163
0.000174
0.000181
0.000159
0.000083
0.000051
0.000160
0.000204
0.000252
0.000285
0.000311
0.000290
0.000253
0.000251
0.000276
0.000272
0.000240
0.000413
0.000248
0.000317
0.000238
0.000303
0.000288
0.000232
0.000061
0.000165
0.000146
0.000149
0.000170
0.000082
-0.000592
-0.000378
-0.000096
0.000847
0.001056
0.001193
0.001191
0.006074
0.009065
0.008719
0.007887
0.003727
0.003358
0.002547
0.004219
0.004437
0.001967
-0.002960
-0.004081
-0.004333
-0.005199
-0.001356
0.002783
-0.001649
-0.001253
0.000032
0.000130
0.000165
0.000187
0.000219
0.000223
0.000199
0.000830
0.000423
0.000140
0.000142
0.000143
0.000150
0.000128
0.000121
0.000158
0.000167
0.000170
0.000205
0.000180
0.000197
0.000153
0.000118
0.000143
0.000222
0.000249
0.000263
0.000361
0.000306
0.000271
0.000254
0.000289
0.000314
0.000276
0.000255
0.000378
0.000368
0.000322
0.000296
0.000268
0.000270
0.000262
0.000174
0.000176
0.000152
0.000149
0.000111
0.000097
-0.000101
-0.000442
-0.000647
-0.000439
-0.000061
-0.000222
0.000280
0.000464
0.002518
0.008052
0.005325
0.002369
-0.000251
0.000090
0.000449
0.001418
-0.000762
-0.004155
-0.002634
-0.002264
-0.004663
-0.001652
-0.000316
-0.002841
-0.000242
0.000111
0.000103
0.000165
0.000180
0.000186
0.000276
0.000269
-0.000480
0.002598
0.000223
0.000150
0.000148
0.000177
0.000150
0.000125
0.000156
0.000165
0.000179
0.000209
0.000215
0.000240
0.000209
0.000153
0.000222
0.000274
0.000292
0.000307
0.000271
0.000270
0.000267
0.000306
0.000316
0.000307
0.000289
0.000238
0.000377
0.000326
0.000325
0.000274
0.000188
0.000269
0.000257
0.000205
0.000149
0.000159
0.000138
0.000104
0.000113
0.000018
-0.000457
-0.000527
-0.000124
-0.000114
-0.000124
-0.000149
-0.000147
-0.000091
-0.000067
-0.000076
-0.000073
-0.000693
-0.002084
-0.003575
0.000268
-0.000319
-0.004157
-0.002564
-0.000302
-0.001579
-0.004541
-0.006876
-0.003553
-0.003250
-0.003268
-0.002971
-0.002338
-0.001512
0.000952
0.002558
0.001265
0.001645
0.003049
-0.000380
0.000757
0.000172
0.000167
0.000162
0.000122
0.000189
0.000202
0.000206
0.000227
0.000260
0.000268
0.000223
0.000203
0.000260
0.000292
0.000281
0.000279
0.000265
0.000239
0.000254
0.000261
0.000253
0.000237
0.000207
0.000261
0.000326
0.000327
0.000296
0.000321
0.000309
0.000308
0.000288
0.000203
0.000133
0.000123
0.000138
0.000105
0.000093
0.000095
0.000105
0.000052
-0.000041
-0.000086
-0.000108
-0.000142
-0.000144
-0.000143
-0.000128
-0.000188
-0.000465
-0.000098
0.000294
-0.000441
0.002790
0.001164
0.000104
-0.003385
-0.002078
0.000350
-0.003497
-0.007586
-0.012856
-0.007506
-0.008761
-0.009493
-0.014575
-0.010217
-0.002086
0.005059
0.001089
0.000860
-0.000229
-0.002281
-0.003249
0.001096
0.000177
0.000200
0.000150
0.000190
0.000233
0.000249
0.000286
0.000291
0.000306
0.000246
0.000250
0.000273
0.000297
0.000294
0.000289
0.000313
0.000278
0.000287
0.000279
0.000226
0.000163
0.000275
0.000279
0.000317
0.000291
0.000329
0.000288
0.000224
0.000296
0.000282
0.000216
0.000147
0.000109
0.000103
0.000087
0.000074
0.000075
0.000084
0.000054
-0.000023
-0.000059
-0.000086
-0.000133
-0.000120
-0.000136
-0.000188
-0.000581
-0.001705
0.000441
-0.000955
-0.002811
-0.003198
-0.003757
-0.003841
-0.005726
-0.004745
-0.002724
-0.002908
-0.002362
-0.015393
-0.016434
-0.012345
-0.013178
-0.016938
-0.023345
-0.016567
-0.013521
-0.004000
-0.003264
-0.004517
-0.002297
-0.005008
-0.005004
0.000212
0.000213
0.000202
0.000179
0.000257
0.000283
0.000287
0.000317
0.000295
0.000285
0.000279
0.000314
0.000302
0.000269
0.000310
0.000328
0.000287
0.000270
0.000256
0.000247
0.000177
0.000225
0.000265
0.000212
0.000304
0.000264
0.000262
0.000231
0.000293
0.000298
0.000242
0.000145
0.000093
0.000075
0.000065
0.000065
0.000067
0.000078
0.000036
-0.000013
-0.000057
-0.000092
-0.000113
-0.000105
-0.000406
0.001196
0.001621
-0.005532
-0.001808
0.001882
0.000612
-0.001887
-0.005224
-0.005808
-0.007487
-0.007091
-0.005050
-0.003940
-0.003334
-0.002631
-0.012536
-0.013671
-0.012989
-0.019703
-0.020682
-0.019914
-0.016871
-0.010069
-0.002923
-0.002161
-0.003009
-0.003015
-0.005486
-0.002463
0.000197
0.000231
0.000234
0.000303
0.000318
0.000304
0.000295
0.000305
0.000303
0.000322
0.000299
0.000273
0.000319
0.000344
0.000319
0.000294
0.000275
0.000318
0.000261
0.000248
0.000159
0.000198
0.000291
0.000242
0.000230
0.000205
0.000222
0.000251
0.000255
0.000215
0.000142
0.000081
0.000066
0.000062
0.000067
0.000061
0.000068
0.000028
-0.000023
-0.000041
-0.000128
-0.000143
-0.000537
-0.000298
0.002299
0.004504
-0.003782
-0.004777
-0.000565
0.001771
-0.000639
-0.004138
-0.007065
-0.008486
-0.008241
-0.006231
-0.004361
-0.003387
-0.002876
-0.002344
-0.001504
-0.012602
-0.017368
-0.019397
-0.018269
-0.012611
-0.011395
-0.012197
-0.006105
-0.003827
-0.003025
-0.005054
-0.004484
-0.002152
0.000198
0.000229
0.000246
0.000236
0.000252
0.000273
0.000285
0.000291
0.000274
0.000231
0.000308
0.000330
0.000287
0.000329
0.000346
0.000380
0.000346
0.000332
0.000309
0.000153
0.000206
0.000292
0.000238
0.000233
0.000217
0.000207
0.000192
0.000245
0.000205
0.000135
0.000090
0.000087
0.000075
0.000061
0.000066
0.000080
0.000055
0.000046
-0.000110
-0.000422
-0.000409
-0.000582
0.001205
0.006311
0.009578
-0.000129
-0.007894
-0.004395
0.001598
-0.001422
-0.005025
-0.008392
-0.009949
-0.009540
-0.006087
-0.004139
-0.003530
-0.002920
-0.002472
-0.001892
-0.001644
-0.002113
-0.001221
-0.013193
-0.013482
-0.014104
-0.013462
-0.010537
-0.004516
-0.005100
-0.004714
-0.004415
-0.005020
-0.002411
-0.000363
0.000403
0.000228
0.000261
0.000278
0.000286
0.000273
0.000298
0.000343
0.000344
0.000319
0.000320
0.000338
0.000425
0.000475
0.000396
0.000373
0.000336
0.000322
0.000282
0.000146
0.000235
0.000216
0.000209
0.000200
0.000185
0.000207
0.000176
0.000121
0.000123
0.000085
0.000075
0.000071
0.000050
0.000076
0.000084
-0.000100
-0.000423
-0.000447
-0.000444
-0.000613
-0.001156
0.003485
0.008193
0.005169
-0.006314
-0.006326
-0.001156
-0.002243
-0.005298
-0.009007
-0.010966
-0.012630
-0.005636
-0.003560
-0.003424
-0.002866
-0.002246
-0.002546
-0.001960
-0.002201
-0.001934
-0.001303
-0.000597
-0.000215
-0.013290
-0.011147
-0.005550
-0.005184
-0.004134
-0.004197
-0.004646
-0.003743
-0.001392
-0.001263
0.000471
0.000224
0.000261
0.000336
0.000333
0.000388
0.000371
0.000317
0.000320
0.000312
0.000370
0.000501
0.000461
0.000392
0.000382
0.000427
0.000393
0.000298
0.000276
0.000201
0.000157
0.000154
0.000184
0.000105
0.000198
0.000188
0.000143
0.000117
0.000097
0.000079
0.000068
0.000080
-0.000025
-0.000171
-0.000429
-0.000469
-0.000488
-0.000557
-0.000592
-0.000712
-0.001851
0.003535
0.007163
0.001155
-0.002720
-0.001699
-0.001121
-0.005329
-0.008445
-0.010463
-0.010788
-0.006442
-0.003934
-0.003649
-0.002743
-0.002542
-0.002323
-0.001269
-0.001103
-0.000845
-0.000961
-0.000853
-0.000626
-0.000136
-0.012141
-0.005099
-0.004566
-0.004205
-0.004589
-0.003015
-0.001762
-0.000652
-0.000593
-0.000025
0.000473
0.000370
0.000276
0.000301
0.000320
0.000308
0.000332
0.000342
0.000391
0.000503
0.000491
0.000458
0.000423
0.000442
0.000463
0.000413
0.000380
0.000319
0.000251
0.000165
0.000182
0.000162
0.000097
0.000239
0.000386
0.000508
0.000110
0.000068
0.000075
0.000012
-0.000269
-0.000348
-0.000417
-0.000457
-0.000429
-0.000462
-0.000425
-0.000492
-0.000468
-0.000622
-0.000779
0.003804
0.006067
0.001375
0.000281
-0.001575
-0.004565
-0.007284
-0.009007
-0.008233
-0.005597
-0.004004
-0.002903
-0.002381
-0.002073
-0.001947
-0.000781
-0.000530
-0.000213
-0.000287
-0.000348
-0.000216
0.000008
0.000448
-0.001158
-0.004706
-0.004248
-0.002837
-0.000868
0.000229
-0.000775
-0.000251
0.000360
0.000890
0.000597
0.000622
0.000706
0.000552
0.000357
0.000424
0.000396
0.000485
0.000451
0.000361
0.000414
0.000423
0.000354
0.000417
0.000507
0.000466
0.000326
0.000299
0.000158
0.000065
0.000229
0.000165
0.000223
0.000304
0.000334
0.000363
0.000392
0.000246
0.000032
-0.000348
-0.000427
-0.000432
-0.000320
-0.000306
-0.000270
-0.000327
-0.000352
0.000257
0.000293
0.000320
0.000198
0.000095
0.000154
0.000356
0.001850
-0.004629
-0.006855
-0.008344
-0.007101
-0.003840
-0.003093
-0.002753
-0.002825
-0.001989
-0.001914
-0.000994
-0.000298
-0.000028
0.000250
0.000322
0.000427
0.000562
0.000875
0.000962
-0.001071
-0.002684
-0.001098
0.000809
0.000856
0.000860
0.001025
0.001610
0.002010
0.002787
0.005676
0.010998
0.006819
0.000418
0.000407
0.000394
0.000457
0.000411
0.000395
0.000473
0.000480
0.000487
0.000541
0.000542
0.000509
0.000301
0.000347
0.000253
0.000132
0.000051
0.000138
0.000199
0.000237
0.000286
0.000409
0.000328
0.000334
0.000296
0.000317
0.000253
-0.000134
0.000085
0.000303
0.000235
0.000210
0.000244
0.000351
0.000325
0.000351
0.000365
0.000330
0.000324
0.000308
0.000212
0.001295
0.002539
-0.004452
-0.004554
-0.003397
-0.003072
-0.002818
-0.002365
-0.001870
-0.001793
-0.001165
-0.000491
-0.000121
0.000240
0.000405
0.000688
0.000701
0.000539
0.001276
0.001000
-0.001293
-0.000324
0.003303
0.006565
0.006434
0.003793
0.004442
0.006622
0.011333
0.019861
0.012539
0.002167
0.001136
0.000786
0.000436
0.000438
0.000368
0.000435
0.000509
0.000456
0.000462
0.000555
0.000531
0.000494
0.000329
0.000381
0.000153
0.000152
0.000097
0.000187
0.000138
0.000252
0.000380
0.000439
0.000352
0.000298
0.000251
0.000328
0.000325
0.000235
0.000322
0.000325
0.000271
0.000268
0.000296
0.000329
0.000339
0.000355
0.000368
0.000279
0.000248
0.000195
0.000207
0.000158
0.000177
0.000900
0.000599
0.000140
0.000608
0.000648
-0.000159
-0.000553
-0.001905
-0.001064
0.002103
0.000943
-0.000647
-0.000272
0.000166
0.000547
0.000653
0.000411
-0.000424
-0.000658
0.001879
0.008514
0.013056
0.010590
0.007263
0.008405
0.012384
0.018992
0.005571
0.001794
0.001141
0.001186
0.001075
0.000845
0.000727
0.000741
0.000734
0.000564
0.000528
0.000452
0.000435
0.000507
0.000493
0.000339
0.000423
0.000329
0.000298
0.000241
0.000214
0.000240
0.000293
0.000417
0.000420
0.000367
0.000274
0.000209
0.000330
0.000359
0.000302
0.000282
0.000360
0.000320
0.000289
0.000266
0.000340
0.000361
0.000372
0.000339
0.000268
0.000259
0.000285
0.000315
0.000217
0.000174
0.000333
0.000370
0.000382
0.000327
0.000446
0.000483
0.000211
0.000568
0.000583
-0.000660
0.000429
0.000600
0.000855
0.000340
0.000047
-0.000431
-0.001628
-0.001763
-0.002138
-0.002549
0.006263
0.004597
0.001196
0.007215
0.009785
0.007142
0.002335
0.001253
0.001121
0.001115
0.001037
0.001006
0.000996
0.000817
0.000871
0.000720
0.000517
0.000546
0.000490
0.000433
0.000467
0.000475
0.000381
0.000415
0.000414
0.000373
0.000304
0.000222
0.000277
0.000357
0.000149
0.000434
0.000363
0.000283
0.000312
0.000354
0.000405
0.000361
0.000329
0.000338
0.000353
0.000327
0.000299
0.000369
0.000386
0.000359
0.000336
0.000218
0.000241
0.000318
0.000377
0.000284
0.000318
0.000394
0.000457
0.000501
0.000497
0.000485
0.000556
0.000426
0.000587
0.000805
0.000818
0.000730
0.000809
0.000956
0.001078
-0.000207
-0.000416
-0.002338
-0.002378
-0.002067
-0.002083
0.002286
0.001154
0.000827
0.001024
0.001440
0.001328
0.001144
0.001149
0.001150
0.001114
0.001010
0.000923
0.000869
0.000785
0.000905
0.000713
0.000608
0.000608
0.000530
0.000475
0.000633
0.000579
0.000398
0.000467
0.000444
0.000437
0.000310
0.000317
0.000266
0.000284
0.000179
0.000287
0.000377
0.000407
0.000316
0.000270
0.000372
0.000364
0.000320
0.000302
0.000399
0.000393
0.000287
0.000265
0.000375
0.000332
0.000331
0.000320
0.000265
0.000254
0.000355
0.000371
0.000428
0.000478
0.000499
0.000526
0.000580
0.000620
0.000608
0.000452
0.000613
0.000749
0.000800
0.000702
0.000658
0.000884
0.000953
0.001385
-0.001068
-0.001379
-0.001008
-0.000600
0.000428
0.000393
0.000972
0.001009
0.000751
0.000604
0.001024
0.001012
0.001090
0.001086
0.001032
0.000888
0.000829
0.000684
0.000738
0.000800
0.000767
0.000745
0.000682
0.000723
0.000643
0.000556
0.000640
0.000432
0.000442
0.000437
0.000556
0.000348
0.000334
0.000296
0.000191
0.000310
0.000319
0.000308
0.000349
0.000420
0.000278
0.000315
0.000352
0.000374
0.000391
0.000447
0.000351
0.000215
0.000211
0.000308
0.000357
0.000366
0.000348
0.000241
0.000230
0.000311
0.000390
0.000399
0.000468
0.000539
0.000560
0.000664
0.000677
0.000642
0.000566
0.000589
0.000695
0.000714
0.000718
0.000687
0.000774
0.000920
0.001006
0.001303
0.001120
0.001765
0.002014
0.001513
-0.003354
-0.002665
0.000781
0.000766
0.000722
0.000946
0.001092
0.001003
0.001107
0.001118
0.001109
0.000865
0.000825
0.000701
0.000872
0.000843
0.000749
0.000908
0.000842
0.000717
0.000634
0.000662
0.000431
0.000455
0.000470
0.000495
0.000359
0.000307
0.000233
0.000298
0.000350
0.000411
0.000386
0.000297
0.000425
0.000373
0.000358
0.000358
0.000387
0.000390
0.000396
0.000376
0.000243
0.000234
0.000255
0.000369
0.000381
0.000384
0.000305
0.000341
0.000328
0.000375
0.000447
0.000489
0.000526
0.000607
0.000630
0.000533
0.000639
0.000609
0.000643
0.000685
0.000698
0.000779
0.000719
0.000865
0.000912
0.000946
0.000874
0.001002
0.001180
0.002166
0.000457
-0.006918
0.000103
0.000935
0.000818
0.000776
0.000854
0.001003
0.001009
0.001115
0.001227
0.001103
0.000972
0.000954
0.000879
0.000822
0.000870
0.000921
0.000771
0.000711
0.000593
0.000542
0.000583
0.000375
0.000454
0.000447
0.000399
0.000400
0.000361
0.000397
0.000383
0.000307
0.000436
0.000426
0.000337
0.000377
0.000414
0.000279
0.000314
0.000341
0.000387
0.000391
0.000427
0.000348
0.000304
0.000279
0.000401
0.000355
0.000371
0.000336
0.000304
0.000325
0.000393
0.000442
0.000520
0.000530
0.000643
0.000677
0.000546
0.000363
0.000477
0.000488
0.000556
0.000706
0.000797
0.000887
0.000857
0.000817
0.000835
0.000847
0.000914
0.000924
0.000865
0.002662
-0.002385
0.000660
0.000918
0.000929
0.000864
0.000827
0.000972
0.001095
0.001014
0.001051
0.001066
0.001107
0.001052
0.000916
0.000875
0.000883
0.000946
0.000483
0.000594
0.000546
0.000474
0.000480
0.000362
0.000434
0.000442
0.000402
0.000401
0.000371
0.000383
0.000359
0.000338
0.000369
0.000543
0.000387
0.000323
0.000305
0.000243
0.000328
0.000337
0.000345
0.000294
0.000390
0.000373
0.000304
0.000296
0.000403
0.000383
0.000366
0.000277
0.000266
0.000307
0.000422
0.000441
0.000350
0.000552
0.000657
0.000654
0.000566
0.000317
0.000342
0.000427
0.000565
0.000719
0.000838
0.000816
0.000868
0.000752
0.000757
0.000868
0.000908
0.000807
0.000789
0.000804
0.000697
0.000884
0.000901
0.000931
0.000986
0.001021
0.001032
0.000948
0.000972
0.000975
0.001041
0.001233
0.001090
0.001083
0.000941
0.000929
0.000885
0.000599
0.000682
0.000704
0.000588
0.000492
0.000359
0.000393
0.000454
0.000460
0.000437
0.000320
0.000293
0.000317
0.000286
0.000278
0.000481
0.000483
0.000239
0.000198
0.000240
0.000332
0.000326
0.000307
0.000289
0.000344
0.000374
0.000335
0.000328
0.000326
0.000328
0.000348
0.000367
0.000198
0.000306
0.000296
0.000410
0.000433
0.000493
0.000534
0.000597
0.000390
0.000410
0.000582
0.000575
0.000701
0.000800
0.000928
0.000840
0.000766
0.000719
0.000707
0.000830
0.000893
0.000745
0.000737
0.000660
0.000712
0.000887
0.000898
0.000881
0.001002
0.000976
0.000931
0.000844
0.000954
0.000939
0.000977
0.001139
0.001014
0.000940
0.000898
0.000881
0.000883
0.000718
0.000658
0.000714
0.000726
0.000738
0.000454
0.000375
0.000456
0.000458
0.000382
0.000329
0.000347
0.000324
0.000341
0.000290
0.000399
0.000479
0.000393
0.000355
0.000463
0.000330
0.000318
0.000425
0.000367
0.000350
0.000391
0.000364
0.000328
0.000369
0.000366
0.000367
0.000296
0.000233
0.000181
0.000291
0.000400
0.000530
0.000386
0.000451
0.000469
0.000375
0.000607
0.000513
0.000608
0.000789
0.000887
0.000902
0.000784
0.000750
0.000616
0.000687
0.000748
0.000855
0.000707
0.000626
0.000770
0.000779
0.000801
0.000842
0.000955
0.001000
0.000928
0.000824
0.000919
0.000906
0.000963
0.000965
0.000956
0.000972
0.000992
0.000854
0.000842
0.000889
0.000698
0.000706
0.000804
0.000933
0.000881
