0.000499
0.000610
0.000524
0.000632
0.000755
0.000726
0.000733
0.000438
0.000992
0.000994
0.000956
-0.000603
0.001378
0.001333
0.001137
0.000987
0.000930
0.000899
0.000968
0.000830
0.000920
0.001022
0.001044
0.001068
0.000977
0.000972
0.001030
0.000788
0.000905
0.000896
0.000912
0.001095
0.001141
0.000911
0.000873
0.000735
0.000512
0.000589
0.000528
0.000471
0.000457
0.000480
0.000412
0.000347
0.000371
0.000332
0.000414
0.000388
0.000387
0.000413
0.000375
0.000295
0.000337
0.000349
0.000330
0.000367
0.000404
0.000359
0.000317
0.000326
0.000316
0.000439
0.000436
0.000278
0.000154
0.000040
-0.001158
0.000001
0.000065
0.000086
0.000061
0.000196
0.000195
0.000532
0.000440
0.000399
0.000379
0.000602
0.000660
0.000729
0.000759
0.000933
0.000980
0.000854
0.000825
0.001087
0.001149
0.001122
0.001043
0.000940
0.000939
0.000902
0.000876
0.000791
0.000787
0.000954
0.000969
0.000808
0.000999
0.000971
0.000989
0.001066
0.001133
0.001002
0.001129
0.001113
0.001004
0.000962
0.000839
0.000634
0.000587
0.000509
0.000474
0.000495
0.000507
0.000518
0.000411
0.000455
0.000499
0.000414
0.000481
0.000445
0.000403
0.000404
0.000325
0.000325
0.000333
0.000319
0.000312
0.000275
0.000357
0.000352
0.000299
0.000138
0.000297
0.000376
0.000311
0.000322
0.000195
0.000272
0.000300
0.000308
0.000261
0.000220
0.000211
0.000241
0.000436
0.000503
0.000365
0.000313
0.000459
0.000684
0.000709
0.000644
0.000962
0.000943
0.000994
0.000827
0.001014
0.000929
0.000993
0.000944
0.000920
0.001026
0.000993
0.000790
0.000842
0.000647
0.000779
0.000893
0.000908
0.000821
0.000847
0.000887
0.001082
0.001152
0.001145
0.001077
0.001060
0.000838
0.000819
0.000958
0.000781
0.000714
0.000593
0.000559
0.000564
0.000587
0.000580
0.000515
0.000554
0.000516
0.000456
0.000423
0.000447
0.000447
0.000484
0.000378
0.000296
0.000320
0.000284
0.000304
0.000284
0.000348
0.000304
0.000284
0.000251
0.000298
0.000339
0.000326
0.000300
0.000223
0.000259
0.000322
0.000269
0.000261
0.000217
0.000199
0.000298
0.000444
0.000561
0.000379
0.000300
0.000254
0.000492
0.000699
0.000691
0.000929
0.001014
0.000975
0.000964
0.000915
0.000936
0.000979
0.000871
0.000943
0.001010
0.000961
0.000904
0.000891
0.000734
0.000798
0.000838
0.000765
0.000838
0.000845
0.000857
0.000970
0.001135
0.001038
0.001056
0.001048
0.001092
0.001081
0.001031
0.000938
0.000810
0.000579
0.000462
0.000698
0.000695
0.000445
0.000325
0.000506
0.000427
0.000379
0.000391
0.000400
0.000406
0.000491
0.000367
0.000303
0.000292
0.000342
0.000309
0.000295
0.000347
0.000338
0.000326
0.000257
0.000272
0.000329
0.000340
0.000288
0.000275
0.000299
0.000295
0.000272
0.000208
0.000226
0.000234
0.000305
0.000667
0.000639
0.000562
0.000380
0.000358
0.000440
0.000533
0.000678
0.000936
0.001012
0.000922
0.000942
0.000841
0.000899
0.000927
0.000966
0.000921
0.000995
0.000937
0.000924
0.000928
0.000858
0.000850
0.000727
0.000693
0.000739
0.000770
0.000803
0.000932
0.001052
0.001005
0.001036
0.000990
0.001054
0.001036
0.001008
0.000908
0.000836
0.000697
0.000489
0.000658
0.000719
0.000514
0.000488
0.000354
0.000391
0.000412
0.000443
0.000424
0.000332
0.000388
0.000323
0.000281
0.000279
0.000340
0.000366
0.000293
0.000298
0.000392
0.000327
0.000300
0.000218
0.000364
0.000366
0.000393
0.000193
0.000217
0.000232
0.000274
0.000222
0.000274
0.000230
-0.002169
0.000575
0.000562
0.000564
0.000448
0.000431
0.000481
0.000529
0.000595
0.000811
0.000896
0.000869
0.000750
0.000876
0.000826
0.000988
0.000941
0.000934
0.000956
0.000996
0.000946
0.000984
0.001002
0.000936
0.000893
0.000807
0.000761
0.000807
0.000883
0.000933
0.000982
0.001039
0.000989
0.000985
0.001020
0.001026
0.001004
0.000877
0.000848
0.000553
0.000599
0.000430
0.000601
0.000605
0.000431
0.000325
0.000332
0.000339
0.000434
0.000399
0.000400
0.000371
0.000375
0.000325
0.000254
0.000286
0.000361
0.000336
0.000343
0.000398
0.000348
0.000348
0.000269
0.000259
0.000263
0.000256
0.000342
0.000171
0.000197
0.000249
0.000217
0.000279
0.000275
0.000341
0.000587
0.000643
0.000627
0.000515
0.000559
0.000466
0.000545
0.000459
0.000915
0.000964
0.000941
0.000818
0.000838
0.000859
0.001020
0.000994
0.000960
0.000976
0.000954
0.000964
0.000998
0.000994
0.001011
0.000970
0.000914
0.000879
0.000797
0.000872
0.000960
0.001007
0.001063
0.001039
0.001006
0.001050
0.001036
0.000964
0.000859
0.000731
0.000584
0.000597
0.000625
0.000670
0.000589
0.000507
0.000531
0.000316
0.000290
0.000328
0.000359
0.000422
0.000384
0.000371
0.000320
0.000148
0.000311
0.000266
0.000304
0.000320
0.000388
0.000361
0.000384
0.000309
0.000187
0.000283
0.000354
0.000281
0.000192
0.000189
0.000238
0.000267
0.000310
0.000311
0.000359
0.000634
0.000610
0.000605
0.000547
0.000533
0.000505
0.000464
0.000558
0.000951
0.000884
0.000734
0.000658
0.000730
0.000883
0.000924
0.000985
0.001026
0.001006
0.000996
0.000965
0.001005
0.001010
0.001023
0.000994
0.000929
0.000921
0.000818
0.000834
0.000975
0.001027
0.000863
0.001078
0.001021
0.001039
0.001067
0.001014
0.000910
0.000854
0.000621
0.000624
0.000588
0.000643
0.000587
0.000569
0.000488
0.000412
0.000333
0.000355
0.000426
0.000438
0.000411
0.000371
0.000347
0.000164
0.000214
0.000238
0.000272
0.000306
0.000362
0.000355
0.000332
0.000298
0.000299
0.000255
0.000268
0.000249
0.000245
0.000255
0.000287
0.000339
0.000318
0.000258
0.000171
0.000629
0.000647
0.000584
0.000594
0.000524
0.000500
0.000360
0.000621
0.000781
0.000851
0.000752
0.000752
0.000658
0.000985
0.001024
0.000994
0.000957
0.000937
0.000946
0.001019
0.001033
0.000995
0.000970
0.000865
0.000854
0.000862
0.000775
0.000813
0.000883
0.000926
0.000986
0.001043
0.001015
0.001056
0.001082
0.001083
0.001023
0.000935
0.000853
0.000665
0.000609
0.000524
0.000576
0.000590
0.000521
0.000437
0.000420
0.000365
0.000466
0.000453
0.000446
0.000381
0.000358
0.000167
0.000166
0.000242
0.000344
0.000336
0.000308
0.000299
0.000329
0.000293
0.000202
0.000244
0.000230
0.000294
0.000236
0.000300
0.000240
0.000200
0.000257
0.000284
0.001326
0.000613
0.000572
0.000682
0.000622
0.000497
0.000474
0.000513
0.000512
0.000533
0.000689
0.000745
0.000726
0.000665
0.000942
0.000905
0.000921
0.000987
0.000888
0.000809
0.000983
0.001062
0.001066
0.000976
0.000923
0.000885
0.000892
0.000824
0.000853
0.000845
0.000856
0.000953
0.000988
0.001034
0.001118
0.001094
0.001083
0.000972
0.000961
0.000858
0.000709
0.000619
0.000545
0.000583
0.000602
0.000596
0.000552
0.000538
0.000440
0.000436
0.000446
0.000328
0.000287
0.000258
0.000272
0.000246
0.000252
0.000369
0.000237
0.000291
0.000284
0.000312
0.000360
0.000385
0.000189
0.000235
0.000215
0.000247
0.000280
0.000328
0.000177
0.000306
0.000369
0.000298
0.000684
0.000612
0.000678
0.000516
0.000471
0.000508
0.000453
0.000401
0.000500
0.000493
0.000737
0.000688
0.000798
0.000691
0.000783
0.000885
0.000958
0.000923
0.000899
0.000996
0.001101
0.001070
0.001006
0.000998
0.000919
0.000872
0.000981
0.000914
0.000827
0.000849
0.000895
0.000985
0.001133
0.001040
0.001155
0.001045
0.001011
0.001010
0.000852
0.000717
0.000542
0.000569
0.000521
0.000563
0.000590
0.000577
0.000653
0.000544
0.000423
0.000420
0.000349
0.000306
0.000289
0.000348
0.000246
0.000314
0.000321
0.000319
0.000357
0.000299
0.000404
0.000412
0.000350
0.000290
0.000241
0.000257
0.000291
0.000300
0.000340
0.000358
0.000471
0.000454
0.000367
0.000586
0.000516
0.000511
0.000489
0.000488
0.000574
0.000538
0.000558
0.000488
0.000563
0.000611
0.000661
0.000672
0.000697
0.000731
0.000840
0.000857
0.000926
0.000897
0.000978
0.001031
0.000998
0.000936
0.000985
0.000870
0.000926
0.000963
0.000924
0.000850
0.000824
0.000933
0.000957
0.000968
0.001204
0.001108
0.001102
0.001109
0.001106
0.000876
0.000647
0.000522
0.000489
0.000528
0.000547
0.000549
0.000597
0.000670
0.000546
0.000475
0.000326
0.000242
0.000277
0.000349
0.000342
0.000315
0.000219
0.000304
0.000252
0.000321
0.000378
0.000344
0.000375
0.000404
0.000303
0.000190
0.000203
0.000349
0.000372
0.000457
0.000405
0.000462
0.000462
0.000350
0.000688
0.000596
0.000453
0.000540
0.000523
0.000574
0.000583
0.000524
0.000579
0.000486
0.000520
0.000677
0.000593
0.000549
0.000671
0.000710
0.000833
0.000910
0.000980
0.000991
0.000934
0.000961
0.000717
0.000666
0.000680
0.000860
0.001004
0.001033
0.000948
0.000898
0.000964
0.001077
0.001086
0.001149
0.001138
0.001135
0.001130
0.001091
0.000931
0.000713
0.000528
0.000436
0.000396
0.000369
0.000475
0.000592
0.000647
0.000564
0.000470
0.000335
0.000264
0.000322
0.000377
0.000425
0.000437
0.000281
0.000254
0.000364
0.000366
0.000367
0.000378
0.000413
0.000374
0.000337
0.000253
0.000349
0.000338
0.000284
0.000321
0.000390
0.000406
0.000497
0.000725
0.000589
0.000575
0.000604
0.000635
0.000602
0.000546
0.000542
0.000536
0.000495
0.000522
0.000377
0.000488
0.000446
0.000522
0.000565
0.000687
0.000748
0.000889
0.000959
0.000979
0.000944
0.000590
-0.001961
-0.004723
-0.006366
-0.003148
-0.000215
0.000823
0.000918
0.000901
0.001011
0.001117
0.001063
0.001150
0.001098
0.001121
0.001172
0.001099
0.000968
0.000831
0.000533
0.000381
0.000352
0.000387
0.000426
0.000493
0.000650
0.000602
0.000478
0.000303
0.000277
0.000358
0.000391
0.000415
0.000432
0.000277
0.000285
0.000411
0.000379
0.000421
0.000393
0.000383
0.000408
0.000428
0.000386
0.000421
0.000325
0.000294
0.000341
0.000313
0.000357
0.000407
0.000313
0.000616
0.000602
0.000596
0.000573
0.000592
0.000472
0.000472
0.000502
0.000444
0.000428
0.000402
0.000431
0.000455
0.000451
0.000395
0.000589
0.000681
0.000817
0.000894
0.000912
0.000558
-0.002930
-0.011515
-0.014855
-0.025760
-0.030297
-0.026103
-0.014830
-0.001953
-0.002932
-0.003895
-0.002468
-0.000347
0.000650
0.001117
0.001164
0.001253
0.001246
0.000998
0.000763
0.000472
0.000352
0.000352
0.000396
0.000475
0.000614
0.000657
0.000612
0.000543
0.000393
0.000297
0.000303
0.000351
0.000437
0.000442
0.000359
0.000341
0.000528
0.000504
0.000520
0.000444
0.000431
0.000418
0.000450
0.000407
0.000427
0.000326
0.000296
0.000357
0.000460
0.000426
0.000495
0.000305
0.000616
0.000491
0.000496
0.000530
0.000507
0.000430
0.000439
0.000424
0.000376
0.000356
0.000351
0.000360
0.000357
0.000386
0.000371
0.000517
0.000681
0.000855
0.000903
0.000287
-0.003551
-0.003860
-0.008047
-0.013387
-0.018069
-0.016102
-0.017302
-0.034577
-0.019380
-0.010720
-0.028535
-0.003038
0.000717
0.001139
0.001171
0.001208
0.001348
0.001400
0.001219
0.000909
0.000445
0.000254
0.000335
0.000436
0.000521
0.000559
0.000620
0.000647
0.000608
0.000521
0.000362
0.000416
0.000399
0.000397
0.000413
0.000417
0.000343
0.000482
0.000510
0.000506
0.000485
0.000402
0.000464
0.000465
0.000435
0.000395
0.000301
0.000347
0.000436
0.000613
0.000596
0.000660
0.000345
0.000597
0.000589
0.000497
0.000514
0.000399
0.000330
0.000345
0.000272
0.000315
0.000330
0.000427
0.000389
0.000408
0.000411
0.000389
0.000458
0.000464
0.000427
0.000606
-0.001570
-0.003376
-0.009948
-0.015404
-0.018849
-0.014030
-0.016536
-0.017226
-0.016420
-0.028500
0.001481
0.000640
0.001109
0.001220
0.001158
0.001165
0.001213
0.001301
0.001142
0.001020
0.001036
0.000423
0.000115
0.000296
0.000439
0.000498
0.000486
0.000600
0.000649
0.000636
0.000522
0.000411
0.000334
0.000430
0.000401
0.000412
0.000462
0.000469
0.000497
0.000498
0.000459
0.000493
0.000366
0.000356
0.000411
0.000400
0.000475
0.000446
0.000377
0.000426
0.000711
0.000690
0.000620
-0.001100
0.000616
0.000501
0.000516
0.000414
0.000391
0.000314
0.000316
0.000384
0.000327
0.000402
0.000385
0.000416
0.000344
0.000355
-0.000517
-0.000071
-0.003608
-0.000254
0.001233
0.000913
0.000734
0.000208
-0.000008
-0.000992
-0.000484
0.001933
-0.006981
-0.010323
-0.000745
0.001180
0.001192
0.001262
0.001259
0.001170
0.001290
0.001415
0.001335
0.001404
0.001248
0.001030
0.000644
0.000417
0.000481
0.000505
0.000527
0.000503
0.000489
0.000639
0.000594
0.000513
0.000369
0.000433
0.000425
0.000384
0.000444
0.000396
0.000506
0.000477
0.000509
0.000492
0.000451
0.000307
0.000326
0.000365
0.000452
0.000571
0.000545
0.000503
0.000571
0.000635
0.000711
0.000624
0.000654
0.000614
0.000561
0.000490
0.000421
0.000410
0.000366
0.000344
0.000396
0.000422
0.000352
0.000320
0.000300
0.000309
-0.000486
-0.005390
-0.000947
0.001355
0.001393
0.001044
0.000922
0.001014
0.000846
0.000662
0.000700
0.000852
0.001921
-0.002392
0.005696
0.009455
0.002266
-0.000097
0.001413
0.001831
0.000077
0.003513
0.006256
0.003076
0.002044
0.001285
0.001085
0.000714
0.000554
0.000529
0.000521
0.000496
0.000490
0.000493
0.000537
0.000501
0.000469
0.000437
0.000421
0.000431
0.000453
0.000401
0.000458
0.000447
0.000342
0.000449
0.000502
0.000522
0.000381
0.000306
0.000426
0.000533
0.000639
0.000568
0.000643
0.000624
0.000582
0.000674
0.000672
0.000709
0.000607
0.000600
0.000439
0.000383
0.000348
0.000390
0.000362
0.000390
0.000306
0.000310
0.000325
0.000252
-0.000357
-0.003149
-0.000557
-0.001697
0.003404
0.001239
0.001026
0.000891
0.001218
0.001176
0.000777
0.001008
0.000664
-0.001167
-0.001242
0.003159
0.011789
0.013130
0.010452
0.013191
0.016499
0.016315
0.016517
0.020852
0.018718
0.012418
0.003519
0.003753
0.001529
0.000561
0.000601
0.000538
0.000510
0.000483
0.000425
0.000550
0.000524
0.000475
0.000503
0.000459
0.000439
0.000498
0.000441
0.000487
0.000401
0.000330
0.000501
0.000555
0.000549
0.000561
0.000473
0.000447
0.000540
0.000510
0.000556
0.000619
0.000608
0.000648
0.000700
0.000753
0.000712
0.000617
0.000525
0.000399
0.000302
0.000331
0.000351
0.000334
0.000311
0.000291
0.000295
0.000273
0.000571
-0.000747
-0.007266
0.004109
0.001177
0.001359
0.000965
0.001001
0.001042
0.001321
0.001317
0.000772
0.000423
-0.003564
-0.006227
-0.002971
-0.000385
0.007812
0.008713
0.004777
0.004498
0.010160
0.011593
0.010086
0.014237
0.019078
0.021019
0.012981
0.005555
0.002735
0.000160
0.000719
0.000525
0.000539
0.000517
0.000529
0.000594
0.000590
0.000536
0.000537
0.000559
0.000536
0.000547
0.000513
0.000464
0.000519
0.000541
0.000536
0.000632
0.000666
0.000720
0.000709
0.000439
0.000527
0.000599
0.000558
0.000661
0.000677
0.000688
0.000835
0.000836
-0.000596
0.000569
0.000522
0.000409
0.000337
0.000313
0.000351
0.000358
0.000301
0.000334
0.000242
0.000301
0.000124
-0.000835
-0.012704
-0.003736
0.000996
0.000537
0.001006
0.001196
0.001270
0.001525
0.000898
-0.003401
-0.005331
-0.007711
-0.006388
-0.005114
-0.001734
-0.000519
-0.003913
0.000511
0.000764
0.004452
0.003771
0.003425
0.004863
0.008588
0.013358
0.008078
0.004305
0.002490
0.003023
0.003556
0.000611
0.000574
0.000545
0.000512
0.000539
0.000624
0.000680
0.000639
0.000582
0.000580
0.000585
0.000567
0.000484
0.000604
0.000647
0.000721
0.000811
0.000727
0.000670
0.000671
0.000521
0.000605
0.000599
0.000651
0.000819
0.000781
0.000881
0.000843
0.000796
0.000766
0.000532
0.000434
0.000361
0.000340
0.000323
0.000335
0.000342
0.000309
0.000295
0.000264
0.000181
0.000171
-0.001095
-0.015424
-0.012955
0.003211
0.000903
0.000816
0.001135
0.001351
0.001085
-0.002529
-0.005806
-0.006292
-0.002924
-0.000622
-0.003618
-0.001360
-0.002287
-0.005953
-0.001667
-0.000827
0.000174
0.001000
0.001307
0.002333
0.002775
0.003828
0.002976
0.003546
0.002342
0.001053
0.002828
-0.001306
0.000188
0.000509
0.000479
0.000596
0.000668
0.000737
0.000584
0.000646
0.000655
0.000570
0.000623
0.000564
0.000653
0.000720
0.000777
0.000788
0.000687
0.000715
0.000743
0.000518
0.000688
0.000802
0.000848
0.000877
0.000913
0.000816
0.000736
0.000691
0.000715
0.000523
0.000297
0.000279
0.000371
0.000262
0.000287
0.000296
0.000296
0.000280
0.000219
0.000195
0.000216
0.000038
-0.003122
-0.011945
0.016642
0.003151
0.001286
0.000960
0.001028
0.005564
0.008231
0.007064
0.006528
0.005206
0.003908
0.000303
-0.000165
0.000623
-0.000902
0.000388
0.000349
0.000168
0.000302
0.001029
0.001515
0.001728
0.001547
0.001390
0.002091
0.002360
-0.000174
-0.000097
-0.002953
-0.004574
-0.004345
0.000281
0.000482
0.000439
0.000739
0.000547
0.000541
0.000578
0.000563
0.000599
0.000615
0.000718
0.000832
0.000899
0.000763
0.000788
0.000796
0.000892
0.000764
0.000751
0.000877
0.000876
0.000891
0.000773
0.000730
0.000687
0.000750
0.000764
0.000502
0.000406
0.000313
0.000397
0.000242
0.000190
0.000257
0.000293
0.000226
0.000211
0.000155
0.000182
0.000153
-0.000743
-0.009329
0.003240
0.006460
0.001456
0.005010
0.011985
0.018651
0.021827
0.025536
0.018090
0.013878
0.011322
0.003889
0.000562
0.001772
0.001674
0.001328
0.000844
0.000904
0.000433
0.001016
0.001167
0.001304
0.001089
0.000874
0.001198
0.000632
-0.001033
-0.002254
-0.003886
-0.006463
-0.006157
-0.003597
0.000584
0.000509
0.000665
0.000689
0.000681
0.000661
0.000673
0.000692
0.000649
0.000771
0.000790
0.000825
0.000785
0.000776
0.000933
0.000989
0.000911
0.000700
0.000753
0.000875
0.000863
0.000869
0.000728
0.000698
0.000692
0.000792
0.000385
0.000333
0.000350
0.000247
0.000209
0.000178
0.000234
0.000219
0.000206
0.000168
0.000155
0.000132
0.000140
-0.000138
-0.010984
0.002055
0.001945
0.004754
0.008811
0.020926
0.027362
0.027773
0.030737
0.031062
0.025268
0.016182
0.006961
0.000530
0.001035
0.001994
0.001916
0.000386
0.000423
0.000008
0.001202
-0.000331
-0.000912
-0.000286
0.000108
-0.000056
-0.000561
-0.001966
-0.003091
-0.004764
-0.005596
-0.005854
-0.007045
-0.004683
0.000538
0.000712
0.000776
0.000525
0.000752
0.000724
0.000692
0.000822
0.000784
0.000834
0.000871
0.000937
0.000892
0.000885
0.000978
0.000811
0.000612
0.000850
0.000947
0.001055
0.000987
0.000917
0.000699
0.000679
0.000826
0.000461
0.000453
0.000328
0.000196
0.000186
0.000180
0.000128
0.000179
0.000153
0.000116
0.000089
0.000055
0.000063
0.000096
0.000365
0.000089
0.000146
-0.000036
0.000017
0.002500
0.007099
0.012117
0.015372
0.016908
0.018040
0.010202
0.004746
0.000941
0.000728
0.000942
-0.000309
-0.008176
-0.006476
-0.001228
-0.000585
-0.000673
-0.004085
-0.004101
-0.004278
-0.006881
-0.006949
-0.010426
-0.006898
-0.007025
-0.004329
-0.007992
-0.010656
-0.007007
-0.005053
0.000608
0.000569
0.000717
0.000771
0.000745
0.000774
0.000877
0.000888
0.000983
0.001009
0.000968
0.000927
0.000928
0.001006
0.000903
0.000770
0.000912
0.000952
0.000928
0.000958
0.000792
0.000664
0.000662
0.000835
0.000462
0.000436
0.000366
0.000258
0.000162
0.000154
0.000164
0.000149
0.000146
0.000088
0.000060
0.000019
0.000001
0.000019
0.000025
0.000035
0.000031
0.000149
0.000203
0.000236
-0.000636
-0.001617
0.000529
-0.000850
-0.003150
-0.003807
-0.004066
-0.003999
-0.002244
-0.003113
-0.008256
-0.009861
-0.009385
-0.009279
-0.007935
-0.004828
-0.009370
-0.004784
-0.005860
-0.007279
-0.009202
-0.016354
-0.017350
-0.011250
-0.009318
-0.009122
-0.010008
-0.009187
-0.011011
-0.007545
0.000160
0.000771
0.000909
0.000807
0.000770
0.000952
0.000987
0.001007
0.000864
0.000937
0.000972
0.000927
0.000958
0.000872
0.000938
0.000941
0.000801
0.000842
0.000826
0.000798
0.000764
0.000618
0.000725
0.000503
0.000489
0.000450
0.000323
0.000220
0.000110
0.000139
0.000113
0.000121
0.000086
0.000055
0.000014
0.000001
0.000002
0.000006
0.000011
0.000009
0.000095
0.000160
0.000192
0.000887
0.018651
0.012483
0.005868
-0.001415
-0.003431
-0.004651
-0.004074
-0.003003
-0.003716
-0.008403
-0.010899
-0.009444
-0.010064
-0.009477
-0.008440
-0.006133
-0.012345
-0.009967
-0.005727
-0.009333
-0.013973
-0.018511
-0.019147
-0.011148
-0.007538
-0.008118
-0.009973
-0.011244
-0.009049
-0.009519
0.000830
0.001001
0.000952
0.000874
0.000997
0.000892
0.001015
0.000952
0.001015
0.000987
0.000909
0.000853
0.000931
0.000904
0.000963
0.000897
0.000858
0.000926
0.000762
0.000783
0.000843
0.000711
0.000589
0.000489
0.000501
0.000355
0.000238
0.000155
0.000154
0.000063
0.000086
0.000087
0.000021
-0.000005
0.000000
-0.000014
-0.000017
-0.000033
-0.000042
0.000011
0.000027
0.000145
0.012059
0.025588
0.021176
0.011851
0.004684
-0.001776
-0.004610
-0.003346
-0.003832
-0.003292
-0.010024
-0.012195
-0.009498
-0.009545
-0.008548
-0.007268
-0.008320
-0.006130
-0.004137
-0.012082
-0.013375
-0.008233
-0.016265
-0.020674
-0.019924
-0.012221
-0.008674
-0.010336
-0.007817
-0.008967
-0.011226
-0.007985
0.000761
0.000973
0.000995
0.000884
0.000863
0.000931
0.001017
0.001019
0.000918
0.000885
0.000685
0.000798
0.000964
0.001054
0.000919
0.000884
0.000975
0.000969
0.000672
0.000640
0.000717
0.000516
0.000465
0.000465
0.000369
0.000276
0.000157
0.000092
0.000035
0.000081
0.000071
0.000023
-0.000001
-0.000017
-0.000038
-0.000057
-0.000086
-0.000096
-0.000103
-0.000910
-0.000711
0.003574
0.023611
0.023780
0.016400
0.011764
0.001057
-0.004141
-0.004146
-0.004583
-0.004623
-0.010673
-0.013056
-0.008650
-0.008267
-0.007753
-0.007336
-0.009768
-0.007419
-0.007397
-0.007822
-0.006652
-0.004594
-0.014592
-0.014095
-0.014949
-0.018198
-0.008995
-0.011367
-0.010525
-0.010936
-0.010033
-0.010802
-0.007548
0.000268
0.000532
0.000839
0.000928
0.000799
0.000911
0.000985
0.000955
0.001032
0.000835
0.000714
0.000910
0.000971
0.000904
0.000772
0.000731
0.001014
0.000872
0.000642
0.000564
0.000507
0.000426
0.000375
0.000354
0.000320
0.000183
0.000108
0.000062
0.000058
0.000038
0.000003
-0.000019
-0.000038
-0.000062
-0.000090
-0.000110
-0.000172
-0.000816
-0.000746
-0.000792
-0.000236
0.013244
0.021879
0.015074
0.011441
0.000487
-0.004138
-0.005835
-0.005950
-0.004772
-0.009658
-0.013946
-0.007575
-0.006933
-0.006978
-0.006714
-0.006942
-0.008104
-0.007683
-0.009240
-0.011552
-0.009373
-0.006996
-0.006769
-0.008093
-0.005622
-0.014293
-0.009199
-0.011460
-0.011420
-0.010581
-0.010871
-0.010705
-0.009178
-0.006603
0.000414
0.000764
0.000680
0.000650
0.000807
0.000962
0.000816
0.000855
0.001115
0.001142
0.000990
0.000813
0.000657
0.000736
0.000993
0.000889
0.000644
0.000782
0.000455
0.000437
0.000400
0.000460
0.000295
0.000207
0.000126
0.000073
0.000068
0.000048
0.000005
-0.000032
-0.000047
-0.000124
-0.000158
-0.000140
-0.000801
-0.000979
-0.000958
-0.000855
-0.001530
-0.001277
0.017546
0.016857
0.009404
0.004056
-0.003557
-0.005836
-0.005048
-0.004060
-0.009094
-0.013478
-0.008734
-0.006889
-0.006572
-0.006925
-0.007555
-0.010175
-0.009618
-0.010300
-0.011728
-0.011056
-0.009219
-0.008022
-0.006339
-0.004378
-0.006042
-0.007026
-0.012968
-0.012095
-0.011542
-0.011219
-0.010386
-0.009363
-0.009468
-0.005364
0.000350
0.000769
0.000841
0.000906
0.000870
0.000774
0.000971
0.001070
0.001079
0.001089
0.000469
0.000512
0.000802
0.001055
0.001130
0.000886
0.000730
0.000423
0.000494
0.000359
0.000453
0.000448
0.000494
0.000513
0.000528
0.000728
-0.000003
-0.000032
-0.000044
-0.000055
-0.000638
-0.000643
-0.000662
-0.000812
-0.000852
-0.000773
-0.000804
-0.000900
-0.001246
0.009959
0.017331
0.012460
0.007646
-0.001925
-0.004230
-0.004206
-0.003100
-0.006999
-0.013084
-0.011389
-0.009847
-0.008256
-0.010327
-0.010260
-0.009992
-0.010704
-0.011014
-0.012564
-0.011875
-0.010699
-0.006434
-0.003561
-0.003958
-0.003325
-0.005143
-0.009553
-0.012428
-0.012911
-0.010629
-0.008553
-0.008114
-0.008707
-0.008364
-0.006498
-0.004289
0.000425
0.000725
0.000849
0.000893
0.001044
0.001065
0.001021
0.000870
0.000805
0.000277
0.000557
0.001081
0.001281
0.001242
0.001134
0.000461
0.000541
0.000397
0.000431
0.000569
0.000585
0.000471
0.000389
0.000464
0.000526
0.000589
0.000549
-0.000112
-0.000637
-0.000686
-0.000699
-0.000647
-0.000744
-0.000871
-0.000709
-0.000826
0.000628
0.000662
0.001582
0.002187
0.001456
0.001403
0.002911
0.002894
-0.002468
-0.006411
-0.011575
-0.013660
-0.009646
-0.009825
-0.010963
-0.009723
-0.010764
-0.010438
-0.010330
-0.011383
-0.011281
-0.010171
-0.006832
-0.003921
-0.003347
-0.002935
-0.002345
-0.005695
-0.012113
-0.012741
-0.009789
-0.008201
-0.005250
-0.004922
-0.004695
-0.005396
-0.006360
-0.004224
-0.002275
0.000818
0.001270
0.001057
0.000873
0.001151
0.001022
0.000734
0.000542
0.000687
0.001231
0.001476
0.001378
0.001453
0.000469
0.000625
0.000485
0.000449
0.000531
0.000555
0.000487
0.000304
0.000393
0.000444
0.000513
0.000566
0.000589
0.000630
0.000587
-0.000362
0.000412
0.000574
0.000444
0.000428
0.000431
0.000548
0.000443
0.000623
0.000579
0.000585
0.000622
0.001386
0.004188
0.001315
-0.000027
-0.007012
-0.010705
-0.006860
-0.007532
-0.007972
-0.008526
-0.010768
-0.010772
-0.010153
-0.010142
-0.010834
-0.009344
-0.008026
-0.004807
-0.003448
-0.003631
-0.003352
-0.004188
-0.007168
-0.010948
-0.006851
-0.001939
-0.000529
0.000509
-0.001455
-0.001161
-0.000289
0.002200
0.004755
0.010112
0.009606
0.003839
0.001084
0.001020
0.000934
0.000990
0.000934
0.000783
0.001234
0.001432
0.001551
0.001315
0.000336
0.000548
0.000525
0.000397
0.000394
0.000503
0.000527
0.000454
0.000526
0.000475
0.000616
0.000584
0.000499
0.000553
0.000485
0.000351
0.000431
0.000475
0.000364
0.000362
0.000494
0.000471
0.000434
0.000551
0.000536
0.000529
0.000457
0.000617
0.002127
0.002486
0.000309
-0.001509
0.000343
0.004322
-0.000033
-0.000863
0.000129
-0.004808
-0.006870
-0.008601
-0.009496
-0.009574
-0.008509
-0.008454
-0.005068
-0.003393
-0.003904
-0.004161
-0.005426
-0.005296
-0.007823
-0.003882
0.002599
0.005120
0.003953
0.004613
0.006905
0.007636
0.005758
0.000949
0.001438
0.002156
0.002123
0.001296
0.001134
0.001182
0.001365
0.001319
0.001126
0.001365
0.001436
0.001432
0.000982
0.000391
0.000576
0.000613
0.000453
0.000386
0.000512
0.000540
0.000384
0.000317
0.000303
0.000526
0.000540
0.000650
0.000659
0.000539
0.000400
0.000371
0.000390
0.000431
0.000447
0.000457
0.000507
0.000423
0.000393
0.000518
0.000544
0.000444
0.000408
0.001677
0.002254
0.000521
0.000112
0.000459
0.000906
0.000403
0.000544
0.000670
0.000597
0.000383
0.000271
0.000332
0.000393
0.000204
0.000616
-0.005472
-0.004736
-0.005122
-0.004408
-0.005643
-0.007072
-0.006160
-0.001468
0.005167
0.002756
0.004224
0.004806
0.003699
0.001619
0.002062
0.001691
0.001604
0.001950
0.001914
0.001577
0.001469
0.001469
0.001688
0.001675
0.001282
0.001167
0.001282
0.001126
0.000844
0.000454
0.000573
0.000645
0.000533
0.000376
0.000439
0.000600
0.000460
0.000285
0.000377
0.000495
0.000566
0.000633
0.000643
0.000543
0.000447
0.000409
0.000376
0.000482
0.000535
0.000436
0.000506
0.000488
0.000383
0.000529
0.000586
0.000548
0.000432
0.001020
0.001801
0.000807
0.000670
-0.000287
-0.000413
0.000523
0.000738
0.000888
0.000710
0.000564
0.000681
0.000683
0.000812
0.000869
0.000986
0.001478
-0.006388
-0.007255
-0.007306
-0.006969
-0.007911
-0.008272
0.003776
-0.000895
-0.004142
-0.003511
0.001024
0.002347
0.002300
0.001811
0.001792
0.001600
0.001715
0.001712
0.001446
0.001317
0.001522
0.002032
0.001613
0.001232
0.001106
0.001237
0.001066
0.000692
0.000519
0.000525
0.000595
0.000514
0.000352
0.000387
0.000430
0.000550
0.000426
0.000507
0.000577
0.000655
0.000640
0.000599
0.000496
0.000599
0.000592
0.000459
0.000544
0.000553
0.000532
0.000555
0.000541
0.000470
0.000546
0.000613
0.000560
0.000465
0.000221
0.001608
0.001137
-0.000056
0.000303
0.000641
0.000768
0.001022
0.000864
0.000610
0.000257
0.000478
0.000539
0.000880
0.000939
0.000938
0.000885
0.002666
-0.007315
-0.007217
-0.007703
-0.007515
-0.010133
-0.006212
-0.005088
0.000011
0.002130
0.002316
0.002186
0.002175
0.002147
0.001842
0.001651
0.001407
0.001624
0.000930
0.001385
0.001693
0.001592
0.001536
0.001360
0.001275
0.001092
0.001004
0.000884
0.000594
0.000607
0.000570
0.000561
0.000437
0.000428
0.000477
0.000527
0.000609
0.000626
0.000598
0.000628
0.000701
0.000651
0.000497
0.000647
0.000698
0.000629
0.000694
0.000624
0.000531
0.000480
0.000514
0.000494
0.000530
0.000651
0.000683
0.000655
0.000456
0.000291
0.000473
0.000695
0.000767
0.000807
0.000952
0.000914
0.000782
0.000573
0.000202
0.000417
0.000593
0.000905
0.000997
0.000923
0.000954
0.000859
0.001733
-0.004274
-0.006018
-0.004608
-0.007264
0.001565
-0.009957
-0.000909
0.001908
0.002057
0.001770
0.001977
0.001867
0.001489
0.001614
0.000936
0.000990
0.001276
0.001251
0.001550
0.001733
0.001585
0.001546
0.001282
0.000917
0.001083
0.000918
0.000600
0.000624
0.000653
0.000638
0.000536
0.000403
0.000449
0.000578
0.000657
0.000667
0.000606
0.000628
0.000764
0.000787
0.000644
0.000633
0.000675
0.000657
0.000595
0.000576
0.000555
0.000480
0.000474
0.000582
0.000632
0.000747
0.000727
0.000775
0.000771
0.000734
0.000713
0.000756
0.000768
0.000832
0.000928
0.000873
0.000813
0.000440
0.000354
0.000575
0.000777
0.000754
0.000879
0.000917
0.000996
0.001063
0.001088
0.001146
0.000685
0.002566
-0.000547
0.002429
-0.006258
0.001440
0.001994
0.002104
0.001484
0.001500
0.001726
0.001834
0.001744
0.001040
0.000912
0.001230
0.001016
0.001438
0.001780
0.001734
0.001707
0.001660
0.001316
0.000854
0.000745
0.000622
0.000578
0.000665
0.000597
0.000558
0.000466
0.000466
0.000579
0.000631
0.000706
0.000522
0.000534
0.000730
0.000821
0.000716
0.000604
0.000616
0.000594
0.000494
0.000469
0.000474
0.000487
0.000475
0.000599
0.000632
0.000719
0.000843
0.000803
0.000875
0.000810
0.000819
0.000818
0.000807
0.000767
0.000652
0.000843
0.000649
0.000634
0.000559
0.000721
0.000688
0.000594
0.000778
0.000970
0.001178
0.001125
0.001097
0.001402
0.001788
0.002177
0.002497
0.002679
-0.000323
0.001806
0.001947
0.001918
0.001439
0.001548
0.002074
0.002092
0.001880
0.001359
0.000909
0.001203
0.001258
0.001643
0.001801
0.001799
0.001834
0.001784
0.001361
0.001114
0.000991
0.000539
0.000479
0.000605
0.000635
0.000595
0.000490
0.000523
0.000578
0.000667
0.000699
0.000553
0.000380
0.000505
0.000680
0.000443
0.000526
0.000565
0.000586
0.000544
0.000462
0.000354
0.000460
0.000542
0.000598
0.000597
0.000780
0.000889
0.000864
0.000792
0.000884
0.000852
0.000895
0.001024
0.000895
0.000870
0.000857
0.000817
0.000988
0.000664
0.000578
0.000439
0.000561
0.000925
0.001014
0.001016
0.001114
0.001452
0.001551
0.001979
0.001815
0.002052
0.002008
0.002248
0.002209
0.002010
0.002026
0.001833
0.001628
0.002109
0.002323
0.001854
0.001555
0.001062
0.001529
0.001591
0.001857
0.001690
0.001724
0.001747
0.001932
0.001467
0.001452
0.001238
0.000580
0.000473
0.000544
0.000596
0.000600
0.000365
0.000407
0.000439
0.000506
0.000591
0.000541
0.000550
0.000563
0.000615
0.000491
0.000421
0.000515
0.000621
0.000623
0.000475
0.000462
0.000474
0.000580
0.000686
0.000600
0.000617
0.000814
0.000833
0.000795
0.000797
0.000949
0.000981
0.001013
0.000948
0.000985
0.000921
0.000849
0.000758
0.000410
0.000223
0.000520
0.000724
0.000926
0.000986
0.000838
0.000983
0.001244
0.001539
0.001919
0.002003
0.002313
0.002348
0.002246
0.002086
0.002131
0.002098
0.001947
0.001817
0.001934
0.002169
0.001545
0.001470
0.000997
0.001014
0.001711
0.001785
0.001556
0.001424
0.001728
0.001875
0.001800
0.001287
0.001319
0.000634
0.000534
0.000573
0.000677
0.000625
0.000392
0.000319
0.000429
0.000505
0.000700
0.000690
0.000637
0.000590
0.000593
0.000529
0.000403
0.000425
0.000545
0.000633
0.000540
0.000445
0.000587
0.000741
0.000828
0.000799
0.000798
0.000819
0.000886
0.000855
0.000836
0.000884
0.000975
0.000998
0.000926
0.000990
0.000882
0.000810
0.000627
0.000142
0.000210
0.000166
0.000340
0.000584
0.000910
0.000834
0.000652
0.000788
0.001831
0.002145
0.002414
0.002318
0.002397
0.002230
0.002353
0.002069
0.001911
0.001953
0.001640
0.001581
0.001891
0.001876
0.001753
0.000978
0.001084
0.001369
0.001779
0.001630
0.001412
0.001720
0.002008
0.001660
0.001184
0.000632
