0.000403
0.000395
0.000423
0.000632
0.000387
0.000382
0.000350
0.000438
0.000284
0.000239
0.000294
-0.000603
0.000260
0.000248
0.000203
0.000140
0.000151
0.000166
0.000169
0.000126
0.000134
0.000148
0.000183
0.000166
0.000157
0.000147
0.000142
0.000157
0.000159
0.000159
0.000153
0.000180
0.000203
0.000207
0.000200
0.000178
0.000152
0.000152
0.000167
0.000192
0.000208
0.000228
0.000235
0.000244
0.000245
0.000221
0.000178
0.000181
0.000182
0.000173
0.000191
0.000166
0.000173
0.000167
0.000180
0.000180
0.000163
0.000157
0.000174
0.000218
0.000206
0.000215
0.000202
0.000206
0.000199
0.000188
-0.001158
0.000188
0.000226
0.000217
0.000061
0.000190
0.000195
0.000181
0.000116
0.000154
0.000176
0.000198
0.000233
0.000242
0.000253
0.000191
0.000188
0.000216
0.000203
0.000163
0.000148
0.000140
0.000159
0.000175
0.000182
0.000197
0.000186
0.000169
0.000141
0.000142
0.000176
0.000175
0.000201
0.000187
0.000153
0.000169
0.000152
0.000158
0.000162
0.000191
0.000199
0.000191
0.000184
0.000163
0.000150
0.000161
0.000211
0.000223
0.000255
0.000278
0.000256
0.000252
0.000259
0.000213
0.000178
0.000189
0.000173
0.000210
0.000176
0.000171
0.000187
0.000156
0.000163
0.000166
0.000148
0.000165
0.000192
0.000193
0.000185
0.000178
0.000172
0.000154
0.000164
0.000171
0.000170
0.000165
0.000154
0.000095
0.000115
0.000186
0.000174
0.000158
0.000150
0.000135
0.000127
0.000180
0.000217
0.000202
0.000209
0.000215
0.000197
0.000227
0.000186
0.000138
0.000148
0.000130
0.000179
0.000184
0.000177
0.000173
0.000155
0.000155
0.000132
0.000155
0.000171
0.000188
0.000185
0.000158
0.000175
0.000172
0.000152
0.000133
0.000156
0.000190
0.000152
0.000140
0.000167
0.000157
0.000173
0.000201
0.000254
0.000263
0.000287
0.000272
0.000271
0.000259
0.000234
0.000209
0.000235
0.000203
0.000218
0.000181
0.000174
0.000175
0.000158
0.000152
0.000163
0.000145
0.000151
0.000174
0.000173
0.000151
0.000134
0.000172
0.000164
0.000159
0.000162
0.000161
0.000159
0.000136
0.000115
0.000101
0.000191
0.000226
0.000215
0.000200
0.000135
0.000094
0.000218
0.000266
0.000228
0.000239
0.000217
0.000186
0.000187
0.000172
0.000180
0.000185
0.000172
0.000197
0.000173
0.000161
0.000152
0.000148
0.000174
0.000150
0.000154
0.000139
0.000167
0.000176
0.000135
0.000127
0.000158
0.000148
0.000143
0.000135
0.000146
0.000154
0.000167
0.000190
0.000140
0.000134
0.000189
0.000242
0.000245
0.000270
0.000214
0.000270
0.000262
0.000242
0.000194
0.000208
0.000192
0.000245
0.000180
0.000177
0.000177
0.000172
0.000156
0.000165
0.000165
0.000172
0.000127
0.000171
0.000126
0.000135
0.000182
0.000175
0.000139
0.000150
0.000157
0.000160
0.000135
0.000127
0.000117
0.000171
0.000203
0.000194
0.000242
0.000204
0.000182
0.000200
0.000224
0.000264
0.000260
0.000215
0.000227
0.000194
0.000197
0.000206
0.000197
0.000203
0.000178
0.000187
0.000174
0.000142
0.000157
0.000177
0.000140
0.000127
0.000115
0.000135
0.000138
0.000125
0.000147
0.000170
0.000167
0.000134
0.000139
0.000193
0.000169
0.000194
0.000201
0.000182
0.000158
0.000154
0.000164
0.000166
0.000230
0.000178
0.000235
0.000253
0.000245
0.000232
0.000231
0.000197
0.000211
0.000197
0.000169
0.000169
0.000190
0.000172
0.000172
0.000134
0.000138
0.000132
0.000141
0.000122
0.000181
0.000189
0.000184
0.000189
0.000126
0.000154
0.000138
0.000141
0.000156
0.000137
-0.002169
0.000206
0.000181
0.000226
0.000216
0.000178
0.000186
0.000195
0.000228
0.000276
0.000207
0.000166
0.000148
0.000209
0.000200
0.000209
0.000208
0.000186
0.000198
0.000206
0.000168
0.000167
0.000181
0.000162
0.000139
0.000123
0.000127
0.000132
0.000140
0.000168
0.000187
0.000175
0.000131
0.000129
0.000163
0.000149
0.000191
0.000198
0.000189
0.000135
0.000134
0.000117
0.000163
0.000215
0.000202
0.000229
0.000252
0.000254
0.000224
0.000195
0.000198
0.000212
0.000209
0.000169
0.000182
0.000154
0.000175
0.000137
0.000198
0.000183
0.000172
0.000160
0.000158
0.000145
0.000189
0.000181
0.000148
0.000144
0.000132
0.000146
0.000128
0.000178
0.000121
0.000218
0.000211
0.000219
0.000225
0.000197
0.000172
0.000192
0.000216
0.000186
0.000229
0.000213
0.000150
0.000143
0.000186
0.000190
0.000224
0.000230
0.000198
0.000195
0.000205
0.000172
0.000172
0.000182
0.000192
0.000171
0.000171
0.000163
0.000165
0.000147
0.000174
0.000176
0.000142
0.000128
0.000146
0.000158
0.000173
0.000186
0.000193
0.000171
0.000152
0.000131
0.000149
0.000147
0.000160
0.000199
0.000252
0.000236
0.000220
0.000222
0.000198
0.000207
0.000199
0.000204
0.000164
0.000135
0.000165
0.000139
0.000162
0.000206
0.000232
0.000221
0.000173
0.000147
0.000116
0.000128
0.000208
0.000175
0.000150
0.000119
0.000141
0.000152
0.000185
0.000124
0.000197
0.000196
0.000188
0.000209
0.000191
0.000189
0.000190
0.000201
0.000209
0.000220
0.000184
0.000159
0.000208
0.000153
0.000196
0.000213
0.000199
0.000206
0.000211
0.000190
0.000182
0.000190
0.000192
0.000217
0.000212
0.000218
0.000209
0.000164
0.000175
0.000177
0.000190
0.000153
0.000186
0.000170
0.000159
0.000182
0.000183
0.000178
0.000172
0.000129
0.000131
0.000138
0.000139
0.000137
0.000158
0.000197
0.000252
0.000244
0.000255
0.000257
0.000217
0.000197
0.000209
0.000172
0.000118
0.000108
0.000126
0.000133
0.000170
0.000216
0.000195
0.000179
0.000123
0.000108
0.000103
0.000191
0.000135
0.000118
0.000107
0.000155
0.000173
0.000173
0.000114
0.000131
0.000196
0.000192
0.000182
0.000187
0.000221
0.000185
0.000158
0.000211
0.000210
0.000216
0.000179
0.000194
0.000164
0.000197
0.000204
0.000172
0.000203
0.000218
0.000211
0.000193
0.000206
0.000219
0.000232
0.000175
0.000195
0.000198
0.000178
0.000135
0.000163
0.000185
0.000182
0.000169
0.000170
0.000166
0.000173
0.000193
0.000194
0.000192
0.000170
0.000132
0.000132
0.000129
0.000126
0.000164
0.000212
0.000217
0.000256
0.000259
0.000287
0.000215
0.000178
0.000165
0.000149
0.000099
0.000106
0.000151
0.000146
0.000163
0.000186
0.000185
0.000173
0.000143
0.000134
0.000130
0.000163
0.000135
0.000120
0.000112
0.000158
0.000157
0.000159
0.000112
0.001326
0.000202
0.000198
0.000208
0.000202
0.000212
0.000216
0.000196
0.000198
0.000179
0.000206
0.000207
0.000184
0.000185
0.000211
0.000191
0.000187
0.000204
0.000193
0.000179
0.000188
0.000209
0.000220
0.000225
0.000224
0.000220
0.000206
0.000165
0.000174
0.000164
0.000156
0.000172
0.000151
0.000166
0.000178
0.000173
0.000173
0.000184
0.000184
0.000177
0.000139
0.000118
0.000110
0.000094
0.000138
0.000212
0.000254
0.000274
0.000216
0.000205
0.000157
0.000159
0.000164
0.000156
0.000131
0.000148
0.000152
0.000212
0.000170
0.000191
0.000183
0.000196
0.000177
0.000133
0.000138
0.000172
0.000110
0.000131
0.000156
0.000155
0.000149
0.000157
0.000151
0.000141
0.000196
0.000173
0.000229
0.000178
0.000167
0.000240
0.000209
0.000185
0.000162
0.000197
0.000201
0.000201
0.000184
0.000205
0.000214
0.000174
0.000195
0.000208
0.000201
0.000202
0.000189
0.000187
0.000231
0.000239
0.000236
0.000212
0.000181
0.000195
0.000173
0.000151
0.000176
0.000168
0.000184
0.000192
0.000174
0.000172
0.000180
0.000177
0.000173
0.000127
0.000074
0.000088
0.000083
0.000099
0.000203
0.000264
0.000303
0.000272
0.000258
0.000215
0.000151
0.000163
0.000162
0.000156
0.000185
0.000184
0.000181
0.000179
0.000211
0.000202
0.000213
0.000202
0.000144
0.000147
0.000129
0.000123
0.000157
0.000173
0.000168
0.000143
0.000167
0.000226
0.000180
0.000196
0.000175
0.000229
0.000164
0.000160
0.000231
0.000185
0.000196
0.000192
0.000170
0.000170
0.000167
0.000157
0.000193
0.000197
0.000177
0.000176
0.000210
0.000188
0.000178
0.000242
0.000228
0.000214
0.000230
0.000210
0.000200
0.000199
0.000200
0.000187
0.000162
0.000177
0.000166
0.000186
0.000190
0.000175
0.000165
0.000181
0.000183
0.000170
0.000118
0.000041
0.000043
0.000059
0.000085
0.000163
0.000270
0.000303
0.000275
0.000258
0.000200
0.000134
0.000152
0.000187
0.000201
0.000197
0.000197
0.000187
0.000159
0.000173
0.000213
0.000213
0.000203
0.000137
0.000145
0.000163
0.000183
0.000156
0.000161
0.000171
0.000157
0.000180
0.000222
0.000195
0.000178
0.000226
0.000196
0.000160
0.000185
0.000227
0.000209
0.000202
0.000185
0.000171
0.000160
0.000159
0.000183
0.000158
0.000147
0.000184
0.000191
0.000196
0.000220
0.000217
0.000228
0.000232
0.000223
0.000217
0.000213
0.000180
0.000206
0.000204
0.000203
0.000186
0.000178
0.000205
0.000206
0.000195
0.000186
0.000183
0.000176
0.000164
0.000150
0.000117
0.000020
-0.000012
0.000005
0.000060
0.000115
0.000258
0.000286
0.000269
0.000228
0.000170
0.000145
0.000159
0.000186
0.000214
0.000223
0.000200
0.000181
0.000164
0.000182
0.000222
0.000196
0.000214
0.000179
0.000163
0.000182
0.000211
0.000204
0.000197
0.000158
0.000165
0.000169
0.000189
0.000725
0.000162
0.000185
0.000196
0.000227
0.000213
0.000194
0.000201
0.000193
0.000179
0.000148
0.000147
0.000179
0.000166
0.000162
0.000173
0.000181
0.000185
0.000190
0.000213
0.000211
0.000222
0.000227
-0.000289
-0.001025
-0.000917
-0.000365
-0.000055
0.000127
0.000192
0.000195
0.000186
0.000204
0.000203
0.000199
0.000189
0.000185
0.000177
0.000157
0.000128
0.000075
-0.000027
-0.000072
-0.000043
0.000021
0.000137
0.000228
0.000284
0.000276
0.000251
0.000194
0.000182
0.000209
0.000181
0.000212
0.000212
0.000263
0.000236
0.000213
0.000147
0.000204
0.000222
0.000203
0.000209
0.000195
0.000214
0.000245
0.000204
0.000213
0.000165
0.000150
0.000173
0.000220
0.000128
0.000216
0.000187
0.000192
0.000226
0.000194
0.000155
0.000190
0.000194
0.000168
0.000150
0.000147
0.000165
0.000150
0.000157
0.000140
0.000156
0.000166
0.000175
0.000187
0.000189
0.000217
-0.000586
-0.004929
-0.009983
-0.012074
-0.015167
-0.010134
-0.006546
-0.000301
0.000154
0.000188
0.000197
0.000192
0.000182
0.000194
0.000186
0.000176
0.000156
0.000090
0.000017
-0.000072
-0.000150
-0.000079
0.000012
0.000148
0.000229
0.000274
0.000285
0.000303
0.000245
0.000205
0.000227
0.000238
0.000219
0.000233
0.000278
0.000220
0.000309
0.000291
0.000268
0.000237
0.000231
0.000240
0.000227
0.000246
0.000229
0.000242
0.000241
0.000244
0.000188
0.000210
0.000254
0.000139
0.000198
0.000174
0.000209
0.000221
0.000149
0.000153
0.000178
0.000173
0.000158
0.000146
0.000145
0.000174
0.000150
0.000165
0.000160
0.000153
0.000171
0.000175
0.000197
0.000196
-0.000290
-0.005385
-0.001130
-0.005408
-0.006564
-0.010767
-0.018410
-0.014270
-0.011245
-0.004218
-0.000188
0.000188
0.000185
0.000183
0.000172
0.000169
0.000179
0.000164
0.000092
-0.000024
-0.000188
-0.000229
-0.000120
0.000003
0.000138
0.000230
0.000276
0.000296
0.000294
0.000262
0.000204
0.000215
0.000238
0.000202
0.000211
0.000239
0.000255
0.000260
0.000291
0.000271
0.000257
0.000248
0.000242
0.000243
0.000230
0.000217
0.000221
0.000211
0.000247
0.000205
0.000247
0.000291
0.000141
0.000192
0.000194
0.000217
0.000173
0.000158
0.000137
0.000151
0.000170
0.000152
0.000145
0.000138
0.000165
0.000166
0.000154
0.000155
0.000169
0.000118
0.000076
0.000143
0.000204
-0.000968
-0.010013
-0.011625
-0.007392
-0.001396
-0.005211
-0.007049
-0.015430
-0.017498
-0.001411
0.000168
0.000171
0.000171
0.000181
0.000174
0.000182
0.000189
0.000186
0.000115
-0.000026
-0.000225
-0.000322
-0.000099
0.000020
0.000126
0.000206
0.000249
0.000283
0.000308
0.000266
0.000210
0.000173
0.000207
0.000207
0.000213
0.000261
0.000265
0.000289
0.000263
0.000256
0.000249
0.000250
0.000234
0.000217
0.000208
0.000242
0.000236
0.000226
0.000202
0.000254
0.000297
0.000307
-0.001100
0.000205
0.000167
0.000199
0.000170
0.000166
0.000157
0.000152
0.000148
0.000160
0.000162
0.000163
0.000135
0.000160
0.000148
-0.000211
-0.000006
-0.000033
-0.000090
0.000543
0.000361
0.000278
0.000067
-0.000045
-0.000318
0.000151
0.002212
-0.001467
-0.003750
-0.002597
0.000148
0.000153
0.000164
0.000159
0.000213
0.000375
0.000427
0.000264
0.000175
0.000151
0.000016
-0.000106
-0.000146
-0.000015
0.000086
0.000146
0.000186
0.000233
0.000276
0.000281
0.000267
0.000195
0.000180
0.000178
0.000221
0.000218
0.000216
0.000283
0.000267
0.000284
0.000273
0.000232
0.000237
0.000229
0.000214
0.000243
0.000283
0.000256
0.000293
0.000309
0.000231
0.000334
0.000284
0.000255
0.000204
0.000188
0.000177
0.000162
0.000150
0.000158
0.000147
0.000139
0.000165
0.000154
0.000129
0.000137
0.000129
-0.000141
-0.004358
0.000105
0.000011
0.000307
0.000225
0.000287
0.000287
0.000264
0.000270
0.000355
0.000455
0.002400
0.000131
0.000409
0.002667
0.000493
0.000183
0.000317
0.000078
0.001092
0.004814
0.005034
0.002419
0.000972
0.000400
0.000096
0.000024
0.000002
0.000066
0.000122
0.000172
0.000189
0.000210
0.000238
0.000254
0.000246
0.000191
0.000178
0.000195
0.000242
0.000229
0.000219
0.000279
0.000284
0.000296
0.000285
0.000284
0.000256
0.000249
0.000249
0.000291
0.000336
0.000346
0.000361
0.000359
0.000309
0.000315
0.000309
0.000362
0.000221
0.000190
0.000139
0.000153
0.000144
0.000166
0.000148
0.000130
0.000159
0.000154
0.000120
0.000108
0.000230
0.000036
-0.000502
0.000288
0.000381
0.000169
0.000171
0.000280
0.000295
0.000309
0.000359
0.000489
0.000354
-0.000847
-0.000057
0.002600
0.001848
0.004639
0.004915
0.004843
0.006745
0.006339
0.010580
0.012321
0.012223
0.010071
0.006756
0.000969
0.000187
0.000165
0.000113
0.000157
0.000190
0.000226
0.000224
0.000256
0.000271
0.000264
0.000209
0.000200
0.000218
0.000227
0.000257
0.000243
0.000242
0.000315
0.000349
0.000279
0.000274
0.000285
0.000253
0.000314
0.000347
0.000330
0.000345
0.000361
0.000305
0.000353
0.000369
0.000346
0.000320
0.000254
0.000191
0.000149
0.000156
0.000140
0.000165
0.000169
0.000148
0.000162
0.000151
0.000127
0.000203
0.000102
0.000998
0.007005
0.000360
0.000257
0.000231
0.000225
0.000271
0.000380
0.000409
0.000443
0.000388
-0.002189
-0.003962
-0.002058
0.002266
0.005996
0.005999
0.008436
0.009232
0.008240
0.006132
0.007984
0.008498
0.013327
0.013429
0.010863
0.005974
0.001610
0.001979
0.000397
0.000163
0.000218
0.000290
0.000267
0.000258
0.000254
0.000244
0.000252
0.000214
0.000198
0.000197
0.000259
0.000259
0.000302
0.000343
0.000323
0.000320
0.000344
0.000349
0.000280
0.000323
0.000353
0.000368
0.000350
0.000306
0.000372
0.000377
0.000404
0.000374
-0.000596
0.000248
0.000156
0.000104
0.000145
0.000160
0.000174
0.000175
0.000163
0.000155
0.000150
0.000152
0.000104
0.000157
0.001232
0.009682
0.001385
0.000300
0.000251
0.000248
0.000325
0.000400
0.000286
-0.000731
-0.000834
-0.002967
-0.003705
-0.003699
-0.000815
0.002960
0.005682
0.008023
0.005691
0.003318
0.001106
0.000557
0.001563
0.004155
0.005296
0.006891
0.006701
0.002875
0.004592
0.003979
0.000356
0.000281
0.000311
0.000287
0.000271
0.000272
0.000271
0.000281
0.000223
0.000236
0.000226
0.000260
0.000296
0.000317
0.000387
0.000307
0.000302
0.000328
0.000332
0.000341
0.000313
0.000371
0.000378
0.000355
0.000357
0.000402
0.000365
0.000314
0.000368
0.000374
0.000241
0.000223
0.000105
0.000148
0.000154
0.000145
0.000145
0.000152
0.000137
0.000161
0.000146
0.000144
0.000147
0.000297
0.001392
0.003214
0.000508
0.000237
0.000321
0.000388
0.000291
0.005573
0.003728
0.002840
0.002242
0.000953
-0.000124
0.000110
0.000338
0.000383
0.000434
0.000406
0.000050
-0.000255
-0.000205
0.000052
0.000576
0.001170
0.002958
0.004612
0.002820
0.003563
0.003849
0.001004
0.001046
0.000972
0.000346
0.000313
0.000237
0.000291
0.000301
0.000287
0.000223
0.000217
0.000263
0.000329
0.000369
0.000433
0.000416
0.000367
0.000335
0.000349
0.000355
0.000385
0.000468
0.000427
0.000401
0.000417
0.000437
0.000395
0.000335
0.000384
0.000374
0.000243
0.000212
0.000159
0.000134
0.000100
0.000159
0.000151
0.000155
0.000132
0.000165
0.000173
0.000157
0.000141
0.000114
0.000877
0.016205
0.002096
0.000305
0.000270
0.000289
0.008453
0.018481
0.017377
0.014079
0.012242
0.007550
0.000963
0.000177
0.000085
0.000191
-0.000354
-0.000381
-0.000244
-0.000398
-0.000795
-0.000285
0.000042
0.000130
0.000476
0.001485
0.000905
0.001273
0.002258
0.003136
0.000887
0.004818
0.001973
0.000382
0.000259
0.000290
0.000296
0.000297
0.000257
0.000228
0.000307
0.000344
0.000386
0.000385
0.000369
0.000379
0.000384
0.000366
0.000423
0.000498
0.000481
0.000460
0.000436
0.000473
0.000471
0.000424
0.000352
0.000348
0.000379
0.000215
0.000192
0.000204
0.000161
0.000096
0.000092
0.000155
0.000162
0.000152
0.000140
0.000169
0.000157
0.000143
0.000112
0.000065
0.003950
0.004261
0.000771
0.002009
0.006633
0.009545
0.017221
0.022576
0.020679
0.020063
0.015067
0.006248
0.000477
-0.000032
0.000042
0.000240
-0.000988
-0.000364
-0.000146
-0.000740
-0.000729
0.000110
-0.000052
-0.000216
0.000246
0.000644
-0.000251
0.000091
0.000866
-0.000145
0.001986
0.007641
0.001937
0.000337
0.000246
0.000230
0.000291
0.000265
0.000293
0.000354
0.000344
0.000401
0.000407
0.000418
0.000387
0.000468
0.000458
0.000453
0.000457
0.000386
0.000424
0.000520
0.000634
0.000547
0.000458
0.000373
0.000452
0.000383
0.000216
0.000181
0.000184
0.000157
0.000124
0.000099
0.000152
0.000174
0.000152
0.000142
0.000162
0.000141
0.000136
0.000099
0.000042
0.001949
0.000460
0.004114
0.003693
0.004232
0.005743
0.007383
0.011356
0.012253
0.019420
0.020316
0.010326
0.000515
-0.000721
-0.000031
-0.000042
-0.001286
-0.001220
-0.000128
-0.000569
-0.001338
-0.001230
-0.001353
-0.001345
-0.001072
-0.001185
-0.003372
-0.002306
-0.001213
-0.000469
-0.001189
0.002631
-0.000016
0.000843
0.000237
0.000249
0.000294
0.000380
0.000317
0.000361
0.000404
0.000429
0.000418
0.000413
0.000489
0.000471
0.000465
0.000433
0.000438
0.000391
0.000589
0.000577
0.000573
0.000535
0.000477
0.000440
0.000467
0.000510
0.000175
0.000169
0.000168
0.000179
0.000164
0.000096
0.000161
0.000148
0.000135
0.000133
0.000136
0.000150
0.000139
0.000118
0.000121
0.000129
0.000072
0.000185
0.000108
-0.000084
0.000239
0.001804
0.002118
0.003339
0.008141
0.011608
0.010456
0.001835
0.001115
0.001460
-0.000645
-0.003342
-0.001977
-0.002052
-0.001183
-0.002018
-0.009254
-0.004287
-0.003794
-0.004946
-0.007274
-0.009288
-0.006664
-0.004343
-0.001881
-0.001057
-0.000183
-0.002745
-0.004681
0.001123
0.000307
0.000333
0.000362
0.000334
0.000419
0.000422
0.000436
0.000485
0.000481
0.000476
0.000487
0.000444
0.000518
0.000504
0.000540
0.000454
0.000545
0.000542
0.000549
0.000438
0.000491
0.000472
0.000499
0.000161
0.000169
0.000166
0.000176
0.000132
0.000150
0.000162
0.000152
0.000164
0.000123
0.000128
0.000136
0.000128
0.000102
0.000090
0.000107
0.000071
0.000074
0.000072
0.000102
0.000146
0.000291
0.000974
-0.000369
-0.002178
-0.002493
-0.002154
-0.003197
-0.002330
-0.000771
-0.001728
-0.004956
-0.004046
-0.002295
-0.001952
-0.001351
-0.012471
-0.007646
-0.003829
-0.005961
-0.008581
-0.015055
-0.014246
-0.011136
-0.004599
-0.001633
-0.004782
-0.007095
-0.006026
-0.006811
0.001083
0.000346
0.000390
0.000407
0.000424
0.000487
0.000472
0.000450
0.000419
0.000462
0.000528
0.000574
0.000548
0.000466
0.000415
0.000487
0.000478
0.000513
0.000477
0.000456
0.000444
0.000462
0.000430
0.000207
0.000152
0.000146
0.000135
0.000128
0.000156
0.000157
0.000104
0.000134
0.000129
0.000133
0.000140
0.000141
0.000123
0.000133
0.000154
0.000096
0.000091
0.000082
0.000113
0.000490
0.012172
0.009642
0.003349
-0.001093
-0.003016
-0.002587
-0.003301
-0.002424
-0.000646
-0.001573
-0.004295
-0.004457
-0.003622
-0.003109
-0.003208
-0.001239
-0.011059
-0.008574
-0.006785
-0.014201
-0.013412
-0.015754
-0.014329
-0.011905
-0.002240
-0.003574
-0.006859
-0.006958
-0.008507
-0.008751
0.000417
0.000399
0.000448
0.000428
0.000463
0.000441
0.000407
0.000431
0.000449
0.000582
0.000566
0.000509
0.000479
0.000522
0.000516
0.000517
0.000595
0.000611
0.000529
0.000605
0.000429
0.000408
0.000241
0.000174
0.000167
0.000135
0.000116
0.000127
0.000159
0.000100
0.000107
0.000128
0.000144
0.000139
0.000148
0.000120
0.000125
0.000150
0.000114
0.000125
0.000141
0.000195
0.006639
0.013576
0.015585
0.007022
0.002391
-0.001688
-0.003344
-0.004263
-0.003486
-0.001461
-0.000883
-0.005917
-0.004937
-0.003483
-0.003020
-0.003130
-0.004131
-0.002814
-0.001812
-0.010316
-0.013143
-0.014882
-0.014297
-0.015278
-0.013803
-0.010153
-0.003237
-0.006612
-0.007176
-0.009062
-0.011205
-0.007787
0.000144
0.000463
0.000420
0.000217
0.000264
0.000367
0.000440
0.000519
0.000530
0.000502
0.000536
0.000544
0.000518
0.000535
0.000562
0.000724
0.000628
0.000633
0.000602
0.000443
0.000399
0.000270
0.000197
0.000156
0.000153
0.000121
0.000093
0.000109
0.000098
0.000094
0.000125
0.000146
0.000155
0.000146
0.000126
0.000107
0.000123
0.000128
0.000178
0.000149
0.000270
0.002448
0.008949
0.014669
0.010073
0.005146
-0.000334
-0.004119
-0.004518
-0.004031
-0.002131
-0.001519
-0.006712
-0.004152
-0.002708
-0.002692
-0.002854
-0.003550
-0.004447
-0.003697
-0.003111
-0.002083
-0.003400
-0.011486
-0.010803
-0.011014
-0.011036
-0.004556
-0.004885
-0.008440
-0.009166
-0.009272
-0.010445
-0.006536
0.000091
0.000297
0.000230
0.000152
0.000345
0.000417
0.000475
0.000495
0.000553
0.000549
0.000528
0.000551
0.000540
0.000680
0.000670
0.000630
0.000547
0.000525
0.000469
0.000349
0.000218
0.000205
0.000150
0.000140
0.000143
0.000112
0.000077
0.000090
0.000089
0.000114
0.000144
0.000148
0.000160
0.000159
0.000132
0.000139
0.000181
0.000117
0.000128
0.000049
-0.000309
0.004268
0.009499
0.011516
0.006635
0.000326
-0.003619
-0.003629
-0.005448
-0.003178
-0.002964
-0.006843
-0.002809
-0.003002
-0.002971
-0.002971
-0.003676
-0.004141
-0.003812
-0.004119
-0.004817
-0.005925
-0.004583
-0.003151
-0.001138
-0.002291
-0.007287
-0.004542
-0.008315
-0.008856
-0.008664
-0.009788
-0.008525
-0.006407
-0.004285
0.000058
0.000215
0.000136
0.000379
0.000457
0.000565
0.000446
0.000529
0.000548
0.000510
0.000618
0.000654
0.000682
0.000563
0.000524
0.000538
0.000471
0.000321
0.000278
0.000208
0.000147
0.000136
0.000126
0.000094
0.000090
0.000073
0.000101
0.000113
0.000120
0.000156
0.000196
0.000216
0.000187
0.000229
0.000156
0.000118
0.000121
0.000117
-0.000051
-0.000585
0.004971
0.012065
0.010873
0.004151
-0.002204
-0.003493
-0.004383
-0.004138
-0.003108
-0.007839
-0.006418
-0.004260
-0.004469
-0.005521
-0.005830
-0.004016
-0.004246
-0.004996
-0.004821
-0.006331
-0.006126
-0.005554
-0.002493
-0.000723
-0.000566
-0.003948
-0.007350
-0.008279
-0.009018
-0.007812
-0.006701
-0.005918
-0.005137
-0.002673
0.000165
0.000374
0.000381
0.000455
0.000514
0.000396
0.000489
0.000422
0.000486
0.000488
0.000499
0.000579
0.000528
0.000577
0.000548
0.000491
0.000396
0.000247
0.000216
0.000145
0.000139
0.000121
0.000098
0.000165
0.000174
0.000377
0.000054
0.000066
0.000120
0.000255
0.000175
0.000163
0.000155
0.000149
0.000175
0.000168
0.000193
0.000190
0.000039
0.001621
0.007121
0.011814
0.008485
-0.000921
-0.003578
-0.003961
-0.004023
-0.002106
-0.006633
-0.006071
-0.004102
-0.003996
-0.004406
-0.004370
-0.004606
-0.004749
-0.005388
-0.005454
-0.006005
-0.005948
-0.005863
-0.004049
-0.000955
0.001074
-0.002678
-0.004393
-0.007988
-0.007186
-0.005415
-0.004204
-0.004399
-0.004409
-0.004885
-0.003246
-0.002114
0.000231
0.000592
0.000889
0.000555
0.000498
0.000475
0.000454
0.000459
0.000450
0.000463
0.000503
0.000572
0.000604
0.000586
0.000507
0.000228
0.000214
0.000137
0.000108
0.000131
0.000148
0.000163
0.000166
0.000164
0.000242
0.000272
0.000431
0.000103
0.000154
0.000171
0.000159
0.000111
0.000164
0.000158
0.000151
0.000143
0.000373
0.000350
0.000402
0.000748
0.000958
0.000662
0.000600
0.001316
-0.001471
-0.000221
-0.004423
-0.004719
-0.004711
-0.005106
-0.004785
-0.004819
-0.005166
-0.005506
-0.005725
-0.005886
-0.006342
-0.006182
-0.006028
-0.004572
-0.000923
-0.000212
-0.000708
-0.003044
-0.008230
-0.007132
-0.005412
-0.002942
-0.003274
-0.004220
-0.004392
-0.004012
-0.003963
-0.001682
0.002109
0.004130
0.000920
0.000563
0.000588
0.000482
0.000521
0.000409
0.000456
0.000540
0.000649
0.000651
0.000664
0.000709
0.000225
0.000214
0.000182
0.000153
0.000128
0.000138
0.000186
0.000156
0.000162
0.000200
0.000197
0.000225
0.000375
0.000390
0.000391
0.000086
0.000434
0.000404
0.000381
0.000399
0.000330
0.000226
0.000276
0.000284
0.000307
0.000260
0.000300
0.000293
0.000281
0.000319
-0.000265
-0.001974
-0.003642
-0.002125
-0.004497
-0.005177
-0.004799
-0.005353
-0.005769
-0.005855
-0.005291
-0.006152
-0.006869
-0.005880
-0.004766
-0.003246
-0.001538
-0.001539
-0.001515
-0.005894
-0.006786
-0.005225
-0.003827
-0.004339
-0.003768
-0.002784
-0.002025
0.001098
0.005009
0.010306
0.010828
0.002436
0.000888
0.000577
0.000614
0.000507
0.000533
0.000547
0.000622
0.000668
0.000740
0.000828
0.000741
0.000235
0.000220
0.000262
0.000182
0.000120
0.000160
0.000234
0.000202
0.000232
0.000225
0.000259
0.000252
0.000253
0.000253
0.000302
0.000228
0.000240
0.000232
0.000242
0.000236
0.000211
0.000212
0.000285
0.000229
0.000279
0.000219
0.000213
0.000208
0.000268
0.000239
0.000182
-0.000245
-0.000071
0.000047
-0.000042
-0.000188
-0.000440
-0.002753
-0.003790
-0.003835
-0.005009
-0.005435
-0.005473
-0.004076
-0.004119
-0.003156
-0.001846
-0.002112
-0.002973
-0.003228
-0.004629
-0.005358
-0.003691
-0.001935
0.000256
0.002749
0.006916
0.009002
0.005740
0.001567
0.001651
0.001315
0.001249
0.000983
0.000908
0.000635
0.000764
0.000763
0.000632
0.000599
0.000679
0.000637
0.000548
0.000248
0.000333
0.000275
0.000235
0.000137
0.000185
0.000244
0.000214
0.000254
0.000213
0.000190
0.000239
0.000288
0.000283
0.000290
0.000248
0.000154
0.000232
0.000212
0.000233
0.000170
0.000218
0.000292
0.000286
0.000218
0.000103
0.000105
0.000140
0.000232
0.000172
0.000215
0.000203
0.000248
0.000319
0.000330
0.000381
0.000553
0.000098
-0.000113
-0.000128
-0.000082
-0.000187
-0.000196
-0.000232
-0.003295
-0.003297
-0.003879
-0.003828
-0.004065
-0.004927
-0.003399
-0.003376
-0.000475
0.002616
0.004646
0.009119
0.007446
0.003375
0.001267
0.000991
0.001110
0.001223
0.001147
0.000911
0.001014
0.000921
0.000963
0.000867
0.000656
0.000577
0.000637
0.000661
0.000549
0.000268
0.000323
0.000309
0.000280
0.000168
0.000200
0.000260
0.000297
0.000263
0.000189
0.000179
0.000263
0.000299
0.000319
0.000294
0.000216
0.000167
0.000242
0.000236
0.000254
0.000210
0.000226
0.000283
0.000280
0.000172
0.000146
0.000031
0.000185
0.000262
0.000211
0.000159
0.000106
0.000365
0.000671
0.000591
0.000572
0.000385
0.000482
0.000661
0.000564
0.000554
0.000735
0.000857
0.001028
0.000657
-0.003954
-0.005705
-0.006139
-0.004700
-0.005108
-0.005583
0.001391
0.005165
0.006346
0.005482
0.004067
0.002400
0.001385
0.000806
0.000928
0.000924
0.001024
0.001039
0.000741
0.000636
0.000993
0.000944
0.000856
0.000662
0.000615
0.000676
0.000667
0.000541
0.000366
0.000344
0.000348
0.000279
0.000211
0.000227
0.000241
0.000270
0.000228
0.000210
0.000201
0.000268
0.000307
0.000245
0.000285
0.000317
0.000183
0.000287
0.000250
0.000307
0.000275
0.000227
0.000268
0.000253
0.000252
0.000187
0.000086
0.000226
0.000266
0.000114
0.000142
0.000336
0.000542
0.000610
0.000635
0.000509
0.000447
0.000429
0.000340
0.000453
0.000529
0.000701
0.000803
0.001031
0.000904
0.001492
-0.005816
-0.005943
-0.005022
-0.006754
-0.007139
-0.003814
0.004291
0.002019
0.001581
0.001500
0.001345
0.001289
0.000857
0.000764
0.000966
0.000857
0.000963
0.000664
0.000321
0.000874
0.000893
0.000857
0.000780
0.000700
0.000596
0.000593
0.000562
0.000390
0.000379
0.000363
0.000430
0.000293
0.000239
0.000272
0.000264
0.000289
0.000284
0.000261
0.000281
0.000274
0.000311
0.000265
0.000345
0.000347
0.000327
0.000283
0.000343
0.000287
0.000209
0.000229
0.000253
0.000299
0.000322
0.000239
0.000171
0.000237
0.000237
0.000355
0.000390
0.000488
0.000625
0.000786
0.000633
0.000524
0.000369
0.000278
0.000399
0.000541
0.000723
0.000873
0.000961
0.000932
0.000820
0.000624
-0.004303
-0.005203
-0.004357
-0.004351
-0.003593
-0.002260
-0.002317
0.000821
0.001293
0.001498
0.001181
0.000940
0.000768
0.000800
0.000753
0.000893
0.000779
0.000618
0.000926
0.000806
0.000893
0.000845
0.000674
0.000574
0.000640
0.000535
0.000348
0.000396
0.000417
0.000436
0.000342
0.000266
0.000282
0.000315
0.000271
0.000253
0.000319
0.000334
0.000373
0.000444
0.000346
0.000320
0.000341
0.000292
0.000357
0.000328
0.000307
0.000226
0.000240
0.000330
0.000357
0.000381
0.000382
0.000304
0.000359
0.000368
0.000380
0.000411
0.000469
0.000671
0.000743
0.000500
0.000442
0.000295
0.000215
0.000436
0.000584
0.000729
0.000782
0.000868
0.000859
0.000811
0.000714
0.000200
-0.000295
-0.000624
-0.000725
-0.000897
-0.001592
-0.002844
0.001096
0.001138
0.001017
0.001002
0.000932
0.000883
0.000925
0.000705
0.000891
0.000966
0.000704
0.000727
0.000889
0.000898
0.000774
0.000768
0.000576
0.000552
0.000396
0.000352
0.000358
0.000405
0.000398
0.000432
0.000317
0.000298
0.000219
0.000320
0.000315
0.000238
0.000283
0.000286
0.000416
0.000382
0.000304
0.000342
0.000358
0.000337
0.000342
0.000250
0.000275
0.000235
0.000327
0.000332
0.000358
0.000431
0.000437
0.000453
0.000358
0.000400
0.000439
0.000470
0.000554
0.000624
0.000455
0.000294
0.000186
0.000184
0.000426
0.000441
0.000654
0.000707
0.000680
0.000843
0.000816
0.000821
0.000664
0.000345
0.000823
-0.000346
-0.001103
-0.000034
0.000346
0.001058
0.001281
0.001125
0.001038
0.000983
0.001080
0.000907
0.001064
0.000821
0.000747
0.000823
0.000676
0.000867
0.000787
0.000871
0.000837
0.000777
0.000706
0.000635
0.000268
0.000378
0.000392
0.000373
0.000376
0.000334
0.000300
0.000322
0.000358
0.000313
0.000281
0.000221
0.000250
0.000348
0.000284
0.000288
0.000320
0.000350
0.000318
0.000284
0.000242
0.000230
0.000249
0.000328
0.000386
0.000410
0.000450
0.000457
0.000403
0.000328
0.000375
0.000468
0.000557
0.000555
0.000692
0.000608
0.000498
0.000525
0.000373
0.000534
0.000534
0.000494
0.000728
0.000691
0.000805
0.000721
0.000942
0.000745
0.000517
0.000523
0.000543
0.000569
0.000479
0.001132
0.001440
0.001464
0.001351
0.001153
0.001089
0.001090
0.000725
0.000964
0.000796
0.000822
0.000894
0.000933
0.000831
0.000820
0.000793
0.000873
0.000750
0.000762
0.000780
0.000393
0.000322
0.000315
0.000268
0.000407
0.000343
0.000315
0.000301
0.000354
0.000340
0.000326
0.000218
0.000280
0.000267
0.000288
0.000320
0.000297
0.000332
0.000335
0.000254
0.000242
0.000258
0.000304
0.000342
0.000433
0.000456
0.000427
0.000420
0.000409
0.000391
0.000394
0.000546
0.000539
0.000582
0.000483
0.000550
0.000418
0.000451
0.000284
0.000367
0.000357
0.000450
0.000723
0.000669
0.000714
0.000732
0.000881
0.000822
0.000784
0.000605
0.000699
0.001160
0.001362
0.001597
0.001667
0.001679
0.001510
0.001230
0.001055
0.001006
0.000824
0.000787
0.000826
0.000983
0.001119
0.001004
0.000790
0.000773
0.000867
0.000909
0.000919
0.000771
0.000842
0.000375
0.000363
0.000368
0.000384
0.000313
0.000385
0.000324
0.000329
0.000299
0.000381
0.000383
0.000330
0.000316
0.000268
0.000276
0.000281
0.000307
0.000322
0.000355
0.000299
0.000244
0.000308
0.000400
0.000464
0.000429
0.000381
0.000412
0.000455
0.000441
0.000397
0.000456
0.000573
0.000608
0.000545
0.000528
0.000312
0.000377
0.000298
0.000239
0.000419
0.000566
0.000433
0.000460
0.000551
0.000649
0.000931
0.000868
0.000792
0.000732
0.000623
0.000795
0.001178
0.001372
0.001638
0.001668
0.001364
0.001300
0.001073
0.000939
0.000775
0.000845
0.000873
0.000938
0.000984
0.000979
0.000864
0.000763
0.000787
0.000867
0.000934
0.000935
0.000806
0.000716
