-0.000004
-0.000008
-0.000014
0.000632
-0.000025
-0.000036
-0.000038
0.000438
-0.000023
-0.000006
0.000015
-0.000603
0.000057
0.000057
0.000071
0.000066
0.000060
0.000063
0.000063
0.000072
0.000071
0.000071
0.000076
0.000077
0.000072
0.000077
0.000078
0.000077
0.000076
0.000070
0.000058
0.000056
0.000060
0.000070
0.000068
0.000072
0.000074
0.000074
0.000069
0.000068
0.000068
0.000067
0.000065
0.000064
0.000072
0.000068
0.000063
0.000064
0.000037
0.000056
0.000051
0.000046
0.000044
0.000049
0.000051
0.000054
0.000057
0.000069
-0.000021
-0.000583
-0.001468
-0.000806
-0.000046
0.000144
0.000986
-0.001198
-0.001158
0.000031
0.000023
0.000023
0.000061
-0.000011
0.000195
-0.000097
-0.000095
-0.000085
-0.000080
-0.000071
-0.000056
-0.000045
-0.000038
-0.000022
0.000000
0.000016
0.000037
0.000059
0.000058
0.000070
0.000068
0.000068
0.000064
0.000053
0.000050
0.000057
0.000065
0.000065
0.000073
0.000064
0.000068
0.000069
0.000078
0.000075
0.000065
0.000054
0.000055
0.000055
0.000063
0.000067
0.000071
0.000067
0.000073
0.000067
0.000063
0.000068
0.000065
0.000065
0.000066
0.000062
0.000068
0.000061
0.000062
0.000063
0.000059
0.000059
0.000049
0.000049
0.000048
0.000056
0.000052
0.000050
0.000054
0.000090
0.000496
-0.000180
-0.000707
-0.000076
0.000275
-0.001011
-0.000096
0.000023
0.000043
0.000045
0.000050
0.000049
0.000053
0.000022
-0.000088
-0.000086
-0.000085
-0.000076
-0.000063
-0.000055
-0.000041
-0.000028
-0.000014
0.000006
0.000025
0.000044
0.000065
0.000064
0.000066
0.000063
0.000071
0.000065
0.000059
0.000050
0.000050
0.000059
0.000059
0.000065
0.000071
0.000071
0.000068
0.000072
0.000074
0.000067
0.000060
0.000054
0.000061
0.000067
0.000064
0.000067
0.000059
0.000060
0.000068
0.000064
0.000074
0.000066
0.000063
0.000067
0.000073
0.000071
0.000064
0.000065
0.000063
0.000047
0.000051
0.000055
0.000045
0.000056
0.000058
0.000048
0.000049
0.000068
0.000146
0.000296
-0.000001
-0.001286
-0.001152
0.001125
-0.001920
-0.000035
0.000045
0.000046
0.000048
0.000051
0.000052
0.000054
0.000040
-0.000082
-0.000076
-0.000073
-0.000067
-0.000060
-0.000049
-0.000037
-0.000020
-0.000005
0.000006
0.000038
0.000049
0.000062
0.000058
0.000059
0.000063
0.000068
0.000068
0.000064
0.000063
0.000063
0.000070
0.000064
0.000048
0.000060
0.000057
0.000067
0.000073
0.000070
0.000059
0.000061
0.000057
0.000060
0.000063
0.000065
0.000063
0.000057
0.000057
0.000062
0.000069
0.000071
0.000070
0.000058
0.000069
0.000073
0.000061
0.000066
0.000063
0.000056
0.000043
0.000052
0.000052
0.000049
0.000059
0.000055
0.000049
0.000053
0.000057
0.000094
0.000072
0.000366
-0.000897
-0.000409
0.000773
-0.001377
-0.000004
0.000045
0.000043
0.000045
0.000043
0.000056
0.000053
0.000048
-0.000080
-0.000072
-0.000066
-0.000062
-0.000047
-0.000040
-0.000026
-0.000014
0.000006
0.000020
0.000043
0.000062
0.000054
0.000059
0.000057
0.000067
0.000065
0.000064
0.000058
0.000059
0.000066
0.000066
0.000056
0.000054
0.000054
0.000055
0.000067
0.000073
0.000069
0.000065
0.000056
0.000058
0.000061
0.000063
0.000073
0.000066
0.000064
0.000060
0.000056
0.000066
0.000067
0.000062
0.000057
0.000060
0.000064
0.000066
0.000065
0.000060
0.000050
0.000052
0.000067
0.000101
0.000035
0.000050
0.000071
0.000060
0.000052
0.000060
0.000049
0.000046
-0.000104
0.000116
-0.000051
-0.001731
-0.000011
0.000046
0.000045
0.000042
0.000049
0.000050
0.000056
0.000062
-0.002169
-0.000066
-0.000064
-0.000054
-0.000048
-0.000039
-0.000026
-0.000014
-0.000006
0.000012
0.000030
0.000048
0.000061
0.000066
0.000062
0.000065
0.000069
0.000067
0.000071
0.000067
0.000066
0.000062
0.000061
0.000061
0.000056
0.000054
0.000066
0.000065
0.000066
0.000066
0.000067
0.000065
0.000061
0.000066
0.000065
0.000067
0.000065
0.000062
0.000066
0.000066
0.000076
0.000070
0.000068
0.000064
0.000063
0.000064
0.000062
0.000063
0.000066
0.000056
0.000040
0.000785
-0.000146
-0.000636
0.000007
0.000052
0.000045
0.000048
0.000046
0.000024
0.000021
0.000002
0.000038
0.000018
-0.000005
0.000053
0.000047
0.000050
0.000053
0.000050
0.000055
0.000059
0.000058
0.000051
-0.000049
-0.000048
-0.000042
-0.000030
-0.000023
-0.000013
0.000002
0.000005
0.000024
0.000037
0.000059
0.000057
0.000067
0.000070
0.000067
0.000064
0.000070
0.000073
0.000074
0.000060
0.000063
0.000060
0.000062
0.000052
0.000050
0.000061
0.000064
0.000062
0.000063
0.000065
0.000063
0.000064
0.000058
0.000058
0.000061
0.000060
0.000059
0.000064
0.000070
0.000069
0.000063
0.000055
0.000056
0.000066
0.000065
0.000062
0.000064
0.000057
0.000027
0.000297
-0.000364
0.000070
-0.001235
-0.000049
0.000035
0.000033
0.000025
0.000046
0.000050
0.000049
0.000050
0.000052
0.000055
0.000050
0.000056
0.000049
0.000052
0.000053
0.000051
0.000050
0.000056
0.000054
0.000053
-0.000027
-0.000025
-0.000022
-0.000016
-0.000006
0.000002
0.000018
0.000027
0.000035
0.000035
0.000044
0.000046
0.000065
0.000074
0.000069
0.000068
0.000072
0.000077
0.000070
0.000065
0.000062
0.000058
0.000063
0.000061
0.000052
0.000064
0.000066
0.000063
0.000062
0.000063
0.000063
0.000064
0.000058
0.000057
0.000060
0.000065
0.000056
0.000055
0.000062
0.000064
0.000064
0.000068
0.000059
0.000069
0.000066
0.000059
0.000060
0.000051
-0.000006
-0.000281
-0.000504
0.000037
-0.001660
-0.000184
0.000024
0.000043
0.000047
0.000050
0.000048
0.000049
0.000048
0.000050
0.000056
0.000053
0.000058
0.000059
0.000051
0.000049
0.000051
0.000053
0.000054
0.000057
0.000056
-0.000010
-0.000006
0.000002
0.000005
0.000014
0.000018
0.000028
0.000040
0.000040
0.000028
0.000047
0.000047
0.000066
0.000082
0.000072
0.000074
0.000072
0.000074
0.000072
0.000067
0.000064
0.000069
0.000064
0.000065
0.000059
0.000068
0.000065
0.000067
0.000066
0.000067
0.000058
0.000053
0.000049
0.000059
0.000063
0.000068
0.000058
0.000058
0.000056
0.000057
0.000064
0.000069
0.000069
0.000066
0.000061
0.000058
0.000061
0.000007
0.000002
0.000136
0.000168
-0.000824
-0.001493
-0.000065
0.000042
0.000049
0.000050
0.000047
0.000048
0.000050
0.000050
0.000052
0.000058
0.000054
0.000050
0.000055
0.000060
0.000056
0.000056
0.000057
0.000054
0.000056
0.001326
0.000016
0.000012
0.000020
0.000029
0.000035
0.000036
0.000043
0.000052
0.000053
0.000033
0.000047
0.000048
0.000068
0.000078
0.000064
0.000076
0.000077
0.000069
0.000072
0.000066
0.000064
0.000067
0.000067
0.000059
0.000066
0.000072
0.000068
0.000065
0.000062
0.000062
0.000061
0.000051
0.000059
0.000060
0.000060
0.000071
0.000069
0.000060
0.000059
0.000061
0.000062
0.000064
0.000061
0.000061
0.000060
0.000054
0.000059
-0.000036
0.000047
0.000200
-0.000734
-0.001793
-0.000969
-0.000099
0.000043
0.000049
0.000048
0.000046
0.000050
0.000049
0.000052
0.000050
0.000055
0.000057
0.000056
0.000064
0.000060
0.000058
0.000061
0.000054
0.000060
0.000054
0.000052
0.000042
0.000046
0.000036
0.000047
0.000048
0.000053
0.000059
0.000057
0.000051
0.000057
0.000045
0.000057
0.000066
0.000083
0.000070
0.000076
0.000076
0.000072
0.000073
0.000071
0.000068
0.000069
0.000069
0.000069
0.000061
0.000060
0.000061
0.000063
0.000066
0.000061
0.000064
0.000058
0.000057
0.000055
0.000054
0.000064
0.000070
0.000064
0.000071
0.000065
0.000063
0.000058
0.000057
0.000063
0.000061
0.000035
-0.000276
0.000057
0.000300
0.000572
0.000035
-0.001554
-0.000872
-0.000040
0.000049
0.000050
0.000053
0.000053
0.000048
0.000050
0.000046
0.000050
0.000054
0.000054
0.000053
0.000052
0.000059
0.000062
0.000055
0.000062
0.000058
0.000052
0.000055
0.000046
0.000057
0.000058
0.000059
0.000060
0.000062
0.000062
0.000065
0.000054
0.000044
0.000043
0.000063
0.000063
0.000069
0.000071
0.000066
0.000069
0.000076
0.000073
0.000068
0.000066
0.000072
0.000075
0.000066
0.000066
0.000060
0.000060
0.000060
0.000063
0.000063
0.000065
0.000059
0.000055
0.000054
0.000059
0.000059
0.000071
0.000064
0.000069
0.000066
0.000066
0.000061
0.000063
0.000066
0.000066
0.000057
-0.000055
0.000063
0.000473
0.000732
0.000047
-0.002105
-0.000649
0.000006
0.000046
0.000045
0.000051
0.000049
0.000048
0.000050
0.000052
0.000050
0.000050
0.000050
0.000052
0.000055
0.000058
0.000057
0.000057
0.000055
0.000058
0.000059
0.000055
0.000065
0.000063
0.000068
0.000060
0.000076
0.000060
0.000068
0.000049
0.000051
0.000048
0.000070
0.000069
0.000063
0.000070
0.000075
0.000075
0.000071
0.000070
0.000064
0.000060
0.000060
0.000067
0.000063
0.000039
0.000023
0.000025
0.000040
0.000058
0.000061
0.000062
0.000059
0.000055
0.000052
0.000053
0.000057
0.000057
0.000066
0.000070
0.000063
0.000062
0.000050
0.000061
0.000070
0.000066
0.000069
0.000074
0.000159
0.000173
0.000310
0.000473
0.000871
-0.003346
-0.000167
0.000042
0.000049
0.000049
0.000051
0.000049
0.000048
0.000052
0.000056
0.000052
0.000054
0.000055
0.000057
0.000058
0.000057
0.000063
0.000059
0.000059
0.000061
0.000058
0.000725
0.000060
0.000061
0.000068
0.000071
0.000080
0.000073
0.000063
0.000074
0.000068
0.000064
0.000084
0.000084
0.000059
0.000060
0.000073
0.000080
0.000070
0.000078
0.000071
0.000063
0.000069
0.000046
0.000034
-0.000153
-0.001221
-0.001479
-0.000942
-0.000082
-0.000007
0.000050
0.000055
0.000050
0.000057
0.000053
0.000061
0.000060
0.000060
0.000065
0.000065
0.000060
0.000065
0.000071
0.000069
0.000067
0.000061
0.000005
0.000199
0.000149
0.000256
0.001002
0.000812
-0.001860
-0.000721
-0.000059
0.000047
0.000048
0.000053
0.000054
0.000052
0.000044
0.000053
0.000056
0.000055
0.000057
0.000059
0.000056
0.000062
0.000061
0.000064
0.000064
0.000062
0.000059
0.000048
0.000076
0.000080
0.000078
0.000085
0.000086
0.000083
0.000071
0.000072
0.000077
0.000069
0.000082
0.000078
0.000062
0.000041
0.000055
0.000063
0.000069
0.000080
0.000077
0.000074
0.000039
-0.000161
-0.000336
-0.001461
-0.001120
-0.001459
-0.001466
-0.002399
-0.003607
-0.000773
-0.000056
0.000001
0.000043
0.000064
0.000063
0.000061
0.000057
0.000062
0.000061
0.000062
0.000067
0.000076
0.000069
0.000071
0.000071
0.000117
0.000150
0.000218
0.000516
0.000414
0.000734
-0.002032
-0.001373
-0.000193
0.000041
0.000049
0.000056
0.000057
0.000054
0.000057
0.000055
0.000057
0.000059
0.000059
0.000056
0.000057
0.000062
0.000058
0.000057
0.000054
0.000059
0.000066
0.000056
0.000085
0.000087
0.000084
0.000091
0.000083
0.000082
0.000068
0.000069
0.000073
0.000072
0.000075
0.000069
0.000065
0.000054
0.000049
0.000059
0.000058
0.000065
0.000066
0.000056
-0.000127
-0.000015
-0.000405
-0.003144
-0.002059
-0.001918
-0.000265
-0.001823
-0.002740
-0.003793
-0.003216
-0.001764
-0.000158
0.000065
0.000060
0.000063
0.000063
0.000060
0.000059
0.000064
0.000061
0.000062
0.000065
0.000068
0.000059
0.000084
0.000401
0.000270
0.000483
0.000906
0.000357
-0.000745
-0.001773
-0.000396
0.000025
0.000053
0.000053
0.000057
0.000063
0.000061
0.000067
0.000061
0.000057
0.000056
0.000053
0.000057
0.000058
0.000057
0.000049
0.000060
0.000063
0.000067
0.000063
0.000089
0.000094
0.000088
0.000089
0.000095
0.000080
0.000064
0.000064
0.000071
0.000059
0.000060
0.000042
0.000063
0.000055
0.000054
0.000058
0.000046
0.000001
0.000002
0.000029
-0.000397
-0.001295
-0.000982
-0.000943
-0.000348
-0.000706
-0.000644
0.003028
0.008338
-0.000062
-0.002556
-0.001065
-0.000024
0.000064
0.000063
0.000070
0.000068
0.000066
0.000066
0.000068
0.000064
0.000054
0.000059
0.000062
0.000063
0.000063
0.000068
0.000130
-0.000009
0.000675
0.000429
-0.000015
-0.001993
-0.000468
0.000023
0.000055
0.000058
0.000061
0.000056
0.000066
0.000071
0.000069
0.000066
0.000055
0.000056
0.000055
0.000060
0.000056
0.000058
0.000051
0.000056
0.000072
-0.001100
0.000090
0.000100
0.000097
0.000083
0.000090
0.000087
0.000068
0.000060
0.000069
0.000061
0.000058
0.000066
0.000065
0.000058
-0.000031
-0.000025
0.000155
0.000157
-0.000175
-0.000240
-0.000256
0.000139
0.000228
0.000447
0.000679
0.002100
0.003836
0.017519
-0.000290
-0.000095
0.000039
-0.000335
-0.000015
0.000160
0.000282
0.000266
0.000286
0.000268
0.000073
0.000067
0.000062
0.000055
0.000057
0.000054
0.000054
0.000054
0.000050
0.000020
0.000029
-0.000459
-0.000860
-0.000810
-0.000949
-0.000430
0.000024
0.000056
0.000054
0.000055
0.000065
0.000063
0.000058
0.000058
0.000057
0.000056
0.000059
0.000059
0.000052
0.000056
0.000056
0.000058
0.000049
0.000066
0.000070
0.000079
0.000097
0.000099
0.000089
0.000089
0.000091
0.000081
0.000059
0.000063
0.000066
0.000059
0.000071
0.000070
0.000045
-0.000380
-0.000329
-0.000201
0.000073
0.000039
-0.000349
-0.000229
0.000153
0.000702
0.000930
0.000885
0.001735
0.002934
0.000093
0.000364
0.000625
0.001675
0.001883
0.000580
0.000323
0.000405
0.000319
0.000690
0.000630
0.000157
0.000070
0.000059
0.000053
0.000051
0.000054
0.000062
0.000059
0.000057
0.000054
0.000014
-0.000019
-0.000842
-0.000547
0.000029
-0.000094
0.000037
0.000055
0.000054
0.000061
0.000047
0.000056
0.000053
0.000054
0.000058
0.000053
0.000050
0.000051
0.000056
0.000058
0.000060
0.000053
0.000048
0.000061
0.000061
0.000068
0.000101
0.000093
0.000078
0.000073
0.000080
0.000069
0.000062
0.000074
0.000080
0.000062
0.000066
0.000199
0.002920
0.000645
-0.000250
-0.000237
-0.000428
-0.000171
-0.000202
-0.000184
0.000157
0.000828
0.000940
0.001331
0.000476
0.000642
0.000488
0.000803
0.000935
0.000567
0.000559
0.000539
0.000675
0.000560
0.000843
0.001975
0.001357
0.000333
0.000170
0.000061
0.000053
0.000057
0.000057
0.000059
0.000055
0.000062
0.000053
0.000063
0.000255
0.000120
-0.000092
0.000041
0.000044
0.000055
0.000054
0.000054
0.000052
0.000054
0.000053
0.000054
0.000053
0.000057
0.000052
0.000051
0.000043
0.000052
0.000055
0.000052
0.000057
0.000060
0.000059
0.000066
0.000101
0.000086
0.000079
0.000072
0.000073
0.000083
0.000064
0.000062
0.000063
0.000061
0.000061
0.000089
0.000688
0.001409
0.002343
-0.000104
0.000008
0.000032
0.000015
0.000399
0.000450
0.000916
0.001482
0.000738
0.000529
0.000980
0.000704
0.000807
0.000711
0.000496
0.000645
0.000721
0.000826
0.000437
0.000588
0.001994
0.001936
0.002071
0.000837
0.000163
0.000064
0.000061
0.000058
0.000056
0.000056
0.000055
0.000067
0.000063
0.000052
0.000081
0.000397
-0.000056
0.000047
0.000049
0.000040
0.000054
0.000054
0.000055
0.000054
0.000056
0.000055
0.000055
0.000051
0.000053
0.000053
0.000053
0.000050
0.000050
0.000049
0.000069
0.000072
0.000066
-0.000596
0.000103
0.000081
0.000085
0.000074
0.000082
0.000061
0.000061
0.000044
0.000050
0.000053
0.000053
0.000108
0.000348
0.000789
0.004597
0.000483
0.000048
0.000044
0.000047
0.000239
0.000518
0.000635
0.000762
0.000040
0.000701
0.001847
0.002436
0.001852
0.000766
0.000464
0.000473
0.000908
0.001438
0.000395
0.000181
0.000620
0.001384
0.002805
0.001121
0.000172
0.000034
0.000093
0.000103
0.000069
0.000053
0.000053
0.000054
0.000052
0.000048
0.000044
0.000457
0.000316
0.000031
0.000053
0.000057
0.000060
0.000055
0.000056
0.000058
0.000054
0.000054
0.000052
0.000051
0.000050
0.000054
0.000052
0.000050
0.000057
0.000067
0.000069
0.000069
0.000061
0.000057
0.000105
0.000063
0.000074
0.000074
0.000083
0.000089
0.000061
0.000055
0.000057
0.000047
0.000057
0.000075
0.000230
0.000643
0.001542
0.001910
-0.000122
-0.000251
-0.000270
0.000204
0.000407
0.000210
0.000377
0.000104
0.000248
0.000844
0.001806
0.002653
0.002066
0.000919
0.000295
0.000855
0.001045
0.000807
0.000373
0.000473
0.001403
0.001841
0.001476
0.000284
0.000127
0.000147
0.000184
0.000259
0.000087
0.000120
0.000049
0.000056
0.000094
0.000105
0.000838
0.000619
-0.000012
0.000050
0.000056
0.000055
0.000057
0.000056
0.000054
0.000054
0.000054
0.000048
0.000049
0.000050
0.000054
0.000056
0.000057
0.000063
0.000071
0.000069
0.000066
0.000054
0.000057
0.000080
0.000079
0.000081
0.000069
0.000069
0.000084
0.000066
0.000062
0.000065
0.000062
0.000034
0.000046
0.000075
0.000221
0.000267
0.000899
-0.002072
-0.000446
-0.000304
-0.000047
0.000330
0.000430
0.000160
-0.000216
-0.000037
0.000327
0.000590
0.001284
0.001931
0.001367
0.000184
0.000063
-0.000133
0.000312
0.000379
-0.000017
0.001323
0.000545
0.000208
0.000276
0.000138
0.000112
0.000121
0.000044
0.000154
0.001115
-0.000020
-0.000002
0.000098
0.000177
0.000358
0.001055
0.000149
0.000017
0.000056
0.000059
0.000059
0.000057
0.000056
0.000055
0.000059
0.000059
0.000055
0.000055
0.000048
0.000051
0.000055
0.000070
0.000060
0.000056
0.000068
0.000062
0.000043
0.000097
0.000088
0.000062
0.000071
0.000061
0.000078
0.000088
0.000070
0.000061
0.000022
-0.000349
-0.000007
-0.000129
0.000103
0.000276
0.000378
0.000332
-0.000379
-0.000008
0.000022
0.000346
0.000392
0.000329
0.000327
0.000143
0.000387
0.000363
0.000541
0.001351
0.001800
0.000436
-0.000000
-0.000032
0.000648
0.000156
-0.000414
0.000052
-0.001609
-0.000245
0.000057
0.000038
0.000018
-0.000052
0.000088
0.000319
0.001716
0.000431
-0.000599
0.000038
0.000078
-0.000028
0.000241
0.000283
0.000055
0.000048
0.000059
0.000059
0.000058
0.000063
0.000062
0.000061
0.000066
0.000060
0.000049
0.000045
0.000048
0.000051
0.000053
0.000066
0.000072
0.000071
0.000056
0.000048
0.000094
0.000093
0.000056
0.000074
0.000060
0.000076
0.000077
0.000077
0.000043
-0.000140
0.000028
-0.000182
0.000118
-0.000086
0.000178
0.000323
0.000014
0.000026
0.000081
0.000069
0.000081
0.000100
0.000214
0.000225
0.000195
0.000205
0.000136
0.000135
0.000318
0.000776
0.000333
-0.000704
-0.000233
-0.000177
-0.000592
-0.000680
-0.001292
-0.000815
-0.000297
-0.000034
-0.000154
-0.000324
0.000081
0.000151
0.000536
0.001228
0.000623
-0.002371
-0.000653
-0.000004
0.000291
0.000393
0.000655
0.000084
0.000058
0.000064
0.000060
0.000064
0.000060
0.000060
0.000056
0.000060
0.000061
0.000056
0.000057
0.000063
0.000063
0.000063
0.000067
0.000070
0.000073
0.000061
0.000053
0.000089
0.000061
0.000058
0.000065
0.000053
0.000072
0.000068
0.000070
-0.000088
-0.000020
0.000227
0.000320
0.000218
0.000067
0.000057
0.000049
0.000060
0.000061
0.000067
0.000055
0.000053
0.000067
0.000024
-0.000006
0.000042
-0.000141
-0.000307
-0.000590
-0.001462
-0.001409
-0.001211
-0.009777
-0.005353
-0.000459
-0.000416
-0.000439
0.002840
0.002135
0.001349
0.000013
-0.000019
0.000023
-0.000123
0.000545
0.000443
0.001009
0.001500
-0.001792
0.000545
0.000015
0.000293
0.000318
0.000124
0.000059
0.000055
0.000054
0.000063
0.000061
0.000060
0.000057
0.000054
0.000051
0.000053
0.000062
0.000077
0.000072
0.000064
0.000052
0.000062
0.000066
0.000064
0.000031
0.000063
0.000070
0.000081
0.000083
0.000072
0.000050
0.000060
0.000058
0.000062
0.000052
-0.000034
0.000152
0.000279
0.000204
0.000055
0.000054
0.000063
0.000070
0.000077
0.000068
0.000069
0.000074
0.000059
0.000115
0.000727
0.000255
-0.000982
-0.002009
-0.003535
-0.003088
-0.004701
-0.007163
-0.009703
-0.005595
-0.002782
-0.001253
-0.000045
0.000132
-0.000068
-0.000613
0.000263
-0.001190
-0.000984
-0.000804
0.001409
0.001109
0.001081
0.001182
0.000730
0.001203
-0.001297
-0.000377
-0.000192
0.000052
0.000056
0.000050
0.000055
0.000056
0.000049
0.000053
0.000050
0.000053
0.000051
0.000064
0.000065
0.000063
0.000062
0.000057
0.000055
0.000058
0.000067
0.000070
0.000074
0.000068
0.000068
0.000077
0.000071
0.000081
0.000070
0.000066
0.000062
0.000062
0.000071
0.000068
0.000078
0.000079
0.000055
0.000051
0.000057
0.000066
0.000071
0.000062
0.000064
0.000071
0.000081
0.000606
0.000490
0.000312
0.000039
-0.000637
-0.001660
-0.002162
-0.006283
-0.007016
-0.008379
-0.012502
-0.012516
-0.007397
-0.002410
-0.000727
-0.000564
-0.000160
-0.000750
-0.002072
-0.001300
-0.000801
-0.003202
-0.001823
0.000375
0.000099
0.000295
0.000869
-0.000696
-0.001133
-0.003499
-0.000500
0.000055
0.000053
0.000051
0.000054
0.000053
0.000053
0.000046
0.000048
0.000047
0.000054
0.000056
0.000061
0.000057
0.000058
0.000058
0.000056
0.000068
0.000064
0.000063
0.000055
0.000054
0.000070
0.000062
0.000079
0.000083
0.000073
0.000066
0.000058
0.000059
0.000075
0.000077
0.000073
0.000077
0.000068
0.000063
0.000064
0.000066
0.000073
0.000072
0.000053
0.000080
0.000312
0.000517
0.000653
0.000345
-0.000331
-0.001050
-0.002054
-0.002135
-0.007014
-0.005764
-0.011010
-0.013583
-0.012547
-0.006439
-0.003474
-0.000988
-0.000266
-0.000460
-0.000242
-0.000504
-0.000700
-0.000342
-0.006115
-0.005368
-0.001092
-0.000356
-0.000881
-0.000121
-0.003009
-0.005710
-0.008225
-0.009063
0.000082
0.000054
0.000057
0.000062
0.000063
0.000056
0.000052
0.000046
0.000043
0.000050
0.000052
0.000062
0.000061
0.000059
0.000059
0.000060
0.000061
0.000057
0.000054
0.000045
0.000053
0.000067
0.000062
0.000068
0.000080
0.000088
0.000070
0.000055
0.000071
0.000084
0.000081
0.000075
0.000076
0.000071
0.000060
0.000066
0.000070
0.000080
0.000100
0.000076
0.000070
0.000232
0.000630
0.000315
0.000186
-0.001396
-0.001624
-0.001864
-0.002885
-0.007798
-0.010472
-0.012934
-0.012929
-0.006413
-0.003407
-0.002004
-0.000530
-0.000457
-0.000457
-0.000137
-0.000715
-0.000817
-0.000668
-0.001900
-0.002621
-0.001190
-0.003836
-0.002025
-0.001166
-0.005458
-0.010837
-0.008405
-0.003291
-0.001849
-0.000044
0.000692
0.000071
0.000061
0.000056
0.000050
0.000049
0.000049
0.000049
0.000058
0.000060
0.000055
0.000055
0.000049
0.000057
0.000059
0.000055
0.000058
0.000057
0.000056
0.000062
0.000068
0.000068
0.000082
0.000079
0.000070
0.000064
0.000070
0.000077
0.000089
0.000074
0.000066
0.000064
0.000068
0.000084
0.000081
0.000101
0.000085
0.000097
0.000093
0.000143
0.000431
0.000467
-0.000477
-0.002106
-0.001891
-0.001249
-0.005708
-0.009490
-0.012971
-0.015225
-0.014429
-0.003336
-0.000587
0.000241
0.000153
-0.000519
-0.000542
0.000052
-0.000187
-0.001160
-0.001238
-0.000959
-0.001140
-0.000870
0.000053
-0.004885
-0.004575
-0.008057
-0.004556
-0.004150
-0.003710
-0.001922
0.002577
0.019053
0.000159
0.000055
0.000055
0.000051
0.000050
0.000041
0.000049
0.000052
0.000056
0.000056
0.000057
0.000059
0.000054
0.000051
0.000055
0.000061
0.000059
0.000059
0.000063
0.000062
0.000075
0.000079
0.000073
0.000080
0.000083
0.000075
0.000073
0.000087
0.000077
0.000067
0.000072
0.000079
0.000116
0.000097
0.000083
0.000092
0.000085
0.000084
0.000050
0.000314
0.000414
-0.000714
-0.002084
-0.001898
-0.002303
-0.005646
-0.011046
-0.013266
-0.014826
-0.012293
-0.003131
-0.000936
-0.000102
0.000027
-0.000552
-0.000442
-0.000404
-0.000891
-0.001359
-0.001466
-0.001140
-0.000975
-0.001116
-0.001226
-0.000238
-0.004986
-0.002938
-0.000662
-0.001825
-0.001945
-0.000412
0.012510
0.021589
0.002061
0.000015
-0.000080
0.000047
0.000048
0.000053
0.000048
0.000056
0.000058
0.000064
0.000060
0.000050
0.000056
0.000058
0.000062
0.000056
0.000048
0.000055
0.000066
0.000065
0.000071
0.000068
0.000080
0.000083
0.000062
0.000047
0.000053
0.000082
0.000070
0.000071
0.000107
0.000100
0.000091
0.000083
0.000084
0.000083
0.000073
0.000079
0.000097
0.000295
0.000399
-0.000205
-0.001149
-0.001649
-0.003559
-0.004179
-0.008044
-0.014360
-0.019027
-0.012533
-0.004468
-0.000392
-0.000213
-0.000125
-0.000584
-0.000494
-0.001138
-0.001402
-0.001543
-0.001284
-0.001067
-0.001208
-0.001128
-0.001334
-0.001154
-0.000040
-0.000794
0.000023
0.000202
0.002425
0.007213
0.021305
0.005013
0.000710
0.001012
0.000109
0.000047
-0.000015
0.000076
0.000054
0.000057
0.000057
0.000049
0.000044
0.000051
0.000054
0.000061
0.000057
0.000051
0.000047
0.000044
0.000061
0.000055
0.000065
0.000072
0.000063
0.000061
0.000051
0.000049
0.000046
0.000043
0.000049
0.000045
0.000106
0.000082
0.000081
0.000098
0.000087
0.000081
0.000089
0.000094
0.000110
0.000053
0.000157
-0.000097
-0.000293
-0.000307
-0.000303
-0.000360
0.000301
-0.008337
-0.007697
-0.003672
-0.002421
-0.000710
-0.000084
-0.000487
-0.000295
-0.000686
-0.001092
-0.001602
-0.001854
-0.002003
-0.001131
-0.001243
-0.001028
-0.001081
-0.001158
-0.001337
-0.000005
0.001038
0.002336
0.010071
0.016251
0.013705
0.002880
0.004269
0.006684
0.002477
0.001924
-0.004595
-0.004724
0.000058
0.000029
0.000050
0.000043
0.000045
0.000051
0.000049
0.000047
0.000050
0.000051
0.000049
0.000041
0.000057
0.000062
0.000049
0.000066
0.000066
0.000063
0.000058
0.000046
0.000048
0.000052
0.000046
0.000033
0.000021
0.000016
0.000032
0.000111
0.000106
0.000043
0.000073
0.000060
0.000054
0.000045
0.000045
0.000048
0.000048
0.000084
0.000119
-0.000363
-0.002477
-0.004187
-0.002689
-0.002707
-0.000707
-0.000889
-0.000787
-0.000603
-0.000386
-0.000586
-0.001082
-0.001380
-0.001666
-0.001047
-0.001249
-0.001378
-0.001165
-0.001794
-0.002341
-0.004686
-0.004965
0.001122
0.006679
0.014788
0.018107
0.005082
0.002708
0.004324
0.001118
0.008873
0.001388
-0.002181
-0.000895
0.000263
0.000575
0.000040
0.000027
0.000058
0.000059
0.000048
0.000057
0.000050
0.000053
0.000049
0.000036
0.000058
0.000054
0.000049
0.000054
0.000061
0.000068
0.000064
0.000047
0.000046
0.000050
0.000050
0.000041
0.000052
0.000059
0.000063
0.000059
0.000055
0.000058
0.000057
0.000053
0.000038
0.000020
0.000046
0.000041
0.000060
0.000069
0.000123
-0.000568
-0.002324
-0.002551
-0.003045
0.000313
0.004609
0.003109
-0.000310
-0.000171
-0.000027
-0.000540
-0.000730
-0.001114
-0.001703
-0.001317
-0.000818
-0.000956
-0.001890
-0.005959
-0.007166
-0.008157
-0.009995
-0.010243
0.004818
0.014064
0.007110
0.000886
-0.000601
-0.001162
-0.000361
0.000653
0.001517
0.000717
0.000425
0.000492
0.001638
0.000621
0.000249
0.000255
0.000185
0.000157
0.000106
0.000044
0.000052
0.000051
0.000042
0.000055
0.000057
0.000050
0.000056
0.000065
0.000062
0.000058
0.000043
0.000038
0.000043
0.000025
0.000057
0.000061
0.000057
0.000063
0.000058
0.000057
0.000053
0.000053
0.000050
0.000025
0.000010
0.000029
0.000040
0.000036
0.000064
0.000070
-0.000100
-0.000937
-0.001586
-0.001517
0.002019
0.006548
0.003712
-0.000092
0.000014
0.000055
-0.000015
-0.000027
-0.000010
0.000083
0.000077
0.000013
-0.000010
-0.004524
-0.010687
-0.011268
-0.010282
-0.006648
-0.004508
-0.003911
0.002157
-0.000282
0.000076
0.000245
0.000207
0.000353
0.000275
0.000071
0.000111
0.000303
0.000163
0.000523
0.000202
-0.000190
0.000083
0.000246
0.000325
0.000087
0.000051
0.000054
0.000051
0.000039
0.000046
0.000043
0.000048
0.000057
0.000050
0.000050
0.000049
0.000054
0.000064
0.000063
0.000043
0.000043
0.000058
0.000044
0.000057
0.000054
0.000053
0.000045
0.000039
0.000049
0.000053
0.000051
0.000065
0.000051
0.000063
0.000064
0.000059
0.000118
0.000228
0.000367
0.000088
0.000357
0.000551
-0.000006
-0.000039
0.000051
0.000056
0.000054
0.000057
0.000066
0.000113
0.000034
0.000097
0.000079
-0.000081
-0.013184
-0.008706
-0.005692
-0.003313
-0.003777
-0.002981
-0.000625
0.000060
0.000027
0.000044
0.000051
0.000051
0.000051
0.000042
0.000049
0.000015
0.000024
0.000185
0.000068
0.000018
-0.000061
0.000008
0.000061
0.000022
0.000047
0.000046
0.000047
0.000035
0.000050
0.000040
0.000050
0.000043
0.000047
0.000054
0.000066
0.000063
0.000060
0.000067
0.000062
0.000061
0.000054
0.000055
0.000050
0.000050
0.000054
0.000053
0.000047
0.000059
0.000065
0.000056
0.000066
0.000061
0.000063
0.000065
0.000055
0.000089
-0.000239
-0.000090
-0.000219
-0.000040
-0.000032
0.000016
0.000053
0.000057
0.000056
0.000054
0.000050
0.000048
0.000047
0.000043
0.000049
0.000054
0.000052
-0.000339
-0.006572
-0.005144
-0.003640
-0.003002
-0.001277
0.000698
0.000049
0.000029
0.000037
0.000038
0.000039
0.000042
0.000038
0.000036
0.000037
0.000059
0.000057
0.000041
0.000047
0.000035
-0.000060
-0.000058
0.000033
0.000040
0.000037
0.000044
0.000040
0.000051
0.000051
0.000058
0.000054
0.000057
0.000059
0.000068
0.000059
0.000057
0.000066
0.000066
0.000069
0.000053
0.000056
0.000044
0.000051
0.000059
0.000061
0.000055
0.000056
0.000051
0.000060
0.000064
0.000066
0.000073
0.000071
0.000052
0.000081
0.000045
0.000034
0.000062
0.000074
0.000040
0.000050
0.000054
0.000059
0.000062
0.000058
0.000057
0.000054
0.000052
0.000056
0.000055
0.000056
0.000054
0.000048
-0.000723
-0.003239
-0.003201
-0.002942
-0.000089
0.001324
0.000206
0.000047
0.000033
0.000045
0.000041
0.000038
0.000040
0.000048
0.000048
0.000049
0.000026
0.000047
0.000044
0.000045
0.000033
0.000041
0.000046
0.000038
0.000038
0.000022
0.000046
0.000054
0.000061
0.000063
0.000063
0.000058
0.000053
0.000053
0.000067
0.000064
0.000058
0.000068
0.000063
0.000048
0.000031
0.000050
0.000053
0.000062
0.000066
0.000063
0.000056
0.000053
0.000058
0.000067
0.000083
0.000086
0.000079
0.000073
0.000069
0.000069
0.000072
0.000064
0.000065
0.000058
0.000062
0.000060
0.000061
0.000061
0.000061
0.000062
0.000066
0.000060
0.000064
0.000059
0.000055
0.000057
0.000056
0.000053
-0.000663
-0.000920
-0.002536
0.000513
0.000893
0.000121
0.000058
0.000053
0.000051
0.000043
0.000037
0.000043
0.000045
0.000047
0.000050
0.000053
0.000047
0.000043
0.000048
0.000054
0.000049
0.000041
0.000038
0.000039
-0.000130
0.000034
0.000064
0.000066
0.000069
0.000060
0.000051
0.000055
0.000053
0.000065
0.000061
0.000060
0.000061
0.000059
0.000058
0.000041
0.000049
0.000046
0.000055
0.000059
0.000057
0.000053
0.000046
0.000050
0.000048
0.000061
0.000068
0.000081
0.000072
0.000067
0.000065
0.000074
0.000072
0.000071
0.000068
0.000066
0.000060
0.000060
0.000065
0.000058
0.000055
0.000056
0.000062
0.000063
0.000062
0.000057
0.000057
0.000059
0.000058
0.000057
0.000046
-0.000102
0.000390
0.000365
0.000077
0.000047
0.000049
0.000050
0.000047
0.000043
0.000048
0.000052
0.000051
0.000051
0.000051
0.000046
0.000046
0.000053
0.000053
0.000045
0.000040
0.000033
0.000023
0.000040
0.000050
0.000062
0.000060
0.000057
0.000056
0.000049
0.000054
0.000052
0.000064
0.000064
0.000059
0.000060
0.000063
0.000062
0.000053
0.000049
0.000048
0.000052
0.000057
0.000058
0.000053
0.000050
0.000063
0.000075
0.000063
0.000063
0.000070
0.000070
0.000082
0.000076
0.000079
0.000081
0.000076
0.000074
0.000075
0.000064
0.000064
0.000070
0.000068
0.000070
0.000069
0.000061
0.000060
0.000058
0.000061
0.000059
0.000056
0.000056
0.000050
0.000045
0.000050
0.000062
0.000115
0.000055
0.000042
0.000044
0.000042
0.000046
0.000037
0.000035
0.000049
0.000051
0.000043
0.000047
0.000047
0.000052
0.000050
0.000048
0.000040
0.000036
0.000036
0.000037
0.000045
0.000053
0.000052
0.000049
0.000048
0.000053
0.000059
0.000054
0.000058
0.000061
0.000060
0.000058
0.000060
0.000056
0.000040
0.000051
0.000058
0.000053
0.000056
0.000062
0.000059
0.000051
0.000054
0.000061
0.000068
0.000089
0.000082
0.000076
0.000072
0.000078
0.000077
0.000075
0.000079
0.000074
0.000074
0.000074
0.000064
0.000054
0.000068
0.000070
0.000070
0.000064
0.000062
0.000062
0.000060
0.000060
0.000057
0.000058
0.000057
0.000047
0.000053
0.000047
0.000048
0.000055
0.000045
0.000041
0.000041
0.000042
0.000043
0.000044
0.000043
0.000044
0.000050
-0.000056
0.000026
0.000044
0.000049
0.000047
0.000042
0.000041
0.000037
0.000035
0.000039
0.000029
0.000006
0.000028
0.000049
0.000054
0.000058
0.000061
0.000060
0.000062
0.000050
0.000050
0.000048
0.000045
0.000050
0.000042
0.000056
0.000057
0.000055
0.000053
0.000057
0.000054
0.000047
0.000050
0.000061
0.000074
0.000078
0.000085
0.000077
0.000076
0.000081
0.000081
0.000074
0.000077
0.000074
0.000078
0.000076
0.000075
0.000069
0.000065
0.000064
0.000064
0.000064
0.000062
0.000059
0.000062
0.000054
0.000054
0.000053
0.000051
0.000053
0.000051
0.000049
0.000047
0.000049
0.000044
0.000040
0.000041
0.000042
0.000042
0.000039
0.000044
0.000050
0.000049
0.000045
0.000043
0.000047
0.000052
0.000049
0.000044
0.000038
0.000041
0.000038
0.000041
0.000033
0.000028
