0.000871
0.000821
0.001071
0.000632
0.001066
0.001374
0.001302
0.000438
0.001315
0.001136
0.000848
-0.000603
0.001110
0.001089
0.001168
0.001485
0.001433
0.001408
0.001161
0.001045
0.001146
0.001031
0.000889
0.000849
0.000797
0.000735
0.000875
0.000895
0.000930
0.000814
0.000680
0.000451
0.000509
0.000845
0.000891
0.000939
0.000963
0.000928
0.000794
0.000727
0.000555
0.000485
0.000457
0.000496
0.000506
0.000452
0.000438
0.000357
0.000374
0.000480
0.000582
0.000377
0.000386
0.000307
0.000314
0.000366
0.000323
0.000369
0.000350
0.000353
0.000478
0.000474
0.000612
0.000520
0.000435
0.000379
-0.001158
-0.000230
0.000015
-0.000012
0.000061
-0.000289
0.000195
0.000998
0.000993
0.000960
0.000896
0.000978
0.001060
0.001136
0.001230
0.001061
0.001106
0.000692
0.000759
0.000829
0.000907
0.001041
0.000938
0.001149
0.000987
0.001270
0.001113
0.001026
0.001088
0.001027
0.001127
0.001096
0.001100
0.001035
0.001036
0.001114
0.001018
0.000804
0.000697
0.000430
0.000846
0.000926
0.000707
0.000730
0.000777
0.000679
0.000481
0.000440
0.000493
0.000420
0.000449
0.000440
0.000436
0.000415
0.000429
0.000398
0.000491
0.000543
0.000372
0.000421
0.000379
0.000379
0.000365
0.000438
0.000428
0.000503
0.000502
0.000550
0.000582
0.000475
0.000470
0.000519
0.000543
0.000431
0.000485
0.000410
0.000402
0.000323
0.000336
0.000227
0.001040
0.001081
0.001033
0.001043
0.001131
0.001033
0.000993
0.001044
0.001106
0.001054
0.001117
0.000725
0.000791
0.001043
0.000837
0.001013
0.000944
0.001134
0.001155
0.001090
0.000960
0.000950
0.001066
0.001019
0.001079
0.001023
0.001092
0.001008
0.000940
0.001048
0.000824
0.000554
0.000562
0.000815
0.000425
0.000876
0.000618
0.000783
0.000682
0.000647
0.000591
0.000571
0.000411
0.000462
0.000428
0.000406
0.000434
0.000371
0.000406
0.000465
0.000581
0.000465
0.000537
0.000334
0.000376
0.000436
0.000443
0.000406
0.000396
0.000442
0.000488
0.000556
0.000512
0.000541
0.000434
0.000395
0.000453
0.000475
0.000387
0.000411
0.000448
0.000412
0.000684
0.000935
0.000993
0.000991
0.001043
0.000916
0.000706
0.000800
0.000914
0.001101
0.001137
0.001095
0.000908
0.000738
0.000927
0.000611
0.000922
0.000915
0.000972
0.001062
0.001073
0.000949
0.000896
0.000957
0.000985
0.000955
0.001019
0.001017
0.000982
0.000932
0.000920
0.000854
0.000755
0.000970
0.001620
0.001319
0.000847
0.000707
0.000765
0.000558
0.000617
0.000645
0.000665
0.000564
0.000492
0.000429
0.000337
0.000372
0.000425
0.000436
0.000573
0.000624
0.000528
0.000564
0.000344
0.000424
0.000385
0.000427
0.000467
0.000416
0.000457
0.000474
0.000481
0.000513
0.000481
0.000495
0.000444
0.000456
0.000428
0.000392
0.000420
0.000422
0.000442
0.000646
0.000756
0.000845
0.000938
0.000689
0.000546
0.000738
0.000807
0.001081
0.001072
0.000987
0.000850
0.000884
0.000767
0.000733
0.000557
0.000691
0.000799
0.001007
0.001132
0.001067
0.000833
0.000793
0.000791
0.000905
0.000949
0.000851
0.000955
0.000831
0.000989
0.000969
0.000850
0.000751
0.000821
0.000822
0.000267
0.000844
0.000802
0.000707
0.000480
0.000423
0.000551
0.000590
0.000526
0.000415
0.000379
0.000316
0.000316
0.000361
0.000493
0.000597
0.000633
0.000532
0.000479
0.000510
0.000364
0.000318
0.000364
0.000458
0.000427
0.000463
0.000433
0.000455
0.000436
0.000444
0.000496
0.000429
0.000408
0.000431
0.000355
0.000349
0.000373
0.000434
-0.002169
0.000416
0.000535
0.000565
0.000444
0.000507
0.000638
0.000855
0.001038
0.001092
0.000915
0.000845
0.000845
0.000750
0.000923
0.000768
0.000894
0.000712
0.000837
0.000941
0.000907
0.000887
0.000771
0.000784
0.000749
0.000754
0.000771
0.000870
0.000813
0.000830
0.001147
0.002621
0.000808
0.000346
-0.002016
-0.002037
0.000563
0.000763
0.000705
0.000569
0.000475
0.000485
0.000551
0.000523
0.000512
0.000509
0.000440
0.000371
0.000359
0.000410
0.000474
0.000552
0.000528
0.000467
0.000409
0.000326
0.000370
0.000347
0.000426
0.000421
0.000464
0.000432
0.000476
0.000487
0.000446
0.000503
0.000483
0.000481
0.000436
0.000440
0.000421
0.000439
0.000394
0.000440
0.000365
0.000702
0.000507
0.000318
0.000617
0.000820
0.000695
0.000937
0.000775
0.000919
0.000962
0.000833
0.000755
0.000937
0.001025
0.000920
0.000866
0.000799
0.000949
0.000987
0.000832
0.000730
0.000791
0.000699
0.000693
0.000797
0.000847
0.000848
0.000823
0.001150
0.005290
0.000596
0.000711
0.000845
0.000794
0.000804
0.000746
0.000705
0.000579
0.000441
0.000507
0.000488
0.000539
0.000543
0.000535
0.000395
0.000308
0.000355
0.000562
0.000479
0.000479
0.000372
0.000379
0.000347
0.000367
0.000328
0.000349
0.000379
0.000478
0.000455
0.000476
0.000501
0.000488
0.000418
0.000491
0.000594
0.000574
0.000460
0.000372
0.000374
0.000383
0.000472
0.000387
0.000865
0.000813
0.000780
0.000778
0.000767
0.000792
0.000397
0.000605
0.000729
0.000704
0.000694
0.000615
0.000636
0.000564
0.000956
0.001086
0.000859
0.000931
0.001051
0.000953
0.000903
0.000931
0.000849
0.000877
0.000747
0.000704
0.000912
0.001077
0.001002
0.000494
-0.001817
-0.002063
0.000481
0.000763
0.000805
0.000804
0.000607
0.000681
0.000661
0.000553
0.000686
0.000566
0.000543
0.000539
0.000465
0.000366
0.000336
0.000368
0.000413
0.000374
0.000330
0.000250
0.000339
0.000410
0.000357
0.000318
0.000345
0.000368
0.000439
0.000487
0.000518
0.000530
0.000482
0.000382
0.000631
0.000596
0.000501
0.000442
0.000499
0.000395
0.000328
0.000341
0.000258
0.000821
0.000719
0.000880
0.000786
0.001035
0.000885
0.000622
0.000773
0.000745
0.000697
0.000593
0.000482
0.000501
0.000235
0.000703
0.000984
0.001003
0.000816
0.000934
0.001061
0.000719
0.000676
0.000791
0.000991
0.000832
0.000886
0.001011
0.001048
0.001001
0.000784
-0.000012
0.000588
0.000832
0.000827
0.000814
0.000822
0.000826
0.000879
0.000742
0.000713
0.000746
0.000599
0.000582
0.000489
0.000501
0.000366
0.000359
0.000242
0.000300
0.000466
0.000406
0.000318
0.000371
0.000413
0.000408
0.000311
0.000291
0.000352
0.000468
0.000454
0.000474
0.000466
0.000480
0.000443
0.000499
0.000463
0.000501
0.000555
0.000534
0.000483
0.000408
0.000459
0.001326
0.000855
0.000767
0.000763
0.000893
0.001002
0.001004
0.000850
0.000895
0.000685
0.000833
0.000779
0.000685
0.000703
0.000583
0.000381
0.000825
0.001092
0.000674
0.000789
0.001020
0.000900
0.000557
0.000933
0.000851
0.000767
0.001093
0.000943
0.000963
0.000885
0.000841
0.000859
0.000814
0.000711
0.000723
0.000740
0.000854
0.000911
0.000769
0.000761
0.000868
0.000664
0.000552
0.000565
0.000510
0.000460
0.000444
0.000289
0.000200
0.000264
0.000409
0.000367
0.000377
0.000436
0.000459
0.000429
0.000339
0.000405
0.000353
0.000448
0.000461
0.000491
0.000529
0.000571
0.000474
0.000435
0.000435
0.000501
0.000482
0.000496
0.000505
0.000521
0.000399
0.000255
0.000844
0.000839
0.000868
0.000933
0.001028
0.001006
0.000950
0.000784
0.000712
0.000762
0.000868
0.000776
0.000764
0.000739
0.000502
0.000641
0.000884
0.001019
0.000796
0.000916
0.001175
0.000895
0.001055
0.000960
0.000799
0.001039
0.000890
0.000701
0.000939
0.000855
0.000882
0.000934
0.001012
0.000981
0.000675
0.000828
0.000869
0.000898
0.000701
0.000715
0.000657
0.000594
0.000569
0.000622
0.000595
0.000423
0.000296
0.000296
0.000284
0.000360
0.000434
0.000406
0.000503
0.000491
0.000548
0.000389
0.000401
0.000349
0.000403
0.000405
0.000416
0.000516
0.000445
0.000423
0.000414
0.000432
0.000506
0.000590
0.000503
0.000516
0.000529
0.000404
0.000195
0.000826
0.000833
0.000888
0.000933
0.001000
0.000903
0.000769
0.000725
0.000855
0.000739
0.000876
0.000872
0.000806
0.000783
0.000690
0.000499
0.000920
0.000980
0.000866
0.000726
0.000970
0.000981
0.000955
0.000869
0.000846
0.001025
0.001049
0.000944
0.000999
0.000890
0.000905
0.001044
0.001123
0.001028
0.000761
0.000867
0.000933
0.001015
0.000705
0.000653
0.000611
0.000532
0.000510
0.000544
0.000558
0.000410
0.000341
0.000372
0.000308
0.000426
0.000475
0.000487
0.000489
0.000526
0.000501
0.000416
0.000435
0.000452
0.000386
0.000474
0.000513
0.000500
0.000505
0.000487
0.000444
0.000489
0.000517
0.000549
0.000669
0.000624
0.000490
0.000482
0.000281
0.000887
0.000719
0.000772
0.000868
0.000896
0.000901
0.000738
0.000764
0.000825
0.000922
0.000858
0.000913
0.000825
0.000761
0.000790
0.000702
0.000806
0.000780
0.000797
0.000813
0.000863
0.000968
0.000970
0.000970
0.000957
0.001022
0.001140
0.000998
0.001013
0.001006
0.001007
0.001072
0.001311
0.001357
0.001121
0.001074
0.001013
0.001017
0.000929
0.000702
0.000599
0.000534
0.000477
0.000509
0.000532
0.000529
0.000397
0.000395
0.000355
0.000467
0.000554
0.000516
0.000482
0.000507
0.000440
0.000411
0.000350
0.000500
0.000510
0.000583
0.000477
0.000479
0.000523
0.000538
0.000461
0.000538
0.000557
0.000519
0.000543
0.000547
0.000459
0.000510
0.000725
0.000836
0.000825
0.000688
0.000732
0.000768
0.000835
0.000708
0.000784
0.000863
0.000932
0.000823
0.000768
0.000829
0.000690
0.000786
0.000745
0.000827
0.000824
0.000873
0.000802
0.000802
0.000215
-0.001205
-0.000803
-0.000398
0.000342
0.000558
0.000733
0.001194
0.001031
0.001074
0.001132
0.001302
0.001222
0.001169
0.001135
0.001039
0.000997
0.000885
0.000748
0.000498
0.000416
0.000413
0.000499
0.000538
0.000503
0.000583
0.000582
0.000460
0.000455
0.000449
0.000403
0.000508
0.000491
0.000457
0.000387
0.000430
0.000445
0.000512
0.000560
0.000400
0.000418
0.000524
0.000571
0.000436
0.000468
0.000567
0.000621
0.000451
0.000444
0.000524
0.000558
0.000377
0.000812
0.000751
0.000738
0.000628
0.000712
0.000775
0.000679
0.000724
0.000807
0.000775
0.000746
0.000768
0.000830
0.000691
0.000711
0.000754
0.000716
0.000782
0.000819
0.000816
0.000423
-0.004832
-0.020008
-0.020948
-0.014606
-0.011880
-0.018071
-0.017043
-0.001028
0.001068
0.001127
0.001173
0.001261
0.001316
0.001270
0.001196
0.001087
0.000963
0.000870
0.000791
0.000446
0.000197
0.000295
0.000492
0.000487
0.000524
0.000601
0.000670
0.000512
0.000496
0.000491
0.000444
0.000441
0.000435
0.000420
0.000389
0.000369
0.000250
0.000264
0.000447
0.000408
0.000413
0.000481
0.000626
0.000456
0.000460
0.000562
0.000630
0.000556
0.000481
0.000663
0.000689
0.000402
0.000865
0.000834
0.000786
0.000806
0.000677
0.000626
0.000699
0.000776
0.000632
0.000767
0.000700
0.000688
0.000736
0.000750
0.000808
0.000645
0.000610
0.000655
0.000782
0.000603
-0.001966
-0.002960
-0.009132
-0.011682
-0.008427
-0.013360
-0.019935
-0.064125
-0.035984
-0.013728
-0.000460
0.000921
0.001087
0.001263
0.001308
0.001178
0.001099
0.001017
0.000879
0.000827
0.000333
0.000089
0.000227
0.000383
0.000557
0.000426
0.000575
0.000659
0.000549
0.000481
0.000481
0.000496
0.000433
0.000474
0.000442
0.000412
0.000518
0.000400
0.000292
0.000378
0.000369
0.000322
0.000424
0.000546
0.000576
0.000506
0.000534
0.000518
0.000554
0.000452
0.000620
0.000781
0.000564
0.000917
0.000791
0.000803
0.000825
0.000696
0.000649
0.000623
0.000632
0.000538
0.000669
0.000669
0.000760
0.000778
0.000687
0.000637
0.000597
0.000751
0.000565
0.000980
0.000938
-0.000489
-0.008287
-0.022558
-0.015620
-0.012546
-0.012824
-0.018105
-0.049550
-0.055182
0.000296
0.001315
0.001243
0.001127
0.001126
0.001241
0.001384
0.001134
0.000955
0.000856
0.000813
0.000437
0.000034
0.000320
0.000593
0.000594
0.000528
0.000527
0.000584
0.000576
0.000504
0.000536
0.000532
0.000479
0.000490
0.000487
0.000530
0.000561
0.000570
0.000423
0.000342
0.000325
0.000429
0.000325
0.000521
0.000568
0.000486
0.000445
0.000418
0.000605
0.000557
0.000597
0.000821
-0.001100
0.000956
0.000888
0.000866
0.000808
0.000718
0.000662
0.000700
0.000717
0.000649
0.000593
0.000640
0.000673
0.000594
0.000570
0.000448
0.000335
0.000659
0.000498
0.000782
0.000507
0.000280
0.000141
-0.000479
-0.000879
-0.000891
0.002037
-0.004412
-0.032919
-0.002676
0.001464
0.001373
0.001387
0.001200
0.001319
0.001368
0.001354
0.001178
0.001118
0.000986
0.000819
0.000640
0.000419
0.000511
0.000567
0.000566
0.000466
0.000485
0.000535
0.000607
0.000506
0.000434
0.000497
0.000520
0.000561
0.000515
0.000598
0.000639
0.000596
0.000309
0.000285
0.000356
0.000314
0.000430
0.000522
0.000632
0.000451
0.000477
0.000430
0.000562
0.000706
0.000763
0.000941
0.000910
0.000932
0.000893
0.000841
0.000652
0.000680
0.000660
0.000586
0.000558
0.000644
0.000619
0.000597
0.000448
0.000421
0.000097
-0.000199
-0.000284
0.001793
0.000737
0.000610
0.000517
0.000727
0.000893
0.001007
0.001336
0.001134
0.001357
0.004707
-0.004010
0.003408
0.001616
0.001584
0.001931
0.002004
0.002203
0.002906
0.002614
0.001427
0.001105
0.001031
0.000889
0.000775
0.000613
0.000507
0.000466
0.000488
0.000497
0.000458
0.000543
0.000491
0.000437
0.000302
0.000494
0.000527
0.000593
0.000615
0.000678
0.000583
0.000572
0.000374
0.000417
0.000477
0.000468
0.000466
0.000488
0.000613
0.000535
0.000545
0.000602
0.000807
0.000712
0.000563
0.000592
0.001010
0.000894
0.000871
0.000711
0.000597
0.000687
0.000679
0.000628
0.000492
0.000611
0.000442
0.000516
0.000427
0.000081
0.000673
0.000379
0.000372
0.000990
0.000652
0.000661
0.000868
0.000810
0.000944
0.000869
0.001325
0.000533
-0.005207
-0.000991
0.004483
0.012989
0.011258
0.010601
0.015464
0.017407
0.018535
0.023504
0.020482
0.007312
0.004119
0.002365
0.002231
0.001243
0.000731
0.000506
0.000488
0.000504
0.000544
0.000491
0.000449
0.000371
0.000429
0.000375
0.000545
0.000597
0.000631
0.000579
0.000619
0.000639
0.000509
0.000404
0.000512
0.000364
0.000553
0.000494
0.000471
0.000613
0.000640
0.000466
0.000683
0.000704
0.000694
0.000752
0.000874
0.001063
0.000912
0.000800
0.000527
0.000526
0.000557
0.000641
0.000625
0.000475
0.000498
0.000434
0.000430
0.000647
-0.002205
-0.001742
0.003659
0.001399
0.000530
0.000445
0.000764
0.000890
0.001108
0.000954
0.000908
0.000243
-0.004771
-0.003316
0.003058
0.003560
0.010648
0.016391
0.022012
0.018424
0.017476
0.020645
0.028355
0.023115
0.014459
0.009066
0.009682
0.006012
0.002583
0.002770
0.000735
0.000537
0.000558
0.000606
0.000627
0.000465
0.000396
0.000485
0.000502
0.000590
0.000562
0.000584
0.000637
0.000741
0.000662
0.000597
0.000706
0.000534
0.000329
0.000435
0.000505
0.000578
0.000775
0.000756
0.000805
0.000803
0.000921
0.000972
0.000979
0.000856
-0.000596
0.000856
0.000866
0.000542
0.000481
0.000564
0.000610
0.000568
0.000503
0.000453
0.000450
0.000412
0.000029
-0.001433
-0.002350
0.010797
0.003886
0.001956
0.000612
0.000894
0.000558
0.001140
0.000596
-0.000514
0.007222
0.012296
0.015376
0.012249
0.006484
0.008833
0.002515
0.016825
0.019201
0.015374
0.015269
0.025052
0.019469
0.015225
0.011041
0.006076
0.008908
0.004284
0.003210
0.002741
0.001045
0.000676
0.000598
0.000626
0.000557
0.000459
0.000545
0.000634
0.000619
0.000582
0.000669
0.000745
0.000740
0.000816
0.000616
0.000606
0.000526
0.000469
0.000269
0.000567
0.000624
0.000839
0.000990
0.000935
0.000955
0.000963
0.001072
0.000911
0.000807
0.000978
0.000809
0.000683
0.000579
0.000474
0.000541
0.000587
0.000632
0.000527
0.000479
0.000469
0.000266
0.000263
0.000177
-0.003082
0.003812
0.009145
0.002828
0.001516
0.001014
0.001157
0.000905
0.009414
0.012543
0.017065
0.017500
0.020627
0.020780
0.013243
0.013859
0.007501
0.004814
0.007178
0.006180
0.005731
0.015928
0.018564
0.013111
0.008397
0.004759
0.004527
0.004370
0.005593
0.007764
0.008532
0.002777
0.000364
0.000599
0.000580
0.000623
0.000585
0.000615
0.000690
0.000688
0.000700
0.000809
0.000876
0.000864
0.000682
0.000621
0.000795
0.000488
0.000044
0.000436
0.000779
0.000934
0.001031
0.001106
0.001081
0.000907
0.000879
0.000947
0.000829
0.000855
0.000738
0.000644
0.000604
0.000549
0.000473
0.000560
0.000629
0.000558
0.000337
0.000331
0.000360
0.000343
0.000217
-0.000951
-0.002583
0.012488
0.007650
0.003209
0.001759
0.001450
0.003716
0.014818
0.018227
0.021260
0.020469
0.022133
0.019888
0.009622
0.008095
0.007271
0.002358
0.002261
0.001651
0.001209
0.002273
0.009721
0.008477
0.005670
0.003569
0.003389
-0.002111
0.001577
0.004248
0.007124
0.000499
0.003117
0.000212
0.000599
0.000655
0.000742
0.000807
0.000733
0.000746
0.000676
0.000718
0.000723
0.000768
0.000805
0.000666
0.000764
0.000816
0.000484
0.000358
0.000776
0.001010
0.001018
0.001069
0.000960
0.000889
0.000792
0.000864
0.000902
0.000899
0.000634
0.000652
0.000617
0.000648
0.000506
0.000554
0.000618
0.000512
0.000378
0.000347
0.000344
0.000372
0.000450
0.000363
-0.005160
-0.001154
0.000994
0.005775
-0.000192
0.001860
-0.000139
-0.002318
-0.011468
-0.000033
0.013358
0.017167
0.019109
0.010376
0.002717
0.003678
0.002745
0.001755
0.001215
0.000624
0.000891
0.003596
0.003072
0.001813
0.000972
0.001787
-0.004506
-0.004033
0.000845
0.000041
-0.000908
-0.002627
-0.000121
0.001399
0.000576
0.000670
0.000698
0.000616
0.000575
0.000608
0.000713
0.000778
0.000982
0.001042
0.000996
0.001057
0.000957
0.000833
0.000274
0.000552
0.000911
0.000780
0.000924
0.000986
0.000851
0.000783
0.000798
0.000938
0.000938
0.000599
0.000571
0.000574
0.000623
0.000513
0.000491
0.000506
0.000476
0.000412
0.000331
0.000350
0.000382
0.000385
0.000412
-0.000256
-0.004095
-0.000146
-0.000142
0.000309
0.000442
0.000329
0.000329
0.000340
0.000329
-0.001743
-0.004378
0.001941
0.003816
0.000270
0.002400
0.003372
0.002508
0.001384
0.000780
0.001016
0.001057
0.000862
0.000060
-0.000859
-0.000395
-0.006364
-0.007372
-0.002030
-0.001488
-0.002847
-0.001248
-0.001456
0.000719
0.000294
-0.000495
0.000531
0.000435
0.000522
0.000543
0.000725
0.000862
0.001017
0.001069
0.000966
0.000784
0.000907
0.000741
0.000651
0.000629
0.000701
0.000950
0.000964
0.001010
0.000986
0.000844
0.000891
0.000875
0.000979
0.000432
0.000578
0.000531
0.000515
0.000446
0.000368
0.000276
0.000374
0.000266
0.000260
0.000305
0.000321
0.000306
0.000306
0.000321
0.000403
0.000130
0.000136
0.000217
0.000362
0.000377
0.000351
0.000543
0.000699
0.000547
0.000558
0.000849
0.001906
-0.001155
0.006693
0.005231
-0.006930
0.001860
0.000461
-0.000080
-0.000161
-0.004338
-0.005168
-0.007889
-0.009784
-0.011047
-0.009585
-0.004094
-0.002915
-0.000807
0.001139
0.001354
-0.003201
-0.007968
-0.007412
0.000129
0.000609
0.000739
0.000520
0.000954
0.001014
0.001030
0.000905
0.000847
0.000805
0.000926
0.000826
0.000492
0.000780
0.000860
0.000916
0.000942
0.000959
0.001021
0.001039
0.000962
0.001065
0.001027
0.000587
0.000412
0.000487
0.000579
0.000367
0.000303
0.000335
0.000336
0.000332
0.000251
0.000286
0.000228
0.000257
0.000254
0.000121
0.000110
-0.000022
0.000064
0.000110
0.000302
0.000407
0.000572
0.001051
-0.000151
-0.000152
0.002129
0.005532
0.009681
0.003863
-0.003378
-0.007766
-0.007357
-0.007287
-0.009438
-0.009619
-0.006922
-0.010822
-0.006239
-0.008613
-0.011466
-0.015222
-0.013995
-0.011678
-0.011940
-0.003406
0.001014
0.000683
-0.008369
-0.008187
-0.008228
0.000930
0.000734
0.000964
0.000711
0.000983
0.000881
0.000879
0.000856
0.000858
0.000800
0.000902
0.000833
0.000802
0.000745
0.000786
0.000950
0.000906
0.000965
0.001012
0.001056
0.000947
0.000978
0.000716
0.000394
0.000444
0.000522
0.000511
0.000422
0.000317
0.000407
0.000390
0.000370
0.000272
0.000216
0.000196
0.000117
0.000203
0.000189
0.000045
-0.000098
-0.000068
0.000121
0.000214
0.000495
-0.002540
-0.002246
0.000273
0.000138
-0.000804
0.003961
0.011622
0.012462
0.001709
-0.007228
-0.007269
-0.007406
-0.008392
-0.012046
-0.011382
-0.007804
-0.010980
-0.011580
-0.011399
-0.014177
-0.013179
-0.013124
-0.013348
-0.012320
-0.002260
-0.004552
-0.008787
-0.009065
-0.009685
-0.006882
0.000925
0.001099
0.001031
0.000957
0.001032
0.000915
0.000871
0.001006
0.000966
0.001035
0.000980
0.000729
0.000719
0.000588
0.000751
0.000824
0.000842
0.000979
0.000973
0.001062
0.000994
0.000420
0.000398
0.000342
0.000509
0.000504
0.000378
0.000326
0.000370
0.000306
0.000343
0.000296
0.000180
0.000266
0.000228
0.000153
0.000142
-0.000021
-0.000119
-0.000086
-0.000001
-0.000183
-0.000175
0.002054
-0.001732
-0.002089
-0.001281
0.001442
0.007127
0.010294
0.013575
0.004681
-0.008440
-0.008120
-0.007550
-0.007693
-0.010156
-0.009714
-0.011350
-0.009467
-0.006360
-0.013141
-0.014877
-0.015356
-0.011753
-0.013328
-0.012376
-0.013386
-0.012468
-0.014909
-0.013085
-0.011554
-0.010312
-0.005971
0.000913
0.001028
0.000815
0.000923
0.000999
0.001087
0.001005
0.001074
0.001157
0.000927
0.000372
0.000645
0.000560
0.000928
0.000928
0.000991
0.000981
0.001016
0.001131
0.000968
0.000602
0.000608
0.000480
0.000466
0.000429
0.000456
0.000355
0.000343
0.000350
0.000344
0.000313
0.000284
0.000217
0.000229
0.000156
0.000182
0.000099
-0.000066
-0.000035
-0.000309
-0.000413
0.001156
0.012313
0.009301
-0.003982
-0.001201
0.006725
0.011801
0.010997
0.011994
0.006280
-0.007541
-0.010181
-0.007011
-0.006893
-0.009309
-0.009839
-0.011056
-0.008518
-0.005526
-0.009267
-0.008675
-0.008390
-0.014090
-0.012512
-0.013348
-0.015826
-0.016544
-0.017103
-0.015872
-0.012383
-0.010160
-0.009426
-0.006864
0.000842
0.000864
0.001022
0.001185
0.001055
0.000996
0.001200
0.001154
0.001063
0.000787
0.000790
0.000779
0.000726
0.000897
0.001016
0.001031
0.001180
0.001139
0.000974
0.000628
0.000620
0.000385
0.000521
0.000477
0.000490
0.000456
0.000352
0.000296
0.000309
0.000279
0.000238
0.000211
0.000181
0.000188
0.000159
0.000208
0.000134
-0.000225
-0.000310
-0.000384
0.001050
0.014071
0.016972
0.005108
0.001796
0.017209
0.017721
0.011347
0.010299
0.005082
-0.006662
-0.010951
-0.006279
-0.006319
-0.006614
-0.010031
-0.009431
-0.009635
-0.006508
-0.010486
-0.011311
-0.013022
-0.012068
-0.009087
-0.013509
-0.012149
-0.017150
-0.018709
-0.018207
-0.012634
-0.014860
-0.008964
-0.008619
-0.008354
-0.005570
0.000765
0.000831
0.001015
0.001082
0.001103
0.001147
0.001051
0.000975
0.001187
0.000906
0.001121
0.001066
0.001136
0.001201
0.001146
0.000929
0.001000
0.000854
0.000487
0.000339
0.000488
0.000611
0.000509
0.000379
0.000378
0.000263
0.000311
0.000298
0.000253
0.000202
0.000274
0.000286
0.000266
0.000279
-0.000158
-0.000226
-0.000302
-0.000348
-0.000170
0.003720
0.014874
0.006503
0.006473
0.014248
0.016335
0.008302
0.005446
-0.003173
-0.010673
-0.013030
-0.010344
-0.007228
-0.005704
-0.010714
-0.009645
-0.012337
-0.007574
-0.011861
-0.013496
-0.014528
-0.013848
-0.011502
-0.010941
-0.008877
-0.010457
-0.018492
-0.018388
-0.015371
-0.011069
-0.007047
-0.007228
-0.006573
-0.007463
-0.004634
0.000731
0.001105
0.001001
0.000985
0.001101
0.001270
0.001248
0.001294
0.001151
0.001164
0.001244
0.001209
0.001096
0.001075
0.001062
0.001122
0.000693
0.000408
0.000477
0.000546
0.000565
0.000524
0.000538
0.000619
0.000672
0.001062
0.000162
0.000132
0.000204
0.000471
-0.000174
-0.000138
-0.000135
-0.000194
-0.000211
-0.000260
-0.000310
-0.000349
0.000364
0.011757
0.011725
0.009632
0.011485
0.013953
0.013999
0.010002
-0.006092
-0.009496
-0.013254
-0.012888
-0.007351
-0.005040
-0.009837
-0.010086
-0.011144
-0.010664
-0.015186
-0.013460
-0.015346
-0.013901
-0.009816
-0.008911
-0.009678
-0.008466
-0.005670
-0.016203
-0.015143
-0.007854
-0.005099
-0.004220
-0.003832
-0.005138
-0.004402
-0.002621
-0.000824
0.000965
0.001038
0.001209
0.001298
0.001183
0.001305
0.001178
0.001176
0.001219
0.001160
0.001300
0.001373
0.001204
0.000890
0.000834
0.000643
0.000629
0.000550
0.000524
0.000642
0.000539
0.000462
0.000521
0.000568
0.000748
0.000780
0.000807
-0.000080
-0.000186
-0.000172
-0.000124
-0.000154
-0.000197
-0.000219
-0.000252
-0.000259
0.000730
0.000670
0.000612
0.001584
0.002344
0.002620
0.002783
0.007806
-0.003307
-0.005435
-0.009421
-0.011133
-0.007838
-0.006042
-0.008144
-0.009304
-0.012104
-0.013452
-0.016284
-0.014068
-0.015158
-0.012662
-0.008519
-0.007483
-0.008969
-0.009619
-0.006805
-0.004650
-0.006785
-0.004951
-0.000733
-0.000831
-0.002257
-0.002184
-0.000984
0.000324
0.002780
0.007900
0.005380
0.001714
0.001277
0.001334
0.000987
0.001206
0.001246
0.001360
0.001366
0.001424
0.001380
0.001218
0.001023
0.001005
0.000633
0.000623
0.000624
0.000560
0.000708
0.000575
0.000598
0.000550
0.000503
0.000522
0.000668
0.000661
0.000789
0.000888
0.001003
0.000871
0.000845
0.000927
0.000695
0.000506
0.000395
0.000563
0.000649
0.000696
0.000821
0.000892
0.001025
0.002468
0.016573
0.014822
0.004069
-0.008241
-0.009073
-0.004683
-0.004900
-0.005197
-0.010409
-0.010948
-0.014848
-0.016885
-0.015830
-0.012865
-0.011415
-0.011605
-0.007764
-0.008426
-0.009805
-0.009032
-0.004898
-0.002325
-0.002269
0.000524
-0.000288
-0.000845
0.000682
0.001821
0.002364
0.005857
0.011510
0.002378
0.002369
0.002365
0.001334
0.001322
0.001321
0.001388
0.001550
0.001478
0.001311
0.001359
0.001390
0.001115
0.001175
0.000583
0.000554
0.000518
0.000504
0.000609
0.000609
0.000632
0.000663
0.000529
0.000724
0.000715
0.000678
0.000526
0.000674
0.000764
0.000624
0.000722
0.000626
0.000533
0.000369
0.000491
0.000556
0.000612
0.000665
0.000732
0.000805
0.000963
0.001531
0.004729
0.018415
0.013622
0.003497
0.002322
0.006623
0.018849
0.016794
0.000674
-0.007562
-0.013124
-0.013482
-0.014768
-0.010042
-0.008698
-0.009476
-0.009434
-0.007885
-0.009242
-0.008899
-0.008163
-0.008309
-0.002479
0.002454
0.003833
0.004031
0.004775
0.005537
0.007172
0.009899
0.003578
0.002173
0.002432
0.002351
0.002153
0.001687
0.001535
0.001664
0.001637
0.001645
0.001524
0.001384
0.000999
0.000988
0.000952
0.000597
0.000615
0.000561
0.000419
0.000591
0.000816
0.000887
0.000548
0.000285
0.000347
0.000439
0.000600
0.000813
0.000625
0.000643
0.000519
0.000594
0.000603
0.000588
0.000514
0.000501
0.000586
0.000603
0.000622
0.000771
0.000872
0.000842
0.001105
0.002104
0.009908
0.016735
0.009007
0.004461
0.003291
0.010920
0.013083
0.002057
0.001092
0.000625
0.000577
0.000744
0.000620
0.000550
0.000968
-0.007753
-0.010808
-0.011691
-0.011088
-0.010236
-0.009382
-0.008785
0.002596
0.007861
0.005957
0.007790
0.007875
0.008085
0.002429
0.002371
0.002215
0.002272
0.002094
0.002158
0.002127
0.002135
0.001768
0.001683
0.001560
0.001261
0.001243
0.000725
0.000662
0.001073
0.000754
0.000677
0.000651
0.000660
0.000537
0.000884
0.000863
0.000487
0.000310
0.000167
0.000345
0.000580
0.000667
0.000712
0.000656
0.000622
0.000630
0.000602
0.000623
0.000600
0.000520
0.000516
0.000538
0.000696
0.000740
0.000755
0.000776
0.001019
0.001430
0.002171
0.006125
0.011383
0.009060
0.004475
0.004040
0.001098
0.000968
0.001130
0.001215
0.001060
0.000948
0.001081
0.001136
0.001219
0.002682
-0.012091
-0.014790
-0.014337
-0.013457
-0.009986
-0.007369
0.001197
-0.002193
-0.005297
0.003027
0.000980
0.001777
0.001682
0.001804
0.002256
0.002227
0.001991
0.002281
0.002366
0.002164
0.001865
0.002025
0.001456
0.000942
0.000671
0.000719
0.000364
0.000952
0.000872
0.000772
0.000689
0.000562
0.000565
0.000607
0.000549
0.000641
0.000427
0.000191
0.000364
0.000385
0.000571
0.000803
0.000585
0.000644
0.000725
0.000657
0.000673
0.000630
0.000555
0.000652
0.000574
0.000695
0.000720
0.000701
0.000670
0.000861
0.001116
0.001292
0.001343
0.001874
0.004135
0.002629
0.000427
0.000966
0.000996
0.001173
0.001307
0.001088
0.001213
0.001186
0.000987
0.001207
0.001279
0.003321
-0.011118
-0.011820
-0.010273
-0.008138
-0.002780
-0.002079
0.001735
0.002375
0.002415
0.002103
0.002210
0.001948
0.001908
0.002309
0.002355
0.002191
0.002291
0.002120
0.002258
0.002344
0.002048
0.001586
0.001231
0.000762
0.000794
0.000522
0.000558
0.000899
0.000816
0.000637
0.000662
0.000422
0.000377
0.000570
0.000569
0.000603
0.000345
0.000431
0.000561
0.000661
0.000729
0.000599
0.000702
0.000787
0.000740
0.000680
0.000655
0.000654
0.000720
0.000753
0.000747
0.000873
0.000757
0.000728
0.000836
0.001269
0.001265
0.000951
0.000916
0.001209
0.001330
0.001117
0.000869
0.000932
0.001200
0.001389
0.001317
0.000984
0.001061
0.001256
0.001114
0.001208
0.001221
0.002792
-0.004319
-0.002941
-0.002439
-0.012446
-0.019281
0.000325
0.002521
0.002229
0.002118
0.001879
0.001714
0.001730
0.002101
0.002331
0.002298
0.002205
0.002241
0.002263
0.002284
0.001956
0.001776
0.001287
0.001165
0.001217
0.000763
0.000401
0.000825
0.000750
0.000698
0.000586
0.000301
0.000025
0.000274
0.000728
0.000745
0.000583
0.000498
0.000611
0.000859
0.000895
0.000780
0.000677
0.000815
0.000789
0.000675
0.000635
0.000606
0.000639
0.000738
0.000741
0.000829
0.001012
0.000905
0.000950
0.001234
0.001372
0.001205
0.001033
0.001306
0.001217
0.001315
0.001064
0.001094
0.001383
0.001420
0.001270
0.001043
0.001046
0.001204
0.001280
0.001093
0.001234
0.001721
0.001951
0.001392
0.000203
0.001277
0.002093
0.002087
0.001993
0.002211
0.002040
0.002157
0.002086
0.002101
0.002201
0.002094
0.002194
0.002380
0.002478
0.002114
0.001789
0.001777
0.001507
0.001344
0.001230
0.001317
0.000947
0.000602
0.000663
0.000699
0.000582
0.000586
0.000257
-0.000101
0.000503
0.000713
0.000800
0.000707
0.000575
0.000526
0.000745
0.000892
0.000839
0.000744
0.000788
0.000799
0.000630
0.000576
0.000632
0.000586
0.000754
0.000831
0.000836
0.000930
0.000974
0.001223
0.001321
0.001394
0.001164
0.001158
0.001157
0.001181
0.001376
0.001231
0.001266
0.001002
0.001072
0.001151
0.001207
0.001192
0.001330
0.001231
0.001293
0.001240
0.001547
0.001877
0.001833
0.001943
0.002153
0.001599
0.001829
0.001951
0.002116
0.002050
0.002218
0.002459
0.002452
0.002182
0.002116
0.002125
0.002237
0.002141
0.001808
0.001766
0.001773
0.001658
0.001436
0.001301
0.001356
0.001082
0.000803
0.000681
0.000706
0.000599
0.000554
0.000484
0.000266
0.000402
0.000879
0.000838
0.000726
0.000677
0.000662
0.000700
0.000734
0.000748
0.000725
0.000699
0.000750
0.000607
0.000622
0.000631
0.000634
0.000703
0.000857
0.000908
0.001030
0.000577
0.000694
0.001344
0.001475
0.001473
0.001363
0.001152
0.001598
0.001429
0.001360
0.001136
0.000871
0.001015
0.001250
0.001294
0.001362
0.001305
0.001247
0.001396
0.001298
0.001421
0.001635
0.001599
0.001542
0.001524
0.001342
0.001963
0.002104
0.002118
0.002245
0.002496
0.002343
0.002417
0.002286
0.001642
0.002031
0.002131
0.001961
0.001908
0.001895
0.002003
0.001889
0.001845
0.001202
0.001226
0.001097
0.001068
0.000679
0.000683
0.000624
0.000571
0.000440
0.000396
0.000657
0.000923
0.001065
0.001024
0.000739
0.000611
0.000759
0.000669
0.000849
0.000729
0.000702
0.000723
0.000617
0.000561
0.000589
0.000568
0.000604
0.000968
0.000917
0.000905
0.000471
0.000783
0.001320
0.001421
0.001350
0.000996
0.001183
0.001553
0.001482
0.001357
0.001169
0.001134
0.001326
0.001223
0.001318
0.001261
0.001254
0.001272
0.001168
0.001128
0.001246
0.001150
0.001487
0.001491
0.001546
0.001267
0.001984
0.002191
0.001960
0.002468
0.002392
0.002270
0.002373
0.002111
0.001671
0.001852
0.002203
0.002231
0.002200
0.001814
0.001920
0.001980
0.001824
0.001447
0.000895
0.000971
0.001055
0.000692
0.000597
0.000638
0.000709
0.000505
0.000612
0.000679
0.000819
0.001018
0.000971
0.000919
0.000583
0.000598
0.000685
0.000763
0.000901
0.000696
0.000649
0.000715
0.000629
0.000610
0.000719
0.000741
0.000925
0.000791
0.000834
0.000731
0.000780
0.001156
0.001204
0.001167
0.001542
0.001584
0.001636
0.001581
0.001424
0.001244
0.001066
0.001112
0.001173
0.001331
0.001336
0.001352
0.001568
0.001573
0.001283
0.001477
0.001497
0.001694
0.001891
0.002016
0.001797
0.001818
0.001844
0.002215
0.002142
0.002493
0.002289
0.002032
0.001747
0.001806
0.001927
0.002198
0.002218
0.002098
0.001968
0.001980
0.001691
0.001594
0.001262
0.000830
0.000778
0.001296
