-0.000062
-0.000062
-0.000045
0.000632
-0.000064
-0.000069
-0.000056
0.000438
-0.000040
-0.000048
-0.000064
-0.000603
-0.000061
-0.000059
-0.000055
-0.000046
-0.000039
-0.000036
-0.000040
-0.000032
-0.000031
-0.000026
-0.000029
-0.000030
-0.000035
-0.000032
-0.000037
-0.000035
-0.000037
-0.000027
-0.000031
-0.000033
-0.000037
-0.000037
-0.000040
-0.000033
-0.000027
-0.000033
-0.000034
-0.000032
-0.000032
-0.000028
-0.000026
-0.000027
-0.000022
-0.000020
-0.000016
-0.000020
-0.000022
-0.000023
-0.000019
-0.000018
-0.000012
-0.000013
-0.000014
-0.000021
-0.000018
-0.000017
-0.000018
-0.000021
-0.000027
-0.000033
-0.000027
-0.000019
-0.000001
0.000006
-0.001158
0.000002
0.000002
-0.000002
0.000061
-0.000002
0.000195
-0.000060
-0.000065
-0.000060
-0.000048
-0.000059
-0.000057
-0.000052
-0.000061
-0.000053
-0.000048
-0.000053
-0.000061
-0.000052
-0.000052
-0.000058
-0.000052
-0.000044
-0.000046
-0.000052
-0.000037
-0.000028
-0.000026
-0.000031
-0.000031
-0.000032
-0.000032
-0.000031
-0.000034
-0.000038
-0.000027
-0.000029
-0.000037
-0.000035
-0.000042
-0.000038
-0.000037
-0.000031
-0.000025
-0.000033
-0.000031
-0.000027
-0.000033
-0.000027
-0.000028
-0.000023
-0.000023
-0.000017
-0.000018
-0.000020
-0.000022
-0.000019
-0.000016
-0.000013
-0.000017
-0.000020
-0.000018
-0.000022
-0.000014
-0.000019
-0.000018
-0.000021
-0.000021
-0.000025
-0.000022
-0.000018
-0.000020
-0.000026
-0.000029
-0.000027
-0.000023
-0.000020
-0.000019
-0.000034
-0.000065
-0.000065
-0.000051
-0.000051
-0.000047
-0.000052
-0.000051
-0.000056
-0.000065
-0.000055
-0.000063
-0.000051
-0.000050
-0.000045
-0.000042
-0.000038
-0.000045
-0.000050
-0.000045
-0.000041
-0.000029
-0.000019
-0.000024
-0.000025
-0.000032
-0.000036
-0.000035
-0.000036
-0.000043
-0.000036
-0.000035
-0.000034
-0.000038
-0.000031
-0.000032
-0.000036
-0.000036
-0.000030
-0.000025
-0.000027
-0.000033
-0.000032
-0.000029
-0.000030
-0.000026
-0.000021
-0.000019
-0.000014
-0.000014
-0.000025
-0.000026
-0.000022
-0.000014
-0.000018
-0.000016
-0.000019
-0.000018
-0.000020
-0.000018
-0.000019
-0.000023
-0.000023
-0.000021
-0.000022
-0.000016
-0.000018
-0.000018
-0.000018
-0.000026
-0.000023
-0.000017
-0.000018
-0.000023
-0.000061
-0.000057
-0.000056
-0.000052
-0.000044
-0.000049
-0.000061
-0.000062
-0.000059
-0.000058
-0.000057
-0.000051
-0.000044
-0.000047
-0.000044
-0.000037
-0.000051
-0.000044
-0.000047
-0.000042
-0.000028
-0.000025
-0.000027
-0.000029
-0.000029
-0.000028
-0.000032
-0.000042
-0.000042
-0.000041
-0.000038
-0.000033
-0.000033
-0.000039
-0.000035
-0.000034
-0.000033
-0.000035
-0.000032
-0.000031
-0.000024
-0.000030
-0.000031
-0.000029
-0.000026
-0.000021
-0.000018
-0.000016
-0.000020
-0.000016
-0.000022
-0.000020
-0.000021
-0.000020
-0.000017
-0.000020
-0.000023
-0.000020
-0.000022
-0.000019
-0.000018
-0.000016
-0.000015
-0.000021
-0.000021
-0.000016
-0.000013
-0.000020
-0.000021
-0.000019
-0.000019
-0.000019
-0.000026
-0.000066
-0.000061
-0.000059
-0.000047
-0.000049
-0.000054
-0.000061
-0.000060
-0.000054
-0.000056
-0.000055
-0.000058
-0.000046
-0.000051
-0.000051
-0.000042
-0.000039
-0.000046
-0.000045
-0.000040
-0.000037
-0.000032
-0.000027
-0.000022
-0.000027
-0.000028
-0.000030
-0.000039
-0.000039
-0.000038
-0.000041
-0.000037
-0.000028
-0.000036
-0.000036
-0.000028
-0.000035
-0.000030
-0.000021
-0.000022
-0.000027
-0.000021
-0.000027
-0.000010
-0.000027
-0.000017
-0.000019
-0.000016
-0.000017
-0.000017
-0.000016
-0.000018
-0.000016
-0.000018
-0.000021
-0.000016
-0.000018
-0.000019
-0.000019
-0.000022
-0.000015
-0.000021
-0.000024
-0.000026
-0.000021
-0.000020
-0.000016
-0.000020
-0.000017
-0.000020
-0.000025
-0.000022
-0.002169
-0.000055
-0.000057
-0.000058
-0.000055
-0.000043
-0.000052
-0.000050
-0.000057
-0.000051
-0.000050
-0.000054
-0.000057
-0.000052
-0.000050
-0.000048
-0.000050
-0.000042
-0.000046
-0.000045
-0.000038
-0.000041
-0.000036
-0.000026
-0.000022
-0.000028
-0.000027
-0.000029
-0.000031
-0.000033
-0.000031
-0.000036
-0.000033
-0.000029
-0.000029
-0.000026
-0.000021
-0.000026
-0.000033
-0.000023
-0.000024
-0.000026
-0.000026
-0.000023
-0.000029
-0.000027
-0.000022
-0.000018
-0.000017
-0.000016
-0.000018
-0.000016
-0.000014
-0.000009
-0.000014
-0.000020
-0.000017
-0.000019
-0.000018
-0.000023
-0.000021
-0.000021
-0.000016
-0.000020
-0.000023
-0.000023
-0.000022
-0.000017
-0.000011
-0.000018
-0.000019
-0.000022
-0.000023
-0.000029
-0.000065
-0.000063
-0.000053
-0.000052
-0.000055
-0.000048
-0.000058
-0.000058
-0.000063
-0.000049
-0.000046
-0.000053
-0.000044
-0.000045
-0.000052
-0.000051
-0.000044
-0.000045
-0.000044
-0.000029
-0.000036
-0.000035
-0.000033
-0.000032
-0.000030
-0.000030
-0.000029
-0.000031
-0.000029
-0.000029
-0.000029
-0.000033
-0.000031
-0.000038
-0.000034
-0.000027
-0.000030
-0.000031
-0.000023
-0.000023
-0.000026
-0.000031
-0.000024
-0.000027
-0.000029
-0.000023
-0.000019
-0.000017
-0.000019
-0.000021
-0.000020
-0.000011
-0.000016
-0.000010
-0.000014
-0.000019
-0.000017
-0.000023
-0.000025
-0.000024
-0.000018
-0.000017
-0.000014
-0.000013
-0.000019
-0.000015
-0.000020
-0.000015
-0.000020
-0.000021
-0.000027
-0.000022
-0.000024
-0.000056
-0.000047
-0.000061
-0.000055
-0.000059
-0.000050
-0.000056
-0.000055
-0.000049
-0.000042
-0.000041
-0.000040
-0.000046
-0.000049
-0.000046
-0.000051
-0.000045
-0.000041
-0.000047
-0.000046
-0.000043
-0.000039
-0.000039
-0.000038
-0.000029
-0.000030
-0.000031
-0.000031
-0.000028
-0.000027
-0.000028
-0.000034
-0.000038
-0.000033
-0.000033
-0.000029
-0.000029
-0.000026
-0.000023
-0.000021
-0.000030
-0.000032
-0.000030
-0.000028
-0.000024
-0.000021
-0.000014
-0.000021
-0.000018
-0.000017
-0.000017
-0.000020
-0.000020
-0.000015
-0.000017
-0.000019
-0.000020
-0.000020
-0.000022
-0.000024
-0.000018
-0.000019
-0.000025
-0.000018
-0.000025
-0.000017
-0.000015
-0.000020
-0.000024
-0.000027
-0.000021
-0.000024
-0.000024
-0.000059
-0.000054
-0.000062
-0.000047
-0.000049
-0.000045
-0.000051
-0.000054
-0.000053
-0.000034
-0.000042
-0.000041
-0.000047
-0.000045
-0.000041
-0.000045
-0.000049
-0.000048
-0.000043
-0.000044
-0.000044
-0.000043
-0.000043
-0.000035
-0.000032
-0.000034
-0.000031
-0.000030
-0.000031
-0.000025
-0.000022
-0.000027
-0.000036
-0.000031
-0.000026
-0.000028
-0.000027
-0.000025
-0.000022
-0.000025
-0.000027
-0.000027
-0.000029
-0.000026
-0.000030
-0.000017
-0.000019
-0.000019
-0.000019
-0.000020
-0.000022
-0.000015
-0.000016
-0.000018
-0.000020
-0.000022
-0.000020
-0.000028
-0.000023
-0.000019
-0.000020
-0.000018
-0.000021
-0.000021
-0.000020
-0.000019
-0.000017
-0.000022
-0.000025
-0.000020
-0.000025
-0.000023
0.001326
-0.000061
-0.000056
-0.000065
-0.000062
-0.000052
-0.000050
-0.000054
-0.000053
-0.000050
-0.000037
-0.000038
-0.000040
-0.000041
-0.000048
-0.000037
-0.000047
-0.000049
-0.000044
-0.000041
-0.000044
-0.000047
-0.000038
-0.000034
-0.000041
-0.000040
-0.000035
-0.000032
-0.000030
-0.000027
-0.000022
-0.000023
-0.000022
-0.000026
-0.000026
-0.000020
-0.000022
-0.000022
-0.000026
-0.000021
-0.000029
-0.000027
-0.000030
-0.000029
-0.000027
-0.000026
-0.000022
-0.000019
-0.000019
-0.000023
-0.000016
-0.000015
-0.000018
-0.000017
-0.000017
-0.000022
-0.000022
-0.000026
-0.000024
-0.000023
-0.000021
-0.000022
-0.000025
-0.000023
-0.000021
-0.000025
-0.000026
-0.000016
-0.000023
-0.000027
-0.000027
-0.000027
-0.000025
-0.000030
-0.000067
-0.000061
-0.000074
-0.000063
-0.000057
-0.000069
-0.000056
-0.000052
-0.000041
-0.000041
-0.000040
-0.000038
-0.000043
-0.000045
-0.000042
-0.000040
-0.000043
-0.000045
-0.000034
-0.000041
-0.000046
-0.000042
-0.000041
-0.000041
-0.000041
-0.000031
-0.000030
-0.000033
-0.000027
-0.000025
-0.000023
-0.000017
-0.000025
-0.000026
-0.000022
-0.000019
-0.000021
-0.000021
-0.000025
-0.000024
-0.000027
-0.000031
-0.000026
-0.000030
-0.000026
-0.000025
-0.000021
-0.000022
-0.000021
-0.000021
-0.000013
-0.000019
-0.000017
-0.000022
-0.000022
-0.000024
-0.000027
-0.000027
-0.000025
-0.000020
-0.000024
-0.000023
-0.000019
-0.000024
-0.000020
-0.000028
-0.000027
-0.000024
-0.000025
-0.000027
-0.000028
-0.000033
-0.000027
-0.000063
-0.000059
-0.000051
-0.000057
-0.000068
-0.000066
-0.000058
-0.000047
-0.000045
-0.000044
-0.000047
-0.000041
-0.000039
-0.000047
-0.000040
-0.000039
-0.000044
-0.000043
-0.000039
-0.000043
-0.000046
-0.000042
-0.000037
-0.000042
-0.000041
-0.000037
-0.000038
-0.000038
-0.000027
-0.000029
-0.000026
-0.000024
-0.000021
-0.000020
-0.000022
-0.000018
-0.000018
-0.000023
-0.000024
-0.000019
-0.000027
-0.000029
-0.000033
-0.000031
-0.000025
-0.000025
-0.000024
-0.000021
-0.000022
-0.000020
-0.000016
-0.000014
-0.000020
-0.000020
-0.000025
-0.000020
-0.000024
-0.000025
-0.000023
-0.000021
-0.000023
-0.000023
-0.000025
-0.000025
-0.000021
-0.000026
-0.000027
-0.000031
-0.000027
-0.000032
-0.000030
-0.000030
-0.000026
-0.000036
-0.000058
-0.000056
-0.000062
-0.000061
-0.000066
-0.000060
-0.000047
-0.000046
-0.000048
-0.000037
-0.000041
-0.000039
-0.000040
-0.000041
-0.000046
-0.000044
-0.000048
-0.000049
-0.000041
-0.000041
-0.000043
-0.000036
-0.000044
-0.000039
-0.000033
-0.000033
-0.000035
-0.000034
-0.000033
-0.000028
-0.000030
-0.000025
-0.000020
-0.000019
-0.000018
-0.000022
-0.000017
-0.000023
-0.000025
-0.000027
-0.000032
-0.000029
-0.000034
-0.000026
-0.000024
-0.000027
-0.000022
-0.000016
-0.000014
-0.000015
-0.000018
-0.000020
-0.000022
-0.000024
-0.000024
-0.000025
-0.000028
-0.000023
-0.000025
-0.000022
-0.000024
-0.000021
-0.000021
-0.000024
-0.000024
-0.000026
-0.000022
-0.000024
-0.000028
-0.000029
-0.000031
0.000725
-0.000054
-0.000064
-0.000056
-0.000068
-0.000069
-0.000060
-0.000057
-0.000050
-0.000045
-0.000044
-0.000041
-0.000033
-0.000034
-0.000041
-0.000045
-0.000043
-0.000041
-0.000041
-0.000044
-0.000042
-0.000043
-0.000039
-0.000121
-0.000139
-0.000229
-0.000169
-0.000124
-0.000159
-0.000033
-0.000030
-0.000033
-0.000028
-0.000022
-0.000020
-0.000022
-0.000018
-0.000021
-0.000022
-0.000028
-0.000027
-0.000027
-0.000033
-0.000038
-0.000033
-0.000026
-0.000025
-0.000027
-0.000023
-0.000022
-0.000019
-0.000021
-0.000017
-0.000021
-0.000023
-0.000026
-0.000027
-0.000031
-0.000031
-0.000026
-0.000025
-0.000022
-0.000024
-0.000025
-0.000027
-0.000029
-0.000032
-0.000026
-0.000025
-0.000030
-0.000027
-0.000023
-0.000032
-0.000027
-0.000059
-0.000070
-0.000064
-0.000070
-0.000068
-0.000058
-0.000054
-0.000053
-0.000042
-0.000038
-0.000040
-0.000035
-0.000037
-0.000039
-0.000040
-0.000036
-0.000044
-0.000046
-0.000040
-0.000039
-0.000046
-0.000121
-0.001343
-0.002758
-0.004076
-0.004451
-0.002279
-0.005150
-0.004013
-0.000251
-0.000083
-0.000026
-0.000022
-0.000021
-0.000017
-0.000018
-0.000020
-0.000021
-0.000023
-0.000023
-0.000025
-0.000033
-0.000034
-0.000034
-0.000029
-0.000030
-0.000028
-0.000026
-0.000029
-0.000025
-0.000020
-0.000019
-0.000025
-0.000023
-0.000021
-0.000024
-0.000022
-0.000029
-0.000023
-0.000027
-0.000028
-0.000029
-0.000030
-0.000030
-0.000030
-0.000026
-0.000032
-0.000026
-0.000031
-0.000025
-0.000031
-0.000031
-0.000030
-0.000066
-0.000069
-0.000070
-0.000068
-0.000060
-0.000053
-0.000049
-0.000054
-0.000042
-0.000034
-0.000042
-0.000036
-0.000036
-0.000037
-0.000037
-0.000036
-0.000045
-0.000045
-0.000042
-0.000042
-0.000036
-0.000533
-0.000308
-0.002120
-0.003148
-0.001780
-0.003877
-0.010124
-0.016220
-0.011090
-0.006662
-0.000027
-0.000020
-0.000018
-0.000016
-0.000016
-0.000022
-0.000023
-0.000030
-0.000031
-0.000036
-0.000033
-0.000033
-0.000038
-0.000033
-0.000026
-0.000028
-0.000030
-0.000029
-0.000026
-0.000022
-0.000021
-0.000026
-0.000020
-0.000020
-0.000022
-0.000022
-0.000029
-0.000030
-0.000029
-0.000027
-0.000023
-0.000030
-0.000033
-0.000030
-0.000029
-0.000033
-0.000027
-0.000032
-0.000029
-0.000033
-0.000033
-0.000030
-0.000062
-0.000057
-0.000061
-0.000064
-0.000052
-0.000048
-0.000049
-0.000042
-0.000040
-0.000040
-0.000039
-0.000038
-0.000046
-0.000036
-0.000039
-0.000037
0.000007
-0.000016
-0.000032
-0.000021
0.000055
-0.001981
-0.005141
-0.002352
-0.002221
-0.005014
-0.001452
-0.003918
-0.010542
-0.000837
-0.000040
-0.000016
-0.000019
-0.000017
-0.000017
-0.000012
-0.000016
-0.000024
-0.000018
-0.000027
-0.000025
-0.000023
-0.000034
-0.000039
-0.000034
-0.000030
-0.000026
-0.000027
-0.000025
-0.000026
-0.000021
-0.000020
-0.000023
-0.000019
-0.000023
-0.000024
-0.000027
-0.000024
-0.000029
-0.000029
-0.000034
-0.000036
-0.000034
-0.000028
-0.000027
-0.000031
-0.000030
-0.000030
-0.000030
-0.000031
-0.000031
-0.000028
-0.001100
-0.000063
-0.000064
-0.000058
-0.000061
-0.000052
-0.000049
-0.000053
-0.000046
-0.000046
-0.000042
-0.000044
-0.000042
-0.000037
-0.000037
-0.000077
-0.000035
0.000223
-0.000025
-0.000037
-0.000057
-0.000026
-0.000029
-0.000180
-0.000127
-0.000002
-0.000166
-0.000531
-0.000871
-0.000295
0.000010
-0.000007
-0.000017
-0.000029
-0.000015
0.000062
0.000135
0.000070
-0.000014
-0.000018
-0.000018
-0.000031
-0.000030
-0.000034
-0.000033
-0.000031
-0.000034
-0.000027
-0.000025
-0.000023
-0.000023
-0.000020
-0.000024
-0.000023
-0.000022
-0.000024
-0.000026
-0.000024
-0.000027
-0.000032
-0.000027
-0.000030
-0.000032
-0.000035
-0.000029
-0.000030
-0.000028
-0.000032
-0.000033
-0.000030
-0.000032
-0.000030
-0.000028
-0.000029
-0.000064
-0.000059
-0.000060
-0.000049
-0.000044
-0.000044
-0.000048
-0.000043
-0.000044
-0.000044
-0.000042
-0.000043
-0.000033
-0.000085
0.000525
0.002071
0.000328
-0.000091
-0.000141
-0.000043
-0.000041
-0.000047
-0.000084
-0.000074
0.000055
0.000328
0.003904
-0.001292
0.000606
0.000214
0.000026
-0.000014
-0.000589
0.000164
0.001595
0.002579
0.002279
0.000275
0.000080
-0.000009
-0.000027
-0.000033
-0.000031
-0.000035
-0.000033
-0.000032
-0.000031
-0.000025
-0.000025
-0.000026
-0.000022
-0.000023
-0.000027
-0.000023
-0.000021
-0.000030
-0.000028
-0.000025
-0.000025
-0.000029
-0.000034
-0.000029
-0.000024
-0.000027
-0.000033
-0.000030
-0.000029
-0.000030
-0.000033
-0.000029
-0.000027
-0.000022
-0.000030
-0.000056
-0.000061
-0.000050
-0.000044
-0.000044
-0.000045
-0.000042
-0.000048
-0.000044
-0.000041
-0.000035
-0.000035
-0.000059
0.000178
0.000921
0.003910
-0.001540
-0.000284
-0.000060
-0.000030
-0.000081
-0.000108
-0.000108
-0.000089
0.000028
0.000103
0.000823
0.000882
0.000699
0.000689
0.000881
0.001140
0.001238
0.002215
0.003177
0.003899
0.003792
0.003243
0.002150
0.000320
0.000004
-0.000032
-0.000034
-0.000037
-0.000027
-0.000035
-0.000031
-0.000028
-0.000023
-0.000027
-0.000022
-0.000025
-0.000024
-0.000025
-0.000025
-0.000024
-0.000025
-0.000026
-0.000034
-0.000030
-0.000023
-0.000027
-0.000030
-0.000028
-0.000032
-0.000032
-0.000031
-0.000031
-0.000030
-0.000027
-0.000025
-0.000025
-0.000026
-0.000063
-0.000052
-0.000044
-0.000041
-0.000043
-0.000040
-0.000045
-0.000037
-0.000040
-0.000040
-0.000036
-0.000059
-0.000012
0.000059
0.000446
0.004852
0.000197
-0.000081
-0.000049
-0.000053
-0.000084
-0.000158
-0.000135
-0.000025
-0.000257
0.000954
0.001425
0.001871
0.002083
0.002129
0.002247
0.001218
0.001943
0.003150
0.002714
0.006034
0.007198
0.006837
0.005713
0.001676
0.000122
0.000039
0.000040
-0.000034
-0.000039
-0.000037
-0.000036
-0.000028
-0.000024
-0.000022
-0.000025
-0.000032
-0.000024
-0.000026
-0.000025
-0.000030
-0.000031
-0.000033
-0.000036
-0.000024
-0.000028
-0.000030
-0.000030
-0.000031
-0.000031
-0.000032
-0.000033
-0.000028
-0.000029
-0.000024
-0.000023
-0.000024
-0.000596
-0.000042
-0.000041
-0.000046
-0.000046
-0.000045
-0.000046
-0.000038
-0.000037
-0.000033
-0.000037
-0.000046
-0.000031
-0.000037
0.000021
0.001029
0.006738
-0.000311
-0.000192
-0.000069
-0.000082
-0.000093
-0.000094
0.002909
0.001788
0.002456
0.005800
0.005620
0.006222
0.003934
0.001411
0.001494
0.002035
0.001657
0.003111
0.003060
0.009370
0.011575
0.010866
0.009379
0.004403
0.001091
0.001072
0.001373
0.000241
-0.000038
-0.000038
-0.000033
-0.000030
-0.000028
-0.000029
-0.000026
-0.000028
-0.000026
-0.000027
-0.000024
-0.000029
-0.000033
-0.000030
-0.000032
-0.000020
-0.000030
-0.000024
-0.000024
-0.000032
-0.000032
-0.000032
-0.000030
-0.000032
-0.000028
-0.000028
-0.000020
-0.000020
-0.000019
-0.000035
-0.000035
-0.000048
-0.000045
-0.000045
-0.000043
-0.000041
-0.000036
-0.000026
-0.000037
-0.000035
-0.000035
-0.000036
0.000038
0.001191
0.010677
0.000374
-0.000307
-0.000047
-0.000077
-0.000074
0.005921
0.007163
0.004619
0.005430
0.010320
0.009339
0.014690
0.010654
0.002993
0.001054
0.001496
0.000202
0.001265
0.001536
0.005740
0.011580
0.012218
0.011782
0.007161
0.002565
0.001894
0.003078
0.003818
0.000627
0.000259
-0.000110
-0.000039
-0.000030
-0.000028
-0.000023
-0.000026
-0.000022
-0.000022
-0.000029
-0.000030
-0.000034
-0.000026
-0.000033
-0.000030
-0.000031
-0.000023
-0.000025
-0.000031
-0.000036
-0.000033
-0.000033
-0.000034
-0.000028
-0.000025
-0.000019
-0.000026
-0.000015
-0.000020
-0.000029
-0.000039
-0.000043
-0.000042
-0.000044
-0.000043
-0.000038
-0.000028
-0.000026
-0.000038
-0.000039
-0.000040
-0.000022
0.000287
0.003032
0.005350
-0.000385
-0.000168
-0.000050
0.003548
0.005579
0.005977
0.006471
0.004613
0.007442
0.011493
0.012905
0.008453
0.002564
-0.000035
0.000195
-0.000066
-0.000947
-0.000590
0.001339
0.004346
0.007947
0.009676
0.008825
0.003837
0.001761
0.002766
0.004669
0.002085
0.003850
-0.000128
-0.000064
-0.000028
-0.000019
-0.000022
-0.000034
-0.000029
-0.000030
-0.000027
-0.000030
-0.000032
-0.000030
-0.000030
-0.000027
-0.000033
-0.000032
-0.000022
-0.000031
-0.000033
-0.000033
-0.000031
-0.000049
-0.000028
-0.000024
-0.000024
-0.000020
-0.000013
-0.000034
-0.000027
-0.000031
-0.000037
-0.000044
-0.000039
-0.000035
-0.000034
-0.000031
-0.000028
-0.000030
-0.000035
-0.000037
-0.000034
0.000088
0.001323
0.008751
0.001650
0.000537
0.002224
0.003040
0.003288
0.004394
0.005036
0.005492
0.006828
0.006840
0.007750
0.005211
-0.000087
0.000058
0.000259
0.000063
-0.000271
0.000603
0.001826
0.000971
0.001560
0.003242
0.005643
0.001123
0.000416
0.001419
0.002361
0.000784
0.003073
0.002417
0.000417
-0.000029
-0.000025
-0.000025
-0.000027
-0.000030
-0.000024
-0.000028
-0.000025
-0.000038
-0.000033
-0.000031
-0.000033
-0.000032
-0.000033
-0.000032
-0.000028
-0.000025
-0.000032
-0.000032
-0.000044
-0.000026
-0.000030
-0.000017
-0.000017
-0.000013
-0.000031
-0.000032
-0.000033
-0.000042
-0.000043
-0.000039
-0.000037
-0.000029
-0.000032
-0.000029
-0.000028
-0.000032
-0.000038
-0.000028
0.000046
0.001399
0.000330
0.001658
0.001316
0.001151
0.001546
0.002174
0.002648
0.003508
0.004141
0.006199
0.005996
0.003016
0.001322
-0.000333
-0.000050
0.000119
-0.000041
0.000769
0.002282
-0.000295
-0.001890
-0.000509
0.000233
0.001085
0.000339
0.000055
-0.001790
0.000217
0.001167
0.000952
0.002501
0.000749
0.000318
-0.000025
-0.000021
-0.000025
-0.000030
-0.000030
-0.000026
-0.000025
-0.000033
-0.000032
-0.000030
-0.000033
-0.000030
-0.000039
-0.000032
-0.000031
-0.000026
-0.000023
-0.000025
-0.000025
-0.000036
-0.000016
-0.000017
-0.000018
-0.000014
-0.000021
-0.000023
-0.000028
-0.000033
-0.000028
-0.000032
-0.000035
-0.000033
-0.000034
-0.000029
-0.000025
-0.000033
-0.000039
-0.000036
-0.000042
-0.000048
-0.000017
0.000023
-0.000076
-0.000040
0.000238
0.001345
0.001657
0.001838
0.001933
0.002386
0.003256
0.002265
0.002046
0.001140
0.000160
-0.003310
-0.001159
0.002658
0.000710
-0.002080
0.000826
0.001787
0.002006
0.002428
0.002735
0.002196
0.000183
-0.000408
-0.000949
-0.000498
0.001080
-0.001142
-0.000749
0.000343
-0.000021
-0.000026
-0.000026
-0.000026
-0.000024
-0.000024
-0.000029
-0.000032
-0.000030
-0.000028
-0.000033
-0.000030
-0.000031
-0.000025
-0.000024
-0.000023
-0.000018
-0.000012
-0.000019
-0.000013
-0.000011
-0.000017
-0.000015
-0.000029
-0.000026
-0.000026
-0.000035
-0.000030
-0.000031
-0.000034
-0.000042
-0.000039
-0.000032
-0.000028
-0.000033
-0.000033
-0.000036
-0.000035
-0.000041
-0.000025
-0.000029
-0.000047
-0.000053
-0.000049
0.000094
0.000702
0.011901
0.012503
0.000915
-0.001094
-0.001520
-0.001848
-0.002539
-0.005508
-0.003938
-0.002408
-0.002123
-0.001210
-0.000666
0.001658
0.002427
0.002247
0.002458
0.001871
0.002911
0.000450
-0.000228
-0.000529
-0.000645
-0.000067
-0.002343
-0.000989
-0.000388
0.000474
-0.000028
-0.000026
-0.000029
-0.000028
-0.000023
-0.000027
-0.000027
-0.000030
-0.000030
-0.000034
-0.000031
-0.000027
-0.000018
-0.000022
-0.000015
-0.000016
-0.000017
-0.000021
-0.000020
-0.000015
-0.000020
-0.000022
-0.000027
-0.000026
-0.000034
-0.000035
-0.000029
-0.000028
-0.000040
-0.000039
-0.000040
-0.000036
-0.000029
-0.000030
-0.000033
-0.000035
-0.000032
-0.000034
-0.000036
-0.000034
-0.000045
-0.000054
0.000090
0.003660
0.004093
0.005767
0.008907
0.004270
0.000753
-0.000591
-0.001351
-0.004304
-0.007559
-0.005228
-0.003403
-0.002478
-0.001080
-0.002391
-0.001716
-0.000896
0.000978
0.002407
0.001492
0.001848
0.001178
0.000393
-0.003019
-0.002614
-0.002117
-0.003879
0.000576
0.000938
0.000194
0.000548
-0.000028
-0.000028
-0.000027
-0.000023
-0.000027
-0.000029
-0.000031
-0.000028
-0.000034
-0.000026
-0.000025
0.000018
-0.000027
-0.000028
-0.000021
-0.000016
-0.000033
-0.000026
-0.000021
-0.000020
-0.000023
-0.000030
-0.000030
-0.000030
-0.000030
-0.000026
-0.000029
-0.000035
-0.000031
-0.000038
-0.000038
-0.000031
-0.000032
-0.000035
-0.000036
-0.000036
-0.000039
-0.000041
-0.000035
-0.000031
0.000096
0.001826
0.003071
0.004001
0.003342
0.004682
0.008506
0.005058
0.002643
0.000111
-0.004977
-0.007175
-0.004876
-0.003267
-0.002166
0.000371
-0.002475
-0.004386
-0.004272
-0.001979
-0.000590
0.000576
0.000383
0.001566
0.000497
-0.005188
-0.006690
-0.002437
0.000749
0.002338
0.001059
0.000615
-0.000815
0.000521
-0.000030
-0.000032
-0.000025
-0.000026
-0.000029
-0.000034
-0.000025
-0.000030
-0.000023
-0.000027
-0.000031
-0.000025
-0.000028
-0.000016
0.000012
-0.000045
-0.000025
-0.000027
-0.000017
-0.000029
-0.000026
-0.000025
-0.000025
-0.000030
-0.000029
-0.000028
-0.000028
-0.000032
-0.000025
-0.000033
-0.000035
-0.000035
-0.000044
-0.000040
-0.000036
-0.000039
-0.000035
-0.000038
-0.000059
-0.000073
0.000681
0.002491
0.003237
0.002767
0.003572
0.009439
0.007839
0.006696
0.002530
-0.004085
-0.009920
-0.005363
-0.000680
0.000582
0.000983
-0.003311
-0.004809
-0.003950
-0.001408
-0.001632
-0.001541
-0.000988
-0.000336
-0.000221
-0.002149
-0.007126
-0.002021
0.000468
0.002134
0.000954
-0.002187
-0.000598
0.000214
0.000094
0.000339
-0.000029
-0.000022
-0.000020
-0.000027
-0.000026
-0.000022
-0.000007
-0.000030
-0.000022
-0.000021
-0.000020
-0.000006
0.000005
-0.000034
-0.000027
-0.000025
-0.000015
-0.000026
-0.000026
-0.000024
-0.000022
-0.000028
-0.000031
-0.000027
-0.000029
-0.000032
-0.000024
-0.000023
-0.000034
-0.000035
-0.000040
-0.000042
-0.000038
-0.000038
-0.000040
-0.000060
-0.000067
-0.000083
-0.000203
0.001306
0.002549
0.002980
0.004365
0.008945
0.009068
0.007606
0.005440
-0.001682
-0.010620
-0.003832
-0.000353
0.000996
0.000719
-0.001003
-0.000855
-0.003513
-0.003467
-0.001721
-0.003528
-0.004759
-0.004406
-0.004057
-0.003016
-0.001481
-0.004780
-0.000196
0.000528
-0.000574
-0.002285
-0.000498
0.000318
0.000745
0.000446
0.000143
-0.000021
-0.000014
-0.000026
-0.000016
-0.000024
-0.000018
-0.000023
-0.000029
-0.000032
-0.000029
-0.000030
-0.000028
-0.000022
-0.000024
-0.000023
-0.000020
-0.000023
-0.000023
-0.000021
-0.000020
-0.000025
-0.000029
-0.000026
-0.000025
-0.000025
-0.000024
-0.000023
-0.000030
-0.000035
-0.000041
-0.000039
-0.000036
-0.000033
-0.000062
-0.000060
-0.000063
-0.000068
-0.000114
-0.000492
0.000949
0.002486
0.003330
0.004119
0.007894
0.005481
0.008830
0.002661
-0.010357
-0.003951
-0.001690
-0.000280
0.000237
-0.003704
-0.004051
-0.005066
-0.003268
-0.003593
-0.004674
-0.005395
-0.005009
-0.004494
-0.003080
-0.001685
-0.000551
-0.000198
-0.000162
-0.000225
-0.000719
0.000666
0.000846
0.000989
0.001220
0.000940
0.000388
-0.000026
-0.000021
-0.000030
-0.000020
-0.000017
-0.000019
-0.000016
-0.000020
-0.000032
-0.000019
-0.000021
-0.000022
-0.000017
-0.000026
-0.000024
-0.000028
-0.000017
-0.000018
-0.000019
-0.000020
-0.000017
-0.000014
-0.000016
-0.000017
-0.000018
-0.000016
-0.000014
-0.000031
-0.000008
-0.000046
-0.000050
-0.000056
-0.000057
-0.000056
-0.000056
-0.000061
-0.000075
-0.000134
0.000104
0.001545
0.002142
0.002740
0.004235
0.008811
0.009855
0.004462
-0.007386
-0.005933
-0.002770
-0.001961
-0.001498
-0.004665
-0.004493
-0.003791
-0.004802
-0.004700
-0.005127
-0.005884
-0.005156
-0.003212
-0.001993
-0.002263
-0.002275
0.000423
0.000781
0.000630
0.001014
0.001864
0.002850
0.004062
0.003542
0.003440
0.001686
0.001488
0.000078
0.000064
0.000113
-0.000018
-0.000016
-0.000018
-0.000026
-0.000025
-0.000016
-0.000016
-0.000028
-0.000021
-0.000026
-0.000027
-0.000028
-0.000016
-0.000017
-0.000020
-0.000019
-0.000016
-0.000017
-0.000016
-0.000013
-0.000009
-0.000015
-0.000019
-0.000005
-0.000019
-0.000046
-0.000051
-0.000061
-0.000048
-0.000054
-0.000052
-0.000059
-0.000064
-0.000004
-0.000004
0.000002
0.000146
0.000206
0.000104
0.000245
0.000708
-0.001896
-0.006730
-0.005668
-0.004182
-0.002716
-0.002971
-0.003987
-0.006093
-0.005414
-0.005379
-0.005250
-0.005947
-0.006468
-0.006841
-0.004609
-0.003775
-0.003566
-0.002827
-0.002058
0.000534
0.001544
0.003154
0.005267
0.004833
0.008070
0.006353
0.006090
0.006067
0.004643
0.004257
0.003545
0.003488
0.000129
0.000017
-0.000023
-0.000028
-0.000024
-0.000021
-0.000025
-0.000027
-0.000032
-0.000027
-0.000026
-0.000023
-0.000017
-0.000016
-0.000016
-0.000017
-0.000015
-0.000013
-0.000012
-0.000012
-0.000010
-0.000015
-0.000015
-0.000014
-0.000004
-0.000005
-0.000007
-0.000037
0.000004
-0.000005
-0.000002
0.000001
-0.000008
-0.000014
-0.000012
-0.000011
-0.000011
-0.000013
-0.000015
-0.000147
-0.001944
-0.000233
0.000287
-0.003763
-0.003158
-0.004055
-0.003195
-0.003623
-0.004114
-0.004936
-0.005444
-0.006455
-0.006645
-0.006836
-0.006495
-0.006397
-0.005785
-0.005576
-0.003970
-0.002949
-0.001965
0.002525
0.007859
0.008737
0.007906
0.009477
0.007924
0.007403
0.007689
0.007414
0.006313
0.004511
0.003829
0.004152
0.001932
0.000008
-0.000026
-0.000018
-0.000023
-0.000028
-0.000031
-0.000036
-0.000031
-0.000016
-0.000019
-0.000019
-0.000015
-0.000013
-0.000013
-0.000011
-0.000010
-0.000014
-0.000013
-0.000013
-0.000013
-0.000015
-0.000016
-0.000015
-0.000012
-0.000015
-0.000017
-0.000015
-0.000018
-0.000016
-0.000022
-0.000012
-0.000011
-0.000013
-0.000014
-0.000014
-0.000014
-0.000013
-0.000060
-0.000095
-0.000061
-0.000606
-0.000057
-0.000137
-0.000248
-0.000147
-0.000159
-0.000012
-0.001548
-0.002935
-0.004614
-0.006568
-0.006744
-0.005851
-0.005789
-0.006511
-0.006700
-0.004771
-0.002750
-0.001725
-0.001605
0.006513
0.010557
0.009934
0.008734
0.006635
0.006051
0.005043
0.004753
0.003417
0.000887
0.000416
0.000170
0.000116
0.000006
-0.000043
-0.000049
-0.000054
-0.000047
-0.000032
-0.000033
-0.000036
-0.000032
-0.000020
-0.000016
-0.000014
-0.000010
-0.000009
-0.000011
-0.000012
-0.000014
-0.000013
-0.000011
-0.000010
-0.000013
-0.000016
-0.000016
-0.000012
-0.000012
-0.000008
-0.000013
-0.000016
-0.000016
-0.000020
-0.000013
-0.000011
-0.000013
-0.000013
-0.000014
-0.000011
-0.000014
-0.000011
-0.000010
-0.000023
-0.000052
-0.000009
-0.000023
-0.000023
-0.000012
-0.000012
-0.000010
-0.000144
-0.000220
-0.000340
-0.000300
-0.000331
-0.000412
0.000476
-0.005407
-0.005080
-0.004211
-0.002706
-0.002188
-0.002138
-0.002554
0.006870
0.006236
0.003192
0.003763
0.002625
0.002312
0.000991
0.000144
-0.000043
-0.000059
-0.000075
-0.000066
-0.000050
-0.000053
-0.000059
-0.000060
-0.000055
-0.000038
-0.000033
-0.000027
-0.000028
-0.000007
-0.000016
-0.000014
-0.000016
-0.000011
-0.000009
-0.000011
-0.000014
-0.000013
-0.000012
-0.000010
-0.000010
-0.000017
-0.000021
-0.000016
-0.000017
-0.000012
-0.000010
-0.000014
-0.000015
-0.000015
-0.000014
-0.000015
-0.000013
-0.000012
-0.000010
-0.000013
-0.000013
-0.000008
-0.000010
-0.000010
-0.000010
-0.000011
-0.000011
-0.000012
-0.000012
-0.000011
-0.000010
-0.000012
-0.000012
-0.000012
-0.000012
-0.000008
-0.000011
-0.000015
0.000850
-0.004403
-0.004675
-0.003482
-0.002508
-0.002916
-0.002620
0.004153
0.004945
0.002130
0.001662
0.000601
0.000072
0.000008
-0.000055
-0.000082
-0.000067
-0.000065
-0.000063
-0.000051
-0.000046
-0.000064
-0.000063
-0.000052
-0.000038
-0.000030
-0.000036
-0.000034
-0.000020
-0.000014
-0.000013
-0.000014
-0.000011
-0.000012
-0.000012
-0.000012
-0.000013
-0.000011
-0.000011
-0.000013
-0.000016
-0.000017
-0.000019
-0.000017
-0.000018
-0.000011
-0.000013
-0.000014
-0.000019
-0.000016
-0.000019
-0.000016
-0.000011
-0.000012
-0.000011
-0.000010
-0.000011
-0.000010
-0.000011
-0.000011
-0.000013
-0.000014
-0.000013
-0.000012
-0.000011
-0.000012
-0.000013
-0.000014
-0.000013
-0.000007
-0.000008
-0.000011
-0.000012
-0.000001
0.000675
-0.004182
-0.003148
-0.002122
-0.001976
-0.001912
-0.000964
0.003078
0.000402
-0.000010
-0.000053
-0.000059
-0.000028
-0.000069
-0.000068
-0.000066
-0.000042
-0.000047
-0.000040
-0.000043
-0.000058
-0.000053
-0.000054
-0.000047
-0.000029
-0.000028
-0.000031
-0.000039
-0.000015
-0.000014
-0.000014
-0.000013
-0.000014
-0.000013
-0.000012
-0.000011
-0.000012
-0.000013
-0.000013
-0.000013
-0.000014
-0.000015
-0.000015
-0.000017
-0.000014
-0.000014
-0.000014
-0.000019
-0.000019
-0.000018
-0.000020
-0.000016
-0.000015
-0.000013
-0.000013
-0.000012
-0.000013
-0.000013
-0.000014
-0.000016
-0.000015
-0.000014
-0.000013
-0.000013
-0.000012
-0.000013
-0.000012
-0.000013
-0.000006
0.000011
0.000003
0.000000
0.000002
0.000002
0.000285
-0.002060
-0.001203
-0.000863
-0.000228
0.002301
0.003056
0.000169
-0.000040
-0.000034
-0.000032
-0.000056
-0.000061
-0.000064
-0.000061
-0.000040
-0.000039
-0.000046
-0.000046
-0.000053
-0.000052
-0.000048
-0.000042
-0.000051
-0.000030
-0.000034
-0.000035
-0.000014
-0.000014
-0.000016
-0.000014
-0.000013
-0.000012
-0.000012
-0.000012
-0.000011
-0.000012
-0.000011
-0.000013
-0.000015
-0.000015
-0.000014
-0.000015
-0.000020
-0.000014
-0.000016
-0.000020
-0.000017
-0.000018
-0.000021
-0.000015
-0.000014
-0.000013
-0.000016
-0.000016
-0.000015
-0.000013
-0.000013
-0.000016
-0.000014
-0.000014
-0.000014
-0.000013
-0.000012
-0.000012
-0.000012
-0.000009
0.000000
0.000001
0.000004
0.000005
0.000006
0.000007
0.000006
0.000054
0.000360
0.000998
0.001340
0.004864
0.000441
0.000029
-0.000005
-0.000034
-0.000046
-0.000047
-0.000052
-0.000068
-0.000068
-0.000053
-0.000045
-0.000037
-0.000042
-0.000041
-0.000052
-0.000053
-0.000052
-0.000049
-0.000021
-0.000027
-0.000033
-0.000013
-0.000016
-0.000016
-0.000017
-0.000014
-0.000013
-0.000010
-0.000013
-0.000012
-0.000012
-0.000010
-0.000010
-0.000013
-0.000012
-0.000015
-0.000018
-0.000020
-0.000019
-0.000020
-0.000019
-0.000019
-0.000019
-0.000019
-0.000017
-0.000014
-0.000014
-0.000015
-0.000014
-0.000015
-0.000013
-0.000014
-0.000012
-0.000015
-0.000015
-0.000012
-0.000012
-0.000008
-0.000008
-0.000011
-0.000008
-0.000006
-0.000002
-0.000006
0.000003
0.000010
0.000005
0.000011
0.000009
0.000094
0.000137
0.000446
0.000014
-0.000018
-0.000015
-0.000020
-0.000029
-0.000048
-0.000050
-0.000047
-0.000059
-0.000060
-0.000058
-0.000044
-0.000046
-0.000043
-0.000039
-0.000048
-0.000057
-0.000050
-0.000048
-0.000030
-0.000034
-0.000039
-0.000010
-0.000013
-0.000013
-0.000015
-0.000017
-0.000016
-0.000014
-0.000015
-0.000014
-0.000013
-0.000012
-0.000008
-0.000008
-0.000012
-0.000017
-0.000018
-0.000017
-0.000020
-0.000019
-0.000020
-0.000020
-0.000019
-0.000020
-0.000020
-0.000016
-0.000015
-0.000016
-0.000014
-0.000014
-0.000013
-0.000011
-0.000011
-0.000012
-0.000013
-0.000013
-0.000010
0.000006
0.000029
0.000008
-0.000009
-0.000005
-0.000006
0.000005
0.000004
0.000006
0.000005
0.000010
0.000007
0.000003
0.000009
0.000011
-0.000014
-0.000017
-0.000022
-0.000026
-0.000030
-0.000043
-0.000040
-0.000051
-0.000055
-0.000061
-0.000052
-0.000057
-0.000049
-0.000050
-0.000053
-0.000049
-0.000045
-0.000047
-0.000055
-0.000055
-0.000049
-0.000038
-0.000011
-0.000012
-0.000012
-0.000015
-0.000015
-0.000010
-0.000013
-0.000011
-0.000015
-0.000013
-0.000012
-0.000007
-0.000012
-0.000017
-0.000018
-0.000018
-0.000019
-0.000022
-0.000019
-0.000021
-0.000018
-0.000021
-0.000023
-0.000022
-0.000015
-0.000013
-0.000015
-0.000014
-0.000014
-0.000015
-0.000012
-0.000010
-0.000009
-0.000009
-0.000005
-0.000003
0.000002
0.000034
0.000027
0.000004
-0.000007
-0.000005
-0.000003
-0.000003
-0.000000
0.000004
0.000001
0.000006
0.000005
-0.000002
-0.000012
-0.000018
-0.000023
-0.000026
-0.000035
-0.000034
-0.000029
-0.000041
-0.000040
-0.000041
-0.000054
-0.000054
-0.000054
-0.000044
-0.000049
-0.000048
-0.000047
-0.000044
-0.000052
-0.000059
-0.000055
-0.000041
-0.000038
-0.000010
-0.000011
-0.000015
-0.000017
-0.000012
-0.000009
-0.000015
-0.000014
-0.000016
-0.000016
-0.000011
-0.000012
-0.000014
-0.000016
-0.000019
-0.000016
-0.000019
-0.000018
-0.000020
-0.000023
-0.000025
-0.000024
-0.000025
-0.000024
-0.000015
-0.000013
-0.000014
-0.000017
-0.000015
-0.000010
-0.000013
-0.000007
-0.000010
-0.000007
-0.000008
-0.000003
0.000010
0.000035
0.000044
0.000049
0.000007
-0.000002
-0.000007
-0.000010
0.000000
-0.000003
-0.000004
0.000004
-0.000001
-0.000005
-0.000010
-0.000022
-0.000018
-0.000032
-0.000032
-0.000033
-0.000030
-0.000029
-0.000045
-0.000043
-0.000056
-0.000059
-0.000053
-0.000043
-0.000044
-0.000049
-0.000043
-0.000049
-0.000055
-0.000063
-0.000058
-0.000039
-0.000032
