0.000520
0.000521
0.000375
0.000632
0.000569
0.000622
0.000569
0.000438
0.000426
0.000562
0.000735
-0.000603
0.000766
0.000749
0.000736
0.000602
0.000550
0.000509
0.000551
0.000472
0.000445
0.000418
0.000511
0.000643
0.000768
0.000758
0.000850
0.000861
0.000841
0.000674
0.000755
0.000832
0.000910
0.000893
0.000899
0.000801
0.000657
0.000649
0.000674
0.000662
0.000636
0.000637
0.000599
0.000544
0.000510
0.000393
0.000343
0.000409
0.000465
0.000505
0.000392
0.000304
0.000267
0.000294
0.000319
0.000360
0.000336
0.000273
0.000264
0.000449
0.000546
0.000557
0.000503
0.000380
0.000238
0.000117
-0.001158
0.000109
0.000165
0.000180
0.000061
0.000131
0.000195
0.000510
0.000519
0.000493
0.000429
0.000531
0.000532
0.000511
0.000637
0.000572
0.000572
0.000620
0.000729
0.000658
0.000704
0.000762
0.000679
0.000597
0.000630
0.000706
0.000530
0.000414
0.000395
0.000516
0.000704
0.000720
0.000752
0.000765
0.000813
0.000844
0.000662
0.000707
0.000861
0.000874
0.000888
0.000922
0.000874
0.000752
0.000567
0.000684
0.000626
0.000642
0.000676
0.000593
0.000586
0.000514
0.000498
0.000376
0.000412
0.000460
0.000493
0.000429
0.000322
0.000316
0.000359
0.000298
0.000363
0.000360
0.000324
0.000307
0.000367
0.000371
0.000389
0.000453
0.000440
0.000349
0.000336
0.000395
0.000486
0.000465
0.000393
0.000335
0.000286
0.000560
0.000533
0.000555
0.000442
0.000434
0.000414
0.000480
0.000490
0.000580
0.000685
0.000624
0.000751
0.000613
0.000629
0.000590
0.000575
0.000530
0.000612
0.000720
0.000628
0.000591
0.000438
0.000277
0.000456
0.000577
0.000666
0.000751
0.000787
0.000848
0.000983
0.000882
0.000848
0.000800
0.000903
0.000806
0.000848
0.000851
0.000804
0.000650
0.000574
0.000619
0.000702
0.000700
0.000680
0.000628
0.000582
0.000514
0.000423
0.000335
0.000346
0.000518
0.000536
0.000428
0.000340
0.000323
0.000317
0.000366
0.000381
0.000363
0.000338
0.000349
0.000377
0.000425
0.000356
0.000410
0.000364
0.000303
0.000302
0.000318
0.000398
0.000388
0.000291
0.000305
0.000412
0.000501
0.000485
0.000464
0.000433
0.000378
0.000458
0.000558
0.000622
0.000652
0.000653
0.000663
0.000632
0.000554
0.000611
0.000603
0.000508
0.000684
0.000619
0.000645
0.000565
0.000418
0.000383
0.000501
0.000553
0.000570
0.000631
0.000748
0.000905
0.000947
0.000963
0.000865
0.000823
0.000835
0.000924
0.000888
0.000895
0.000825
0.000738
0.000673
0.000667
0.000540
0.000640
0.000645
0.000656
0.000575
0.000453
0.000422
0.000367
0.000419
0.000385
0.000422
0.000401
0.000369
0.000304
0.000374
0.000336
0.000436
0.000357
0.000361
0.000359
0.000339
0.000343
0.000325
0.000373
0.000361
0.000272
0.000261
0.000227
0.000310
0.000300
0.000323
0.000284
0.000346
0.000531
0.000489
0.000486
0.000401
0.000407
0.000488
0.000570
0.000598
0.000597
0.000635
0.000625
0.000681
0.000563
0.000634
0.000662
0.000563
0.000542
0.000656
0.000643
0.000541
0.000505
0.000491
0.000420
0.000469
0.000570
0.000593
0.000680
0.000851
0.000884
0.000888
0.000936
0.000840
0.000727
0.000869
0.000827
0.000692
0.000860
0.000738
0.000516
0.000494
0.000605
0.000516
0.000575
0.000332
0.000557
0.000396
0.000413
0.000372
0.000331
0.000337
0.000334
0.000337
0.000275
0.000289
0.000369
0.000339
0.000344
0.000367
0.000349
0.000364
0.000315
0.000347
0.000455
0.000489
0.000383
0.000319
0.000239
0.000281
0.000243
0.000252
0.000360
0.000327
-0.002169
0.000443
0.000458
0.000481
0.000462
0.000370
0.000448
0.000447
0.000550
0.000569
0.000564
0.000617
0.000650
0.000629
0.000635
0.000646
0.000685
0.000562
0.000625
0.000630
0.000592
0.000638
0.000568
0.000444
0.000428
0.000595
0.000607
0.000573
0.000585
0.000762
0.000762
0.000862
0.000820
0.000741
0.000713
0.000746
0.000634
0.000674
0.000825
0.000589
0.000546
0.000552
0.000602
0.000502
0.000654
0.000619
0.000507
0.000430
0.000394
0.000386
0.000360
0.000350
0.000307
0.000221
0.000296
0.000274
0.000307
0.000359
0.000370
0.000415
0.000446
0.000357
0.000295
0.000383
0.000392
0.000385
0.000372
0.000160
0.000237
0.000305
0.000265
0.000380
0.000380
0.000449
0.000499
0.000501
0.000425
0.000421
0.000454
0.000401
0.000501
0.000539
0.000686
0.000552
0.000519
0.000600
0.000566
0.000579
0.000681
0.000693
0.000614
0.000627
0.000627
0.000461
0.000576
0.000584
0.000594
0.000542
0.000619
0.000612
0.000536
0.000521
0.000630
0.000709
0.000752
0.000847
0.000858
0.000911
0.000874
0.000812
0.000860
0.000761
0.000570
0.000496
0.000613
0.000715
0.000544
0.000600
0.000605
0.000503
0.000441
0.000422
0.000375
0.000395
0.000382
0.000302
0.000294
0.000211
0.000316
0.000321
0.000378
0.000429
0.000499
0.000474
0.000413
0.000311
0.000270
0.000345
0.000353
0.000294
0.000227
0.000201
0.000315
0.000359
0.000427
0.000318
0.000365
0.000442
0.000375
0.000476
0.000426
0.000464
0.000398
0.000432
0.000495
0.000502
0.000470
0.000460
0.000443
0.000523
0.000629
0.000601
0.000671
0.000619
0.000588
0.000666
0.000707
0.000676
0.000659
0.000676
0.000672
0.000598
0.000586
0.000602
0.000613
0.000609
0.000674
0.000757
0.000915
0.000940
0.000890
0.000876
0.000815
0.000810
0.000672
0.000595
0.000563
0.000673
0.000731
0.000654
0.000575
0.000538
0.000440
0.000411
0.000433
0.000444
0.000420
0.000406
0.000388
0.000373
0.000339
0.000371
0.000352
0.000382
0.000394
0.000448
0.000474
0.000348
0.000347
0.000404
0.000319
0.000394
0.000294
0.000266
0.000244
0.000364
0.000344
0.000273
0.000311
0.000287
0.000460
0.000427
0.000486
0.000367
0.000370
0.000339
0.000403
0.000457
0.000509
0.000375
0.000446
0.000440
0.000542
0.000572
0.000520
0.000613
0.000663
0.000653
0.000611
0.000677
0.000722
0.000735
0.000764
0.000657
0.000609
0.000629
0.000592
0.000612
0.000653
0.000694
0.000676
0.000798
0.000907
0.000845
0.000821
0.000808
0.000746
0.000761
0.000658
0.000661
0.000687
0.000673
0.000646
0.000584
0.000575
0.000428
0.000471
0.000446
0.000450
0.000423
0.000417
0.000382
0.000384
0.000361
0.000393
0.000401
0.000439
0.000480
0.000439
0.000435
0.000415
0.000332
0.000255
0.000329
0.000374
0.000340
0.000215
0.000291
0.000302
0.000226
0.000316
0.000283
0.001326
0.000473
0.000445
0.000510
0.000470
0.000385
0.000381
0.000413
0.000457
0.000447
0.000389
0.000404
0.000416
0.000488
0.000601
0.000501
0.000637
0.000667
0.000614
0.000599
0.000676
0.000755
0.000622
0.000641
0.000765
0.000703
0.000686
0.000654
0.000607
0.000619
0.000690
0.000720
0.000745
0.000814
0.000816
0.000724
0.000781
0.000767
0.000776
0.000688
0.000709
0.000668
0.000651
0.000630
0.000560
0.000568
0.000473
0.000468
0.000456
0.000449
0.000377
0.000338
0.000389
0.000344
0.000373
0.000453
0.000482
0.000554
0.000508
0.000459
0.000432
0.000428
0.000407
0.000376
0.000345
0.000357
0.000324
0.000317
0.000332
0.000321
0.000325
0.000335
0.000353
0.000398
0.000502
0.000474
0.000545
0.000467
0.000416
0.000511
0.000421
0.000402
0.000371
0.000417
0.000428
0.000430
0.000502
0.000555
0.000532
0.000565
0.000627
0.000629
0.000527
0.000631
0.000727
0.000717
0.000737
0.000773
0.000793
0.000635
0.000655
0.000726
0.000699
0.000755
0.000724
0.000674
0.000847
0.000855
0.000715
0.000686
0.000735
0.000699
0.000694
0.000646
0.000650
0.000659
0.000564
0.000593
0.000572
0.000552
0.000503
0.000503
0.000435
0.000438
0.000329
0.000395
0.000413
0.000414
0.000447
0.000555
0.000522
0.000535
0.000524
0.000423
0.000456
0.000470
0.000375
0.000375
0.000344
0.000374
0.000405
0.000454
0.000365
0.000347
0.000387
0.000485
0.000407
0.000466
0.000450
0.000373
0.000418
0.000510
0.000474
0.000400
0.000345
0.000371
0.000409
0.000464
0.000446
0.000450
0.000563
0.000530
0.000536
0.000587
0.000605
0.000586
0.000639
0.000708
0.000657
0.000633
0.000776
0.000816
0.000794
0.000824
0.000833
0.000715
0.000795
0.000826
0.000756
0.000804
0.000804
0.000726
0.000685
0.000665
0.000693
0.000737
0.000663
0.000675
0.000629
0.000587
0.000547
0.000535
0.000576
0.000512
0.000498
0.000464
0.000413
0.000313
0.000328
0.000406
0.000435
0.000499
0.000392
0.000458
0.000507
0.000448
0.000450
0.000453
0.000467
0.000410
0.000424
0.000416
0.000439
0.000462
0.000492
0.000447
0.000466
0.000446
0.000392
0.000342
0.000263
0.000425
0.000414
0.000443
0.000432
0.000457
0.000413
0.000316
0.000344
0.000412
0.000347
0.000414
0.000426
0.000467
0.000500
0.000542
0.000580
0.000632
0.000666
0.000571
0.000606
0.000681
0.000635
0.000788
0.000746
0.000709
0.000742
0.000800
0.000787
0.000848
0.000895
0.000923
0.000872
0.000791
0.000812
0.000812
0.000783
0.000692
0.000705
0.000683
0.000610
0.000558
0.000472
0.000488
0.000478
0.000519
0.000525
0.000495
0.000354
0.000333
0.000352
0.000412
0.000436
0.000497
0.000511
0.000497
0.000489
0.000609
0.000510
0.000447
0.000392
0.000487
0.000432
0.000395
0.000407
0.000438
0.000442
0.000345
0.000351
0.000433
0.000408
0.000475
0.000725
0.000359
0.000456
0.000403
0.000486
0.000476
0.000404
0.000376
0.000321
0.000301
0.000362
0.000363
0.000316
0.000361
0.000431
0.000493
0.000515
0.000520
0.000561
0.000606
0.000586
0.000628
0.000627
-0.000034
-0.000924
-0.001351
-0.000160
0.000329
0.000630
0.000801
0.000818
0.000914
0.000914
0.000868
0.000872
0.000865
0.000783
0.000846
0.000811
0.000824
0.000635
0.000510
0.000513
0.000531
0.000456
0.000456
0.000524
0.000566
0.000512
0.000477
0.000449
0.000373
0.000370
0.000442
0.000505
0.000549
0.000577
0.000547
0.000611
0.000530
0.000508
0.000415
0.000468
0.000464
0.000465
0.000440
0.000495
0.000451
0.000429
0.000464
0.000373
0.000394
0.000446
0.000354
0.000391
0.000496
0.000441
0.000478
0.000460
0.000380
0.000331
0.000325
0.000264
0.000273
0.000326
0.000320
0.000366
0.000402
0.000414
0.000418
0.000486
0.000577
0.000558
0.000562
0.000632
0.000351
-0.005465
-0.015479
-0.031102
-0.023408
-0.015480
-0.010989
-0.000316
0.000782
0.000849
0.000898
0.000924
0.000919
0.000894
0.000923
0.000934
0.000896
0.000764
0.000490
0.000409
0.000385
0.000429
0.000489
0.000465
0.000548
0.000569
0.000582
0.000602
0.000561
0.000370
0.000421
0.000500
0.000513
0.000475
0.000463
0.000508
0.000601
0.000493
0.000532
0.000495
0.000531
0.000531
0.000552
0.000508
0.000494
0.000478
0.000413
0.000439
0.000293
0.000444
0.000439
0.000398
0.000433
0.000458
0.000458
0.000438
0.000370
0.000330
0.000299
0.000330
0.000246
0.000214
0.000326
0.000311
0.000343
0.000372
0.000396
0.000393
0.000473
0.000549
0.000571
0.000610
0.000633
-0.000474
-0.000204
-0.005740
-0.012629
-0.010819
-0.016063
-0.024080
-0.020603
-0.005893
0.000371
0.000912
0.000959
0.000953
0.000949
0.000998
0.000984
0.000908
0.000840
0.000523
0.000339
0.000235
0.000284
0.000468
0.000478
0.000491
0.000583
0.000602
0.000599
0.000544
0.000455
0.000484
0.000499
0.000468
0.000497
0.000473
0.000476
0.000581
0.000635
0.000569
0.000541
0.000414
0.000598
0.000599
0.000518
0.000493
0.000551
0.000479
0.000509
0.000412
0.000453
0.000544
0.000360
0.000415
0.000375
0.000383
0.000398
0.000306
0.000278
0.000282
0.000235
0.000243
0.000252
0.000278
0.000323
0.000390
0.000362
0.000380
0.000405
0.000403
0.000391
0.000432
0.000657
0.000947
-0.001489
-0.008675
-0.011130
-0.025556
-0.017601
-0.011800
-0.014612
-0.030436
-0.000445
0.000962
0.000963
0.000991
0.001013
0.000974
0.000957
0.001005
0.000962
0.000703
0.000648
0.000289
0.000043
0.000301
0.000486
0.000473
0.000523
0.000544
0.000564
0.000559
0.000586
0.000453
0.000441
0.000461
0.000416
0.000476
0.000493
0.000465
0.000522
0.000557
0.000579
0.000646
0.000681
0.000638
0.000544
0.000495
0.000522
0.000513
0.000576
0.000416
0.000533
0.000594
0.000506
-0.001100
0.000412
0.000413
0.000349
0.000356
0.000296
0.000275
0.000295
0.000251
0.000255
0.000257
0.000291
0.000307
0.000330
0.000339
0.000074
0.000180
-0.000762
-0.000215
0.000614
0.000664
0.000635
0.000599
0.000551
0.000277
0.000578
0.001840
-0.006550
-0.009049
-0.000558
0.001001
0.000878
0.000993
0.000952
0.000981
0.001263
0.001617
0.001396
0.000990
0.000924
0.000623
0.000474
0.000320
0.000433
0.000484
0.000471
0.000533
0.000528
0.000540
0.000516
0.000549
0.000440
0.000449
0.000420
0.000403
0.000482
0.000524
0.000491
0.000543
0.000578
0.000532
0.000597
0.000611
0.000595
0.000544
0.000535
0.000593
0.000604
0.000515
0.000539
0.000544
0.000559
0.000497
0.000500
0.000404
0.000378
0.000344
0.000272
0.000228
0.000229
0.000249
0.000222
0.000231
0.000237
0.000249
0.000275
0.000241
-0.000084
-0.004644
0.000808
-0.000443
0.001000
0.000873
0.000913
0.000761
0.000716
0.000769
0.000895
0.001771
0.003701
0.002442
-0.001247
0.005461
0.001522
0.001056
0.001023
-0.000093
0.000193
0.007889
0.013577
0.009233
0.001751
0.001019
0.000916
0.000595
0.000547
0.000503
0.000519
0.000503
0.000505
0.000518
0.000538
0.000569
0.000581
0.000497
0.000455
0.000491
0.000462
0.000453
0.000572
0.000548
0.000509
0.000531
0.000614
0.000662
0.000553
0.000420
0.000539
0.000601
0.000633
0.000518
0.000582
0.000739
0.000670
0.000574
0.000525
0.000742
0.000357
0.000378
0.000280
0.000228
0.000218
0.000219
0.000200
0.000234
0.000212
0.000198
0.000181
0.000201
0.000033
-0.004337
-0.001644
0.002028
0.000827
0.000709
0.000698
0.000788
0.000874
0.000795
0.000850
0.001042
0.001363
0.000957
0.001694
0.006296
0.011332
0.013440
0.011710
0.008413
0.008744
0.007798
0.018793
0.021074
0.020865
0.015123
0.005347
0.002872
0.000867
0.000632
0.000573
0.000571
0.000419
0.000545
0.000494
0.000578
0.000560
0.000571
0.000562
0.000504
0.000516
0.000535
0.000552
0.000558
0.000561
0.000562
0.000715
0.000730
0.000574
0.000545
0.000580
0.000570
0.000600
0.000668
0.000732
0.000799
0.000770
0.000745
0.000701
0.000692
0.000823
0.000388
0.000310
0.000236
0.000195
0.000200
0.000180
0.000200
0.000170
0.000183
0.000173
0.000150
0.000323
-0.000660
-0.006376
-0.007797
-0.000629
0.000740
0.000674
0.000652
0.000749
0.001044
0.000932
0.000880
0.000725
-0.003417
-0.002901
0.000379
0.003421
0.007974
0.012347
0.009874
0.004965
0.003872
0.005459
0.010077
0.012276
0.017854
0.021792
0.018352
0.008295
0.001393
0.000499
0.000785
0.000516
0.000551
0.000537
0.000593
0.000571
0.000562
0.000500
0.000598
0.000705
0.000533
0.000515
0.000558
0.000593
0.000673
0.000706
0.000831
0.000700
0.000607
0.000612
0.000606
0.000660
0.000736
0.000737
0.000810
0.000722
0.000788
0.000797
0.000739
0.000661
-0.000596
0.000261
0.000237
0.000246
0.000211
0.000192
0.000196
0.000161
0.000148
0.000124
0.000126
0.000159
0.000053
-0.000244
-0.005363
-0.003969
-0.002598
0.000350
0.000757
0.000871
0.001016
0.001098
0.000664
0.000898
-0.003511
-0.004390
-0.003846
-0.000408
0.000360
0.002051
-0.004198
0.005882
0.003637
0.000879
0.000743
0.001182
0.003785
0.009826
0.012141
0.013090
0.009035
0.000085
0.001194
0.005439
0.001260
0.000582
0.000562
0.000474
0.000562
0.000606
0.000624
0.000654
0.000691
0.000565
0.000557
0.000591
0.000660
0.000736
0.000703
0.000747
0.000704
0.000664
0.000443
0.000435
0.000709
0.000803
0.000781
0.000794
0.000905
0.000804
0.000861
0.000718
0.000650
0.000738
0.000221
0.000207
0.000238
0.000194
0.000191
0.000170
0.000157
0.000133
0.000079
0.000107
0.000073
0.000061
-0.000154
-0.003257
-0.005256
0.003804
0.000182
0.000862
0.000910
0.001033
0.000697
0.001512
-0.000199
-0.000482
0.000641
0.001190
0.000691
0.000582
0.001350
-0.000545
0.000403
0.001961
-0.000889
-0.000563
0.000154
0.001496
0.002797
0.004400
0.007587
0.012561
0.002617
0.003098
0.005125
0.007373
0.001319
0.001126
0.000451
0.000629
0.000636
0.000627
0.000581
0.000694
0.000547
0.000530
0.000599
0.000664
0.000807
0.000759
0.000719
0.000670
0.000642
0.000460
0.000468
0.000712
0.000895
0.000908
0.000920
0.001033
0.000914
0.000800
0.000704
0.000702
0.000583
0.000125
0.000183
0.000205
0.000189
0.000161
0.000158
0.000154
0.000131
0.000074
0.000049
0.000082
0.000059
-0.000105
-0.001852
-0.009520
0.010040
0.000505
0.000971
0.000891
0.000608
0.009503
0.011299
0.007440
0.006641
0.006009
0.007797
0.001915
0.001060
0.001199
-0.001177
0.000110
0.000519
-0.000575
-0.001588
-0.000286
0.001340
0.001183
0.001683
0.002017
0.004209
0.003007
0.001122
0.002647
0.002809
-0.002606
0.001686
0.001187
0.000689
0.000606
0.000652
0.000553
0.000665
0.000644
0.000650
0.000604
0.000713
0.000811
0.000807
0.000717
0.000626
0.000713
0.000760
0.000480
0.000821
0.000914
0.000923
0.001001
0.001121
0.000902
0.000740
0.000732
0.000680
0.000637
0.000213
0.000189
0.000186
0.000142
0.000154
0.000126
0.000119
0.000114
0.000072
0.000050
0.000036
0.000026
0.000021
-0.000221
-0.007548
-0.002337
0.004823
0.001366
0.002710
0.008848
0.015083
0.017048
0.024757
0.022144
0.016462
0.015610
0.007512
0.001642
0.000488
-0.000420
0.000418
-0.001165
-0.001422
-0.001418
-0.001634
0.002141
0.000579
0.000692
0.000428
0.000190
-0.000764
0.000507
0.000948
-0.000833
-0.005963
-0.004259
-0.001885
0.000859
0.000598
0.000620
0.000658
0.000665
0.000726
0.000596
0.000700
0.000694
0.000775
0.000831
0.000810
0.000835
0.000795
0.000890
0.000862
0.000853
0.000795
0.000937
0.001121
0.001039
0.000789
0.000638
0.000535
0.000718
0.000746
0.000217
0.000208
0.000200
0.000154
0.000136
0.000114
0.000108
0.000070
0.000066
0.000031
0.000009
-0.000007
-0.000011
-0.000199
-0.007998
0.002011
0.000743
0.008320
0.009508
0.008819
0.013109
0.021991
0.023577
0.026031
0.023938
0.018558
0.009431
0.000655
0.000781
-0.000113
0.000162
-0.000822
-0.001890
-0.001963
0.000638
-0.002045
-0.004137
-0.000806
-0.000184
-0.000138
-0.002077
0.001132
-0.002266
-0.002394
-0.005181
-0.006827
-0.006133
-0.007470
0.000467
0.000542
0.000626
0.000638
0.000771
0.000784
0.000588
0.000541
0.000766
0.000843
0.000838
0.000815
0.000773
0.000906
0.000874
0.000908
0.000785
0.001023
0.000920
0.000907
0.000870
0.000695
0.000514
0.000652
0.000894
0.000160
0.000151
0.000164
0.000116
0.000071
0.000062
0.000052
0.000031
0.000023
-0.000019
-0.000067
-0.000112
-0.000144
-0.000179
-0.000135
-0.000200
-0.000157
-0.001008
-0.003105
-0.002194
-0.001474
0.005860
0.011734
0.014558
0.015049
0.011228
0.006708
0.002239
0.001544
0.000603
-0.000341
-0.004107
-0.003000
0.001400
-0.001021
-0.006899
-0.006852
-0.003755
-0.003642
-0.005750
-0.007679
-0.010009
-0.006263
-0.005459
-0.005623
-0.006312
-0.006872
-0.007229
-0.005591
0.000537
0.000680
0.000667
0.000698
0.000724
0.000487
0.000556
0.000741
0.000886
0.000844
0.000669
0.000940
0.000867
0.000841
0.000807
0.000794
0.000885
0.000810
0.000798
0.000910
0.000650
0.000653
0.000609
0.000693
0.000266
0.000202
0.000159
0.000158
0.000075
0.000048
0.000035
0.000037
0.000015
-0.000033
-0.000096
-0.000150
-0.000189
-0.000236
-0.000267
-0.000304
-0.000246
-0.000208
-0.000163
-0.000082
0.000064
-0.000035
0.000770
0.000757
-0.002654
-0.003611
-0.003665
-0.002981
-0.002116
-0.001295
-0.001791
-0.004384
-0.005354
-0.004818
-0.005250
-0.003676
-0.014179
-0.007564
-0.005157
-0.006468
-0.008479
-0.018353
-0.020319
-0.017932
-0.006827
-0.006428
-0.011577
-0.013047
-0.008730
-0.008502
0.001134
0.000831
0.000822
0.000829
0.000730
0.000430
0.000627
0.000739
0.000795
0.000798
0.000901
0.000870
0.000730
0.000806
0.000905
0.000850
0.000698
0.000693
0.000824
0.000812
0.000695
0.000702
0.000718
0.000245
0.000227
0.000212
0.000157
0.000079
0.000055
0.000048
0.000016
-0.000003
-0.000049
-0.000116
-0.000177
-0.000227
-0.000266
-0.000286
-0.000309
-0.000336
-0.000283
-0.000200
-0.000138
0.000561
0.016071
0.012302
0.008967
0.000102
-0.004323
-0.004076
-0.003761
-0.002513
-0.002255
-0.001948
-0.004661
-0.005411
-0.006287
-0.007491
-0.007672
-0.005228
-0.011618
-0.010207
-0.006002
-0.010467
-0.019621
-0.019936
-0.020906
-0.019342
-0.012081
-0.010518
-0.012941
-0.011249
-0.010281
-0.009230
0.000877
0.000934
0.000947
0.000795
0.000550
0.000744
0.000810
0.000893
0.000706
0.000900
0.000721
0.000794
0.000733
0.000924
0.000946
0.000769
0.000927
0.001105
0.000922
0.000922
0.000874
0.000704
0.000307
0.000262
0.000208
0.000146
0.000079
0.000049
0.000046
-0.000009
-0.000026
-0.000066
-0.000131
-0.000198
-0.000271
-0.000302
-0.000347
-0.000403
-0.000436
-0.000415
-0.000373
-0.000592
0.011367
0.023289
0.020423
0.011358
0.006135
-0.002022
-0.004294
-0.003924
-0.002526
-0.003594
-0.003388
-0.006018
-0.006713
-0.006952
-0.006783
-0.007975
-0.008033
-0.005772
-0.003063
-0.010242
-0.014964
-0.018109
-0.017504
-0.023042
-0.023851
-0.017355
-0.009297
-0.011575
-0.009450
-0.010472
-0.012392
-0.008127
0.000893
0.000889
0.000949
0.000751
0.000608
0.000784
0.000887
0.000734
0.000803
0.000735
0.000837
0.000788
0.000831
0.000898
0.000766
0.000944
0.001280
0.001078
0.000936
0.000749
0.000818
0.000314
0.000258
0.000212
0.000173
0.000107
0.000044
0.000014
-0.000023
-0.000055
-0.000081
-0.000131
-0.000215
-0.000311
-0.000362
-0.000395
-0.000465
-0.000457
-0.000393
-0.000751
-0.001151
0.000549
0.016903
0.021492
0.014638
0.011281
0.001095
-0.003696
-0.005213
-0.005898
-0.005519
-0.005127
-0.007983
-0.007813
-0.006592
-0.007017
-0.009140
-0.009658
-0.007743
-0.005662
-0.004850
-0.003782
-0.004609
-0.015333
-0.014446
-0.012268
-0.016223
-0.007803
-0.010224
-0.008821
-0.013222
-0.013371
-0.012472
-0.007343
0.000446
0.000777
0.000884
0.000506
0.000551
0.000883
0.000693
0.000622
0.000543
0.000740
0.000785
0.000810
0.000753
0.000759
0.000864
0.001244
0.000909
0.000857
0.000682
0.000667
0.000377
0.000299
0.000222
0.000191
0.000142
0.000034
0.000005
-0.000028
-0.000068
-0.000090
-0.000125
-0.000215
-0.000319
-0.000406
-0.000458
-0.000495
-0.000482
-0.000599
-0.000769
-0.001013
-0.003043
-0.002021
0.011592
0.014104
0.010496
0.001285
-0.004490
-0.007144
-0.007437
-0.006565
-0.005463
-0.009421
-0.006684
-0.006848
-0.007207
-0.007716
-0.007998
-0.007550
-0.006942
-0.005301
-0.007066
-0.008392
-0.006253
-0.004813
-0.001446
-0.001252
-0.010332
-0.008174
-0.010315
-0.012420
-0.014568
-0.012051
-0.011120
-0.008192
-0.005847
0.000564
0.000605
0.000358
0.000742
0.000534
0.000620
0.000490
0.000545
0.000975
0.000965
0.000899
0.000870
0.000884
0.000859
0.000860
0.000780
0.000618
0.000730
0.000376
0.000320
0.000271
0.000221
0.000152
0.000049
0.000000
-0.000027
-0.000061
-0.000113
-0.000137
-0.000225
-0.000279
-0.000372
-0.000473
-0.000490
-0.000748
-0.000674
-0.000783
-0.000894
-0.001242
-0.002616
0.004906
0.011869
0.009928
0.006323
-0.000785
-0.006008
-0.005959
-0.005867
-0.005027
-0.007920
-0.008199
-0.006070
-0.006570
-0.007812
-0.007206
-0.006538
-0.006489
-0.006599
-0.007916
-0.008792
-0.008533
-0.006392
-0.002745
0.000150
-0.003274
-0.008410
-0.010007
-0.010711
-0.011157
-0.009472
-0.009754
-0.007888
-0.007945
-0.004834
0.000645
0.000480
0.000544
0.000761
0.000479
0.000501
0.000697
0.000423
0.000437
0.000933
0.000770
0.000711
0.000769
0.000749
0.000799
0.000682
0.000885
0.000360
0.000357
0.000266
0.000330
0.000399
0.000343
0.000362
0.000423
0.000587
-0.000088
-0.000114
-0.000220
-0.000308
-0.000680
-0.000743
-0.000686
-0.000671
-0.000646
-0.000757
-0.000879
-0.001110
-0.001348
-0.000042
0.010918
0.009756
0.007480
0.002622
-0.003230
-0.005162
-0.004107
-0.002807
-0.006867
-0.007520
-0.005273
-0.005906
-0.007118
-0.006588
-0.006490
-0.007157
-0.007357
-0.007819
-0.007945
-0.008048
-0.006089
-0.003039
-0.000870
-0.001833
-0.005695
-0.009693
-0.010877
-0.010147
-0.008023
-0.007842
-0.006589
-0.006295
-0.006756
-0.005928
-0.003892
0.000502
0.000714
0.000758
0.000460
0.000412
0.000396
0.000791
0.000693
0.000387
0.000623
0.000886
0.000824
0.000878
0.000973
0.001044
0.000382
0.000382
0.000347
0.000332
0.000434
0.000484
0.000402
0.000379
0.000274
0.000363
0.000525
0.000522
-0.000131
-0.000675
-0.000802
-0.000911
-0.000544
-0.000574
-0.000608
-0.000950
-0.000994
0.000327
0.000468
0.000543
0.001809
0.001676
0.000440
0.000374
0.003324
-0.001758
-0.000425
-0.001848
-0.003815
-0.003805
-0.005254
-0.007636
-0.007020
-0.006914
-0.006432
-0.008222
-0.008556
-0.008074
-0.007664
-0.006184
-0.005004
-0.002718
-0.002832
-0.003211
-0.005229
-0.011498
-0.010603
-0.009525
-0.007496
-0.006213
-0.005940
-0.005641
-0.005912
-0.006904
-0.005033
-0.003041
-0.000244
0.000889
0.000510
0.000535
0.000790
0.000772
0.000645
0.000806
0.000971
0.000944
0.000913
0.001003
0.000939
0.000445
0.000419
0.000344
0.000424
0.000401
0.000417
0.000421
0.000418
0.000325
0.000362
0.000486
0.000559
0.000500
0.000562
0.000607
-0.000444
0.000435
0.000558
0.000506
0.000534
0.000400
0.000524
0.000482
0.000451
0.000555
0.000538
0.000519
0.000377
-0.002027
0.000414
0.000201
-0.001095
-0.003370
-0.003073
-0.004497
-0.005919
-0.005957
-0.006626
-0.006491
-0.008552
-0.008309
-0.007359
-0.006793
-0.006326
-0.005639
-0.005553
-0.004594
-0.004195
-0.004624
-0.007888
-0.009536
-0.009664
-0.007584
-0.004944
-0.003435
-0.001549
-0.005002
-0.001438
0.001554
0.003001
0.004833
0.008569
0.001655
0.000988
0.000956
0.000956
0.000834
0.000968
0.001076
0.001090
0.001219
0.001294
0.001098
0.000509
0.000437
0.000237
0.000305
0.000242
0.000358
0.000442
0.000458
0.000435
0.000484
0.000540
0.000568
0.000509
0.000455
0.000477
0.000353
0.000499
0.000563
0.000576
0.000606
0.000405
0.000525
0.000528
0.000539
0.000580
0.000466
0.000323
0.000195
0.000160
0.000465
-0.000208
0.000098
-0.000035
0.000072
-0.000067
0.000116
0.000111
-0.002340
-0.004696
-0.006549
-0.006401
-0.006587
-0.005620
-0.004669
-0.006066
-0.006466
-0.005588
-0.004182
-0.005706
-0.006155
-0.008445
-0.008637
-0.004901
-0.001949
0.000093
0.001155
0.003888
0.007536
0.004437
0.001005
0.001680
0.002158
0.001836
0.001095
0.001099
0.001217
0.001619
0.001528
0.001094
0.001182
0.001169
0.001159
0.001089
0.000509
0.000441
0.000361
0.000265
0.000303
0.000311
0.000505
0.000523
0.000456
0.000433
0.000540
0.000632
0.000630
0.000341
0.000328
0.000239
0.000528
0.000601
0.000558
0.000623
0.000419
0.000495
0.000530
0.000473
0.000469
0.000393
0.000209
0.000021
0.000287
0.000386
0.000365
0.000439
0.000436
0.000606
0.000535
0.000568
0.000725
0.000561
0.000476
0.000450
0.000418
0.000419
0.000378
0.000413
-0.004401
-0.006045
-0.004949
-0.005960
-0.006177
-0.008290
-0.006925
-0.003498
-0.001708
0.000331
0.001521
0.001224
0.002698
0.002348
0.001962
0.001850
0.001516
0.002039
0.001887
0.001391
0.001470
0.001685
0.001851
0.001832
0.001146
0.000971
0.001170
0.001068
0.001026
0.000535
0.000493
0.000454
0.000275
0.000324
0.000331
0.000552
0.000544
0.000508
0.000469
0.000501
0.000677
0.000767
0.000568
0.000515
0.000379
0.000340
0.000516
0.000534
0.000538
0.000496
0.000515
0.000555
0.000397
0.000333
0.000333
0.000186
-0.000063
0.000199
0.000341
0.000224
0.000311
0.000355
0.000689
0.000536
0.000618
0.000671
0.000395
0.000581
0.000800
0.000795
0.001098
0.001364
0.001459
0.000612
-0.005377
-0.007204
-0.008052
-0.007813
-0.009953
-0.009977
0.001480
0.003161
-0.000664
-0.009115
-0.001711
0.001693
0.001951
0.002177
0.002192
0.001668
0.001869
0.001791
0.001458
0.001383
0.002078
0.002113
0.001766
0.001286
0.001021
0.001219
0.001131
0.001120
0.000491
0.000523
0.000500
0.000351
0.000457
0.000508
0.000544
0.000524
0.000512
0.000513
0.000612
0.000712
0.000741
0.000664
0.000575
0.000565
0.000356
0.000380
0.000410
0.000545
0.000473
0.000467
0.000544
0.000469
0.000384
0.000266
0.000213
0.000240
0.000237
0.000316
0.000223
0.000601
0.000697
0.000823
0.000732
0.000827
0.000752
0.000598
0.000522
0.000637
0.000716
0.001038
0.001331
0.001385
0.001208
0.002436
-0.006624
-0.008481
-0.008269
-0.010330
-0.011813
-0.008547
-0.000445
-0.004787
0.001565
0.002234
0.002322
0.002158
0.001961
0.001836
0.001680
0.001238
0.001643
0.001341
0.001252
0.002011
0.001839
0.001758
0.001664
0.001131
0.001135
0.001167
0.001213
0.000574
0.000538
0.000553
0.000557
0.000588
0.000543
0.000548
0.000536
0.000553
0.000592
0.000601
0.000641
0.000759
0.000707
0.000558
0.000518
0.000351
0.000314
0.000369
0.000480
0.000482
0.000398
0.000503
0.000559
0.000488
0.000468
0.000409
0.000374
0.000524
0.000536
0.000687
0.000831
0.000787
0.000871
0.000960
0.000797
0.000584
0.000429
0.000283
0.000418
0.000731
0.000970
0.001216
0.001288
0.001173
0.001145
0.001455
-0.007033
-0.007380
-0.007614
-0.006160
-0.001452
-0.003627
0.001282
0.002215
0.002331
0.002039
0.002139
0.001933
0.001813
0.001791
0.001325
0.001512
0.001574
0.001490
0.001771
0.001764
0.001823
0.001817
0.001529
0.000964
0.001104
0.000983
0.000531
0.000598
0.000657
0.000558
0.000543
0.000545
0.000595
0.000536
0.000551
0.000591
0.000521
0.000585
0.000708
0.000704
0.000600
0.000517
0.000595
0.000344
0.000461
0.000446
0.000346
0.000310
0.000540
0.000504
0.000537
0.000553
0.000671
0.000759
0.000776
0.000813
0.000679
0.000740
0.000834
0.000879
0.000952
0.000738
0.000457
0.000342
-0.000089
0.000224
0.000694
0.000710
0.000986
0.001236
0.001239
0.001128
0.000978
0.000933
0.002080
0.004825
0.002779
-0.000241
-0.006881
0.001504
0.002062
0.002136
0.001867
0.001858
0.001639
0.001888
0.001898
0.001512
0.001291
0.001603
0.001352
0.001369
0.001762
0.001888
0.001826
0.001592
0.000576
0.000955
0.000842
0.000534
0.000668
0.000648
0.000634
0.000597
0.000556
0.000462
0.000653
0.000574
0.000581
0.000515
0.000514
0.000601
0.000605
0.000646
0.000506
0.000576
0.000527
0.000480
0.000404
0.000420
0.000374
0.000425
0.000459
0.000572
0.000658
0.000825
0.000865
0.000896
0.000752
0.000521
0.000723
0.000839
0.000825
0.000935
0.000687
0.000237
0.000160
-0.000094
0.000040
0.000293
0.000429
0.000471
0.001137
0.001315
0.001141
0.001065
0.001036
0.001429
0.001685
-0.001447
-0.000761
0.001933
0.002246
0.002054
0.001665
0.001741
0.002009
0.001870
0.001976
0.001849
0.001820
0.001338
0.001481
0.001568
0.001425
0.001670
0.001780
0.001807
0.001620
0.001340
0.001218
0.001153
0.000439
0.000532
0.000552
0.000586
0.000643
0.000646
0.000676
0.000713
0.000679
0.000627
0.000581
0.000417
0.000425
0.000540
0.000606
0.000488
0.000534
0.000540
0.000512
0.000475
0.000433
0.000382
0.000459
0.000506
0.000706
0.000792
0.000810
0.000901
0.000880
0.000526
0.000483
0.000689
0.000924
0.000975
0.000913
0.000719
0.000800
0.000844
0.000234
-0.000084
0.000291
0.000258
0.000777
0.001157
0.001200
0.001052
0.001259
0.001417
0.001293
0.001460
0.001436
0.002046
0.002198
0.002196
0.002084
0.001945
0.001924
0.001701
0.001804
0.001837
0.001815
0.001596
0.001837
0.001648
0.001746
0.001950
0.001760
0.001543
0.001510
0.001860
0.001739
0.001483
0.000931
0.000441
0.000497
0.000533
0.000599
0.000567
0.000427
0.000544
0.000576
0.000732
0.000696
0.000635
0.000396
0.000497
0.000566
0.000553
0.000484
0.000548
0.000614
0.000537
0.000565
0.000380
0.000433
0.000560
0.000536
0.000670
0.000676
0.000708
0.000761
0.000778
0.000689
0.000461
0.000782
0.000869
0.000865
0.000894
0.000880
0.000733
0.000576
0.000367
-0.000048
0.000157
0.000295
0.000468
0.000844
0.001035
0.001113
0.001192
0.001342
0.001442
0.001460
0.001757
0.002081
0.002359
0.002515
0.002477
0.002403
0.001921
0.001727
0.001491
0.001598
0.001680
0.001751
0.001637
0.001361
0.001747
0.001609
0.001602
0.001663
0.001947
0.002044
0.001950
0.001305
0.000876
0.000446
0.000506
0.000613
0.000657
0.000493
0.000360
0.000671
0.000674
0.000794
0.000741
0.000558
0.000535
0.000531
0.000537
0.000565
0.000472
0.000538
0.000542
0.000547
0.000584
0.000503
0.000549
0.000672
0.000535
0.000596
0.000691
0.000771
0.000869
0.000885
0.000859
0.000607
0.000667
0.000709
0.000804
0.000543
0.000471
0.000467
0.000463
0.000207
0.000322
0.000273
0.000297
0.000423
0.000277
0.000950
0.000915
0.000847
0.001147
0.001003
0.001099
0.001659
0.002144
0.002424
0.002771
0.002515
0.002373
0.001897
0.001710
0.001618
0.001447
0.001706
0.001857
0.001609
0.001360
0.001378
0.001797
0.001579
0.001690
0.001863
0.001956
0.001936
0.001330
0.000859
