-0.000017
-0.000033
-0.000044
0.000632
-0.000052
-0.000080
-0.000093
0.000438
-0.000065
-0.000046
-0.000039
-0.000603
-0.000035
-0.000026
-0.000017
-0.000009
-0.000007
-0.000004
-0.000002
-0.000001
0.000000
0.000004
0.000007
0.000008
0.000010
0.000010
0.000018
0.000013
0.000016
0.000012
0.000011
0.000013
0.000019
0.000019
0.000022
0.000029
0.000024
0.000021
0.000026
0.000023
0.000021
0.000024
0.000027
0.000025
0.000028
0.000027
0.000029
0.000029
0.000036
0.000035
0.000031
0.000029
0.000027
0.000032
0.000031
0.000031
0.000035
0.000039
0.000032
0.000026
0.000023
0.000017
0.000015
0.000000
-0.000004
-0.000002
-0.001158
-0.000006
-0.000006
-0.000001
0.000061
-0.000003
0.000195
-0.000137
-0.000157
-0.000156
-0.000150
-0.000139
-0.000139
-0.000125
-0.000108
-0.000091
-0.000072
-0.000060
-0.000050
-0.000033
-0.000021
-0.000015
-0.000007
-0.000008
-0.000001
-0.000001
0.000000
0.000002
0.000005
0.000010
0.000011
0.000013
0.000014
0.000012
0.000014
0.000017
0.000015
0.000010
0.000010
0.000015
0.000017
0.000024
0.000023
0.000023
0.000021
0.000028
0.000022
0.000020
0.000020
0.000028
0.000027
0.000030
0.000030
0.000030
0.000029
0.000027
0.000032
0.000031
0.000028
0.000031
0.000027
0.000019
0.000020
0.000032
0.000033
0.000030
0.000027
0.000024
0.000021
0.000023
0.000022
0.000024
0.000023
0.000023
0.000018
0.000021
0.000020
0.000018
0.000020
0.000011
-0.000150
-0.000154
-0.000150
-0.000146
-0.000140
-0.000123
-0.000096
-0.000101
-0.000086
-0.000067
-0.000052
-0.000038
-0.000023
-0.000029
-0.000015
-0.000008
-0.000005
-0.000002
-0.000001
0.000003
0.000003
0.000005
0.000009
0.000010
0.000012
0.000014
0.000012
0.000015
0.000014
0.000014
0.000015
0.000016
0.000021
0.000018
0.000024
0.000023
0.000023
0.000021
0.000023
0.000025
0.000028
0.000029
0.000030
0.000026
0.000028
0.000031
0.000027
0.000027
0.000028
0.000031
0.000029
0.000028
0.000029
0.000028
0.000022
0.000022
0.000025
0.000031
0.000032
0.000025
0.000023
0.000015
0.000021
0.000024
0.000023
0.000021
0.000022
0.000022
0.000021
0.000020
0.000020
0.000021
0.000023
-0.000132
-0.000140
-0.000154
-0.000139
-0.000131
-0.000120
-0.000091
-0.000089
-0.000076
-0.000058
-0.000045
-0.000029
-0.000018
-0.000012
-0.000008
-0.000006
-0.000005
-0.000002
0.000001
0.000003
0.000005
0.000007
0.000010
0.000008
0.000011
0.000009
0.000016
0.000018
0.000016
0.000014
0.000015
0.000020
0.000019
0.000022
0.000023
0.000023
0.000020
0.000022
0.000025
0.000026
0.000028
0.000026
0.000026
0.000031
0.000030
0.000031
0.000025
0.000018
0.000022
0.000028
0.000027
0.000028
0.000026
0.000028
0.000031
0.000029
0.000025
0.000024
0.000027
0.000023
0.000023
0.000019
0.000024
0.000023
0.000021
0.000020
0.000024
0.000025
0.000021
0.000023
0.000023
0.000023
0.000023
-0.000127
-0.000142
-0.000119
-0.000116
-0.000109
-0.000108
-0.000103
-0.000089
-0.000067
-0.000049
-0.000037
-0.000019
-0.000010
-0.000012
-0.000009
-0.000009
-0.000003
-0.000002
0.000001
0.000003
0.000007
0.000007
0.000008
0.000005
0.000009
0.000014
0.000016
0.000014
0.000015
0.000018
0.000016
0.000016
0.000015
0.000023
0.000024
0.000026
0.000022
0.000023
0.000026
0.000023
0.000027
0.000024
0.000029
0.000026
0.000030
0.000028
0.000024
0.000019
0.000020
0.000020
0.000029
0.000028
0.000024
0.000027
0.000025
0.000021
0.000025
0.000021
0.000018
0.000019
0.000021
0.000023
0.000024
0.000023
0.000024
0.000027
0.000028
0.000025
0.000025
0.000023
0.000022
0.000022
-0.002169
-0.000113
-0.000119
-0.000117
-0.000120
-0.000117
-0.000104
-0.000085
-0.000079
-0.000068
-0.000043
-0.000025
-0.000016
-0.000014
-0.000010
-0.000010
-0.000006
-0.000002
0.000000
0.000003
0.000005
0.000005
0.000007
0.000009
0.000010
0.000010
0.000013
0.000012
0.000014
0.000016
0.000019
0.000017
0.000015
0.000015
0.000019
0.000021
0.000021
0.000021
0.000023
0.000016
0.000025
0.000026
0.000025
0.000028
0.000031
0.000022
0.000026
0.000028
0.000021
0.000026
0.000028
0.000031
0.000025
0.000025
0.000021
0.000018
0.000026
0.000021
0.000023
0.000023
0.000023
0.000022
0.000026
0.000025
0.000027
0.000024
0.000028
0.000026
0.000025
0.000026
0.000024
0.000023
0.000025
0.000021
-0.000116
-0.000107
-0.000099
-0.000116
-0.000106
-0.000088
-0.000078
-0.000076
-0.000053
-0.000034
-0.000021
-0.000017
-0.000017
-0.000015
-0.000007
-0.000005
-0.000002
0.000001
0.000003
0.000004
0.000006
0.000006
0.000008
0.000009
0.000011
0.000012
0.000013
0.000014
0.000017
0.000016
0.000018
0.000018
0.000018
0.000023
0.000020
0.000019
0.000019
0.000022
0.000023
0.000024
0.000027
0.000026
0.000028
0.000029
0.000027
0.000027
0.000027
0.000025
0.000031
0.000029
0.000029
0.000024
0.000020
0.000020
0.000021
0.000020
0.000019
0.000022
0.000023
0.000027
0.000025
0.000026
0.000026
0.000024
0.000028
0.000026
0.000026
0.000022
0.000022
0.000024
0.000025
0.000028
0.000027
-0.000110
-0.000104
-0.000102
-0.000086
-0.000085
-0.000080
-0.000070
-0.000058
-0.000046
-0.000031
-0.000020
-0.000017
-0.000013
-0.000011
-0.000007
-0.000006
-0.000002
0.000002
0.000004
0.000007
0.000006
0.000005
0.000007
0.000012
0.000011
0.000013
0.000014
0.000014
0.000018
0.000019
0.000015
0.000019
0.000015
0.000020
0.000017
0.000019
0.000022
0.000022
0.000023
0.000024
0.000027
0.000026
0.000026
0.000027
0.000027
0.000029
0.000026
0.000027
0.000033
0.000029
0.000028
0.000023
0.000023
0.000023
0.000023
0.000020
0.000021
0.000022
0.000023
0.000024
0.000023
0.000024
0.000026
0.000025
0.000027
0.000025
0.000027
0.000023
0.000022
0.000024
0.000025
0.000023
0.000025
-0.000090
-0.000099
-0.000088
-0.000092
-0.000071
-0.000071
-0.000063
-0.000049
-0.000037
-0.000024
-0.000018
-0.000014
-0.000010
-0.000013
-0.000009
-0.000005
-0.000001
0.000001
0.000001
0.000004
0.000005
0.000006
0.000008
0.000010
0.000010
0.000010
0.000011
0.000013
0.000015
0.000018
0.000016
0.000017
0.000015
0.000015
0.000017
0.000023
0.000021
0.000024
0.000023
0.000021
0.000024
0.000026
0.000030
0.000030
0.000022
0.000024
0.000027
0.000031
0.000030
0.000028
0.000022
0.000025
0.000030
0.000028
0.000023
0.000019
0.000023
0.000021
0.000023
0.000022
0.000024
0.000026
0.000024
0.000024
0.000023
0.000009
0.000025
0.000025
0.000026
0.000026
0.000025
0.000025
0.001326
-0.000060
-0.000079
-0.000077
-0.000072
-0.000069
-0.000066
-0.000048
-0.000043
-0.000026
-0.000025
-0.000015
-0.000010
-0.000013
-0.000010
-0.000007
-0.000005
-0.000002
0.000001
0.000005
0.000004
0.000006
0.000008
0.000008
0.000011
0.000011
0.000012
0.000014
0.000013
0.000014
0.000015
0.000018
0.000018
0.000020
0.000018
0.000019
0.000023
0.000020
0.000023
0.000022
0.000019
0.000021
0.000022
0.000025
0.000025
0.000023
0.000025
0.000026
0.000030
0.000028
0.000026
0.000023
0.000023
0.000028
0.000027
0.000028
0.000023
0.000021
0.000021
0.000023
0.000023
0.000024
0.000025
0.000025
0.000024
0.000025
0.000025
0.000027
0.000026
0.000028
0.000029
0.000027
0.000027
0.000027
-0.000063
-0.000068
-0.000062
-0.000055
-0.000060
-0.000031
-0.000023
-0.000023
-0.000029
-0.000024
-0.000016
-0.000014
-0.000013
-0.000008
-0.000007
-0.000006
-0.000003
0.000003
0.000003
0.000002
0.000004
0.000007
0.000007
0.000009
0.000012
0.000014
0.000011
0.000014
0.000013
0.000016
0.000015
0.000018
0.000015
0.000018
0.000017
0.000021
0.000017
0.000023
0.000023
0.000023
0.000024
0.000023
0.000026
0.000026
0.000024
0.000024
0.000025
0.000029
0.000026
0.000024
0.000023
0.000024
0.000028
0.000031
0.000031
0.000023
0.000025
0.000025
0.000024
0.000026
0.000024
0.000026
0.000025
0.000025
0.000026
0.000025
0.000028
0.000030
0.000029
0.000029
0.000027
0.000029
0.000028
-0.000045
-0.000053
-0.000061
-0.000055
-0.000049
-0.000029
-0.000014
-0.000017
-0.000020
-0.000023
-0.000019
-0.000013
-0.000013
-0.000008
-0.000006
-0.000004
-0.000006
-0.000002
0.000001
0.000003
0.000006
0.000007
0.000009
0.000012
0.000009
0.000011
0.000012
0.000014
0.000015
0.000020
0.000015
0.000021
0.000017
0.000018
0.000018
0.000020
0.000023
0.000022
0.000027
0.000029
0.000029
0.000027
0.000026
0.000024
0.000029
0.000028
0.000026
0.000029
0.000028
0.000029
0.000024
0.000027
0.000029
0.000032
0.000029
0.000025
0.000023
0.000024
0.000025
0.000026
0.000025
0.000025
0.000024
0.000025
0.000024
0.000026
0.000029
0.000031
0.000028
0.000025
0.000026
0.000028
0.000029
-0.000055
-0.000058
-0.000057
-0.000052
-0.000045
-0.000042
-0.000022
-0.000023
-0.000026
-0.000020
-0.000019
-0.000012
-0.000010
-0.000007
-0.000005
0.000000
-0.000003
-0.000002
0.000002
0.000003
0.000003
0.000002
0.000004
0.000009
0.000009
0.000010
0.000011
0.000013
0.000014
0.000016
0.000016
0.000015
0.000017
0.000017
0.000018
0.000017
0.000025
0.000022
0.000024
0.000030
0.000033
0.000030
0.000031
0.000028
0.000035
0.000031
0.000024
0.000026
0.000029
0.000027
0.000025
0.000022
0.000025
0.000029
0.000029
0.000025
0.000024
0.000024
0.000024
0.000025
0.000021
0.000022
0.000024
0.000027
0.000026
0.000028
0.000031
0.000029
0.000026
0.000025
0.000026
0.000028
0.000725
-0.000046
-0.000053
-0.000053
-0.000047
-0.000034
-0.000027
-0.000027
-0.000023
-0.000017
-0.000017
-0.000013
-0.000012
-0.000009
-0.000007
-0.000008
-0.000007
-0.000003
-0.000005
-0.000002
0.000003
0.000001
-0.000029
-0.000205
-0.000179
-0.000052
-0.000020
-0.000018
-0.000004
0.000013
0.000014
0.000018
0.000017
0.000018
0.000023
0.000023
0.000022
0.000022
0.000029
0.000030
0.000031
0.000033
0.000029
0.000028
0.000031
0.000028
0.000029
0.000029
0.000025
0.000027
0.000026
0.000021
0.000024
0.000026
0.000028
0.000027
0.000027
0.000024
0.000026
0.000023
0.000024
0.000024
0.000027
0.000027
0.000028
0.000027
0.000026
0.000028
0.000026
0.000026
0.000025
0.000028
0.000028
0.000020
-0.000055
-0.000049
-0.000046
-0.000041
-0.000031
-0.000026
-0.000023
-0.000021
-0.000019
-0.000016
-0.000015
-0.000012
-0.000009
-0.000011
-0.000007
-0.000005
-0.000007
-0.000006
-0.000004
-0.000001
-0.000111
-0.000442
-0.001640
-0.001483
-0.001635
-0.001157
-0.001032
-0.000686
-0.000061
-0.000012
-0.000162
0.000000
0.000018
0.000026
0.000023
0.000023
0.000023
0.000030
0.000027
0.000026
0.000025
0.000033
0.000034
0.000024
0.000032
0.000027
0.000033
0.000028
0.000031
0.000028
0.000022
0.000025
0.000028
0.000027
0.000025
0.000025
0.000027
0.000025
0.000022
0.000024
0.000026
0.000028
0.000027
0.000027
0.000027
0.000031
0.000027
0.000027
0.000023
0.000023
0.000030
0.000031
0.000026
-0.000059
-0.000046
-0.000043
-0.000032
-0.000022
-0.000019
-0.000020
-0.000016
-0.000017
-0.000016
-0.000014
-0.000011
-0.000013
-0.000010
-0.000006
-0.000005
-0.000003
-0.000001
-0.000000
-0.000190
-0.001369
-0.001848
-0.001412
0.000344
-0.000355
-0.000497
-0.000555
-0.000261
-0.002139
-0.003965
-0.008599
-0.000970
-0.000014
0.000026
0.000026
0.000026
0.000024
0.000028
0.000033
0.000025
0.000023
0.000034
0.000026
0.000031
0.000038
0.000033
0.000032
0.000031
0.000032
0.000027
0.000028
0.000025
0.000027
0.000023
0.000026
0.000027
0.000027
0.000026
0.000024
0.000026
0.000028
0.000027
0.000029
0.000028
0.000028
0.000030
0.000027
0.000025
0.000022
0.000027
0.000028
0.000007
0.000030
-0.000051
-0.000040
-0.000035
-0.000023
-0.000019
-0.000019
-0.000015
-0.000015
-0.000015
-0.000013
-0.000012
-0.000011
-0.000015
-0.000009
-0.000013
-0.000006
-0.000002
0.000004
-0.000001
0.000239
-0.001105
-0.000491
-0.000547
-0.000743
-0.000577
-0.000414
0.001112
0.001703
0.000125
-0.001142
-0.000670
-0.000031
0.000028
0.000029
0.000029
0.000028
0.000027
0.000022
0.000031
0.000031
0.000036
0.000031
0.000038
0.000039
0.000033
0.000028
0.000031
0.000031
0.000029
0.000028
0.000024
0.000026
0.000025
0.000024
0.000023
0.000027
0.000028
0.000029
0.000026
0.000026
0.000028
0.000028
0.000030
0.000028
0.000027
0.000027
0.000027
0.000028
0.000026
0.000027
0.000028
0.000024
-0.001100
-0.000045
-0.000038
-0.000030
-0.000020
-0.000016
-0.000016
-0.000014
-0.000015
-0.000010
-0.000014
-0.000012
-0.000010
-0.000014
-0.000011
0.000003
0.000009
0.000169
0.000436
0.000243
0.000711
0.000448
0.000395
0.000065
0.000002
-0.000305
-0.000081
0.000615
0.000475
-0.000821
-0.000400
-0.000659
-0.000019
0.000014
0.000047
0.000053
0.000041
0.000027
0.000026
0.000033
0.000027
0.000036
0.000030
0.000042
0.000039
0.000037
0.000035
0.000034
0.000030
0.000029
0.000026
0.000026
0.000026
0.000029
0.000026
0.000025
0.000027
0.000028
0.000029
0.000026
0.000025
0.000026
0.000028
0.000027
0.000023
0.000026
0.000025
0.000026
0.000025
0.000027
0.000027
0.000021
-0.000184
0.000026
-0.000036
-0.000031
-0.000024
-0.000014
-0.000014
-0.000012
-0.000014
-0.000017
-0.000010
-0.000011
-0.000013
-0.000013
-0.000011
0.000003
0.000270
0.000508
0.000355
0.000839
-0.000022
-0.000125
0.000491
0.000136
-0.000040
-0.000055
-0.000089
0.000073
0.000052
-0.000355
-0.000735
-0.000530
-0.000193
0.000195
0.000180
0.000465
0.000589
0.000349
0.000072
0.000034
0.000029
0.000037
0.000036
0.000031
0.000037
0.000036
0.000037
0.000032
0.000030
0.000031
0.000029
0.000026
0.000026
0.000028
0.000030
0.000027
0.000028
0.000026
0.000030
0.000027
0.000028
0.000028
0.000027
0.000026
0.000011
-0.000076
0.000022
0.000028
0.000024
0.000025
0.000026
0.000023
-0.000068
-0.000043
0.000025
-0.000030
-0.000031
-0.000020
-0.000018
-0.000014
-0.000007
-0.000013
-0.000011
-0.000015
-0.000015
-0.000016
-0.000011
0.000000
0.000050
0.000769
0.001037
-0.000570
-0.000143
-0.000076
-0.000876
-0.000811
-0.000249
-0.000299
-0.000358
0.000011
0.000064
-0.000074
-0.000038
-0.000386
-0.000473
-0.000462
0.000179
-0.000267
-0.000206
0.000480
0.000719
0.000327
0.000059
0.000029
0.000028
0.000026
0.000033
0.000029
0.000032
0.000034
0.000030
0.000027
0.000032
0.000032
0.000027
0.000025
0.000029
0.000027
0.000028
0.000028
0.000028
0.000029
0.000029
0.000027
0.000030
0.000026
0.000017
-0.000223
0.000020
0.000025
0.000024
0.000024
0.000023
0.000023
0.000021
0.000017
0.000017
0.000029
-0.000028
-0.000026
-0.000020
-0.000015
-0.000016
-0.000009
-0.000008
-0.000010
-0.000014
-0.000011
-0.000011
-0.000004
-0.000017
0.000023
0.000851
0.003478
-0.000233
-0.000044
-0.000031
-0.000138
-0.000561
-0.000554
-0.001098
-0.000681
0.000614
0.000329
0.000229
0.000658
0.000124
0.001229
-0.001157
-0.001335
-0.000795
-0.000185
0.000474
0.000810
0.000499
0.000156
-0.000000
0.000020
0.000031
0.000032
0.000029
0.000034
0.000034
0.000035
0.000034
0.000031
0.000029
0.000027
0.000028
0.000028
0.000029
0.000027
0.000029
0.000030
0.000027
0.000030
0.000031
0.000031
0.000027
0.000027
0.000024
0.000025
0.000024
0.000021
0.000023
0.000022
0.000024
0.000022
0.000023
0.000024
-0.000596
-0.000029
-0.000026
-0.000020
-0.000015
-0.000015
-0.000012
-0.000009
-0.000010
-0.000009
-0.000011
-0.000009
-0.000012
-0.000012
-0.000010
0.000383
0.003436
-0.000034
-0.000151
-0.000025
-0.000479
-0.000526
-0.000678
0.000094
0.000251
0.000511
0.000288
0.000229
0.000584
0.002839
0.001496
-0.000464
-0.000324
-0.000095
-0.000334
0.001530
0.001533
0.000927
0.000276
0.000035
0.000032
0.000052
0.000034
0.000036
0.000042
0.000043
0.000035
0.000032
0.000030
0.000029
0.000028
0.000029
0.000029
0.000029
0.000030
0.000028
0.000031
0.000031
0.000033
0.000031
0.000028
0.000026
0.000027
0.000025
0.000023
0.000024
0.000020
0.000023
0.000026
0.000025
0.000026
0.000026
0.000027
0.000033
-0.000026
-0.000024
-0.000017
-0.000014
-0.000016
-0.000012
-0.000008
-0.000012
-0.000011
-0.000016
-0.000013
-0.000011
-0.000015
-0.000015
0.000065
0.000865
-0.002491
0.000019
0.000373
-0.000138
-0.000127
0.000080
0.000227
0.000386
0.000478
0.000323
0.000285
0.000342
0.003894
0.002377
-0.000474
-0.000098
-0.000258
-0.000393
0.001274
0.002132
0.001548
0.000374
0.000055
0.000036
0.000066
0.000021
0.000031
0.000041
0.000154
0.000047
0.000033
0.000032
0.000030
0.000029
0.000030
0.000030
0.000032
0.000032
0.000029
0.000027
0.000032
0.000032
0.000030
0.000030
0.000028
0.000026
0.000023
0.000026
0.000022
0.000021
0.000024
0.000026
0.000028
0.000026
0.000027
0.000030
0.000030
-0.000023
-0.000023
-0.000019
-0.000017
-0.000015
-0.000014
-0.000010
-0.000011
-0.000012
-0.000015
-0.000016
-0.000015
-0.000010
-0.000014
0.000003
0.000576
0.001842
-0.001587
0.000686
0.000433
0.000076
0.000050
0.000069
0.000156
0.000273
0.000374
0.000454
0.000341
0.000415
0.000460
0.000366
0.000178
0.000097
-0.000215
0.000445
0.001228
0.001794
0.000363
0.000070
0.000034
0.000036
0.000010
0.000035
0.000048
0.000065
0.000187
0.000078
0.000031
0.000028
0.000027
0.000030
0.000031
0.000031
0.000030
0.000030
0.000030
0.000030
0.000032
0.000032
0.000031
0.000026
0.000026
0.000024
0.000024
0.000025
0.000026
0.000028
0.000028
0.000026
0.000029
0.000028
0.000031
0.000026
-0.000017
-0.000025
-0.000022
-0.000014
-0.000012
-0.000014
-0.000014
-0.000012
-0.000015
-0.000015
-0.000016
-0.000012
-0.000010
-0.000010
-0.000001
0.000297
0.001163
0.002203
0.000046
0.000040
0.000010
0.000001
0.000002
0.000007
0.000027
0.000185
0.000428
0.000380
0.000322
0.001443
0.002910
0.000470
0.000096
0.000834
0.001479
0.000552
0.001068
0.000748
0.000134
0.000036
0.000029
0.000036
0.000024
0.000087
0.000104
0.000146
0.000538
0.000062
0.000027
0.000028
0.000030
0.000031
0.000031
0.000029
0.000032
0.000030
0.000028
0.000028
0.000032
0.000031
0.000029
0.000028
0.000027
0.000026
0.000027
0.000027
0.000029
0.000028
0.000029
0.000028
0.000029
0.000029
0.000030
-0.000016
-0.000017
-0.000020
-0.000018
-0.000015
-0.000013
-0.000014
-0.000014
-0.000014
-0.000015
-0.000017
-0.000014
-0.000007
-0.000012
-0.000007
0.000065
0.000058
0.000011
-0.000009
-0.000006
-0.000004
-0.000004
-0.000000
0.000000
0.000012
0.000046
0.000383
0.000388
0.000424
0.000255
0.000284
-0.000626
-0.000120
0.001356
0.000995
0.000127
0.000250
-0.000116
-0.000586
-0.000774
-0.000414
-0.000384
0.000021
0.000050
0.000028
0.000018
0.000012
0.000080
0.000071
0.000029
0.000029
0.000028
0.000025
0.000027
0.000031
0.000034
0.000032
0.000028
0.000034
0.000032
0.000028
0.000028
0.000028
0.000027
0.000028
0.000027
0.000028
0.000027
0.000031
0.000032
0.000030
0.000027
0.000029
-0.000016
-0.000016
-0.000023
-0.000019
-0.000013
-0.000014
-0.000010
-0.000015
-0.000016
-0.000016
-0.000013
-0.000016
-0.000013
-0.000011
-0.000010
-0.000008
-0.000015
-0.000011
-0.000008
-0.000007
-0.000007
-0.000005
-0.000004
0.000010
-0.000004
-0.000032
-0.000005
-0.000168
-0.000506
-0.000993
-0.001165
-0.003831
-0.004280
-0.000221
0.000014
-0.000070
-0.000567
-0.001117
-0.002819
-0.006281
-0.004130
-0.002562
-0.000455
-0.000452
0.000023
0.000000
-0.000310
-0.000454
0.000375
0.000142
0.000031
0.000030
-0.000007
0.000025
0.000033
0.000033
0.000029
0.000029
0.000031
0.000029
0.000027
0.000027
0.000027
0.000026
0.000026
0.000024
0.000025
0.000027
0.000028
0.000030
0.000027
0.000025
0.000033
-0.000016
-0.000024
-0.000024
-0.000015
-0.000012
-0.000013
-0.000013
-0.000010
-0.000014
-0.000017
-0.000014
-0.000017
-0.000010
-0.000011
-0.000015
-0.000011
-0.000014
-0.000011
-0.000011
-0.000009
-0.000009
0.000005
0.000013
0.000043
0.000297
0.000573
0.000559
0.000194
-0.000817
-0.003021
-0.004435
-0.004925
-0.005716
-0.006278
-0.004195
-0.001217
-0.000458
0.000159
-0.001253
-0.002877
-0.002366
-0.001953
-0.000545
0.002153
0.000180
0.000016
0.000032
-0.000068
0.000113
0.001017
0.000165
0.000033
0.000028
0.000033
0.000034
0.000032
0.000030
0.000026
0.000027
0.000026
0.000026
0.000027
0.000027
0.000029
0.000027
0.000027
0.000028
0.000025
0.000023
0.000023
0.000026
0.000027
0.000028
-0.000019
-0.000020
-0.000025
-0.000022
-0.000014
-0.000008
-0.000010
-0.000010
-0.000016
-0.000021
-0.000014
-0.000011
-0.000015
-0.000011
-0.000012
-0.000012
-0.000016
-0.000018
-0.000013
-0.000011
-0.000004
0.000000
0.000005
0.000116
0.000170
0.000463
0.000646
0.000163
-0.001700
-0.004125
-0.005183
-0.004545
-0.005012
-0.006380
-0.002987
-0.001033
0.000512
-0.000329
-0.001862
-0.001390
-0.001484
-0.002763
-0.001561
0.001927
0.000421
-0.000016
0.000044
0.000102
0.000020
0.001259
0.001239
-0.000064
0.000024
0.000026
0.000031
0.000029
0.000026
0.000023
0.000023
0.000030
0.000027
0.000026
0.000025
0.000028
0.000027
0.000026
0.000025
0.000025
0.000023
0.000022
0.000024
0.000024
0.000029
-0.000029
-0.000021
-0.000021
-0.000021
-0.000019
-0.000011
-0.000011
-0.000011
-0.000014
-0.000019
-0.000018
-0.000016
-0.000016
-0.000013
-0.000014
-0.000012
-0.000020
-0.000021
-0.000011
0.000001
0.000031
0.000182
0.000167
0.000254
0.000374
0.000431
0.000671
0.000658
-0.001886
-0.003784
-0.004747
-0.002908
-0.001493
-0.002148
-0.001382
-0.000573
0.000276
0.000126
0.000400
-0.001924
-0.002580
-0.002110
-0.000815
0.001406
0.000445
0.000042
0.000090
0.000196
0.000835
0.000980
0.000189
-0.000711
0.000043
0.000023
0.000030
0.000030
0.000030
0.000028
0.000023
0.000026
0.000027
0.000028
0.000027
0.000029
0.000029
0.000026
0.000024
0.000023
0.000024
0.000023
0.000023
0.000025
0.000025
-0.000023
-0.000029
-0.000023
-0.000019
-0.000016
-0.000011
-0.000012
-0.000015
-0.000015
-0.000017
-0.000017
-0.000014
-0.000015
-0.000012
-0.000012
-0.000020
-0.000021
-0.000016
-0.000014
-0.000018
0.000019
0.000356
0.000437
0.000295
0.000386
0.000485
0.001078
0.000968
-0.001263
-0.002580
-0.005510
-0.003249
-0.000939
-0.001610
-0.000389
-0.000044
0.000690
0.000768
0.000490
-0.000124
-0.000454
-0.000037
-0.000520
-0.001201
-0.000356
-0.000899
-0.000086
0.000388
0.000791
-0.001227
-0.002634
-0.007832
-0.006422
0.000243
0.000009
0.000030
0.000029
0.000030
0.000027
0.000026
0.000027
0.000026
0.000026
0.000031
0.000027
0.000024
0.000023
0.000022
0.000022
0.000022
0.000026
0.000025
0.000024
-0.000019
-0.000032
-0.000031
-0.000027
-0.000015
-0.000019
-0.000017
-0.000016
-0.000015
-0.000015
-0.000015
-0.000017
-0.000017
-0.000018
-0.000021
-0.000023
-0.000011
-0.000030
-0.000030
-0.000025
-0.000006
0.000086
0.000382
0.000394
0.000524
0.000568
0.000971
0.001381
-0.000416
-0.001783
-0.004837
-0.003106
-0.001514
-0.001274
-0.000356
0.000556
0.000270
0.000515
0.000748
0.000330
-0.000310
-0.000632
-0.000771
-0.000280
-0.000459
-0.000011
0.000111
0.000257
-0.001351
-0.002873
-0.008286
-0.012151
-0.011931
-0.005870
-0.000993
0.000039
0.000027
0.000029
0.000030
0.000020
0.000022
0.000022
0.000024
0.000027
0.000025
0.000024
-0.000012
0.000005
0.000022
0.000022
0.000024
0.000024
0.000025
-0.000027
-0.000028
-0.000025
-0.000031
-0.000019
-0.000019
-0.000015
-0.000011
-0.000011
-0.000017
-0.000019
-0.000019
-0.000017
-0.000022
-0.000036
0.000000
-0.000005
-0.000026
-0.000032
-0.000045
-0.000021
-0.000041
0.000251
0.000468
0.000489
0.000533
0.000707
0.000748
-0.000259
-0.000831
-0.004344
-0.002724
-0.002055
-0.002196
-0.000915
0.000488
0.000397
0.000580
0.000458
0.000215
-0.000564
-0.000906
-0.000891
-0.000796
-0.000706
-0.000625
0.000076
0.000268
-0.003168
-0.005838
-0.010083
-0.010501
-0.007140
-0.003610
-0.000112
0.003303
-0.000064
0.000046
0.000026
0.000026
0.000026
0.000024
0.000024
0.000024
0.000027
0.000002
-0.000043
0.000021
0.000024
0.000025
0.000022
0.000022
0.000024
-0.000030
-0.000034
-0.000033
-0.000036
-0.000029
-0.000036
-0.000015
0.000001
-0.000012
-0.000013
-0.000021
-0.000011
-0.000008
0.000012
-0.000002
-0.000007
-0.000009
-0.000016
-0.000036
-0.000054
-0.000050
-0.000063
0.000016
0.000333
0.000361
0.000450
0.000604
0.000625
-0.000356
-0.000901
-0.003861
-0.001622
-0.002018
-0.006215
-0.003903
-0.000776
0.000322
-0.000201
-0.000292
-0.000304
-0.000870
-0.001036
-0.001030
-0.000897
-0.000932
-0.000955
-0.000918
0.000350
-0.001392
-0.005373
-0.006509
-0.002174
-0.001451
0.000670
0.001248
0.006539
0.003990
0.001388
0.000052
0.000013
-0.000003
0.000024
0.000026
0.000026
0.000022
-0.000031
0.000024
0.000024
0.000023
0.000021
0.000020
0.000019
0.000018
-0.000023
-0.000035
-0.000031
-0.000035
-0.000025
-0.000015
-0.000010
-0.000001
-0.000014
-0.000000
-0.000009
-0.000020
-0.000017
-0.000015
-0.000012
-0.000010
-0.000020
-0.000015
-0.000015
-0.000043
-0.000021
-0.000011
-0.000003
-0.000012
-0.000002
-0.000013
0.000016
0.000047
0.000125
-0.001571
-0.002765
-0.003215
-0.004738
-0.007080
-0.002166
-0.000580
0.000283
0.000241
-0.000489
-0.000807
-0.001299
-0.001429
-0.001082
-0.001012
-0.001667
-0.001875
-0.001149
-0.001089
0.000311
-0.000048
0.000703
0.006890
0.012070
0.010428
0.006449
0.011127
0.005329
0.002813
0.000980
0.000247
0.000028
-0.000006
-0.000001
0.000026
0.000027
0.000024
0.000027
0.000023
0.000019
0.000018
0.000018
0.000019
0.000022
-0.000023
-0.000032
-0.000035
-0.000027
-0.000019
-0.000014
-0.000017
-0.000013
-0.000024
-0.000010
-0.000053
-0.000010
0.000004
0.000000
-0.000002
0.000000
-0.000001
-0.000008
-0.000007
0.000001
-0.000014
-0.000008
-0.000009
-0.000008
-0.000018
-0.000013
0.000002
0.000006
0.000008
-0.000136
-0.000050
-0.002771
-0.006523
-0.005999
-0.001815
-0.000299
0.000412
0.000216
-0.000556
-0.001184
-0.001294
-0.001362
-0.001273
-0.003553
-0.005580
-0.005025
-0.003005
-0.002593
-0.002557
0.000542
0.005067
0.013827
0.018785
0.015418
0.017174
0.006805
0.010639
0.002061
0.000635
0.000068
0.000018
0.000019
0.000021
-0.000004
0.000007
0.000015
-0.000007
0.000009
0.000016
0.000016
0.000018
0.000021
0.000022
-0.000011
-0.000021
-0.000018
-0.000012
-0.000011
-0.000016
-0.000028
-0.000016
-0.000009
0.000006
-0.000006
-0.000031
-0.000023
-0.000014
-0.000037
-0.000030
-0.000021
-0.000022
-0.000018
-0.000012
-0.000002
-0.000002
-0.000011
-0.000015
-0.000021
-0.000011
-0.000002
0.000001
0.000004
0.000013
0.000094
-0.000149
-0.000621
-0.000374
-0.000012
0.000070
0.000020
-0.000174
-0.000759
-0.001150
-0.000847
-0.001196
-0.001863
-0.003653
-0.006116
-0.008436
-0.005965
-0.003792
-0.004047
-0.004265
-0.000538
0.004886
0.007136
0.003510
0.007453
0.003052
0.000808
0.000406
0.000059
0.000015
0.000016
0.000017
0.000017
0.000008
0.000021
0.000020
-0.000062
0.000022
0.000021
0.000021
0.000019
0.000019
0.000022
-0.000011
-0.000015
-0.000023
-0.000025
-0.000020
-0.000023
-0.000018
-0.000004
0.000006
0.000010
0.000010
-0.000006
-0.000010
-0.000003
-0.000009
-0.000027
-0.000016
-0.000059
-0.000017
-0.000019
-0.000017
-0.000011
-0.000008
-0.000013
-0.000010
-0.000018
-0.000006
0.000000
0.000001
0.000001
0.000043
0.000057
0.000041
0.000039
0.000017
0.000010
0.000003
-0.000058
-0.000036
-0.000061
0.000052
0.000056
-0.000113
-0.000043
-0.004569
-0.006097
-0.006001
-0.003918
-0.003602
-0.003312
-0.002913
0.000408
-0.002232
-0.001921
0.000656
0.000986
0.000550
0.000068
0.000016
0.000016
0.000017
0.000017
0.000016
0.000017
0.000019
0.000025
0.000024
0.000021
0.000020
0.000020
0.000019
0.000020
0.000031
-0.000007
-0.000015
-0.000018
-0.000029
-0.000011
-0.000001
0.000002
0.000008
0.000006
0.000008
0.000010
-0.000015
0.000005
0.000011
0.000001
-0.000009
-0.000023
-0.000033
-0.000003
-0.000010
-0.000015
-0.000009
-0.000014
-0.000015
-0.000010
-0.000008
-0.000008
-0.000005
-0.000001
0.000008
0.000013
0.000011
0.000009
-0.000017
-0.000004
-0.000016
-0.000001
-0.000028
0.000004
0.000009
0.000011
0.000012
0.000011
0.000006
0.000124
-0.003267
-0.004116
-0.003961
-0.003567
-0.002890
-0.002304
-0.000217
-0.000012
0.000130
0.000315
0.000325
0.000083
0.000028
0.000017
0.000017
0.000017
0.000017
0.000018
0.000019
0.000024
0.000021
0.000017
0.000020
0.000019
0.000019
0.000019
0.000023
0.000021
-0.000007
-0.000006
-0.000007
-0.000008
0.000001
0.000000
-0.000003
0.000005
0.000000
0.000003
0.000009
0.000009
0.000012
0.000010
-0.000012
-0.000042
-0.000006
0.000003
-0.000004
-0.000010
-0.000017
-0.000012
-0.000047
-0.000020
-0.000006
-0.000002
-0.000002
0.000002
0.000003
0.000006
0.000008
0.000011
0.000009
0.000006
-0.000001
0.000001
0.000010
0.000009
0.000008
0.000009
0.000010
0.000012
0.000011
0.000009
0.000005
0.000016
-0.001721
-0.001065
0.000362
0.000324
-0.000004
0.000351
0.000049
0.000020
0.000027
0.000029
0.000022
0.000018
0.000016
0.000014
0.000018
0.000019
0.000022
0.000023
0.000023
0.000021
0.000017
0.000018
0.000017
0.000016
0.000016
0.000018
0.000023
-0.000005
-0.000006
-0.000004
0.000002
0.000003
0.000000
0.000000
0.000002
0.000003
0.000004
0.000041
0.000013
0.000028
0.000010
-0.000025
-0.000014
-0.000015
-0.000012
-0.000006
0.000005
-0.000002
-0.000040
-0.000023
-0.000021
-0.000010
-0.000003
0.000000
0.000007
0.000007
0.000007
0.000008
0.000010
0.000007
-0.000000
0.000008
0.000009
0.000010
0.000010
0.000010
-0.000002
0.000010
0.000012
0.000010
0.000008
0.000005
0.000013
-0.000026
0.000119
0.000296
0.000308
0.000478
0.000391
0.000308
0.000014
0.000015
0.000025
0.000020
0.000017
0.000015
0.000016
0.000019
0.000022
0.000022
0.000022
0.000022
0.000020
0.000020
0.000020
0.000018
0.000017
0.000017
0.000022
0.000061
-0.000015
-0.000004
-0.000000
0.000001
0.000003
-0.000001
-0.000000
0.000003
0.000006
0.000006
0.000015
0.000026
0.000027
0.000040
0.000007
-0.000000
-0.000009
-0.000013
-0.000005
-0.000002
-0.000002
-0.000009
-0.000002
-0.000010
-0.000002
0.000001
0.000000
0.000000
0.000004
0.000005
-0.000001
0.000004
0.000007
0.000007
0.000009
0.000010
0.000010
0.000010
0.000004
0.000003
0.000009
0.000010
0.000009
0.000011
0.000006
0.000007
0.000010
0.000039
0.000046
0.000138
-0.000022
-0.000128
0.000051
0.000076
0.000013
0.000016
0.000018
0.000017
0.000017
0.000018
0.000018
0.000019
0.000021
0.000023
0.000019
0.000021
0.000025
0.000021
0.000018
0.000018
0.000016
0.000018
0.000022
0.000041
-0.000008
-0.000001
0.000001
0.000002
0.000004
0.000001
0.000006
0.000007
0.000009
0.000023
0.000030
0.000035
0.000043
0.000033
0.000006
-0.000005
-0.000008
-0.000009
-0.000004
-0.000003
-0.000001
-0.000002
-0.000003
-0.000008
-0.000005
-0.000016
-0.000014
-0.000004
-0.000001
0.000001
0.000006
0.000007
0.000008
0.000009
0.000002
-0.000097
0.000001
0.000010
0.000008
0.000010
0.000008
0.000012
0.000011
0.000006
0.000011
0.000011
0.000002
-0.000018
-0.000014
-0.000039
-0.000323
-0.000008
0.000414
0.000085
0.000019
0.000016
0.000015
0.000018
0.000017
0.000017
0.000021
0.000022
0.000018
0.000021
0.000022
0.000022
0.000020
0.000020
0.000016
0.000019
0.000020
0.000019
0.000049
-0.000011
0.000002
0.000004
0.000007
0.000005
0.000006
0.000007
0.000007
0.000008
0.000008
0.000010
0.000030
0.000010
0.000001
0.000004
0.000005
-0.000002
-0.000002
-0.000002
-0.000007
-0.000007
-0.000002
-0.000003
-0.000005
-0.000010
-0.000024
-0.000016
-0.000004
-0.000027
-0.000022
-0.000000
0.000005
0.000007
0.000008
-0.000003
-0.000003
0.000007
0.000010
0.000009
0.000006
0.000008
0.000000
0.000012
0.000010
0.000012
0.000013
0.000013
0.000012
0.000020
0.000014
-0.000063
-0.000002
0.000123
0.000027
0.000007
0.000011
0.000015
0.000016
0.000016
0.000020
0.000021
0.000018
0.000019
0.000019
0.000018
0.000018
0.000016
0.000018
0.000018
0.000017
0.000016
0.000020
0.000038
0.000004
0.000004
0.000008
0.000002
0.000004
0.000006
0.000007
0.000008
0.000012
0.000008
0.000007
0.000003
-0.000008
-0.000000
0.000002
0.000002
0.000003
-0.000001
-0.000001
-0.000002
-0.000009
-0.000005
-0.000004
-0.000010
-0.000006
-0.000011
-0.000003
-0.000000
-0.000043
-0.000035
0.000001
0.000006
0.000002
0.000004
0.000005
0.000007
0.000008
0.000010
0.000008
0.000009
0.000011
0.000011
0.000012
0.000012
0.000012
0.000013
0.000015
0.000018
0.000020
0.000020
0.000022
0.000019
0.000019
0.000015
0.000016
0.000017
0.000016
0.000015
0.000021
0.000021
0.000018
0.000018
0.000017
0.000019
0.000014
0.000004
0.000013
0.000018
0.000021
0.000020
0.000019
0.000021
0.000002
0.000004
0.000006
0.000007
0.000003
0.000004
0.000006
0.000004
0.000008
0.000015
0.000011
-0.000001
0.000001
-0.000010
-0.000005
-0.000001
0.000006
0.000005
0.000004
0.000006
0.000004
-0.000008
-0.000008
-0.000008
-0.000001
-0.000003
0.000001
0.000003
0.000001
-0.000001
0.000006
0.000009
-0.000001
0.000004
0.000003
0.000005
0.000006
0.000008
0.000007
0.000012
0.000009
0.000009
0.000011
0.000006
0.000013
0.000013
0.000015
0.000017
0.000018
0.000020
0.000021
0.000024
0.000023
0.000016
0.000017
0.000017
0.000020
0.000020
0.000019
0.000017
0.000016
0.000017
0.000018
0.000018
0.000017
0.000017
0.000019
0.000022
0.000021
0.000019
0.000023
0.000022
0.000019
