-0.000032
-0.000035
-0.000041
0.000632
-0.000045
-0.000065
-0.000068
0.000438
-0.000076
-0.000068
-0.000062
-0.000603
-0.000080
-0.000083
-0.000092
-0.000089
-0.000099
-0.000100
-0.000097
-0.000108
-0.000108
-0.000093
-0.000090
-0.000086
-0.000071
-0.000070
-0.000066
-0.000061
-0.000067
-0.000058
-0.000076
-0.000066
-0.000057
-0.000064
-0.000059
-0.000070
-0.000083
-0.000085
-0.000097
-0.000108
-0.000089
-0.000111
-0.000137
-0.000146
-0.000168
-0.000159
-0.000148
-0.000170
-0.000180
-0.000187
-0.000225
-0.000224
-0.000234
-0.000251
-0.000273
-0.000266
-0.000234
-0.000249
-0.000295
-0.000265
-0.000248
-0.000240
-0.000194
-0.000091
-0.000038
-0.000002
-0.001158
-0.000041
-0.000076
-0.000151
0.000061
-0.000121
0.000195
-0.000071
-0.000087
-0.000096
-0.000106
-0.000111
-0.000114
-0.000111
-0.000104
-0.000101
-0.000095
-0.000098
-0.000090
-0.000094
-0.000090
-0.000082
-0.000091
-0.000092
-0.000093
-0.000079
-0.000081
-0.000079
-0.000087
-0.000083
-0.000074
-0.000068
-0.000064
-0.000063
-0.000051
-0.000073
-0.000070
-0.000066
-0.000054
-0.000060
-0.000064
-0.000068
-0.000075
-0.000093
-0.000094
-0.000092
-0.000110
-0.000112
-0.000114
-0.000135
-0.000137
-0.000180
-0.000182
-0.000186
-0.000202
-0.000239
-0.000211
-0.000222
-0.000220
-0.000221
-0.000209
-0.000233
-0.000247
-0.000227
-0.000241
-0.000230
-0.000247
-0.000236
-0.000245
-0.000254
-0.000253
-0.000275
-0.000267
-0.000266
-0.000281
-0.000295
-0.000291
-0.000262
-0.000270
-0.000261
-0.000056
-0.000081
-0.000096
-0.000105
-0.000107
-0.000105
-0.000098
-0.000105
-0.000099
-0.000101
-0.000093
-0.000089
-0.000081
-0.000076
-0.000078
-0.000091
-0.000092
-0.000081
-0.000082
-0.000084
-0.000089
-0.000081
-0.000088
-0.000070
-0.000078
-0.000077
-0.000058
-0.000055
-0.000059
-0.000055
-0.000055
-0.000055
-0.000062
-0.000049
-0.000052
-0.000058
-0.000078
-0.000091
-0.000080
-0.000100
-0.000098
-0.000110
-0.000136
-0.000152
-0.000172
-0.000168
-0.000186
-0.000194
-0.000233
-0.000224
-0.000180
-0.000197
-0.000199
-0.000198
-0.000221
-0.000240
-0.000232
-0.000229
-0.000226
-0.000270
-0.000225
-0.000234
-0.000254
-0.000250
-0.000258
-0.000265
-0.000261
-0.000271
-0.000294
-0.000284
-0.000290
-0.000306
-0.000296
-0.000057
-0.000076
-0.000086
-0.000092
-0.000102
-0.000094
-0.000098
-0.000101
-0.000097
-0.000092
-0.000084
-0.000085
-0.000070
-0.000077
-0.000076
-0.000079
-0.000084
-0.000077
-0.000096
-0.000083
-0.000078
-0.000074
-0.000083
-0.000073
-0.000073
-0.000078
-0.000072
-0.000066
-0.000063
-0.000055
-0.000056
-0.000060
-0.000060
-0.000050
-0.000042
-0.000043
-0.000052
-0.000082
-0.000074
-0.000087
-0.000105
-0.000121
-0.000120
-0.000162
-0.000165
-0.000150
-0.000146
-0.000182
-0.000210
-0.000203
-0.000192
-0.000196
-0.000203
-0.000212
-0.000215
-0.000209
-0.000197
-0.000237
-0.000241
-0.000222
-0.000230
-0.000236
-0.000248
-0.000266
-0.000273
-0.000278
-0.000283
-0.000299
-0.000307
-0.000294
-0.000307
-0.000303
-0.000301
-0.000050
-0.000051
-0.000064
-0.000080
-0.000087
-0.000087
-0.000087
-0.000095
-0.000085
-0.000084
-0.000090
-0.000077
-0.000078
-0.000076
-0.000064
-0.000073
-0.000078
-0.000081
-0.000075
-0.000068
-0.000072
-0.000081
-0.000082
-0.000079
-0.000067
-0.000067
-0.000058
-0.000059
-0.000057
-0.000058
-0.000060
-0.000068
-0.000051
-0.000041
-0.000034
-0.000039
-0.000053
-0.000059
-0.000059
-0.000076
-0.000095
-0.000109
-0.000118
-0.000149
-0.000166
-0.000136
-0.000146
-0.000179
-0.000189
-0.000187
-0.000180
-0.000187
-0.000206
-0.000196
-0.000192
-0.000204
-0.000199
-0.000209
-0.000226
-0.000242
-0.000223
-0.000234
-0.000265
-0.000274
-0.000214
-0.000234
-0.000310
-0.000357
-0.000304
-0.000323
-0.000313
-0.000330
-0.002169
-0.000049
-0.000053
-0.000060
-0.000073
-0.000086
-0.000077
-0.000079
-0.000070
-0.000091
-0.000092
-0.000080
-0.000078
-0.000075
-0.000072
-0.000073
-0.000077
-0.000082
-0.000084
-0.000072
-0.000072
-0.000071
-0.000074
-0.000079
-0.000074
-0.000069
-0.000064
-0.000058
-0.000066
-0.000053
-0.000049
-0.000047
-0.000055
-0.000063
-0.000029
-0.000029
-0.000024
-0.000031
-0.000040
-0.000049
-0.000063
-0.000082
-0.000115
-0.000104
-0.000116
-0.000135
-0.000135
-0.000134
-0.000141
-0.000165
-0.000168
-0.000169
-0.000171
-0.000151
-0.000180
-0.000176
-0.000177
-0.000178
-0.000202
-0.000217
-0.000243
-0.000229
-0.000238
-0.000279
-0.000238
-0.000275
-0.000321
-0.000353
-0.000312
-0.000300
-0.000296
-0.000326
-0.000352
-0.000319
-0.000048
-0.000053
-0.000058
-0.000070
-0.000081
-0.000079
-0.000074
-0.000085
-0.000077
-0.000081
-0.000078
-0.000081
-0.000072
-0.000071
-0.000069
-0.000060
-0.000068
-0.000083
-0.000072
-0.000077
-0.000080
-0.000075
-0.000061
-0.000070
-0.000067
-0.000062
-0.000067
-0.000075
-0.000061
-0.000039
-0.000051
-0.000059
-0.000048
-0.000034
-0.000024
-0.000015
-0.000024
-0.000050
-0.000040
-0.000060
-0.000075
-0.000116
-0.000102
-0.000100
-0.000096
-0.000111
-0.000120
-0.000142
-0.000180
-0.000152
-0.000159
-0.000156
-0.000169
-0.000177
-0.000161
-0.000169
-0.000177
-0.000200
-0.000229
-0.000232
-0.000238
-0.000223
-0.000206
-0.000203
-0.000314
-0.000303
-0.000272
-0.000259
-0.000266
-0.000300
-0.000328
-0.000363
-0.000364
-0.000044
-0.000051
-0.000057
-0.000064
-0.000073
-0.000071
-0.000072
-0.000080
-0.000079
-0.000075
-0.000076
-0.000074
-0.000070
-0.000070
-0.000077
-0.000078
-0.000075
-0.000085
-0.000069
-0.000070
-0.000069
-0.000073
-0.000062
-0.000067
-0.000056
-0.000071
-0.000056
-0.000050
-0.000048
-0.000037
-0.000048
-0.000043
-0.000038
-0.000033
-0.000021
-0.000006
-0.000018
-0.000015
-0.000026
-0.000047
-0.000062
-0.000083
-0.000101
-0.000093
-0.000101
-0.000105
-0.000127
-0.000121
-0.000149
-0.000146
-0.000144
-0.000160
-0.000158
-0.000171
-0.000159
-0.000143
-0.000198
-0.000194
-0.000209
-0.000184
-0.000230
-0.000227
-0.000263
-0.000278
-0.000268
-0.000272
-0.000282
-0.000267
-0.000310
-0.000330
-0.000367
-0.000364
-0.000373
-0.000048
-0.000048
-0.000045
-0.000051
-0.000056
-0.000059
-0.000075
-0.000083
-0.000072
-0.000072
-0.000074
-0.000066
-0.000070
-0.000069
-0.000076
-0.000083
-0.000076
-0.000084
-0.000086
-0.000067
-0.000063
-0.000064
-0.000066
-0.000065
-0.000064
-0.000061
-0.000066
-0.000060
-0.000036
-0.000036
-0.000038
-0.000024
-0.000019
-0.000023
-0.000012
-0.000007
0.000003
0.000002
-0.000005
-0.000026
-0.000033
-0.000071
-0.000076
-0.000075
-0.000075
-0.000095
-0.000111
-0.000110
-0.000132
-0.000131
-0.000136
-0.000137
-0.000156
-0.000177
-0.000162
-0.000156
-0.000187
-0.000192
-0.000215
-0.000220
-0.000216
-0.000252
-0.000229
-0.000282
-0.000296
-0.000317
-0.000341
-0.000320
-0.000344
-0.000364
-0.000381
-0.000383
0.001326
-0.000041
-0.000037
-0.000049
-0.000052
-0.000058
-0.000067
-0.000074
-0.000071
-0.000072
-0.000081
-0.000069
-0.000064
-0.000079
-0.000078
-0.000083
-0.000066
-0.000074
-0.000069
-0.000063
-0.000070
-0.000070
-0.000050
-0.000047
-0.000066
-0.000062
-0.000061
-0.000057
-0.000051
-0.000034
-0.000024
-0.000029
-0.000016
-0.000009
-0.000007
0.000011
0.000010
0.000016
0.000025
0.000018
0.000011
-0.000013
-0.000030
-0.000044
-0.000058
-0.000056
-0.000082
-0.000106
-0.000134
-0.000136
-0.000127
-0.000132
-0.000152
-0.000165
-0.000191
-0.000193
-0.000196
-0.000209
-0.000213
-0.000217
-0.000223
-0.000212
-0.000254
-0.000305
-0.000241
-0.000301
-0.000322
-0.000328
-0.000344
-0.000361
-0.000377
-0.000385
-0.000405
-0.000412
-0.000029
-0.000033
-0.000040
-0.000046
-0.000043
-0.000061
-0.000070
-0.000069
-0.000078
-0.000078
-0.000062
-0.000068
-0.000064
-0.000069
-0.000075
-0.000081
-0.000074
-0.000055
-0.000068
-0.000082
-0.000068
-0.000072
-0.000057
-0.000051
-0.000049
-0.000039
-0.000031
-0.000039
-0.000036
-0.000023
-0.000016
0.000007
0.000006
0.000011
0.000021
0.000024
0.000037
0.000046
0.000044
0.000044
0.000039
0.000017
-0.000014
-0.000021
-0.000045
-0.000056
-0.000093
-0.000120
-0.000144
-0.000126
-0.000139
-0.000142
-0.000170
-0.000195
-0.000203
-0.000228
-0.000218
-0.000193
-0.000227
-0.000234
-0.000243
-0.000293
-0.000305
-0.000317
-0.000304
-0.000332
-0.000353
-0.000366
-0.000398
-0.000387
-0.000390
-0.000413
-0.000434
-0.000027
-0.000029
-0.000030
-0.000037
-0.000044
-0.000055
-0.000058
-0.000066
-0.000069
-0.000069
-0.000069
-0.000066
-0.000063
-0.000073
-0.000077
-0.000064
-0.000073
-0.000057
-0.000067
-0.000066
-0.000063
-0.000051
-0.000048
-0.000049
-0.000049
-0.000038
-0.000041
-0.000027
-0.000026
-0.000013
-0.000009
0.000010
0.000016
0.000022
0.000028
0.000034
0.000046
0.000069
0.000087
0.000102
0.000101
0.000079
0.000030
0.000003
-0.000017
-0.000027
-0.000067
-0.000102
-0.000127
-0.000127
-0.000125
-0.000132
-0.000158
-0.000182
-0.000207
-0.000199
-0.000197
-0.000227
-0.000226
-0.000241
-0.000270
-0.000318
-0.000337
-0.000333
-0.000344
-0.000379
-0.000376
-0.000382
-0.000395
-0.000397
-0.000430
-0.000404
-0.000423
-0.000022
-0.000022
-0.000036
-0.000044
-0.000056
-0.000053
-0.000050
-0.000057
-0.000060
-0.000064
-0.000064
-0.000060
-0.000057
-0.000068
-0.000071
-0.000066
-0.000070
-0.000055
-0.000056
-0.000051
-0.000053
-0.000044
-0.000028
-0.000018
-0.000021
-0.000036
-0.000041
-0.000038
-0.000022
-0.000005
0.000005
0.000033
0.000025
0.000041
0.000061
0.000074
0.000089
0.000126
0.000136
0.000161
0.000160
0.000144
0.000102
0.000049
0.000025
-0.000009
-0.000045
-0.000095
-0.000117
-0.000144
-0.000136
-0.000138
-0.000150
-0.000161
-0.000192
-0.000244
-0.000174
-0.000216
-0.000265
-0.000284
-0.000276
-0.000306
-0.000317
-0.000344
-0.000368
-0.000382
-0.000383
-0.000366
-0.000431
-0.000408
-0.000407
-0.000426
0.000725
-0.000027
-0.000028
-0.000039
-0.000049
-0.000055
-0.000050
-0.000048
-0.000053
-0.000058
-0.000058
-0.000063
-0.000067
-0.000056
-0.000058
-0.000064
-0.000055
-0.000055
-0.000062
-0.000055
-0.000050
-0.000061
-0.000074
0.000098
0.000319
0.000132
-0.000021
-0.000111
-0.000062
-0.000037
-0.000011
0.000006
0.000043
0.000047
0.000054
0.000083
0.000114
0.000129
0.000174
0.000196
0.000211
0.000220
0.000237
0.000191
0.000114
0.000054
0.000005
-0.000033
-0.000079
-0.000121
-0.000132
-0.000115
-0.000135
-0.000147
-0.000164
-0.000200
-0.000241
-0.000238
-0.000249
-0.000298
-0.000309
-0.000303
-0.000326
-0.000350
-0.000368
-0.000362
-0.000390
-0.000416
-0.000413
-0.000404
-0.000398
-0.000427
-0.000441
-0.000478
-0.000023
-0.000032
-0.000043
-0.000047
-0.000054
-0.000049
-0.000047
-0.000048
-0.000062
-0.000058
-0.000058
-0.000062
-0.000058
-0.000055
-0.000062
-0.000058
-0.000060
-0.000071
-0.000073
-0.000068
-0.000077
-0.000094
0.000303
0.002358
0.002622
0.000200
-0.001778
-0.002308
-0.000294
-0.000006
0.000018
0.000055
0.000070
0.000075
0.000111
0.000139
0.000179
0.000201
0.000230
0.000266
0.000303
0.000335
0.000273
0.000182
0.000089
0.000031
-0.000024
-0.000067
-0.000110
-0.000126
-0.000128
-0.000148
-0.000173
-0.000193
-0.000196
-0.000227
-0.000264
-0.000278
-0.000276
-0.000321
-0.000340
-0.000340
-0.000364
-0.000366
-0.000395
-0.000398
-0.000420
-0.000423
-0.000405
-0.000434
-0.000436
-0.000527
-0.000467
-0.000026
-0.000026
-0.000035
-0.000050
-0.000051
-0.000050
-0.000047
-0.000047
-0.000057
-0.000056
-0.000056
-0.000056
-0.000058
-0.000055
-0.000052
-0.000056
-0.000051
-0.000050
-0.000059
-0.000083
-0.000138
0.000835
0.008657
0.002896
0.006897
0.006343
0.006064
0.002611
-0.002803
-0.000361
0.000024
0.000073
0.000070
0.000086
0.000118
0.000134
0.000198
0.000227
0.000268
0.000308
0.000384
0.000446
0.000379
0.000254
0.000117
0.000039
-0.000013
-0.000068
-0.000123
-0.000146
-0.000157
-0.000163
-0.000177
-0.000193
-0.000217
-0.000222
-0.000283
-0.000297
-0.000336
-0.000340
-0.000361
-0.000363
-0.000369
-0.000388
-0.000406
-0.000421
-0.000415
-0.000470
-0.000456
-0.000455
-0.000472
-0.000500
-0.000489
-0.000015
-0.000022
-0.000038
-0.000047
-0.000045
-0.000045
-0.000044
-0.000045
-0.000047
-0.000048
-0.000042
-0.000047
-0.000049
-0.000047
-0.000057
-0.000059
-0.000020
-0.000007
0.000004
-0.000064
-0.000194
0.000560
-0.000925
-0.000025
0.000852
0.000141
0.001049
0.008742
0.000632
-0.000313
0.000036
0.000066
0.000079
0.000122
0.000128
0.000155
0.000184
0.000239
0.000292
0.000402
0.000507
0.000684
0.000456
0.000302
0.000122
0.000020
-0.000044
-0.000120
-0.000163
-0.000186
-0.000170
-0.000167
-0.000214
-0.000210
-0.000214
-0.000246
-0.000318
-0.000287
-0.000333
-0.000335
-0.000368
-0.000382
-0.000377
-0.000411
-0.000438
-0.000439
-0.000443
-0.000496
-0.000476
-0.000467
-0.000468
-0.000457
-0.001100
-0.000016
-0.000020
-0.000034
-0.000043
-0.000046
-0.000046
-0.000050
-0.000045
-0.000042
-0.000047
-0.000044
-0.000048
-0.000052
-0.000052
-0.000014
-0.000018
-0.000015
-0.000067
0.000055
0.000173
0.000030
-0.000048
-0.000071
0.000639
0.000831
0.004254
0.004928
0.000432
-0.000138
0.000034
0.000041
0.000070
0.000114
0.000149
0.000228
0.000270
0.000249
0.000234
0.000267
0.000288
0.000442
0.000419
0.000316
0.000058
-0.000018
-0.000055
-0.000113
-0.000179
-0.000200
-0.000205
-0.000187
-0.000212
-0.000212
-0.000238
-0.000252
-0.000280
-0.000323
-0.000342
-0.000351
-0.000337
-0.000339
-0.000367
-0.000419
-0.000436
-0.000471
-0.000463
-0.000463
-0.000469
-0.000429
-0.000489
-0.000430
-0.000427
-0.000402
-0.000020
-0.000027
-0.000032
-0.000047
-0.000043
-0.000047
-0.000049
-0.000046
-0.000047
-0.000047
-0.000046
-0.000037
-0.000044
-0.000002
-0.000107
-0.000306
-0.000734
-0.000183
0.000071
-0.000034
-0.000014
0.000041
0.000154
0.000279
0.002700
0.012956
0.011012
0.000552
0.000423
0.000098
0.000075
0.000099
0.000065
0.000492
0.001872
0.002581
0.002158
0.000658
0.000328
0.000263
0.000332
0.000288
0.000136
0.000036
-0.000018
-0.000104
-0.000176
-0.000201
-0.000221
-0.000228
-0.000212
-0.000221
-0.000244
-0.000263
-0.000270
-0.000296
-0.000313
-0.000363
-0.000371
-0.000402
-0.000482
-0.000480
-0.000457
-0.000458
-0.000455
-0.000454
-0.000421
-0.000429
-0.000491
-0.000444
-0.000448
-0.000413
-0.000418
-0.000027
-0.000028
-0.000032
-0.000039
-0.000035
-0.000046
-0.000057
-0.000049
-0.000046
-0.000046
-0.000044
-0.000039
-0.000006
-0.000091
-0.000062
-0.001781
-0.000644
-0.000256
-0.000113
-0.000075
0.000284
0.000169
0.001821
0.001998
0.003137
0.004323
0.000922
0.000823
0.001212
0.000912
0.001117
0.001207
0.000787
0.000933
0.002349
0.002461
0.003461
0.003342
0.002246
0.000470
0.000187
0.000141
0.000074
0.000001
-0.000106
-0.000169
-0.000211
-0.000215
-0.000233
-0.000233
-0.000222
-0.000247
-0.000254
-0.000261
-0.000289
-0.000307
-0.000349
-0.000369
-0.000400
-0.000454
-0.000691
-0.000440
-0.000444
-0.000441
-0.000453
-0.000470
-0.000499
-0.000491
-0.000452
-0.000416
-0.000468
-0.000463
-0.000368
-0.000037
-0.000041
-0.000037
-0.000041
-0.000042
-0.000048
-0.000057
-0.000051
-0.000047
-0.000054
-0.000047
-0.000026
-0.000016
0.000075
-0.000548
-0.002899
-0.000490
-0.000088
-0.000049
-0.000034
0.000024
0.000386
0.003567
0.002821
0.000407
-0.000138
0.000717
0.000982
0.000802
0.001579
0.002431
0.002105
0.001160
-0.000015
0.000220
0.000508
0.001577
0.003259
0.003815
0.001623
0.000133
0.000022
-0.000049
-0.000161
-0.000176
-0.000201
-0.000223
-0.000242
-0.000248
-0.000237
-0.000244
-0.000253
-0.000258
-0.000272
-0.000300
-0.000319
-0.000374
-0.000417
-0.000453
-0.000528
-0.000466
-0.000467
-0.000428
-0.000431
-0.000470
-0.000485
-0.000512
-0.000469
-0.000443
-0.000414
-0.000440
-0.000490
-0.000596
-0.000035
-0.000030
-0.000048
-0.000039
-0.000053
-0.000060
-0.000054
-0.000061
-0.000059
-0.000066
-0.000061
-0.000037
-0.000023
0.000091
0.001025
-0.002820
-0.001091
-0.000067
-0.000020
-0.000025
-0.000022
0.000184
0.000225
0.000734
0.000471
-0.000888
-0.001761
-0.000490
0.000062
-0.000117
-0.000612
-0.000716
-0.000475
-0.001846
-0.001202
0.000949
0.000407
0.000977
0.002303
0.002418
0.000212
-0.000079
-0.000005
-0.000246
-0.000214
-0.000230
-0.000249
-0.000251
-0.000246
-0.000245
-0.000266
-0.000269
-0.000273
-0.000283
-0.000332
-0.000351
-0.000417
-0.000448
-0.000478
-0.000496
-0.000453
-0.000446
-0.000452
-0.000445
-0.000482
-0.000467
-0.000419
-0.000406
-0.000413
-0.000490
-0.000538
-0.000505
-0.000399
-0.000046
-0.000042
-0.000035
-0.000047
-0.000062
-0.000054
-0.000051
-0.000051
-0.000055
-0.000063
-0.000033
-0.000028
-0.000010
0.000286
-0.000628
-0.004275
-0.001990
-0.000136
-0.000051
-0.000441
-0.000991
0.001384
0.000923
0.002016
0.000030
-0.001042
-0.000337
-0.000220
-0.000360
-0.000421
-0.000126
-0.000219
-0.000300
-0.000355
0.001557
0.000417
0.000238
-0.000006
0.000856
0.003081
0.000888
0.000340
0.000068
-0.000439
0.000146
0.000023
-0.000251
-0.000255
-0.000254
-0.000259
-0.000278
-0.000299
-0.000336
-0.000348
-0.000349
-0.000376
-0.000412
-0.000490
-0.000535
-0.000555
-0.000471
-0.000486
-0.000454
-0.000470
-0.000472
-0.000397
-0.000394
-0.000475
-0.000481
-0.000471
-0.000436
-0.000441
-0.000372
-0.000063
-0.000055
-0.000043
-0.000061
-0.000054
-0.000049
-0.000054
-0.000058
-0.000054
-0.000045
-0.000037
-0.000032
-0.000030
0.000050
0.000543
-0.001887
-0.004328
-0.000267
-0.000090
-0.000298
0.001286
0.003425
0.003260
0.003362
0.002114
-0.000676
-0.000292
0.000021
-0.000055
-0.000215
-0.000369
-0.000259
-0.000335
-0.000195
0.003707
0.001217
-0.000078
-0.000203
0.000261
0.002235
0.000892
0.000520
0.000679
0.000870
0.001022
0.002690
0.000242
-0.000316
-0.000335
-0.000378
-0.000346
-0.000368
-0.000385
-0.000372
-0.000370
-0.000386
-0.000462
-0.000536
-0.000461
-0.000445
-0.000500
-0.000492
-0.000451
-0.000498
-0.000452
-0.000408
-0.000438
-0.000508
-0.000455
-0.000407
-0.000440
-0.000562
-0.000425
-0.000086
-0.000053
-0.000032
-0.000059
-0.000069
-0.000078
-0.000067
-0.000051
-0.000047
-0.000044
-0.000046
-0.000067
-0.000229
-0.000044
0.000294
0.001458
-0.000500
-0.000339
0.000252
0.000511
0.002263
0.003723
0.004633
0.003694
0.001826
-0.000602
-0.001148
0.000332
0.000508
-0.000031
0.000483
0.000874
-0.000049
0.002291
0.005776
0.000352
0.000006
-0.000077
-0.000347
0.000403
0.000018
-0.000540
0.000348
0.000723
0.000489
0.001415
0.001805
-0.000162
-0.000316
-0.000333
-0.000332
-0.000381
-0.000414
-0.000412
-0.000418
-0.000505
-0.000483
-0.000422
-0.000422
-0.000417
-0.000438
-0.000480
-0.000511
-0.000496
-0.000448
-0.000471
-0.000530
-0.000499
-0.000452
-0.000499
-0.000483
-0.000611
-0.000364
-0.000081
-0.000085
-0.000090
-0.000077
-0.000075
-0.000082
-0.000063
-0.000062
-0.000049
-0.000053
-0.000119
-0.000883
-0.001797
-0.000546
0.000054
0.000945
0.000216
0.000680
0.000561
0.001008
0.000974
0.001587
0.002328
0.003588
0.004316
0.002618
0.000352
-0.000351
-0.000640
-0.000813
-0.000308
0.001705
0.001243
0.001671
-0.000167
-0.000203
0.000566
0.001483
0.002017
0.001277
0.000968
0.001307
0.000881
0.000550
-0.000559
-0.000897
-0.000479
0.001054
-0.000062
-0.000352
-0.000379
-0.000401
-0.000419
-0.000431
-0.000427
-0.000451
-0.000465
-0.000424
-0.000455
-0.000469
-0.000415
-0.000429
-0.000474
-0.000443
-0.000487
-0.000711
-0.000578
-0.000540
-0.000572
-0.000552
-0.000475
-0.000491
-0.000296
-0.000083
-0.000108
-0.000107
-0.000089
-0.000100
-0.000091
-0.000097
-0.000081
-0.000079
-0.000100
-0.000640
-0.000451
0.000389
0.000184
-0.000039
0.000010
-0.000033
0.000142
-0.000118
-0.000257
-0.000087
0.000222
0.000839
0.001363
0.001894
0.000638
-0.000785
-0.001029
-0.001954
-0.001551
0.000381
-0.000836
0.000050
-0.000181
0.000125
-0.000480
0.003668
0.007769
0.012585
0.010475
0.009164
0.001575
0.001591
0.001497
-0.000606
-0.001150
-0.001788
-0.002004
-0.000028
-0.000368
-0.000452
-0.000383
-0.000380
-0.000403
-0.000430
-0.000450
-0.000449
-0.000523
-0.000484
-0.000401
-0.000405
-0.000408
-0.000467
-0.000494
-0.000703
-0.000809
-0.000564
-0.000591
-0.000576
-0.000512
-0.000439
-0.000437
-0.000416
-0.000105
-0.000117
-0.000118
-0.000112
-0.000114
-0.000105
-0.000118
-0.000101
-0.000079
-0.000140
-0.000567
-0.000035
0.000767
0.000243
-0.000077
-0.000078
-0.000119
-0.000099
-0.000100
-0.000113
-0.000082
-0.000197
-0.000094
-0.000365
-0.002317
-0.004640
-0.003971
-0.003971
-0.002779
-0.002313
-0.003526
-0.003477
-0.000560
0.000652
0.001521
0.002186
0.000913
0.010524
0.006915
0.006173
0.003671
-0.000049
-0.000131
0.000120
-0.000391
-0.002280
-0.003205
-0.004498
-0.002445
-0.000570
-0.000971
-0.000373
-0.000386
-0.000382
-0.000430
-0.000444
-0.000406
-0.000482
-0.000474
-0.000431
-0.000453
-0.000483
-0.000507
-0.000562
-0.000654
-0.000630
-0.000662
-0.000553
-0.000483
-0.000487
-0.000502
-0.000530
-0.000605
-0.000129
-0.000116
-0.000117
-0.000126
-0.000115
-0.000112
-0.000130
-0.000128
-0.000095
-0.000113
-0.000135
-0.000433
0.000118
-0.000053
-0.000109
-0.000113
-0.000127
-0.000129
-0.000100
-0.000090
0.000061
0.003003
0.002563
0.000854
-0.000800
-0.000834
-0.002922
-0.004608
-0.005403
-0.004580
-0.005026
-0.004999
-0.001647
0.001125
0.001412
0.001674
0.002233
0.002538
0.006060
-0.000245
-0.002412
0.000537
0.003606
-0.004298
-0.009095
-0.004907
-0.006264
-0.008343
-0.003295
-0.001097
-0.007480
-0.000667
-0.000346
-0.000362
-0.000431
-0.000390
-0.000358
-0.000388
-0.000429
-0.000455
-0.000546
-0.000558
-0.000637
-0.000755
-0.000711
-0.000585
-0.000642
-0.000612
-0.000571
-0.000528
-0.000531
-0.000594
-0.000548
-0.000139
-0.000130
-0.000128
-0.000133
-0.000128
-0.000113
-0.000121
-0.000129
-0.000082
-0.000100
-0.000106
-0.000109
-0.000101
-0.000127
-0.000123
-0.000138
-0.000147
-0.000121
-0.000128
-0.000141
0.000693
0.002436
0.003939
0.001951
-0.000142
-0.002998
-0.004762
-0.006723
-0.008761
-0.009868
-0.010851
-0.008784
-0.001893
-0.000194
0.002072
0.002035
0.002709
0.002235
0.002361
0.005865
0.007903
0.000862
0.000990
-0.008049
-0.016044
-0.011929
-0.006182
-0.003890
-0.000717
-0.006054
-0.018914
-0.015701
0.000205
-0.000366
-0.000341
-0.000430
-0.000414
-0.000429
-0.000460
-0.000491
-0.000565
-0.000630
-0.000797
-0.000589
-0.000582
-0.000645
-0.000655
-0.000582
-0.000573
-0.000651
-0.000532
-0.000514
-0.000555
-0.000149
-0.000152
-0.000139
-0.000139
-0.000114
-0.000113
-0.000122
-0.000124
-0.000099
-0.000112
-0.000099
-0.000109
-0.000134
-0.000146
-0.000132
-0.000144
-0.000118
-0.000116
-0.000148
-0.000128
0.000171
0.001925
0.003776
0.003059
0.000744
-0.003231
-0.006326
-0.008304
-0.011717
-0.009861
-0.012907
-0.011198
-0.000321
0.000961
0.002211
0.001456
0.000826
0.000250
0.001305
0.001610
0.003969
0.009005
0.004395
0.001350
-0.004371
-0.013353
-0.003060
0.001091
0.000690
-0.015176
-0.013641
-0.008131
-0.004324
-0.000142
0.000052
-0.000393
-0.000426
-0.000433
-0.000406
-0.000548
-0.000629
-0.000614
-0.000555
-0.000565
-0.000689
-0.000694
-0.000615
-0.000557
-0.000557
-0.000534
-0.000503
-0.000506
-0.000538
-0.000191
-0.000177
-0.000155
-0.000137
-0.000128
-0.000122
-0.000127
-0.000132
-0.000123
-0.000109
-0.000107
-0.000132
-0.000139
-0.000153
-0.000135
-0.000125
-0.000128
-0.000166
-0.000163
-0.000177
-0.000286
0.000856
0.002538
0.003386
0.000836
-0.002533
-0.005816
-0.010081
-0.014396
-0.018638
-0.017880
-0.011819
0.004605
0.003429
0.001650
0.000199
0.000077
-0.000500
0.000200
0.000786
0.003081
0.002794
0.002954
0.002756
0.002772
-0.001421
-0.005679
0.003448
-0.005190
-0.004710
-0.007074
-0.004574
-0.003506
0.002302
0.008568
-0.000120
-0.000400
-0.000399
-0.000435
-0.000596
-0.000486
-0.000463
-0.000507
-0.000647
-0.000699
-0.000600
-0.000536
-0.000573
-0.000539
-0.000500
-0.000517
-0.000555
-0.000582
-0.000246
-0.000184
-0.000170
-0.000149
-0.000167
-0.000164
-0.000156
-0.000167
-0.000137
-0.000106
-0.000111
-0.000125
-0.000143
-0.000152
-0.000136
-0.000109
-0.000141
-0.000174
-0.000170
-0.000152
-0.000207
-0.000571
0.000535
0.001918
0.000922
-0.001858
-0.002992
-0.005561
-0.008286
-0.016432
-0.015664
-0.010346
-0.001326
0.000364
0.000367
0.000249
0.000016
-0.001201
-0.001184
0.001139
0.001893
0.001986
0.002332
0.002328
0.002389
0.002940
-0.000219
0.004765
0.003056
-0.001778
-0.003141
-0.002375
0.002108
0.002971
0.002572
0.000512
0.000005
-0.000149
-0.000479
-0.000431
-0.000485
-0.000524
-0.000552
-0.000736
-0.000624
-0.000553
-0.000608
-0.000621
-0.000552
-0.000523
-0.000595
-0.000618
-0.000577
-0.000240
-0.000178
-0.000140
-0.000163
-0.000187
-0.000176
-0.000288
-0.000304
-0.000097
-0.000119
-0.000063
-0.000156
-0.000138
-0.000131
-0.000105
-0.000118
-0.000170
-0.000188
-0.000174
-0.000182
-0.000217
-0.000317
-0.000408
0.001071
0.000841
-0.001002
-0.002545
-0.003761
-0.010799
-0.014780
-0.009775
-0.007443
-0.002890
-0.001739
-0.000590
0.001042
0.000783
0.001105
0.001077
0.001345
0.001870
0.001817
0.002116
0.001929
0.002400
0.002672
0.002604
-0.000599
0.006180
-0.000687
-0.003236
0.002266
0.005971
0.004396
0.000505
0.000494
-0.001646
-0.001480
0.000090
0.000033
0.000007
-0.000692
-0.000846
-0.000643
-0.000590
-0.000604
-0.000620
-0.000616
-0.000581
-0.000601
-0.000536
-0.000539
-0.000562
-0.000188
-0.000160
-0.000193
-0.000195
-0.000254
-0.000302
-0.000336
-0.000394
-0.000323
-0.000298
-0.000310
-0.000220
-0.000116
-0.000155
-0.000153
-0.000142
-0.000164
-0.000160
-0.000189
-0.000245
-0.000267
-0.000443
-0.000405
-0.000444
-0.000546
-0.000583
-0.000245
-0.000682
-0.000284
-0.005579
-0.005939
-0.002311
-0.001700
-0.001325
0.000574
0.000858
0.001174
0.001460
0.001100
0.000479
0.001555
0.001588
0.001117
0.001472
0.002189
0.001831
0.002059
0.003931
0.001574
-0.001532
-0.003380
0.001985
0.003593
0.003178
0.001795
-0.000652
-0.001487
-0.000928
-0.000342
-0.001000
-0.000880
0.000095
-0.000046
-0.000539
-0.000571
-0.000616
-0.000629
-0.000589
-0.000637
-0.000539
-0.000564
-0.000612
-0.000522
-0.000253
-0.000186
-0.000230
-0.000242
-0.000234
-0.000299
-0.000300
-0.000295
-0.000196
-0.000335
-0.000412
-0.000371
-0.000146
-0.000217
-0.000065
-0.000102
-0.000190
-0.000267
-0.000281
-0.000259
-0.000322
-0.000654
-0.000657
-0.000609
-0.000570
-0.000650
-0.000659
-0.000675
-0.000661
-0.000663
-0.000279
-0.002054
-0.001515
-0.001010
0.000884
0.001227
0.001865
0.001958
0.000594
0.000601
0.000296
0.000296
-0.000120
-0.000425
-0.000286
0.000099
0.002319
0.005055
0.007255
0.000292
-0.000449
0.003549
0.005327
0.001198
-0.000920
-0.001566
-0.000717
-0.000220
-0.000700
-0.000858
-0.000783
0.000237
-0.000634
0.000063
-0.000253
-0.000315
-0.000545
-0.000525
-0.000555
-0.000572
-0.000697
-0.000588
-0.000487
-0.000320
-0.000288
-0.000287
-0.000302
-0.000294
-0.000267
-0.000225
-0.000355
-0.000293
-0.000381
-0.000496
-0.000314
-0.000397
-0.000325
-0.000350
-0.000240
-0.000442
-0.000495
-0.000474
-0.000561
-0.000616
-0.000652
-0.000675
-0.000610
-0.000562
-0.000650
-0.000648
-0.000653
-0.000712
-0.000792
-0.000687
-0.000032
0.000001
0.000073
0.000043
-0.000030
-0.000097
0.001915
0.001080
-0.000515
-0.000125
-0.000476
-0.000826
-0.002883
0.000087
-0.001436
-0.000357
0.000340
-0.001402
-0.006549
-0.004649
0.003033
0.000100
-0.001294
-0.002057
-0.002231
-0.000421
-0.000439
-0.000692
-0.000539
-0.000455
-0.000522
-0.000589
-0.000605
-0.000668
-0.000634
-0.000524
-0.000548
-0.000518
-0.000570
-0.000584
-0.000607
-0.000476
-0.000270
-0.000281
-0.000238
-0.000252
-0.000222
-0.000285
-0.000280
-0.000474
-0.000510
-0.000511
-0.000409
-0.000517
-0.000466
-0.000449
-0.000449
-0.000335
-0.000345
-0.000476
-0.000395
-0.000451
-0.000547
-0.000645
-0.000644
-0.000641
-0.000647
-0.000666
-0.000646
-0.000674
-0.000743
-0.000828
-0.000794
-0.000755
-0.000846
-0.000885
-0.000811
-0.000846
-0.000930
-0.000150
-0.000147
-0.000116
-0.000067
-0.000171
-0.000287
-0.000330
0.002543
-0.000813
-0.003736
-0.006113
-0.012059
-0.016891
-0.015603
-0.004750
-0.002372
-0.001240
-0.000480
-0.000651
-0.000854
-0.000587
-0.000466
-0.000494
-0.000528
-0.000537
-0.000498
-0.000608
-0.000647
-0.000632
-0.000553
-0.000548
-0.000592
-0.000539
-0.000605
-0.000575
-0.000375
-0.000402
-0.000355
-0.000277
-0.000301
-0.000315
-0.000449
-0.000465
-0.000584
-0.000628
-0.000654
-0.000568
-0.000528
-0.000617
-0.000630
-0.000548
-0.000446
-0.000440
-0.000569
-0.000434
-0.000440
-0.000571
-0.000646
-0.000675
-0.000627
-0.000647
-0.000708
-0.000721
-0.000763
-0.000683
-0.000806
-0.000752
-0.000697
-0.000741
-0.000842
-0.000845
-0.000995
-0.000996
-0.000962
-0.000871
-0.000926
-0.000843
-0.000855
-0.000775
-0.000895
0.000029
-0.003370
-0.009280
-0.020035
-0.022781
-0.026244
-0.019987
-0.001250
-0.000090
-0.000633
-0.001023
-0.000758
-0.000565
-0.000480
-0.000599
-0.000544
-0.000507
-0.000482
-0.000526
-0.000584
-0.000578
-0.000535
-0.000575
-0.000545
-0.000537
-0.000559
-0.000552
-0.000557
-0.000442
-0.000442
-0.000457
-0.000411
-0.000385
-0.000429
-0.000500
-0.000522
-0.000643
-0.000642
-0.000557
-0.000630
-0.000578
-0.000543
-0.000509
-0.000489
-0.000556
-0.000416
-0.000514
-0.000553
-0.000507
-0.000597
-0.000697
-0.000724
-0.000718
-0.000673
-0.000651
-0.000625
-0.000782
-0.000872
-0.000771
-0.000725
-0.000738
-0.000769
-0.000905
-0.000989
-0.001016
-0.000904
-0.000874
-0.000810
-0.000802
-0.000822
-0.000817
-0.000824
-0.000954
-0.000819
0.000365
-0.018540
-0.021856
-0.017813
-0.018911
-0.008736
-0.005025
-0.000993
-0.001738
-0.000663
-0.000459
-0.000610
-0.000650
-0.000509
-0.000433
-0.000516
-0.000563
-0.000628
-0.000595
-0.000565
-0.000531
-0.000501
-0.000512
-0.000508
-0.000467
-0.000464
-0.000435
-0.000546
-0.000498
-0.000544
-0.000536
-0.000527
-0.000589
-0.000637
-0.000644
-0.000624
-0.000604
-0.000565
-0.000629
-0.000657
-0.000549
-0.000473
-0.000353
-0.000503
-0.000521
-0.000503
-0.000517
-0.000626
-0.000717
-0.000690
-0.000707
-0.000695
-0.000766
-0.000697
-0.000542
-0.000681
-0.000889
-0.000738
-0.000735
-0.000896
-0.001006
-0.001061
-0.001060
-0.000834
-0.000816
-0.000787
-0.000875
-0.000904
-0.001002
-0.001036
-0.000874
-0.000915
-0.000836
-0.000816
-0.002297
-0.013220
-0.012151
-0.007859
-0.006046
-0.002518
-0.002841
-0.001850
-0.000553
-0.000564
-0.000751
-0.000628
-0.000542
-0.000530
-0.000573
-0.000600
-0.000584
-0.000578
-0.000587
-0.000548
-0.000515
-0.000591
-0.000534
-0.000461
-0.000483
-0.000500
-0.000610
-0.000529
-0.000483
-0.000538
-0.000618
-0.000610
-0.000631
-0.000665
-0.000661
-0.000645
-0.000597
-0.000632
-0.000670
-0.000666
-0.000504
-0.000505
-0.000525
-0.000573
-0.000406
-0.000598
-0.000701
-0.000706
-0.000700
-0.000720
-0.000814
-0.000856
-0.000885
-0.000805
-0.000727
-0.000816
-0.000966
-0.000934
-0.001056
-0.001014
-0.000994
-0.001008
-0.000791
-0.000781
-0.000825
-0.000904
-0.001048
-0.001120
-0.001148
-0.001064
-0.000957
-0.000978
-0.000996
-0.000952
-0.002604
-0.004867
-0.002991
-0.001924
-0.002292
-0.003397
-0.001434
-0.001128
-0.000858
-0.000603
-0.000502
-0.000510
-0.000559
-0.000540
-0.000499
-0.000496
-0.000562
-0.000578
-0.000597
-0.000679
-0.000580
-0.000539
-0.000542
-0.000625
-0.000751
-0.000803
-0.000561
-0.000559
-0.000572
-0.000560
-0.000667
-0.000573
-0.000656
-0.000591
-0.000530
-0.000709
-0.000702
-0.000758
-0.000695
-0.000582
-0.000634
-0.000632
-0.000587
-0.000646
-0.000662
-0.000669
-0.000742
-0.000667
-0.000725
-0.000853
-0.000909
-0.000974
-0.000990
-0.000891
-0.001037
-0.001005
-0.001025
-0.001029
-0.000987
-0.000915
-0.000926
-0.000833
-0.000748
-0.000921
-0.000888
-0.000981
-0.001049
-0.000952
-0.001024
-0.001076
-0.000994
-0.001051
-0.001024
-0.001172
-0.001301
-0.001286
-0.001322
-0.002441
-0.001038
-0.000879
-0.001004
-0.000720
-0.000575
-0.000525
-0.000509
-0.000625
-0.000553
-0.000514
-0.000509
-0.000538
-0.000552
-0.000612
-0.000585
-0.000477
-0.000528
-0.000601
-0.000673
-0.000713
-0.000741
-0.000572
-0.000545
-0.000603
-0.000644
-0.000583
-0.000610
-0.000652
-0.000557
-0.000662
-0.000754
-0.000702
-0.000725
-0.000674
-0.000620
-0.000609
-0.000596
-0.000606
-0.000666
-0.000737
-0.000697
-0.000689
-0.000729
-0.000803
-0.000872
-0.000932
-0.000976
-0.000877
-0.001041
-0.001063
-0.001001
-0.001026
-0.001069
-0.001101
-0.001134
-0.001102
-0.000779
-0.000851
-0.000962
-0.000943
-0.001040
-0.001058
-0.000975
-0.001075
-0.001128
-0.001092
-0.001017
-0.001078
-0.001118
-0.001009
-0.000990
-0.000782
-0.000804
-0.000761
-0.000707
-0.000740
-0.000646
-0.000669
-0.000480
-0.000536
-0.000553
-0.000521
-0.000526
-0.000467
-0.000545
-0.000624
-0.000615
-0.000549
-0.000513
-0.000592
-0.000701
-0.000745
-0.000646
-0.000729
-0.000597
-0.000599
-0.000620
-0.000624
-0.000655
-0.000588
-0.000654
-0.000662
-0.000709
-0.000756
-0.000777
-0.000736
-0.000546
-0.000468
-0.000466
-0.000538
-0.000658
-0.000705
-0.000730
-0.000664
-0.000727
-0.000758
-0.000850
-0.000897
-0.000972
-0.000897
-0.000844
-0.000981
-0.001001
-0.000954
-0.000997
-0.001098
-0.001143
-0.001114
-0.001134
-0.000875
-0.000854
-0.000899
-0.000965
-0.001102
-0.001138
-0.001269
-0.001084
-0.001017
-0.001015
-0.001155
-0.001117
-0.001002
-0.000917
-0.000895
-0.000764
-0.000874
-0.000801
-0.000695
-0.000741
-0.000756
-0.000592
-0.000543
-0.000562
-0.000557
-0.000543
-0.000518
-0.000449
-0.000486
-0.000516
-0.000558
-0.000502
-0.000572
-0.000694
-0.000758
-0.000678
-0.000647
-0.000660
-0.000566
-0.000578
-0.000632
-0.000619
-0.000626
-0.000616
-0.000617
-0.000699
-0.000772
-0.000798
-0.000720
-0.000666
-0.000485
-0.000415
-0.000482
-0.000563
-0.000693
-0.000678
-0.000697
-0.000727
-0.000673
-0.000741
-0.000852
-0.000851
-0.000939
-0.000877
-0.000910
-0.000927
-0.000853
-0.001027
-0.001011
-0.001110
-0.001143
-0.001056
-0.000879
-0.000913
-0.000886
-0.001064
-0.001002
-0.001034
-0.001079
-0.001041
-0.000899
-0.000867
-0.000960
-0.000969
-0.001022
-0.001027
-0.001000
-0.000927
-0.000854
-0.000968
-0.000868
-0.000862
-0.000816
-0.000657
-0.000558
-0.000514
-0.000487
-0.000529
-0.000498
-0.000503
-0.000479
-0.000536
-0.000543
-0.000655
-0.000644
-0.000656
-0.000702
-0.000681
-0.000633
-0.000645
-0.000521
