-0.000038
-0.000052
-0.000057
0.000632
-0.000062
-0.000059
-0.000066
0.000438
-0.000063
-0.000055
-0.000051
-0.000603
-0.000062
-0.000064
-0.000077
-0.000074
-0.000061
-0.000058
-0.000055
-0.000057
-0.000058
-0.000054
-0.000053
-0.000060
-0.000062
-0.000056
-0.000056
-0.000051
-0.000047
-0.000049
-0.000049
-0.000046
-0.000048
-0.000050
-0.000052
-0.000049
-0.000046
-0.000042
-0.000046
-0.000047
-0.000040
-0.000042
-0.000043
-0.000038
-0.000042
-0.000036
-0.000033
-0.000030
-0.000031
-0.000032
-0.000033
-0.000033
-0.000029
-0.000033
-0.000032
-0.000032
-0.000027
-0.000027
-0.000028
-0.000028
-0.000028
-0.000023
-0.000017
-0.000007
-0.000004
-0.000005
-0.001158
-0.000006
-0.000008
-0.000015
0.000061
-0.000014
0.000195
-0.000094
-0.000091
-0.000105
-0.000092
-0.000081
-0.000079
-0.000082
-0.000087
-0.000088
-0.000080
-0.000069
-0.000075
-0.000077
-0.000066
-0.000065
-0.000060
-0.000057
-0.000058
-0.000048
-0.000050
-0.000048
-0.000051
-0.000051
-0.000056
-0.000062
-0.000058
-0.000056
-0.000057
-0.000054
-0.000049
-0.000054
-0.000045
-0.000043
-0.000048
-0.000052
-0.000049
-0.000049
-0.000047
-0.000049
-0.000044
-0.000046
-0.000042
-0.000041
-0.000040
-0.000036
-0.000036
-0.000036
-0.000037
-0.000035
-0.000034
-0.000033
-0.000030
-0.000031
-0.000028
-0.000029
-0.000029
-0.000028
-0.000026
-0.000023
-0.000027
-0.000025
-0.000026
-0.000028
-0.000027
-0.000024
-0.000025
-0.000027
-0.000027
-0.000026
-0.000026
-0.000026
-0.000025
-0.000020
-0.000088
-0.000089
-0.000097
-0.000081
-0.000085
-0.000079
-0.000079
-0.000090
-0.000086
-0.000085
-0.000078
-0.000072
-0.000067
-0.000053
-0.000062
-0.000064
-0.000054
-0.000055
-0.000055
-0.000052
-0.000056
-0.000057
-0.000056
-0.000058
-0.000054
-0.000055
-0.000059
-0.000061
-0.000053
-0.000050
-0.000055
-0.000047
-0.000050
-0.000049
-0.000048
-0.000040
-0.000051
-0.000051
-0.000048
-0.000044
-0.000042
-0.000040
-0.000040
-0.000040
-0.000038
-0.000037
-0.000036
-0.000037
-0.000034
-0.000033
-0.000030
-0.000029
-0.000026
-0.000027
-0.000027
-0.000031
-0.000027
-0.000025
-0.000023
-0.000029
-0.000022
-0.000024
-0.000026
-0.000025
-0.000022
-0.000023
-0.000024
-0.000025
-0.000025
-0.000025
-0.000024
-0.000027
-0.000027
-0.000081
-0.000102
-0.000100
-0.000095
-0.000097
-0.000077
-0.000074
-0.000081
-0.000078
-0.000078
-0.000079
-0.000076
-0.000074
-0.000054
-0.000055
-0.000055
-0.000059
-0.000062
-0.000059
-0.000056
-0.000057
-0.000064
-0.000052
-0.000041
-0.000060
-0.000063
-0.000058
-0.000058
-0.000059
-0.000053
-0.000049
-0.000052
-0.000052
-0.000038
-0.000034
-0.000035
-0.000048
-0.000051
-0.000049
-0.000050
-0.000043
-0.000041
-0.000039
-0.000042
-0.000039
-0.000037
-0.000032
-0.000031
-0.000031
-0.000033
-0.000031
-0.000027
-0.000028
-0.000027
-0.000027
-0.000026
-0.000026
-0.000025
-0.000026
-0.000028
-0.000025
-0.000024
-0.000021
-0.000023
-0.000023
-0.000025
-0.000024
-0.000023
-0.000024
-0.000024
-0.000027
-0.000028
-0.000025
-0.000085
-0.000085
-0.000098
-0.000098
-0.000102
-0.000074
-0.000076
-0.000078
-0.000072
-0.000079
-0.000079
-0.000074
-0.000058
-0.000062
-0.000049
-0.000060
-0.000059
-0.000063
-0.000061
-0.000058
-0.000057
-0.000064
-0.000058
-0.000062
-0.000055
-0.000058
-0.000055
-0.000058
-0.000053
-0.000053
-0.000047
-0.000049
-0.000050
-0.000038
-0.000043
-0.000042
-0.000041
-0.000045
-0.000050
-0.000047
-0.000048
-0.000043
-0.000043
-0.000040
-0.000041
-0.000037
-0.000032
-0.000029
-0.000031
-0.000030
-0.000025
-0.000030
-0.000024
-0.000025
-0.000026
-0.000025
-0.000025
-0.000026
-0.000026
-0.000026
-0.000023
-0.000022
-0.000025
-0.000027
-0.000018
-0.000027
-0.000023
-0.000025
-0.000027
-0.000027
-0.000027
-0.000030
-0.002169
-0.000062
-0.000084
-0.000098
-0.000083
-0.000103
-0.000077
-0.000088
-0.000063
-0.000084
-0.000081
-0.000084
-0.000069
-0.000065
-0.000059
-0.000057
-0.000062
-0.000066
-0.000066
-0.000065
-0.000062
-0.000063
-0.000061
-0.000061
-0.000059
-0.000058
-0.000053
-0.000058
-0.000057
-0.000058
-0.000059
-0.000047
-0.000051
-0.000049
-0.000040
-0.000043
-0.000036
-0.000039
-0.000045
-0.000046
-0.000047
-0.000052
-0.000048
-0.000042
-0.000039
-0.000038
-0.000036
-0.000033
-0.000030
-0.000027
-0.000028
-0.000027
-0.000024
-0.000024
-0.000028
-0.000027
-0.000024
-0.000023
-0.000024
-0.000026
-0.000027
-0.000023
-0.000021
-0.000022
-0.000021
-0.000020
-0.000026
-0.000025
-0.000024
-0.000025
-0.000027
-0.000027
-0.000026
-0.000025
-0.000073
-0.000071
-0.000095
-0.000088
-0.000083
-0.000092
-0.000092
-0.000077
-0.000072
-0.000073
-0.000064
-0.000069
-0.000064
-0.000064
-0.000061
-0.000058
-0.000062
-0.000066
-0.000061
-0.000069
-0.000068
-0.000061
-0.000058
-0.000059
-0.000060
-0.000054
-0.000049
-0.000058
-0.000061
-0.000054
-0.000051
-0.000054
-0.000053
-0.000050
-0.000042
-0.000033
-0.000039
-0.000045
-0.000044
-0.000040
-0.000049
-0.000051
-0.000043
-0.000042
-0.000037
-0.000037
-0.000031
-0.000027
-0.000029
-0.000027
-0.000025
-0.000025
-0.000025
-0.000025
-0.000022
-0.000022
-0.000020
-0.000018
-0.000025
-0.000026
-0.000026
-0.000024
-0.000027
-0.000019
-0.000028
-0.000027
-0.000024
-0.000021
-0.000025
-0.000026
-0.000029
-0.000028
-0.000025
-0.000100
-0.000081
-0.000102
-0.000100
-0.000082
-0.000099
-0.000089
-0.000090
-0.000078
-0.000064
-0.000055
-0.000059
-0.000067
-0.000058
-0.000062
-0.000069
-0.000073
-0.000072
-0.000066
-0.000062
-0.000067
-0.000064
-0.000064
-0.000058
-0.000056
-0.000059
-0.000059
-0.000059
-0.000056
-0.000057
-0.000056
-0.000056
-0.000056
-0.000048
-0.000041
-0.000037
-0.000040
-0.000045
-0.000044
-0.000039
-0.000044
-0.000044
-0.000046
-0.000043
-0.000039
-0.000034
-0.000031
-0.000032
-0.000032
-0.000026
-0.000025
-0.000024
-0.000027
-0.000024
-0.000031
-0.000039
-0.000025
-0.000022
-0.000024
-0.000024
-0.000025
-0.000024
-0.000025
-0.000027
-0.000022
-0.000022
-0.000020
-0.000023
-0.000028
-0.000029
-0.000029
-0.000028
-0.000027
-0.000094
-0.000085
-0.000075
-0.000091
-0.000088
-0.000087
-0.000096
-0.000085
-0.000075
-0.000064
-0.000067
-0.000056
-0.000063
-0.000066
-0.000070
-0.000067
-0.000074
-0.000072
-0.000076
-0.000066
-0.000064
-0.000060
-0.000063
-0.000064
-0.000061
-0.000061
-0.000062
-0.000056
-0.000054
-0.000059
-0.000055
-0.000046
-0.000052
-0.000049
-0.000043
-0.000045
-0.000043
-0.000040
-0.000039
-0.000039
-0.000045
-0.000047
-0.000045
-0.000038
-0.000038
-0.000038
-0.000033
-0.000029
-0.000027
-0.000024
-0.000024
-0.000023
-0.000026
-0.000024
-0.000024
-0.000024
-0.000024
-0.000022
-0.000023
-0.000024
-0.000025
-0.000025
-0.000024
-0.000025
-0.000023
-0.000015
-0.000025
-0.000027
-0.000028
-0.000030
-0.000029
-0.000029
0.001326
-0.000082
-0.000070
-0.000082
-0.000091
-0.000080
-0.000084
-0.000099
-0.000082
-0.000075
-0.000070
-0.000064
-0.000060
-0.000079
-0.000074
-0.000075
-0.000069
-0.000067
-0.000065
-0.000064
-0.000055
-0.000062
-0.000061
-0.000069
-0.000065
-0.000061
-0.000056
-0.000060
-0.000061
-0.000051
-0.000051
-0.000046
-0.000049
-0.000048
-0.000050
-0.000045
-0.000047
-0.000043
-0.000037
-0.000033
-0.000043
-0.000040
-0.000043
-0.000044
-0.000043
-0.000038
-0.000034
-0.000034
-0.000031
-0.000029
-0.000024
-0.000025
-0.000023
-0.000026
-0.000025
-0.000027
-0.000028
-0.000025
-0.000024
-0.000024
-0.000023
-0.000021
-0.000026
-0.000025
-0.000014
-0.000023
-0.000027
-0.000028
-0.000029
-0.000030
-0.000032
-0.000030
-0.000032
-0.000034
-0.000078
-0.000078
-0.000080
-0.000070
-0.000079
-0.000084
-0.000097
-0.000082
-0.000083
-0.000090
-0.000068
-0.000073
-0.000076
-0.000065
-0.000076
-0.000079
-0.000064
-0.000055
-0.000059
-0.000071
-0.000058
-0.000067
-0.000059
-0.000060
-0.000057
-0.000049
-0.000042
-0.000050
-0.000053
-0.000053
-0.000049
-0.000038
-0.000041
-0.000041
-0.000045
-0.000043
-0.000040
-0.000039
-0.000039
-0.000040
-0.000048
-0.000049
-0.000045
-0.000044
-0.000042
-0.000037
-0.000035
-0.000032
-0.000031
-0.000028
-0.000021
-0.000023
-0.000025
-0.000024
-0.000027
-0.000027
-0.000025
-0.000022
-0.000024
-0.000024
-0.000025
-0.000028
-0.000029
-0.000026
-0.000025
-0.000028
-0.000032
-0.000030
-0.000032
-0.000035
-0.000033
-0.000032
-0.000033
-0.000072
-0.000078
-0.000082
-0.000072
-0.000080
-0.000088
-0.000089
-0.000081
-0.000070
-0.000078
-0.000072
-0.000080
-0.000074
-0.000077
-0.000072
-0.000069
-0.000068
-0.000051
-0.000051
-0.000066
-0.000066
-0.000063
-0.000064
-0.000062
-0.000056
-0.000052
-0.000046
-0.000050
-0.000051
-0.000043
-0.000042
-0.000040
-0.000039
-0.000046
-0.000043
-0.000047
-0.000041
-0.000040
-0.000041
-0.000040
-0.000048
-0.000043
-0.000045
-0.000042
-0.000044
-0.000038
-0.000036
-0.000035
-0.000034
-0.000026
-0.000023
-0.000024
-0.000026
-0.000024
-0.000028
-0.000027
-0.000024
-0.000024
-0.000026
-0.000024
-0.000024
-0.000028
-0.000029
-0.000026
-0.000026
-0.000029
-0.000031
-0.000035
-0.000033
-0.000034
-0.000034
-0.000035
-0.000035
-0.000082
-0.000078
-0.000091
-0.000083
-0.000100
-0.000086
-0.000079
-0.000077
-0.000066
-0.000072
-0.000076
-0.000073
-0.000072
-0.000071
-0.000074
-0.000071
-0.000068
-0.000062
-0.000062
-0.000060
-0.000058
-0.000061
-0.000051
-0.000057
-0.000052
-0.000050
-0.000052
-0.000051
-0.000051
-0.000053
-0.000053
-0.000042
-0.000040
-0.000043
-0.000050
-0.000048
-0.000043
-0.000042
-0.000046
-0.000050
-0.000051
-0.000045
-0.000048
-0.000043
-0.000044
-0.000039
-0.000037
-0.000039
-0.000034
-0.000032
-0.000026
-0.000027
-0.000023
-0.000022
-0.000024
-0.000029
-0.000024
-0.000024
-0.000026
-0.000027
-0.000027
-0.000027
-0.000028
-0.000030
-0.000030
-0.000029
-0.000029
-0.000028
-0.000032
-0.000033
-0.000034
-0.000032
0.000725
-0.000097
-0.000086
-0.000103
-0.000097
-0.000100
-0.000082
-0.000067
-0.000074
-0.000073
-0.000066
-0.000079
-0.000075
-0.000066
-0.000056
-0.000071
-0.000069
-0.000066
-0.000066
-0.000060
-0.000057
-0.000065
-0.000088
-0.000087
-0.000075
-0.000152
-0.000138
-0.000123
-0.000103
-0.000054
-0.000053
-0.000053
-0.000049
-0.000051
-0.000051
-0.000058
-0.000050
-0.000041
-0.000044
-0.000043
-0.000047
-0.000045
-0.000048
-0.000046
-0.000040
-0.000039
-0.000044
-0.000040
-0.000034
-0.000033
-0.000031
-0.000027
-0.000026
-0.000022
-0.000024
-0.000027
-0.000030
-0.000038
-0.000027
-0.000029
-0.000031
-0.000027
-0.000029
-0.000030
-0.000029
-0.000032
-0.000032
-0.000033
-0.000029
-0.000029
-0.000031
-0.000031
-0.000034
-0.000030
-0.000108
-0.000100
-0.000109
-0.000101
-0.000091
-0.000083
-0.000068
-0.000065
-0.000075
-0.000066
-0.000070
-0.000064
-0.000067
-0.000066
-0.000060
-0.000063
-0.000072
-0.000070
-0.000066
-0.000066
-0.000098
-0.000354
-0.000626
0.000982
-0.000034
-0.001096
-0.001802
-0.002372
-0.000342
-0.000061
-0.000055
-0.000048
-0.000039
-0.000051
-0.000059
-0.000051
-0.000046
-0.000049
-0.000043
-0.000044
-0.000047
-0.000040
-0.000042
-0.000048
-0.000046
-0.000044
-0.000039
-0.000036
-0.000028
-0.000029
-0.000023
-0.000022
-0.000023
-0.000024
-0.000026
-0.000031
-0.000018
-0.000025
-0.000031
-0.000030
-0.000030
-0.000031
-0.000031
-0.000030
-0.000032
-0.000031
-0.000031
-0.000030
-0.000033
-0.000032
-0.000033
-0.000040
-0.000033
-0.000114
-0.000107
-0.000113
-0.000102
-0.000076
-0.000077
-0.000070
-0.000063
-0.000074
-0.000086
-0.000074
-0.000069
-0.000067
-0.000061
-0.000054
-0.000066
-0.000059
-0.000062
-0.000064
-0.000118
-0.000414
-0.000181
0.001085
0.000875
0.001122
0.002644
-0.000041
-0.000863
-0.002086
-0.001083
-0.000136
-0.000050
-0.000048
-0.000052
-0.000054
-0.000051
-0.000050
-0.000049
-0.000041
-0.000040
-0.000039
-0.000038
-0.000037
-0.000036
-0.000040
-0.000041
-0.000035
-0.000034
-0.000031
-0.000026
-0.000022
-0.000018
-0.000024
-0.000025
-0.000027
-0.000027
-0.000021
-0.000030
-0.000032
-0.000031
-0.000032
-0.000034
-0.000031
-0.000032
-0.000032
-0.000029
-0.000032
-0.000035
-0.000034
-0.000035
-0.000036
-0.000037
-0.000036
-0.000109
-0.000107
-0.000102
-0.000095
-0.000073
-0.000075
-0.000069
-0.000066
-0.000067
-0.000055
-0.000047
-0.000054
-0.000061
-0.000055
-0.000073
-0.000073
-0.000023
-0.000008
-0.000010
-0.000497
-0.000114
-0.000409
-0.000474
0.000408
0.000294
0.000197
0.000163
0.007763
0.001206
-0.000179
-0.000059
-0.000053
-0.000057
-0.000054
-0.000053
-0.000055
-0.000050
-0.000047
-0.000050
-0.000044
-0.000037
-0.000035
-0.000033
-0.000034
-0.000035
-0.000040
-0.000034
-0.000033
-0.000033
-0.000029
-0.000025
-0.000022
-0.000024
-0.000023
-0.000026
-0.000028
-0.000034
-0.000035
-0.000032
-0.000032
-0.000034
-0.000031
-0.000033
-0.000027
-0.000021
-0.000035
-0.000036
-0.000037
-0.000033
-0.000040
-0.000038
-0.000037
-0.001100
-0.000109
-0.000114
-0.000111
-0.000100
-0.000078
-0.000084
-0.000064
-0.000071
-0.000051
-0.000048
-0.000053
-0.000056
-0.000061
-0.000060
-0.000020
-0.000006
0.000118
0.000329
0.000203
0.000527
0.000117
-0.000085
-0.000138
-0.000088
-0.000159
0.000493
0.002115
0.001910
0.000044
-0.000052
-0.000049
-0.000047
-0.000041
-0.000040
-0.000023
-0.000010
-0.000010
-0.000036
-0.000043
-0.000048
-0.000044
-0.000036
-0.000028
-0.000033
-0.000031
-0.000034
-0.000039
-0.000035
-0.000032
-0.000025
-0.000025
-0.000027
-0.000024
-0.000023
-0.000025
-0.000029
-0.000031
-0.000035
-0.000033
-0.000030
-0.000028
-0.000031
-0.000035
-0.000035
-0.000037
-0.000036
-0.000037
-0.000033
-0.000034
-0.000038
-0.000036
-0.000034
-0.000030
-0.000117
-0.000118
-0.000114
-0.000087
-0.000082
-0.000091
-0.000093
-0.000064
-0.000049
-0.000052
-0.000049
-0.000057
-0.000059
0.000003
-0.000074
0.000034
-0.000150
0.001481
0.000266
0.000096
0.000173
0.000106
-0.000046
-0.000213
-0.000270
0.001442
0.001173
0.000568
0.001977
0.000234
-0.000039
-0.000040
-0.000046
-0.000033
0.000472
0.000763
0.000681
0.000157
-0.000002
-0.000039
-0.000043
-0.000035
-0.000033
-0.000031
-0.000032
-0.000032
-0.000032
-0.000033
-0.000031
-0.000029
-0.000025
-0.000024
-0.000026
-0.000028
-0.000029
-0.000030
-0.000032
-0.000032
-0.000033
-0.000025
-0.000038
-0.000036
-0.000033
-0.000036
-0.000037
-0.000035
-0.000036
-0.000030
-0.000036
-0.000036
-0.000038
-0.000035
-0.000033
-0.000106
-0.000107
-0.000112
-0.000094
-0.000077
-0.000069
-0.000071
-0.000065
-0.000063
-0.000064
-0.000056
-0.000052
-0.000000
-0.000012
-0.000131
-0.000310
-0.002305
0.000567
0.000424
0.000045
-0.000014
-0.000002
-0.000050
-0.000229
-0.000124
-0.000132
0.000023
0.000587
0.000892
-0.000056
0.000298
0.000147
0.000061
0.000425
0.001010
0.001419
0.001078
0.000927
0.000760
0.000131
-0.000023
-0.000032
-0.000032
-0.000030
-0.000029
-0.000032
-0.000035
-0.000033
-0.000031
-0.000029
-0.000024
-0.000025
-0.000028
-0.000028
-0.000027
-0.000030
-0.000030
-0.000030
-0.000033
-0.000038
-0.000148
-0.000039
-0.000035
-0.000036
-0.000036
-0.000038
-0.000033
-0.000034
-0.000034
-0.000035
-0.000037
-0.000036
-0.000029
-0.000108
-0.000102
-0.000096
-0.000088
-0.000087
-0.000072
-0.000068
-0.000058
-0.000063
-0.000058
-0.000049
-0.000018
-0.000041
0.000013
0.000827
0.002177
0.000282
-0.000050
0.000020
-0.000041
-0.000055
-0.000102
-0.000569
-0.000530
-0.000316
-0.000578
-0.000996
0.000007
0.000436
0.000536
0.000019
-0.000650
-0.000659
0.000140
0.001061
0.001702
0.001551
0.001580
0.001576
0.000759
0.000003
-0.000026
-0.000021
-0.000033
-0.000032
-0.000033
-0.000031
-0.000034
-0.000031
-0.000027
-0.000026
-0.000028
-0.000028
-0.000030
-0.000030
-0.000029
-0.000030
-0.000030
-0.000031
-0.000027
-0.000039
-0.000037
-0.000036
-0.000037
-0.000037
-0.000037
-0.000039
-0.000031
-0.000033
-0.000031
-0.000035
-0.000045
-0.000596
-0.000085
-0.000093
-0.000089
-0.000096
-0.000087
-0.000077
-0.000068
-0.000057
-0.000051
-0.000054
-0.000039
-0.000048
-0.000038
0.000019
0.000492
0.003267
-0.004400
-0.000554
-0.000025
-0.000044
-0.000050
-0.000187
0.001141
0.001162
-0.000117
-0.000931
-0.000582
-0.000276
-0.000283
-0.001070
-0.000939
-0.001305
-0.000882
-0.000085
0.000639
0.000475
0.001774
0.002081
0.002015
0.001306
0.000099
0.000197
-0.000047
-0.000068
-0.000034
-0.000033
-0.000032
-0.000033
-0.000028
-0.000029
-0.000028
-0.000026
-0.000028
-0.000022
-0.000027
-0.000032
-0.000034
-0.000035
-0.000031
-0.000043
-0.000038
-0.000035
-0.000033
-0.000036
-0.000037
-0.000040
-0.000037
-0.000035
-0.000033
-0.000039
-0.000034
-0.000043
-0.000031
-0.000071
-0.000070
-0.000059
-0.000088
-0.000087
-0.000080
-0.000071
-0.000068
-0.000059
-0.000055
-0.000052
-0.000045
-0.000039
-0.000037
0.000333
0.002769
-0.003277
-0.001000
-0.000056
-0.000250
-0.000936
0.001178
0.002968
0.002979
0.000767
0.000966
0.000833
0.000664
-0.000073
-0.000522
-0.000092
-0.000023
-0.000393
-0.000108
0.000226
0.000425
0.001129
0.001993
0.002156
0.001856
0.000570
0.000210
-0.000067
-0.000073
0.000097
0.000061
-0.000047
-0.000035
-0.000029
-0.000029
-0.000028
-0.000030
-0.000025
-0.000024
-0.000030
-0.000033
-0.000035
-0.000038
-0.000040
-0.000038
-0.000036
-0.000034
-0.000036
-0.000038
-0.000043
-0.000036
-0.000033
-0.000037
-0.000041
-0.000037
-0.000032
-0.000036
-0.000032
-0.000045
-0.000055
-0.000069
-0.000076
-0.000074
-0.000072
-0.000065
-0.000060
-0.000063
-0.000056
-0.000054
-0.000050
-0.000045
-0.000044
0.000284
0.003294
-0.000236
0.000494
0.000587
-0.000344
0.000480
0.001161
0.001351
0.007150
0.002630
0.001110
0.001576
0.002063
0.002502
0.001652
-0.000159
-0.000864
-0.000471
-0.000013
0.000254
0.000174
0.000171
0.000883
0.001627
0.002163
0.001172
0.000630
0.000331
0.000122
0.000416
0.001366
-0.000017
-0.000036
-0.000031
-0.000032
-0.000031
-0.000033
-0.000035
-0.000033
-0.000033
-0.000034
-0.000038
-0.000039
-0.000035
-0.000039
-0.000039
-0.000038
-0.000037
-0.000045
-0.000042
-0.000035
-0.000035
-0.000039
-0.000036
-0.000031
-0.000034
-0.000036
-0.000029
-0.000046
-0.000035
-0.000050
-0.000076
-0.000077
-0.000062
-0.000067
-0.000055
-0.000060
-0.000064
-0.000059
-0.000055
-0.000052
-0.000053
-0.000010
0.001047
0.001560
0.005721
0.000195
0.000221
0.000755
0.000938
0.000885
0.000995
0.001702
0.000616
0.001093
0.002232
0.002542
0.003688
0.003740
0.000720
0.000596
0.000484
0.000503
-0.000123
-0.000026
0.000321
0.000755
0.001636
0.000491
0.000266
0.000262
0.000314
0.000769
0.001426
0.000869
0.000106
-0.000031
-0.000031
-0.000031
-0.000032
-0.000035
-0.000036
-0.000036
-0.000036
-0.000037
-0.000041
-0.000043
-0.000040
-0.000039
-0.000039
-0.000038
-0.000037
-0.000035
-0.000037
-0.000036
-0.000040
-0.000041
-0.000044
-0.000040
-0.000042
-0.000027
-0.000077
-0.000082
-0.000115
-0.000079
-0.000090
-0.000067
-0.000063
-0.000057
-0.000050
-0.000074
-0.000075
-0.000085
-0.000074
-0.000058
-0.000042
0.000326
0.000054
0.000847
0.000217
0.000299
0.000388
0.000344
0.000551
0.000689
0.000648
0.000807
0.000910
0.001013
0.000593
0.000274
0.000626
0.000443
0.000586
0.000556
-0.000103
-0.000324
-0.000041
-0.000124
0.000035
0.000472
0.000087
0.000038
0.000107
-0.000049
0.000198
0.000389
0.001312
0.001198
0.000122
-0.000029
-0.000032
-0.000033
-0.000036
-0.000036
-0.000036
-0.000036
-0.000038
-0.000042
-0.000028
-0.000044
-0.000037
-0.000036
-0.000040
-0.000037
-0.000036
-0.000042
-0.000044
-0.000049
-0.000043
-0.000048
-0.000038
-0.000037
-0.000024
-0.000088
-0.000109
-0.000117
-0.000086
-0.000078
-0.000058
-0.000059
-0.000061
-0.000069
-0.000075
-0.000081
-0.000089
-0.000077
-0.000057
-0.000055
-0.000057
-0.000078
-0.000059
-0.000058
-0.000078
-0.000064
0.000044
0.000223
0.000261
0.000348
0.000163
0.000072
-0.000163
-0.000639
-0.001499
-0.000705
-0.000239
0.000419
0.000036
0.000086
-0.000352
0.000293
0.000862
0.000757
0.000984
0.001635
0.001906
0.000159
-0.000741
0.000987
0.000115
0.000716
0.000719
0.000646
0.000069
-0.000030
-0.000033
-0.000032
-0.000034
-0.000034
-0.000032
-0.000035
-0.000038
-0.000043
-0.000032
-0.000032
-0.000036
-0.000039
-0.000040
-0.000038
-0.000032
-0.000033
-0.000040
-0.000044
-0.000038
-0.000035
-0.000036
-0.000033
-0.000088
-0.000104
-0.000108
-0.000099
-0.000073
-0.000063
-0.000067
-0.000069
-0.000070
-0.000082
-0.000085
-0.000084
-0.000071
-0.000072
-0.000067
-0.000069
-0.000059
-0.000048
-0.000056
-0.000074
-0.000079
-0.000105
-0.000020
0.001416
-0.000371
-0.001808
-0.002454
-0.001993
-0.002237
-0.002812
-0.002381
-0.000798
0.000156
0.000345
0.000996
0.000953
0.000074
0.000807
0.000851
0.002194
0.001700
0.001878
0.001896
0.000934
0.000980
0.000466
0.000058
-0.000115
0.000512
0.000814
-0.000099
-0.000036
-0.000035
-0.000033
-0.000034
-0.000037
-0.000028
-0.000041
-0.000038
-0.000034
-0.000039
-0.000040
-0.000040
-0.000032
-0.000027
-0.000033
-0.000033
-0.000042
-0.000034
-0.000036
-0.000038
-0.000037
-0.000039
-0.000082
-0.000088
-0.000101
-0.000093
-0.000086
-0.000075
-0.000072
-0.000069
-0.000072
-0.000077
-0.000086
-0.000087
-0.000070
-0.000072
-0.000062
-0.000066
-0.000063
-0.000062
-0.000066
-0.000067
0.000011
0.001693
0.002948
0.003141
0.000438
-0.000754
-0.001618
-0.001959
-0.002370
-0.002968
-0.002023
-0.001462
0.000307
-0.000176
0.000642
0.001003
0.001078
0.000256
0.000841
-0.000526
-0.000448
0.002890
0.001149
0.001600
0.002283
0.000280
-0.000990
-0.001254
0.000438
0.000507
-0.001941
-0.000242
-0.000029
-0.000033
-0.000038
-0.000038
-0.000037
-0.000035
-0.000031
-0.000037
-0.000041
-0.000043
-0.000046
-0.000035
-0.000046
-0.000044
-0.000044
-0.000041
-0.000037
-0.000035
-0.000039
-0.000041
-0.000038
-0.000088
-0.000069
-0.000084
-0.000103
-0.000090
-0.000076
-0.000076
-0.000067
-0.000073
-0.000078
-0.000083
-0.000086
-0.000081
-0.000075
-0.000067
-0.000062
-0.000068
-0.000100
-0.000109
-0.000141
0.000156
0.000859
0.001772
0.002737
0.001825
-0.000414
-0.001225
-0.001950
-0.002106
-0.002423
-0.001250
-0.000888
0.000904
-0.000059
0.000819
0.001436
0.000757
0.000219
0.000312
0.000225
0.000524
0.000419
0.000429
0.000904
0.002068
0.000450
-0.000707
-0.000316
0.000343
-0.003315
-0.006043
-0.008254
0.000079
-0.000033
-0.000035
-0.000039
-0.000041
-0.000035
-0.000036
-0.000040
-0.000036
-0.000045
-0.000066
-0.000049
-0.000048
-0.000043
-0.000036
-0.000036
-0.000040
-0.000046
-0.000037
-0.000037
-0.000038
-0.000082
-0.000075
-0.000084
-0.000099
-0.000106
-0.000069
-0.000070
-0.000073
-0.000071
-0.000072
-0.000075
-0.000082
-0.000084
-0.000073
-0.000078
-0.000076
-0.000073
-0.000103
-0.000134
-0.000137
-0.000001
0.000618
0.001210
0.002224
0.002864
0.000057
-0.001485
-0.002488
-0.002432
-0.001527
-0.001874
-0.000782
0.000906
0.000396
0.001296
0.001875
0.000941
0.000131
0.000101
0.000216
0.000090
0.000403
-0.000004
0.000067
-0.000205
-0.001996
-0.000995
-0.000292
-0.001826
-0.004839
-0.009206
-0.010329
-0.009818
0.000132
0.000161
-0.000046
-0.000037
-0.000028
-0.000036
-0.000039
-0.000033
-0.000032
-0.000042
-0.000042
-0.000042
-0.000038
-0.000035
-0.000036
-0.000047
-0.000041
-0.000049
-0.000035
-0.000039
-0.000079
-0.000078
-0.000092
-0.000105
-0.000114
-0.000076
-0.000075
-0.000075
-0.000073
-0.000077
-0.000073
-0.000078
-0.000092
-0.000080
-0.000065
-0.000086
-0.000116
-0.000105
-0.000129
-0.000149
-0.000159
0.000344
0.001061
0.002033
0.002569
0.000129
-0.002265
-0.002443
-0.001829
-0.001075
-0.002027
-0.000939
0.000163
0.000244
0.001783
0.001425
0.001366
-0.000143
0.000688
0.000736
-0.000036
-0.000416
-0.000257
0.000018
0.000253
-0.000152
-0.003470
-0.001664
-0.003549
-0.008048
-0.011012
-0.008238
-0.005110
0.000564
0.006592
0.000019
-0.000035
-0.000038
-0.000037
-0.000028
-0.000007
-0.000036
-0.000037
-0.000040
-0.000038
-0.000033
-0.000041
-0.000049
-0.000044
-0.000043
-0.000089
-0.000035
-0.000040
-0.000085
-0.000078
-0.000079
-0.000095
-0.000110
-0.000092
-0.000087
-0.000093
-0.000084
-0.000083
-0.000080
-0.000078
-0.000085
-0.000076
-0.000057
-0.000112
-0.000119
-0.000128
-0.000125
-0.000114
-0.000143
-0.000136
0.000595
0.001723
0.002281
0.000024
-0.001443
-0.001900
-0.001217
-0.001336
-0.003461
-0.002812
-0.000343
-0.000232
0.000471
0.001288
0.000467
-0.000263
0.000032
0.000055
-0.000109
-0.000492
-0.000319
-0.000178
-0.000054
-0.000246
0.000188
-0.001597
-0.002799
-0.006405
-0.007016
-0.003505
0.002216
0.012291
0.018934
0.002528
-0.000028
-0.000089
-0.000037
-0.000034
-0.000036
-0.000038
-0.000038
-0.000040
-0.000031
-0.000038
-0.000046
-0.000047
-0.000048
-0.000042
-0.000036
-0.000037
-0.000040
-0.000076
-0.000087
-0.000085
-0.000088
-0.000108
-0.000110
-0.000076
-0.000056
-0.000052
-0.000089
-0.000090
-0.000082
-0.000132
-0.000099
-0.000095
-0.000100
-0.000126
-0.000138
-0.000119
-0.000119
-0.000137
-0.000259
-0.000105
0.000838
0.001818
0.001596
-0.000159
-0.001704
-0.001300
-0.001167
-0.001624
-0.001697
-0.000688
0.000374
0.000562
0.001118
0.000691
0.000466
0.000364
-0.000040
-0.000124
-0.000286
-0.000397
-0.000382
-0.000454
-0.000697
-0.000885
-0.000007
-0.000548
-0.003611
-0.002202
0.003040
0.013358
0.015623
0.005792
0.001430
-0.000159
-0.001364
0.000043
0.000032
0.000011
-0.000046
-0.000046
-0.000030
-0.000032
-0.000034
-0.000042
-0.000046
-0.000043
-0.000040
-0.000041
-0.000042
-0.000046
-0.000074
-0.000084
-0.000084
-0.000074
-0.000074
-0.000087
-0.000074
-0.000058
-0.000073
-0.000058
-0.000062
-0.000095
-0.000121
-0.000093
-0.000103
-0.000105
-0.000130
-0.000136
-0.000130
-0.000137
-0.000150
-0.000078
-0.000053
-0.000132
-0.000271
-0.000215
-0.000061
-0.000126
-0.000003
-0.001267
-0.000933
-0.001168
-0.001710
-0.000324
0.000857
0.001191
0.001018
0.000684
0.000167
-0.000190
-0.000168
-0.000302
-0.000769
-0.001467
-0.001197
-0.002160
-0.002607
-0.002221
-0.002030
-0.000242
0.001392
0.010910
0.016572
0.011028
0.005202
0.000706
0.000614
0.001888
0.002834
0.000623
0.001152
0.000021
-0.000001
-0.000035
-0.000032
-0.000034
-0.000040
-0.000043
-0.000036
-0.000037
-0.000033
-0.000050
-0.000043
-0.000062
-0.000070
-0.000071
-0.000077
-0.000084
-0.000076
-0.000084
-0.000071
-0.000089
-0.000080
-0.000082
-0.000069
-0.000007
-0.000026
-0.000029
-0.000069
-0.000136
-0.000067
-0.000069
-0.000080
-0.000086
-0.000068
-0.000062
-0.000084
-0.000067
-0.000056
-0.000059
-0.000066
-0.000077
-0.000081
0.000041
-0.001394
-0.001723
-0.000913
0.000707
0.001117
0.000933
0.000678
-0.000078
-0.000247
-0.000283
-0.000915
-0.001873
-0.003541
-0.005958
-0.006151
-0.007044
-0.004701
-0.004370
0.000260
0.005779
0.015470
0.010017
0.002238
0.000670
0.000515
0.000951
0.009926
0.003594
0.001330
0.000928
0.000347
-0.000014
0.000001
-0.000014
-0.000025
-0.000036
-0.000037
-0.000039
-0.000040
-0.000022
-0.000022
-0.000032
-0.000063
-0.000065
-0.000057
-0.000036
-0.000073
-0.000091
-0.000102
-0.000076
-0.000074
-0.000081
-0.000081
-0.000093
-0.000083
-0.000074
-0.000101
-0.000104
-0.000086
-0.000095
-0.000098
-0.000082
-0.000066
-0.000056
-0.000077
-0.000080
-0.000080
-0.000065
-0.000065
-0.000064
-0.000060
-0.000073
-0.000023
-0.000358
-0.000216
-0.000273
-0.000068
0.000003
0.000003
0.000499
0.000340
-0.000097
-0.001101
-0.003397
-0.003123
-0.005015
-0.006050
-0.006349
-0.007986
-0.004313
-0.004323
-0.006774
0.001688
0.008552
0.002388
-0.001807
-0.001179
0.000116
0.002420
0.000407
0.000290
0.000047
0.000002
-0.000033
-0.000046
-0.000042
-0.000041
-0.000038
-0.000035
-0.000035
-0.000036
-0.000041
-0.000043
-0.000047
-0.000030
-0.000063
-0.000062
-0.000075
-0.000056
-0.000067
-0.000078
-0.000083
-0.000057
-0.000048
-0.000040
-0.000032
-0.000080
-0.000089
-0.000089
-0.000082
-0.000076
-0.000087
-0.000076
-0.000080
-0.000086
-0.000076
-0.000071
-0.000078
-0.000063
-0.000070
-0.000055
-0.000050
-0.000070
-0.000079
-0.000084
-0.000139
-0.000091
-0.000065
-0.000053
-0.000050
-0.000051
-0.000073
-0.000024
-0.000006
-0.000027
-0.000081
-0.000346
-0.000323
0.000026
-0.003176
-0.005319
-0.005713
-0.005087
-0.004137
-0.004730
-0.005275
-0.000751
-0.000613
-0.000094
0.000456
0.000225
0.000444
0.000097
-0.000027
-0.000038
-0.000045
-0.000045
-0.000053
-0.000050
-0.000046
-0.000042
-0.000041
-0.000039
-0.000035
-0.000040
-0.000044
-0.000042
-0.000029
-0.000070
-0.000066
-0.000067
-0.000080
-0.000063
-0.000065
-0.000048
-0.000066
-0.000070
-0.000057
-0.000050
-0.000073
-0.000078
-0.000071
-0.000083
-0.000075
-0.000083
-0.000058
-0.000059
-0.000067
-0.000082
-0.000079
-0.000091
-0.000082
-0.000074
-0.000064
-0.000068
-0.000081
-0.000068
-0.000067
-0.000066
-0.000069
-0.000063
-0.000061
-0.000057
-0.000113
-0.000141
-0.000086
-0.000060
-0.000063
-0.000054
-0.000056
-0.000056
-0.000062
0.000190
-0.003409
-0.003570
-0.003441
-0.003830
-0.003879
-0.004121
-0.000926
0.000203
0.000049
0.000084
-0.000022
-0.000032
-0.000046
-0.000050
-0.000049
-0.000045
-0.000044
-0.000074
-0.000045
-0.000048
-0.000041
-0.000046
-0.000039
-0.000035
-0.000039
-0.000041
-0.000043
-0.000033
-0.000075
-0.000065
-0.000059
-0.000062
-0.000064
-0.000059
-0.000077
-0.000077
-0.000075
-0.000067
-0.000063
-0.000054
-0.000051
-0.000075
-0.000081
-0.000077
-0.000091
-0.000058
-0.000062
-0.000074
-0.000101
-0.000078
-0.000074
-0.000103
-0.000089
-0.000077
-0.000064
-0.000046
-0.000073
-0.000073
-0.000061
-0.000059
-0.000059
-0.000066
-0.000085
-0.000149
-0.000093
-0.000056
-0.000052
-0.000056
-0.000069
-0.000069
-0.000094
-0.000072
-0.000068
0.000107
-0.003228
-0.003645
-0.002457
-0.002644
-0.001212
-0.000050
0.000151
-0.000278
-0.000073
-0.000048
-0.000060
-0.000062
-0.000050
-0.000043
-0.000047
-0.000053
-0.000056
-0.000046
-0.000048
-0.000044
-0.000044
-0.000039
-0.000041
-0.000037
-0.000039
-0.000034
-0.000036
-0.000071
-0.000071
-0.000068
-0.000066
-0.000071
-0.000079
-0.000084
-0.000080
-0.000071
-0.000070
-0.000073
-0.000067
-0.000046
-0.000060
-0.000078
-0.000083
-0.000083
-0.000073
-0.000063
-0.000069
-0.000073
-0.000071
-0.000073
-0.000097
-0.000092
-0.000083
-0.000065
-0.000041
-0.000050
-0.000057
-0.000066
-0.000062
-0.000068
-0.000080
-0.000162
-0.000086
-0.000064
-0.000054
-0.000057
-0.000063
-0.000084
-0.000079
-0.000103
-0.000070
-0.000065
-0.000064
-0.000437
-0.003101
-0.003124
-0.001754
-0.000954
0.001982
0.000900
0.000011
-0.000043
-0.000058
-0.000062
-0.000062
-0.000051
-0.000054
-0.000053
-0.000052
-0.000053
-0.000054
-0.000050
-0.000045
-0.000044
-0.000045
-0.000040
-0.000039
-0.000035
-0.000035
-0.000043
-0.000074
-0.000069
-0.000071
-0.000067
-0.000065
-0.000081
-0.000078
-0.000080
-0.000073
-0.000069
-0.000074
-0.000069
-0.000056
-0.000032
-0.000072
-0.000086
-0.000100
-0.000102
-0.000085
-0.000084
-0.000081
-0.000091
-0.000094
-0.000097
-0.000103
-0.000085
-0.000066
-0.000059
-0.000060
-0.000070
-0.000076
-0.000076
-0.000077
-0.000088
-0.000097
-0.000066
-0.000063
-0.000057
-0.000064
-0.000093
-0.000094
-0.000091
-0.000083
-0.000071
-0.000065
-0.000075
-0.000074
-0.000629
-0.001824
-0.000747
0.000209
0.001191
0.000480
-0.000052
-0.000075
-0.000068
-0.000055
-0.000049
-0.000048
-0.000051
-0.000051
-0.000050
-0.000046
-0.000051
-0.000048
-0.000049
-0.000052
-0.000051
-0.000043
-0.000041
-0.000039
-0.000049
-0.000055
-0.000077
-0.000077
-0.000069
-0.000068
-0.000061
-0.000063
-0.000087
-0.000068
-0.000070
-0.000068
-0.000072
-0.000066
-0.000055
-0.000037
-0.000062
-0.000071
-0.000082
-0.000088
-0.000088
-0.000081
-0.000088
-0.000072
-0.000063
-0.000099
-0.000105
-0.000105
-0.000087
-0.000082
-0.000088
-0.000093
-0.000093
-0.000082
-0.000074
-0.000072
-0.000063
-0.000057
-0.000054
-0.000060
-0.000060
-0.000073
-0.000075
-0.000065
-0.000069
-0.000074
-0.000077
-0.000072
-0.000073
-0.000080
-0.000195
-0.000084
0.000525
0.000379
-0.000038
-0.000075
-0.000073
-0.000063
-0.000057
-0.000054
-0.000052
-0.000059
-0.000054
-0.000048
-0.000050
-0.000044
-0.000042
-0.000052
-0.000051
-0.000042
-0.000042
-0.000052
-0.000046
-0.000048
-0.000088
-0.000066
-0.000071
-0.000071
-0.000074
-0.000062
-0.000071
-0.000063
-0.000060
-0.000069
-0.000068
-0.000066
-0.000061
-0.000065
-0.000062
-0.000068
-0.000070
-0.000065
-0.000086
-0.000073
-0.000070
-0.000076
-0.000071
-0.000081
-0.000090
-0.000095
-0.000098
-0.000091
-0.000084
-0.000086
-0.000074
-0.000095
-0.000095
-0.000092
-0.000093
-0.000085
-0.000070
-0.000085
-0.000092
-0.000101
-0.000087
-0.000083
-0.000073
-0.000077
-0.000092
-0.000074
-0.000074
-0.000081
-0.000092
-0.000074
-0.000058
-0.000040
-0.000067
-0.000090
-0.000072
-0.000064
-0.000057
-0.000061
-0.000053
-0.000051
-0.000050
-0.000050
-0.000046
-0.000043
-0.000038
-0.000048
-0.000047
-0.000043
-0.000041
-0.000045
-0.000046
-0.000047
-0.000047
-0.000053
-0.000057
-0.000072
-0.000075
-0.000073
-0.000077
-0.000058
-0.000061
-0.000061
-0.000066
-0.000060
-0.000072
-0.000066
-0.000068
-0.000072
-0.000085
-0.000069
-0.000072
-0.000082
-0.000086
-0.000068
-0.000073
-0.000072
-0.000092
-0.000090
-0.000097
-0.000080
-0.000087
-0.000075
-0.000080
-0.000080
-0.000087
-0.000094
-0.000101
-0.000098
-0.000087
-0.000089
-0.000099
-0.000100
-0.000090
-0.000073
-0.000077
-0.000084
-0.000102
-0.000085
-0.000071
-0.000074
-0.000079
-0.000069
-0.000067
-0.000066
-0.000067
-0.000075
-0.000072
-0.000070
-0.000085
-0.000071
-0.000065
-0.000051
-0.000050
-0.000054
-0.000051
-0.000048
-0.000040
-0.000043
-0.000044
-0.000050
-0.000044
-0.000047
-0.000052
-0.000057
-0.000051
-0.000050
-0.000050
-0.000046
-0.000061
-0.000071
-0.000070
-0.000060
-0.000052
-0.000051
-0.000058
-0.000069
-0.000065
-0.000061
-0.000060
-0.000060
-0.000067
-0.000069
-0.000073
-0.000063
-0.000078
-0.000061
-0.000049
-0.000047
-0.000062
-0.000066
-0.000085
-0.000079
-0.000078
-0.000081
-0.000071
-0.000082
-0.000080
-0.000087
-0.000088
-0.000098
-0.000092
-0.000095
-0.000092
-0.000086
-0.000072
-0.000075
-0.000072
-0.000084
-0.000083
-0.000066
-0.000061
-0.000061
-0.000070
-0.000069
-0.000070
-0.000069
-0.000065
-0.000072
-0.000078
-0.000075
-0.000077
-0.000080
-0.000070
-0.000051
-0.000048
-0.000044
-0.000053
-0.000048
-0.000049
-0.000042
-0.000042
-0.000047
-0.000057
-0.000053
-0.000053
-0.000055
-0.000056
-0.000054
-0.000051
-0.000036
