0.000065
0.000056
0.000041
0.000632
0.000129
0.000121
0.000094
0.000438
0.000020
0.000080
-0.000070
-0.000603
-0.000864
-0.000900
-0.001111
-0.001049
-0.001027
-0.000930
-0.001040
-0.001095
-0.001203
-0.000839
-0.000687
-0.000574
-0.000559
-0.000498
-0.000557
-0.000707
-0.000726
-0.000766
-0.000843
-0.000873
-0.000869
-0.000865
-0.000782
-0.000748
-0.000556
-0.000665
-0.000637
-0.000566
-0.000631
-0.000688
-0.000719
-0.000737
-0.000740
-0.000816
-0.000796
-0.000731
-0.000653
-0.000800
-0.000612
-0.000689
-0.000777
-0.000691
-0.000689
-0.000665
-0.000633
-0.000620
-0.000656
-0.000672
-0.000750
-0.000729
-0.000551
-0.000534
-0.000275
-0.000120
-0.001158
0.000133
0.000244
0.000188
0.000061
0.000188
0.000195
-0.001078
-0.001180
-0.001176
-0.001179
-0.001129
-0.001023
-0.000996
-0.000817
-0.001079
-0.001039
-0.000989
-0.000982
-0.001054
-0.000897
-0.000988
-0.000838
-0.000866
-0.000881
-0.000814
-0.000906
-0.000985
-0.000924
-0.000820
-0.000838
-0.000817
-0.000827
-0.000842
-0.000868
-0.000785
-0.000772
-0.000800
-0.000730
-0.000672
-0.000627
-0.000762
-0.000824
-0.000713
-0.000672
-0.000748
-0.000655
-0.000684
-0.000738
-0.000685
-0.000679
-0.000683
-0.000700
-0.000629
-0.000661
-0.000631
-0.000598
-0.000648
-0.000675
-0.000490
-0.000637
-0.000659
-0.000670
-0.000608
-0.000593
-0.000664
-0.000687
-0.000771
-0.000624
-0.000547
-0.000593
-0.000638
-0.000618
-0.000590
-0.000618
-0.000554
-0.000600
-0.000591
-0.000563
-0.000454
-0.001062
-0.001161
-0.001216
-0.001034
-0.001019
-0.001085
-0.000968
-0.001113
-0.001135
-0.001146
-0.000981
-0.000973
-0.000907
-0.000822
-0.000768
-0.000775
-0.000886
-0.000730
-0.000791
-0.000793
-0.000721
-0.000830
-0.000762
-0.000802
-0.000780
-0.000860
-0.000835
-0.000918
-0.000861
-0.000757
-0.000724
-0.000762
-0.000745
-0.000589
-0.000645
-0.000546
-0.000624
-0.000597
-0.000601
-0.000682
-0.000704
-0.000685
-0.000648
-0.000626
-0.000626
-0.000566
-0.000640
-0.000593
-0.000597
-0.000605
-0.000644
-0.000640
-0.000580
-0.000621
-0.000669
-0.000642
-0.000649
-0.000613
-0.000663
-0.000753
-0.000666
-0.000574
-0.000609
-0.000672
-0.000675
-0.000632
-0.000629
-0.000592
-0.000584
-0.000578
-0.000570
-0.000535
-0.000528
-0.001039
-0.001056
-0.001196
-0.000991
-0.000947
-0.001000
-0.000984
-0.000931
-0.001038
-0.001143
-0.001153
-0.000855
-0.000739
-0.000766
-0.000892
-0.000815
-0.000960
-0.000820
-0.000773
-0.000870
-0.000831
-0.000917
-0.000910
-0.000904
-0.000796
-0.000817
-0.000805
-0.000880
-0.000860
-0.000765
-0.000730
-0.000690
-0.000629
-0.000766
-0.000710
-0.000681
-0.000714
-0.000637
-0.000585
-0.000618
-0.000637
-0.000661
-0.000646
-0.000680
-0.000634
-0.000606
-0.000619
-0.000677
-0.000599
-0.000612
-0.000629
-0.000640
-0.000565
-0.000622
-0.000602
-0.000640
-0.000619
-0.000654
-0.000714
-0.000670
-0.000650
-0.000538
-0.000571
-0.000625
-0.000626
-0.000603
-0.000589
-0.000564
-0.000594
-0.000588
-0.000564
-0.000560
-0.000607
-0.000925
-0.000859
-0.001064
-0.001152
-0.001047
-0.001075
-0.001037
-0.000930
-0.000995
-0.001042
-0.001067
-0.000915
-0.000968
-0.000814
-0.000865
-0.000898
-0.000863
-0.000816
-0.000726
-0.000821
-0.000687
-0.000879
-0.000888
-0.000889
-0.000808
-0.000735
-0.000627
-0.000715
-0.000813
-0.000736
-0.000759
-0.000813
-0.000760
-0.000740
-0.000786
-0.000763
-0.000637
-0.000570
-0.000594
-0.000668
-0.000637
-0.000594
-0.000617
-0.000700
-0.000688
-0.000627
-0.000580
-0.000688
-0.000601
-0.000599
-0.000635
-0.000599
-0.000572
-0.000559
-0.000594
-0.000608
-0.000594
-0.000623
-0.000601
-0.000640
-0.000628
-0.000599
-0.000621
-0.000635
-0.000592
-0.000565
-0.000580
-0.000608
-0.000537
-0.000597
-0.000555
-0.000643
-0.002169
-0.000905
-0.000957
-0.001012
-0.001042
-0.001080
-0.001139
-0.001058
-0.000960
-0.001024
-0.001036
-0.000961
-0.000913
-0.000956
-0.000813
-0.000775
-0.000800
-0.000674
-0.000889
-0.000808
-0.000771
-0.000600
-0.000605
-0.000632
-0.000782
-0.000758
-0.000705
-0.000661
-0.000705
-0.000709
-0.000744
-0.000758
-0.000822
-0.000704
-0.000696
-0.000799
-0.000739
-0.000679
-0.000675
-0.000719
-0.000700
-0.000629
-0.000641
-0.000739
-0.000769
-0.000698
-0.000621
-0.000661
-0.000615
-0.000610
-0.000592
-0.000533
-0.000590
-0.000545
-0.000579
-0.000570
-0.000577
-0.000506
-0.000497
-0.000555
-0.000576
-0.000631
-0.000634
-0.000624
-0.000591
-0.000645
-0.000628
-0.000650
-0.000609
-0.000643
-0.000588
-0.000660
-0.000688
-0.000642
-0.000870
-0.000877
-0.000866
-0.000980
-0.000993
-0.000971
-0.000974
-0.000974
-0.000966
-0.001063
-0.000934
-0.000807
-0.000733
-0.000826
-0.000698
-0.000873
-0.000986
-0.000956
-0.000794
-0.000774
-0.000569
-0.000531
-0.000533
-0.000778
-0.000756
-0.000676
-0.000571
-0.000605
-0.000683
-0.000738
-0.000760
-0.000751
-0.000772
-0.000734
-0.000681
-0.000730
-0.000666
-0.000671
-0.000651
-0.000650
-0.000638
-0.000602
-0.000673
-0.000730
-0.000676
-0.000619
-0.000607
-0.000609
-0.000627
-0.000596
-0.000578
-0.000565
-0.000554
-0.000586
-0.000537
-0.000567
-0.000547
-0.000550
-0.000584
-0.000638
-0.000577
-0.000562
-0.000578
-0.000639
-0.000658
-0.000676
-0.000711
-0.000657
-0.000680
-0.000643
-0.000696
-0.000704
-0.000627
-0.000931
-0.000920
-0.000875
-0.000908
-0.001008
-0.000897
-0.000921
-0.000962
-0.000907
-0.000945
-0.000815
-0.000827
-0.000746
-0.000736
-0.000743
-0.000814
-0.000931
-0.000879
-0.000834
-0.000911
-0.000784
-0.000675
-0.000721
-0.000760
-0.000742
-0.000628
-0.000607
-0.000671
-0.000657
-0.000802
-0.000743
-0.000723
-0.000761
-0.000667
-0.000612
-0.000560
-0.000639
-0.000588
-0.000634
-0.000653
-0.000638
-0.000662
-0.000644
-0.000661
-0.000707
-0.000669
-0.000679
-0.000594
-0.000603
-0.000528
-0.000577
-0.000551
-0.000575
-0.000578
-0.000546
-0.000636
-0.000589
-0.000569
-0.000624
-0.000569
-0.000544
-0.000581
-0.000617
-0.000641
-0.000646
-0.000714
-0.000653
-0.000648
-0.000654
-0.000659
-0.000687
-0.000692
-0.000681
-0.000975
-0.000868
-0.000828
-0.001022
-0.001096
-0.000894
-0.000688
-0.001014
-0.000913
-0.000876
-0.000912
-0.000716
-0.000776
-0.000844
-0.000716
-0.000781
-0.000798
-0.000773
-0.000759
-0.000672
-0.000716
-0.000739
-0.000802
-0.000855
-0.000789
-0.000794
-0.000746
-0.000866
-0.000742
-0.000709
-0.000784
-0.000717
-0.000714
-0.000666
-0.000572
-0.000521
-0.000650
-0.000643
-0.000619
-0.000594
-0.000648
-0.000666
-0.000657
-0.000680
-0.000723
-0.000562
-0.000485
-0.000559
-0.000545
-0.000517
-0.000528
-0.000528
-0.000513
-0.000521
-0.000570
-0.000628
-0.000594
-0.000586
-0.000557
-0.000578
-0.000582
-0.000582
-0.000590
-0.000618
-0.000682
-0.000704
-0.000679
-0.000664
-0.000677
-0.000679
-0.000681
-0.000732
0.001326
-0.000917
-0.000856
-0.000945
-0.000989
-0.001118
-0.001100
-0.001010
-0.000948
-0.000835
-0.000828
-0.000783
-0.000831
-0.000943
-0.000947
-0.000961
-0.000917
-0.000879
-0.000869
-0.000749
-0.000643
-0.000739
-0.000651
-0.000795
-0.000871
-0.000863
-0.000830
-0.000840
-0.000720
-0.000687
-0.000686
-0.000754
-0.000735
-0.000688
-0.000643
-0.000509
-0.000517
-0.000621
-0.000572
-0.000536
-0.000568
-0.000579
-0.000644
-0.000656
-0.000630
-0.000613
-0.000674
-0.000646
-0.000617
-0.000576
-0.000528
-0.000478
-0.000478
-0.000511
-0.000516
-0.000546
-0.000552
-0.000592
-0.000617
-0.000538
-0.000558
-0.000574
-0.000578
-0.000561
-0.000552
-0.000613
-0.000698
-0.000700
-0.000681
-0.000614
-0.000661
-0.000705
-0.000762
-0.000727
-0.000917
-0.000992
-0.000961
-0.000978
-0.001062
-0.001161
-0.000983
-0.000897
-0.000897
-0.000846
-0.000770
-0.000951
-0.000916
-0.000869
-0.000846
-0.001044
-0.000930
-0.000769
-0.000803
-0.000788
-0.000731
-0.000786
-0.000764
-0.000714
-0.000771
-0.000723
-0.000736
-0.000766
-0.000782
-0.000775
-0.000740
-0.000628
-0.000600
-0.000536
-0.000517
-0.000505
-0.000604
-0.000575
-0.000552
-0.000561
-0.000569
-0.000573
-0.000621
-0.000609
-0.000631
-0.000659
-0.000661
-0.000599
-0.000601
-0.000584
-0.000522
-0.000485
-0.000503
-0.000489
-0.000486
-0.000559
-0.000570
-0.000563
-0.000569
-0.000610
-0.000579
-0.000569
-0.000546
-0.000616
-0.000674
-0.000725
-0.000669
-0.000696
-0.000640
-0.000707
-0.000725
-0.000735
-0.000738
-0.000981
-0.001051
-0.001054
-0.000955
-0.001058
-0.001170
-0.000947
-0.000747
-0.000737
-0.000765
-0.000730
-0.000887
-0.000873
-0.000935
-0.000874
-0.000872
-0.001011
-0.000909
-0.000799
-0.000744
-0.000669
-0.000756
-0.000744
-0.000677
-0.000755
-0.000698
-0.000715
-0.000771
-0.000834
-0.000668
-0.000651
-0.000663
-0.000665
-0.000550
-0.000556
-0.000522
-0.000611
-0.000498
-0.000574
-0.000526
-0.000552
-0.000560
-0.000583
-0.000676
-0.000590
-0.000634
-0.000641
-0.000570
-0.000620
-0.000611
-0.000529
-0.000464
-0.000454
-0.000473
-0.000558
-0.000527
-0.000597
-0.000538
-0.000583
-0.000606
-0.000615
-0.000624
-0.000655
-0.000684
-0.000717
-0.000738
-0.000581
-0.000548
-0.000391
-0.000772
-0.000815
-0.000879
-0.000820
-0.000983
-0.000976
-0.000999
-0.000993
-0.001136
-0.001143
-0.001073
-0.000965
-0.000950
-0.000916
-0.000836
-0.000872
-0.000819
-0.000968
-0.000921
-0.000885
-0.000829
-0.000841
-0.000767
-0.000690
-0.000723
-0.000784
-0.000806
-0.000746
-0.000620
-0.000607
-0.000834
-0.000776
-0.000762
-0.000643
-0.000596
-0.000672
-0.000659
-0.000605
-0.000629
-0.000567
-0.000606
-0.000608
-0.000618
-0.000547
-0.000449
-0.000484
-0.000542
-0.000581
-0.000528
-0.000560
-0.000654
-0.000683
-0.000641
-0.000640
-0.000524
-0.000488
-0.000487
-0.000541
-0.000570
-0.000568
-0.000582
-0.000641
-0.000667
-0.000641
-0.000636
-0.000647
-0.000708
-0.000781
-0.000770
-0.000583
-0.000716
-0.000728
-0.000781
-0.000863
-0.000831
-0.000825
0.000725
-0.000842
-0.000996
-0.001062
-0.001048
-0.001058
-0.001004
-0.001019
-0.000961
-0.000931
-0.000819
-0.000854
-0.001013
-0.000921
-0.000902
-0.000958
-0.000953
-0.000669
-0.000682
-0.000686
-0.000828
-0.001007
-0.000882
-0.001247
-0.002047
-0.001593
-0.000805
-0.000768
-0.000710
-0.000837
-0.000711
-0.000673
-0.000752
-0.000684
-0.000670
-0.000646
-0.000566
-0.000480
-0.000514
-0.000563
-0.000479
-0.000367
-0.000365
-0.000396
-0.000433
-0.000466
-0.000512
-0.000552
-0.000583
-0.000558
-0.000579
-0.000478
-0.000473
-0.000495
-0.000521
-0.000542
-0.000581
-0.000573
-0.000650
-0.000689
-0.000744
-0.000748
-0.000728
-0.000791
-0.000765
-0.000797
-0.000800
-0.000811
-0.000763
-0.000786
-0.000807
-0.000860
-0.000861
-0.000833
-0.001030
-0.000971
-0.001051
-0.001057
-0.001047
-0.000985
-0.000930
-0.001051
-0.000973
-0.001000
-0.000923
-0.000805
-0.000915
-0.000862
-0.000787
-0.000836
-0.000691
-0.000767
-0.001019
-0.001628
-0.002135
0.001337
0.004594
0.001544
0.003411
0.001973
0.000786
-0.000697
-0.000852
-0.000689
-0.000639
-0.000628
-0.000817
-0.000659
-0.000718
-0.000602
-0.000516
-0.000447
-0.000476
-0.000432
-0.000371
-0.000283
-0.000311
-0.000383
-0.000397
-0.000502
-0.000500
-0.000483
-0.000506
-0.000512
-0.000480
-0.000517
-0.000551
-0.000559
-0.000509
-0.000543
-0.000511
-0.000572
-0.000620
-0.000823
-0.000798
-0.000855
-0.000808
-0.000808
-0.000771
-0.000827
-0.000831
-0.000902
-0.000813
-0.000881
-0.000928
-0.000878
-0.000828
-0.001030
-0.001026
-0.001048
-0.001044
-0.000881
-0.000652
-0.000901
-0.000994
-0.000989
-0.001047
-0.000985
-0.000855
-0.000838
-0.000863
-0.000765
-0.000797
-0.000552
-0.000542
-0.000496
0.001055
0.001282
-0.000242
-0.000165
-0.000006
-0.000328
0.002150
0.003417
0.001097
-0.005089
-0.001369
-0.000661
-0.000526
-0.000697
-0.000659
-0.000666
-0.000548
-0.000524
-0.000504
-0.000470
-0.000362
-0.000168
0.000095
-0.000101
-0.000217
-0.000351
-0.000415
-0.000446
-0.000433
-0.000527
-0.000554
-0.000495
-0.000511
-0.000525
-0.000567
-0.000542
-0.000410
-0.000488
-0.000638
-0.000755
-0.000752
-0.000812
-0.000831
-0.000820
-0.000805
-0.000863
-0.000887
-0.000874
-0.000859
-0.000919
-0.000984
-0.000926
-0.000899
-0.000926
-0.001012
-0.001077
-0.001147
-0.001018
-0.000900
-0.000839
-0.000930
-0.000837
-0.001037
-0.000887
-0.000692
-0.000774
-0.000808
-0.000806
-0.000765
-0.000599
0.000039
0.000132
-0.000328
-0.000568
0.000965
-0.000135
-0.001044
-0.002130
-0.002803
-0.000749
0.001797
-0.000806
-0.000395
-0.001068
-0.000662
-0.000593
-0.000502
-0.000628
-0.000563
-0.000814
-0.000088
-0.000378
-0.000490
-0.000214
0.000121
0.000542
0.000130
-0.000070
-0.000208
-0.000370
-0.000473
-0.000527
-0.000536
-0.000552
-0.000556
-0.000597
-0.000492
-0.000502
-0.000503
-0.000564
-0.000677
-0.000738
-0.000767
-0.000773
-0.000788
-0.000843
-0.000802
-0.000813
-0.000910
-0.000929
-0.000870
-0.000927
-0.000987
-0.000905
-0.000888
-0.000903
-0.001100
-0.000892
-0.001067
-0.001235
-0.001160
-0.001026
-0.000902
-0.000794
-0.000860
-0.000893
-0.000836
-0.000741
-0.000699
-0.000792
-0.000850
-0.000189
0.000147
0.003441
0.001026
-0.000401
-0.000553
-0.000564
-0.000499
-0.000844
-0.000836
-0.000980
0.001318
0.003126
-0.000864
-0.000829
-0.000903
-0.000822
-0.000718
-0.001061
-0.001272
0.001212
0.001105
0.001681
0.002022
-0.000225
-0.000089
-0.000022
0.000044
-0.000079
-0.000169
-0.000270
-0.000398
-0.000494
-0.000590
-0.000558
-0.000551
-0.000519
-0.000472
-0.000505
-0.000531
-0.000602
-0.000640
-0.000650
-0.000684
-0.000740
-0.000785
-0.000798
-0.000769
-0.000819
-0.000857
-0.000853
-0.000902
-0.000946
-0.000954
-0.000946
-0.000908
-0.000874
-0.000962
-0.001001
-0.001002
-0.000972
-0.001106
-0.000948
-0.001069
-0.001020
-0.000898
-0.000920
-0.000717
-0.000965
-0.000835
-0.000767
-0.000759
0.000012
0.001808
0.005865
0.004025
0.000891
-0.000557
-0.000670
-0.000569
-0.000544
-0.000693
-0.000579
0.000292
0.004807
0.004866
0.001444
0.001869
-0.000051
0.000217
0.000995
0.002754
0.001501
-0.001699
-0.001988
0.000109
0.000521
0.000506
-0.000269
-0.000322
-0.000280
-0.000260
-0.000311
-0.000346
-0.000418
-0.000507
-0.000551
-0.000600
-0.000614
-0.000604
-0.000634
-0.000662
-0.000643
-0.000641
-0.000669
-0.000705
-0.000750
-0.000793
-0.000832
-0.000846
-0.000912
-0.000789
-0.000825
-0.000860
-0.000936
-0.000965
-0.000970
-0.000891
-0.000844
-0.000796
-0.000870
-0.000860
-0.000967
-0.000849
-0.001184
-0.001057
-0.001047
-0.000948
-0.000848
-0.000823
-0.001081
-0.000948
-0.000863
-0.000781
-0.000229
-0.002214
0.000403
0.010386
0.002746
-0.000228
-0.000484
-0.000558
-0.000474
-0.000458
-0.000597
0.000547
0.003422
0.003428
0.001497
0.002026
0.002255
0.000968
0.000621
0.002088
0.001434
0.000747
-0.003729
-0.004661
-0.001232
0.000803
0.000107
-0.001445
-0.000499
-0.000406
-0.000371
-0.000391
-0.000475
-0.000516
-0.000562
-0.000622
-0.000674
-0.000632
-0.000590
-0.000649
-0.000696
-0.000697
-0.000705
-0.000733
-0.000761
-0.000781
-0.000800
-0.000886
-0.000857
-0.000827
-0.001031
-0.000956
-0.000974
-0.000849
-0.000922
-0.000790
-0.000803
-0.000835
-0.000798
-0.000844
-0.000773
-0.001015
-0.000995
-0.001028
-0.001054
-0.001050
-0.001131
-0.000886
-0.000912
-0.000870
-0.000888
-0.000832
-0.000351
-0.000787
-0.004983
0.001619
0.008590
0.003168
-0.000052
-0.000414
-0.000099
-0.000196
0.000450
0.002315
0.005029
0.001024
-0.000114
0.000304
-0.000338
0.000302
-0.001613
-0.000869
-0.001489
-0.001099
-0.001440
-0.002058
-0.001290
-0.000422
0.000012
0.000929
0.001299
-0.000224
-0.000129
-0.000558
-0.000508
-0.000550
-0.000593
-0.000595
-0.000525
-0.000631
-0.000612
-0.000584
-0.000662
-0.000663
-0.000669
-0.000730
-0.000745
-0.000788
-0.000782
-0.000928
-0.000916
-0.000872
-0.000908
-0.000813
-0.000814
-0.000798
-0.000848
-0.000843
-0.000934
-0.000763
-0.000718
-0.000701
-0.000849
-0.000596
-0.001079
-0.001063
-0.001084
-0.001018
-0.001016
-0.000960
-0.000803
-0.000683
-0.000816
-0.000901
-0.000671
-0.000733
-0.000625
-0.001765
-0.000878
0.006019
0.002441
0.001290
-0.000583
0.000904
0.002132
0.002428
0.006578
0.001171
-0.001327
-0.000107
-0.000668
-0.000456
-0.001065
-0.002364
-0.002221
-0.001003
-0.000691
-0.001750
-0.002153
-0.000455
-0.001059
-0.000449
-0.000087
0.001899
0.000727
-0.000612
-0.000636
-0.000480
-0.000502
-0.000576
-0.000565
-0.000571
-0.000582
-0.000621
-0.000625
-0.000707
-0.000707
-0.000713
-0.000740
-0.000791
-0.000797
-0.000863
-0.000930
-0.000944
-0.000910
-0.000773
-0.000888
-0.000829
-0.000704
-0.000843
-0.000873
-0.000841
-0.000731
-0.000737
-0.000948
-0.000912
-0.000682
-0.001163
-0.001086
-0.001085
-0.001016
-0.000936
-0.001004
-0.000757
-0.000680
-0.000751
-0.000730
-0.000817
-0.000795
-0.000690
-0.000888
-0.002552
-0.000122
0.003013
0.002411
0.002525
0.002618
0.008225
0.002010
0.002915
-0.000159
-0.001242
-0.000441
-0.000561
-0.001673
-0.002197
-0.002048
-0.001065
0.000103
-0.000082
-0.000960
-0.001238
-0.000666
0.000011
-0.000607
-0.000715
-0.000350
-0.000809
0.000346
-0.000017
-0.000683
0.000648
-0.000456
-0.000598
-0.000628
-0.000564
-0.000619
-0.000624
-0.000728
-0.000726
-0.000731
-0.000768
-0.000841
-0.000902
-0.000855
-0.000795
-0.000972
-0.001059
-0.000852
-0.000891
-0.000945
-0.000825
-0.000826
-0.000828
-0.000874
-0.000964
-0.000979
-0.000954
-0.000746
-0.000766
-0.000937
-0.001107
-0.000988
-0.000953
-0.000897
-0.000817
-0.000803
-0.000683
-0.000698
-0.000742
-0.000790
-0.000823
-0.000790
-0.000860
-0.000075
0.002622
0.001599
0.001733
0.001469
0.000361
0.000242
0.001459
0.003399
0.002163
0.000970
-0.000351
-0.000723
0.000009
-0.000743
-0.000222
-0.000095
0.000126
-0.000704
-0.000139
-0.001513
-0.000728
-0.000635
-0.000633
-0.000654
-0.000448
-0.000631
-0.000018
0.002772
0.001203
-0.000264
-0.000520
-0.000875
-0.000649
-0.000598
-0.000637
-0.000673
-0.000761
-0.000740
-0.000765
-0.000829
-0.000853
-0.000895
-0.000838
-0.000852
-0.000922
-0.000879
-0.000811
-0.000835
-0.000823
-0.000815
-0.000880
-0.001003
-0.001093
-0.001011
-0.000985
-0.000883
-0.000886
-0.000882
-0.001039
-0.001189
-0.001172
-0.000865
-0.000868
-0.000822
-0.000752
-0.000668
-0.000683
-0.000683
-0.000720
-0.000733
-0.000690
-0.000681
-0.000772
-0.001099
-0.000828
-0.001358
-0.000014
0.000024
-0.000581
-0.000555
0.000303
0.004239
0.003150
0.001059
0.000513
0.001473
0.001307
0.001739
0.001787
0.001427
-0.000780
-0.000412
-0.000503
-0.000379
-0.000822
-0.001631
-0.001199
-0.001651
-0.000014
0.000716
0.001138
0.001694
-0.003927
-0.006911
-0.001763
0.002936
-0.000642
-0.000634
-0.000626
-0.000732
-0.000808
-0.000800
-0.000817
-0.000864
-0.000852
-0.000816
-0.000814
-0.000825
-0.000842
-0.000817
-0.000833
-0.000713
-0.000891
-0.001060
-0.000905
-0.000965
-0.000889
-0.000963
-0.000917
-0.001121
-0.000930
-0.000879
-0.000879
-0.000964
-0.000847
-0.000790
-0.000733
-0.000690
-0.000623
-0.000608
-0.000624
-0.000737
-0.000689
-0.000775
-0.000723
-0.000783
-0.000792
-0.000257
-0.000352
-0.000557
-0.000540
-0.000572
-0.000619
-0.000631
0.001612
0.003664
0.003431
0.001303
0.003548
0.007249
0.003533
0.001502
-0.000143
-0.000622
-0.000782
-0.000313
-0.000572
-0.000823
0.001616
0.002493
0.000686
0.001067
0.001794
-0.000700
-0.003797
-0.004777
-0.006221
-0.001132
0.020689
0.002351
-0.000570
-0.000685
-0.000801
-0.000827
-0.000812
-0.000944
-0.000826
-0.000840
-0.000854
-0.000747
-0.000750
-0.000745
-0.000850
-0.000743
-0.000663
-0.000806
-0.000819
-0.000860
-0.000944
-0.001092
-0.001122
-0.000964
-0.001012
-0.000799
-0.000909
-0.000797
-0.000717
-0.000774
-0.000816
-0.000730
-0.000653
-0.000627
-0.000588
-0.000693
-0.000695
-0.000470
-0.000514
-0.000690
-0.001094
-0.000702
-0.000765
-0.000610
-0.000596
-0.000597
-0.000570
-0.000641
-0.000718
-0.000781
0.000896
0.001260
-0.000330
-0.001498
-0.000221
-0.001173
-0.000827
-0.003316
-0.001967
0.000176
0.001140
-0.000525
0.005539
0.010747
0.014360
0.012428
0.008456
0.013545
0.003397
0.001517
-0.004502
-0.011547
-0.004675
0.008427
-0.000315
-0.001789
-0.000717
-0.000773
-0.000845
-0.000921
-0.001012
-0.000900
-0.000793
-0.000902
-0.000850
-0.000857
-0.000827
-0.000835
-0.000556
-0.000532
-0.000852
-0.001031
-0.000946
-0.001052
-0.001060
-0.000934
-0.000720
-0.000871
-0.000796
-0.000746
-0.000973
-0.000846
-0.000714
-0.000805
-0.000761
-0.000648
-0.000647
-0.000607
-0.000729
-0.000663
-0.000763
-0.000574
-0.000590
-0.001048
-0.000530
-0.000643
-0.000782
-0.000654
-0.000661
-0.000604
-0.000438
-0.000145
0.005358
0.003015
-0.001277
-0.006249
-0.008646
-0.012393
-0.011934
-0.014622
-0.008237
-0.003258
-0.001800
-0.001262
-0.001548
0.000977
0.011042
0.009066
0.011457
0.011582
0.009358
0.012910
0.011652
-0.002969
-0.002490
-0.006170
-0.008524
-0.007300
-0.011261
-0.002988
-0.000908
-0.000887
-0.000875
-0.000777
-0.000687
-0.000873
-0.000954
-0.000996
-0.000965
-0.000921
-0.000894
-0.000880
-0.001120
-0.001193
-0.001023
-0.001120
-0.001058
-0.000887
-0.000952
-0.000934
-0.001004
-0.000703
-0.000785
-0.000892
-0.000879
-0.000880
-0.000986
-0.000840
-0.000609
-0.000618
-0.000652
-0.000704
-0.000774
-0.000931
-0.000447
-0.000536
-0.001057
-0.000793
-0.000791
-0.000819
-0.000721
-0.000540
0.000429
0.003749
0.005457
0.005931
0.003145
0.002059
-0.003308
-0.013172
-0.014072
-0.018528
-0.014761
-0.008924
-0.004553
-0.001823
-0.001588
-0.001141
-0.001487
0.000458
0.007719
0.009061
0.005548
0.008247
0.013182
0.011972
0.016732
0.003703
-0.006253
-0.003682
-0.008728
-0.014795
-0.010806
-0.000678
-0.000829
-0.000780
-0.000681
-0.000780
-0.000812
-0.000876
-0.000895
-0.000945
-0.000898
-0.000995
-0.001264
-0.001329
-0.001130
-0.000989
-0.001016
-0.001007
-0.000977
-0.000974
-0.001106
-0.000755
-0.000901
-0.001056
-0.000964
-0.000967
-0.001052
-0.000943
-0.000937
-0.000642
-0.000644
-0.000664
-0.000699
-0.000784
-0.000800
-0.000894
-0.000679
-0.000940
-0.000634
-0.000585
-0.000610
-0.000005
0.000739
0.001107
0.003938
0.006218
0.004028
0.002131
0.003051
0.001777
-0.009973
-0.016179
-0.022583
-0.018697
-0.013473
-0.007644
-0.003618
-0.001173
-0.001198
-0.001286
-0.001635
-0.001750
0.005519
0.008538
0.007610
0.010407
0.013560
0.008383
0.014189
-0.001178
-0.002485
-0.008267
-0.010117
-0.007472
-0.005229
0.000085
-0.000772
-0.000798
-0.000864
-0.000985
-0.000990
-0.000896
-0.000855
-0.000907
-0.000959
-0.001132
-0.001123
-0.000887
-0.000868
-0.000971
-0.000918
-0.000996
-0.001003
-0.000961
-0.000940
-0.000978
-0.000933
-0.000953
-0.000995
-0.001144
-0.000958
-0.000900
-0.000735
-0.000689
-0.000716
-0.000731
-0.000825
-0.000784
-0.000631
-0.000609
-0.000751
-0.001147
-0.000677
0.000625
0.000771
0.000981
0.001312
0.005388
0.004618
0.003660
0.002518
0.001947
0.001275
-0.004258
-0.018809
-0.019325
-0.015287
-0.017046
-0.010953
-0.003866
-0.001673
-0.001371
-0.001451
-0.001596
-0.001784
-0.001663
-0.001303
0.002122
0.007072
0.005623
0.007441
0.013765
0.003910
-0.001833
-0.007461
-0.005041
-0.007528
-0.004235
-0.001846
0.000238
-0.000101
-0.000844
-0.000907
-0.000879
-0.000889
-0.000845
-0.000736
-0.000828
-0.000977
-0.000835
-0.000869
-0.000943
-0.001050
-0.000978
-0.000988
-0.000981
-0.000910
-0.000899
-0.000970
-0.000949
-0.001013
-0.001061
-0.001132
-0.001049
-0.000934
-0.000906
-0.000758
-0.000790
-0.000785
-0.000765
-0.000660
-0.000643
-0.000611
-0.000605
-0.000269
-0.000202
0.000863
0.000694
0.000703
0.000336
0.000692
0.002124
0.001837
0.001784
0.001636
0.001409
-0.004097
-0.016712
-0.015169
-0.019653
-0.019503
-0.014532
-0.003607
-0.001450
-0.001308
-0.001600
-0.001480
-0.001636
-0.001352
-0.001444
-0.001004
-0.000610
-0.000484
-0.000868
0.000380
0.014167
-0.002099
-0.002760
-0.005679
-0.004139
-0.002464
-0.002633
-0.004121
-0.002444
-0.000006
-0.000690
-0.000779
-0.000858
-0.000736
-0.000665
-0.000648
-0.000846
-0.000944
-0.000888
-0.000903
-0.000868
-0.000930
-0.000915
-0.000757
-0.000830
-0.000966
-0.001040
-0.000998
-0.001056
-0.001092
-0.001027
-0.000965
-0.001046
-0.001044
-0.000831
-0.000902
-0.000830
-0.000778
-0.000734
-0.000829
-0.000237
0.000301
0.001617
0.001203
0.000463
0.000550
0.000583
0.000287
0.000149
0.001005
0.001089
0.001248
0.000836
-0.000638
-0.008902
-0.012929
-0.014150
-0.021852
-0.019405
-0.011540
-0.003291
-0.001648
-0.001644
-0.001710
-0.001512
-0.001579
-0.001447
-0.001638
-0.000961
-0.000790
-0.000746
-0.000703
-0.000588
0.006189
-0.001759
-0.005683
-0.004197
-0.002943
-0.002417
-0.002522
-0.005509
0.000081
-0.001000
0.000155
-0.000206
-0.000699
-0.000688
-0.000731
-0.000718
-0.000678
-0.000820
-0.000829
-0.000927
-0.000988
-0.000994
-0.000807
-0.000663
-0.000764
-0.000922
-0.000842
-0.001030
-0.001097
-0.001097
-0.001056
-0.001024
-0.001158
-0.000990
-0.000614
-0.000923
-0.000843
-0.000765
-0.000712
0.000024
-0.001736
0.001264
0.001224
0.000534
0.000844
0.000703
0.000529
0.000668
0.000273
0.000872
0.000465
-0.000224
0.000073
0.000303
-0.005213
-0.015958
-0.021073
-0.022608
-0.011922
-0.005617
-0.002435
-0.001746
-0.001510
-0.001497
-0.001746
-0.001667
-0.001674
-0.001480
-0.001508
-0.001141
-0.000930
-0.000715
-0.000321
-0.000558
0.000006
-0.005554
-0.002920
-0.002470
-0.003326
0.000415
0.001241
0.000241
-0.001137
-0.001066
-0.001417
0.000129
-0.000013
0.000022
-0.000654
-0.000690
-0.000631
-0.000772
-0.001042
-0.001016
-0.000874
-0.000754
-0.000681
-0.000752
-0.000738
-0.000780
-0.001008
-0.001264
-0.001112
-0.001250
-0.001068
-0.000949
-0.000855
-0.000845
-0.000918
-0.000757
-0.000608
-0.000579
0.000785
0.000075
0.001331
0.000730
0.000590
0.000858
0.000879
0.000607
0.000844
-0.000239
-0.000302
-0.000507
-0.000370
-0.000115
-0.000068
-0.000387
-0.000578
-0.018074
-0.012085
-0.009657
-0.004752
-0.001644
-0.001523
-0.001634
-0.001539
-0.001552
-0.001415
-0.001434
-0.001463
-0.001381
-0.002426
-0.001143
-0.001643
-0.001506
-0.000423
0.000990
0.000253
-0.001964
-0.002543
-0.003673
-0.002453
-0.000933
-0.001591
0.000470
-0.000751
-0.002813
-0.003021
-0.000556
0.000174
0.000249
0.000055
-0.000700
-0.000885
-0.000932
-0.000982
-0.000794
-0.000747
-0.000731
-0.000776
-0.000800
-0.000778
-0.001190
-0.001182
-0.001127
-0.001031
-0.001152
-0.000978
-0.001093
-0.000853
-0.001041
-0.000945
-0.001017
-0.000746
-0.000253
-0.000285
0.000052
0.000728
0.000156
-0.000274
-0.000175
-0.000129
-0.000672
-0.001317
-0.001081
-0.001054
-0.000974
-0.000828
-0.000901
-0.001074
-0.001106
-0.002036
-0.000394
-0.006810
-0.003385
-0.001763
-0.001733
-0.001513
-0.001303
-0.001414
-0.002310
-0.003133
-0.000312
0.006966
-0.000329
-0.003049
-0.004364
-0.005702
-0.001505
0.001618
0.008578
0.000589
-0.001923
-0.001614
0.000105
-0.000356
-0.001376
-0.000419
-0.000946
-0.001692
-0.001328
0.000262
0.001953
0.001107
-0.000740
0.000096
-0.000303
-0.000561
-0.000817
-0.000798
-0.000756
-0.000788
-0.000798
-0.000935
-0.000819
-0.001180
-0.001045
-0.000930
-0.000927
-0.000945
-0.001045
-0.001154
-0.000845
-0.000965
-0.001017
-0.001039
-0.001086
-0.000991
-0.000930
-0.001078
-0.000551
-0.001173
-0.001107
-0.001069
-0.001209
-0.001193
-0.001096
-0.001116
-0.001160
-0.001176
-0.001014
-0.001265
-0.001100
-0.001190
-0.001212
-0.001213
-0.001439
-0.000775
-0.000501
-0.000192
-0.000068
0.000128
-0.002105
-0.003643
0.001370
0.000441
0.003906
0.005341
0.004301
-0.008043
-0.008698
-0.004572
-0.001284
-0.003173
-0.005212
-0.003374
0.000148
0.000785
-0.000135
-0.001521
-0.001023
-0.000064
0.000927
0.000469
-0.000016
-0.000063
-0.000738
-0.001102
-0.001091
-0.001215
-0.000980
-0.000823
-0.000786
-0.000894
-0.000953
-0.000993
-0.000890
-0.000830
-0.000766
-0.000991
-0.000942
-0.000951
-0.000971
-0.001017
-0.000869
-0.000857
-0.000827
-0.000801
-0.000813
-0.000953
-0.001032
-0.000868
-0.000992
-0.001100
-0.001126
-0.001067
-0.001071
-0.001153
-0.001125
-0.001043
-0.001168
-0.001126
-0.001206
-0.001209
-0.001283
-0.001059
-0.001109
-0.001071
-0.001123
-0.001020
-0.000911
-0.000989
-0.000839
-0.000904
-0.001107
-0.000152
-0.000197
0.000836
-0.000265
-0.000597
0.000327
0.001673
0.000309
-0.004617
-0.004557
-0.006605
-0.012779
-0.015089
-0.013122
-0.001119
0.000767
-0.001337
-0.000688
0.000333
0.000633
0.000241
-0.000770
-0.000915
-0.000985
-0.001073
-0.000951
-0.001116
-0.001210
-0.001014
-0.000881
-0.000795
-0.001009
-0.001040
-0.000933
-0.000827
-0.000805
-0.000884
-0.000861
-0.000830
-0.001053
-0.000979
-0.000855
-0.001138
-0.001192
-0.001059
-0.001361
-0.001059
-0.000678
-0.001074
-0.000992
-0.001028
-0.001008
-0.000850
-0.000990
-0.000980
-0.000958
-0.001083
-0.001305
-0.001269
-0.001033
-0.001220
-0.001309
-0.001427
-0.001255
-0.001016
-0.001033
-0.001073
-0.001008
-0.001026
-0.001019
-0.000954
-0.001068
-0.001252
-0.001324
-0.001293
-0.001185
-0.001246
-0.001213
-0.001352
-0.001473
0.000760
0.003262
0.002693
-0.013613
-0.023469
-0.020225
-0.012676
0.001028
-0.000833
-0.000728
-0.000753
-0.000824
-0.000800
-0.000482
-0.000970
-0.001026
-0.001010
-0.001078
-0.001149
-0.001143
-0.001184
-0.000837
-0.000860
-0.000833
-0.001008
-0.000956
-0.000830
-0.000949
-0.000867
-0.000856
-0.000827
-0.000891
-0.000852
-0.000831
-0.001140
-0.001286
-0.001045
-0.001037
-0.001386
-0.001215
-0.000923
-0.001058
-0.001013
-0.001020
-0.001213
-0.001014
-0.000859
-0.000891
-0.000904
-0.001049
-0.001112
-0.001133
-0.001219
-0.001330
-0.001313
-0.001392
-0.001356
-0.001215
-0.001129
-0.001124
-0.000959
-0.001037
-0.001095
-0.001214
-0.001352
-0.001361
-0.001116
-0.001147
-0.001281
-0.001394
-0.001208
-0.001388
-0.001599
-0.001496
0.000138
-0.000862
-0.001603
-0.010203
-0.006169
-0.002442
-0.000280
-0.000814
-0.001136
-0.000985
-0.000948
-0.001133
-0.001023
-0.000976
-0.000936
-0.000972
-0.001130
-0.001099
-0.001221
-0.001196
-0.000979
-0.000843
-0.000840
-0.000793
-0.000790
-0.000668
-0.000853
-0.000981
-0.000040
-0.000044
-0.000045
-0.000053
-0.001078
-0.001133
-0.001120
-0.000885
-0.000962
-0.001404
-0.001410
-0.001224
-0.001134
-0.001010
-0.001009
-0.001107
-0.001040
-0.001214
-0.000994
-0.001110
-0.001025
-0.001062
-0.001044
-0.001282
-0.001406
-0.001498
-0.001419
-0.001393
-0.001275
-0.001303
-0.001189
-0.001253
-0.001341
-0.001344
-0.001246
-0.001283
-0.001284
-0.001247
-0.001274
-0.001440
-0.001575
-0.001572
-0.001511
-0.001570
-0.001139
-0.001197
-0.000499
-0.000120
-0.000352
-0.000877
-0.001043
-0.000492
-0.001864
-0.001559
-0.001002
-0.001124
-0.001188
-0.001040
-0.001107
-0.001118
-0.001224
-0.001324
-0.001213
-0.001260
-0.001173
-0.001067
-0.000875
-0.000789
-0.000830
-0.000765
-0.000760
-0.000839
-0.001082
-0.000041
-0.000048
-0.000057
-0.000063
-0.000037
-0.001085
-0.000811
-0.000757
-0.000965
-0.001355
-0.001200
-0.001196
-0.001233
-0.000724
-0.001048
-0.001222
-0.001162
-0.001289
-0.000958
-0.001036
-0.000975
-0.001027
-0.001150
-0.001531
-0.001610
-0.001557
-0.001544
-0.001461
-0.001440
-0.001278
-0.001365
-0.001459
-0.001524
-0.001387
-0.001297
-0.001273
-0.001294
-0.001318
-0.001348
-0.001631
-0.001684
-0.001717
-0.001602
-0.001783
-0.001631
-0.001500
-0.001325
-0.001359
-0.001584
-0.001369
-0.001007
-0.003295
-0.002661
-0.001652
-0.001492
-0.001248
-0.001152
-0.001186
-0.001190
-0.001140
-0.001143
-0.001154
-0.001141
-0.001228
-0.001118
-0.001037
-0.001043
-0.000941
-0.000833
-0.000775
-0.000933
-0.001007
-0.001103
-0.000043
-0.000055
-0.000057
-0.000057
-0.000044
-0.000965
-0.000948
-0.000980
-0.001029
-0.001246
-0.001246
-0.001240
-0.001207
-0.000857
-0.000987
-0.001040
-0.001085
-0.001340
-0.001319
-0.001152
-0.001303
-0.001157
-0.001046
-0.001432
-0.001626
-0.001689
-0.001611
-0.001548
-0.001450
-0.001522
-0.001568
-0.001544
-0.001532
-0.001444
-0.001329
-0.001266
-0.001414
-0.001322
-0.001235
-0.001419
-0.001541
-0.001448
-0.001594
-0.001753
-0.001665
-0.001639
-0.001489
-0.001702
-0.001746
-0.001646
-0.000112
-0.002213
-0.002458
-0.001420
-0.001178
-0.001077
-0.001135
-0.001130
-0.001127
-0.001068
-0.001092
-0.000953
-0.001090
-0.001082
-0.001095
-0.001184
-0.001176
-0.000941
-0.000994
-0.001060
-0.001146
-0.001140
-0.001215
-0.000044
-0.000058
-0.000054
-0.000055
-0.000051
-0.000041
-0.000044
-0.000964
-0.001043
-0.001269
-0.001183
-0.001200
-0.001087
-0.001019
-0.001001
-0.001006
-0.000952
-0.001158
-0.001486
-0.001119
-0.001220
-0.001265
-0.001257
-0.001379
-0.001434
-0.001518
-0.001485
-0.001485
-0.001367
-0.001413
-0.001555
-0.001688
-0.001698
-0.001579
-0.001441
-0.001405
-0.001461
-0.001551
-0.001542
-0.001456
-0.001387
-0.001528
-0.001508
-0.001623
-0.001468
-0.001573
-0.001452
-0.001527
-0.001458
-0.001368
-0.001467
-0.001436
-0.001331
-0.001182
-0.001054
-0.001045
-0.001055
-0.001045
-0.001084
-0.001071
-0.001016
-0.001069
-0.001146
-0.001229
-0.001150
-0.001244
-0.001045
-0.001008
-0.000966
-0.000986
-0.001092
-0.001068
-0.000969
-0.000042
-0.000051
-0.000057
-0.000046
-0.000053
-0.000035
-0.000048
-0.000048
-0.001137
-0.001020
-0.000985
-0.000997
-0.000989
-0.001049
-0.001178
-0.001174
-0.001341
-0.001306
-0.001399
-0.001237
-0.001209
-0.001213
-0.001359
-0.001494
-0.001542
-0.001611
-0.001614
-0.001615
-0.001355
-0.001407
-0.001548
-0.001624
-0.001644
-0.001753
-0.001582
-0.001576
-0.001607
-0.001652
-0.001521
-0.001402
-0.001291
-0.001542
-0.001344
-0.001313
-0.001458
-0.001543
-0.001599
-0.001460
-0.001217
-0.001268
-0.001173
-0.001234
-0.001127
-0.001164
-0.001052
-0.000918
-0.000792
-0.000924
-0.001173
-0.001166
-0.001189
-0.001169
-0.001041
-0.001140
-0.001167
-0.001293
-0.001025
-0.000941
-0.001083
-0.001028
-0.001005
-0.001071
-0.001011
-0.000043
-0.000045
-0.000059
-0.000054
-0.000043
-0.000046
-0.000036
-0.000039
-0.000047
-0.001040
-0.000915
-0.000881
-0.000779
-0.000854
-0.000923
-0.000915
-0.001051
-0.001268
-0.001227
-0.001071
-0.001158
-0.001265
-0.001438
-0.001370
-0.001305
-0.001498
-0.001539
-0.001527
-0.001525
-0.001604
-0.001592
-0.001574
-0.001614
-0.001609
-0.001679
-0.001772
-0.001804
-0.001678
-0.001415
-0.001498
-0.001424
-0.001375
-0.001182
-0.001385
-0.001650
-0.001714
-0.001569
-0.001303
-0.001220
-0.001258
-0.001187
-0.001212
-0.001183
-0.001239
-0.000980
-0.000833
-0.000795
-0.000837
-0.001015
-0.001271
-0.001194
-0.001219
-0.001190
-0.000984
-0.000959
-0.001106
-0.001189
-0.000972
-0.001008
-0.000968
-0.001028
-0.001034
-0.001018
