0.000012
0.000012
0.000013
0.000632
0.000013
0.000022
0.000022
0.000438
0.000026
0.000029
0.000027
-0.000603
0.000030
0.000030
0.000024
0.000032
0.000030
0.000031
0.000032
0.000034
0.000034
0.000045
0.000047
0.000053
0.000057
0.000052
0.000044
0.000035
0.000047
0.000049
0.000045
0.000050
0.000051
0.000054
0.000056
0.000057
0.000061
0.000056
0.000059
0.000063
0.000057
0.000057
0.000062
0.000056
0.000057
0.000053
0.000047
0.000044
0.000048
0.000054
0.000051
0.000056
0.000046
0.000050
0.000050
0.000056
0.000050
0.000047
0.000054
0.000057
0.000048
0.000039
0.000019
0.000005
-0.000008
0.000001
-0.001158
-0.000004
-0.000004
-0.000002
0.000061
0.000006
0.000195
0.000031
0.000038
0.000042
0.000034
0.000029
0.000032
0.000030
0.000030
0.000031
0.000034
0.000027
0.000035
0.000026
0.000034
0.000030
0.000029
0.000029
0.000026
0.000028
0.000035
0.000036
0.000043
0.000043
0.000046
0.000051
0.000048
0.000043
0.000034
0.000048
0.000052
0.000049
0.000046
0.000049
0.000054
0.000055
0.000059
0.000060
0.000061
0.000063
0.000062
0.000060
0.000057
0.000060
0.000057
0.000056
0.000054
0.000052
0.000052
0.000044
0.000056
0.000050
0.000050
0.000048
0.000043
0.000051
0.000048
0.000047
0.000041
0.000044
0.000049
0.000049
0.000047
0.000046
0.000048
0.000044
0.000045
0.000048
0.000046
0.000044
0.000047
0.000045
0.000044
0.000020
0.000031
0.000031
0.000029
0.000031
0.000039
0.000035
0.000029
0.000032
0.000034
0.000032
0.000031
0.000030
0.000028
0.000027
0.000029
0.000034
0.000029
0.000030
0.000033
0.000032
0.000038
0.000042
0.000047
0.000047
0.000044
0.000043
0.000043
0.000043
0.000045
0.000046
0.000048
0.000043
0.000049
0.000059
0.000057
0.000060
0.000057
0.000058
0.000058
0.000057
0.000055
0.000056
0.000056
0.000061
0.000061
0.000053
0.000050
0.000050
0.000043
0.000056
0.000048
0.000052
0.000048
0.000051
0.000050
0.000049
0.000044
0.000018
0.000043
0.000047
0.000046
0.000048
0.000045
0.000046
0.000046
0.000043
0.000042
0.000044
0.000043
0.000046
0.000041
0.000044
0.000041
0.000027
0.000033
0.000034
0.000033
0.000037
0.000030
0.000030
0.000030
0.000029
0.000031
0.000034
0.000032
0.000029
0.000028
0.000032
0.000029
0.000030
0.000033
0.000035
0.000039
0.000044
0.000047
0.000048
0.000047
0.000048
0.000049
0.000043
0.000042
0.000042
0.000046
0.000043
0.000042
0.000050
0.000059
0.000057
0.000060
0.000059
0.000059
0.000061
0.000056
0.000062
0.000057
0.000050
0.000048
0.000055
0.000052
0.000049
0.000050
0.000049
0.000040
0.000040
0.000051
0.000046
0.000049
0.000051
0.000046
0.000044
0.000042
0.000045
0.000050
0.000048
0.000048
0.000049
0.000047
0.000045
0.000045
0.000042
0.000041
0.000048
0.000040
0.000045
0.000046
0.000039
0.000027
0.000037
0.000033
0.000037
0.000040
0.000035
0.000032
0.000032
0.000032
0.000025
0.000032
0.000035
0.000031
0.000027
0.000030
0.000033
0.000037
0.000041
0.000041
0.000047
0.000047
0.000045
0.000049
0.000046
0.000046
0.000043
0.000044
0.000042
0.000041
0.000044
0.000046
0.000048
0.000052
0.000055
0.000059
0.000050
0.000055
0.000057
0.000062
0.000046
0.000058
0.000065
0.000054
0.000049
0.000055
0.000052
0.000047
0.000045
0.000044
0.000047
0.000049
0.000052
0.000048
0.000049
0.000048
0.000048
0.000043
0.000041
0.000040
0.000043
0.000046
0.000050
0.000054
0.000044
0.000037
0.000044
0.000045
0.000044
0.000045
0.000043
0.000046
0.000046
-0.002169
0.000024
0.000029
0.000034
0.000031
0.000033
0.000036
0.000036
0.000031
0.000035
0.000031
0.000033
0.000032
0.000031
0.000027
0.000028
0.000035
0.000038
0.000043
0.000045
0.000047
0.000048
0.000048
0.000047
0.000046
0.000045
0.000043
0.000043
0.000045
0.000047
0.000049
0.000047
0.000050
0.000050
0.000050
0.000052
0.000051
0.000047
0.000056
0.000050
0.000046
0.000045
0.000053
0.000064
0.000060
0.000057
0.000046
0.000051
0.000044
0.000041
0.000042
0.000045
0.000046
0.000045
0.000042
0.000042
0.000042
0.000039
0.000042
0.000043
0.000041
0.000042
0.000048
0.000049
0.000039
0.000036
0.000039
0.000051
0.000045
0.000043
0.000045
0.000045
0.000044
0.000040
0.000020
0.000026
0.000036
0.000032
0.000031
0.000030
0.000039
0.000042
0.000041
0.000032
0.000031
0.000033
0.000033
0.000027
0.000029
0.000038
0.000042
0.000048
0.000049
0.000046
0.000050
0.000049
0.000049
0.000045
0.000042
0.000043
0.000045
0.000047
0.000048
0.000050
0.000049
0.000052
0.000052
0.000053
0.000057
0.000054
0.000053
0.000056
0.000066
0.000066
0.000060
0.000065
0.000064
0.000059
0.000057
0.000052
0.000048
0.000048
0.000044
0.000043
0.000041
0.000042
0.000043
0.000043
0.000042
0.000041
0.000041
0.000040
0.000043
0.000043
0.000042
0.000044
0.000049
0.000048
0.000035
0.000049
0.000047
0.000041
0.000046
0.000046
0.000045
0.000041
0.000044
0.000027
0.000030
0.000033
0.000034
0.000031
0.000037
0.000042
0.000039
0.000038
0.000035
0.000035
0.000026
0.000035
0.000034
0.000034
0.000040
0.000047
0.000046
0.000044
0.000047
0.000050
0.000049
0.000049
0.000046
0.000045
0.000049
0.000049
0.000046
0.000046
0.000048
0.000048
0.000053
0.000052
0.000053
0.000055
0.000056
0.000055
0.000056
0.000060
0.000060
0.000065
0.000062
0.000063
0.000055
0.000055
0.000050
0.000017
0.000042
0.000042
0.000035
0.000036
0.000040
0.000041
0.000045
0.000046
0.000046
0.000042
0.000040
0.000038
0.000042
0.000042
0.000046
0.000043
0.000047
0.000044
0.000042
0.000043
0.000043
0.000044
0.000046
0.000044
0.000045
0.000044
0.000031
0.000027
0.000030
0.000040
0.000032
0.000038
0.000043
0.000039
0.000040
0.000034
0.000030
0.000024
0.000031
0.000040
0.000040
0.000041
0.000043
0.000035
0.000046
0.000048
0.000047
0.000049
0.000050
0.000049
0.000050
0.000055
0.000050
0.000046
0.000049
0.000049
0.000047
0.000049
0.000050
0.000054
0.000052
0.000056
0.000053
0.000059
0.000063
0.000058
0.000061
0.000061
0.000058
0.000054
0.000049
0.000053
0.000049
0.000045
0.000040
0.000038
0.000037
0.000038
0.000041
0.000044
0.000046
0.000047
0.000042
0.000041
0.000041
0.000039
0.000042
0.000038
0.000047
0.000049
0.000043
-0.000035
0.000042
0.000045
0.000047
0.000045
0.000046
0.000049
0.001326
0.000031
0.000025
0.000029
0.000037
0.000038
0.000039
0.000041
0.000040
0.000043
0.000042
0.000035
0.000032
0.000042
0.000045
0.000048
0.000040
0.000040
0.000038
0.000041
0.000044
0.000051
0.000051
0.000049
0.000049
0.000050
0.000051
0.000048
0.000048
0.000048
0.000050
0.000046
0.000052
0.000053
0.000055
0.000053
0.000051
0.000056
0.000056
0.000058
0.000059
0.000062
0.000064
0.000060
0.000057
0.000056
0.000055
0.000053
0.000046
0.000044
0.000039
0.000029
0.000036
0.000041
0.000040
0.000043
0.000046
0.000046
0.000041
0.000043
0.000040
0.000041
0.000043
0.000048
0.000047
0.000042
0.000040
0.000043
0.000047
0.000046
0.000047
0.000048
0.000050
0.000053
0.000026
0.000030
0.000028
0.000042
0.000035
0.000037
0.000046
0.000045
0.000042
0.000040
0.000034
0.000032
0.000039
0.000045
0.000050
0.000043
0.000046
0.000045
0.000033
0.000045
0.000051
0.000050
0.000050
0.000047
0.000048
0.000050
0.000051
0.000048
0.000048
0.000051
0.000050
0.000049
0.000051
0.000052
0.000050
0.000051
0.000056
0.000055
0.000056
0.000056
0.000067
0.000066
0.000062
0.000059
0.000057
0.000055
0.000051
0.000048
0.000044
0.000043
0.000037
0.000038
0.000043
0.000043
0.000043
0.000044
0.000043
0.000044
0.000042
0.000046
0.000046
0.000045
0.000042
0.000042
0.000041
0.000040
0.000044
0.000048
0.000048
0.000051
0.000051
0.000055
0.000054
0.000026
0.000025
0.000025
0.000033
0.000038
0.000041
0.000045
0.000044
0.000039
0.000039
0.000036
0.000032
0.000035
0.000044
0.000042
0.000046
0.000053
0.000041
0.000039
0.000045
0.000046
0.000049
0.000051
0.000049
0.000048
0.000045
0.000046
0.000048
0.000051
0.000050
0.000051
0.000052
0.000041
0.000057
0.000053
0.000052
0.000055
0.000058
0.000057
0.000058
0.000063
0.000064
0.000068
0.000060
0.000061
0.000056
0.000055
0.000048
0.000047
0.000041
0.000037
0.000035
0.000041
0.000041
0.000043
0.000043
0.000046
0.000044
0.000044
0.000045
0.000044
0.000044
0.000044
0.000043
0.000040
0.000043
0.000046
0.000049
0.000050
0.000052
0.000054
0.000055
0.000055
0.000025
0.000027
0.000026
0.000037
0.000047
0.000048
0.000043
0.000043
0.000040
0.000038
0.000033
0.000039
0.000035
0.000038
0.000043
0.000045
0.000047
0.000043
0.000046
0.000046
0.000048
0.000052
0.000045
0.000046
0.000048
0.000048
0.000048
0.000050
0.000050
0.000053
0.000058
0.000055
0.000054
0.000056
0.000053
0.000056
0.000060
0.000064
0.000060
0.000064
0.000064
0.000065
0.000063
0.000062
0.000056
0.000058
0.000056
0.000049
0.000047
0.000042
0.000027
0.000035
0.000038
0.000042
0.000048
0.000047
0.000048
0.000049
0.000046
0.000045
0.000046
0.000045
0.000045
0.000043
0.000045
0.000052
0.000046
0.000045
0.000047
0.000053
0.000052
0.000055
0.000725
0.000030
0.000030
0.000033
0.000039
0.000042
0.000036
0.000037
0.000042
0.000042
0.000037
0.000039
0.000034
0.000034
0.000039
0.000042
0.000044
0.000046
0.000049
0.000044
0.000045
0.000049
0.000035
0.000008
0.000002
-0.000026
-0.000006
-0.000038
-0.000006
-0.000014
-0.000027
-0.000030
0.000022
0.000029
0.000048
0.000057
0.000057
0.000061
0.000067
0.000064
0.000063
0.000064
0.000066
0.000071
0.000066
0.000062
0.000059
0.000051
0.000047
0.000043
0.000044
0.000034
-0.000015
0.000034
0.000037
0.000045
0.000051
0.000056
0.000050
0.000049
0.000048
0.000048
0.000048
0.000046
0.000048
0.000048
0.000048
0.000050
0.000048
0.000047
0.000052
0.000052
0.000046
0.000055
0.000036
0.000038
0.000039
0.000036
0.000038
0.000038
0.000035
0.000039
0.000038
0.000034
0.000039
0.000035
0.000032
0.000033
0.000037
0.000040
0.000043
0.000040
0.000043
0.000045
0.000031
-0.000159
-0.000512
-0.000472
-0.001208
-0.001176
-0.002228
-0.002069
-0.002449
-0.002535
-0.003890
-0.002258
-0.001162
-0.000049
0.000060
0.000062
0.000063
0.000067
0.000059
0.000051
0.000050
0.000050
0.000067
0.000069
0.000060
0.000059
0.000053
0.000045
0.000042
0.000040
0.000038
0.000036
0.000042
0.000052
0.000050
0.000049
0.000054
0.000051
0.000051
0.000054
0.000046
0.000054
0.000053
0.000048
0.000049
0.000050
0.000051
0.000049
0.000048
0.000049
0.000051
0.000058
0.000058
0.000039
0.000034
0.000038
0.000039
0.000037
0.000034
0.000038
0.000035
0.000040
0.000034
0.000038
0.000034
0.000035
0.000033
0.000033
0.000037
0.000040
0.000040
0.000042
0.000034
-0.000109
0.000052
0.000570
-0.000428
-0.000364
-0.001226
-0.002050
-0.001602
-0.002528
-0.001444
-0.003161
-0.000327
0.000048
0.000065
0.000064
0.000062
0.000063
0.000066
0.000066
0.000063
0.000058
0.000051
0.000055
0.000061
0.000061
0.000062
0.000055
0.000043
0.000044
0.000039
0.000041
0.000039
0.000041
0.000044
0.000045
0.000044
0.000046
0.000048
0.000050
0.000052
0.000054
0.000044
0.000046
0.000048
0.000049
0.000054
0.000053
0.000049
0.000047
0.000050
0.000058
0.000058
0.000052
0.000039
0.000033
0.000039
0.000042
0.000038
0.000037
0.000035
0.000034
0.000036
0.000033
0.000033
0.000030
0.000031
0.000034
0.000036
0.000037
0.000014
0.000006
0.000025
-0.000085
-0.000083
-0.000623
-0.001267
-0.000137
-0.000233
-0.001102
-0.000481
-0.002618
-0.001547
-0.000097
-0.000005
0.000058
0.000064
0.000065
0.000066
0.000062
0.000062
0.000065
0.000067
0.000068
0.000054
0.000048
0.000044
0.000048
0.000050
0.000058
0.000052
0.000042
0.000042
0.000043
0.000040
0.000039
0.000043
0.000042
0.000042
0.000043
0.000047
0.000055
0.000049
0.000050
0.000052
0.000050
0.000047
0.000049
0.000052
0.000053
0.000053
0.000052
0.000055
0.000067
0.000057
0.000055
-0.001100
0.000036
0.000036
0.000039
0.000033
0.000034
0.000036
0.000036
0.000029
0.000030
0.000033
0.000033
0.000030
0.000030
0.000028
0.000022
0.000025
-0.000220
-0.000098
-0.000023
-0.000213
-0.000043
-0.000027
-0.000277
-0.001051
-0.001410
0.000062
0.000525
0.007378
0.000266
0.000062
0.000058
0.000061
0.000064
0.000062
0.000070
0.000070
0.000066
0.000063
0.000064
0.000067
0.000055
0.000043
0.000043
0.000043
0.000048
0.000051
0.000048
0.000046
0.000046
0.000042
0.000038
0.000041
0.000039
0.000039
0.000042
0.000051
0.000049
0.000055
0.000049
0.000048
0.000045
0.000048
0.000048
0.000049
0.000052
0.000055
0.000056
0.000052
0.000053
0.000059
0.000048
0.000045
0.000045
0.000038
0.000035
0.000038
0.000032
0.000034
0.000033
0.000035
0.000035
0.000030
0.000029
0.000031
0.000028
0.000027
0.000014
-0.000065
-0.000613
-0.001002
-0.000217
-0.000275
-0.000332
-0.000746
-0.000100
-0.000076
-0.002874
-0.002729
0.000849
0.002673
0.001227
0.000478
0.000099
0.000064
0.000086
0.000021
-0.000024
0.000217
0.000222
0.000109
0.000086
0.000069
0.000060
0.000054
0.000046
0.000040
0.000045
0.000044
0.000042
0.000043
0.000044
0.000046
0.000042
0.000038
0.000040
0.000039
0.000043
0.000043
0.000046
0.000053
0.000052
0.000055
0.000053
0.000050
0.000051
0.000049
0.000049
0.000051
0.000055
0.000054
0.000049
0.000056
0.000050
0.000050
0.000049
0.000048
0.000037
0.000032
0.000032
0.000030
0.000031
0.000033
0.000035
0.000037
0.000034
0.000035
0.000031
0.000030
0.000010
0.000033
-0.000665
-0.002748
-0.000502
-0.000423
-0.000558
-0.000122
0.000003
0.000068
-0.000202
-0.001822
-0.000914
-0.000807
0.000486
0.001009
0.000629
0.000480
0.000566
0.000866
0.000547
0.000339
0.000600
0.000648
0.000405
0.000328
0.000294
0.000151
0.000060
0.000045
0.000042
0.000044
0.000047
0.000047
0.000044
0.000045
0.000042
0.000041
0.000039
0.000041
0.000042
0.000044
0.000044
0.000049
0.000058
0.000054
0.000051
0.000052
0.000052
0.000050
0.000051
0.000048
0.000049
0.000048
0.000058
0.000049
0.000056
0.000048
0.000052
0.000057
0.000048
0.000032
0.000033
0.000029
0.000030
0.000033
0.000031
0.000033
0.000035
0.000038
0.000034
0.000032
0.000017
0.000033
0.000070
0.000012
-0.007150
-0.000996
0.000019
0.000022
0.000057
0.000058
0.000065
-0.000150
-0.000896
-0.000630
-0.001012
-0.000587
0.000348
0.000536
0.000461
0.000723
0.000343
0.000295
0.001007
0.000061
0.000867
0.001168
0.000842
0.001046
0.000594
0.000164
0.000049
0.000043
0.000044
0.000044
0.000051
0.000047
0.000041
0.000042
0.000042
0.000041
0.000041
0.000043
0.000044
0.000045
0.000049
0.000051
0.000052
0.000051
0.000051
0.000056
0.000053
0.000050
0.000050
0.000053
0.000052
0.000072
0.000056
0.000045
0.000041
0.000047
0.000054
-0.000596
0.000031
0.000031
0.000024
0.000027
0.000030
0.000030
0.000033
0.000035
0.000034
0.000034
0.000035
0.000039
0.000035
0.000042
-0.000501
-0.004244
-0.001028
0.000008
0.000035
0.000055
0.000054
0.000080
0.000641
0.000810
-0.000602
-0.002023
0.000053
0.000404
0.000564
-0.000050
0.000072
-0.000174
0.000138
0.000554
0.001244
0.001427
0.001717
0.001443
0.001262
0.000828
0.000296
0.000182
0.000032
-0.000023
0.000018
0.000034
0.000044
0.000042
0.000043
0.000043
0.000042
0.000044
0.000044
0.000048
0.000052
0.000050
0.000049
0.000049
0.000051
0.000057
0.000056
0.000051
0.000047
0.000048
0.000049
0.000054
0.000052
0.000053
0.000047
0.000051
0.000053
0.000053
0.000047
0.000040
0.000029
0.000026
0.000027
0.000030
0.000031
0.000034
0.000036
0.000034
0.000033
0.000040
0.000034
0.000035
0.000057
0.000306
0.000693
-0.002795
-0.000156
-0.000058
-0.000563
-0.000503
0.001272
0.003435
0.002203
0.001101
0.000810
0.001664
0.001666
0.000251
-0.000012
0.000034
0.000973
0.001418
0.000616
0.000791
0.001643
0.002023
0.001754
0.001490
0.001224
0.000407
0.000246
-0.000011
-0.000606
0.000176
-0.000093
-0.000043
0.000046
0.000045
0.000043
0.000044
0.000049
0.000049
0.000050
0.000047
0.000045
0.000047
0.000051
0.000056
0.000059
0.000052
0.000049
0.000052
0.000052
0.000055
0.000050
0.000052
0.000057
0.000058
0.000046
0.000044
0.000040
0.000043
0.000031
0.000029
0.000030
0.000028
0.000026
0.000028
0.000031
0.000030
0.000031
0.000034
0.000033
0.000030
0.000030
0.000046
0.000169
0.000920
-0.003209
-0.001079
-0.000693
-0.000975
0.000456
0.002046
0.003223
0.006024
0.004219
0.003218
0.004318
0.003152
0.002261
0.001709
0.000025
-0.000025
0.000354
0.000361
-0.000045
0.000719
0.001820
0.002146
0.001897
0.001740
0.000650
0.000234
0.000443
0.000317
0.001347
0.001505
-0.000944
-0.000058
0.000042
0.000044
0.000047
0.000051
0.000050
0.000045
0.000041
0.000045
0.000049
0.000056
0.000026
0.000037
0.000045
0.000048
0.000047
0.000056
0.000055
0.000047
0.000057
0.000058
0.000052
0.000048
0.000046
0.000050
0.000039
0.000026
0.000030
0.000029
0.000031
0.000024
0.000027
0.000027
0.000031
0.000035
0.000034
0.000031
0.000033
0.000030
0.000034
0.000067
0.000276
0.000528
-0.000667
0.000049
0.000197
0.000945
0.000859
0.000948
0.000892
0.000534
0.000816
0.001267
0.002656
0.002033
0.002398
0.008100
0.001852
0.000255
-0.000344
-0.000039
0.000139
0.000853
0.002325
0.002327
0.001862
0.000887
0.000330
0.000132
0.000647
0.001514
0.002445
0.000585
-0.000523
0.000019
0.000044
0.000044
0.000046
0.000044
0.000043
0.000046
0.000047
0.000046
0.000059
0.000068
0.000012
0.000046
0.000052
0.000057
0.000052
0.000044
0.000049
0.000058
0.000054
0.000059
0.000057
0.000051
0.000055
0.000035
0.000022
0.000022
0.000037
0.000023
0.000026
0.000025
0.000030
0.000036
0.000031
0.000027
0.000029
0.000032
0.000030
0.000034
0.000039
0.000226
0.000045
0.000161
0.000224
0.000416
0.000387
0.000391
0.000483
0.000600
0.000651
0.000817
0.000919
0.000517
0.000165
0.000026
0.001500
0.000922
-0.000173
-0.000110
0.000017
-0.000075
0.000019
0.000336
0.000945
0.001143
0.000532
0.000636
0.000149
0.000016
0.000182
0.001514
0.001065
0.000811
0.000191
0.000042
0.000048
0.000049
0.000046
0.000047
0.000047
0.000052
0.000025
0.000057
0.000062
0.000053
0.000052
0.000055
0.000050
0.000041
0.000049
0.000062
0.000073
0.000058
0.000069
0.000059
0.000056
0.000052
0.000032
0.000023
0.000024
0.000027
0.000028
0.000026
0.000026
0.000027
0.000031
0.000033
0.000028
0.000031
0.000031
0.000028
0.000036
0.000035
0.000029
0.000032
0.000028
0.000027
0.000026
0.000035
0.000168
0.000204
0.000118
0.000140
0.000272
-0.000035
-0.000260
-0.001368
-0.001385
-0.000753
-0.003608
-0.002804
-0.000095
-0.000036
-0.000185
0.001258
0.001631
0.002085
0.001903
0.004859
0.005227
0.000411
-0.000711
0.000702
-0.000071
0.000339
0.000929
0.001669
0.000254
0.000052
0.000049
0.000049
0.000046
0.000052
0.000063
0.000054
0.000069
0.000052
0.000051
0.000052
0.000045
0.000045
0.000046
0.000055
0.000069
0.000071
0.000060
0.000050
0.000048
0.000050
0.000043
0.000039
0.000023
0.000025
0.000028
0.000024
0.000026
0.000025
0.000030
0.000028
0.000027
0.000029
0.000030
0.000028
0.000025
0.000034
0.000035
0.000029
0.000031
0.000030
0.000024
0.000026
0.000014
-0.000010
0.000173
0.003439
0.000748
-0.001324
-0.001979
-0.002367
-0.002360
-0.003519
-0.003028
-0.003221
-0.002567
-0.001339
0.000087
0.000082
0.000437
0.002744
0.002385
0.003781
0.003089
0.002482
0.003005
0.001314
0.000725
0.000018
0.000208
0.000427
0.001621
0.002117
0.000274
0.000050
0.000052
0.000052
0.000056
0.000053
0.000062
0.000053
0.000051
0.000051
0.000045
0.000048
0.000060
0.000065
0.000073
0.000065
0.000056
0.000041
0.000042
0.000046
0.000047
0.000055
0.000052
0.000026
0.000021
0.000026
0.000029
0.000023
0.000026
0.000029
0.000030
0.000027
0.000025
0.000027
0.000030
0.000024
0.000029
0.000029
0.000023
0.000027
0.000034
0.000029
0.000019
0.000052
0.001182
0.001842
0.002847
0.002084
-0.000234
-0.001634
-0.001964
-0.002367
-0.003592
-0.003359
-0.002433
-0.001060
-0.000541
-0.000281
0.000092
-0.000057
0.000482
0.000937
0.001614
0.004593
0.006867
0.004217
0.001755
0.000589
0.000366
-0.000896
-0.001409
0.001709
0.003035
0.001488
-0.000247
0.000044
0.000051
0.000053
0.000053
0.000043
0.000047
0.000047
0.000050
0.000053
0.000057
0.000064
0.000078
0.000073
0.000055
0.000046
0.000046
0.000053
0.000047
0.000053
0.000060
0.000055
0.000026
0.000022
0.000024
0.000025
0.000024
0.000022
0.000023
0.000024
0.000025
0.000026
0.000033
0.000030
0.000029
0.000025
0.000026
0.000029
0.000031
0.000025
0.000015
-0.000005
0.000159
0.000634
0.001002
0.001642
0.002956
0.001603
-0.000671
-0.001586
-0.002831
-0.003963
-0.003431
-0.001724
-0.000451
-0.000943
0.000200
0.000277
-0.000644
-0.000316
0.000248
0.001012
0.002048
0.001569
0.000814
0.000144
0.000521
0.003351
-0.000223
0.000813
0.001902
0.001000
-0.004901
-0.009317
0.000102
0.000045
0.000049
0.000054
0.000048
0.000050
0.000056
0.000054
0.000052
0.000061
0.000066
0.000057
0.000052
0.000051
0.000052
0.000060
0.000055
0.000060
0.000034
0.000050
0.000043
0.000023
0.000018
0.000020
0.000025
0.000025
0.000022
0.000024
0.000023
0.000025
0.000026
0.000027
0.000028
0.000034
0.000035
0.000032
0.000031
0.000029
0.000005
-0.000025
-0.000018
0.000091
0.000603
0.000940
0.001200
0.002263
0.002438
-0.000339
-0.002394
-0.003219
-0.004341
-0.004560
-0.002369
-0.000203
-0.000286
0.000232
0.000540
-0.000039
0.000016
0.000442
0.000628
0.000652
0.000283
0.000291
-0.000437
-0.001006
-0.001357
-0.000574
0.000962
0.000423
-0.004610
-0.010262
-0.014299
-0.009554
0.000197
0.000472
0.000049
0.000050
0.000055
0.000061
0.000061
0.000058
0.000070
0.000054
0.000050
0.000050
0.000056
0.000057
0.000088
0.000061
0.000060
0.000056
0.000045
0.000042
0.000022
0.000018
0.000020
0.000019
0.000025
0.000024
0.000024
0.000025
0.000023
0.000023
0.000028
0.000033
0.000031
0.000031
0.000027
0.000022
0.000009
-0.000010
-0.000017
-0.000032
-0.000027
0.000405
0.000896
0.001369
0.001959
0.001770
-0.000879
-0.002378
-0.003689
-0.004166
-0.004870
-0.002482
-0.000923
0.000552
0.000517
0.000445
0.000269
0.000628
0.000800
0.000568
0.000581
-0.000061
-0.000814
-0.000696
-0.000642
0.000083
-0.000822
0.000392
-0.001080
-0.006575
-0.011174
-0.006160
-0.002898
-0.000854
0.004098
0.000194
0.000040
0.000049
0.000048
0.000055
0.000058
0.000047
0.000046
0.000052
0.000054
0.000060
0.000067
0.000053
0.000055
0.000048
0.000046
0.000045
0.000039
0.000026
0.000024
0.000020
0.000021
0.000023
0.000025
0.000024
0.000032
0.000024
0.000027
0.000025
0.000029
0.000028
0.000020
0.000020
0.000009
-0.000001
-0.000009
-0.000015
-0.000022
-0.000028
0.000073
0.000455
0.000996
0.001273
0.001408
0.000497
-0.001099
-0.002483
-0.004057
-0.006224
-0.004734
-0.002065
-0.001231
0.000128
0.000454
0.000293
0.000445
-0.000425
-0.000868
-0.000588
-0.001165
-0.000958
-0.000842
-0.000326
-0.000451
-0.000062
0.000226
-0.003464
-0.007023
-0.005922
-0.002235
0.000884
0.003969
0.005464
0.001914
0.000017
-0.000078
0.000051
0.000049
0.000049
0.000052
0.000050
0.000058
0.000058
0.000049
0.000052
0.000054
0.000048
0.000043
0.000042
0.000042
0.000046
0.000027
0.000025
0.000018
0.000015
0.000019
0.000018
0.000024
0.000021
0.000014
0.000024
0.000017
0.000031
0.000012
0.000004
0.000005
0.000000
-0.000003
-0.000009
-0.000017
-0.000023
-0.000041
-0.000145
0.000304
0.000652
0.000678
0.001408
0.000768
-0.000743
-0.002682
-0.003435
-0.004810
-0.003679
-0.001629
-0.000382
-0.001423
-0.000328
0.000202
-0.000106
-0.000210
-0.001211
-0.001375
-0.001330
-0.001179
-0.000701
-0.000527
-0.000870
-0.001202
0.000019
-0.000852
-0.002521
-0.001519
0.001757
0.010403
0.010763
0.006579
0.003347
0.000545
-0.000079
0.000030
0.000037
0.000016
0.000054
0.000064
0.000050
0.000041
0.000043
0.000045
0.000047
0.000052
0.000049
0.000044
0.000049
0.000051
0.000021
0.000022
0.000020
0.000017
0.000018
0.000021
0.000024
0.000025
0.000017
0.000019
0.000022
0.000017
0.000002
-0.000003
0.000001
-0.000003
-0.000005
-0.000006
-0.000012
-0.000017
-0.000028
-0.000003
-0.000003
-0.000042
-0.000129
-0.000113
-0.000077
-0.000226
0.000005
-0.003294
-0.005021
-0.003480
-0.001976
-0.001223
-0.000916
0.000254
0.000254
-0.000056
-0.000865
-0.001117
-0.001698
-0.001647
-0.002201
-0.001141
-0.001520
-0.002555
-0.003730
-0.005527
-0.001535
0.000152
0.001325
0.006196
0.016915
0.013036
0.011910
0.003777
0.003111
0.003453
0.000891
0.000856
0.001230
0.000007
0.000004
0.000044
0.000038
0.000037
0.000043
0.000049
0.000044
0.000039
0.000046
0.000056
0.000048
0.000018
0.000020
0.000020
0.000018
0.000019
0.000021
0.000020
0.000022
0.000013
0.000024
0.000024
0.000021
0.000010
0.000012
0.000004
0.000008
0.000008
0.000009
0.000010
0.000010
0.000013
0.000025
0.000028
0.000028
0.000031
0.000035
0.000033
0.000035
0.000041
-0.000157
-0.000072
-0.002826
-0.001553
-0.000947
-0.000467
-0.000043
-0.000229
-0.000223
-0.000808
-0.001551
-0.002408
-0.002801
-0.004388
-0.002838
-0.006022
-0.006766
-0.007408
-0.007410
-0.005306
0.001037
0.006288
0.017003
0.008349
0.006781
0.005039
0.002489
0.008483
0.004397
0.001436
0.001530
0.001128
0.000538
0.000137
-0.000002
0.000009
0.000023
0.000038
0.000038
0.000041
0.000044
0.000051
0.000064
0.000038
0.000022
0.000022
0.000020
0.000021
0.000020
0.000019
0.000015
0.000020
0.000017
0.000026
0.000030
0.000017
0.000017
0.000019
0.000015
0.000009
0.000023
0.000020
0.000020
0.000022
-0.000011
0.000026
0.000030
0.000030
0.000031
0.000032
0.000032
0.000032
0.000032
0.000034
0.000034
-0.000409
-0.000639
-0.000579
-0.000162
-0.000018
-0.000040
-0.000262
-0.001154
-0.002451
-0.004157
-0.004470
-0.001826
-0.004277
-0.008362
-0.007101
-0.008082
-0.006638
-0.006650
-0.009066
0.003012
0.011403
0.004201
0.002166
0.001116
0.000334
0.000942
0.000552
0.000423
0.000183
0.000134
0.000081
0.000037
0.000035
0.000035
0.000036
0.000031
0.000037
0.000038
0.000045
0.000047
0.000052
0.000035
0.000023
0.000023
0.000023
0.000017
0.000011
0.000013
0.000017
0.000027
0.000030
0.000032
0.000022
0.000028
0.000028
0.000024
0.000026
0.000018
0.000020
0.000008
0.000019
-0.000000
-0.000013
0.000029
0.000032
0.000032
0.000031
0.000035
0.000033
0.000034
0.000033
0.000028
0.000037
0.000035
0.000021
0.000034
0.000036
0.000039
0.000039
-0.000006
-0.000033
-0.000198
-0.000083
-0.000042
0.000216
0.000071
-0.004792
-0.005154
-0.006360
-0.008771
-0.007631
-0.006976
-0.005326
-0.000120
-0.000790
-0.000184
-0.000386
0.000147
0.000294
0.000164
0.000049
0.000033
0.000029
0.000029
0.000026
0.000038
0.000036
0.000038
0.000038
0.000042
0.000041
0.000040
0.000043
0.000039
0.000030
0.000019
0.000022
0.000020
0.000021
0.000018
0.000025
0.000030
0.000035
0.000038
0.000034
0.000030
0.000026
0.000037
0.000036
0.000031
0.000024
0.000011
-0.000002
0.000028
0.000023
0.000024
0.000027
0.000030
0.000032
0.000032
0.000036
0.000035
-0.000016
-0.000082
0.000025
0.000038
0.000033
0.000034
0.000038
0.000040
0.000043
0.000040
0.000040
0.000044
0.000043
0.000040
0.000040
0.000041
0.000047
0.000469
-0.003331
-0.005056
-0.005534
-0.005321
-0.004380
-0.003817
-0.000972
0.000325
0.000275
0.000268
0.000095
0.000057
0.000046
0.000036
0.000030
0.000028
0.000031
0.000027
0.000045
0.000037
0.000037
0.000043
0.000041
0.000039
0.000035
0.000033
0.000034
0.000032
0.000029
0.000030
0.000028
0.000024
0.000025
0.000030
0.000040
0.000040
0.000038
0.000036
0.000036
0.000031
0.000029
0.000031
0.000023
0.000021
0.000022
0.000021
0.000030
0.000029
0.000028
0.000028
0.000029
0.000030
0.000030
0.000034
0.000024
-0.000033
-0.000028
0.000032
0.000036
0.000039
0.000037
0.000039
0.000041
0.000039
0.000042
0.000042
0.000037
0.000042
0.000045
0.000042
0.000044
0.000046
0.000045
0.000039
-0.004644
-0.003978
-0.003641
-0.002937
-0.001332
0.000522
0.000082
0.000040
0.000043
0.000034
0.000040
0.000041
0.000032
0.000029
0.000029
0.000039
0.000043
0.000042
0.000039
0.000038
0.000041
0.000041
0.000042
0.000035
0.000035
0.000035
0.000032
0.000033
0.000034
0.000033
0.000036
0.000034
0.000042
0.000042
0.000038
0.000033
0.000037
0.000040
0.000039
0.000022
-0.000045
-0.000022
0.000030
0.000030
0.000028
0.000026
0.000030
0.000031
0.000031
0.000031
0.000033
0.000034
0.000035
0.000026
0.000013
0.000029
0.000036
0.000037
0.000041
0.000038
0.000044
0.000045
0.000046
0.000039
0.000038
0.000037
0.000047
0.000051
0.000050
0.000044
0.000046
0.000040
0.000039
-0.000345
-0.001801
-0.001843
-0.000412
0.000022
0.001431
0.000642
0.000091
0.000031
0.000040
0.000045
0.000040
0.000032
0.000029
0.000032
0.000041
0.000041
0.000050
0.000047
0.000042
0.000045
0.000043
0.000045
0.000036
0.000028
0.000033
0.000036
0.000038
0.000036
0.000034
0.000035
0.000037
0.000038
0.000036
0.000038
0.000039
0.000037
0.000038
0.000040
0.000021
0.000012
0.000012
0.000028
0.000028
0.000031
0.000030
0.000032
0.000031
0.000032
0.000030
0.000035
0.000038
0.000038
0.000041
0.000018
0.000042
0.000044
0.000045
0.000045
0.000045
0.000047
0.000049
0.000045
0.000038
0.000035
0.000037
0.000052
0.000051
0.000053
0.000051
0.000050
0.000043
0.000043
0.000020
-0.000290
-0.000187
0.000425
0.000983
0.000753
0.000110
0.000054
0.000046
0.000042
0.000038
0.000038
0.000033
0.000035
0.000035
0.000034
0.000047
0.000055
0.000046
0.000049
0.000046
0.000047
0.000040
0.000042
0.000031
0.000035
0.000045
0.000037
0.000034
0.000036
0.000037
0.000033
0.000037
0.000040
0.000037
0.000039
0.000041
0.000040
0.000039
0.000040
0.000029
0.000034
0.000031
0.000032
0.000031
0.000031
0.000031
0.000031
0.000031
0.000033
0.000036
0.000040
0.000042
0.000044
0.000041
0.000044
0.000043
0.000047
0.000045
0.000045
0.000044
0.000045
0.000041
0.000036
0.000035
0.000036
0.000045
0.000047
0.000046
0.000047
0.000051
0.000047
0.000048
0.000046
0.000035
0.000071
0.000123
0.000135
0.000057
0.000045
0.000042
0.000041
0.000042
0.000037
0.000038
0.000043
0.000040
0.000034
0.000038
0.000047
0.000046
0.000040
0.000042
0.000046
0.000043
0.000036
0.000036
0.000044
0.000043
0.000051
0.000038
0.000038
0.000034
0.000038
0.000033
0.000037
0.000038
0.000035
0.000033
0.000035
0.000035
0.000036
0.000039
0.000037
0.000028
0.000027
0.000032
0.000034
0.000032
0.000032
0.000031
0.000033
0.000031
0.000036
0.000040
0.000044
0.000043
0.000045
0.000045
0.000044
0.000046
0.000046
0.000050
0.000051
0.000048
0.000037
0.000045
0.000051
0.000046
0.000048
0.000049
0.000051
0.000049
0.000049
0.000051
0.000050
0.000049
0.000049
0.000046
0.000048
0.000051
0.000051
0.000050
0.000045
0.000040
0.000039
0.000040
0.000040
0.000040
0.000037
0.000036
0.000033
0.000037
0.000031
0.000041
0.000038
0.000034
0.000036
0.000035
0.000040
0.000042
0.000038
0.000048
0.000034
0.000036
0.000036
0.000037
0.000039
0.000034
0.000037
0.000035
0.000034
0.000037
0.000037
0.000039
0.000032
0.000027
0.000025
0.000027
0.000031
0.000033
0.000028
0.000029
0.000032
0.000034
0.000036
0.000038
0.000041
0.000039
0.000045
0.000044
0.000043
0.000044
0.000046
0.000049
0.000051
0.000048
0.000041
0.000048
0.000045
0.000051
0.000056
0.000049
0.000047
0.000052
0.000052
0.000047
0.000048
0.000055
0.000054
0.000050
0.000049
0.000051
0.000046
0.000052
0.000052
0.000044
0.000043
0.000043
0.000042
0.000041
0.000041
0.000040
0.000031
0.000030
0.000032
0.000033
0.000036
0.000034
0.000031
0.000032
0.000039
0.000041
0.000040
0.000040
0.000038
0.000029
0.000032
0.000037
0.000036
0.000032
0.000033
0.000037
0.000035
0.000036
0.000036
0.000037
0.000034
0.000030
0.000026
0.000026
0.000028
0.000031
0.000031
0.000029
0.000028
0.000029
0.000033
0.000038
0.000038
0.000038
0.000034
0.000044
0.000045
0.000042
0.000039
0.000042
0.000047
0.000049
0.000049
0.000046
0.000043
0.000051
0.000055
0.000050
0.000047
0.000049
0.000048
0.000046
0.000044
0.000049
0.000053
0.000049
0.000050
0.000054
0.000047
0.000051
0.000057
0.000048
0.000046
0.000047
0.000039
0.000037
0.000038
0.000038
0.000037
0.000032
0.000030
0.000029
0.000035
0.000037
0.000040
0.000037
0.000037
0.000040
0.000041
0.000041
0.000037
0.000032
