0.000548
0.000591
0.000578
0.000632
0.000845
0.000780
0.000934
0.000438
0.000984
0.001027
0.000794
-0.000603
0.001087
0.001244
0.001202
0.000895
0.000861
0.000973
0.000881
0.000850
0.000779
0.000799
0.000763
0.000768
0.000841
0.000696
0.000542
0.000528
0.000655
0.000633
0.000707
0.000678
0.000635
0.000680
0.000832
0.000822
0.000605
0.000712
0.000742
0.000709
0.000621
0.000574
0.000530
0.000361
0.000398
0.000486
0.000423
0.000428
0.000477
0.000479
0.000500
0.000320
0.000257
0.000340
0.000364
0.000442
0.000408
0.000415
0.000372
0.000375
0.000507
0.000563
0.000606
0.000641
0.000580
0.000349
-0.001158
0.000441
0.000292
0.000415
0.000061
0.000385
0.000195
0.000574
0.000536
0.000451
0.000451
0.000678
0.000726
0.000751
0.000771
0.000808
0.000828
0.000899
0.000839
0.000997
0.001105
0.001040
0.000876
0.000846
0.000884
0.000765
0.000734
0.000673
0.000698
0.000731
0.000765
0.000789
0.000708
0.000597
0.000560
0.000746
0.000684
0.000698
0.000633
0.000577
0.000642
0.000775
0.000835
0.000699
0.000703
0.000695
0.000683
0.000687
0.000579
0.000480
0.000436
0.000471
0.000501
0.000485
0.000482
0.000401
0.000489
0.000401
0.000448
0.000361
0.000345
0.000339
0.000376
0.000397
0.000360
0.000345
0.000351
0.000436
0.000473
0.000412
0.000412
0.000502
0.000354
0.000569
0.000542
0.000447
0.000405
0.000381
0.000444
0.000329
0.000607
0.000587
0.000480
0.000335
0.000620
0.000769
0.000756
0.000712
0.000843
0.000828
0.000890
0.000965
0.000996
0.000881
0.000713
0.000704
0.000771
0.000759
0.000722
0.000680
0.000701
0.000676
0.000662
0.000704
0.000734
0.000637
0.000692
0.000658
0.000809
0.000680
0.000699
0.000601
0.000618
0.000594
0.000739
0.000845
0.000768
0.000716
0.000717
0.000679
0.000648
0.000591
0.000488
0.000409
0.000463
0.000459
0.000454
0.000494
0.000398
0.000530
0.000404
0.000396
0.000385
0.000393
0.000371
0.000390
0.000364
0.000395
0.000384
0.000379
0.000382
0.000364
0.000365
0.000332
0.000462
0.000387
0.000381
0.000493
0.000416
0.000396
0.000300
0.000368
0.000480
0.000634
0.000686
0.000607
0.000440
0.000479
0.000694
0.000764
0.000769
0.000809
0.000833
0.000837
0.000875
0.000915
0.000776
0.000765
0.000770
0.000741
0.000673
0.000680
0.000642
0.000648
0.000581
0.000684
0.000727
0.000673
0.000728
0.000697
0.000669
0.000762
0.000648
0.000696
0.000610
0.000615
0.000611
0.000778
0.000869
0.000891
0.000800
0.000747
0.000553
0.000755
0.000709
0.000552
0.000292
0.000385
0.000429
0.000456
0.000438
0.000461
0.000368
0.000388
0.000354
0.000316
0.000384
0.000410
0.000402
0.000377
0.000415
0.000358
0.000380
0.000384
0.000418
0.000511
0.000512
0.000466
0.000331
0.000328
0.000368
0.000374
0.000317
0.000345
0.000310
0.000440
0.000641
0.000641
0.000656
0.000533
0.000507
0.000653
0.000699
0.000746
0.000774
0.000777
0.000822
0.000879
0.000794
0.000733
0.000791
0.000814
0.000758
0.000802
0.000682
0.000704
0.000707
0.000666
0.000653
0.000664
0.000618
0.000541
0.000585
0.000635
0.000652
0.000682
0.000565
0.000594
0.000639
0.000707
0.000687
0.000772
0.000826
0.000845
0.000662
0.000451
0.000708
0.000732
0.000595
0.000405
0.000411
0.000360
0.000430
0.000402
0.000440
0.000342
0.000363
0.000331
0.000305
0.000387
0.000405
0.000419
0.000428
0.000361
0.000375
0.000339
0.000333
0.000311
0.000503
0.000453
0.000326
0.000393
0.000331
0.000307
0.000422
0.000329
0.000356
0.000323
-0.002169
0.000610
0.000582
0.000648
0.000567
0.000552
0.000588
0.000624
0.000727
0.000739
0.000776
0.000735
0.000711
0.000800
0.000817
0.000844
0.000840
0.000717
0.000766
0.000732
0.000770
0.000759
0.000769
0.000710
0.000666
0.000597
0.000513
0.000534
0.000633
0.000745
0.000826
0.000768
0.000740
0.000674
0.000730
0.000667
0.000843
0.000782
0.000835
0.000606
0.000481
0.000519
0.000574
0.000715
0.000626
0.000418
0.000308
0.000447
0.000452
0.000411
0.000380
0.000349
0.000311
0.000350
0.000332
0.000371
0.000387
0.000388
0.000395
0.000404
0.000359
0.000354
0.000368
0.000450
0.000414
0.000292
0.000286
0.000345
0.000324
0.000411
0.000443
0.000361
0.000347
0.000466
0.000583
0.000583
0.000658
0.000529
0.000503
0.000540
0.000592
0.000682
0.000743
0.000691
0.000552
0.000616
0.000791
0.000756
0.000752
0.000818
0.000678
0.000742
0.000695
0.000732
0.000746
0.000817
0.000784
0.000737
0.000711
0.000641
0.000604
0.000621
0.000723
0.000867
0.000759
0.000845
0.000760
0.000824
0.000783
0.000821
0.000837
0.000812
0.000782
0.000767
0.000849
0.000875
0.000741
0.000701
0.000516
0.000366
0.000386
0.000436
0.000418
0.000373
0.000375
0.000357
0.000325
0.000276
0.000360
0.000356
0.000387
0.000420
0.000463
0.000477
0.000490
0.000370
0.000390
0.000430
0.000303
0.000429
0.000343
0.000338
0.000417
0.000409
0.000407
0.000412
0.000368
0.000643
0.000668
0.000643
0.000576
0.000509
0.000507
0.000584
0.000658
0.000732
0.000631
0.000658
0.000454
0.000608
0.000804
0.000810
0.000785
0.000740
0.000732
0.000604
0.000688
0.000711
0.000805
0.000816
0.000815
0.000744
0.000757
0.000634
0.000665
0.000699
0.000816
0.000839
0.000856
0.000810
0.000879
0.000895
0.000874
0.000908
0.000900
0.000770
0.000751
0.000845
0.000895
0.000768
0.000701
0.000567
0.000402
0.000364
0.000403
0.000450
0.000399
0.000387
0.000389
0.000353
0.000289
0.000385
0.000378
0.000366
0.000405
0.000465
0.000485
0.000462
0.000368
0.000343
0.000383
0.000379
0.000405
0.000464
0.000395
0.000432
0.000421
0.000463
0.000416
0.000292
0.000620
0.000624
0.000701
0.000606
0.000497
0.000592
0.000537
0.000634
0.000589
0.000591
0.000461
0.000379
0.000542
0.000859
0.000784
0.000742
0.000742
0.000442
0.000571
0.000654
0.000728
0.000794
0.000891
0.000883
0.000859
0.000791
0.000687
0.000680
0.000775
0.000816
0.000745
0.000814
0.000743
0.000857
0.000937
0.000954
0.000904
0.000949
0.000917
0.000777
0.000802
0.000843
0.000745
0.000670
0.000556
0.000420
0.000326
0.000350
0.000435
0.000464
0.000438
0.000355
0.000355
0.000337
0.000365
0.000433
0.000439
0.000415
0.000420
0.000420
0.000454
0.000353
0.000208
0.000329
0.000388
0.000392
0.000375
0.000485
0.000418
0.000426
0.000445
0.000354
0.001326
0.000609
0.000669
0.000715
0.000665
0.000571
0.000475
0.000539
0.000549
0.000461
0.000586
0.000509
0.000395
0.000641
0.000781
0.000769
0.000663
0.000622
0.000431
0.000417
0.000622
0.000749
0.000805
0.000848
0.000903
0.000972
0.000872
0.000760
0.000704
0.000686
0.000733
0.000786
0.000757
0.000775
0.000975
0.000966
0.000926
0.000911
0.000921
0.000871
0.000801
0.000804
0.000813
0.000777
0.000618
0.000554
0.000507
0.000393
0.000395
0.000397
0.000383
0.000389
0.000375
0.000347
0.000353
0.000355
0.000475
0.000536
0.000394
0.000460
0.000422
0.000462
0.000415
0.000364
0.000404
0.000391
0.000367
0.000422
0.000444
0.000410
0.000454
0.000501
0.000490
0.000386
0.000648
0.000632
0.000717
0.000637
0.000521
0.000500
0.000560
0.000513
0.000503
0.000508
0.000556
0.000493
0.000569
0.000613
0.000695
0.000695
0.000661
0.000556
0.000398
0.000628
0.000770
0.000723
0.000783
0.000810
0.000933
0.000896
0.000813
0.000706
0.000701
0.000756
0.000876
0.000880
0.000813
0.000969
0.000965
0.000944
0.000907
0.000848
0.000881
0.000785
0.000794
0.000781
0.000677
0.000606
0.000549
0.000518
0.000438
0.000392
0.000398
0.000400
0.000364
0.000376
0.000337
0.000388
0.000434
0.000463
0.000433
0.000394
0.000429
0.000420
0.000490
0.000463
0.000403
0.000443
0.000343
0.000357
0.000401
0.000410
0.000441
0.000522
0.000601
0.000657
0.000456
0.000611
0.000615
0.000606
0.000552
0.000544
0.000578
0.000538
0.000543
0.000542
0.000521
0.000510
0.000501
0.000381
0.000495
0.000615
0.000738
0.000644
0.000559
0.000538
0.000683
0.000772
0.000721
0.000675
0.000746
0.000880
0.000830
0.000830
0.000765
0.000698
0.000748
0.000857
0.000989
0.000763
0.001115
0.001050
0.000896
0.000939
0.000915
0.000868
0.000784
0.000810
0.000662
0.000559
0.000527
0.000500
0.000494
0.000426
0.000318
0.000359
0.000350
0.000353
0.000337
0.000380
0.000361
0.000433
0.000393
0.000451
0.000426
0.000425
0.000510
0.000455
0.000446
0.000428
0.000408
0.000357
0.000371
0.000452
0.000435
0.000448
0.000493
0.000567
0.000599
0.000499
0.000618
0.000652
0.000564
0.000534
0.000554
0.000556
0.000518
0.000534
0.000542
0.000586
0.000380
0.000471
0.000455
0.000477
0.000518
0.000651
0.000642
0.000675
0.000700
0.000717
0.000764
0.000767
0.000623
0.000698
0.000860
0.000834
0.000816
0.000842
0.000816
0.000867
0.000959
0.001081
0.001099
0.001114
0.001006
0.000982
0.001003
0.000947
0.000865
0.000874
0.000674
0.000544
0.000411
0.000361
0.000370
0.000436
0.000507
0.000462
0.000424
0.000326
0.000286
0.000327
0.000350
0.000400
0.000440
0.000438
0.000403
0.000410
0.000363
0.000425
0.000415
0.000527
0.000468
0.000466
0.000400
0.000470
0.000432
0.000470
0.000467
0.000481
0.000537
0.000579
0.000725
0.000625
0.000644
0.000657
0.000633
0.000558
0.000521
0.000530
0.000528
0.000468
0.000416
0.000398
0.000372
0.000472
0.000473
0.000521
0.000570
0.000590
0.000597
0.000669
0.000742
0.000825
0.000681
-0.000160
-0.001272
-0.001350
-0.000420
0.000125
0.000664
0.000729
0.000861
0.000972
0.001123
0.001156
0.001124
0.001037
0.001062
0.001073
0.001029
0.000869
0.000775
0.000520
0.000352
0.000345
0.000362
0.000413
0.000475
0.000539
0.000527
0.000417
0.000339
0.000340
0.000383
0.000404
0.000357
0.000324
0.000308
0.000449
0.000428
0.000463
0.000458
0.000470
0.000484
0.000507
0.000459
0.000529
0.000465
0.000443
0.000405
0.000422
0.000441
0.000453
0.000468
0.000532
0.000586
0.000576
0.000572
0.000636
0.000584
0.000460
0.000486
0.000497
0.000422
0.000362
0.000374
0.000377
0.000403
0.000407
0.000471
0.000513
0.000510
0.000585
0.000620
0.000773
0.000653
-0.000661
-0.008444
-0.015737
-0.027256
-0.038705
-0.027115
-0.014220
-0.004363
-0.002478
-0.005585
-0.000142
0.000369
0.001145
0.001127
0.001082
0.001077
0.001040
0.000789
0.000520
0.000290
0.000170
0.000236
0.000302
0.000413
0.000563
0.000623
0.000538
0.000462
0.000314
0.000308
0.000326
0.000399
0.000438
0.000352
0.000352
0.000426
0.000528
0.000544
0.000599
0.000424
0.000562
0.000564
0.000481
0.000505
0.000505
0.000487
0.000394
0.000412
0.000268
0.000404
0.000683
0.000551
0.000622
0.000560
0.000551
0.000539
0.000491
0.000407
0.000459
0.000459
0.000416
0.000371
0.000357
0.000350
0.000353
0.000438
0.000471
0.000436
0.000517
0.000577
0.000644
0.000597
-0.000444
-0.001559
-0.005269
-0.011770
-0.014908
-0.024535
-0.031366
-0.046165
-0.028470
-0.018785
-0.019092
0.000065
0.001305
0.001196
0.001098
0.001105
0.001135
0.001057
0.000928
0.000639
0.000202
-0.000000
0.000121
0.000272
0.000428
0.000527
0.000645
0.000548
0.000460
0.000429
0.000364
0.000384
0.000412
0.000387
0.000399
0.000326
0.000353
0.000509
0.000582
0.000617
0.000597
0.000385
0.000521
0.000475
0.000471
0.000493
0.000481
0.000436
0.000441
0.000458
0.000611
0.000490
0.000457
0.000598
0.000570
0.000508
0.000531
0.000400
0.000378
0.000412
0.000412
0.000362
0.000311
0.000296
0.000369
0.000371
0.000404
0.000443
0.000485
0.000428
0.000360
0.000560
-0.000513
-0.000345
-0.006080
-0.016254
-0.011939
-0.014501
-0.028723
-0.033383
-0.037649
-0.041780
0.000307
0.001130
0.001358
0.001325
0.001207
0.001127
0.001120
0.001148
0.001093
0.000954
0.000707
0.000136
-0.000169
0.000082
0.000245
0.000348
0.000525
0.000580
0.000489
0.000469
0.000394
0.000318
0.000354
0.000424
0.000396
0.000369
0.000413
0.000332
0.000633
0.000539
0.000540
0.000622
0.000550
0.000438
0.000428
0.000497
0.000512
0.000559
0.000468
0.000498
0.000650
0.000592
0.000554
-0.001100
0.000622
0.000541
0.000482
0.000451
0.000409
0.000346
0.000387
0.000399
0.000457
0.000384
0.000384
0.000380
0.000334
0.000278
0.000160
0.000282
0.000460
0.000120
0.001723
0.001181
0.000795
0.000377
-0.000590
-0.000680
-0.000683
0.001186
-0.009836
-0.012244
-0.002122
0.001222
0.001300
0.001240
0.001249
0.001109
0.001136
0.001228
0.001228
0.001145
0.000949
0.000796
0.000424
0.000116
0.000203
0.000302
0.000384
0.000451
0.000486
0.000468
0.000420
0.000371
0.000364
0.000411
0.000419
0.000411
0.000469
0.000468
0.000445
0.000625
0.000564
0.000477
0.000482
0.000363
0.000370
0.000442
0.000531
0.000618
0.000592
0.000575
0.000573
0.000634
0.000477
0.000543
0.000647
0.000605
0.000521
0.000519
0.000386
0.000378
0.000385
0.000354
0.000388
0.000404
0.000395
0.000328
0.000242
0.000262
-0.000223
-0.002835
0.000929
0.001451
0.002385
0.001292
0.001088
0.000805
0.000798
0.000656
0.000557
0.000655
0.002637
0.001825
0.005959
0.008567
0.002031
0.001489
0.001739
0.001622
0.000757
0.003633
0.003722
0.002047
0.001515
0.001104
0.000885
0.000553
0.000362
0.000318
0.000342
0.000395
0.000382
0.000418
0.000440
0.000402
0.000474
0.000413
0.000404
0.000440
0.000480
0.000432
0.000426
0.000381
0.000366
0.000644
0.000563
0.000552
0.000367
0.000417
0.000496
0.000501
0.000616
0.000617
0.000612
0.000620
0.000544
0.000593
0.000604
0.000733
0.000587
0.000531
0.000436
0.000367
0.000406
0.000406
0.000392
0.000371
0.000368
0.000351
0.000294
0.000246
-0.000752
-0.005766
-0.002862
0.001876
0.001370
0.000875
0.000859
0.000885
0.001004
0.001175
0.001040
0.000943
0.000640
-0.005327
-0.001018
0.006648
0.014514
0.020336
0.017012
0.020360
0.019164
0.019348
0.022925
0.023248
0.011844
0.006024
0.004111
0.001827
0.000714
0.000390
0.000374
0.000401
0.000481
0.000517
0.000467
0.000460
0.000504
0.000491
0.000469
0.000462
0.000467
0.000472
0.000507
0.000458
0.000359
0.000399
0.000563
0.000540
0.000508
0.000529
0.000485
0.000484
0.000585
0.000535
0.000691
0.000686
0.000669
0.000638
0.000669
0.000781
0.000710
0.000599
0.000524
0.000371
0.000362
0.000348
0.000405
0.000358
0.000303
0.000345
0.000309
0.000298
0.000505
-0.000545
-0.006143
0.000283
-0.002432
0.000301
0.000701
0.000800
0.001072
0.001264
0.001321
0.000879
0.000556
-0.001182
-0.001721
-0.002381
0.001830
0.010116
0.016452
0.018912
0.018613
0.018655
0.017906
0.019121
0.021923
0.024033
0.021663
0.016522
0.009130
0.002047
0.000416
0.000433
0.000295
0.000454
0.000563
0.000596
0.000503
0.000550
0.000522
0.000491
0.000474
0.000522
0.000485
0.000497
0.000449
0.000515
0.000551
0.000580
0.000590
0.000596
0.000672
0.000622
0.000583
0.000572
0.000517
0.000684
0.000664
0.000704
0.000667
0.000716
0.000814
-0.000596
0.000559
0.000459
0.000373
0.000350
0.000363
0.000357
0.000381
0.000363
0.000350
0.000303
0.000384
0.000178
-0.000765
-0.011738
0.004467
-0.000275
0.000417
0.000874
0.000954
0.001288
0.001382
0.000906
0.001199
-0.003409
0.000003
0.003574
0.001568
-0.000153
0.002791
-0.001570
0.012390
0.011416
0.014123
0.012817
0.009940
0.011970
0.019819
0.022483
0.019177
0.006326
0.001924
0.001530
0.004551
-0.000075
-0.000265
0.000417
0.000597
0.000556
0.000541
0.000615
0.000572
0.000556
0.000533
0.000530
0.000536
0.000496
0.000517
0.000574
0.000482
0.000598
0.000635
0.000644
0.000623
0.000651
0.000620
0.000672
0.000650
0.000892
0.000922
0.000783
0.000658
0.000667
0.000707
0.000536
0.000460
0.000353
0.000353
0.000359
0.000350
0.000392
0.000353
0.000325
0.000326
0.000234
0.000226
-0.000216
-0.007078
-0.007050
0.007346
0.001598
0.001051
0.001176
0.001194
0.000753
0.007689
0.005273
0.003213
0.008716
0.008877
0.010044
0.011077
0.003895
0.000539
0.003188
0.005292
0.007896
0.006951
0.004266
0.007181
0.014019
0.015611
0.018413
0.016356
0.002839
0.005854
0.004972
0.001103
0.002837
-0.000357
-0.000016
0.000621
0.000618
0.000610
0.000586
0.000598
0.000527
0.000470
0.000489
0.000514
0.000553
0.000625
0.000554
0.000755
0.000595
0.000646
0.000751
0.000770
0.000976
0.000807
0.000906
0.000966
0.000981
0.000715
0.000639
0.000595
0.000657
0.000494
0.000371
0.000349
0.000371
0.000252
0.000309
0.000394
0.000359
0.000285
0.000296
0.000299
0.000236
0.000068
-0.002372
-0.006843
0.017940
0.005988
0.001495
0.000952
0.000684
0.019891
0.023483
0.016093
0.015186
0.017579
0.017145
0.015573
0.014417
0.011255
0.003563
0.001311
0.002133
0.002599
0.002372
0.001765
0.004131
0.009970
0.013327
0.017109
0.017348
0.004431
0.003434
0.004257
0.005006
0.002292
0.018103
-0.006558
-0.000027
0.000593
0.000551
0.000526
0.000605
0.000547
0.000524
0.000521
0.000546
0.000649
0.000660
0.000668
0.000694
0.000629
0.000762
0.000803
0.000839
0.000931
0.000920
0.001102
0.001056
0.000770
0.000830
0.000536
0.000603
0.000713
0.000427
0.000431
0.000391
0.000370
0.000253
0.000246
0.000353
0.000366
0.000290
0.000257
0.000249
0.000230
0.000185
-0.001223
-0.007339
0.002380
0.019196
0.003030
0.008830
0.021862
0.030865
0.032626
0.032925
0.023928
0.021707
0.018768
0.015934
0.011463
0.008467
0.004059
0.002720
0.001568
0.001518
0.001503
0.001265
0.001334
0.004251
0.010151
0.011248
0.013050
0.004745
0.001135
0.001962
0.001822
0.003192
0.012763
0.019256
-0.001463
0.000456
0.000538
0.000503
0.000484
0.000563
0.000571
0.000499
0.000576
0.000664
0.000687
0.000616
0.000694
0.000803
0.000794
0.000891
0.000790
0.000414
0.000605
0.000986
0.000802
0.000861
0.000854
0.000662
0.000835
0.000815
0.000399
0.000371
0.000436
0.000295
0.000274
0.000250
0.000330
0.000334
0.000259
0.000232
0.000225
0.000206
0.000193
-0.000054
-0.005877
0.000917
-0.000148
0.011758
0.017216
0.019727
0.019306
0.027731
0.030322
0.026067
0.025899
0.020908
0.014702
0.005432
0.001729
0.001967
0.001656
0.000567
-0.000166
0.001569
0.000814
-0.000150
-0.000289
0.001721
0.002246
0.004422
0.001911
-0.000633
0.000259
0.001027
0.001287
0.005972
0.016619
0.015571
0.001960
0.000547
0.000490
0.000473
0.000610
0.000526
0.000498
0.000658
0.000665
0.000690
0.000648
0.000805
0.000949
0.000884
0.000798
0.000705
0.000412
0.000801
0.000901
0.000932
0.000950
0.000860
0.000647
0.000832
0.000759
0.000395
0.000411
0.000345
0.000302
0.000308
0.000220
0.000235
0.000283
0.000262
0.000230
0.000206
0.000176
0.000144
0.000160
0.000477
-0.000086
0.000282
0.000405
-0.001014
-0.000922
-0.000708
0.005023
0.007615
0.014610
0.017452
0.015635
0.007069
0.003571
0.003402
0.002163
0.000758
-0.009348
-0.007162
-0.001227
-0.000803
-0.001677
-0.005923
-0.002665
-0.003094
-0.004111
-0.005411
-0.010548
-0.002547
-0.001504
-0.000602
-0.000194
0.005581
0.011245
0.004977
0.002388
0.000665
0.000690
0.000614
0.000515
0.000637
0.000644
0.000673
0.000742
0.000853
0.000911
0.000948
0.000809
0.000813
0.000780
0.000496
0.000815
0.000964
0.000946
0.000723
0.000652
0.000754
0.000886
0.000884
0.000375
0.000357
0.000339
0.000305
0.000268
0.000252
0.000244
0.000246
0.000252
0.000201
0.000178
0.000147
0.000129
0.000122
0.000123
0.000150
0.000177
0.000293
0.000292
0.000370
0.000505
0.000813
0.002229
0.012135
0.000957
-0.001825
-0.004163
-0.003913
-0.004389
-0.006738
-0.009646
-0.011449
-0.009923
-0.010015
-0.003116
-0.005119
-0.013488
-0.007439
-0.003985
-0.006161
-0.007507
-0.016251
-0.015097
-0.011157
-0.000574
0.000782
-0.001813
0.004930
0.005041
0.002178
0.002518
0.000757
0.000791
0.000685
0.000731
0.000763
0.000837
0.000874
0.000901
0.000873
0.000820
0.000799
0.000948
0.000770
0.000588
0.000947
0.000877
0.000839
0.000756
0.000752
0.000766
0.000815
0.000926
0.000456
0.000332
0.000376
0.000414
0.000291
0.000275
0.000236
0.000216
0.000231
0.000204
0.000172
0.000136
0.000114
0.000110
0.000103
0.000103
0.000111
0.000211
0.000321
0.000384
0.001241
0.022048
0.023160
0.019213
0.007967
0.000622
-0.003322
-0.004101
-0.004176
-0.007057
-0.010852
-0.012086
-0.009844
-0.008449
-0.005109
-0.009378
-0.009262
-0.012512
-0.009007
-0.004638
-0.009787
-0.011047
-0.014362
-0.015679
-0.016697
-0.007647
-0.005110
0.000709
0.001166
0.002757
-0.003881
0.001826
0.000789
0.000719
0.000693
0.000752
0.000766
0.000826
0.000902
0.000861
0.000791
0.000777
0.000845
0.000722
0.000692
0.000781
0.000771
0.000859
0.000961
0.000993
0.001142
0.001032
0.000831
0.000493
0.000349
0.000346
0.000381
0.000316
0.000253
0.000209
0.000206
0.000199
0.000194
0.000156
0.000139
0.000116
0.000094
0.000081
0.000083
0.000075
0.000106
0.000147
0.000163
0.009633
0.024926
0.025236
0.020504
0.015604
0.007865
-0.001917
-0.005136
-0.005551
-0.009075
-0.012296
-0.012288
-0.010189
-0.006889
-0.004820
-0.009110
-0.012961
-0.009796
-0.004645
-0.010601
-0.012559
-0.012460
-0.011215
-0.017501
-0.019905
-0.016947
-0.007937
-0.000112
0.001348
-0.002785
-0.008813
-0.006593
0.001196
0.000725
0.000775
0.000662
0.000624
0.000698
0.000951
0.000760
0.000635
0.000817
0.000968
0.000825
0.000828
0.000854
0.000847
0.001127
0.001221
0.001132
0.001195
0.000847
0.000725
0.000405
0.000358
0.000384
0.000394
0.000317
0.000268
0.000230
0.000209
0.000164
0.000144
0.000163
0.000136
0.000117
0.000082
0.000071
0.000038
0.000023
-0.000045
-0.000702
-0.000507
0.005273
0.026343
0.028080
0.020820
0.019261
0.015234
0.002887
-0.004795
-0.006298
-0.010782
-0.014842
-0.013542
-0.010314
-0.006516
-0.005634
-0.007919
-0.012208
-0.012765
-0.008341
-0.007403
-0.005057
-0.004154
-0.012031
-0.012805
-0.012681
-0.020802
-0.006407
-0.001833
-0.004378
-0.010369
-0.011577
-0.012492
-0.007716
0.000650
0.001109
0.000492
0.000631
0.000610
0.000824
0.000821
0.000835
0.000954
0.000964
0.000783
0.000801
0.000965
0.001195
0.001085
0.001137
0.001267
0.001061
0.000909
0.000709
0.000469
0.000319
0.000297
0.000390
0.000411
0.000302
0.000238
0.000207
0.000122
0.000104
0.000183
0.000129
0.000104
0.000066
0.000040
0.000018
-0.000062
-0.000464
-0.000549
-0.000779
-0.001001
0.019635
0.026628
0.019370
0.018614
0.015616
0.003919
-0.001859
-0.006400
-0.010330
-0.015651
-0.013243
-0.009372
-0.004697
-0.004831
-0.007345
-0.013242
-0.012438
-0.010526
-0.009011
-0.008760
-0.008684
-0.011012
-0.010961
-0.009558
-0.001247
-0.009831
-0.003756
-0.006802
-0.011565
-0.012377
-0.012576
-0.009353
-0.005789
-0.003945
0.000876
0.000564
0.000580
0.000818
0.000801
0.000799
0.000766
0.000782
0.000574
0.001000
0.001166
0.001099
0.001032
0.001057
0.001043
0.000955
0.000824
0.000736
0.000523
0.000414
0.000327
0.000378
0.000360
0.000316
0.000244
0.000209
0.000148
0.000068
0.000120
0.000118
0.000101
0.000021
-0.000025
-0.000042
-0.000426
-0.000542
-0.000500
-0.000521
-0.001511
-0.003771
0.019162
0.020352
0.016486
0.014233
0.007185
-0.001071
-0.006036
-0.008556
-0.017291
-0.014554
-0.009516
-0.006894
-0.005728
-0.007313
-0.012684
-0.013593
-0.012184
-0.014013
-0.014161
-0.014505
-0.013749
-0.009970
-0.004714
-0.005574
-0.003089
-0.002777
-0.005434
-0.009049
-0.010242
-0.010074
-0.009206
-0.006478
-0.006581
-0.004052
0.000459
0.000636
0.000434
0.000750
0.000722
0.000594
0.000855
0.000687
0.001099
0.000996
0.001028
0.000925
0.000937
0.000987
0.000911
0.000908
0.000805
0.000584
0.000516
0.000370
0.000307
0.000465
0.000565
0.000574
0.000566
0.000842
0.000049
0.000044
0.000082
0.000091
-0.000351
-0.000368
-0.000388
-0.000465
-0.000523
-0.000606
-0.000625
-0.000801
-0.003107
0.007406
0.020292
0.014133
0.013297
0.008794
0.003383
-0.003642
-0.010104
-0.015718
-0.014521
-0.011159
-0.008613
-0.009240
-0.011457
-0.011736
-0.014931
-0.014055
-0.015068
-0.017728
-0.016579
-0.011771
-0.007128
-0.005139
-0.006643
-0.006384
-0.002632
-0.001892
-0.009321
-0.008461
-0.006660
-0.005055
-0.003838
-0.004765
-0.005919
-0.003510
-0.001406
0.000611
0.001056
0.001208
0.000750
0.000802
0.000725
0.000853
0.000778
0.000827
0.000737
0.000730
0.001035
0.001161
0.001262
0.001024
0.000560
0.000581
0.000427
0.000476
0.000499
0.000638
0.000469
0.000414
0.000395
0.000538
0.000639
0.000824
-0.000073
-0.000391
-0.000408
-0.000434
-0.000380
-0.000397
-0.000439
-0.000467
-0.000557
0.000879
0.000833
0.001031
0.002042
0.001956
0.001200
0.000733
0.002720
-0.009763
-0.014071
-0.014976
-0.014571
-0.011543
-0.011357
-0.011913
-0.012007
-0.017141
-0.017211
-0.017818
-0.019148
-0.018880
-0.012900
-0.008062
-0.009124
-0.008633
-0.008802
-0.004870
-0.000627
-0.006204
-0.005138
-0.002061
0.000107
0.002181
0.000030
-0.001732
0.001687
0.001744
0.002088
0.003977
0.003349
0.001393
0.000878
0.000774
0.000797
0.000877
0.000821
0.001046
0.000847
0.001042
0.001272
0.001301
0.001250
0.000576
0.000667
0.000507
0.000536
0.000519
0.000587
0.000460
0.000314
0.000405
0.000483
0.000644
0.000699
0.000797
0.000777
0.000764
-0.000239
0.000481
0.000652
0.000630
0.000567
0.000353
0.000556
0.000735
0.000787
0.000736
0.000799
0.000752
0.000797
0.000939
0.000501
0.000812
-0.009932
-0.014856
-0.011426
-0.012718
-0.009553
-0.011737
-0.015605
-0.018277
-0.017446
-0.018227
-0.017096
-0.013352
-0.012171
-0.011616
-0.010860
-0.009361
-0.007253
-0.005742
-0.000071
0.000272
0.003849
0.005524
0.007452
0.004235
0.004609
0.008867
0.013335
0.014510
0.012849
0.012392
0.008370
0.002322
0.000930
0.000943
0.000964
0.001064
0.000928
0.000845
0.001069
0.001157
0.001295
0.001185
0.000593
0.000633
0.000582
0.000482
0.000441
0.000482
0.000478
0.000526
0.000494
0.000561
0.000670
0.000645
0.000631
0.000689
0.000624
0.000519
0.000494
0.000495
0.000444
0.000501
0.000448
0.000570
0.000720
0.000766
0.000704
0.000719
0.000699
0.000597
0.000653
0.000637
0.000558
0.000113
0.000128
0.000065
0.000250
-0.000092
-0.000135
-0.006292
-0.012883
-0.016173
-0.017261
-0.016938
-0.014257
-0.010328
-0.012830
-0.011562
-0.009684
-0.008638
-0.009304
-0.008199
0.001505
0.008838
0.015147
0.012818
0.009409
0.009763
0.015332
0.017826
0.014547
0.005418
0.004349
0.002510
0.001530
0.000987
0.001082
0.001035
0.001366
0.001286
0.001087
0.001087
0.001002
0.001232
0.001147
0.000687
0.000783
0.000733
0.000512
0.000489
0.000463
0.000479
0.000460
0.000359
0.000272
0.000341
0.000647
0.000699
0.000746
0.000730
0.000558
0.000459
0.000532
0.000500
0.000525
0.000511
0.000603
0.000722
0.000722
0.000711
0.000727
0.000626
0.000540
0.000496
0.000385
0.000561
0.000498
0.000644
0.001037
0.001037
0.001295
0.001347
0.000737
0.000333
0.000064
0.000230
0.000838
0.000616
0.000053
-0.011533
-0.011549
-0.012572
-0.010004
-0.010025
-0.010221
-0.008426
0.008245
0.013105
0.011167
0.009071
0.006296
0.009014
0.006564
0.002559
0.001772
0.001608
0.001480
0.001444
0.000988
0.001143
0.001228
0.001584
0.001633
0.001173
0.000954
0.000962
0.000881
0.000967
0.000767
0.000803
0.000817
0.000639
0.000502
0.000449
0.000561
0.000640
0.000448
0.000340
0.000358
0.000541
0.000662
0.000768
0.000862
0.000644
0.000547
0.000579
0.000571
0.000599
0.000561
0.000509
0.000674
0.000710
0.000687
0.000711
0.000645
0.000554
0.000607
0.000288
0.000422
0.000580
0.000931
0.001055
0.001192
0.001418
0.001456
0.001323
0.001474
0.001293
0.001162
0.001100
0.001482
0.001703
0.002436
-0.013032
-0.015489
-0.011933
-0.009708
-0.010593
-0.011678
0.008668
0.004716
-0.007059
-0.009818
-0.000239
0.001087
0.001742
0.001754
0.001816
0.001830
0.001462
0.001479
0.000608
0.001033
0.001293
0.001521
0.001448
0.001173
0.001035
0.001060
0.000947
0.000745
0.000701
0.000835
0.000849
0.000570
0.000463
0.000568
0.000610
0.000672
0.000468
0.000426
0.000441
0.000540
0.000611
0.000643
0.000744
0.000726
0.000725
0.000605
0.000765
0.000663
0.000624
0.000570
0.000615
0.000637
0.000770
0.000762
0.000704
0.000686
0.000508
0.000128
0.000362
0.000826
0.000983
0.001099
0.001268
0.001371
0.001334
0.001139
0.001026
0.001215
0.001205
0.001311
0.001493
0.001666
0.001604
0.004372
-0.010844
-0.010659
-0.008977
-0.010766
-0.010844
-0.002738
-0.000629
-0.001410
0.001505
0.001285
0.001234
0.001647
0.001725
0.001834
0.001643
0.001404
0.001595
0.000819
0.000817
0.001428
0.001428
0.001446
0.001415
0.001353
0.001113
0.000962
0.000883
0.000644
0.000797
0.000699
0.000726
0.000510
0.000507
0.000628
0.000588
0.000643
0.000597
0.000449
0.000393
0.000463
0.000588
0.000627
0.000852
0.000788
0.000843
0.000773
0.000788
0.000677
0.000586
0.000643
0.000678
0.000766
0.000763
0.000767
0.000696
0.000733
0.000395
0.000379
0.000812
0.000954
0.001177
0.001523
0.001333
0.001115
0.000811
0.000740
0.000896
0.001055
0.001340
0.001512
0.001523
0.001504
0.001572
0.002429
-0.007848
-0.002849
-0.000119
0.002848
0.010298
-0.005598
0.000869
0.001457
0.001081
0.001059
0.001356
0.001411
0.001559
0.001730
0.001326
0.001270
0.001308
0.001194
0.001360
0.001341
0.001461
0.001622
0.001220
0.000920
0.000878
0.000734
0.000578
0.000697
0.000755
0.000691
0.000542
0.000363
0.000524
0.000592
0.000688
0.000700
0.000530
0.000435
0.000466
0.000616
0.000631
0.000680
0.000507
0.000830
0.000755
0.000732
0.000695
0.000636
0.000603
0.000893
0.000912
0.000945
0.000869
0.000747
0.000895
0.000776
0.000704
0.000859
0.000897
0.001117
0.001448
0.001478
0.001182
0.000760
0.000481
0.000893
0.001009
0.001196
0.001195
0.001424
0.001465
0.001489
0.001318
0.000425
0.001618
0.006947
0.008312
0.006783
0.001402
0.001622
0.001507
0.001305
0.000915
0.001141
0.001378
0.001486
0.001878
0.001464
0.001249
0.001686
0.001184
0.000992
0.001388
0.001489
0.001398
0.001213
0.000982
0.000902
0.000406
0.000619
0.000651
0.000827
0.000692
0.000614
0.000444
0.000594
0.000656
0.000687
0.000719
0.000581
0.000388
0.000471
0.000524
0.000585
0.000601
0.000757
0.000757
0.000712
0.000641
0.000595
0.000698
0.000682
0.000697
0.000778
0.000945
0.000997
0.000970
0.000985
0.000821
0.000740
0.000854
0.000882
0.001002
0.001331
0.001418
0.000743
0.000602
0.000552
0.000874
0.000930
0.000995
0.001171
0.001392
0.001560
0.001370
0.001397
0.001391
0.001761
0.002264
0.001139
0.001835
0.001851
0.001372
0.001130
0.001534
0.000998
0.001351
0.001749
0.001746
0.001544
0.001715
0.001503
0.001632
0.001477
0.001197
0.001491
0.001436
0.001355
0.001339
0.001015
0.001187
0.000990
0.000641
0.000587
0.000638
0.000633
0.000567
0.000438
0.000510
0.000671
0.000792
0.000750
0.000662
0.000504
0.000477
0.000459
0.000510
0.000553
0.000698
0.000761
0.000645
0.000627
0.000605
0.000630
0.000627
0.000702
0.000734
0.000986
0.001049
0.000972
0.000988
0.000878
0.000846
0.000940
0.001047
0.001172
0.001368
0.001022
0.001228
0.000989
0.000777
0.000808
0.000891
0.001078
0.001317
0.001723
0.001614
0.001591
0.001620
0.001658
0.001770
0.001825
0.001739
0.001962
0.002162
0.002007
0.001779
0.001819
0.001531
0.001469
0.001569
0.001782
0.001423
0.001648
0.001372
0.001530
0.001884
0.001826
0.001470
0.001396
0.001326
0.001478
0.001241
0.001261
0.000810
0.000680
0.000586
0.000645
0.000679
0.000638
0.000306
0.000390
0.000448
0.000621
0.000758
0.000586
0.000491
0.000385
0.000593
0.000605
0.000545
0.000662
0.000749
0.000692
0.000549
0.000609
0.000567
0.000681
0.000703
0.000712
0.000684
0.001014
0.000939
0.000878
0.000911
0.000967
0.001097
0.001109
0.001171
0.000979
0.001236
0.001092
0.001137
0.000856
0.000735
0.000946
0.001246
0.001633
0.001630
0.001540
0.001607
0.001617
0.001720
0.001837
0.002129
0.002086
0.002101
0.002347
0.002288
0.002163
0.002125
0.001849
0.001462
0.001438
0.001526
0.001134
0.001251
0.001502
0.001656
0.001905
0.001722
0.001318
0.001238
0.001484
0.001646
0.001442
0.001174
0.000994
0.000733
0.000621
0.000643
0.000759
0.000664
0.000588
0.000520
0.000530
0.000629
0.000760
0.000567
0.000668
0.000612
0.000708
0.000648
0.000560
0.000588
0.000772
0.000755
0.000648
0.000615
0.000740
0.000895
0.000842
0.000861
0.000706
0.000908
0.001001
0.000880
0.000774
0.001131
0.001150
0.001179
0.001230
0.001056
0.000877
0.001000
0.000953
0.000649
0.000937
0.001045
0.000892
0.001427
0.001608
0.001898
0.001899
0.001823
0.001959
0.001908
0.002086
0.002258
0.002262
0.002211
0.002372
0.002274
0.001953
0.001737
0.001363
0.001525
0.001382
0.001379
0.001373
0.001731
0.001667
0.001854
0.001651
0.001562
0.001353
0.001599
0.001561
0.001534
0.001066
0.000882
