-0.000031
-0.000033
-0.000026
0.000632
-0.000011
-0.000022
-0.000023
0.000438
-0.000042
-0.000034
-0.000036
-0.000603
-0.000037
-0.000035
-0.000034
-0.000037
-0.000038
-0.000035
-0.000035
-0.000035
-0.000035
-0.000034
-0.000034
-0.000037
-0.000032
-0.000029
-0.000033
-0.000032
-0.000028
-0.000032
-0.000027
-0.000028
-0.000026
-0.000026
-0.000023
-0.000020
-0.000027
-0.000018
-0.000020
-0.000021
-0.000018
-0.000017
-0.000022
-0.000017
-0.000021
-0.000019
-0.000018
-0.000017
-0.000016
-0.000016
-0.000015
-0.000016
-0.000015
-0.000015
-0.000018
-0.000050
-0.000022
-0.000001
-0.000005
-0.000015
-0.000012
-0.000009
-0.000002
0.000002
0.000003
0.000002
-0.001158
0.000003
0.000005
0.000003
0.000061
0.000003
0.000195
-0.000054
-0.000058
-0.000047
-0.000051
-0.000049
-0.000050
-0.000046
-0.000042
-0.000045
-0.000040
-0.000038
-0.000030
-0.000040
-0.000038
-0.000034
-0.000034
-0.000034
-0.000033
-0.000029
-0.000029
-0.000032
-0.000033
-0.000032
-0.000030
-0.000032
-0.000028
-0.000031
-0.000020
-0.000024
-0.000026
-0.000022
-0.000024
-0.000023
-0.000023
-0.000028
-0.000018
-0.000025
-0.000022
-0.000019
-0.000021
-0.000017
-0.000016
-0.000018
-0.000015
-0.000019
-0.000017
-0.000019
-0.000014
-0.000014
-0.000016
-0.000016
-0.000018
-0.000014
-0.000016
-0.000016
-0.000017
-0.000027
-0.000041
-0.000039
-0.000015
-0.000016
-0.000013
-0.000014
-0.000017
-0.000017
-0.000017
-0.000017
-0.000019
-0.000016
-0.000018
-0.000015
-0.000015
-0.000012
-0.000042
-0.000051
-0.000048
-0.000046
-0.000054
-0.000046
-0.000048
-0.000052
-0.000047
-0.000048
-0.000035
-0.000029
-0.000034
-0.000031
-0.000028
-0.000027
-0.000032
-0.000028
-0.000033
-0.000031
-0.000035
-0.000026
-0.000026
-0.000031
-0.000030
-0.000028
-0.000025
-0.000029
-0.000031
-0.000022
-0.000019
-0.000022
-0.000022
-0.000023
-0.000022
-0.000023
-0.000022
-0.000019
-0.000020
-0.000017
-0.000016
-0.000018
-0.000017
-0.000018
-0.000016
-0.000020
-0.000014
-0.000013
-0.000016
-0.000015
-0.000018
-0.000014
-0.000015
-0.000016
-0.000015
-0.000016
-0.000016
-0.000015
-0.000014
-0.000015
-0.000013
-0.000014
-0.000014
-0.000016
-0.000016
-0.000020
-0.000018
-0.000019
-0.000015
-0.000017
-0.000015
-0.000019
-0.000013
-0.000037
-0.000049
-0.000049
-0.000048
-0.000052
-0.000048
-0.000049
-0.000048
-0.000039
-0.000044
-0.000041
-0.000038
-0.000031
-0.000030
-0.000030
-0.000027
-0.000030
-0.000034
-0.000036
-0.000031
-0.000032
-0.000031
-0.000034
-0.000034
-0.000031
-0.000028
-0.000026
-0.000024
-0.000024
-0.000021
-0.000024
-0.000017
-0.000022
-0.000020
-0.000024
-0.000019
-0.000020
-0.000020
-0.000018
-0.000015
-0.000014
-0.000014
-0.000018
-0.000017
-0.000018
-0.000017
-0.000018
-0.000014
-0.000015
-0.000016
-0.000018
-0.000015
-0.000015
-0.000015
-0.000013
-0.000016
-0.000015
-0.000015
-0.000014
-0.000015
-0.000016
-0.000015
-0.000016
-0.000017
-0.000010
-0.000013
-0.000018
-0.000017
-0.000019
-0.000018
-0.000017
-0.000017
-0.000014
-0.000045
-0.000047
-0.000047
-0.000043
-0.000047
-0.000052
-0.000047
-0.000046
-0.000039
-0.000039
-0.000039
-0.000040
-0.000033
-0.000033
-0.000029
-0.000031
-0.000030
-0.000031
-0.000034
-0.000032
-0.000027
-0.000038
-0.000033
-0.000028
-0.000025
-0.000027
-0.000029
-0.000032
-0.000019
-0.000021
-0.000017
-0.000022
-0.000023
-0.000021
-0.000019
-0.000017
-0.000013
-0.000017
-0.000020
-0.000019
-0.000015
-0.000018
-0.000016
-0.000016
-0.000019
-0.000016
-0.000015
-0.000020
-0.000016
-0.000016
-0.000016
-0.000015
-0.000016
-0.000014
-0.000015
-0.000014
-0.000016
-0.000014
-0.000016
-0.000015
-0.000013
-0.000014
-0.000014
-0.000013
-0.000013
-0.000012
-0.000018
-0.000020
-0.000019
-0.000019
-0.000018
-0.000019
-0.002169
-0.000048
-0.000048
-0.000046
-0.000043
-0.000042
-0.000046
-0.000044
-0.000047
-0.000040
-0.000040
-0.000040
-0.000041
-0.000042
-0.000036
-0.000032
-0.000031
-0.000030
-0.000028
-0.000032
-0.000028
-0.000031
-0.000035
-0.000035
-0.000032
-0.000024
-0.000026
-0.000027
-0.000030
-0.000019
-0.000023
-0.000022
-0.000023
-0.000023
-0.000017
-0.000024
-0.000016
-0.000012
-0.000019
-0.000022
-0.000016
-0.000019
-0.000016
-0.000019
-0.000019
-0.000017
-0.000018
-0.000014
-0.000015
-0.000016
-0.000014
-0.000017
-0.000015
-0.000014
-0.000014
-0.000015
-0.000015
-0.000012
-0.000014
-0.000016
-0.000015
-0.000015
-0.000011
-0.000018
-0.000014
-0.000014
-0.000016
-0.000021
-0.000018
-0.000017
-0.000019
-0.000020
-0.000018
-0.000016
-0.000043
-0.000044
-0.000045
-0.000041
-0.000047
-0.000048
-0.000048
-0.000052
-0.000043
-0.000041
-0.000042
-0.000041
-0.000046
-0.000037
-0.000030
-0.000034
-0.000035
-0.000036
-0.000032
-0.000035
-0.000037
-0.000031
-0.000029
-0.000035
-0.000032
-0.000030
-0.000030
-0.000031
-0.000028
-0.000022
-0.000025
-0.000028
-0.000025
-0.000024
-0.000024
-0.000019
-0.000015
-0.000019
-0.000020
-0.000024
-0.000022
-0.000018
-0.000020
-0.000013
-0.000019
-0.000018
-0.000015
-0.000009
-0.000015
-0.000014
-0.000015
-0.000014
-0.000013
-0.000016
-0.000016
-0.000010
-0.000014
-0.000013
-0.000015
-0.000012
-0.000015
-0.000017
-0.000018
-0.000017
-0.000018
-0.000019
-0.000018
-0.000014
-0.000017
-0.000017
-0.000019
-0.000020
-0.000019
-0.000038
-0.000043
-0.000045
-0.000044
-0.000042
-0.000046
-0.000040
-0.000046
-0.000040
-0.000038
-0.000041
-0.000032
-0.000040
-0.000030
-0.000031
-0.000036
-0.000039
-0.000035
-0.000036
-0.000031
-0.000039
-0.000037
-0.000031
-0.000029
-0.000033
-0.000032
-0.000028
-0.000027
-0.000026
-0.000023
-0.000029
-0.000028
-0.000030
-0.000022
-0.000017
-0.000022
-0.000018
-0.000019
-0.000019
-0.000019
-0.000018
-0.000020
-0.000019
-0.000017
-0.000019
-0.000017
-0.000015
-0.000013
-0.000016
-0.000014
-0.000013
-0.000013
-0.000013
-0.000014
-0.000014
-0.000013
-0.000011
-0.000014
-0.000014
-0.000014
-0.000015
-0.000015
-0.000021
-0.000019
-0.000016
-0.000016
-0.000014
-0.000018
-0.000018
-0.000020
-0.000019
-0.000020
-0.000019
-0.000037
-0.000040
-0.000041
-0.000047
-0.000043
-0.000038
-0.000051
-0.000051
-0.000038
-0.000040
-0.000038
-0.000036
-0.000033
-0.000033
-0.000038
-0.000030
-0.000034
-0.000035
-0.000039
-0.000035
-0.000032
-0.000034
-0.000033
-0.000034
-0.000039
-0.000040
-0.000038
-0.000034
-0.000025
-0.000024
-0.000032
-0.000025
-0.000026
-0.000019
-0.000019
-0.000022
-0.000024
-0.000016
-0.000021
-0.000017
-0.000018
-0.000015
-0.000019
-0.000020
-0.000017
-0.000016
-0.000017
-0.000015
-0.000017
-0.000012
-0.000014
-0.000013
-0.000016
-0.000010
-0.000016
-0.000015
-0.000013
-0.000014
-0.000015
-0.000015
-0.000016
-0.000017
-0.000016
-0.000019
-0.000015
-0.000013
-0.000018
-0.000016
-0.000019
-0.000020
-0.000022
-0.000019
0.001326
-0.000041
-0.000039
-0.000043
-0.000044
-0.000040
-0.000043
-0.000051
-0.000045
-0.000044
-0.000045
-0.000031
-0.000036
-0.000039
-0.000039
-0.000045
-0.000030
-0.000036
-0.000029
-0.000037
-0.000036
-0.000037
-0.000032
-0.000036
-0.000037
-0.000039
-0.000039
-0.000032
-0.000032
-0.000027
-0.000026
-0.000023
-0.000026
-0.000031
-0.000024
-0.000018
-0.000022
-0.000019
-0.000021
-0.000018
-0.000019
-0.000020
-0.000018
-0.000021
-0.000019
-0.000016
-0.000017
-0.000017
-0.000016
-0.000016
-0.000015
-0.000016
-0.000015
-0.000016
-0.000013
-0.000016
-0.000017
-0.000017
-0.000017
-0.000017
-0.000013
-0.000017
-0.000017
-0.000017
-0.000015
-0.000019
-0.000018
-0.000020
-0.000019
-0.000021
-0.000021
-0.000022
-0.000022
-0.000022
-0.000046
-0.000039
-0.000042
-0.000049
-0.000047
-0.000047
-0.000046
-0.000047
-0.000055
-0.000052
-0.000037
-0.000041
-0.000033
-0.000032
-0.000045
-0.000040
-0.000037
-0.000029
-0.000038
-0.000035
-0.000027
-0.000041
-0.000030
-0.000028
-0.000028
-0.000027
-0.000029
-0.000023
-0.000035
-0.000027
-0.000027
-0.000023
-0.000024
-0.000021
-0.000017
-0.000013
-0.000024
-0.000019
-0.000017
-0.000018
-0.000020
-0.000015
-0.000018
-0.000020
-0.000017
-0.000018
-0.000015
-0.000017
-0.000013
-0.000016
-0.000015
-0.000015
-0.000015
-0.000013
-0.000016
-0.000017
-0.000017
-0.000015
-0.000015
-0.000018
-0.000018
-0.000018
-0.000019
-0.000019
-0.000020
-0.000019
-0.000019
-0.000021
-0.000023
-0.000022
-0.000022
-0.000024
-0.000023
-0.000044
-0.000046
-0.000047
-0.000052
-0.000049
-0.000045
-0.000041
-0.000048
-0.000050
-0.000042
-0.000040
-0.000041
-0.000035
-0.000036
-0.000043
-0.000036
-0.000034
-0.000034
-0.000035
-0.000037
-0.000031
-0.000035
-0.000036
-0.000028
-0.000029
-0.000030
-0.000025
-0.000025
-0.000030
-0.000029
-0.000028
-0.000020
-0.000018
-0.000020
-0.000017
-0.000017
-0.000019
-0.000013
-0.000022
-0.000021
-0.000022
-0.000018
-0.000015
-0.000022
-0.000017
-0.000019
-0.000018
-0.000018
-0.000017
-0.000014
-0.000013
-0.000013
-0.000012
-0.000015
-0.000016
-0.000020
-0.000016
-0.000012
-0.000015
-0.000018
-0.000017
-0.000019
-0.000021
-0.000020
-0.000018
-0.000020
-0.000019
-0.000023
-0.000022
-0.000022
-0.000024
-0.000024
-0.000023
-0.000046
-0.000045
-0.000048
-0.000050
-0.000051
-0.000045
-0.000045
-0.000048
-0.000045
-0.000035
-0.000037
-0.000039
-0.000034
-0.000037
-0.000044
-0.000036
-0.000036
-0.000037
-0.000031
-0.000032
-0.000038
-0.000031
-0.000025
-0.000027
-0.000027
-0.000025
-0.000029
-0.000029
-0.000029
-0.000030
-0.000029
-0.000021
-0.000025
-0.000019
-0.000020
-0.000021
-0.000019
-0.000021
-0.000021
-0.000024
-0.000020
-0.000020
-0.000021
-0.000019
-0.000018
-0.000022
-0.000018
-0.000019
-0.000016
-0.000015
-0.000014
-0.000016
-0.000017
-0.000018
-0.000019
-0.000019
-0.000017
-0.000016
-0.000018
-0.000018
-0.000020
-0.000019
-0.000020
-0.000019
-0.000018
-0.000022
-0.000022
-0.000023
-0.000024
-0.000023
-0.000023
-0.000024
0.000725
-0.000047
-0.000047
-0.000047
-0.000041
-0.000048
-0.000036
-0.000038
-0.000038
-0.000044
-0.000035
-0.000038
-0.000037
-0.000034
-0.000036
-0.000041
-0.000037
-0.000029
-0.000037
-0.000040
-0.000033
-0.000036
-0.000039
-0.000066
-0.000064
-0.000046
-0.000049
-0.000060
-0.000037
-0.000031
-0.000031
-0.000031
-0.000023
-0.000023
-0.000023
-0.000020
-0.000024
-0.000019
-0.000021
-0.000019
-0.000021
-0.000021
-0.000022
-0.000025
-0.000019
-0.000021
-0.000018
-0.000021
-0.000018
-0.000015
-0.000015
-0.000018
-0.000018
-0.000017
-0.000017
-0.000019
-0.000019
-0.000020
-0.000021
-0.000021
-0.000021
-0.000022
-0.000019
-0.000018
-0.000019
-0.000022
-0.000023
-0.000021
-0.000022
-0.000022
-0.000023
-0.000022
-0.000024
-0.000023
-0.000057
-0.000050
-0.000048
-0.000052
-0.000049
-0.000046
-0.000042
-0.000043
-0.000046
-0.000036
-0.000036
-0.000030
-0.000031
-0.000033
-0.000033
-0.000024
-0.000031
-0.000039
-0.000043
-0.000045
-0.000036
-0.000035
-0.000197
-0.000031
-0.000426
-0.000525
-0.001053
-0.000471
-0.000162
-0.000040
-0.000031
-0.000021
-0.000022
-0.000022
-0.000024
-0.000021
-0.000019
-0.000021
-0.000023
-0.000019
-0.000025
-0.000023
-0.000021
-0.000023
-0.000022
-0.000021
-0.000021
-0.000020
-0.000019
-0.000019
-0.000017
-0.000020
-0.000017
-0.000017
-0.000019
-0.000022
-0.000019
-0.000024
-0.000023
-0.000021
-0.000022
-0.000022
-0.000022
-0.000024
-0.000025
-0.000022
-0.000023
-0.000023
-0.000022
-0.000024
-0.000025
-0.000024
-0.000022
-0.000058
-0.000057
-0.000057
-0.000045
-0.000044
-0.000044
-0.000038
-0.000035
-0.000040
-0.000041
-0.000038
-0.000033
-0.000032
-0.000031
-0.000029
-0.000030
-0.000025
-0.000032
-0.000033
-0.000040
0.000130
0.000895
0.002479
0.002037
0.000766
0.000537
-0.000252
-0.001161
-0.004214
-0.003225
-0.000226
-0.000023
-0.000022
-0.000019
-0.000023
-0.000023
-0.000019
-0.000020
-0.000025
-0.000021
-0.000021
-0.000020
-0.000023
-0.000024
-0.000020
-0.000021
-0.000019
-0.000019
-0.000019
-0.000019
-0.000019
-0.000018
-0.000018
-0.000018
-0.000019
-0.000019
-0.000021
-0.000020
-0.000021
-0.000023
-0.000023
-0.000023
-0.000022
-0.000023
-0.000021
-0.000023
-0.000024
-0.000024
-0.000024
-0.000022
-0.000024
-0.000022
-0.000022
-0.000067
-0.000064
-0.000061
-0.000044
-0.000040
-0.000041
-0.000038
-0.000036
-0.000045
-0.000039
-0.000031
-0.000028
-0.000028
-0.000028
-0.000032
-0.000029
-0.000018
-0.000012
-0.000013
-0.000043
0.000270
0.000067
-0.000694
0.000198
0.000052
0.000190
0.002976
0.000158
-0.001473
-0.000160
-0.000025
-0.000024
-0.000024
-0.000019
-0.000019
-0.000023
-0.000021
-0.000020
-0.000024
-0.000020
-0.000020
-0.000018
-0.000018
-0.000021
-0.000019
-0.000020
-0.000019
-0.000018
-0.000021
-0.000019
-0.000018
-0.000017
-0.000018
-0.000020
-0.000019
-0.000021
-0.000022
-0.000024
-0.000023
-0.000022
-0.000024
-0.000024
-0.000023
-0.000023
-0.000023
-0.000025
-0.000025
-0.000025
-0.000024
-0.000023
-0.000019
-0.000029
-0.001100
-0.000064
-0.000069
-0.000064
-0.000051
-0.000047
-0.000042
-0.000045
-0.000037
-0.000034
-0.000031
-0.000030
-0.000025
-0.000030
-0.000028
-0.000007
-0.000002
-0.000288
-0.000031
0.000086
-0.000059
-0.000121
-0.000291
-0.000105
-0.000360
-0.000129
0.000581
0.003557
0.001419
-0.000021
-0.000025
-0.000030
-0.000023
-0.000023
-0.000017
0.000006
0.000016
0.000018
0.000001
-0.000017
-0.000022
-0.000026
-0.000020
-0.000018
-0.000019
-0.000019
-0.000018
-0.000018
-0.000020
-0.000020
-0.000020
-0.000018
-0.000018
-0.000016
-0.000017
-0.000021
-0.000019
-0.000023
-0.000025
-0.000022
-0.000021
-0.000021
-0.000022
-0.000024
-0.000023
-0.000024
-0.000026
-0.000024
-0.000025
-0.000023
-0.000021
-0.000028
-0.000027
-0.000025
-0.000065
-0.000073
-0.000067
-0.000052
-0.000043
-0.000040
-0.000047
-0.000038
-0.000025
-0.000026
-0.000026
-0.000026
-0.000025
-0.000002
-0.000136
0.000147
-0.000089
-0.000203
-0.000031
-0.000202
-0.000439
-0.000166
-0.000132
-0.000219
-0.000149
0.000779
0.003333
0.000645
0.000179
0.000014
-0.000002
-0.000020
-0.000138
0.000057
0.000417
0.000766
0.000701
0.000472
0.000086
-0.000018
-0.000026
-0.000020
-0.000018
-0.000021
-0.000036
-0.000018
-0.000021
-0.000020
-0.000019
-0.000020
-0.000019
-0.000018
-0.000021
-0.000022
-0.000021
-0.000022
-0.000022
-0.000024
-0.000022
-0.000018
-0.000018
-0.000022
-0.000022
-0.000024
-0.000023
-0.000023
-0.000023
-0.000025
-0.000025
-0.000025
-0.000027
-0.000024
-0.000025
-0.000065
-0.000071
-0.000058
-0.000052
-0.000043
-0.000036
-0.000037
-0.000037
-0.000035
-0.000031
-0.000025
-0.000022
0.000001
-0.000005
-0.000184
-0.000451
-0.000082
-0.000159
-0.000041
-0.000285
-0.000210
-0.000113
-0.000246
-0.000178
0.000178
0.000286
0.000267
0.000292
0.000614
0.000228
0.000201
0.000232
0.000147
0.000361
0.001214
0.001171
0.001014
0.001083
0.001111
0.000104
-0.000027
-0.000021
-0.000018
-0.000019
-0.000021
-0.000014
-0.000019
-0.000019
-0.000022
-0.000021
-0.000019
-0.000020
-0.000020
-0.000021
-0.000021
-0.000023
-0.000020
-0.000019
-0.000023
-0.000017
-0.000022
-0.000025
-0.000024
-0.000025
-0.000026
-0.000024
-0.000026
-0.000025
-0.000021
-0.000022
-0.000023
-0.000021
-0.000021
-0.000065
-0.000058
-0.000052
-0.000048
-0.000048
-0.000039
-0.000034
-0.000034
-0.000033
-0.000023
-0.000025
-0.000004
-0.000016
0.000026
0.000183
-0.001924
-0.000227
-0.000017
-0.000019
-0.000006
-0.000009
-0.000064
-0.000087
0.000492
0.000520
0.000551
0.000126
0.000427
0.000268
0.000020
0.000268
0.000453
0.000165
0.000365
0.001841
0.001764
0.001402
0.001354
0.001841
0.000946
-0.000047
0.000032
-0.000037
-0.000018
-0.000021
-0.000022
-0.000020
-0.000021
-0.000021
-0.000020
-0.000020
-0.000020
-0.000023
-0.000021
-0.000019
-0.000020
-0.000021
-0.000024
-0.000024
-0.000025
-0.000024
-0.000025
-0.000024
-0.000025
-0.000026
-0.000026
-0.000023
-0.000022
-0.000022
-0.000021
-0.000020
-0.000024
-0.000596
-0.000064
-0.000059
-0.000058
-0.000052
-0.000045
-0.000034
-0.000031
-0.000030
-0.000029
-0.000025
-0.000014
-0.000017
-0.000012
0.000035
0.000688
-0.002858
-0.000543
-0.000027
-0.000027
-0.000017
-0.000009
0.000026
0.000385
0.000906
0.001684
0.001476
0.000297
0.000532
0.000448
0.000118
0.000161
0.000762
0.000401
-0.000073
0.001397
0.002132
0.001660
0.001683
0.002212
0.001500
0.000031
-0.000282
-0.000615
-0.000317
-0.000169
-0.000025
-0.000021
-0.000020
-0.000021
-0.000021
-0.000022
-0.000021
-0.000023
-0.000021
-0.000018
-0.000022
-0.000025
-0.000025
-0.000027
-0.000028
-0.000024
-0.000024
-0.000023
-0.000025
-0.000025
-0.000026
-0.000027
-0.000024
-0.000019
-0.000024
-0.000027
-0.000023
-0.000021
-0.000050
-0.000048
-0.000059
-0.000053
-0.000048
-0.000034
-0.000029
-0.000031
-0.000031
-0.000023
-0.000026
-0.000020
-0.000018
0.000012
0.000567
0.001675
-0.001099
-0.000069
-0.000034
-0.000022
0.000011
0.000900
0.001483
0.002661
0.002387
0.001622
0.001522
0.001177
0.001624
0.000760
0.000123
0.000197
0.000283
0.000249
0.000432
0.001573
0.001876
0.002016
0.002179
0.001572
0.000280
-0.000155
-0.000795
-0.002600
-0.001174
0.000058
-0.000030
-0.000021
-0.000021
-0.000023
-0.000022
-0.000015
-0.000021
-0.000020
-0.000022
-0.000022
-0.000024
-0.000027
-0.000032
-0.000025
-0.000025
-0.000024
-0.000024
-0.000027
-0.000028
-0.000027
-0.000027
-0.000026
-0.000028
-0.000025
-0.000023
-0.000023
-0.000020
-0.000036
-0.000039
-0.000062
-0.000041
-0.000044
-0.000017
-0.000024
-0.000028
-0.000026
-0.000025
-0.000027
-0.000024
-0.000016
-0.000008
0.000190
0.001105
-0.002337
-0.000233
-0.000338
-0.000220
0.000386
0.001140
0.001230
0.002284
0.001898
0.001117
0.001275
0.001183
0.001594
0.000901
0.000248
-0.000008
-0.000043
0.000030
-0.000124
0.000942
0.001583
0.002397
0.002348
0.001550
0.000576
0.000176
-0.000231
0.000347
0.002969
0.002634
0.000179
-0.000024
-0.000022
-0.000020
-0.000021
-0.000022
-0.000025
-0.000024
-0.000024
-0.000024
-0.000028
-0.000029
-0.000027
-0.000027
-0.000027
-0.000026
-0.000026
-0.000023
-0.000029
-0.000024
-0.000028
-0.000032
-0.000027
-0.000024
-0.000024
-0.000024
-0.000016
-0.000054
-0.000064
-0.000054
-0.000039
-0.000045
-0.000031
-0.000030
-0.000034
-0.000025
-0.000029
-0.000029
-0.000025
-0.000020
-0.000018
0.000081
0.000594
-0.000252
-0.000694
0.000127
0.000194
0.000441
0.000699
0.000808
0.000869
0.001621
0.000283
0.000295
0.000317
0.000751
0.000880
0.001583
0.001083
0.000280
0.000168
0.000005
0.000115
0.000464
0.001762
0.002180
0.001588
0.000366
0.000002
0.000185
0.000880
0.001837
0.001440
0.000567
0.000047
-0.000023
-0.000022
-0.000023
-0.000022
-0.000026
-0.000025
-0.000028
-0.000025
-0.000026
-0.000024
-0.000028
-0.000027
-0.000025
-0.000024
-0.000023
-0.000024
-0.000025
-0.000025
-0.000028
-0.000030
-0.000028
-0.000028
-0.000027
-0.000028
-0.000010
-0.000062
-0.000055
-0.000054
-0.000049
-0.000045
-0.000042
-0.000028
-0.000033
-0.000030
-0.000034
-0.000037
-0.000025
-0.000028
-0.000030
0.000029
0.000229
0.000118
0.000069
0.000186
0.000344
0.000344
0.000479
0.000527
0.000624
0.000698
0.000710
0.000708
0.000558
0.000331
-0.000328
0.000151
0.000399
0.000283
0.000394
0.000089
-0.000418
-0.000280
0.000289
0.000423
0.000860
0.000285
0.000366
-0.000059
-0.000755
-0.000923
-0.000146
0.000205
0.000644
0.000113
-0.000022
-0.000023
-0.000024
-0.000026
-0.000028
-0.000028
-0.000025
-0.000022
-0.000025
-0.000027
-0.000027
-0.000025
-0.000024
-0.000023
-0.000023
-0.000026
-0.000037
-0.000032
-0.000029
-0.000032
-0.000031
-0.000030
-0.000026
-0.000014
-0.000065
-0.000061
-0.000054
-0.000051
-0.000038
-0.000041
-0.000036
-0.000033
-0.000050
-0.000058
-0.000049
-0.000045
-0.000048
-0.000038
-0.000038
0.000022
-0.000003
0.000053
0.000088
0.000065
0.000056
0.000119
0.000179
0.000125
0.000181
0.000205
0.000056
-0.000214
-0.001064
-0.001586
-0.000778
-0.001529
-0.001192
0.000077
0.000031
-0.000571
0.000584
0.000818
0.000512
0.001488
0.002117
0.003297
0.000207
-0.000669
0.000320
-0.000125
0.000149
0.000659
0.001217
0.000101
-0.000024
-0.000025
-0.000024
-0.000025
-0.000027
-0.000024
-0.000025
-0.000030
-0.000028
-0.000026
-0.000025
-0.000026
-0.000022
-0.000026
-0.000030
-0.000032
-0.000029
-0.000028
-0.000032
-0.000029
-0.000027
-0.000022
-0.000021
-0.000064
-0.000057
-0.000050
-0.000049
-0.000037
-0.000039
-0.000036
-0.000042
-0.000041
-0.000057
-0.000055
-0.000055
-0.000051
-0.000039
-0.000037
-0.000040
-0.000033
-0.000038
-0.000038
-0.000035
-0.000035
-0.000046
0.000131
0.002998
0.001368
-0.001232
-0.002022
-0.001865
-0.002235
-0.002925
-0.002890
-0.000971
-0.000833
-0.000083
-0.000730
-0.000863
0.000214
0.001035
0.002192
0.003185
0.001572
0.001897
0.001545
0.001723
0.000806
0.000470
0.000016
-0.000230
0.000789
0.000713
-0.000170
-0.000025
-0.000024
-0.000024
-0.000025
-0.000026
-0.000025
-0.000027
-0.000026
-0.000023
-0.000025
-0.000027
-0.000028
-0.000030
-0.000030
-0.000034
-0.000028
-0.000033
-0.000029
-0.000029
-0.000028
-0.000028
-0.000024
-0.000055
-0.000046
-0.000049
-0.000049
-0.000048
-0.000041
-0.000043
-0.000041
-0.000044
-0.000051
-0.000050
-0.000046
-0.000044
-0.000034
-0.000036
-0.000041
-0.000034
-0.000037
-0.000041
-0.000047
-0.000025
0.000948
0.001351
0.002055
0.000424
-0.000638
-0.001776
-0.001914
-0.002492
-0.002732
-0.002667
-0.001524
-0.001473
-0.001129
-0.000823
0.000647
0.000408
0.000142
0.000492
-0.000602
-0.000604
0.000339
0.001137
0.001748
0.002689
0.000294
-0.001622
-0.002315
0.000349
0.000302
-0.001529
-0.000307
-0.000020
-0.000022
-0.000024
-0.000026
-0.000021
-0.000021
-0.000023
-0.000024
-0.000026
-0.000029
-0.000031
-0.000034
-0.000035
-0.000057
-0.000036
-0.000032
-0.000032
-0.000028
-0.000027
-0.000027
-0.000029
-0.000055
-0.000051
-0.000043
-0.000054
-0.000046
-0.000045
-0.000049
-0.000046
-0.000044
-0.000042
-0.000048
-0.000048
-0.000045
-0.000040
-0.000032
-0.000036
-0.000040
-0.000054
-0.000061
-0.000075
0.000227
0.000644
0.000797
0.000929
0.000428
0.000132
-0.000547
-0.001599
-0.002961
-0.003415
-0.002451
-0.000873
0.000078
-0.000652
0.000274
0.001109
0.000260
0.000049
-0.000129
0.000662
0.000434
0.000385
-0.000496
0.000093
0.001092
0.002350
-0.000268
-0.000039
0.000212
-0.002123
-0.005502
-0.010806
0.000140
-0.000023
-0.000025
-0.000029
-0.000026
-0.000026
-0.000030
-0.000026
-0.000026
-0.000030
-0.000036
-0.000034
-0.000035
-0.000035
-0.000035
-0.000033
-0.000029
-0.000041
-0.000025
-0.000028
-0.000029
-0.000048
-0.000053
-0.000050
-0.000052
-0.000055
-0.000044
-0.000044
-0.000042
-0.000049
-0.000039
-0.000042
-0.000056
-0.000054
-0.000049
-0.000045
-0.000046
-0.000049
-0.000101
-0.000131
-0.000114
0.000048
0.000498
0.000691
0.000727
0.001133
0.000828
-0.000389
-0.001976
-0.002826
-0.003328
-0.002788
-0.000414
0.000476
0.000043
0.000367
0.000588
0.000394
0.000185
0.000246
0.000045
0.000022
-0.000384
0.000086
-0.000225
-0.000076
-0.001145
-0.000494
0.000865
-0.001882
-0.005689
-0.009684
-0.012815
-0.010521
0.000222
0.001097
-0.000024
-0.000026
-0.000028
-0.000027
-0.000029
-0.000028
-0.000028
-0.000028
-0.000034
-0.000033
-0.000016
-0.000030
-0.000030
-0.000027
-0.000031
-0.000030
-0.000028
-0.000030
-0.000058
-0.000057
-0.000054
-0.000059
-0.000059
-0.000043
-0.000048
-0.000051
-0.000048
-0.000046
-0.000043
-0.000057
-0.000056
-0.000053
-0.000046
-0.000051
-0.000087
-0.000104
-0.000111
-0.000124
-0.000151
0.000063
0.000573
0.000632
0.000574
-0.000478
-0.001178
-0.001243
-0.002182
-0.003398
-0.002824
0.000514
0.001045
0.000627
0.000806
0.000683
0.000612
0.000509
0.000818
0.000302
-0.000081
-0.000964
-0.001017
-0.001022
-0.000321
-0.000517
-0.002153
-0.001304
-0.003244
-0.008444
-0.012097
-0.007764
-0.003458
0.000063
0.006515
0.000236
-0.000025
-0.000025
-0.000028
-0.000029
-0.000028
-0.000022
-0.000026
-0.000036
-0.000031
-0.000025
-0.000030
-0.000030
-0.000031
-0.000031
-0.000034
-0.000031
-0.000029
-0.000053
-0.000051
-0.000047
-0.000056
-0.000047
-0.000048
-0.000052
-0.000059
-0.000052
-0.000052
-0.000050
-0.000058
-0.000055
-0.000062
-0.000057
-0.000085
-0.000105
-0.000112
-0.000109
-0.000110
-0.000113
-0.000152
0.000024
0.000296
-0.000085
-0.001063
-0.000548
-0.000197
0.000136
-0.000948
-0.001676
0.000310
0.000270
0.000661
0.000798
0.000762
0.000823
0.000396
0.000059
-0.000285
-0.000396
-0.001012
-0.001131
-0.000792
-0.000650
-0.000659
-0.000069
-0.000905
-0.004370
-0.007399
-0.006055
-0.002316
0.001747
0.007220
0.008179
0.008130
-0.000071
-0.000076
-0.000028
-0.000027
-0.000026
-0.000028
-0.000030
-0.000030
-0.000031
-0.000033
-0.000034
-0.000037
-0.000032
-0.000033
-0.000031
-0.000032
-0.000030
-0.000049
-0.000040
-0.000052
-0.000067
-0.000055
-0.000062
-0.000039
-0.000023
-0.000027
-0.000057
-0.000060
-0.000052
-0.000113
-0.000116
-0.000098
-0.000089
-0.000093
-0.000090
-0.000103
-0.000106
-0.000128
-0.000159
-0.000080
0.000107
0.000085
-0.000223
-0.000069
0.000207
0.000464
-0.000953
-0.001626
-0.000490
0.000110
0.000686
0.000602
0.000273
0.000379
0.000548
0.000425
-0.000463
-0.000172
-0.000405
-0.000819
-0.000846
-0.000810
-0.000898
-0.000509
-0.000022
-0.001327
-0.002459
-0.000833
0.002729
0.016147
0.011007
0.013132
0.003522
-0.000081
-0.000961
0.000023
0.000019
0.000007
-0.000025
-0.000028
-0.000025
-0.000024
-0.000031
-0.000035
-0.000034
-0.000033
-0.000033
-0.000028
-0.000028
-0.000029
-0.000042
-0.000048
-0.000050
-0.000060
-0.000052
-0.000039
-0.000038
-0.000031
-0.000044
-0.000025
-0.000027
-0.000080
-0.000123
-0.000111
-0.000103
-0.000097
-0.000102
-0.000114
-0.000112
-0.000123
-0.000135
-0.000073
-0.000078
-0.000096
-0.000148
-0.000169
-0.000072
-0.000265
-0.000102
-0.002100
-0.002381
-0.001159
-0.000804
-0.000444
-0.000075
-0.000163
0.000282
0.000139
-0.000444
-0.000408
-0.000182
0.000056
-0.000853
-0.001006
-0.001304
-0.001095
-0.001312
-0.001234
-0.000358
0.000103
0.001280
0.007447
0.019569
0.014513
0.006378
0.002572
0.002122
0.001834
0.000108
0.000398
0.000555
0.000015
0.000002
-0.000024
-0.000026
-0.000031
-0.000031
-0.000029
-0.000028
-0.000028
-0.000027
-0.000026
-0.000029
-0.000039
-0.000044
-0.000050
-0.000055
-0.000049
-0.000034
-0.000041
-0.000038
-0.000040
-0.000043
-0.000046
-0.000028
-0.000005
-0.000011
-0.000021
-0.000057
-0.000111
-0.000031
-0.000051
-0.000044
-0.000077
-0.000053
-0.000085
-0.000061
-0.000053
-0.000036
-0.000034
-0.000036
-0.000023
-0.000156
-0.000008
-0.002116
-0.000368
-0.000589
-0.000906
-0.000364
0.000308
-0.000125
-0.000559
-0.000751
-0.000175
-0.000428
-0.001187
-0.002330
-0.003185
-0.002849
-0.003413
-0.002827
-0.003637
-0.000044
0.006591
0.020564
0.013011
0.005971
0.003909
0.004989
0.006610
0.002222
0.000725
0.001269
0.000930
0.000410
0.000215
0.000004
-0.000013
-0.000022
-0.000029
-0.000026
-0.000027
-0.000028
-0.000026
-0.000015
-0.000027
-0.000044
-0.000042
-0.000048
-0.000037
-0.000034
-0.000059
-0.000050
-0.000041
-0.000034
-0.000036
-0.000040
-0.000062
-0.000058
-0.000061
-0.000085
-0.000071
-0.000047
-0.000053
-0.000054
-0.000049
-0.000048
-0.000057
-0.000095
-0.000053
-0.000059
-0.000050
-0.000050
-0.000048
-0.000032
-0.000024
-0.000027
-0.000653
-0.000419
-0.000276
-0.000260
-0.000143
-0.000019
0.000207
0.000119
-0.000578
-0.001219
-0.001678
-0.001836
-0.003594
-0.007858
-0.007237
-0.006713
-0.003999
-0.003937
-0.004528
0.004503
0.013040
0.001446
-0.000623
-0.001272
0.000416
0.000586
0.000358
0.000373
0.000040
-0.000020
0.000011
-0.000028
-0.000029
-0.000034
-0.000033
-0.000031
-0.000026
-0.000026
-0.000032
-0.000034
-0.000031
-0.000023
-0.000018
-0.000044
-0.000040
-0.000043
-0.000040
-0.000050
-0.000044
-0.000034
-0.000026
-0.000021
-0.000014
-0.000041
-0.000058
-0.000067
-0.000058
-0.000057
-0.000048
-0.000038
-0.000043
-0.000076
-0.000052
-0.000031
-0.000037
-0.000046
-0.000051
-0.000042
-0.000042
-0.000045
-0.000044
-0.000037
-0.000034
-0.000032
-0.000055
-0.000032
-0.000029
-0.000033
-0.000032
0.000004
-0.000005
-0.000016
0.000016
-0.000099
-0.000274
-0.000143
-0.004082
-0.005430
-0.003419
-0.003195
-0.004869
-0.004089
-0.003902
-0.000627
-0.000080
0.000235
0.000617
0.000158
0.000343
0.000060
-0.000015
-0.000036
-0.000037
-0.000035
-0.000039
-0.000031
-0.000035
-0.000035
-0.000036
-0.000034
-0.000033
-0.000032
-0.000032
-0.000027
-0.000022
-0.000037
-0.000039
-0.000041
-0.000045
-0.000036
-0.000028
-0.000026
-0.000031
-0.000039
-0.000037
-0.000022
-0.000052
-0.000038
-0.000040
-0.000047
-0.000047
-0.000048
-0.000029
-0.000035
-0.000056
-0.000041
-0.000053
-0.000045
-0.000051
-0.000061
-0.000041
-0.000032
-0.000043
-0.000040
-0.000038
-0.000029
-0.000035
-0.000036
-0.000034
-0.000030
-0.000051
-0.000056
-0.000049
-0.000043
-0.000048
-0.000049
-0.000046
-0.000051
-0.000072
0.000304
-0.005471
-0.004149
-0.003857
-0.003971
-0.004080
-0.004595
-0.000483
0.000005
0.000002
-0.000004
-0.000011
-0.000012
-0.000034
-0.000044
-0.000042
-0.000041
-0.000041
-0.000042
-0.000035
-0.000030
-0.000029
-0.000034
-0.000031
-0.000036
-0.000027
-0.000029
-0.000027
-0.000025
-0.000034
-0.000034
-0.000040
-0.000034
-0.000030
-0.000033
-0.000038
-0.000040
-0.000042
-0.000038
-0.000028
-0.000016
-0.000023
-0.000030
-0.000047
-0.000047
-0.000050
-0.000039
-0.000042
-0.000048
-0.000056
-0.000048
-0.000039
-0.000061
-0.000061
-0.000040
-0.000031
-0.000031
-0.000055
-0.000034
-0.000061
-0.000048
-0.000028
-0.000037
-0.000042
-0.000053
-0.000047
-0.000042
-0.000044
-0.000049
-0.000046
-0.000047
-0.000063
-0.000074
-0.000052
-0.000010
-0.004722
-0.002809
-0.002736
-0.002820
-0.001264
-0.000809
-0.000257
-0.000061
-0.000044
-0.000045
-0.000054
-0.000053
-0.000038
-0.000039
-0.000042
-0.000044
-0.000041
-0.000035
-0.000030
-0.000032
-0.000032
-0.000033
-0.000028
-0.000024
-0.000027
-0.000026
-0.000030
-0.000029
-0.000034
-0.000038
-0.000032
-0.000037
-0.000042
-0.000043
-0.000044
-0.000040
-0.000038
-0.000035
-0.000027
-0.000015
-0.000027
-0.000050
-0.000048
-0.000061
-0.000076
-0.000051
-0.000042
-0.000034
-0.000039
-0.000040
-0.000057
-0.000062
-0.000063
-0.000024
-0.000026
-0.000037
-0.000049
-0.000054
-0.000048
-0.000038
-0.000040
-0.000052
-0.000042
-0.000037
-0.000039
-0.000038
-0.000052
-0.000058
-0.000064
-0.000074
-0.000050
-0.000046
-0.000048
-0.000513
-0.003421
-0.002899
-0.001793
-0.000948
0.000305
0.000449
-0.000013
-0.000041
-0.000049
-0.000055
-0.000051
-0.000045
-0.000046
-0.000047
-0.000050
-0.000045
-0.000042
-0.000040
-0.000035
-0.000036
-0.000035
-0.000028
-0.000027
-0.000028
-0.000025
-0.000030
-0.000032
-0.000032
-0.000034
-0.000036
-0.000036
-0.000042
-0.000041
-0.000037
-0.000035
-0.000040
-0.000033
-0.000033
-0.000027
-0.000015
-0.000033
-0.000044
-0.000054
-0.000058
-0.000051
-0.000055
-0.000048
-0.000047
-0.000053
-0.000072
-0.000070
-0.000055
-0.000036
-0.000028
-0.000040
-0.000056
-0.000053
-0.000049
-0.000091
-0.000049
-0.000038
-0.000039
-0.000037
-0.000035
-0.000044
-0.000062
-0.000060
-0.000068
-0.000068
-0.000053
-0.000050
-0.000052
-0.000059
-0.000503
-0.001324
-0.000822
0.000015
0.000448
0.000013
-0.000053
-0.000058
-0.000060
-0.000055
-0.000052
-0.000046
-0.000046
-0.000046
-0.000045
-0.000044
-0.000047
-0.000039
-0.000038
-0.000037
-0.000034
-0.000032
-0.000028
-0.000029
-0.000030
-0.000032
-0.000031
-0.000030
-0.000033
-0.000035
-0.000043
-0.000035
-0.000033
-0.000034
-0.000035
-0.000034
-0.000035
-0.000033
-0.000031
-0.000020
-0.000025
-0.000031
-0.000044
-0.000042
-0.000048
-0.000055
-0.000046
-0.000046
-0.000047
-0.000065
-0.000076
-0.000066
-0.000040
-0.000036
-0.000050
-0.000066
-0.000048
-0.000053
-0.000056
-0.000043
-0.000035
-0.000034
-0.000036
-0.000042
-0.000047
-0.000048
-0.000057
-0.000054
-0.000046
-0.000058
-0.000053
-0.000058
-0.000062
-0.000066
-0.000136
-0.000115
0.000046
-0.000036
-0.000056
-0.000055
-0.000054
-0.000053
-0.000053
-0.000054
-0.000048
-0.000051
-0.000050
-0.000048
-0.000046
-0.000047
-0.000041
-0.000038
-0.000037
-0.000032
-0.000034
-0.000032
-0.000033
-0.000032
-0.000033
-0.000032
-0.000033
-0.000037
-0.000030
-0.000030
-0.000033
-0.000032
-0.000029
-0.000033
-0.000033
-0.000031
-0.000032
-0.000035
-0.000028
-0.000026
-0.000029
-0.000038
-0.000045
-0.000036
-0.000038
-0.000039
-0.000039
-0.000053
-0.000048
-0.000062
-0.000056
-0.000057
-0.000052
-0.000062
-0.000065
-0.000055
-0.000051
-0.000061
-0.000056
-0.000053
-0.000040
-0.000058
-0.000050
-0.000046
-0.000051
-0.000053
-0.000055
-0.000050
-0.000056
-0.000054
-0.000066
-0.000085
-0.000064
-0.000056
-0.000055
-0.000056
-0.000065
-0.000065
-0.000058
-0.000057
-0.000051
-0.000050
-0.000051
-0.000048
-0.000047
-0.000048
-0.000047
-0.000042
-0.000045
-0.000042
-0.000034
-0.000035
-0.000037
-0.000034
-0.000038
-0.000033
-0.000034
-0.000039
-0.000033
-0.000043
-0.000034
-0.000034
-0.000038
-0.000035
-0.000030
-0.000027
-0.000029
-0.000030
-0.000033
-0.000031
-0.000030
-0.000039
-0.000049
-0.000036
-0.000037
-0.000038
-0.000029
-0.000038
-0.000036
-0.000039
-0.000043
-0.000056
-0.000058
-0.000046
-0.000034
-0.000049
-0.000049
-0.000060
-0.000053
-0.000066
-0.000060
-0.000057
-0.000042
-0.000044
-0.000038
-0.000052
-0.000058
-0.000058
-0.000057
-0.000059
-0.000063
-0.000055
-0.000059
-0.000061
-0.000063
-0.000056
-0.000056
-0.000053
-0.000054
-0.000063
-0.000061
-0.000059
-0.000060
-0.000059
-0.000054
-0.000048
-0.000053
-0.000051
-0.000047
-0.000044
-0.000040
-0.000041
-0.000040
-0.000040
-0.000035
-0.000036
-0.000041
-0.000038
-0.000037
-0.000037
-0.000038
-0.000027
-0.000034
-0.000033
-0.000032
-0.000025
-0.000030
-0.000029
-0.000029
-0.000023
-0.000027
-0.000029
-0.000026
-0.000028
-0.000039
-0.000042
-0.000040
-0.000036
-0.000035
-0.000022
-0.000020
-0.000027
-0.000036
-0.000039
-0.000047
-0.000051
-0.000027
-0.000035
-0.000035
-0.000053
-0.000061
-0.000048
-0.000053
-0.000054
-0.000057
-0.000043
-0.000046
-0.000042
-0.000056
-0.000056
-0.000053
-0.000050
-0.000046
-0.000043
-0.000042
-0.000051
-0.000049
-0.000046
-0.000055
-0.000052
-0.000050
-0.000057
-0.000067
-0.000072
-0.000066
-0.000075
-0.000054
-0.000046
-0.000043
-0.000043
-0.000047
-0.000049
-0.000046
-0.000046
-0.000041
-0.000038
-0.000045
-0.000038
-0.000037
-0.000040
-0.000038
-0.000039
-0.000036
-0.000031
