0.000705
0.000638
0.000587
0.000632
0.000626
0.000643
0.000725
0.000438
0.000695
0.000807
0.000786
-0.000603
0.000906
0.000839
0.000748
0.000549
0.000553
0.000525
0.000542
0.000432
0.000459
0.000641
0.000710
0.000682
0.000651
0.000558
0.000556
0.000516
0.000505
0.000441
0.000530
0.000606
0.000666
0.000564
0.000516
0.000536
0.000435
0.000502
0.000412
0.000338
0.000390
0.000394
0.000373
0.000337
0.000317
0.000237
0.000170
0.000200
0.000226
0.000223
0.000257
0.000195
0.000204
0.000186
0.000189
0.000162
0.000156
0.000192
0.000178
0.000278
0.000394
0.000465
0.000434
0.000307
0.000037
-0.000179
-0.001158
-0.000009
0.000091
0.000179
0.000061
0.000131
0.000195
0.000570
0.000538
0.000471
0.000437
0.000568
0.000573
0.000566
0.000586
0.000613
0.000599
0.000658
0.000566
0.000655
0.000732
0.000479
0.000545
0.000599
0.000560
0.000702
0.000635
0.000572
0.000497
0.000570
0.000623
0.000529
0.000582
0.000550
0.000506
0.000564
0.000582
0.000568
0.000647
0.000675
0.000618
0.000557
0.000600
0.000439
0.000436
0.000463
0.000427
0.000411
0.000419
0.000416
0.000358
0.000346
0.000412
0.000305
0.000244
0.000273
0.000291
0.000295
0.000263
0.000267
0.000295
0.000241
0.000275
0.000228
0.000205
0.000222
0.000281
0.000312
0.000259
0.000287
0.000341
0.000377
0.000299
0.000369
0.000344
0.000313
0.000276
0.000242
0.000224
0.000417
0.000539
0.000650
0.000573
0.000496
0.000488
0.000528
0.000589
0.000584
0.000606
0.000596
0.000604
0.000558
0.000624
0.000636
0.000488
0.000524
0.000571
0.000623
0.000588
0.000562
0.000556
0.000429
0.000463
0.000515
0.000527
0.000572
0.000564
0.000522
0.000575
0.000620
0.000546
0.000468
0.000600
0.000549
0.000639
0.000666
0.000546
0.000414
0.000460
0.000430
0.000452
0.000466
0.000404
0.000393
0.000388
0.000422
0.000305
0.000231
0.000300
0.000207
0.000327
0.000268
0.000264
0.000271
0.000218
0.000212
0.000222
0.000231
0.000212
0.000293
0.000262
0.000247
0.000309
0.000340
0.000347
0.000328
0.000299
0.000284
0.000310
0.000274
0.000229
0.000242
0.000404
0.000533
0.000582
0.000576
0.000499
0.000429
0.000461
0.000616
0.000603
0.000613
0.000573
0.000557
0.000584
0.000528
0.000580
0.000566
0.000527
0.000659
0.000602
0.000603
0.000573
0.000518
0.000498
0.000578
0.000432
0.000448
0.000545
0.000560
0.000574
0.000616
0.000609
0.000474
0.000443
0.000544
0.000624
0.000618
0.000649
0.000629
0.000568
0.000509
0.000461
0.000396
0.000427
0.000419
0.000391
0.000401
0.000313
0.000366
0.000257
0.000320
0.000349
0.000299
0.000269
0.000216
0.000222
0.000225
0.000234
0.000246
0.000209
0.000179
0.000264
0.000203
0.000215
0.000184
0.000328
0.000169
0.000161
0.000275
0.000273
0.000284
0.000332
0.000281
0.000225
0.000373
0.000586
0.000617
0.000577
0.000474
0.000416
0.000466
0.000552
0.000622
0.000569
0.000539
0.000527
0.000532
0.000539
0.000646
0.000696
0.000554
0.000533
0.000544
0.000521
0.000511
0.000450
0.000532
0.000488
0.000365
0.000403
0.000480
0.000515
0.000572
0.000499
0.000529
0.000486
0.000428
0.000548
0.000660
0.000502
0.000640
0.000621
0.000565
0.000488
0.000357
0.000369
0.000354
0.000384
0.000327
0.000351
0.000326
0.000293
0.000326
0.000387
0.000323
0.000208
0.000231
0.000250
0.000263
0.000276
0.000204
0.000210
0.000231
0.000228
0.000207
0.000158
0.000180
0.000298
0.000245
0.000254
0.000153
0.000172
0.000267
0.000307
0.000305
0.000304
0.000290
-0.002169
0.000574
0.000512
0.000596
0.000509
0.000451
0.000454
0.000511
0.000519
0.000497
0.000522
0.000372
0.000475
0.000564
0.000608
0.000683
0.000618
0.000506
0.000505
0.000527
0.000406
0.000426
0.000460
0.000479
0.000452
0.000424
0.000466
0.000526
0.000486
0.000463
0.000544
0.000503
0.000488
0.000513
0.000599
0.000492
0.000593
0.000600
0.000611
0.000504
0.000394
0.000413
0.000252
0.000413
0.000354
0.000418
0.000359
0.000295
0.000248
0.000265
0.000268
0.000213
0.000248
0.000243
0.000243
0.000232
0.000207
0.000223
0.000254
0.000283
0.000219
0.000189
0.000156
0.000185
0.000228
0.000145
0.000185
0.000235
0.000262
0.000280
0.000267
0.000323
0.000296
0.000408
0.000649
0.000616
0.000543
0.000437
0.000505
0.000407
0.000458
0.000537
0.000461
0.000438
0.000449
0.000475
0.000571
0.000482
0.000562
0.000578
0.000466
0.000529
0.000503
0.000466
0.000489
0.000531
0.000550
0.000483
0.000506
0.000534
0.000503
0.000508
0.000530
0.000531
0.000559
0.000539
0.000528
0.000678
0.000654
0.000641
0.000615
0.000572
0.000593
0.000472
0.000519
0.000480
0.000439
0.000359
0.000447
0.000307
0.000262
0.000233
0.000210
0.000224
0.000247
0.000265
0.000275
0.000210
0.000239
0.000169
0.000196
0.000198
0.000226
0.000243
0.000232
0.000176
0.000195
0.000159
0.000219
0.000314
0.000219
0.000255
0.000240
0.000255
0.000295
0.000322
0.000352
0.000616
0.000591
0.000505
0.000511
0.000501
0.000458
0.000384
0.000440
0.000522
0.000391
0.000432
0.000381
0.000480
0.000368
0.000378
0.000472
0.000517
0.000493
0.000498
0.000463
0.000535
0.000537
0.000550
0.000556
0.000523
0.000523
0.000497
0.000474
0.000477
0.000546
0.000588
0.000607
0.000617
0.000612
0.000680
0.000659
0.000643
0.000511
0.000560
0.000558
0.000563
0.000543
0.000352
0.000469
0.000464
0.000350
0.000275
0.000275
0.000275
0.000252
0.000271
0.000211
0.000236
0.000221
0.000238
0.000134
0.000137
0.000188
0.000212
0.000227
0.000169
0.000176
0.000131
0.000253
0.000244
0.000280
0.000231
0.000199
0.000230
0.000262
0.000296
0.000278
0.000229
0.000551
0.000510
0.000487
0.000488
0.000487
0.000505
0.000447
0.000452
0.000422
0.000477
0.000424
0.000476
0.000444
0.000422
0.000439
0.000372
0.000435
0.000480
0.000507
0.000535
0.000576
0.000576
0.000538
0.000504
0.000525
0.000630
0.000535
0.000479
0.000474
0.000480
0.000480
0.000557
0.000580
0.000588
0.000593
0.000581
0.000644
0.000650
0.000567
0.000531
0.000580
0.000553
0.000494
0.000454
0.000382
0.000330
0.000299
0.000297
0.000311
0.000244
0.000236
0.000218
0.000207
0.000233
0.000211
0.000158
0.000135
0.000182
0.000234
0.000219
0.000169
0.000184
0.000149
0.000183
0.000197
0.000264
0.000224
0.000234
0.000266
0.000280
0.000255
0.000258
0.001326
0.000522
0.000570
0.000520
0.000452
0.000414
0.000497
0.000479
0.000441
0.000459
0.000434
0.000382
0.000397
0.000418
0.000410
0.000457
0.000432
0.000433
0.000458
0.000429
0.000504
0.000579
0.000658
0.000618
0.000632
0.000626
0.000628
0.000585
0.000481
0.000439
0.000483
0.000567
0.000525
0.000489
0.000577
0.000546
0.000586
0.000605
0.000658
0.000563
0.000526
0.000490
0.000497
0.000462
0.000438
0.000390
0.000378
0.000364
0.000310
0.000245
0.000215
0.000231
0.000216
0.000188
0.000178
0.000223
0.000276
0.000292
0.000238
0.000266
0.000227
0.000205
0.000199
0.000235
0.000201
0.000228
0.000244
0.000250
0.000266
0.000287
0.000311
0.000326
0.000282
0.000337
0.000517
0.000536
0.000423
0.000431
0.000501
0.000459
0.000449
0.000422
0.000417
0.000408
0.000390
0.000376
0.000368
0.000449
0.000425
0.000419
0.000450
0.000477
0.000507
0.000517
0.000467
0.000626
0.000633
0.000683
0.000658
0.000626
0.000569
0.000538
0.000504
0.000526
0.000572
0.000571
0.000622
0.000660
0.000447
0.000479
0.000640
0.000660
0.000571
0.000535
0.000475
0.000475
0.000386
0.000338
0.000451
0.000361
0.000357
0.000330
0.000232
0.000225
0.000238
0.000251
0.000220
0.000164
0.000233
0.000299
0.000193
0.000232
0.000237
0.000241
0.000230
0.000228
0.000231
0.000172
0.000167
0.000190
0.000238
0.000332
0.000329
0.000334
0.000347
0.000382
0.000295
0.000559
0.000505
0.000521
0.000464
0.000470
0.000449
0.000404
0.000443
0.000427
0.000399
0.000349
0.000323
0.000366
0.000376
0.000418
0.000397
0.000380
0.000404
0.000463
0.000527
0.000512
0.000587
0.000578
0.000669
0.000642
0.000563
0.000603
0.000570
0.000564
0.000545
0.000600
0.000596
0.000580
0.000546
0.000533
0.000630
0.000616
0.000602
0.000586
0.000577
0.000545
0.000438
0.000414
0.000434
0.000407
0.000412
0.000370
0.000334
0.000254
0.000221
0.000219
0.000199
0.000220
0.000188
0.000249
0.000296
0.000240
0.000208
0.000227
0.000241
0.000252
0.000251
0.000273
0.000243
0.000207
0.000258
0.000273
0.000299
0.000330
0.000345
0.000364
0.000397
0.000303
0.000488
0.000490
0.000488
0.000454
0.000418
0.000447
0.000404
0.000433
0.000445
0.000367
0.000277
0.000349
0.000395
0.000367
0.000358
0.000354
0.000393
0.000446
0.000482
0.000517
0.000564
0.000598
0.000605
0.000629
0.000618
0.000606
0.000665
0.000601
0.000593
0.000593
0.000621
0.000705
0.000706
0.000731
0.000630
0.000706
0.000681
0.000615
0.000619
0.000580
0.000599
0.000531
0.000464
0.000518
0.000404
0.000370
0.000412
0.000377
0.000274
0.000194
0.000193
0.000230
0.000239
0.000232
0.000228
0.000245
0.000222
0.000173
0.000217
0.000239
0.000263
0.000251
0.000280
0.000290
0.000294
0.000306
0.000289
0.000283
0.000353
0.000299
0.000366
0.000367
0.000725
0.000478
0.000446
0.000478
0.000424
0.000430
0.000430
0.000400
0.000413
0.000382
0.000336
0.000362
0.000342
0.000333
0.000351
0.000360
0.000319
0.000328
0.000428
0.000474
0.000497
0.000571
0.000579
0.000292
-0.000026
-0.000045
0.000413
0.000616
0.000591
0.000582
0.000605
0.000639
0.000726
0.000737
0.000705
0.000689
0.000693
0.000631
0.000668
0.000681
0.000606
0.000572
0.000546
0.000571
0.000433
0.000452
0.000382
0.000392
0.000378
0.000332
0.000248
0.000249
0.000270
0.000294
0.000263
0.000220
0.000241
0.000243
0.000276
0.000240
0.000249
0.000223
0.000241
0.000323
0.000377
0.000314
0.000324
0.000349
0.000344
0.000201
0.000228
0.000346
0.000428
0.000235
0.000523
0.000480
0.000470
0.000512
0.000429
0.000412
0.000390
0.000388
0.000363
0.000338
0.000311
0.000318
0.000356
0.000345
0.000308
0.000273
0.000315
0.000403
0.000443
0.000472
0.000527
0.000400
-0.001895
-0.007523
-0.012517
-0.009347
-0.002499
-0.000023
0.000618
0.000587
0.000632
0.000693
0.000757
0.000718
0.000718
0.000735
0.000785
0.000812
0.000694
0.000707
0.000671
0.000632
0.000563
0.000561
0.000482
0.000413
0.000385
0.000363
0.000350
0.000315
0.000257
0.000224
0.000269
0.000223
0.000250
0.000343
0.000256
0.000356
0.000364
0.000314
0.000235
0.000259
0.000337
0.000376
0.000258
0.000301
0.000284
0.000227
0.000251
0.000205
0.000324
0.000415
0.000155
0.000431
0.000446
0.000472
0.000461
0.000421
0.000394
0.000378
0.000339
0.000325
0.000332
0.000322
0.000305
0.000388
0.000316
0.000287
0.000329
0.000356
0.000443
0.000442
0.000427
0.000427
0.000223
0.000012
-0.000861
-0.004105
-0.004605
-0.009563
-0.014874
-0.001837
0.000358
0.000607
0.000779
0.000746
0.000778
0.000727
0.000738
0.000749
0.000719
0.000819
0.000735
0.000682
0.000580
0.000624
0.000549
0.000455
0.000396
0.000356
0.000341
0.000373
0.000332
0.000261
0.000283
0.000282
0.000212
0.000203
0.000306
0.000359
0.000270
0.000350
0.000352
0.000324
0.000306
0.000344
0.000341
0.000301
0.000321
0.000289
0.000279
0.000277
0.000252
0.000322
0.000405
0.000129
0.000410
0.000457
0.000419
0.000438
0.000394
0.000344
0.000332
0.000337
0.000336
0.000305
0.000270
0.000294
0.000284
0.000331
0.000323
0.000355
0.000392
0.000354
0.000434
0.000449
0.000556
0.000204
-0.000447
-0.003733
-0.008184
-0.006488
-0.004931
-0.009634
-0.017304
0.000800
0.000863
0.000837
0.000826
0.000847
0.000754
0.000738
0.000822
0.000757
0.000729
0.000631
0.000644
0.000476
0.000503
0.000544
0.000499
0.000429
0.000356
0.000383
0.000378
0.000345
0.000271
0.000246
0.000270
0.000253
0.000176
0.000260
0.000358
0.000336
0.000322
0.000332
0.000333
0.000372
0.000318
0.000305
0.000290
0.000335
0.000301
0.000314
0.000293
0.000359
0.000404
0.000389
-0.001100
0.000497
0.000425
0.000414
0.000391
0.000372
0.000381
0.000337
0.000327
0.000356
0.000353
0.000348
0.000306
0.000321
0.000310
0.000306
0.000281
-0.001067
0.000032
0.000833
0.000581
0.000516
0.000415
0.000395
0.000177
0.000202
0.000154
-0.004885
-0.005284
0.001046
0.000948
0.000879
0.000854
0.000884
0.000808
0.000967
0.001110
0.001040
0.000826
0.000794
0.000792
0.000753
0.000619
0.000498
0.000529
0.000467
0.000401
0.000382
0.000392
0.000394
0.000335
0.000249
0.000240
0.000233
0.000246
0.000228
0.000231
0.000333
0.000358
0.000322
0.000332
0.000329
0.000332
0.000302
0.000276
0.000281
0.000328
0.000281
0.000176
0.000320
0.000445
0.000453
0.000361
0.000309
0.000443
0.000432
0.000389
0.000319
0.000336
0.000363
0.000371
0.000357
0.000340
0.000332
0.000345
0.000252
0.000309
0.000113
-0.002911
-0.001098
-0.001560
0.000524
0.000495
0.000601
0.000613
0.000565
0.000628
0.000672
0.000822
0.001332
-0.003552
0.001328
0.002478
0.001141
0.000912
0.000644
0.000624
-0.000644
0.004404
0.007601
0.005775
0.001868
0.001062
0.000787
0.000712
0.000628
0.000532
0.000467
0.000443
0.000409
0.000379
0.000326
0.000345
0.000331
0.000290
0.000250
0.000293
0.000313
0.000223
0.000158
0.000297
0.000298
0.000316
0.000325
0.000352
0.000293
0.000283
0.000305
0.000290
0.000340
0.000333
0.000409
0.000326
0.000329
0.000295
0.000307
0.000382
0.000462
0.000330
0.000325
0.000291
0.000325
0.000327
0.000316
0.000341
0.000338
0.000294
0.000235
0.000209
-0.000163
-0.007162
-0.005105
0.000520
0.000509
0.000316
0.000412
0.000546
0.000639
0.000711
0.000966
0.000922
0.000921
0.000629
0.000895
0.007470
0.011063
0.009124
0.008166
0.006013
0.004380
0.003593
0.001531
0.003081
0.006829
0.008231
0.003202
0.001415
0.000693
0.000612
0.000471
0.000466
0.000419
0.000334
0.000408
0.000388
0.000365
0.000346
0.000296
0.000264
0.000257
0.000272
0.000202
0.000197
0.000274
0.000279
0.000327
0.000333
0.000284
0.000263
0.000291
0.000335
0.000332
0.000352
0.000387
0.000335
0.000263
0.000272
0.000349
0.000322
0.000318
0.000425
0.000341
0.000349
0.000288
0.000287
0.000334
0.000319
0.000305
0.000321
0.000265
0.000250
0.000473
-0.000604
-0.008370
-0.007277
0.000317
0.000467
0.000441
0.000438
0.000528
0.000746
0.000829
0.000651
0.000775
-0.000089
0.000917
0.000772
0.003458
0.007040
0.007451
0.004293
0.001466
0.000942
0.001025
0.000171
0.000849
0.002027
0.007067
0.005665
0.003805
0.000227
0.000592
0.000514
0.000462
0.000435
0.000440
0.000426
0.000337
0.000371
0.000371
0.000336
0.000298
0.000290
0.000281
0.000243
0.000197
0.000273
0.000296
0.000326
0.000298
0.000351
0.000273
0.000312
0.000346
0.000412
0.000405
0.000346
0.000277
0.000307
0.000314
0.000329
0.000372
-0.000596
0.000388
0.000354
0.000320
0.000332
0.000316
0.000298
0.000294
0.000309
0.000297
0.000259
0.000301
0.000132
-0.000301
-0.011190
-0.010282
0.000069
0.000560
0.000553
0.000492
0.000625
0.000795
0.000581
0.001238
-0.003564
-0.002545
-0.000964
0.000128
0.000965
0.002342
-0.003558
0.001694
-0.000232
0.000579
0.000704
-0.000095
0.000504
0.001130
0.001645
0.002453
0.001566
-0.001570
0.000229
0.000657
0.000364
0.000306
0.000442
0.000450
0.000328
0.000352
0.000422
0.000401
0.000351
0.000266
0.000249
0.000281
0.000251
0.000261
0.000376
0.000379
0.000378
0.000329
0.000329
0.000367
0.000368
0.000407
0.000451
0.000410
0.000405
0.000346
0.000374
0.000422
0.000384
0.000392
0.000327
0.000336
0.000366
0.000343
0.000301
0.000235
0.000246
0.000276
0.000278
0.000261
0.000211
0.000169
0.000110
-0.004185
-0.009717
-0.000182
0.000619
0.000605
0.000555
0.000779
0.000663
-0.001031
-0.002864
-0.001806
-0.003380
0.000228
0.000507
0.000980
0.000955
0.000313
0.001187
-0.000051
0.000045
0.000541
0.000111
0.000278
0.000917
0.000751
0.001255
0.001714
-0.000750
0.000011
0.000025
-0.000001
0.000080
0.000334
0.000438
0.000354
0.000299
0.000393
0.000388
0.000411
0.000289
0.000203
0.000227
0.000223
0.000248
0.000346
0.000466
0.000353
0.000319
0.000331
0.000358
0.000377
0.000483
0.000503
0.000464
0.000484
0.000481
0.000379
0.000346
0.000304
0.000374
0.000263
0.000298
0.000364
0.000242
0.000247
0.000154
0.000234
0.000264
0.000231
0.000224
0.000212
0.000179
0.000137
-0.002850
-0.020305
-0.000026
0.000431
0.000570
0.000610
0.000582
-0.001713
-0.002639
-0.000644
0.000422
0.000642
0.000601
0.000653
0.000896
0.000969
0.001096
0.001309
0.000463
0.000236
0.000653
0.000355
0.000284
0.000953
0.001053
0.000469
0.000952
-0.000405
0.000335
0.000224
0.000110
0.000172
0.000039
-0.000019
0.000416
0.000346
0.000371
0.000278
0.000291
0.000314
0.000284
0.000286
0.000266
0.000271
0.000360
0.000411
0.000381
0.000382
0.000401
0.000210
0.000385
0.000392
0.000497
0.000533
0.000550
0.000408
0.000396
0.000362
0.000337
0.000388
0.000298
0.000336
0.000263
0.000221
0.000306
0.000195
0.000204
0.000274
0.000213
0.000205
0.000182
0.000151
0.000140
-0.000582
-0.008101
-0.006023
0.000723
0.000395
0.000481
0.000723
0.002206
0.003249
0.003281
0.001610
0.000648
0.000634
0.000652
0.000213
0.000715
0.000983
0.000797
0.000818
0.000402
0.000617
0.000320
0.000248
0.000749
0.000907
0.000890
0.000901
0.000131
0.000110
0.000184
0.000018
0.000148
0.000169
0.000124
0.000473
0.000309
0.000300
0.000305
0.000316
0.000412
0.000269
0.000270
0.000304
0.000286
0.000343
0.000412
0.000410
0.000447
0.000451
0.000357
0.000303
0.000395
0.000448
0.000518
0.000514
0.000453
0.000393
0.000362
0.000423
0.000441
0.000287
0.000271
0.000266
0.000262
0.000266
0.000181
0.000180
0.000223
0.000215
0.000181
0.000158
0.000150
0.000162
-0.000012
-0.004151
-0.004338
0.000629
0.002450
0.002135
0.005695
0.005430
0.005709
0.009667
0.008924
0.003500
0.000996
0.000744
0.000433
0.000444
0.000526
0.000303
0.000560
0.000762
0.000753
0.000832
0.000868
0.000760
0.000720
0.000875
0.000950
0.000799
-0.000684
-0.000058
0.000126
0.000102
0.000186
0.000227
0.000176
0.000323
0.000345
0.000324
0.000365
0.000460
0.000356
0.000289
0.000345
0.000232
0.000308
0.000394
0.000452
0.000439
0.000453
0.000372
0.000386
0.000386
0.000493
0.000489
0.000452
0.000513
0.000404
0.000346
0.000424
0.000475
0.000272
0.000270
0.000258
0.000241
0.000197
0.000171
0.000168
0.000170
0.000205
0.000161
0.000101
0.000092
0.000090
0.000074
0.000091
-0.000484
0.000331
0.002296
0.002370
-0.003829
-0.001146
0.002197
0.001297
0.003204
0.005348
0.001311
-0.000025
-0.000114
0.000875
0.000782
0.000618
-0.003613
-0.003868
0.001055
0.001546
0.000232
0.000840
0.000664
0.000616
0.000712
0.000721
0.000519
0.000382
0.000096
0.000058
0.000149
0.000239
0.000303
0.000132
0.000550
0.000410
0.000437
0.000416
0.000411
0.000329
0.000339
0.000362
0.000314
0.000393
0.000433
0.000478
0.000462
0.000358
0.000422
0.000460
0.000421
0.000428
0.000508
0.000475
0.000369
0.000401
0.000413
0.000522
0.000261
0.000250
0.000237
0.000233
0.000198
0.000189
0.000163
0.000188
0.000191
0.000133
0.000104
0.000067
0.000046
0.000048
0.000012
-0.000051
-0.000046
-0.000456
-0.000770
-0.000128
-0.000013
-0.001253
-0.000089
-0.001392
-0.001206
-0.001055
-0.001038
-0.001003
-0.000411
0.000375
-0.000518
-0.003759
-0.005578
-0.005099
-0.005138
-0.003573
0.000135
0.000702
0.000825
0.000842
0.000735
0.000639
0.000412
0.000321
0.000020
0.000116
0.000262
0.000336
0.000404
0.000312
0.000483
0.000441
0.000458
0.000474
0.000275
0.000392
0.000349
0.000318
0.000321
0.000468
0.000474
0.000506
0.000458
0.000459
0.000422
0.000445
0.000504
0.000524
0.000451
0.000407
0.000420
0.000425
0.000475
0.000262
0.000231
0.000224
0.000249
0.000192
0.000186
0.000186
0.000168
0.000150
0.000124
0.000094
0.000049
0.000026
-0.000002
-0.000029
-0.000047
-0.000070
-0.000086
-0.000037
0.000069
0.000212
0.000516
-0.001903
-0.002106
-0.001494
-0.001097
-0.001491
-0.001143
-0.000518
0.000534
-0.000012
-0.002900
-0.004969
-0.005483
-0.006109
-0.006184
-0.003481
-0.000122
0.000176
0.000880
0.000828
0.000620
0.000622
0.000516
0.000258
0.000133
0.000188
0.000302
0.000447
0.000414
0.000050
0.000459
0.000497
0.000495
0.000312
0.000304
0.000317
0.000354
0.000328
0.000469
0.000520
0.000552
0.000449
0.000397
0.000449
0.000528
0.000539
0.000532
0.000498
0.000466
0.000443
0.000527
0.000447
0.000276
0.000250
0.000193
0.000225
0.000171
0.000181
0.000195
0.000146
0.000117
0.000123
0.000087
0.000030
-0.000004
-0.000034
-0.000063
-0.000101
-0.000132
-0.000119
-0.000067
0.000057
0.006193
0.007279
-0.000566
-0.001959
-0.001732
-0.000989
-0.001495
-0.001482
-0.000631
0.000343
0.000136
-0.002939
-0.005365
-0.005341
-0.005861
-0.005583
-0.004908
-0.003807
-0.002833
-0.000401
-0.000470
-0.000166
0.000683
0.000581
0.000213
0.000035
0.000280
0.000344
0.000500
0.000299
0.000368
0.000222
0.000468
0.000492
0.000353
0.000144
0.000220
0.000309
0.000317
0.000447
0.000528
0.000492
0.000391
0.000379
0.000491
0.000560
0.000435
0.000508
0.000524
0.000508
0.000481
0.000353
0.000270
0.000252
0.000243
0.000241
0.000245
0.000216
0.000171
0.000186
0.000140
0.000132
0.000133
0.000065
0.000014
-0.000033
-0.000068
-0.000114
-0.000178
-0.000217
-0.000234
-0.000601
-0.000619
0.001464
0.008540
0.003312
-0.001771
-0.002400
-0.001633
-0.001732
-0.001874
-0.001027
-0.000541
-0.000179
-0.003999
-0.006473
-0.005753
-0.005603
-0.005386
-0.004545
-0.004794
-0.004063
-0.003480
-0.002969
-0.003379
-0.000007
0.000316
0.000458
0.000169
0.000451
0.000513
0.000441
0.000320
0.000430
0.000549
0.000402
0.000449
0.000428
0.000170
0.000223
0.000284
0.000323
0.000383
0.000387
0.000362
0.000426
0.000435
0.000456
0.000354
0.000443
0.000468
0.000529
0.000461
0.000387
0.000337
0.000272
0.000308
0.000269
0.000244
0.000252
0.000235
0.000232
0.000191
0.000141
0.000118
0.000090
0.000102
0.000026
-0.000047
-0.000098
-0.000145
-0.000217
-0.000265
-0.000483
-0.000537
-0.000648
-0.000645
0.003823
0.004156
0.000653
-0.002155
-0.002135
-0.002134
-0.001519
-0.000771
-0.001004
-0.000779
-0.004847
-0.007929
-0.005477
-0.004638
-0.005300
-0.005010
-0.004669
-0.004464
-0.004116
-0.004840
-0.004574
-0.002439
-0.001652
-0.000715
0.000446
0.000206
0.000311
0.000254
0.000388
0.000422
0.000585
0.000604
0.000460
0.000318
0.000295
0.000169
0.000156
0.000243
0.000331
0.000344
0.000400
0.000369
0.000417
0.000446
0.000373
0.000357
0.000448
0.000394
0.000425
0.000465
0.000350
0.000280
0.000351
0.000266
0.000243
0.000246
0.000239
0.000225
0.000156
0.000134
0.000128
0.000097
0.000110
0.000048
-0.000033
-0.000112
-0.000140
-0.000213
-0.000511
-0.000587
-0.000598
-0.000653
-0.000750
-0.000426
0.003486
0.001473
-0.001551
-0.002517
-0.002938
-0.001206
-0.000876
-0.000678
-0.000740
-0.004278
-0.005439
-0.004630
-0.004150
-0.004814
-0.004669
-0.003792
-0.003898
-0.004807
-0.005474
-0.004487
-0.003230
-0.002229
-0.000073
0.000078
0.000384
0.000238
0.000277
0.000324
0.000407
0.000600
0.000527
0.000546
0.000543
0.000286
0.000345
0.000235
0.000224
0.000405
0.000468
0.000399
0.000458
0.000399
0.000416
0.000300
0.000384
0.000430
0.000407
0.000481
0.000454
0.000432
0.000284
0.000262
0.000290
0.000263
0.000253
0.000255
0.000295
0.000286
0.000277
0.000485
0.000047
0.000004
0.000006
-0.000008
-0.000288
-0.000417
-0.000475
-0.000550
-0.000536
-0.000520
-0.000587
-0.000700
-0.000725
0.000061
0.002879
-0.001141
-0.002607
-0.002674
-0.001207
-0.000738
-0.000287
-0.000515
-0.003467
-0.004161
-0.003671
-0.003507
-0.004773
-0.004403
-0.003798
-0.004334
-0.005145
-0.005185
-0.004011
-0.002564
-0.001941
-0.000084
0.000189
0.000294
0.000384
0.000246
0.000428
0.000454
0.000464
0.000607
0.000470
0.000639
0.000500
0.000258
0.000055
0.000335
0.000448
0.000483
0.000450
0.000405
0.000424
0.000382
0.000381
0.000397
0.000305
0.000440
0.000449
0.000444
0.000471
0.000437
0.000261
0.000291
0.000272
0.000278
0.000272
0.000295
0.000290
0.000283
0.000267
0.000328
0.000387
0.000428
-0.000198
-0.000262
-0.000387
-0.000508
-0.000406
-0.000484
-0.000544
-0.000592
-0.000657
0.000283
0.000365
0.000454
0.001043
0.001021
0.000540
0.000217
0.000424
0.000076
-0.000762
-0.001683
-0.004014
-0.003763
-0.002957
-0.004041
-0.004872
-0.004986
-0.005118
-0.005133
-0.003827
-0.002940
-0.002277
-0.001164
0.000499
0.000424
0.000565
0.000324
0.000438
0.000479
0.000440
0.000631
0.000705
0.000681
0.000498
0.000465
0.000432
0.000166
0.000181
0.000215
0.000113
0.000518
0.000468
0.000437
0.000384
0.000354
0.000293
0.000389
0.000462
0.000450
0.000463
0.000452
0.000491
0.000283
0.000293
0.000233
0.000292
0.000276
0.000275
0.000279
0.000292
0.000284
0.000310
0.000320
0.000269
0.000377
0.000433
0.000348
-0.000315
0.000275
0.000364
0.000325
0.000351
0.000312
0.000355
0.000367
0.000375
0.000377
0.000413
0.000363
0.000395
0.000398
0.000349
0.000495
-0.001598
-0.003753
-0.003285
-0.003142
-0.003761
-0.003794
-0.005405
-0.005123
-0.004627
-0.002845
-0.002029
-0.000784
-0.000388
0.001075
0.000654
0.000646
0.000359
0.000394
0.000531
0.000505
0.000646
0.000626
0.000556
0.000465
0.000625
0.000342
0.000343
0.000167
0.000223
0.000440
0.000419
0.000195
0.000480
0.000482
0.000335
0.000371
0.000386
0.000435
0.000422
0.000466
0.000460
0.000502
0.000349
0.000314
0.000274
0.000271
0.000165
0.000278
0.000306
0.000339
0.000363
0.000356
0.000373
0.000374
0.000341
0.000419
0.000414
0.000258
0.000164
0.000191
0.000269
0.000319
0.000316
0.000332
0.000350
0.000406
0.000407
0.000388
0.000273
0.000307
0.000327
0.000389
0.000303
0.000298
0.000279
0.000316
0.000223
0.000257
0.000466
-0.002749
-0.003091
-0.002818
-0.002060
-0.001068
-0.000061
0.000492
0.000351
0.000662
0.000600
0.000788
0.000831
0.000575
0.000542
0.000649
0.000572
0.000483
0.000425
0.000268
0.000390
0.000458
0.000333
0.000311
0.000402
0.000410
0.000411
0.000311
0.000311
0.000297
0.000358
0.000411
0.000393
0.000433
0.000460
0.000440
0.000449
0.000377
0.000389
0.000243
0.000251
0.000199
0.000281
0.000330
0.000338
0.000336
0.000353
0.000403
0.000464
0.000466
0.000443
0.000392
0.000323
0.000234
0.000196
0.000222
0.000286
0.000279
0.000329
0.000280
0.000361
0.000328
0.000252
0.000176
0.000169
0.000273
0.000337
0.000354
0.000346
0.000353
0.000461
0.000403
0.000442
0.000312
0.000534
0.000545
0.000486
0.000615
0.000743
0.000651
0.000474
0.001220
0.000532
0.000940
0.000690
0.000666
0.000601
0.000347
0.000498
0.000863
0.000076
-0.000271
-0.000099
0.000622
0.000694
0.000369
0.000337
0.000401
0.000418
0.000447
0.000449
0.000403
0.000371
0.000476
0.000485
0.000422
0.000404
0.000453
0.000416
0.000472
0.000444
0.000420
0.000354
0.000294
0.000273
0.000316
0.000347
0.000375
0.000321
0.000365
0.000438
0.000444
0.000400
0.000327
0.000424
0.000330
0.000303
0.000222
0.000259
0.000266
0.000259
0.000328
0.000288
0.000261
0.000242
0.000086
0.000028
0.000123
0.000290
0.000314
0.000340
0.000341
0.000273
0.000538
0.000528
0.000580
0.000562
0.000399
0.000444
0.000613
0.000606
0.000699
0.000683
0.000854
0.000736
0.000923
0.000516
0.000530
0.000269
0.000347
0.000032
0.000681
0.000758
-0.000087
0.000127
0.000288
0.000400
0.000499
0.000332
0.000404
0.000389
0.000482
0.000413
0.000433
0.000334
0.000428
0.000459
0.000446
0.000406
0.000439
0.000446
0.000405
0.000429
0.000390
0.000430
0.000407
0.000358
0.000350
0.000373
0.000363
0.000359
0.000354
0.000375
0.000447
0.000425
0.000400
0.000374
0.000387
0.000405
0.000378
0.000315
0.000324
0.000338
0.000369
0.000323
0.000321
0.000288
0.000275
0.000120
0.000002
0.000122
0.000258
0.000169
0.000361
0.000398
0.000388
0.000533
0.000591
0.000690
0.000549
0.000300
0.000339
0.000455
0.000547
0.000652
0.000777
0.000841
0.000736
0.000977
0.000229
-0.000217
-0.000436
-0.001162
-0.001959
-0.000292
0.001005
0.000612
0.000553
0.000515
0.000538
0.000592
0.000442
0.000407
0.000413
0.000386
0.000387
0.000416
0.000386
0.000439
0.000456
0.000458
0.000502
0.000485
0.000465
0.000385
0.000306
0.000484
0.000482
0.000432
0.000459
0.000425
0.000417
0.000401
0.000371
0.000371
0.000404
0.000420
0.000401
0.000420
0.000353
0.000369
0.000399
0.000388
0.000444
0.000425
0.000399
0.000390
0.000337
0.000328
0.000320
0.000354
0.000324
0.000145
0.000096
0.000309
0.000340
0.000467
0.000462
0.000471
0.000583
0.000706
0.000642
0.000508
0.000257
0.000198
0.000329
0.000507
0.000585
0.000631
0.000686
0.000675
0.000688
0.000657
-0.000490
-0.001705
-0.001907
0.000353
0.001991
0.002128
0.000585
0.000498
0.000568
0.000578
0.000560
0.000453
0.000356
0.000426
0.000419
0.000355
0.000449
0.000503
0.000455
0.000483
0.000523
0.000488
0.000432
0.000336
0.000369
0.000241
0.000461
0.000484
0.000494
0.000454
0.000430
0.000405
0.000434
0.000424
0.000370
0.000345
0.000397
0.000377
0.000364
0.000437
0.000382
0.000353
0.000429
0.000361
0.000405
0.000440
0.000396
0.000330
0.000321
0.000311
0.000365
0.000345
0.000260
0.000267
0.000372
0.000473
0.000468
0.000483
0.000498
0.000545
0.000544
0.000643
0.000555
0.000209
0.000070
0.000312
0.000503
0.000454
0.000477
0.000684
0.000729
0.000676
0.000615
0.000479
0.001277
0.001647
0.000728
0.002481
0.000677
0.000445
0.000465
0.000545
0.000545
0.000540
0.000480
0.000427
0.000454
0.000419
0.000372
0.000512
0.000486
0.000418
0.000504
0.000473
0.000466
0.000381
0.000238
0.000217
0.000230
0.000454
0.000463
0.000483
0.000448
0.000415
0.000385
0.000427
0.000430
0.000352
0.000329
0.000370
0.000316
0.000339
0.000419
0.000388
0.000328
0.000371
0.000335
0.000326
0.000340
0.000340
0.000317
0.000348
0.000343
0.000386
0.000396
0.000318
0.000330
0.000406
0.000453
0.000417
0.000452
0.000484
0.000489
0.000464
0.000459
0.000408
0.000157
-0.000059
0.000284
0.000398
0.000422
0.000460
0.000754
0.000762
0.000669
0.000637
0.000527
0.000663
0.000522
0.000280
0.000379
0.000378
0.000454
0.000391
0.000485
0.000555
0.000550
0.000510
0.000499
0.000445
0.000481
0.000419
0.000460
0.000513
0.000412
0.000456
0.000482
0.000534
0.000385
0.000242
0.000193
0.000179
0.000438
0.000414
0.000388
0.000397
0.000373
0.000375
0.000396
0.000411
0.000348
0.000369
0.000332
0.000258
0.000267
0.000277
0.000282
0.000306
0.000316
0.000388
0.000293
0.000287
0.000283
0.000329
0.000328
0.000417
0.000461
0.000483
0.000518
0.000449
0.000558
0.000506
0.000345
0.000429
0.000509
0.000528
0.000573
0.000437
0.000570
0.000426
0.000075
0.000195
0.000330
0.000527
0.000576
0.000716
0.000634
0.000691
0.000611
0.000496
0.000411
0.000311
0.000366
0.000504
0.000589
0.000541
0.000502
0.000523
0.000535
0.000518
0.000590
0.000510
0.000435
0.000410
0.000452
0.000386
0.000434
0.000449
0.000447
0.000448
0.000459
0.000504
0.000361
0.000229
0.000223
0.000355
0.000246
0.000298
0.000294
0.000416
0.000332
0.000355
0.000352
0.000329
0.000303
0.000283
0.000244
0.000298
0.000294
0.000289
0.000233
0.000348
0.000303
0.000300
0.000292
0.000297
0.000328
0.000432
0.000468
0.000516
0.000423
0.000325
0.000566
0.000551
0.000528
0.000346
0.000470
0.000516
0.000442
0.000307
0.000431
0.000414
0.000286
0.000166
0.000217
0.000338
0.000516
0.000541
0.000655
0.000698
0.000669
0.000615
0.000537
0.000460
0.000437
0.000559
0.000550
0.000540
0.000571
0.000575
0.000601
0.000564
0.000548
0.000542
0.000502
0.000461
0.000391
0.000403
0.000447
0.000396
0.000462
0.000447
0.000465
0.000570
0.000485
0.000458
0.000272
0.000213
0.000404
0.000356
0.000336
0.000386
0.000365
0.000329
0.000334
0.000410
0.000406
0.000355
0.000371
0.000360
0.000313
0.000341
0.000311
0.000210
0.000251
0.000245
0.000204
0.000309
0.000376
0.000424
0.000515
0.000533
0.000490
0.000394
0.000406
0.000490
0.000539
0.000501
0.000425
0.000510
0.000572
0.000473
0.000351
0.000406
0.000368
0.000374
0.000281
0.000207
0.000448
0.000354
0.000257
0.000245
0.000564
0.000562
0.000514
0.000627
0.000526
0.000568
0.000561
0.000587
0.000550
0.000583
0.000552
0.000543
0.000466
0.000446
0.000451
0.000449
0.000435
0.000414
0.000420
0.000440
0.000427
0.000483
0.000521
0.000504
0.000532
0.000564
0.000428
0.000383
0.000249
