0.000104
0.000199
0.000194
0.000632
0.000354
0.000347
0.000227
0.000438
0.000363
0.000279
0.000378
-0.000603
0.000485
0.000414
0.000380
0.000225
0.000157
0.000192
0.000201
0.000116
0.000081
0.000120
0.000185
0.001028
0.000707
-0.000531
0.000015
-0.000233
-0.002190
-0.000549
0.000197
0.000158
0.000181
0.000244
0.000231
0.000208
0.000184
0.000190
0.000148
0.000062
0.000126
0.000352
0.000151
0.000101
0.000116
0.000115
0.000157
0.000185
0.000188
0.000200
0.000190
0.000216
0.000214
0.000221
0.000210
0.000195
0.000131
0.000121
0.000121
0.000190
0.000246
0.000190
0.000304
0.000276
0.000039
0.000059
-0.001158
0.000001
0.000146
0.000121
0.000061
0.000073
0.000195
0.000354
0.000265
0.000334
0.000380
0.000356
0.000391
0.000389
0.000396
0.000388
0.000428
0.000414
0.000492
0.000411
0.000427
0.000375
0.000379
0.000316
0.000328
0.000315
0.000323
0.000299
0.000293
0.000748
0.002627
0.001745
0.000757
0.000195
-0.000218
-0.001139
-0.001166
-0.000114
0.000109
0.000181
0.000180
0.000191
0.000217
0.000165
0.000191
0.000180
0.000125
0.000085
-0.000003
0.000108
0.000117
0.000122
0.000147
0.000149
0.000158
0.000174
0.000178
0.000188
0.000177
0.000181
0.000197
0.000224
0.000241
0.000254
0.000222
0.000217
0.000191
0.000228
0.000187
0.000219
0.000217
0.000248
0.000219
0.000206
0.000188
0.000203
0.000195
0.000200
0.000234
0.000250
0.000339
0.000366
0.000334
0.000297
0.000357
0.000333
0.000399
0.000398
0.000395
0.000380
0.000407
0.000441
0.000388
0.000384
0.000335
0.000281
0.000316
0.000308
0.000284
0.000242
0.000270
0.000267
0.001486
0.001506
0.000478
0.000199
-0.000027
-0.001114
-0.003126
-0.001268
0.000119
0.000189
0.000165
0.000229
0.000206
0.000176
0.000201
0.000186
0.000214
0.000156
0.000130
0.000126
0.000132
0.000109
0.000123
0.000147
0.000152
0.000159
0.000213
0.000202
0.000201
0.000185
0.000181
0.000176
0.000214
0.000230
0.000198
0.000232
0.000227
0.000243
0.000237
0.000207
0.000196
0.000210
0.000230
0.000207
0.000207
0.000201
0.000227
0.000206
0.000201
0.000191
0.000196
0.000322
0.000374
0.000323
0.000350
0.000344
0.000370
0.000359
0.000390
0.000384
0.000354
0.000407
0.000422
0.000367
0.000317
0.000275
0.000230
0.000260
0.000282
0.000284
0.000319
0.000293
0.000469
0.001194
0.000588
0.000161
0.000144
0.000107
-0.001360
-0.006816
-0.000617
0.000197
0.000217
0.000200
0.000229
0.000176
0.000213
0.000110
0.000166
0.000197
0.000146
0.000102
0.000110
0.000116
0.000098
0.000116
0.000127
0.000150
0.000172
0.000221
0.000220
0.000211
0.000186
0.000192
0.000186
0.000209
0.000201
0.000203
0.000195
0.000219
0.000220
0.000204
0.000220
0.000185
0.000225
0.000211
0.000225
0.000220
0.000218
0.000213
0.000195
0.000247
0.000236
0.000212
0.000349
0.000339
0.000291
0.000244
0.000336
0.000400
0.000336
0.000380
0.000364
0.000336
0.000365
0.000396
0.000358
0.000245
0.000244
0.000277
0.000301
0.000261
0.000306
0.000271
0.000279
0.000606
0.001366
0.000822
0.000293
0.000082
0.000004
-0.001324
-0.005668
-0.000315
0.000208
0.000222
0.000232
0.000233
0.000172
0.000153
0.000133
0.000152
0.000145
0.000151
0.000138
0.000121
0.000094
0.000093
0.000086
0.000112
0.000160
0.000206
0.000223
0.000215
0.000184
0.000188
0.000176
0.000178
0.000199
0.000218
0.000197
0.000190
0.000220
0.000233
0.000215
0.000228
0.000255
0.000230
0.000208
0.000189
0.000205
0.000214
0.000206
0.000218
0.000160
0.000201
-0.002169
0.000258
0.000269
0.000233
0.000252
0.000321
0.000386
0.000323
0.000333
0.000439
0.000375
0.000353
0.000328
0.000330
0.000323
0.000309
0.000300
0.000305
0.000305
0.000290
0.000287
0.000249
0.000193
0.000231
0.000884
0.000409
0.000435
-0.000047
-0.001993
-0.002498
-0.000089
0.000202
0.000236
0.000235
0.000195
0.000191
0.000155
0.000145
0.000148
0.000146
0.000165
0.000160
0.000138
0.000121
0.000126
0.000115
0.000145
0.000173
0.000180
0.000209
0.000171
0.000171
0.000178
0.000173
0.000166
0.000171
0.000196
0.000209
0.000192
0.000232
0.000232
0.000230
0.000248
0.000249
0.000248
0.000231
0.000194
0.000208
0.000199
0.000210
0.000196
0.000215
0.000172
0.000294
0.000311
0.000300
0.000223
0.000257
0.000388
0.000342
0.000285
0.000437
0.000447
0.000438
0.000365
0.000297
0.000304
0.000298
0.000299
0.000341
0.000337
0.000325
0.000305
0.000271
0.000246
0.000263
0.000507
0.000476
0.001028
0.000834
-0.000587
-0.002035
-0.000261
0.000152
0.000185
0.000224
0.000231
0.000213
0.000210
0.000196
0.000178
0.000177
0.000158
0.000189
0.000167
0.000164
0.000136
0.000157
0.000153
0.000150
0.000171
0.000166
0.000175
0.000169
0.000179
0.000185
0.000163
0.000134
0.000172
0.000204
0.000209
0.000198
0.000225
0.000220
0.000263
0.000238
0.000224
0.000247
0.000205
0.000225
0.000219
0.000230
0.000241
0.000223
0.000205
0.000201
0.000252
0.000310
0.000318
0.000286
0.000340
0.000396
0.000390
0.000329
0.000407
0.000453
0.000375
0.000321
0.000306
0.000293
0.000241
0.000298
0.000291
0.000317
0.000269
0.000328
0.000308
0.000290
0.000238
0.000254
0.000279
0.001031
0.000152
-0.000475
0.000128
0.000197
0.000211
0.000189
0.000207
0.000215
0.000179
0.000175
0.000211
0.000159
0.000172
0.000166
0.000179
0.000185
0.000205
0.000192
0.000171
0.000164
0.000170
0.000147
0.000148
0.000165
0.000154
0.000189
0.000234
0.000191
0.000185
0.000195
0.000228
0.000223
0.000188
0.000218
0.000233
0.000258
0.000260
0.000250
0.000254
0.000251
0.000270
0.000262
0.000243
0.000232
0.000191
0.000194
0.000184
0.000326
0.000187
0.000295
0.000328
0.000346
0.000326
0.000406
0.000367
0.000366
0.000431
0.000341
0.000294
0.000259
0.000284
0.000239
0.000291
0.000306
0.000314
0.000284
0.000327
0.000303
0.000285
0.000245
0.000222
0.000204
0.000234
0.000153
0.000189
0.000233
0.000225
0.000215
0.000210
0.000199
0.000187
0.000176
0.000158
0.000182
0.000177
0.000160
0.000178
0.000178
0.000192
0.000181
0.000178
0.000159
0.000184
0.000169
0.000138
0.000150
0.000144
0.000168
0.000177
0.000211
0.000174
0.000180
0.000183
0.000223
0.000228
0.000190
0.000233
0.000245
0.000252
0.000241
0.000229
0.000258
0.000226
0.000284
0.000305
0.000237
0.000192
0.000188
0.000165
0.000225
0.001326
0.000269
0.000276
0.000293
0.000356
0.000360
0.000451
0.000437
0.000420
0.000293
0.000276
0.000262
0.000272
0.000265
0.000284
0.000264
0.000290
0.000292
0.000293
0.000272
0.000251
0.000267
0.000293
0.000249
0.000219
0.000235
0.000184
0.000206
0.000207
0.000207
0.000196
0.000191
0.000183
0.000173
0.000156
0.000142
0.000151
0.000157
0.000157
0.000142
0.000193
0.000181
0.000172
0.000159
0.000139
0.000151
0.000159
0.000161
0.000140
0.000157
0.000151
0.000151
0.000220
0.000206
0.000160
0.000162
0.000151
0.000219
0.000218
0.000240
0.000285
0.000247
0.000234
0.000224
0.000251
0.000239
0.000258
0.000296
0.000296
0.000254
0.000268
0.000227
0.000271
0.000264
0.000270
0.000294
0.000295
0.000278
0.000406
0.000449
0.000400
0.000379
0.000248
0.000238
0.000273
0.000278
0.000260
0.000272
0.000256
0.000278
0.000271
0.000269
0.000252
0.000226
0.000230
0.000261
0.000270
0.000248
0.000214
0.000197
0.000179
0.000180
0.000206
0.000193
0.000195
0.000174
0.000144
0.000151
0.000143
0.000130
0.000146
0.000146
0.000143
0.000142
0.000149
0.000134
0.000134
0.000143
0.000165
0.000189
0.000157
0.000161
0.000170
0.000157
0.000166
0.000182
0.000136
0.000111
0.000172
0.000149
0.000177
0.000244
0.000280
0.000266
0.000291
0.000286
0.000243
0.000242
0.000225
0.000233
0.000295
0.000268
0.000279
0.000242
0.000240
0.000324
0.000250
0.000321
0.000334
0.000278
0.000312
0.000274
0.000366
0.000327
0.000324
0.000303
0.000194
0.000262
0.000261
0.000259
0.000265
0.000278
0.000287
0.000282
0.000254
0.000249
0.000227
0.000227
0.000237
0.000234
0.000262
0.000240
0.000200
0.000195
0.000182
0.000214
0.000223
0.000195
0.000190
0.000165
0.000133
0.000128
0.000133
0.000126
0.000136
0.000127
0.000119
0.000127
0.000124
0.000135
0.000129
0.000168
0.000179
0.000194
0.000173
0.000151
0.000177
0.000168
0.000175
0.000132
0.000092
0.000137
0.000167
0.000196
0.000231
0.000317
0.000308
0.000291
0.000294
0.000250
0.000235
0.000236
0.000291
0.000304
0.000300
0.000255
0.000278
0.000251
0.000327
0.000292
0.000374
0.000357
0.000329
0.000306
0.000299
0.000319
0.000267
0.000294
0.000298
0.000236
0.000228
0.000250
0.000215
0.000264
0.000287
0.000267
0.000280
0.000283
0.000229
0.000241
0.000239
0.000199
0.000062
0.000188
-0.000000
-0.000221
0.000040
0.000198
0.000204
0.000220
0.000215
0.000184
0.000158
0.000137
0.000131
0.000118
0.000119
0.000126
0.000087
0.000070
0.000091
0.000116
0.000133
0.000132
0.000165
0.000174
0.000176
0.000181
0.000164
0.000180
0.000150
0.000163
0.000133
0.000158
0.000140
0.000192
0.000189
0.000225
0.000284
0.000297
0.000266
0.000246
0.000260
0.000270
0.000275
0.000307
0.000302
0.000254
0.000264
0.000281
0.000263
0.000297
0.000725
0.000289
0.000376
0.000344
0.000334
0.000321
0.000293
0.000232
0.000290
0.000270
0.000276
0.000238
0.000245
0.000268
0.000289
0.000303
0.000257
0.000269
0.000266
0.000242
0.000220
0.000225
-0.000092
-0.004071
-0.007070
-0.012204
-0.022178
-0.011535
-0.001275
0.000043
0.000199
0.000169
0.000172
0.000153
0.000123
0.000122
0.000131
0.000136
0.000128
0.000061
0.000051
0.000058
0.000061
0.000083
0.000118
0.000160
0.000171
0.000179
0.000185
0.000208
0.000199
0.000159
0.000160
0.000167
0.000186
0.000179
0.000159
0.000168
0.000249
0.000257
0.000258
0.000271
0.000239
0.000242
0.000305
0.000327
0.000321
0.000303
0.000290
0.000297
0.000256
0.000280
0.000284
0.000285
0.000231
0.000369
0.000346
0.000345
0.000335
0.000249
0.000228
0.000308
0.000313
0.000316
0.000238
0.000267
0.000295
0.000322
0.000295
0.000260
0.000278
0.000243
0.000165
0.000169
0.000174
-0.000389
-0.001703
-0.002288
-0.006540
-0.010712
-0.016894
-0.023400
-0.009487
-0.000806
0.000171
0.000166
0.000113
0.000122
0.000119
0.000127
0.000131
0.000106
0.000040
0.000022
0.000012
0.000020
0.000056
0.000110
0.000130
0.000164
0.000190
0.000177
0.000209
0.000177
0.000180
0.000172
0.000197
0.000213
0.000192
0.000164
0.000188
0.000221
0.000253
0.000253
0.000245
0.000263
0.000280
0.000302
0.000298
0.000291
0.000284
0.000256
0.000244
0.000253
0.000255
0.000256
0.000263
0.000340
0.000346
0.000339
0.000337
0.000309
0.000240
0.000244
0.000296
0.000355
0.000304
0.000263
0.000252
0.000303
0.000346
0.000290
0.000260
0.000248
0.000250
0.000182
0.000184
-0.000164
-0.000371
-0.000555
-0.005262
-0.013414
-0.009714
-0.005772
-0.009622
-0.021260
-0.015625
-0.003197
0.000075
0.000092
0.000096
0.000116
0.000124
0.000121
0.000117
0.000041
-0.000017
-0.000059
-0.000083
0.000047
0.000120
0.000152
0.000168
0.000155
0.000185
0.000143
0.000175
0.000196
0.000177
0.000211
0.000227
0.000162
0.000180
0.000228
0.000238
0.000255
0.000267
0.000289
0.000308
0.000291
0.000331
0.000300
0.000319
0.000283
0.000195
0.000273
0.000281
0.000222
0.000269
0.000295
0.000412
0.000375
0.000360
0.000343
0.000266
0.000221
0.000237
0.000262
0.000278
0.000253
0.000223
0.000271
0.000288
0.000342
0.000292
0.000250
0.000232
0.000200
0.000259
0.000241
-0.000444
-0.001956
-0.005456
-0.008387
-0.009529
-0.011798
-0.012362
-0.008265
-0.008880
-0.000338
0.000079
0.000077
0.000066
0.000080
0.000119
0.000193
0.000126
0.000110
0.000046
-0.000042
-0.000067
-0.000268
0.000027
0.000083
0.000128
0.000163
0.000145
0.000162
0.000169
0.000165
0.000191
0.000167
0.000216
0.000285
0.000193
0.000178
0.000238
0.000232
0.000309
0.000294
0.000310
0.000351
0.000350
0.000292
0.000341
0.000299
0.000297
0.000253
0.000245
0.000272
0.000278
0.000273
-0.001100
0.000357
0.000378
0.000371
0.000346
0.000257
0.000245
0.000246
0.000285
0.000284
0.000236
0.000249
0.000264
0.000276
0.000273
0.000232
0.000069
-0.000058
0.000491
0.000466
0.000169
0.000092
0.000115
-0.000044
-0.000549
-0.000577
0.000518
0.002834
-0.000464
-0.000823
0.000060
0.000065
0.000066
0.000061
0.000003
-0.000058
0.002436
0.000525
0.000108
0.000045
-0.000014
-0.000032
-0.000039
0.000071
0.000091
0.000134
0.000190
0.000163
0.000169
0.000169
0.000148
0.000168
0.000176
0.000182
0.000246
0.000246
0.000263
0.000271
0.000289
0.000299
0.000326
0.000375
0.000394
0.000394
0.000350
0.000329
0.000368
0.000320
0.000300
0.000241
0.000283
0.000321
0.000303
0.000268
0.000440
0.000431
0.000317
0.000268
0.000226
0.000243
0.000240
0.000261
0.000278
0.000253
0.000235
0.000245
0.000284
0.000239
0.000269
0.000187
0.000195
0.000477
0.000366
0.000292
0.000210
0.000250
0.000324
0.000380
0.000349
0.000730
0.001847
0.001057
-0.000195
0.000132
0.000103
0.000172
0.000187
-0.000900
0.000950
0.005219
0.004027
0.000146
0.000048
0.000017
0.000025
0.000038
0.000092
0.000128
0.000178
0.000205
0.000215
0.000193
0.000209
0.000141
0.000227
0.000224
0.000185
0.000213
0.000268
0.000317
0.000265
0.000274
0.000287
0.000303
0.000337
0.000348
0.000347
0.000331
0.000330
0.000399
0.000371
0.000290
0.000350
0.000360
0.000415
0.000324
0.000261
0.000383
0.000413
0.000327
0.000195
0.000175
0.000227
0.000285
0.000252
0.000244
0.000279
0.000269
0.000265
0.000315
-0.002125
0.000809
0.000188
0.000156
0.000275
0.000433
0.000466
0.000283
0.000467
0.000446
0.000437
0.000061
0.000050
-0.002097
0.000713
-0.001691
0.001156
0.002925
0.003170
0.005832
0.003072
0.002451
0.006129
0.005207
0.000501
0.000092
0.000039
0.000056
0.000075
0.000119
0.000147
0.000175
0.000225
0.000191
0.000230
0.000247
0.000255
0.000257
0.000282
0.000226
0.000249
0.000285
0.000262
0.000238
0.000279
0.000299
0.000344
0.000385
0.000388
0.000374
0.000344
0.000347
0.000410
0.000403
0.000326
0.000346
0.000350
0.000354
0.000332
0.000399
0.000387
0.000395
0.000274
0.000213
0.000181
0.000269
0.000288
0.000241
0.000221
0.000272
0.000265
0.000382
-0.000292
-0.001132
0.000413
-0.000319
-0.000023
0.000181
0.000415
0.000532
0.000388
0.000458
0.000387
0.000158
-0.003184
-0.002717
-0.001186
0.000895
0.001053
0.000570
0.004037
0.006108
0.007819
0.007583
0.003019
0.005299
0.003137
0.000862
0.000119
0.000108
0.000093
0.000086
0.000134
0.000174
0.000160
0.000190
0.000211
0.000213
0.000186
0.000205
0.000226
0.000296
0.000278
0.000242
0.000282
0.000310
0.000304
0.000338
0.000380
0.000327
0.000359
0.000363
0.000384
0.000386
0.000390
0.000374
0.000402
0.000351
0.000366
0.000356
0.000386
0.000469
-0.000596
0.000462
0.000401
0.000305
0.000282
0.000228
0.000241
0.000263
0.000231
0.000192
0.000241
0.000327
0.000170
0.000101
0.002264
0.003065
-0.000118
0.000049
0.000279
0.000473
0.000531
0.000447
0.000274
0.000835
-0.001060
-0.002292
-0.002357
-0.002966
-0.001048
-0.000954
-0.001504
0.000535
0.003350
0.007149
0.009022
0.003983
0.001077
0.000462
-0.000465
0.000112
0.000135
0.000132
0.000120
0.000124
0.000204
0.000177
0.000185
0.000243
0.000179
0.000172
0.000156
0.000218
0.000308
0.000305
0.000275
0.000324
0.000360
0.000388
0.000324
0.000326
0.000312
0.000318
0.000376
0.000409
0.000468
0.000429
0.000374
0.000313
0.000335
0.000366
0.000446
0.000613
0.000505
0.000523
0.000444
0.000369
0.000296
0.000254
0.000125
0.000084
0.000209
0.000166
0.000134
0.000190
0.000298
0.000250
0.000200
-0.000141
0.003539
0.000194
-0.000117
0.000306
0.000477
0.000533
0.000319
-0.001583
-0.001974
-0.001458
-0.000953
-0.001183
-0.002803
-0.002019
-0.000873
-0.002025
-0.001931
-0.000292
0.002152
0.005752
0.003845
0.000688
-0.000620
-0.000051
0.000131
0.000164
0.000170
0.000103
-0.000131
0.000678
0.000450
0.000791
0.000237
0.000203
0.000232
0.000215
0.000351
0.000297
0.000307
0.000320
0.000349
0.000384
0.000425
0.000380
0.000376
0.000365
0.000395
0.000362
0.000545
0.000474
0.000435
0.000380
0.000331
0.000353
0.000352
0.000447
0.000523
0.000471
0.000529
0.000411
0.000287
0.000166
0.000191
0.000219
0.000052
0.000101
0.000198
0.000122
0.000197
0.000289
0.000319
0.000329
-0.000006
0.000320
0.000734
-0.000616
-0.000120
0.000226
0.000453
0.000442
-0.002698
-0.003550
-0.000612
0.000609
-0.000031
-0.000804
-0.002097
-0.001123
-0.001596
-0.001763
-0.000883
0.000664
0.005157
0.004116
0.001428
0.000334
0.000224
0.000199
0.000125
0.000155
0.000064
-0.000149
0.000461
0.001429
0.006800
0.001435
0.000314
0.000311
0.000310
0.000322
0.000329
0.000331
0.000333
0.000344
0.000371
0.000353
0.000367
0.000386
0.000431
0.000406
0.000417
0.000399
0.000475
0.000464
0.000370
0.000296
0.000362
0.000308
0.000357
0.000430
0.000476
0.000522
0.000414
0.000298
0.000257
0.000225
0.000141
0.000136
0.000088
0.000202
0.000245
0.000187
0.000212
-0.000094
-0.000439
0.000101
-0.000204
0.001179
0.000417
-0.000003
0.000183
0.002363
0.004941
0.002277
-0.001446
-0.000974
0.002361
0.001637
0.000731
-0.000858
-0.001698
-0.001621
-0.001701
-0.001269
0.000332
0.003882
0.003527
0.001058
0.000424
0.000254
0.000033
-0.000269
0.000197
0.000319
0.000327
0.000162
0.002482
0.006406
0.004714
0.001558
0.000313
0.000343
0.000353
0.000351
0.000343
0.000344
0.000325
0.000298
0.000352
0.000403
0.000470
0.000378
0.000430
0.000330
0.000357
0.000408
0.000457
0.000372
0.000300
0.000232
0.000298
0.000464
0.000682
0.000545
0.000571
0.000365
0.000319
0.000327
0.000271
0.000255
0.000200
0.000203
0.000242
0.000267
0.000206
0.000034
-0.003069
-0.008492
-0.000139
-0.000538
0.000444
-0.000637
0.000109
0.000351
0.004043
0.004257
0.003499
0.001522
0.000038
0.001596
0.004349
0.001793
-0.000229
-0.001147
-0.000224
0.000123
0.000498
0.000336
0.001687
0.002575
0.000204
-0.001694
-0.001652
-0.002915
-0.002183
0.000285
0.001000
0.001732
0.001015
0.001929
0.002615
0.003634
0.000876
0.001008
0.000419
0.000338
0.000378
0.000368
0.000361
0.000351
0.000331
0.000405
0.000448
0.000441
0.000365
0.000416
0.000328
0.000340
0.000379
0.000363
0.000370
0.000253
0.000375
0.000302
0.000515
0.000463
0.000437
0.000495
0.000332
0.000358
0.000383
0.000359
0.000313
0.000270
0.000207
0.000240
0.000270
0.000231
-0.000299
-0.001356
-0.000050
0.000166
-0.000217
0.000020
-0.000013
0.000104
0.000138
0.000167
0.000229
0.000231
0.000261
0.000282
0.001146
0.001630
0.001792
0.002768
0.002256
0.003684
0.000846
-0.005631
-0.003381
0.002707
0.000909
-0.001933
-0.010603
-0.004178
-0.003502
-0.008688
-0.013487
-0.008050
0.002623
0.001169
-0.000846
-0.000648
0.000534
-0.000182
-0.004675
0.001514
0.000368
0.000359
0.000375
0.000406
0.000439
0.000363
0.000419
0.000490
0.000436
0.000365
0.000406
0.000330
0.000314
0.000400
0.000330
0.000379
0.000128
0.000218
0.000355
0.000494
0.000450
0.000388
0.000436
0.000325
0.000372
0.000383
0.000390
0.000327
0.000311
0.000264
0.000242
0.000266
0.000266
-0.000319
-0.001431
-0.000258
0.000768
-0.000312
0.000349
0.000117
0.000180
0.000180
0.000176
0.000224
0.000214
0.000224
0.002939
0.000637
0.001320
0.000457
0.000256
-0.001272
-0.001827
-0.005960
-0.007420
-0.006314
-0.003878
-0.002658
-0.000901
-0.011030
-0.005970
-0.007475
-0.012780
-0.015745
-0.016493
-0.012279
-0.011211
-0.004802
-0.003832
-0.000548
-0.000380
-0.003532
-0.004989
0.000556
0.000271
0.000347
0.000425
0.000463
0.000369
0.000391
0.000482
0.000447
0.000212
0.000345
0.000288
0.000382
0.000349
0.000368
0.000316
0.000229
0.000284
0.000337
0.000352
0.000345
0.000444
0.000431
0.000252
0.000319
0.000368
0.000361
0.000305
0.000314
0.000310
0.000242
0.000220
0.000079
-0.000732
-0.001503
-0.000558
0.001441
0.000456
0.000156
0.000162
0.000168
0.000167
0.000181
0.000391
0.000819
0.002480
0.003823
-0.000353
0.000326
0.001924
0.001020
-0.001480
-0.001604
-0.004922
-0.007510
-0.006548
-0.005373
-0.003913
-0.003047
-0.000081
-0.008169
-0.011457
-0.014057
-0.017743
-0.017038
-0.015240
-0.020414
-0.014442
-0.004556
-0.002963
-0.004058
-0.004930
-0.008128
-0.005515
0.000253
0.000341
0.000422
0.000458
0.000453
0.000363
0.000468
0.000458
0.000352
0.000330
0.000406
0.000451
0.000347
0.000385
0.000295
0.000316
0.000287
0.000279
0.000462
0.000537
0.000416
0.000442
0.000299
0.000243
0.000358
0.000388
0.000360
0.000323
0.000309
0.000261
0.000177
-0.000390
-0.000693
-0.000732
0.000933
0.001142
0.000283
0.000181
0.000163
0.000158
0.000114
0.000213
0.000304
0.001149
0.003125
0.000285
0.000306
-0.000264
0.001356
0.002310
-0.000046
-0.002006
-0.004027
-0.008026
-0.007227
-0.003932
-0.004363
-0.004068
-0.000620
-0.000030
-0.000894
-0.015061
-0.018381
-0.015832
-0.014109
-0.021308
-0.022120
-0.015943
-0.005645
-0.004749
-0.005273
-0.009502
-0.007937
-0.003805
0.000382
0.000356
0.000480
0.000419
0.000379
0.000396
0.000488
0.000467
0.000383
0.000445
0.000336
0.000230
0.000366
0.000321
0.000279
0.000387
0.000516
0.000508
0.000481
0.000484
0.000329
0.000326
0.000253
0.000340
0.000356
0.000375
0.000282
0.000284
0.000235
0.000159
0.000058
-0.000663
-0.000490
0.001094
0.002247
0.000128
0.000189
0.000196
0.000283
0.000211
0.000178
0.000202
0.001454
0.002098
0.000676
0.000366
0.000026
0.001503
0.001736
0.001111
-0.001893
-0.003987
-0.007892
-0.007990
-0.005866
-0.005230
-0.004002
-0.001412
-0.001873
-0.002042
-0.002869
-0.002165
-0.002517
-0.002209
-0.016035
-0.018041
-0.017131
-0.006175
-0.004512
-0.005931
-0.009633
-0.008731
-0.009355
-0.008109
0.001287
0.000671
0.000408
0.000345
0.000340
0.000453
0.000515
0.000457
0.000376
0.000333
0.000193
0.000326
0.000287
0.000401
0.000557
0.000598
0.000540
0.000485
0.000471
0.000310
0.000368
0.000259
0.000327
0.000323
0.000340
0.000297
0.000293
0.000273
0.000219
0.000152
0.000106
0.000048
0.000268
0.000254
0.000180
0.000213
0.000331
0.000270
0.000259
0.000255
0.000206
-0.000472
-0.001558
-0.000322
0.000319
0.001483
0.000266
0.001222
0.000473
-0.000276
-0.002344
-0.007718
-0.004287
-0.007170
-0.005333
-0.004023
-0.003315
-0.002442
-0.003239
-0.003895
-0.003853
-0.003938
-0.004687
-0.003350
-0.002467
-0.015527
-0.015920
-0.008977
-0.008983
-0.009478
-0.010794
-0.011094
-0.007264
-0.005088
-0.003136
0.000650
0.000396
0.000403
0.000444
0.000434
0.000465
0.000334
0.000346
0.000332
0.000247
0.000295
0.000479
0.000658
0.000577
0.000531
0.000475
0.000421
0.000325
0.000235
0.000269
0.000297
0.000325
0.000283
0.000312
0.000246
0.000248
0.000236
0.000244
0.000220
0.000118
0.000181
0.000191
0.000256
0.000423
0.000346
0.000386
0.000294
0.000268
0.000259
0.000369
0.000138
0.000214
0.000257
0.000421
0.000434
0.000417
0.001597
0.001516
-0.001837
-0.005992
-0.008963
-0.007541
-0.006783
-0.005050
-0.004110
-0.003444
-0.003952
-0.003684
-0.004575
-0.004194
-0.004424
-0.004625
-0.003542
-0.001183
-0.014405
-0.010436
-0.009353
-0.010342
-0.012963
-0.009961
-0.008419
-0.004712
-0.003003
-0.001790
0.000635
0.000625
0.000384
0.000438
0.000382
0.000359
0.000348
0.000358
0.000327
0.000412
0.000442
0.000631
0.000500
0.000417
0.000416
0.000469
0.000332
0.000323
0.000295
0.000278
0.000268
0.000325
0.000343
0.000378
0.000450
0.000541
0.000154
0.000128
0.000188
0.000374
0.000278
0.000274
0.000289
0.000420
0.000439
0.000458
0.000395
0.000335
0.000257
0.000336
0.000344
0.000250
0.000068
-0.000377
0.000271
0.001623
0.001957
-0.000494
-0.002853
-0.005669
-0.007585
-0.006209
-0.005109
-0.005241
-0.004356
-0.004255
-0.004183
-0.004017
-0.004396
-0.004573
-0.005006
-0.002909
-0.002227
-0.001989
-0.004992
-0.010785
-0.009533
-0.010604
-0.010498
-0.008372
-0.004062
-0.002559
-0.001182
-0.000012
0.000105
0.000827
0.000706
0.000503
0.000359
0.000461
0.000459
0.000381
0.000494
0.000428
0.000546
0.000410
0.000426
0.000488
0.000477
0.000281
0.000305
0.000311
0.000287
0.000255
0.000344
0.000354
0.000373
0.000415
0.000335
0.000469
0.000388
0.000513
0.000087
0.000283
0.000285
0.000320
0.000370
0.000278
0.000207
0.000269
0.000230
0.000448
0.000538
0.000601
0.000537
0.000430
0.000418
0.000399
0.000749
0.000249
-0.000723
-0.003397
-0.005963
-0.007734
-0.007240
-0.005957
-0.004521
-0.004424
-0.004351
-0.003540
-0.003703
-0.004625
-0.005271
-0.005411
-0.003291
-0.002209
-0.001673
-0.002103
-0.002189
-0.011360
-0.008048
-0.006918
-0.005938
-0.004947
-0.003197
-0.001162
-0.000118
0.000239
0.003426
0.006976
0.000843
0.000678
0.000543
0.000378
0.000384
0.000459
0.000491
0.000474
0.000411
0.000479
0.000520
0.000523
0.000391
0.000296
0.000329
0.000280
0.000270
0.000304
0.000406
0.000346
0.000348
0.000290
0.000463
0.000408
0.000400
0.000439
0.000506
0.000103
0.000200
0.000114
0.000459
0.000471
0.000556
0.000464
0.000422
0.000338
0.000399
0.000412
0.000336
0.000269
0.000295
0.000409
0.000775
0.001360
-0.004387
-0.006776
-0.007511
-0.006989
-0.004820
-0.004302
-0.004507
-0.004181
-0.003217
-0.003885
-0.004721
-0.005224
-0.005376
-0.003709
-0.002545
-0.001507
-0.001564
-0.000321
-0.004524
-0.005088
-0.004092
-0.003597
-0.003307
-0.003400
-0.001595
0.000106
0.003465
0.009193
0.001565
0.001142
0.000847
0.000487
0.000450
0.000409
0.000486
0.000477
0.000415
0.000472
0.000517
0.000534
0.000513
0.000460
0.000316
0.000318
0.000258
0.000249
0.000304
0.000366
0.000366
0.000352
0.000457
0.000441
0.000443
0.000387
0.000346
0.000283
0.000427
0.000517
0.000361
0.000307
0.000378
0.000392
0.000424
0.000417
0.000341
0.000403
0.000445
0.000391
0.000320
0.000307
0.000429
0.000489
0.000411
0.000972
0.001198
0.000954
0.000725
0.000531
0.000225
-0.001347
-0.000694
-0.001193
-0.001700
-0.003294
-0.003852
-0.003626
-0.003896
-0.002700
-0.002474
-0.000475
-0.000809
-0.001628
-0.000796
-0.001097
-0.000170
-0.001866
-0.004579
0.000558
0.003460
0.008991
0.002010
0.001225
0.001236
0.001276
0.000919
0.000427
0.000243
0.000604
0.000685
0.000771
0.000539
0.000528
0.000433
0.000513
0.000730
0.000246
0.000275
0.000199
0.000179
0.000261
0.000399
0.000380
0.000417
0.000409
0.000404
0.000485
0.000457
0.000484
0.000468
0.000327
0.000283
0.000272
0.000334
0.000372
0.000374
0.000389
0.000414
0.000395
0.000397
0.000355
0.000362
0.000287
0.000318
0.000441
0.000495
0.000460
0.000415
0.000365
0.000387
0.000388
0.000398
0.000409
0.000211
0.000055
-0.000160
-0.000322
-0.000042
0.000109
-0.000348
-0.003241
-0.003073
-0.003301
-0.002689
-0.002163
-0.003160
-0.003644
0.000207
0.002540
0.002334
-0.002114
0.000416
0.003725
0.001730
0.001175
0.001356
0.001420
0.001283
0.001171
0.000914
0.000875
0.001009
0.000926
0.000829
0.000686
0.000489
0.000545
0.000539
0.000737
0.000222
0.000226
0.000191
0.000273
0.000194
0.000358
0.000366
0.000570
0.000493
0.000457
0.000426
0.000369
0.000424
0.000478
0.000347
0.000254
0.000347
0.000342
0.000346
0.000341
0.000404
0.000445
0.000415
0.000368
0.000336
0.000332
0.000284
0.000280
0.000387
0.000497
0.000489
0.000408
0.000373
0.000391
0.000425
0.000457
0.000529
0.000540
0.000487
0.000391
0.000451
0.000474
0.000449
0.000535
0.000087
-0.002630
-0.002885
-0.002570
-0.002156
-0.002405
-0.002368
0.000152
0.000977
0.001507
0.002206
0.000829
0.001283
0.001422
0.001314
0.001263
0.001275
0.001237
0.001155
0.001026
0.001192
0.001148
0.001023
0.000751
0.000699
0.000643
0.000624
0.000566
0.000689
0.000184
0.000224
0.000179
0.000201
0.000133
0.000362
0.000429
0.000298
0.000542
0.000414
0.000314
0.000268
0.000393
0.000457
0.000348
0.000287
0.000373
0.000342
0.000320
0.000408
0.000410
0.000462
0.000417
0.000321
0.000299
0.000317
0.000352
0.000314
0.000372
0.000496
0.000519
0.000447
0.000365
0.000470
0.000532
0.000502
0.000512
0.000551
0.000561
0.000527
0.000367
0.000432
0.000441
0.000527
0.000562
0.000317
-0.002434
-0.002610
-0.001956
-0.001709
-0.001239
-0.001220
-0.000263
0.000933
0.001218
0.000999
0.001195
0.001349
0.001344
0.001236
0.001215
0.001208
0.001059
0.001102
0.001130
0.001116
0.001041
0.000977
0.000574
0.000548
0.000630
0.000648
0.000715
0.000245
0.000216
0.000164
0.000184
0.000083
0.000270
0.000414
0.000236
0.000341
0.000318
0.000408
0.000421
0.000442
0.000442
0.000433
0.000421
0.000390
0.000359
0.000353
0.000436
0.000361
0.000391
0.000297
0.000256
0.000275
0.000297
0.000326
0.000310
0.000425
0.000421
0.000426
0.000432
0.000482
0.000566
0.000585
0.000504
0.000510
0.000464
0.000517
0.000557
0.000497
0.000481
0.000510
0.000465
0.000411
0.000423
0.000358
-0.000988
-0.000439
-0.000216
-0.000021
-0.000001
0.000028
0.000801
0.001140
0.001055
0.001084
0.001121
0.001122
0.001175
0.001228
0.001212
0.001090
0.001113
0.001122
0.001150
0.001081
0.000863
0.000670
0.000664
0.000586
0.000573
0.000596
0.000265
0.000233
0.000260
0.000373
0.000121
0.000298
0.000455
0.000506
0.000380
0.000326
0.000337
0.000370
0.000431
0.000474
0.000479
0.000458
0.000410
0.000362
0.000340
0.000373
0.000440
0.000450
0.000227
0.000065
0.000132
0.000298
0.000409
0.000339
0.000350
0.000367
0.000406
0.000501
0.000546
0.000546
0.000544
0.000543
0.000534
0.000552
0.000559
0.000567
0.000503
0.000509
0.000349
0.000343
0.000437
0.000333
0.000360
0.000207
0.000356
0.000420
0.000271
0.000303
-0.000528
-0.001875
0.000862
0.000823
0.000937
0.000806
0.000837
0.001142
0.001187
0.001170
0.001076
0.001090
0.001068
0.001086
0.001048
0.001129
0.000881
0.000726
0.000708
0.000631
0.000599
0.000098
0.000186
0.000312
0.000334
0.000284
0.000147
0.000503
0.000371
0.000431
0.000479
0.000344
0.000248
0.000220
0.000439
0.000492
0.000452
0.000399
0.000374
0.000379
0.000371
0.000417
0.000457
0.000271
0.000061
-0.000045
0.000144
0.000367
0.000289
0.000363
0.000438
0.000514
0.000574
0.000545
0.000563
0.000516
0.000582
0.000579
0.000540
0.000528
0.000628
0.000558
0.000524
0.000434
0.000453
0.000547
0.000541
0.000375
0.000571
0.000721
0.000626
0.000906
-0.000377
0.000045
0.000794
0.000542
-0.000147
0.000753
0.000672
0.000794
0.001013
0.001161
0.001043
0.000981
0.001154
0.001131
0.000734
0.000980
0.000923
0.000876
0.000690
0.000745
0.000633
0.000512
0.000183
0.000083
0.000188
0.000234
0.000329
0.000241
0.000366
0.000438
0.000426
0.000415
0.000352
0.000225
0.000219
0.000336
0.000421
0.000393
0.000357
0.000360
0.000338
0.000374
0.000336
0.000353
0.000135
0.000164
-0.000014
0.000212
0.000346
0.000272
0.000332
0.000401
0.000471
0.000546
0.000519
0.000499
0.000521
0.000405
0.000504
0.000538
0.000503
0.000650
0.000651
0.000541
0.000615
0.000552
0.000466
0.000459
0.000546
0.000681
0.000818
0.000816
0.000845
0.000957
0.001091
0.001059
0.001015
0.001016
0.000864
0.000789
0.000788
0.000800
0.000760
0.000960
0.001359
0.001305
0.001204
0.000929
0.000827
0.000960
0.001060
0.000887
0.000593
0.000598
0.000471
0.000267
0.000253
0.000225
0.000310
0.000408
0.000325
0.000295
0.000329
0.000445
0.000380
0.000337
0.000240
0.000205
0.000370
0.000379
0.000357
0.000405
0.000371
0.000281
0.000288
0.000364
0.000207
0.000212
0.000271
0.000163
0.000280
0.000336
0.000310
0.000377
0.000354
0.000400
0.000445
0.000536
0.000553
0.000482
0.000421
0.000418
0.000513
0.000638
0.000608
0.000562
0.000619
0.000597
0.000532
0.000357
0.000421
0.000431
0.000607
0.000767
0.001063
0.001140
0.001123
0.001200
0.001157
0.001118
0.001005
0.000953
0.000788
0.000633
0.000587
0.000647
0.000643
0.000903
0.000922
0.001218
0.000928
0.000735
0.000926
0.000946
0.000749
0.000765
0.000657
0.000675
0.000308
0.000176
0.000348
0.000364
0.000320
0.000297
0.000322
0.000224
0.000201
0.000143
0.000240
0.000267
0.000331
0.000288
0.000437
0.000367
0.000390
0.000433
0.000437
0.000369
0.000421
0.000466
0.000409
0.000496
0.000328
0.000289
0.000393
0.000428
0.000418
0.000442
0.000369
0.000446
0.000518
0.000555
0.000449
0.000359
0.000404
0.000646
0.000652
0.000554
0.000561
0.000603
0.000527
0.000420
0.000517
0.000498
0.000573
0.000679
0.001024
0.001159
0.001392
0.001285
0.001361
0.001182
0.000978
0.000720
0.001011
0.000653
0.000554
0.000574
0.000788
0.000522
0.000548
0.000711
0.000978
0.000869
0.000812
0.000867
0.000708
0.000774
0.000634
0.000779
0.000789
