-0.000209
-0.000206
-0.000299
0.000632
-0.000403
-0.000546
-0.000658
0.000438
-0.000797
-0.000740
-0.000755
-0.000603
-0.000858
-0.000757
-0.000839
-0.000778
-0.000902
-0.000806
-0.000820
-0.000775
-0.000806
-0.000809
-0.000815
-0.000937
-0.000936
-0.000898
-0.000851
-0.000795
-0.000780
-0.000840
-0.000724
-0.000782
-0.000732
-0.000808
-0.000890
-0.000892
-0.000766
-0.000669
-0.000642
-0.000707
-0.000631
-0.000616
-0.000577
-0.000607
-0.000762
-0.000684
-0.000583
-0.000592
-0.000642
-0.000633
-0.000718
-0.000685
-0.000691
-0.000642
-0.000558
-0.000728
-0.000650
-0.000688
-0.000861
-0.000794
-0.000613
-0.000552
-0.000126
0.000022
0.000173
0.000195
-0.001158
0.000144
0.000147
0.000120
0.000061
-0.000066
0.000195
-0.000629
-0.000647
-0.000712
-0.000695
-0.000670
-0.000568
-0.000606
-0.000729
-0.000725
-0.000660
-0.000726
-0.000837
-0.000853
-0.000823
-0.000791
-0.000632
-0.000690
-0.000766
-0.000740
-0.000730
-0.000797
-0.000847
-0.000801
-0.000796
-0.000812
-0.000800
-0.000751
-0.000788
-0.000741
-0.000799
-0.000716
-0.000757
-0.000753
-0.000803
-0.000782
-0.000770
-0.000810
-0.000735
-0.000703
-0.000680
-0.000640
-0.000565
-0.000480
-0.000507
-0.000634
-0.000638
-0.000684
-0.000691
-0.000669
-0.000593
-0.000540
-0.000645
-0.000670
-0.000602
-0.000708
-0.000694
-0.000673
-0.000649
-0.000734
-0.000721
-0.000677
-0.000664
-0.000663
-0.000748
-0.000740
-0.000705
-0.000702
-0.000711
-0.000706
-0.000753
-0.000720
-0.000797
-0.000340
-0.000560
-0.000645
-0.000685
-0.000695
-0.000707
-0.000687
-0.000640
-0.000776
-0.000801
-0.000732
-0.000821
-0.000775
-0.000775
-0.000767
-0.000613
-0.000575
-0.000727
-0.000711
-0.000768
-0.000820
-0.000779
-0.000734
-0.000796
-0.000807
-0.000784
-0.000834
-0.000856
-0.000749
-0.000791
-0.000771
-0.000724
-0.000689
-0.000734
-0.000824
-0.000752
-0.000705
-0.000680
-0.000743
-0.000638
-0.000648
-0.000563
-0.000569
-0.000535
-0.000635
-0.000663
-0.000666
-0.000632
-0.000618
-0.000516
-0.000508
-0.000625
-0.000597
-0.000600
-0.000618
-0.000675
-0.000646
-0.000658
-0.000642
-0.000658
-0.000745
-0.000662
-0.000668
-0.000620
-0.000642
-0.000733
-0.000750
-0.000697
-0.000735
-0.000755
-0.000735
-0.000699
-0.000850
-0.000734
-0.000502
-0.000609
-0.000666
-0.000677
-0.000704
-0.000701
-0.000737
-0.000757
-0.000657
-0.000674
-0.000734
-0.000801
-0.000657
-0.000621
-0.000669
-0.000654
-0.000767
-0.000644
-0.000761
-0.000764
-0.000737
-0.000781
-0.000796
-0.000763
-0.000853
-0.000874
-0.000794
-0.000771
-0.000753
-0.000759
-0.000750
-0.000649
-0.000644
-0.000711
-0.000712
-0.000648
-0.000725
-0.000742
-0.000655
-0.000497
-0.000515
-0.000587
-0.000581
-0.000571
-0.000708
-0.000598
-0.000553
-0.000579
-0.000660
-0.000617
-0.000487
-0.000569
-0.000546
-0.000566
-0.000592
-0.000573
-0.000571
-0.000596
-0.000728
-0.000798
-0.000666
-0.000683
-0.000673
-0.000723
-0.000748
-0.000786
-0.000802
-0.000755
-0.000764
-0.000775
-0.000766
-0.000780
-0.000743
-0.000528
-0.000636
-0.000655
-0.000681
-0.000734
-0.000711
-0.000720
-0.000699
-0.000656
-0.000645
-0.000798
-0.000806
-0.000662
-0.000633
-0.000592
-0.000671
-0.000666
-0.000772
-0.000727
-0.000796
-0.000772
-0.000692
-0.000663
-0.000723
-0.000754
-0.000813
-0.000799
-0.000759
-0.000659
-0.000702
-0.000683
-0.000735
-0.000749
-0.000678
-0.000671
-0.000659
-0.000632
-0.000658
-0.000379
-0.000361
-0.000525
-0.000754
-0.000660
-0.000619
-0.000669
-0.000569
-0.000555
-0.000574
-0.000511
-0.000533
-0.000521
-0.000538
-0.000525
-0.000473
-0.000519
-0.000621
-0.000593
-0.000601
-0.000598
-0.000669
-0.000648
-0.000627
-0.000761
-0.000816
-0.000705
-0.000503
-0.000823
-0.000847
-0.000814
-0.000800
-0.000771
-0.000794
-0.002169
-0.000551
-0.000566
-0.000618
-0.000565
-0.000696
-0.000714
-0.000604
-0.000563
-0.000773
-0.000766
-0.000718
-0.000784
-0.000721
-0.000560
-0.000641
-0.000712
-0.000772
-0.000740
-0.000815
-0.000697
-0.000667
-0.000682
-0.000651
-0.000694
-0.000725
-0.000736
-0.000758
-0.000784
-0.000684
-0.000656
-0.000694
-0.000750
-0.000698
-0.000637
-0.000626
-0.000570
-0.000504
-0.000558
-0.000489
-0.000329
-0.000359
-0.000558
-0.000694
-0.000682
-0.000576
-0.000555
-0.000542
-0.000470
-0.000444
-0.000534
-0.000498
-0.000522
-0.000466
-0.000502
-0.000480
-0.000543
-0.000532
-0.000473
-0.000563
-0.000614
-0.000611
-0.000607
-0.000694
-0.000707
-0.000715
-0.000678
-0.000919
-0.000827
-0.000797
-0.000819
-0.000812
-0.000849
-0.000742
-0.000570
-0.000501
-0.000631
-0.000585
-0.000584
-0.000686
-0.000641
-0.000591
-0.000697
-0.000732
-0.000658
-0.000656
-0.000768
-0.000776
-0.000701
-0.000665
-0.000857
-0.000879
-0.000840
-0.000747
-0.000681
-0.000722
-0.000639
-0.000698
-0.000742
-0.000706
-0.000710
-0.000803
-0.000757
-0.000741
-0.000723
-0.000746
-0.000662
-0.000636
-0.000613
-0.000532
-0.000489
-0.000503
-0.000494
-0.000549
-0.000708
-0.000690
-0.000646
-0.000617
-0.000655
-0.000631
-0.000528
-0.000483
-0.000471
-0.000506
-0.000507
-0.000467
-0.000491
-0.000495
-0.000450
-0.000455
-0.000451
-0.000577
-0.000652
-0.000652
-0.000621
-0.000682
-0.000749
-0.000703
-0.000713
-0.000920
-0.000842
-0.000770
-0.000742
-0.000769
-0.000808
-0.000857
-0.000819
-0.000513
-0.000530
-0.000627
-0.000569
-0.000594
-0.000579
-0.000641
-0.000704
-0.000672
-0.000544
-0.000507
-0.000564
-0.000681
-0.000811
-0.000747
-0.000757
-0.000882
-0.000903
-0.000854
-0.000686
-0.000729
-0.000748
-0.000681
-0.000660
-0.000717
-0.000785
-0.000811
-0.000764
-0.000734
-0.000718
-0.000739
-0.000728
-0.000735
-0.000643
-0.000555
-0.000537
-0.000515
-0.000586
-0.000645
-0.000705
-0.000748
-0.000747
-0.000653
-0.000657
-0.000564
-0.000533
-0.000497
-0.000469
-0.000545
-0.000459
-0.000462
-0.000437
-0.000495
-0.000514
-0.000478
-0.000479
-0.000557
-0.000500
-0.000618
-0.000676
-0.000676
-0.000719
-0.000819
-0.000544
-0.000727
-0.000838
-0.000775
-0.000727
-0.000799
-0.000850
-0.000807
-0.000805
-0.000796
-0.000557
-0.000561
-0.000562
-0.000598
-0.000603
-0.000583
-0.000649
-0.000757
-0.000770
-0.000600
-0.000592
-0.000593
-0.000631
-0.000843
-0.000842
-0.000716
-0.000842
-0.000866
-0.000859
-0.000803
-0.000747
-0.000715
-0.000767
-0.000746
-0.000808
-0.000849
-0.000849
-0.000742
-0.000771
-0.000740
-0.000812
-0.000713
-0.000711
-0.000616
-0.000526
-0.000518
-0.000543
-0.000565
-0.000508
-0.000673
-0.000671
-0.000670
-0.000663
-0.000604
-0.000533
-0.000454
-0.000547
-0.000501
-0.000489
-0.000355
-0.000334
-0.000489
-0.000532
-0.000519
-0.000527
-0.000545
-0.000591
-0.000580
-0.000591
-0.000616
-0.000694
-0.000696
-0.000801
-0.000836
-0.000789
-0.000700
-0.000824
-0.000823
-0.000855
-0.000845
-0.000848
-0.000871
0.001326
-0.000607
-0.000474
-0.000602
-0.000626
-0.000646
-0.000645
-0.000821
-0.000707
-0.000752
-0.000679
-0.000537
-0.000569
-0.000716
-0.000763
-0.000787
-0.000845
-0.000818
-0.000670
-0.000749
-0.000714
-0.000806
-0.000763
-0.000800
-0.000803
-0.000809
-0.000838
-0.000778
-0.000738
-0.000742
-0.000732
-0.000690
-0.000725
-0.000653
-0.000602
-0.000520
-0.000523
-0.000508
-0.000565
-0.000600
-0.000577
-0.000603
-0.000595
-0.000580
-0.000594
-0.000500
-0.000504
-0.000566
-0.000550
-0.000410
-0.000454
-0.000516
-0.000541
-0.000492
-0.000538
-0.000593
-0.000599
-0.000602
-0.000569
-0.000588
-0.000618
-0.000638
-0.000669
-0.000722
-0.000689
-0.000728
-0.000806
-0.000835
-0.000875
-0.000910
-0.001027
-0.000965
-0.000920
-0.000984
-0.000625
-0.000604
-0.000644
-0.000675
-0.000654
-0.000767
-0.000763
-0.000730
-0.000797
-0.000777
-0.000614
-0.000632
-0.000646
-0.000653
-0.000597
-0.000898
-0.000757
-0.000707
-0.000584
-0.000737
-0.000787
-0.000818
-0.000700
-0.000702
-0.000655
-0.000667
-0.000769
-0.000797
-0.000807
-0.000781
-0.000571
-0.000561
-0.000561
-0.000514
-0.000505
-0.000531
-0.000544
-0.000513
-0.000589
-0.000632
-0.000580
-0.000520
-0.000527
-0.000521
-0.000553
-0.000526
-0.000492
-0.000494
-0.000479
-0.000460
-0.000446
-0.000478
-0.000558
-0.000557
-0.000616
-0.000589
-0.000583
-0.000565
-0.000650
-0.000668
-0.000711
-0.000732
-0.000716
-0.000724
-0.000814
-0.000834
-0.000852
-0.000890
-0.000962
-0.000955
-0.000991
-0.001081
-0.001097
-0.000563
-0.000611
-0.000447
-0.000671
-0.000649
-0.000792
-0.000643
-0.000758
-0.000733
-0.000756
-0.000627
-0.000659
-0.000672
-0.000692
-0.000604
-0.000679
-0.000776
-0.000683
-0.000653
-0.000654
-0.000690
-0.000733
-0.000641
-0.000668
-0.000665
-0.000594
-0.000693
-0.000751
-0.000817
-0.000693
-0.000693
-0.000585
-0.000508
-0.000550
-0.000531
-0.000482
-0.000486
-0.000512
-0.000494
-0.000561
-0.000567
-0.000580
-0.000511
-0.000565
-0.000506
-0.000525
-0.000522
-0.000489
-0.000447
-0.000390
-0.000416
-0.000475
-0.000513
-0.000521
-0.000698
-0.000677
-0.000562
-0.000588
-0.000646
-0.000701
-0.000683
-0.000768
-0.000731
-0.000792
-0.000815
-0.000845
-0.000833
-0.000893
-0.000928
-0.000967
-0.000991
-0.001023
-0.001023
-0.000586
-0.000622
-0.000534
-0.000661
-0.000739
-0.000754
-0.000646
-0.000744
-0.000679
-0.000624
-0.000685
-0.000689
-0.000640
-0.000658
-0.000693
-0.000457
-0.000629
-0.000688
-0.000638
-0.000572
-0.000652
-0.000605
-0.000571
-0.000517
-0.000581
-0.000596
-0.000704
-0.000764
-0.000806
-0.000842
-0.000764
-0.000587
-0.000639
-0.000595
-0.000549
-0.000474
-0.000422
-0.000481
-0.000511
-0.000577
-0.000522
-0.000483
-0.000500
-0.000530
-0.000519
-0.000518
-0.000514
-0.000500
-0.000415
-0.000420
-0.000437
-0.000491
-0.000513
-0.000559
-0.000577
-0.000579
-0.000646
-0.000704
-0.000769
-0.000772
-0.000757
-0.000809
-0.000738
-0.000763
-0.000774
-0.000837
-0.000934
-0.000902
-0.000915
-0.000987
-0.000986
-0.001010
0.000725
-0.000642
-0.000617
-0.000633
-0.000702
-0.000721
-0.000628
-0.000618
-0.000683
-0.000679
-0.000622
-0.000691
-0.000683
-0.000608
-0.000557
-0.000743
-0.000478
-0.000646
-0.000661
-0.000656
-0.000675
-0.000703
-0.000707
0.000048
-0.000229
-0.000636
-0.000679
-0.000849
-0.000723
-0.000717
-0.000785
-0.000681
-0.000558
-0.000619
-0.000621
-0.000514
-0.000504
-0.000418
-0.000445
-0.000422
-0.000469
-0.000435
-0.000440
-0.000526
-0.000514
-0.000529
-0.000556
-0.000499
-0.000458
-0.000437
-0.000477
-0.000472
-0.000456
-0.000467
-0.000530
-0.000710
-0.000703
-0.000871
-0.000892
-0.000763
-0.000818
-0.000762
-0.000797
-0.000815
-0.000854
-0.000891
-0.000930
-0.000960
-0.000986
-0.000966
-0.000964
-0.000914
-0.001024
-0.000912
-0.000688
-0.000691
-0.000684
-0.000699
-0.000711
-0.000684
-0.000674
-0.000669
-0.000679
-0.000602
-0.000670
-0.000602
-0.000628
-0.000605
-0.000615
-0.000555
-0.000624
-0.000695
-0.000775
-0.000781
-0.000793
0.000811
0.004977
0.006124
-0.001937
-0.006234
-0.005753
-0.003425
0.000074
-0.000660
-0.000664
-0.000604
-0.000618
-0.000596
-0.000609
-0.000505
-0.000418
-0.000438
-0.000384
-0.000376
-0.000336
-0.000347
-0.000385
-0.000486
-0.000559
-0.000552
-0.000455
-0.000486
-0.000493
-0.000417
-0.000441
-0.000512
-0.000472
-0.000605
-0.000750
-0.000851
-0.000694
-0.000687
-0.000749
-0.000894
-0.000837
-0.000798
-0.000903
-0.000917
-0.000904
-0.000953
-0.000967
-0.000986
-0.000966
-0.000934
-0.000998
-0.001143
-0.001033
-0.000761
-0.000727
-0.000717
-0.000722
-0.000632
-0.000651
-0.000648
-0.000624
-0.000715
-0.000702
-0.000667
-0.000645
-0.000582
-0.000599
-0.000591
-0.000650
-0.000501
-0.000597
-0.000755
-0.000828
-0.000192
0.004711
0.005332
0.002084
0.006018
0.011933
0.013992
0.000459
0.000082
-0.002912
-0.000907
-0.000690
-0.000726
-0.000622
-0.000631
-0.000503
-0.000412
-0.000400
-0.000360
-0.000292
-0.000256
-0.000223
-0.000276
-0.000397
-0.000442
-0.000478
-0.000443
-0.000467
-0.000531
-0.000465
-0.000449
-0.000537
-0.000662
-0.000647
-0.000644
-0.000706
-0.000607
-0.000777
-0.000812
-0.000843
-0.000923
-0.000999
-0.000900
-0.000916
-0.000933
-0.000950
-0.000969
-0.000999
-0.001008
-0.000984
-0.001147
-0.001162
-0.000935
-0.000784
-0.000734
-0.000744
-0.000684
-0.000621
-0.000639
-0.000661
-0.000650
-0.000658
-0.000599
-0.000610
-0.000645
-0.000576
-0.000568
-0.000565
-0.000614
-0.000271
-0.000187
-0.000006
0.000024
0.000533
-0.000648
-0.002749
-0.001166
-0.001086
-0.003010
0.001206
0.011913
0.007074
-0.001947
-0.000836
-0.000712
-0.000720
-0.000569
-0.000547
-0.000522
-0.000442
-0.000373
-0.000368
-0.000327
-0.000157
0.000104
-0.000145
-0.000278
-0.000344
-0.000465
-0.000506
-0.000583
-0.000616
-0.000518
-0.000461
-0.000559
-0.000677
-0.000571
-0.000670
-0.000674
-0.000868
-0.000841
-0.000804
-0.000879
-0.000900
-0.000896
-0.000929
-0.000994
-0.000967
-0.000994
-0.001041
-0.001035
-0.001075
-0.001156
-0.001178
-0.001144
-0.001100
-0.000781
-0.000756
-0.000769
-0.000639
-0.000632
-0.000640
-0.000629
-0.000620
-0.000582
-0.000584
-0.000575
-0.000601
-0.000594
-0.000512
-0.000242
-0.000072
-0.001351
0.000194
0.001892
0.001145
0.002283
-0.000369
-0.000716
-0.001438
0.000245
0.003436
0.003076
0.009459
0.000258
-0.000596
-0.000777
-0.000649
-0.000658
-0.000580
-0.000485
-0.000371
-0.000303
-0.000335
-0.000377
-0.000257
-0.000226
-0.000096
-0.000205
-0.000274
-0.000355
-0.000453
-0.000525
-0.000596
-0.000654
-0.000552
-0.000483
-0.000553
-0.000527
-0.000516
-0.000708
-0.000712
-0.000819
-0.000779
-0.000792
-0.000868
-0.000897
-0.000892
-0.000960
-0.000977
-0.001057
-0.001065
-0.001026
-0.001059
-0.001085
-0.001240
-0.001063
-0.000992
-0.001050
-0.000776
-0.000778
-0.000731
-0.000634
-0.000627
-0.000641
-0.000639
-0.000616
-0.000556
-0.000565
-0.000538
-0.000525
-0.000527
-0.000126
-0.001098
-0.000474
-0.000322
0.002244
0.000473
0.000862
-0.000272
-0.000339
-0.000480
-0.001719
-0.000431
0.006832
0.012354
0.007418
0.006524
0.003283
0.002403
-0.000309
-0.000754
-0.000241
0.001553
0.002403
0.001542
-0.000090
0.000067
-0.000269
-0.000295
-0.000304
-0.000329
-0.000332
-0.000369
-0.000439
-0.000619
-0.000645
-0.000662
-0.000565
-0.000529
-0.000597
-0.000521
-0.000736
-0.000687
-0.000696
-0.000771
-0.000797
-0.000856
-0.000955
-0.000977
-0.000913
-0.000894
-0.000990
-0.001041
-0.001113
-0.001011
-0.000971
-0.001001
-0.000977
-0.001034
-0.001002
-0.001037
-0.000745
-0.000742
-0.000651
-0.000608
-0.000553
-0.000589
-0.000622
-0.000630
-0.000593
-0.000575
-0.000540
-0.000464
-0.000338
-0.002105
-0.003791
-0.001685
0.000269
0.001003
-0.000194
-0.000447
-0.000354
-0.000456
-0.000047
0.000985
0.001724
0.002225
0.001469
0.003935
0.009979
0.007791
0.006672
0.004078
0.001753
0.003491
0.003401
0.004038
0.004410
0.005309
0.002255
0.000153
-0.000220
-0.000334
-0.000426
-0.000403
-0.000413
-0.000470
-0.000625
-0.000603
-0.000658
-0.000602
-0.000572
-0.000633
-0.000642
-0.000666
-0.000706
-0.000727
-0.000723
-0.000785
-0.000917
-0.000913
-0.000972
-0.000994
-0.000918
-0.000989
-0.000944
-0.001022
-0.000967
-0.000954
-0.000855
-0.000981
-0.001023
-0.000958
-0.000905
-0.000744
-0.000674
-0.000605
-0.000594
-0.000560
-0.000604
-0.000628
-0.000600
-0.000613
-0.000598
-0.000555
-0.000230
-0.000149
-0.001424
-0.002430
-0.000457
-0.000432
-0.000439
-0.000342
-0.000560
-0.000515
-0.000978
0.001032
0.003922
0.000393
-0.000710
-0.000230
0.001186
0.001470
0.002926
0.000905
0.000950
0.001350
0.002576
0.000918
0.001801
0.003431
0.004756
0.005080
0.001939
-0.000405
-0.000044
-0.000572
-0.000680
-0.000690
-0.000569
-0.000569
-0.000681
-0.000681
-0.000641
-0.000638
-0.000650
-0.000675
-0.000709
-0.000720
-0.000755
-0.000829
-0.000838
-0.000898
-0.000890
-0.001028
-0.001066
-0.000970
-0.000999
-0.000966
-0.000927
-0.000897
-0.000935
-0.000904
-0.000802
-0.000952
-0.000951
-0.000596
-0.000760
-0.000642
-0.000606
-0.000570
-0.000598
-0.000632
-0.000610
-0.000624
-0.000602
-0.000592
-0.000538
-0.000459
-0.000494
-0.001281
-0.004277
0.002241
-0.004375
-0.001053
-0.000467
-0.000836
-0.000450
-0.000720
0.001150
0.001630
-0.000438
-0.001187
-0.001137
0.000447
0.001079
0.000603
0.000106
0.000356
-0.000010
0.001557
0.001084
0.000381
0.001700
0.002498
0.003640
0.002417
0.000509
-0.001227
-0.002088
-0.001392
-0.001651
-0.000873
-0.000629
-0.000706
-0.000711
-0.000699
-0.000662
-0.000710
-0.000718
-0.000761
-0.000797
-0.000801
-0.000852
-0.000930
-0.001026
-0.001050
-0.000943
-0.000879
-0.000876
-0.000959
-0.000940
-0.000906
-0.000967
-0.000933
-0.000879
-0.000889
-0.001045
-0.000970
-0.000977
-0.000761
-0.000504
-0.000474
-0.000646
-0.000591
-0.000573
-0.000560
-0.000570
-0.000594
-0.000549
-0.000445
-0.000420
-0.000435
-0.001905
-0.005229
0.005219
-0.004617
-0.001805
-0.000759
-0.000759
0.000098
0.002940
0.004800
0.002279
0.001101
0.001751
0.001559
0.002879
0.001733
0.000398
-0.000022
0.000023
-0.000220
-0.000272
0.000890
-0.000421
0.000171
0.000977
0.002594
0.002582
0.000491
-0.001297
-0.001390
-0.010250
-0.003603
-0.002304
-0.001090
-0.000741
-0.000753
-0.000713
-0.000764
-0.000761
-0.000767
-0.000791
-0.000793
-0.000810
-0.000865
-0.001003
-0.001088
-0.001042
-0.000932
-0.000960
-0.000882
-0.000899
-0.000929
-0.000844
-0.000834
-0.000896
-0.001008
-0.000941
-0.000864
-0.000878
-0.000824
-0.000250
-0.000346
-0.000364
-0.000593
-0.000561
-0.000499
-0.000520
-0.000529
-0.000542
-0.000499
-0.000464
-0.000463
-0.000434
-0.000986
-0.002887
0.000068
-0.005157
-0.002009
0.002048
0.002446
0.001337
0.004817
0.008322
0.008394
0.004329
0.001913
0.002155
0.002600
0.002786
0.000815
0.001766
-0.000346
-0.000709
-0.000493
0.000656
0.000091
-0.000381
-0.000528
0.001170
0.000601
-0.001077
0.000315
-0.000119
-0.000370
0.004691
0.014438
-0.001798
-0.001009
-0.000732
-0.000774
-0.000884
-0.000918
-0.000878
-0.000839
-0.000816
-0.000845
-0.000979
-0.001066
-0.001079
-0.001091
-0.000985
-0.000932
-0.000838
-0.000834
-0.000753
-0.000810
-0.000925
-0.000976
-0.000964
-0.000880
-0.000835
-0.000858
-0.000657
-0.000238
-0.000184
-0.000359
-0.000550
-0.000534
-0.000461
-0.000517
-0.000568
-0.000535
-0.000506
-0.000455
-0.000487
-0.000501
-0.000563
-0.001184
0.001034
0.002162
0.002065
0.000575
0.001451
0.002533
0.004074
0.005907
0.004448
0.003975
0.001739
0.001271
0.000943
0.001285
0.001621
0.004630
0.003032
-0.000638
-0.000254
0.001412
-0.000410
-0.000650
-0.000656
-0.001694
-0.001949
-0.001739
-0.000532
0.000637
0.002601
0.009000
0.007809
0.000391
-0.001762
-0.000756
-0.000815
-0.000893
-0.000913
-0.000908
-0.000861
-0.000905
-0.000898
-0.000978
-0.001012
-0.001104
-0.001022
-0.000864
-0.000868
-0.000831
-0.000818
-0.000801
-0.000791
-0.000914
-0.000966
-0.000919
-0.001049
-0.001005
-0.000970
-0.000476
-0.000482
-0.000306
-0.000471
-0.000348
-0.000592
-0.000460
-0.000362
-0.000520
-0.000450
-0.000448
-0.000427
-0.000520
-0.000526
-0.000455
-0.000585
-0.000873
-0.000310
0.001078
0.001177
0.002001
0.001291
0.002181
0.003953
0.004432
0.003274
0.002569
0.001748
-0.000262
0.000362
-0.000012
0.001432
0.002514
0.000336
0.000325
-0.000739
-0.001164
-0.000076
0.001009
-0.000095
-0.000559
0.000449
-0.000207
-0.000177
-0.002062
0.000707
0.000279
-0.000388
0.000510
-0.000809
-0.000838
-0.000888
-0.000935
-0.000877
-0.000876
-0.000914
-0.000970
-0.000988
-0.000977
-0.000952
-0.000932
-0.000819
-0.000785
-0.000832
-0.000840
-0.000922
-0.001080
-0.001149
-0.000951
-0.001141
-0.001126
-0.001037
-0.000855
-0.000531
-0.000425
-0.000439
-0.000498
-0.000548
-0.000563
-0.000460
-0.000529
-0.000440
-0.000473
-0.000550
-0.000568
-0.000556
-0.000554
-0.000702
-0.000669
-0.000602
-0.000803
-0.000770
-0.000701
-0.000867
-0.000846
0.000366
0.001433
0.001088
0.001629
-0.000139
-0.000456
-0.001333
-0.003591
-0.002691
-0.001592
-0.007774
-0.005136
-0.000528
-0.000101
-0.000768
0.003449
0.005744
0.010034
0.005053
0.000699
-0.001332
0.000937
0.000932
0.000347
0.002967
-0.000445
0.000815
0.000881
-0.001002
-0.000996
-0.001050
-0.000924
-0.000870
-0.000936
-0.000976
-0.001027
-0.000963
-0.000901
-0.000850
-0.000856
-0.000815
-0.000891
-0.000946
-0.001116
-0.001148
-0.001034
-0.001059
-0.001111
-0.001047
-0.001012
-0.000854
-0.000764
-0.000470
-0.000562
-0.000586
-0.000623
-0.000589
-0.000560
-0.000623
-0.000553
-0.000547
-0.000508
-0.000667
-0.000608
-0.000622
-0.000837
-0.000785
-0.000731
-0.000759
-0.000754
-0.000718
-0.000677
-0.000496
-0.000993
-0.000491
0.003468
-0.004586
-0.009303
-0.009225
-0.007893
-0.007693
-0.006959
-0.009850
-0.010741
-0.006409
-0.003180
-0.000374
-0.000550
0.000218
0.005361
0.007227
-0.000745
0.002763
-0.002934
-0.001744
0.001431
0.003697
0.002296
-0.003853
-0.005122
-0.003151
-0.000495
-0.001129
-0.001023
-0.000999
-0.000930
-0.000928
-0.001023
-0.001042
-0.000945
-0.000847
-0.000816
-0.000846
-0.000892
-0.000979
-0.001171
-0.001224
-0.001197
-0.001113
-0.001023
-0.000899
-0.000959
-0.000984
-0.001028
-0.000986
-0.000488
-0.000556
-0.000642
-0.000702
-0.000577
-0.000562
-0.000690
-0.000711
-0.000597
-0.000597
-0.000707
-0.000695
-0.000612
-0.000779
-0.000718
-0.000588
-0.000643
-0.000730
-0.000599
-0.000481
-0.000030
0.004556
0.002589
0.002677
-0.004614
-0.011188
-0.009505
-0.010463
-0.010285
-0.009345
-0.012658
-0.009699
-0.007365
-0.002967
-0.000686
0.001996
0.000228
0.000879
0.005463
-0.004708
-0.005647
-0.004797
0.000924
-0.003952
0.000791
-0.002354
-0.003725
-0.006215
-0.004790
-0.002147
-0.005083
-0.001195
-0.000810
-0.000847
-0.000942
-0.001073
-0.000870
-0.000778
-0.000829
-0.000907
-0.000979
-0.001057
-0.001171
-0.001245
-0.001231
-0.001130
-0.001152
-0.001101
-0.001101
-0.000921
-0.000943
-0.001014
-0.000950
-0.000569
-0.000531
-0.000587
-0.000647
-0.000617
-0.000610
-0.000612
-0.000597
-0.000578
-0.000670
-0.000710
-0.000731
-0.000647
-0.000695
-0.000748
-0.000684
-0.000734
-0.000625
-0.000608
-0.000379
0.002624
0.005533
0.003001
0.001122
-0.003907
-0.012920
-0.011706
-0.009771
-0.012463
-0.018433
-0.020986
-0.015138
-0.005300
-0.002579
-0.000447
0.002272
-0.000115
0.000727
0.000051
0.005417
0.003109
0.005136
-0.004794
-0.011800
-0.009375
0.004472
-0.000640
-0.003963
-0.001100
-0.002334
-0.020698
-0.024722
0.000432
-0.000875
-0.000985
-0.001126
-0.000988
-0.000877
-0.000911
-0.000972
-0.000994
-0.001112
-0.001150
-0.001040
-0.001182
-0.001261
-0.001194
-0.001120
-0.000924
-0.001033
-0.001080
-0.000967
-0.001010
-0.000539
-0.000531
-0.000579
-0.000638
-0.000624
-0.000635
-0.000622
-0.000620
-0.000632
-0.000648
-0.000623
-0.000635
-0.000758
-0.000753
-0.000738
-0.000757
-0.000660
-0.000483
-0.000449
-0.000301
0.000208
0.005569
0.003967
0.002390
-0.001533
-0.012566
-0.011802
-0.013901
-0.016194
-0.018154
-0.017938
-0.012897
-0.002827
0.000224
-0.001157
0.000533
0.000805
0.000269
-0.000346
0.000341
0.000258
0.000565
0.000352
-0.002317
-0.002932
-0.005927
-0.001906
-0.000363
0.008429
-0.010726
-0.026311
-0.016602
-0.011780
0.000467
0.000003
-0.000922
-0.001011
-0.000824
-0.000862
-0.001050
-0.001098
-0.001137
-0.001056
-0.001180
-0.001233
-0.001093
-0.001056
-0.000851
-0.001023
-0.001108
-0.001053
-0.000971
-0.000990
-0.000699
-0.000539
-0.000589
-0.000667
-0.000666
-0.000655
-0.000635
-0.000683
-0.000622
-0.000581
-0.000625
-0.000692
-0.000697
-0.000742
-0.000626
-0.000656
-0.000528
-0.000485
-0.000484
-0.000536
-0.000740
0.001409
0.003300
0.001919
-0.001944
-0.012976
-0.014844
-0.013148
-0.014440
-0.019053
-0.021866
-0.013744
-0.002347
-0.000842
-0.000722
-0.000888
-0.000182
-0.000202
-0.000462
-0.000385
0.000061
-0.000390
-0.000360
0.000078
0.000599
-0.000873
-0.001231
0.006430
0.016340
-0.015140
-0.019187
-0.010994
-0.005813
-0.002424
0.001925
0.000651
-0.000860
-0.000899
-0.001023
-0.001090
-0.000978
-0.000917
-0.001028
-0.001232
-0.001093
-0.001020
-0.001004
-0.001015
-0.001061
-0.001078
-0.001092
-0.001017
-0.001112
-0.000817
-0.000764
-0.000689
-0.000711
-0.000871
-0.000828
-0.000739
-0.000793
-0.000644
-0.000642
-0.000645
-0.000721
-0.000683
-0.000680
-0.000290
-0.000441
-0.000458
-0.000543
-0.000586
-0.000629
-0.000812
-0.000994
0.000780
0.001278
-0.003892
-0.009537
-0.011235
-0.012098
-0.008806
-0.012218
-0.018585
-0.012623
-0.004752
-0.003974
-0.001719
-0.002187
-0.000944
-0.001710
-0.002796
-0.001398
-0.000479
-0.000889
-0.000395
-0.000305
0.000382
0.000633
0.000032
0.022086
0.005336
-0.010443
-0.009568
-0.005539
-0.000282
0.004917
0.015089
0.012426
0.000406
-0.000648
-0.000995
-0.001004
-0.001032
-0.001024
-0.001064
-0.001295
-0.001091
-0.001116
-0.001128
-0.001220
-0.001146
-0.001185
-0.001170
-0.001018
-0.001085
-0.000894
-0.000906
-0.000763
-0.000667
-0.000806
-0.000868
-0.000955
-0.000845
-0.000369
-0.000645
-0.000576
-0.000691
-0.000388
-0.000428
-0.000422
-0.000482
-0.000549
-0.000623
-0.000720
-0.000760
-0.000821
-0.001021
-0.000556
0.000509
-0.001219
-0.006636
-0.010445
-0.010220
-0.006525
-0.012659
-0.012896
-0.011030
-0.006570
-0.003161
-0.002481
-0.002240
-0.002413
-0.001972
-0.001100
-0.001526
-0.001015
-0.000994
-0.000505
-0.000491
0.000146
0.000897
0.001791
-0.000814
0.005660
-0.004666
-0.006413
0.000137
0.017185
0.018839
0.016267
0.009506
0.000334
-0.002317
0.000222
0.000037
0.000018
-0.001160
-0.001281
-0.001093
-0.001013
-0.001141
-0.001123
-0.001098
-0.001181
-0.001214
-0.001118
-0.001111
-0.001134
-0.000825
-0.000941
-0.000853
-0.000745
-0.000788
-0.000933
-0.000957
-0.000985
-0.000915
-0.000781
-0.000833
-0.000707
-0.000510
-0.000483
-0.000454
-0.000478
-0.000581
-0.000662
-0.000796
-0.000817
-0.000861
-0.000974
-0.000984
-0.000863
-0.001719
-0.002000
-0.002830
-0.003144
-0.000637
-0.006572
-0.009090
-0.007138
-0.005668
-0.004469
-0.003460
-0.001990
-0.000546
-0.001164
-0.002070
-0.002020
-0.001595
-0.001321
-0.001327
-0.000832
-0.000135
0.000085
0.000013
0.000412
0.001049
-0.001847
-0.001595
0.011087
0.026754
0.028082
0.025658
0.011794
0.006152
0.006139
-0.000707
-0.000744
-0.000299
0.000269
0.000000
-0.000962
-0.001008
-0.000897
-0.001074
-0.001107
-0.001127
-0.001030
-0.001202
-0.001162
-0.000999
-0.000791
-0.000937
-0.000903
-0.000813
-0.000896
-0.000910
-0.000915
-0.000950
-0.000854
-0.000968
-0.001115
-0.000768
-0.000354
-0.000525
-0.000241
-0.000299
-0.000172
-0.000373
-0.000594
-0.000871
-0.000795
-0.001273
-0.001183
-0.001204
-0.001362
-0.001428
-0.001363
-0.001229
-0.000966
-0.001232
-0.000597
-0.006099
-0.005172
-0.004296
-0.003908
-0.002003
-0.000465
-0.000699
-0.001961
-0.001853
-0.001714
-0.002258
-0.002694
-0.003043
-0.003772
-0.006362
-0.005890
-0.002204
0.003405
-0.000103
0.008452
0.029376
0.020723
0.014683
0.007048
0.010171
0.022646
0.005417
0.001321
0.002053
0.001532
0.001170
-0.000646
0.000133
-0.000330
-0.000498
-0.001030
-0.001088
-0.001154
-0.001157
-0.001239
-0.001277
-0.000822
-0.000909
-0.000971
-0.000903
-0.000928
-0.000919
-0.000795
-0.000862
-0.000913
-0.000818
-0.001055
-0.001250
-0.000811
-0.001015
-0.001096
-0.000967
-0.000359
-0.001178
-0.001134
-0.001138
-0.001101
-0.001086
-0.001307
-0.001444
-0.001515
-0.001504
-0.001499
-0.001413
-0.001224
-0.001299
-0.001301
-0.001427
-0.000925
-0.001004
-0.000716
-0.000103
0.000009
-0.000008
-0.001590
-0.001841
-0.001349
-0.001779
-0.005121
-0.004107
-0.007027
-0.019182
-0.019648
-0.011118
-0.004783
-0.004570
-0.010475
0.000927
0.016568
-0.000337
-0.001697
-0.001934
-0.002544
-0.000166
-0.000091
0.000395
-0.000554
-0.000900
-0.001012
-0.001054
-0.001122
-0.001280
-0.001167
-0.001057
-0.001203
-0.001238
-0.001266
-0.001379
-0.001299
-0.001044
-0.000986
-0.000963
-0.000946
-0.000825
-0.000880
-0.000774
-0.000658
-0.000993
-0.001172
-0.001318
-0.001003
-0.001297
-0.001090
-0.001218
-0.001248
-0.000944
-0.000952
-0.001063
-0.001099
-0.000955
-0.001050
-0.001400
-0.001544
-0.001525
-0.001503
-0.001504
-0.001440
-0.001491
-0.001497
-0.001243
-0.001451
-0.001648
-0.001677
-0.001569
-0.001466
-0.001627
-0.001456
-0.000396
-0.000096
-0.000020
0.000006
-0.000879
-0.000563
-0.000290
-0.008441
-0.016940
-0.016721
-0.015278
-0.014190
-0.018020
-0.017135
-0.006044
-0.002273
-0.001579
-0.000982
-0.000200
-0.000472
-0.000507
-0.000993
-0.001180
-0.001155
-0.001088
-0.001035
-0.001086
-0.001314
-0.001189
-0.001260
-0.001265
-0.001220
-0.001166
-0.001290
-0.001057
-0.001063
-0.000864
-0.000978
-0.000972
-0.000979
-0.000859
-0.001014
-0.001140
-0.001384
-0.001434
-0.001611
-0.001236
-0.001018
-0.001414
-0.001443
-0.001369
-0.001132
-0.001065
-0.001178
-0.001362
-0.001284
-0.001106
-0.001257
-0.001490
-0.001458
-0.001462
-0.001438
-0.001532
-0.001510
-0.001395
-0.001549
-0.001727
-0.001628
-0.001644
-0.001701
-0.001697
-0.001591
-0.001559
-0.001754
-0.001980
-0.001952
-0.001705
-0.001704
-0.001631
-0.001750
0.001117
-0.016499
-0.027038
-0.026263
-0.024646
-0.025156
-0.025057
-0.001034
-0.001305
-0.001375
-0.001497
-0.001526
-0.001492
-0.001326
-0.001255
-0.001301
-0.001171
-0.001028
-0.001084
-0.001046
-0.001233
-0.001132
-0.001204
-0.001123
-0.001007
-0.000999
-0.001000
-0.001036
-0.001083
-0.001048
-0.001010
-0.001018
-0.000987
-0.001043
-0.001308
-0.001432
-0.001508
-0.001371
-0.001450
-0.001452
-0.001351
-0.001261
-0.001331
-0.001122
-0.001156
-0.001309
-0.001256
-0.001350
-0.001316
-0.001274
-0.001343
-0.001474
-0.001545
-0.001533
-0.001505
-0.001590
-0.001492
-0.001594
-0.001579
-0.001614
-0.001654
-0.001669
-0.001797
-0.001803
-0.001931
-0.001838
-0.001651
-0.001700
-0.001707
-0.001760
-0.001636
-0.001898
-0.001992
-0.001702
0.001297
-0.029460
-0.029756
-0.026105
-0.024979
-0.018689
-0.004704
-0.001339
-0.001536
-0.001477
-0.001280
-0.001565
-0.001528
-0.001210
-0.001195
-0.001080
-0.001177
-0.001262
-0.001170
-0.001320
-0.001124
-0.001212
-0.001160
-0.001129
-0.001005
-0.000984
-0.000896
-0.001147
-0.001284
-0.001253
-0.001226
-0.001286
-0.001413
-0.001517
-0.001672
-0.001496
-0.001322
-0.001540
-0.001623
-0.001593
-0.001267
-0.001262
-0.000806
-0.001338
-0.001519
-0.001292
-0.001279
-0.001296
-0.001471
-0.001404
-0.001450
-0.001579
-0.001695
-0.001687
-0.001628
-0.001440
-0.001712
-0.001714
-0.001735
-0.001771
-0.001746
-0.001876
-0.001938
-0.001929
-0.001818
-0.001598
-0.001803
-0.002074
-0.002155
-0.002048
-0.001889
-0.001982
-0.001713
-0.001617
-0.003152
-0.013861
-0.018358
-0.018104
-0.007242
-0.000912
-0.002258
-0.001989
-0.001176
-0.001445
-0.001616
-0.001475
-0.001262
-0.001263
-0.001272
-0.001341
-0.001361
-0.001414
-0.001322
-0.001305
-0.001358
-0.001467
-0.001257
-0.001091
-0.000997
-0.001106
-0.001177
-0.001400
-0.001232
-0.001309
-0.001348
-0.001390
-0.001649
-0.001627
-0.001530
-0.001568
-0.001517
-0.001624
-0.001655
-0.001518
-0.001046
-0.001315
-0.001379
-0.001526
-0.001201
-0.001282
-0.001325
-0.001496
-0.001438
-0.001487
-0.001740
-0.001823
-0.001688
-0.001711
-0.001596
-0.001914
-0.001857
-0.001875
-0.001828
-0.001898
-0.001900
-0.001923
-0.001888
-0.001721
-0.001575
-0.001840
-0.002290
-0.002171
-0.002253
-0.002185
-0.002202
-0.001957
-0.001817
-0.001760
-0.003177
-0.006401
-0.005829
-0.002492
-0.001661
-0.002820
-0.002233
-0.001879
-0.001754
-0.001675
-0.001496
-0.001322
-0.001243
-0.001365
-0.001292
-0.001517
-0.001526
-0.001152
-0.001264
-0.001478
-0.001390
-0.001103
-0.000923
-0.001047
-0.001260
-0.001445
-0.001400
-0.001356
-0.001238
-0.001292
-0.001366
-0.001437
-0.001466
-0.001376
-0.001542
-0.001538
-0.001533
-0.001552
-0.001476
-0.001228
-0.001281
-0.001379
-0.001494
-0.001598
-0.001548
-0.001441
-0.001414
-0.001422
-0.001428
-0.001766
-0.001930
-0.001979
-0.001941
-0.001776
-0.002088
-0.002048
-0.001868
-0.001913
-0.001908
-0.001797
-0.001780
-0.001646
-0.001884
-0.002059
-0.002117
-0.002179
-0.001888
-0.001677
-0.001971
-0.002311
-0.002138
-0.002102
-0.001960
-0.002150
-0.002387
-0.002374
-0.001063
-0.001632
-0.002566
-0.001602
-0.001821
-0.001613
-0.001538
-0.001452
-0.001552
-0.001494
-0.001367
-0.001419
-0.001527
-0.001321
-0.001166
-0.001250
-0.001414
-0.001145
-0.001089
-0.001140
-0.001404
-0.001283
-0.001314
-0.001491
-0.001421
-0.001195
-0.001425
-0.001313
-0.001371
-0.001323
-0.001455
-0.001555
-0.001523
-0.001472
-0.001550
-0.001614
-0.001431
-0.001336
-0.001395
-0.001480
-0.001540
-0.001482
-0.001362
-0.001423
-0.001564
-0.001585
-0.001711
-0.001986
-0.002057
-0.002040
-0.002192
-0.002265
-0.002052
-0.002113
-0.002200
-0.002172
-0.002254
-0.002060
-0.001880
-0.002302
-0.002670
-0.002570
-0.002118
-0.002087
-0.001865
-0.002032
-0.002322
-0.002029
-0.002037
-0.002013
-0.002173
-0.002112
-0.001919
-0.001711
-0.001728
-0.002026
-0.001484
-0.001579
-0.001547
-0.001551
-0.001419
-0.001489
-0.001592
-0.001365
-0.001260
-0.001257
-0.001306
-0.001394
-0.001252
-0.001188
-0.001238
-0.001178
-0.001330
-0.001261
-0.001135
-0.001282
-0.001458
-0.001443
-0.001319
-0.001352
-0.001452
-0.001290
-0.001426
-0.001479
-0.001588
-0.001551
-0.001521
-0.001530
-0.001334
-0.001338
-0.001389
-0.001351
-0.001441
-0.001593
-0.001531
-0.001374
-0.001385
-0.001578
-0.001807
-0.001906
-0.001977
-0.001807
-0.001891
-0.002011
-0.002078
-0.001996
-0.002156
-0.002236
-0.002312
-0.002339
-0.002197
-0.002303
-0.002125
-0.002311
-0.002362
-0.001989
-0.002151
-0.002379
-0.002277
-0.002039
-0.002250
-0.002334
-0.002322
-0.001887
-0.001891
-0.001823
-0.001686
-0.001852
-0.001731
-0.001564
-0.001569
-0.001546
-0.001433
-0.001314
-0.001534
-0.001453
-0.001318
-0.001221
-0.001338
-0.001174
-0.001177
-0.001309
-0.001277
-0.001290
-0.001295
-0.001244
-0.001074
-0.001185
-0.001577
-0.001244
-0.001347
-0.001378
-0.001377
-0.001411
-0.001353
-0.001432
-0.001607
-0.001443
-0.001405
-0.001481
-0.001390
-0.001203
-0.001193
-0.001320
-0.001284
-0.001374
-0.001463
-0.001484
-0.001257
-0.001355
-0.001494
-0.001820
-0.001748
-0.002089
-0.001691
-0.001993
-0.001965
-0.001929
-0.002077
-0.001982
-0.001895
-0.001972
-0.001922
-0.002329
-0.002507
-0.002250
-0.002176
-0.002094
-0.002048
-0.002300
-0.002170
-0.002007
-0.001931
-0.002080
-0.002333
-0.002061
-0.001950
-0.001650
-0.001269
-0.001561
-0.001932
-0.001893
-0.001607
-0.001681
-0.001645
-0.001277
-0.001096
-0.001148
-0.001351
-0.001336
-0.001235
-0.001250
-0.001287
-0.001415
-0.001447
-0.001353
-0.001365
-0.001350
-0.001032
-0.001143
-0.000955
-0.001054
