-0.000996
-0.001028
-0.001035
0.000632
-0.001033
-0.000940
-0.000942
0.000438
-0.000985
-0.001055
-0.001131
-0.000603
-0.001065
-0.000999
-0.000981
-0.000879
-0.001038
-0.000845
-0.000816
-0.000822
-0.000754
-0.000752
-0.000776
-0.000859
-0.000829
-0.000682
-0.000763
-0.000555
-0.000756
-0.000763
-0.000713
-0.000688
-0.000692
-0.000767
-0.000772
-0.000637
-0.000652
-0.000608
-0.000536
-0.000562
-0.000545
-0.000509
-0.000541
-0.000597
-0.000625
-0.000592
-0.000526
-0.000537
-0.000543
-0.000574
-0.000592
-0.000583
-0.000572
-0.000607
-0.000576
-0.000564
-0.000541
-0.000558
-0.000674
-0.000700
-0.000602
-0.000393
-0.000068
0.000077
0.000186
0.000152
-0.001158
0.000144
0.000185
0.000124
0.000061
0.000019
0.000195
-0.000992
-0.001063
-0.001004
-0.001035
-0.001043
-0.000969
-0.000951
-0.001005
-0.001029
-0.001122
-0.001025
-0.001128
-0.001064
-0.000923
-0.000810
-0.000678
-0.000844
-0.000806
-0.000731
-0.000627
-0.000615
-0.000702
-0.000716
-0.000655
-0.000678
-0.000597
-0.000632
-0.000590
-0.000721
-0.000618
-0.000547
-0.000526
-0.000661
-0.000650
-0.000735
-0.000728
-0.000752
-0.000658
-0.000612
-0.000609
-0.000559
-0.000535
-0.000558
-0.000573
-0.000577
-0.000622
-0.000583
-0.000623
-0.000616
-0.000558
-0.000596
-0.000554
-0.000493
-0.000533
-0.000582
-0.000526
-0.000505
-0.000532
-0.000553
-0.000602
-0.000618
-0.000517
-0.000565
-0.000614
-0.000538
-0.000582
-0.000625
-0.000632
-0.000608
-0.000644
-0.000556
-0.000611
-0.000567
-0.000915
-0.000861
-0.000860
-0.000818
-0.001044
-0.001020
-0.001015
-0.001000
-0.001031
-0.001084
-0.001046
-0.000927
-0.001036
-0.000881
-0.000726
-0.000667
-0.000808
-0.000741
-0.000779
-0.000735
-0.000685
-0.000753
-0.000749
-0.000680
-0.000669
-0.000655
-0.000601
-0.000733
-0.000707
-0.000692
-0.000631
-0.000552
-0.000594
-0.000697
-0.000704
-0.000665
-0.000654
-0.000647
-0.000488
-0.000568
-0.000523
-0.000502
-0.000523
-0.000580
-0.000617
-0.000593
-0.000576
-0.000567
-0.000480
-0.000559
-0.000555
-0.000527
-0.000525
-0.000566
-0.000587
-0.000550
-0.000556
-0.000491
-0.000491
-0.000651
-0.000587
-0.000520
-0.000506
-0.000576
-0.000433
-0.000555
-0.000615
-0.000623
-0.000597
-0.000635
-0.000594
-0.000669
-0.000677
-0.000845
-0.000846
-0.000873
-0.000839
-0.000993
-0.001043
-0.000978
-0.000953
-0.001009
-0.001060
-0.000998
-0.001069
-0.000975
-0.000756
-0.000731
-0.000727
-0.000852
-0.000769
-0.000788
-0.000745
-0.000616
-0.000778
-0.000667
-0.000668
-0.000644
-0.000654
-0.000564
-0.000596
-0.000664
-0.000688
-0.000697
-0.000622
-0.000579
-0.000650
-0.000675
-0.000679
-0.000673
-0.000671
-0.000444
-0.000406
-0.000480
-0.000599
-0.000523
-0.000509
-0.000583
-0.000495
-0.000507
-0.000535
-0.000542
-0.000572
-0.000522
-0.000546
-0.000522
-0.000546
-0.000565
-0.000532
-0.000511
-0.000577
-0.000639
-0.000688
-0.000577
-0.000491
-0.000444
-0.000616
-0.000592
-0.000562
-0.000531
-0.000575
-0.000590
-0.000598
-0.000645
-0.000634
-0.000644
-0.000816
-0.001002
-0.001002
-0.000907
-0.000837
-0.000793
-0.000975
-0.000955
-0.000849
-0.000919
-0.000932
-0.000984
-0.000929
-0.000821
-0.000660
-0.000715
-0.000731
-0.000732
-0.000707
-0.000762
-0.000688
-0.000692
-0.000660
-0.000682
-0.000554
-0.000665
-0.000560
-0.000612
-0.000540
-0.000678
-0.000621
-0.000610
-0.000696
-0.000639
-0.000635
-0.000617
-0.000550
-0.000495
-0.000563
-0.000385
-0.000457
-0.000698
-0.000711
-0.000557
-0.000511
-0.000478
-0.000485
-0.000513
-0.000468
-0.000451
-0.000448
-0.000476
-0.000480
-0.000503
-0.000490
-0.000540
-0.000510
-0.000560
-0.000537
-0.000515
-0.000531
-0.000537
-0.000604
-0.000684
-0.000683
-0.000649
-0.000535
-0.000648
-0.000658
-0.000662
-0.000653
-0.000650
-0.002169
-0.000715
-0.000857
-0.001026
-0.000876
-0.001001
-0.000948
-0.000835
-0.000946
-0.000982
-0.000966
-0.000980
-0.001002
-0.000917
-0.000711
-0.000708
-0.000718
-0.000724
-0.000697
-0.000744
-0.000723
-0.000684
-0.000740
-0.000704
-0.000617
-0.000550
-0.000494
-0.000583
-0.000569
-0.000541
-0.000617
-0.000605
-0.000610
-0.000692
-0.000605
-0.000486
-0.000550
-0.000456
-0.000513
-0.000458
-0.000504
-0.000463
-0.000460
-0.000528
-0.000518
-0.000505
-0.000466
-0.000469
-0.000457
-0.000395
-0.000438
-0.000421
-0.000461
-0.000421
-0.000444
-0.000495
-0.000528
-0.000464
-0.000470
-0.000534
-0.000544
-0.000535
-0.000554
-0.000686
-0.000578
-0.000546
-0.000507
-0.000590
-0.000600
-0.000641
-0.000634
-0.000648
-0.000673
-0.000595
-0.000771
-0.000745
-0.000952
-0.001012
-0.000818
-0.000888
-0.000943
-0.000861
-0.000819
-0.000941
-0.000921
-0.000814
-0.000957
-0.000787
-0.000717
-0.000707
-0.000784
-0.000753
-0.000720
-0.000769
-0.000757
-0.000755
-0.000611
-0.000669
-0.000638
-0.000634
-0.000614
-0.000709
-0.000618
-0.000606
-0.000607
-0.000676
-0.000625
-0.000482
-0.000592
-0.000479
-0.000443
-0.000444
-0.000408
-0.000528
-0.000740
-0.000689
-0.000636
-0.000637
-0.000542
-0.000478
-0.000452
-0.000473
-0.000421
-0.000435
-0.000423
-0.000433
-0.000411
-0.000454
-0.000460
-0.000474
-0.000472
-0.000525
-0.000552
-0.000587
-0.000579
-0.000615
-0.000680
-0.000596
-0.000598
-0.000675
-0.000604
-0.000590
-0.000611
-0.000626
-0.000669
-0.000660
-0.000707
-0.000790
-0.000734
-0.000913
-0.000906
-0.000801
-0.000836
-0.000899
-0.001048
-0.000885
-0.000841
-0.000820
-0.000902
-0.000928
-0.000802
-0.000739
-0.000761
-0.000854
-0.000803
-0.000804
-0.000730
-0.000735
-0.000789
-0.000666
-0.000649
-0.000678
-0.000616
-0.000613
-0.000602
-0.000629
-0.000633
-0.000661
-0.000657
-0.000718
-0.000551
-0.000471
-0.000453
-0.000507
-0.000497
-0.000520
-0.000459
-0.000643
-0.000620
-0.000664
-0.000640
-0.000510
-0.000457
-0.000449
-0.000423
-0.000503
-0.000403
-0.000395
-0.000397
-0.000404
-0.000446
-0.000479
-0.000465
-0.000481
-0.000528
-0.000521
-0.000555
-0.000562
-0.000624
-0.000615
-0.000750
-0.000703
-0.000610
-0.000571
-0.000592
-0.000669
-0.000687
-0.000704
-0.000691
-0.000688
-0.000819
-0.000737
-0.000807
-0.000875
-0.000922
-0.000810
-0.000865
-0.000936
-0.000900
-0.000787
-0.000871
-0.000783
-0.000709
-0.000937
-0.000871
-0.000833
-0.000799
-0.000878
-0.000893
-0.000724
-0.000662
-0.000676
-0.000749
-0.000702
-0.000641
-0.000812
-0.000659
-0.000557
-0.000545
-0.000524
-0.000656
-0.000566
-0.000578
-0.000524
-0.000495
-0.000523
-0.000546
-0.000491
-0.000506
-0.000546
-0.000598
-0.000592
-0.000583
-0.000557
-0.000527
-0.000463
-0.000496
-0.000379
-0.000373
-0.000387
-0.000372
-0.000410
-0.000419
-0.000434
-0.000494
-0.000477
-0.000533
-0.000523
-0.000502
-0.000530
-0.000558
-0.000643
-0.000642
-0.000678
-0.000630
-0.000577
-0.000632
-0.000627
-0.000702
-0.000709
-0.000657
-0.000690
0.001326
-0.000762
-0.000711
-0.000815
-0.000933
-0.000900
-0.000947
-0.001013
-0.000965
-0.000892
-0.000835
-0.000845
-0.000785
-0.000930
-0.000984
-0.000994
-0.000798
-0.000783
-0.000772
-0.000790
-0.000682
-0.000732
-0.000763
-0.000841
-0.000838
-0.000779
-0.000688
-0.000600
-0.000499
-0.000513
-0.000559
-0.000577
-0.000440
-0.000616
-0.000492
-0.000523
-0.000473
-0.000528
-0.000478
-0.000576
-0.000496
-0.000553
-0.000576
-0.000547
-0.000565
-0.000491
-0.000481
-0.000450
-0.000464
-0.000412
-0.000360
-0.000372
-0.000341
-0.000441
-0.000459
-0.000516
-0.000504
-0.000508
-0.000505
-0.000502
-0.000500
-0.000592
-0.000599
-0.000624
-0.000609
-0.000676
-0.000634
-0.000654
-0.000694
-0.000746
-0.000765
-0.000776
-0.000801
-0.000828
-0.000851
-0.000747
-0.000787
-0.000962
-0.000856
-0.000952
-0.000932
-0.000983
-0.000996
-0.000946
-0.000780
-0.000821
-0.000797
-0.000754
-0.000823
-0.000986
-0.000858
-0.000753
-0.000838
-0.000788
-0.000794
-0.000808
-0.000736
-0.000707
-0.000586
-0.000545
-0.000547
-0.000633
-0.000648
-0.000580
-0.000472
-0.000380
-0.000429
-0.000436
-0.000475
-0.000436
-0.000496
-0.000516
-0.000506
-0.000456
-0.000478
-0.000491
-0.000488
-0.000482
-0.000464
-0.000423
-0.000446
-0.000411
-0.000402
-0.000360
-0.000385
-0.000404
-0.000454
-0.000453
-0.000488
-0.000523
-0.000497
-0.000488
-0.000507
-0.000576
-0.000632
-0.000637
-0.000568
-0.000656
-0.000668
-0.000689
-0.000687
-0.000753
-0.000802
-0.000833
-0.000833
-0.000838
-0.000809
-0.000758
-0.000637
-0.000687
-0.000797
-0.000893
-0.000919
-0.000866
-0.000922
-0.000948
-0.000885
-0.000797
-0.000747
-0.000803
-0.000748
-0.000869
-0.000848
-0.000860
-0.000807
-0.000795
-0.000764
-0.000720
-0.000809
-0.000685
-0.000540
-0.000542
-0.000498
-0.000482
-0.000638
-0.000620
-0.000539
-0.000518
-0.000408
-0.000483
-0.000503
-0.000520
-0.000424
-0.000455
-0.000456
-0.000499
-0.000458
-0.000477
-0.000468
-0.000498
-0.000476
-0.000425
-0.000437
-0.000430
-0.000448
-0.000394
-0.000365
-0.000372
-0.000437
-0.000432
-0.000466
-0.000494
-0.000519
-0.000527
-0.000543
-0.000604
-0.000617
-0.000657
-0.000666
-0.000668
-0.000669
-0.000708
-0.000724
-0.000756
-0.000789
-0.000837
-0.000877
-0.000835
-0.000791
-0.000848
-0.000759
-0.000773
-0.000724
-0.000822
-0.001048
-0.000904
-0.000853
-0.000915
-0.000925
-0.000852
-0.000817
-0.000761
-0.000777
-0.000727
-0.000881
-0.000819
-0.000809
-0.000754
-0.000723
-0.000733
-0.000717
-0.000639
-0.000565
-0.000496
-0.000564
-0.000533
-0.000485
-0.000633
-0.000638
-0.000688
-0.000518
-0.000447
-0.000548
-0.000520
-0.000554
-0.000408
-0.000413
-0.000471
-0.000444
-0.000531
-0.000487
-0.000450
-0.000493
-0.000429
-0.000411
-0.000423
-0.000433
-0.000431
-0.000399
-0.000397
-0.000379
-0.000415
-0.000427
-0.000456
-0.000583
-0.000584
-0.000578
-0.000629
-0.000626
-0.000606
-0.000609
-0.000675
-0.000689
-0.000684
-0.000696
-0.000773
-0.000789
-0.000743
-0.000790
-0.000854
-0.000890
-0.000862
0.000725
-0.000837
-0.000934
-0.000906
-0.000947
-0.000943
-0.000794
-0.000718
-0.000831
-0.000893
-0.000781
-0.000879
-0.000736
-0.000676
-0.000657
-0.000858
-0.000869
-0.000689
-0.000781
-0.000711
-0.000605
-0.000715
-0.000886
-0.000769
-0.000515
-0.000793
-0.000619
-0.000660
-0.000643
-0.000761
-0.000701
-0.000674
-0.000545
-0.000576
-0.000595
-0.000513
-0.000494
-0.000363
-0.000365
-0.000350
-0.000371
-0.000353
-0.000365
-0.000383
-0.000348
-0.000423
-0.000429
-0.000387
-0.000406
-0.000401
-0.000420
-0.000407
-0.000364
-0.000389
-0.000428
-0.000559
-0.000697
-0.000725
-0.000712
-0.000660
-0.000617
-0.000652
-0.000627
-0.000673
-0.000725
-0.000747
-0.000800
-0.000823
-0.000793
-0.000849
-0.000900
-0.000857
-0.000856
-0.000746
-0.000951
-0.000943
-0.000913
-0.000896
-0.000844
-0.000856
-0.000756
-0.000837
-0.000924
-0.000812
-0.000859
-0.000741
-0.000697
-0.000697
-0.000730
-0.000783
-0.000775
-0.000904
-0.000868
-0.000834
-0.000885
-0.000546
-0.001444
0.000682
-0.003273
-0.005276
-0.004412
-0.002960
-0.000712
-0.000637
-0.000691
-0.000542
-0.000505
-0.000530
-0.000609
-0.000516
-0.000415
-0.000354
-0.000278
-0.000241
-0.000159
-0.000203
-0.000253
-0.000320
-0.000404
-0.000440
-0.000394
-0.000393
-0.000412
-0.000408
-0.000363
-0.000420
-0.000457
-0.000493
-0.000619
-0.000740
-0.000648
-0.000716
-0.000656
-0.000657
-0.000679
-0.000698
-0.000761
-0.000794
-0.000773
-0.000765
-0.000827
-0.000838
-0.000809
-0.000884
-0.000896
-0.001042
-0.000705
-0.000952
-0.000930
-0.000940
-0.000844
-0.000720
-0.000778
-0.000770
-0.000723
-0.000881
-0.000864
-0.000875
-0.000872
-0.000729
-0.000767
-0.000640
-0.000739
-0.000702
-0.000730
-0.000744
-0.000962
-0.001387
0.001538
0.001712
0.000324
0.003675
0.003457
0.003255
-0.006325
-0.005856
-0.001876
-0.000725
-0.000563
-0.000592
-0.000423
-0.000547
-0.000475
-0.000424
-0.000264
-0.000278
-0.000172
-0.000064
0.000033
-0.000054
-0.000175
-0.000301
-0.000430
-0.000435
-0.000388
-0.000428
-0.000398
-0.000373
-0.000409
-0.000495
-0.000501
-0.000525
-0.000659
-0.000574
-0.000668
-0.000658
-0.000652
-0.000666
-0.000725
-0.000772
-0.000774
-0.000779
-0.000750
-0.000830
-0.000871
-0.000884
-0.000982
-0.001030
-0.001108
-0.000972
-0.000970
-0.000937
-0.000926
-0.000841
-0.000778
-0.000760
-0.000762
-0.000626
-0.000814
-0.000774
-0.000729
-0.000720
-0.000703
-0.000685
-0.000708
-0.000709
-0.000347
-0.000153
-0.000100
-0.000968
-0.000428
-0.002250
-0.003115
-0.001644
0.000712
-0.000337
0.001874
0.009036
0.004410
-0.007196
-0.001185
-0.000563
-0.000615
-0.000481
-0.000482
-0.000450
-0.000458
-0.000213
-0.000175
-0.000152
0.000077
0.000347
0.000084
-0.000083
-0.000230
-0.000384
-0.000418
-0.000416
-0.000465
-0.000421
-0.000389
-0.000448
-0.000510
-0.000548
-0.000525
-0.000535
-0.000687
-0.000764
-0.000730
-0.000681
-0.000742
-0.000749
-0.000761
-0.000774
-0.000774
-0.000889
-0.000927
-0.000952
-0.000956
-0.001006
-0.000996
-0.001060
-0.001100
-0.000941
-0.000912
-0.000922
-0.000829
-0.000783
-0.000771
-0.000817
-0.000786
-0.000754
-0.000730
-0.000782
-0.000737
-0.000749
-0.000664
-0.000250
-0.000173
-0.000629
-0.000044
0.001021
0.000553
-0.000274
-0.000485
-0.001105
-0.000459
0.000259
0.004498
0.005377
0.016160
-0.000355
-0.000676
-0.000709
-0.000505
-0.000502
-0.000442
-0.000375
-0.000261
-0.000282
-0.000251
-0.000304
-0.000151
-0.000018
0.000059
0.000022
-0.000069
-0.000168
-0.000308
-0.000422
-0.000470
-0.000495
-0.000477
-0.000402
-0.000471
-0.000512
-0.000553
-0.000538
-0.000573
-0.000640
-0.000735
-0.000722
-0.000681
-0.000715
-0.000729
-0.000777
-0.000751
-0.000839
-0.000897
-0.000934
-0.000913
-0.001023
-0.001045
-0.001005
-0.000934
-0.000955
-0.000909
-0.000882
-0.000872
-0.000826
-0.000818
-0.000810
-0.000868
-0.000725
-0.000688
-0.000727
-0.000653
-0.000691
-0.000670
0.000033
-0.000688
-0.000531
-0.000298
0.001076
0.000096
0.000433
-0.000514
-0.000505
-0.000761
-0.000819
-0.000048
0.007058
0.007395
0.004275
0.004336
0.002953
-0.000061
-0.000615
-0.000526
-0.000151
0.001740
0.002565
0.001386
0.000079
-0.000194
-0.000277
-0.000142
-0.000084
-0.000088
-0.000125
-0.000177
-0.000285
-0.000474
-0.000531
-0.000530
-0.000509
-0.000423
-0.000444
-0.000619
-0.000629
-0.000631
-0.000709
-0.000668
-0.000699
-0.000745
-0.000752
-0.000779
-0.000768
-0.000722
-0.000786
-0.000883
-0.000919
-0.000878
-0.001010
-0.001012
-0.000978
-0.000978
-0.000864
-0.000960
-0.000910
-0.000908
-0.000843
-0.000777
-0.000752
-0.000745
-0.000712
-0.000716
-0.000717
-0.000703
-0.000637
-0.000608
-0.000097
-0.001122
0.000219
-0.000823
0.001101
0.000004
-0.001273
-0.001441
-0.000459
-0.000533
0.000993
0.000923
0.001094
0.000225
0.000252
0.002331
0.004559
0.002217
0.002533
0.002522
0.001607
0.001858
0.002684
0.002537
0.002844
0.002830
0.001405
0.000194
-0.000075
-0.000075
-0.000167
-0.000208
-0.000304
-0.000319
-0.000492
-0.000500
-0.000510
-0.000505
-0.000429
-0.000488
-0.000557
-0.000581
-0.000599
-0.000658
-0.000671
-0.000714
-0.000745
-0.000816
-0.000760
-0.000768
-0.000797
-0.000811
-0.000869
-0.000912
-0.001006
-0.001069
-0.000874
-0.000864
-0.000878
-0.000865
-0.000870
-0.000838
-0.000820
-0.000731
-0.000741
-0.000739
-0.000727
-0.000661
-0.000634
-0.000717
-0.000662
-0.000602
-0.000270
-0.000704
-0.002057
-0.000722
0.000604
-0.000023
-0.000819
-0.000672
-0.000900
-0.000587
-0.000534
0.002360
0.004336
-0.000579
-0.001152
-0.000813
0.000412
0.001307
0.001869
0.000763
-0.000168
0.000827
0.001537
0.000739
0.000235
0.001279
0.003368
0.003580
0.001676
-0.000187
0.000847
-0.000390
-0.000478
-0.000379
-0.000404
-0.000449
-0.000529
-0.000534
-0.000510
-0.000524
-0.000534
-0.000543
-0.000575
-0.000614
-0.000666
-0.000753
-0.000784
-0.000795
-0.000831
-0.000925
-0.000918
-0.000916
-0.000886
-0.000921
-0.000941
-0.000947
-0.000900
-0.000801
-0.000775
-0.000863
-0.000898
-0.000596
-0.000834
-0.000792
-0.000792
-0.000775
-0.000676
-0.000738
-0.000719
-0.000677
-0.000654
-0.000631
-0.000561
-0.000488
-0.000502
-0.001967
-0.001523
0.001848
-0.001290
-0.000695
-0.000396
-0.000811
-0.000445
-0.000052
-0.000012
0.000027
-0.000789
-0.000981
-0.000927
-0.000539
-0.000092
-0.000447
-0.000350
-0.000530
-0.001859
-0.000002
0.000148
-0.000135
0.000119
0.000882
0.001206
0.001080
0.000744
-0.001439
-0.002283
-0.001166
-0.000648
-0.000551
-0.000565
-0.000568
-0.000571
-0.000591
-0.000554
-0.000579
-0.000585
-0.000586
-0.000665
-0.000749
-0.000801
-0.000822
-0.000907
-0.000981
-0.000981
-0.000894
-0.000867
-0.000823
-0.000911
-0.000957
-0.000914
-0.000944
-0.000792
-0.000803
-0.000893
-0.000916
-0.000798
-0.000748
-0.000779
-0.000642
-0.000788
-0.000702
-0.000692
-0.000710
-0.000708
-0.000639
-0.000601
-0.000536
-0.000511
-0.000524
-0.001044
-0.000019
0.000495
0.000326
-0.000439
-0.001164
-0.001003
-0.000204
0.001175
0.001204
0.000873
-0.000163
-0.000501
-0.000917
-0.000597
-0.000172
-0.000707
-0.000661
-0.000219
-0.000742
-0.000662
0.000237
-0.000422
-0.000263
0.000254
0.000243
-0.000438
-0.000780
-0.001636
-0.002041
-0.005274
-0.000577
-0.001031
-0.000708
-0.000568
-0.000572
-0.000599
-0.000608
-0.000615
-0.000627
-0.000662
-0.000735
-0.000835
-0.000834
-0.000890
-0.000967
-0.000943
-0.000916
-0.000909
-0.000857
-0.000830
-0.000860
-0.000912
-0.000842
-0.000934
-0.000934
-0.000929
-0.000846
-0.000749
-0.000750
-0.000514
-0.000542
-0.000603
-0.000774
-0.000643
-0.000634
-0.000640
-0.000611
-0.000594
-0.000568
-0.000537
-0.000518
-0.000541
-0.000696
-0.001479
0.001690
0.000235
0.000134
0.000283
0.001172
0.001249
0.002723
0.001984
0.003803
0.002149
0.001420
0.000380
-0.000091
0.001246
0.002515
0.001040
-0.000315
-0.000645
-0.000106
0.000325
0.000112
-0.000303
-0.000282
-0.000265
-0.000157
-0.000164
-0.000087
0.003880
0.008349
0.005996
0.003803
-0.000869
-0.000626
-0.000552
-0.000618
-0.000673
-0.000804
-0.000782
-0.000766
-0.000814
-0.000882
-0.000913
-0.000898
-0.000897
-0.000917
-0.000925
-0.000885
-0.000819
-0.000762
-0.000758
-0.000794
-0.000954
-0.001049
-0.001001
-0.000979
-0.000888
-0.000859
-0.000696
-0.000603
-0.000326
-0.000634
-0.000779
-0.000686
-0.000645
-0.000612
-0.000600
-0.000562
-0.000572
-0.000544
-0.000556
-0.000524
-0.000650
-0.002316
0.000377
0.000176
-0.000037
0.000013
0.000955
0.002180
0.003697
0.005472
0.004806
0.002155
0.001774
0.000418
-0.000623
0.000418
0.001907
0.001225
0.000308
0.000045
0.000245
0.001382
-0.000293
-0.000202
-0.000364
-0.000447
-0.001007
-0.000742
-0.000535
-0.000075
0.000435
0.000084
0.001065
0.002656
-0.000307
-0.000551
-0.000633
-0.000631
-0.000753
-0.000806
-0.000805
-0.000885
-0.000962
-0.000912
-0.000892
-0.001015
-0.000949
-0.000874
-0.000843
-0.000879
-0.000802
-0.000739
-0.000854
-0.000947
-0.001132
-0.001109
-0.000963
-0.000963
-0.001024
-0.000729
-0.000596
-0.000567
-0.000785
-0.000764
-0.000701
-0.000613
-0.000528
-0.000602
-0.000591
-0.000599
-0.000575
-0.000572
-0.000553
-0.000549
-0.000967
-0.001185
-0.000250
-0.000349
-0.000614
0.000175
0.001150
0.002311
0.004305
0.006607
0.007304
0.005769
0.002184
-0.000180
-0.000676
-0.000478
-0.000350
0.001126
0.000972
0.000352
-0.000536
-0.000564
0.000663
0.001552
0.001573
0.000391
-0.000210
0.000545
-0.000567
-0.000628
-0.000482
-0.000378
0.000823
0.000424
-0.000592
-0.000642
-0.000644
-0.000753
-0.000845
-0.000846
-0.000822
-0.000869
-0.000847
-0.000823
-0.000962
-0.000974
-0.000874
-0.000821
-0.000839
-0.000879
-0.000823
-0.001106
-0.001210
-0.001113
-0.001048
-0.001025
-0.001040
-0.000960
-0.000726
-0.000704
-0.000751
-0.000768
-0.000667
-0.000617
-0.000529
-0.000594
-0.000605
-0.000545
-0.000572
-0.000628
-0.000644
-0.000646
-0.000738
-0.000669
-0.000581
-0.000679
-0.000633
-0.000662
-0.000610
-0.000937
0.000456
0.001217
0.001478
0.002238
0.001428
-0.001039
-0.002173
-0.003056
-0.002193
-0.000943
-0.004590
-0.003380
-0.000268
-0.000173
-0.000974
0.005484
0.008854
0.012799
0.015614
0.015380
0.005229
0.000941
0.000878
-0.000551
-0.000607
-0.000854
-0.002336
-0.000873
-0.000829
-0.000828
-0.000847
-0.000836
-0.000796
-0.000741
-0.000753
-0.000796
-0.000855
-0.000859
-0.000833
-0.000827
-0.000743
-0.000919
-0.000934
-0.001021
-0.001011
-0.001085
-0.001009
-0.000962
-0.000959
-0.000972
-0.000895
-0.000847
-0.000648
-0.000679
-0.000739
-0.000681
-0.000625
-0.000602
-0.000618
-0.000575
-0.000595
-0.000591
-0.000676
-0.000664
-0.000655
-0.000806
-0.000756
-0.000517
-0.000515
-0.000717
-0.000737
-0.000664
-0.000677
-0.001131
-0.000990
0.000490
-0.005411
-0.006918
-0.009422
-0.009830
-0.007947
-0.003786
-0.005316
-0.005276
-0.002576
-0.000515
-0.000446
0.000024
0.001185
0.006259
0.005246
0.011036
0.006137
0.002974
0.001275
0.001887
0.002484
0.000646
-0.004234
-0.006370
-0.003368
-0.000809
-0.001584
-0.000872
-0.000849
-0.000780
-0.000737
-0.000745
-0.000751
-0.000807
-0.000760
-0.000744
-0.000734
-0.000862
-0.001025
-0.001034
-0.001103
-0.001153
-0.001140
-0.001062
-0.000982
-0.000967
-0.000931
-0.000937
-0.000882
-0.000636
-0.000594
-0.000682
-0.000714
-0.000612
-0.000633
-0.000655
-0.000678
-0.000608
-0.000597
-0.000674
-0.000670
-0.000645
-0.000656
-0.000597
-0.000591
-0.000591
-0.000651
-0.000612
-0.000696
-0.000012
0.004831
0.002127
-0.000969
-0.005150
-0.009548
-0.011126
-0.011028
-0.008009
-0.005395
-0.006528
-0.006548
-0.003166
-0.001170
-0.000579
0.000772
-0.001683
0.001306
0.006842
-0.000802
-0.004490
-0.006996
0.002900
-0.001032
0.002847
-0.000802
-0.004694
-0.008496
-0.005389
-0.002208
-0.005569
-0.000892
-0.000795
-0.000759
-0.000751
-0.000813
-0.000666
-0.000637
-0.000742
-0.000826
-0.000919
-0.001022
-0.001084
-0.001182
-0.001196
-0.001168
-0.001120
-0.001165
-0.001051
-0.000942
-0.001048
-0.001028
-0.001008
-0.000691
-0.000555
-0.000644
-0.000702
-0.000670
-0.000671
-0.000738
-0.000600
-0.000601
-0.000627
-0.000696
-0.000704
-0.000642
-0.000632
-0.000654
-0.000704
-0.000590
-0.000591
-0.000523
-0.000339
0.002085
0.005822
0.003140
0.000183
-0.003039
-0.009876
-0.011732
-0.010901
-0.008255
-0.012128
-0.012988
-0.009425
-0.003579
0.000141
0.001464
0.000169
-0.000402
0.000747
0.001547
0.006592
0.009042
0.005767
-0.001662
-0.006414
-0.004014
0.004305
0.002831
-0.003403
-0.002084
-0.004234
-0.016423
-0.018801
0.000151
-0.000829
-0.000806
-0.000973
-0.000768
-0.000778
-0.000959
-0.000927
-0.000831
-0.001065
-0.001244
-0.001109
-0.001004
-0.001032
-0.000978
-0.000913
-0.000905
-0.001135
-0.001109
-0.001069
-0.001070
-0.000674
-0.000602
-0.000697
-0.000720
-0.000701
-0.000648
-0.000650
-0.000678
-0.000646
-0.000694
-0.000623
-0.000665
-0.000681
-0.000537
-0.000646
-0.000769
-0.000628
-0.000301
-0.000264
-0.000220
0.000531
0.005742
0.004124
0.001665
-0.002898
-0.010318
-0.010220
-0.010366
-0.011017
-0.011580
-0.011318
-0.009672
-0.000774
-0.000310
-0.000618
-0.001190
-0.000632
0.000237
0.000837
0.000731
-0.001876
0.000450
0.001142
0.000189
0.000954
0.004235
-0.001029
-0.001861
0.003377
-0.006260
-0.018703
-0.009618
-0.006789
0.000357
0.000470
-0.000853
-0.000851
-0.000809
-0.000990
-0.001034
-0.000983
-0.001111
-0.001076
-0.000943
-0.001102
-0.001025
-0.000996
-0.000964
-0.001044
-0.001013
-0.001029
-0.001047
-0.001025
-0.000754
-0.000620
-0.000641
-0.000674
-0.000705
-0.000660
-0.000639
-0.000756
-0.000681
-0.000664
-0.000617
-0.000713
-0.000648
-0.000499
-0.000647
-0.000690
-0.000488
-0.000366
-0.000411
-0.000382
-0.000674
0.001654
0.004718
0.001920
-0.004276
-0.009834
-0.011573
-0.013440
-0.012895
-0.011746
-0.013512
-0.010714
0.003246
0.001504
-0.001180
-0.001083
-0.000722
-0.000328
-0.000094
-0.001652
-0.001574
0.001324
0.001945
0.002064
0.002183
-0.001665
-0.007532
0.007806
0.015003
-0.004744
-0.009875
-0.005514
-0.003849
-0.002481
0.004601
0.000091
-0.000827
-0.000789
-0.000911
-0.001175
-0.000997
-0.000900
-0.001195
-0.001148
-0.001048
-0.000985
-0.000981
-0.001043
-0.000949
-0.000917
-0.001109
-0.001039
-0.001057
-0.000690
-0.000765
-0.000712
-0.000658
-0.000674
-0.000768
-0.000718
-0.000727
-0.000677
-0.000634
-0.000679
-0.000718
-0.000737
-0.000644
-0.000452
-0.000467
-0.000443
-0.000421
-0.000519
-0.000540
-0.000622
-0.000901
0.001137
0.001482
-0.005454
-0.010100
-0.010075
-0.010303
-0.007986
-0.009295
-0.011533
-0.007545
-0.001146
-0.001590
-0.001132
-0.001780
-0.002492
-0.003086
-0.002684
-0.000537
0.000510
0.001318
0.001699
0.001678
0.002485
0.003267
0.000417
0.009496
0.007409
-0.000703
-0.003504
-0.001676
0.004549
0.004272
0.004575
0.006033
0.000069
-0.000131
-0.000931
-0.000868
-0.000883
-0.000947
-0.001131
-0.001168
-0.000943
-0.000966
-0.000958
-0.001031
-0.001016
-0.001026
-0.001092
-0.001045
-0.001109
-0.000866
-0.000854
-0.000760
-0.000597
-0.000714
-0.000785
-0.000799
-0.000711
-0.000477
-0.000658
-0.000640
-0.000779
-0.000556
-0.000420
-0.000453
-0.000470
-0.000495
-0.000403
-0.000528
-0.000643
-0.000676
-0.000781
0.000318
0.003281
-0.000804
-0.009334
-0.008843
-0.009823
-0.008538
-0.016764
-0.012150
-0.008523
-0.002924
-0.001564
-0.000745
-0.002204
-0.002686
-0.001950
-0.000721
-0.000074
0.000187
0.000714
0.001577
0.001814
0.002571
0.002522
0.002967
-0.000324
0.006504
0.001096
-0.002617
0.005103
0.015887
0.008050
0.006498
0.002994
0.001023
-0.001194
0.000188
0.000058
-0.000036
-0.001034
-0.001101
-0.000909
-0.000826
-0.000875
-0.000958
-0.001015
-0.001058
-0.001058
-0.001031
-0.001041
-0.001125
-0.000797
-0.000820
-0.000812
-0.000708
-0.000769
-0.000712
-0.000767
-0.000914
-0.000768
-0.000755
-0.000818
-0.000763
-0.000435
-0.000479
-0.000460
-0.000453
-0.000502
-0.000541
-0.000517
-0.000682
-0.000746
-0.001000
-0.000918
-0.001087
-0.001586
-0.002033
-0.001169
-0.002337
-0.000674
-0.007091
-0.003924
-0.002630
-0.002470
-0.002343
-0.002119
-0.001339
-0.001509
-0.001733
-0.001321
-0.000793
0.000079
0.000897
0.001512
0.002240
0.000711
0.002498
0.002841
0.002613
0.002375
-0.001430
-0.002565
0.011230
0.007055
0.003432
0.000724
0.005426
0.002178
-0.000094
-0.001932
-0.001818
-0.001123
0.000256
-0.000084
-0.000800
-0.000854
-0.000905
-0.001036
-0.000940
-0.000972
-0.001002
-0.000982
-0.001102
-0.000987
-0.000798
-0.000837
-0.000873
-0.000786
-0.000775
-0.000742
-0.000728
-0.000800
-0.000645
-0.000840
-0.001009
-0.000749
-0.000448
-0.000565
-0.000280
-0.000107
-0.000423
-0.000612
-0.000627
-0.000653
-0.000791
-0.001337
-0.001331
-0.001188
-0.001187
-0.001299
-0.001288
-0.001218
-0.001195
-0.000850
-0.000303
-0.001312
-0.002674
-0.001890
-0.001617
-0.001101
-0.000933
-0.001041
-0.001180
-0.000762
0.000060
0.000684
0.000396
0.001462
0.001161
0.001662
0.002164
0.002293
0.002421
0.002205
0.001572
0.003748
0.003841
0.001656
-0.000806
0.004780
0.004074
0.000053
-0.001013
-0.000407
0.000097
0.000089
-0.000366
0.000041
-0.000406
-0.000558
-0.000951
-0.000885
-0.000939
-0.000945
-0.001135
-0.001292
-0.000857
-0.000619
-0.000834
-0.000878
-0.000833
-0.000860
-0.000702
-0.000747
-0.000775
-0.000639
-0.000909
-0.001285
-0.000739
-0.000927
-0.001016
-0.001009
-0.000637
-0.001004
-0.001196
-0.001334
-0.001197
-0.001153
-0.001270
-0.001333
-0.001319
-0.001272
-0.001293
-0.001314
-0.001253
-0.001286
-0.001306
-0.001193
-0.000331
-0.000128
-0.000019
0.000109
0.000044
-0.000010
-0.000568
-0.000702
-0.000669
-0.000521
-0.000154
-0.000784
-0.000562
-0.000916
0.000066
0.000005
0.001746
-0.002170
-0.005949
-0.003173
0.003858
-0.001592
-0.001742
-0.002348
-0.001868
-0.000222
-0.000759
-0.000625
-0.001015
-0.000556
-0.000825
-0.001007
-0.001006
-0.001020
-0.000958
-0.000888
-0.000893
-0.000980
-0.001040
-0.001187
-0.001220
-0.000785
-0.000883
-0.000876
-0.000794
-0.000628
-0.000768
-0.000697
-0.000724
-0.000938
-0.001196
-0.001238
-0.000986
-0.001293
-0.001147
-0.001083
-0.001033
-0.001066
-0.000910
-0.001062
-0.001220
-0.001079
-0.001122
-0.001310
-0.001291
-0.001294
-0.001272
-0.001272
-0.001333
-0.001429
-0.001387
-0.001394
-0.001499
-0.001502
-0.001719
-0.001542
-0.001530
-0.001540
-0.001569
-0.000101
-0.000066
0.000005
-0.000100
0.000006
-0.000364
-0.000299
-0.001001
-0.003964
-0.005200
-0.006696
-0.011593
-0.017610
-0.016675
-0.005661
-0.001984
-0.001547
-0.000729
-0.000661
-0.000848
-0.000852
-0.000911
-0.001056
-0.000995
-0.001088
-0.000957
-0.000935
-0.001078
-0.001067
-0.000973
-0.000984
-0.000983
-0.000950
-0.001154
-0.000956
-0.000787
-0.000975
-0.000890
-0.000858
-0.000779
-0.000616
-0.000841
-0.001075
-0.001354
-0.001351
-0.001584
-0.001255
-0.000923
-0.001398
-0.001444
-0.001327
-0.001130
-0.001034
-0.001172
-0.001295
-0.001014
-0.001287
-0.001316
-0.001365
-0.001297
-0.001300
-0.001357
-0.001462
-0.001471
-0.001405
-0.001428
-0.001443
-0.001704
-0.001627
-0.001476
-0.001507
-0.001596
-0.001555
-0.001702
-0.001626
-0.001855
-0.001773
-0.001810
-0.001576
-0.001510
0.000510
-0.009890
-0.017576
-0.021760
-0.024307
-0.027262
-0.022859
0.000120
-0.001049
-0.001251
-0.001424
-0.001166
-0.001012
-0.001123
-0.001193
-0.001239
-0.001034
-0.001102
-0.001172
-0.001042
-0.000939
-0.001059
-0.001080
-0.000940
-0.000874
-0.000879
-0.001005
-0.001030
-0.000887
-0.000974
-0.000957
-0.000817
-0.000913
-0.001056
-0.001295
-0.001323
-0.001417
-0.001449
-0.001384
-0.001395
-0.001140
-0.001172
-0.001176
-0.001215
-0.001333
-0.001233
-0.001200
-0.001348
-0.001294
-0.001285
-0.001261
-0.001287
-0.001462
-0.001432
-0.001392
-0.001505
-0.001517
-0.001633
-0.001679
-0.001582
-0.001525
-0.001426
-0.001469
-0.001761
-0.001842
-0.001818
-0.001697
-0.001474
-0.001713
-0.001856
-0.001826
-0.001759
-0.001725
-0.001525
0.000660
-0.022689
-0.026606
-0.022265
-0.016247
-0.009484
-0.001169
-0.001065
-0.001178
-0.001167
-0.000918
-0.001262
-0.001466
-0.001114
-0.001220
-0.000998
-0.001235
-0.001346
-0.001223
-0.001086
-0.001058
-0.001068
-0.001055
-0.001023
-0.000939
-0.001007
-0.000978
-0.000996
-0.001105
-0.001160
-0.001188
-0.001187
-0.001303
-0.001516
-0.001493
-0.001483
-0.001447
-0.001533
-0.001570
-0.001506
-0.001215
-0.001051
-0.000729
-0.001240
-0.001301
-0.001133
-0.001115
-0.001360
-0.001448
-0.001365
-0.001346
-0.001551
-0.001617
-0.001600
-0.001627
-0.001249
-0.001558
-0.001718
-0.001513
-0.001506
-0.001598
-0.001780
-0.001756
-0.001806
-0.001819
-0.001709
-0.001565
-0.001869
-0.002065
-0.002029
-0.001645
-0.001910
-0.001595
-0.001402
-0.003029
-0.020518
-0.018696
-0.012459
-0.006490
-0.002247
-0.003828
-0.001666
-0.000923
-0.001229
-0.001258
-0.001381
-0.001219
-0.001188
-0.001200
-0.001393
-0.001457
-0.001553
-0.001513
-0.001300
-0.001206
-0.001141
-0.000947
-0.000935
-0.001053
-0.001145
-0.001256
-0.001315
-0.001107
-0.001348
-0.001314
-0.001409
-0.001491
-0.001504
-0.001586
-0.001630
-0.001593
-0.001512
-0.001513
-0.001353
-0.000942
-0.001070
-0.001195
-0.001324
-0.001112
-0.001241
-0.001248
-0.001475
-0.001368
-0.001504
-0.001615
-0.001704
-0.001689
-0.001682
-0.001599
-0.001831
-0.001907
-0.001877
-0.001730
-0.001813
-0.001895
-0.001904
-0.001836
-0.001784
-0.001828
-0.001641
-0.002340
-0.002308
-0.002325
-0.002105
-0.001972
-0.001892
-0.001636
-0.001497
-0.004414
-0.011448
-0.011170
-0.003011
-0.003123
-0.002313
-0.001806
-0.001676
-0.001555
-0.001339
-0.001250
-0.001109
-0.001161
-0.001174
-0.001201
-0.001579
-0.001549
-0.001509
-0.001401
-0.001463
-0.001258
-0.001026
-0.000954
-0.001175
-0.001348
-0.001385
-0.001391
-0.001352
-0.001197
-0.001379
-0.001452
-0.001320
-0.001496
-0.001536
-0.001595
-0.001527
-0.001512
-0.001562
-0.001503
-0.001165
-0.001162
-0.001170
-0.001202
-0.001208
-0.001329
-0.001354
-0.001491
-0.001417
-0.001533
-0.001677
-0.001858
-0.001803
-0.001815
-0.001847
-0.002026
-0.001958
-0.002014
-0.001846
-0.001872
-0.001916
-0.001798
-0.001689
-0.001946
-0.001868
-0.001663
-0.001688
-0.001943
-0.001799
-0.001718
-0.002136
-0.001879
-0.001977
-0.001887
-0.002045
-0.002735
-0.002756
-0.001731
-0.002308
-0.001704
-0.001650
-0.001767
-0.001466
-0.001432
-0.001337
-0.001269
-0.001334
-0.001305
-0.001382
-0.001438
-0.001334
-0.001388
-0.001249
-0.001344
-0.001161
-0.001083
-0.001137
-0.001303
-0.001224
-0.001252
-0.001430
-0.001431
-0.001411
-0.001350
-0.001180
-0.001229
-0.001367
-0.001398
-0.001559
-0.001455
-0.001505
-0.001537
-0.001527
-0.001362
-0.001121
-0.001187
-0.001301
-0.001416
-0.001429
-0.001340
-0.001439
-0.001524
-0.001549
-0.001682
-0.001859
-0.001826
-0.001931
-0.001965
-0.002036
-0.001883
-0.002013
-0.001996
-0.002189
-0.002159
-0.002004
-0.001946
-0.001934
-0.002266
-0.002187
-0.001888
-0.002079
-0.001977
-0.002017
-0.002039
-0.001684
-0.001662
-0.001797
-0.002029
-0.002084
-0.001784
-0.001714
-0.001756
-0.001581
-0.001446
-0.001501
-0.001396
-0.001472
-0.001362
-0.001396
-0.001438
-0.001227
-0.001308
-0.001389
-0.001344
-0.001355
-0.001158
-0.001171
-0.001276
-0.001194
-0.001262
-0.001134
-0.001163
-0.001178
-0.001203
-0.001327
-0.001224
-0.001235
-0.001276
-0.001168
-0.001266
-0.001480
-0.001550
-0.001475
-0.001424
-0.001503
-0.001216
-0.001210
-0.001183
-0.001197
-0.001289
-0.001458
-0.001410
-0.001400
-0.001463
-0.001566
-0.001702
-0.001804
-0.001894
-0.001962
-0.001972
-0.001788
-0.001798
-0.001926
-0.001792
-0.002092
-0.002244
-0.002145
-0.002003
-0.002162
-0.001958
-0.002038
-0.001935
-0.001727
-0.002064
-0.002233
-0.002137
-0.001791
-0.001694
-0.001832
-0.001937
-0.001966
-0.001923
-0.001718
-0.001602
-0.001732
-0.001478
-0.001517
-0.001550
-0.001395
-0.001432
-0.001277
-0.001420
-0.001302
-0.001281
-0.001228
-0.001277
-0.001257
-0.001269
-0.001274
-0.001245
-0.001263
-0.001330
-0.001308
-0.001190
-0.001146
-0.001200
-0.001220
-0.001045
-0.001265
-0.001280
-0.001203
-0.001136
-0.001336
-0.001358
-0.001389
-0.001305
-0.001424
-0.001320
-0.001111
-0.001034
-0.001154
-0.001165
-0.001154
-0.001296
-0.001268
-0.001244
-0.001264
-0.001394
-0.001572
-0.001748
-0.001681
-0.001679
-0.001702
-0.001537
-0.001633
-0.001796
-0.001881
-0.001865
-0.002017
-0.001991
-0.002241
-0.002226
-0.001963
-0.001776
-0.001811
-0.002061
-0.002133
-0.001917
-0.001946
-0.001914
-0.001991
-0.002105
-0.001943
-0.002048
-0.001777
-0.001500
-0.001682
-0.001762
-0.001722
-0.001583
-0.001652
-0.001410
-0.001304
-0.001279
-0.001372
-0.001317
-0.001311
-0.001334
-0.001287
-0.001128
-0.001240
-0.001353
-0.001307
-0.001325
-0.001388
-0.001104
-0.001121
-0.001238
-0.001179
