-0.000270
-0.000275
-0.000270
0.000632
-0.000292
-0.000259
-0.000224
0.000438
-0.000163
-0.000173
-0.000176
-0.000603
-0.000166
-0.000126
-0.000117
-0.000116
-0.000114
-0.000103
-0.000087
-0.000090
-0.000081
-0.000064
-0.000060
-0.000065
-0.000072
-0.000049
-0.000055
-0.000045
-0.000045
-0.000047
-0.000028
-0.000011
-0.000006
-0.000007
-0.000002
0.000009
0.000015
0.000036
0.000054
0.000070
0.000083
0.000089
0.000096
0.000076
0.000073
0.000046
0.000039
0.000020
0.000032
0.000029
0.000026
0.000018
0.000016
0.000009
-0.000010
-0.000010
-0.000006
-0.000011
-0.000024
-0.000040
-0.000057
-0.000066
-0.000041
-0.000004
0.000047
0.000039
-0.001158
0.000038
0.000038
0.000008
0.000061
-0.000056
0.000195
-0.000245
-0.000257
-0.000266
-0.000281
-0.000286
-0.000275
-0.000258
-0.000237
-0.000206
-0.000204
-0.000183
-0.000183
-0.000155
-0.000134
-0.000109
-0.000108
-0.000108
-0.000093
-0.000080
-0.000071
-0.000063
-0.000056
-0.000053
-0.000040
-0.000045
-0.000044
-0.000030
-0.000019
-0.000031
-0.000019
-0.000008
0.000003
0.000002
0.000003
0.000009
0.000011
0.000004
0.000028
0.000052
0.000061
0.000081
0.000093
0.000079
0.000077
0.000065
0.000057
0.000044
0.000021
0.000020
0.000021
0.000019
0.000020
0.000012
-0.000004
-0.000012
0.000000
0.000006
-0.000016
-0.000017
-0.000038
-0.000024
-0.000031
-0.000075
-0.000086
-0.000115
-0.000105
-0.000102
-0.000121
-0.000121
-0.000122
-0.000128
-0.000145
-0.000173
-0.000179
-0.000219
-0.000240
-0.000262
-0.000272
-0.000263
-0.000258
-0.000249
-0.000216
-0.000194
-0.000180
-0.000137
-0.000134
-0.000108
-0.000102
-0.000085
-0.000100
-0.000086
-0.000084
-0.000069
-0.000063
-0.000046
-0.000048
-0.000026
-0.000031
-0.000037
-0.000021
-0.000027
-0.000028
-0.000013
-0.000017
-0.000013
-0.000007
0.000016
0.000010
0.000028
0.000020
0.000029
0.000063
0.000063
0.000081
0.000101
0.000089
0.000065
0.000066
0.000064
0.000045
0.000022
0.000025
0.000014
0.000035
0.000020
0.000014
-0.000006
-0.000008
0.000003
-0.000002
-0.000024
-0.000027
-0.000061
-0.000023
-0.000041
-0.000068
-0.000090
-0.000097
-0.000103
-0.000100
-0.000109
-0.000123
-0.000121
-0.000163
-0.000185
-0.000218
-0.000129
-0.000162
-0.000204
-0.000227
-0.000235
-0.000245
-0.000243
-0.000234
-0.000187
-0.000175
-0.000149
-0.000141
-0.000130
-0.000110
-0.000092
-0.000076
-0.000096
-0.000083
-0.000074
-0.000053
-0.000039
-0.000050
-0.000043
-0.000035
-0.000033
-0.000013
-0.000015
-0.000024
-0.000029
-0.000019
-0.000014
-0.000010
-0.000006
-0.000004
0.000011
0.000023
0.000038
0.000039
0.000051
0.000062
0.000070
0.000086
0.000093
0.000076
0.000067
0.000060
0.000028
0.000016
0.000025
0.000023
0.000020
0.000020
0.000011
0.000005
-0.000001
-0.000007
-0.000008
-0.000029
-0.000040
-0.000023
-0.000051
-0.000053
-0.000047
-0.000062
-0.000112
-0.000129
-0.000100
-0.000126
-0.000142
-0.000150
-0.000174
-0.000170
-0.000205
-0.000087
-0.000138
-0.000162
-0.000186
-0.000204
-0.000204
-0.000204
-0.000196
-0.000150
-0.000145
-0.000141
-0.000137
-0.000124
-0.000114
-0.000100
-0.000091
-0.000081
-0.000066
-0.000058
-0.000044
-0.000051
-0.000038
-0.000031
-0.000025
-0.000027
-0.000015
-0.000014
-0.000029
-0.000016
-0.000012
-0.000004
0.000004
-0.000008
0.000014
0.000018
0.000026
0.000039
0.000052
0.000044
0.000064
0.000055
0.000055
0.000098
0.000084
0.000072
0.000059
0.000042
0.000040
0.000024
0.000023
0.000017
0.000016
0.000017
0.000008
0.000000
-0.000007
-0.000019
-0.000015
-0.000039
-0.000040
-0.000050
-0.000068
-0.000105
-0.000096
-0.000128
-0.000124
-0.000107
-0.000154
-0.000146
-0.000166
-0.000172
-0.000164
-0.002169
-0.000052
-0.000069
-0.000120
-0.000145
-0.000173
-0.000187
-0.000184
-0.000177
-0.000139
-0.000146
-0.000135
-0.000127
-0.000119
-0.000097
-0.000088
-0.000072
-0.000080
-0.000055
-0.000054
-0.000053
-0.000044
-0.000047
-0.000040
-0.000021
-0.000027
-0.000008
-0.000028
-0.000029
-0.000020
-0.000009
0.000000
0.000008
0.000000
0.000022
0.000044
0.000036
0.000050
0.000065
0.000063
0.000055
0.000068
0.000072
0.000071
0.000100
0.000093
0.000080
0.000061
0.000041
0.000011
0.000024
0.000020
0.000022
0.000017
0.000020
0.000002
-0.000006
-0.000012
-0.000014
-0.000033
-0.000058
-0.000078
-0.000084
-0.000116
-0.000106
-0.000104
-0.000133
-0.000143
-0.000122
-0.000141
-0.000159
-0.000189
-0.000179
-0.000229
-0.000023
-0.000031
-0.000058
-0.000115
-0.000146
-0.000158
-0.000165
-0.000163
-0.000133
-0.000136
-0.000115
-0.000123
-0.000109
-0.000097
-0.000090
-0.000067
-0.000065
-0.000057
-0.000042
-0.000052
-0.000051
-0.000045
-0.000028
-0.000037
-0.000034
-0.000033
-0.000017
-0.000022
-0.000018
-0.000003
-0.000012
-0.000005
-0.000000
0.000020
0.000042
0.000056
0.000057
0.000077
0.000067
0.000073
0.000086
0.000096
0.000089
0.000092
0.000114
0.000102
0.000080
0.000029
0.000039
0.000036
0.000030
0.000038
0.000017
0.000002
0.000003
-0.000015
-0.000006
-0.000039
-0.000044
-0.000051
-0.000103
-0.000116
-0.000120
-0.000115
-0.000139
-0.000118
-0.000134
-0.000127
-0.000164
-0.000145
-0.000169
-0.000219
-0.000263
-0.000003
-0.000001
-0.000018
-0.000079
-0.000109
-0.000148
-0.000156
-0.000150
-0.000135
-0.000107
-0.000100
-0.000100
-0.000102
-0.000079
-0.000077
-0.000071
-0.000066
-0.000050
-0.000042
-0.000043
-0.000044
-0.000043
-0.000032
-0.000022
-0.000029
-0.000036
-0.000021
-0.000023
0.000004
-0.000000
-0.000005
0.000000
0.000015
0.000040
0.000057
0.000077
0.000074
0.000076
0.000090
0.000098
0.000114
0.000121
0.000094
0.000093
0.000121
0.000104
0.000068
0.000066
0.000057
0.000041
0.000048
0.000046
0.000027
0.000008
-0.000001
-0.000003
-0.000021
-0.000043
-0.000038
-0.000062
-0.000078
-0.000117
-0.000121
-0.000142
-0.000129
-0.000129
-0.000134
-0.000153
-0.000177
-0.000201
-0.000209
-0.000218
-0.000247
0.000003
0.000003
-0.000023
-0.000064
-0.000095
-0.000103
-0.000120
-0.000128
-0.000118
-0.000103
-0.000093
-0.000080
-0.000082
-0.000073
-0.000073
-0.000062
-0.000051
-0.000066
-0.000064
-0.000039
-0.000040
-0.000037
-0.000039
-0.000039
-0.000025
-0.000032
-0.000026
-0.000008
0.000001
0.000013
0.000005
0.000014
0.000041
0.000042
0.000063
0.000079
0.000091
0.000099
0.000102
0.000114
0.000119
0.000130
0.000098
0.000096
0.000122
0.000122
0.000115
0.000097
0.000074
0.000049
0.000048
0.000031
0.000035
0.000010
-0.000005
-0.000005
-0.000013
-0.000050
-0.000059
-0.000065
-0.000085
-0.000139
-0.000135
-0.000135
-0.000134
-0.000143
-0.000164
-0.000192
-0.000182
-0.000206
-0.000195
-0.000231
0.001326
-0.000010
-0.000015
-0.000033
-0.000056
-0.000079
-0.000084
-0.000100
-0.000110
-0.000101
-0.000097
-0.000078
-0.000077
-0.000081
-0.000084
-0.000074
-0.000058
-0.000056
-0.000053
-0.000045
-0.000039
-0.000039
-0.000034
-0.000042
-0.000040
-0.000041
-0.000019
-0.000013
-0.000005
0.000003
0.000021
0.000007
0.000024
0.000037
0.000065
0.000079
0.000091
0.000101
0.000116
0.000129
0.000143
0.000148
0.000122
0.000140
0.000122
0.000147
0.000142
0.000131
0.000109
0.000087
0.000048
0.000034
0.000022
0.000007
-0.000010
-0.000019
-0.000020
-0.000033
-0.000038
-0.000080
-0.000065
-0.000092
-0.000131
-0.000120
-0.000147
-0.000171
-0.000188
-0.000187
-0.000200
-0.000191
-0.000230
-0.000248
-0.000275
-0.000308
-0.000014
-0.000018
-0.000032
-0.000050
-0.000073
-0.000075
-0.000089
-0.000094
-0.000090
-0.000091
-0.000071
-0.000064
-0.000062
-0.000062
-0.000076
-0.000072
-0.000059
-0.000043
-0.000056
-0.000067
-0.000037
-0.000046
-0.000028
-0.000025
-0.000009
0.000005
-0.000003
-0.000010
-0.000012
-0.000007
0.000026
0.000035
0.000046
0.000069
0.000080
0.000094
0.000120
0.000143
0.000154
0.000150
0.000186
0.000164
0.000158
0.000149
0.000175
0.000166
0.000139
0.000122
0.000093
0.000045
0.000019
0.000014
0.000016
0.000001
-0.000019
-0.000028
-0.000025
-0.000066
-0.000090
-0.000085
-0.000103
-0.000118
-0.000135
-0.000178
-0.000185
-0.000201
-0.000179
-0.000200
-0.000235
-0.000254
-0.000267
-0.000262
-0.000252
-0.000021
-0.000022
-0.000030
-0.000047
-0.000060
-0.000066
-0.000073
-0.000078
-0.000075
-0.000074
-0.000071
-0.000057
-0.000050
-0.000056
-0.000069
-0.000050
-0.000050
-0.000044
-0.000055
-0.000046
-0.000037
-0.000049
-0.000031
-0.000013
-0.000015
0.000008
0.000006
0.000002
0.000010
0.000001
0.000014
0.000048
0.000050
0.000069
0.000097
0.000110
0.000124
0.000163
0.000184
0.000207
0.000201
0.000226
0.000214
0.000198
0.000200
0.000170
0.000151
0.000128
0.000101
0.000055
0.000019
0.000007
0.000014
0.000003
-0.000026
-0.000047
-0.000049
-0.000079
-0.000123
-0.000127
-0.000125
-0.000144
-0.000175
-0.000172
-0.000196
-0.000174
-0.000204
-0.000229
-0.000266
-0.000267
-0.000265
-0.000263
-0.000252
-0.000023
-0.000032
-0.000032
-0.000038
-0.000051
-0.000053
-0.000055
-0.000063
-0.000065
-0.000069
-0.000067
-0.000056
-0.000057
-0.000062
-0.000061
-0.000053
-0.000050
-0.000044
-0.000038
-0.000043
-0.000039
-0.000026
-0.000021
-0.000009
-0.000005
0.000004
-0.000006
-0.000012
0.000006
0.000013
0.000045
0.000059
0.000078
0.000075
0.000108
0.000143
0.000169
0.000205
0.000235
0.000240
0.000275
0.000264
0.000266
0.000218
0.000201
0.000175
0.000158
0.000142
0.000099
0.000060
0.000028
0.000022
0.000015
-0.000006
-0.000029
-0.000047
-0.000065
-0.000090
-0.000131
-0.000144
-0.000100
-0.000154
-0.000159
-0.000176
-0.000217
-0.000205
-0.000217
-0.000259
-0.000299
-0.000291
-0.000280
-0.000263
0.000725
-0.000028
-0.000034
-0.000027
-0.000041
-0.000048
-0.000049
-0.000057
-0.000059
-0.000060
-0.000064
-0.000064
-0.000058
-0.000056
-0.000055
-0.000055
-0.000052
-0.000059
-0.000053
-0.000043
-0.000031
-0.000039
-0.000051
0.000226
0.000421
0.000206
0.000046
-0.000082
-0.000029
-0.000023
0.000017
0.000050
0.000068
0.000075
0.000112
0.000111
0.000173
0.000243
0.000258
0.000271
0.000302
0.000308
0.000339
0.000345
0.000292
0.000230
0.000199
0.000176
0.000141
0.000114
0.000080
0.000039
0.000015
0.000019
-0.000007
-0.000042
-0.000080
-0.000107
-0.000107
-0.000125
-0.000138
-0.000156
-0.000150
-0.000168
-0.000214
-0.000221
-0.000240
-0.000235
-0.000292
-0.000307
-0.000309
-0.000302
-0.000277
-0.000221
-0.000037
-0.000035
-0.000031
-0.000025
-0.000029
-0.000030
-0.000052
-0.000056
-0.000062
-0.000064
-0.000063
-0.000063
-0.000061
-0.000055
-0.000053
-0.000049
-0.000052
-0.000062
-0.000061
-0.000058
-0.000061
0.000507
0.002140
0.005856
0.002768
-0.000470
-0.002444
-0.001125
-0.000124
0.000006
0.000022
0.000073
0.000084
0.000136
0.000169
0.000226
0.000277
0.000292
0.000313
0.000363
0.000337
0.000427
0.000424
0.000369
0.000294
0.000227
0.000176
0.000149
0.000115
0.000089
0.000052
0.000006
-0.000017
-0.000019
-0.000034
-0.000074
-0.000087
-0.000093
-0.000124
-0.000166
-0.000191
-0.000164
-0.000201
-0.000225
-0.000227
-0.000249
-0.000276
-0.000301
-0.000296
-0.000305
-0.000330
-0.000356
-0.000288
-0.000024
-0.000030
-0.000024
-0.000024
-0.000030
-0.000038
-0.000050
-0.000059
-0.000062
-0.000057
-0.000062
-0.000067
-0.000061
-0.000059
-0.000052
-0.000051
-0.000044
-0.000040
-0.000047
-0.000055
0.000602
0.003080
0.008220
0.008105
0.005590
0.006965
0.003759
0.000368
-0.000368
-0.001218
-0.000121
0.000063
0.000099
0.000148
0.000176
0.000210
0.000263
0.000329
0.000370
0.000415
0.000456
0.000508
0.000521
0.000459
0.000357
0.000263
0.000194
0.000146
0.000090
0.000068
0.000039
-0.000005
-0.000024
-0.000017
-0.000028
-0.000064
-0.000113
-0.000112
-0.000122
-0.000124
-0.000160
-0.000185
-0.000184
-0.000206
-0.000238
-0.000247
-0.000297
-0.000312
-0.000336
-0.000348
-0.000392
-0.000422
-0.000284
-0.000014
-0.000014
-0.000017
-0.000028
-0.000026
-0.000039
-0.000048
-0.000051
-0.000055
-0.000059
-0.000064
-0.000067
-0.000062
-0.000054
-0.000057
-0.000054
-0.000037
0.000003
0.000013
-0.000017
0.000815
-0.000177
0.000199
0.001214
0.002290
0.000952
0.004422
0.008961
0.001684
-0.005767
-0.000476
0.000065
0.000107
0.000164
0.000210
0.000215
0.000254
0.000314
0.000377
0.000397
0.000570
0.000713
0.000564
0.000503
0.000361
0.000263
0.000149
0.000092
0.000054
0.000036
0.000019
-0.000012
-0.000040
-0.000056
-0.000055
-0.000094
-0.000123
-0.000136
-0.000158
-0.000130
-0.000163
-0.000197
-0.000194
-0.000221
-0.000266
-0.000302
-0.000334
-0.000344
-0.000394
-0.000373
-0.000388
-0.000386
-0.001100
-0.000013
-0.000009
-0.000007
-0.000019
-0.000021
-0.000024
-0.000046
-0.000057
-0.000062
-0.000070
-0.000061
-0.000061
-0.000060
-0.000056
-0.000042
-0.000029
-0.000510
-0.000566
0.000052
0.000011
0.000110
0.000283
0.000479
0.000145
0.000839
0.002313
0.003077
0.009598
0.000576
-0.000086
0.000032
0.000079
0.000127
0.000198
0.000241
0.000308
0.000282
0.000289
0.000342
0.000365
0.000500
0.000534
0.000472
0.000425
0.000326
0.000186
0.000104
0.000057
0.000027
0.000013
-0.000012
-0.000032
-0.000063
-0.000084
-0.000062
-0.000106
-0.000144
-0.000131
-0.000133
-0.000161
-0.000194
-0.000212
-0.000250
-0.000278
-0.000296
-0.000315
-0.000322
-0.000326
-0.000385
-0.000413
-0.000339
-0.000310
-0.000321
-0.000005
-0.000006
-0.000007
-0.000023
-0.000020
-0.000025
-0.000036
-0.000054
-0.000068
-0.000066
-0.000058
-0.000056
-0.000061
-0.000008
-0.000662
-0.000311
-0.000788
-0.000015
-0.000015
0.000029
0.000022
0.000713
0.000579
0.001227
0.000514
0.005493
0.004695
0.002189
0.001515
0.000515
0.000253
0.000298
0.000355
0.000511
0.001498
0.002005
0.000970
0.000483
0.000287
0.000334
0.000372
0.000395
0.000391
0.000376
0.000283
0.000117
0.000027
0.000018
0.000007
0.000003
-0.000017
-0.000050
-0.000097
-0.000136
-0.000120
-0.000118
-0.000110
-0.000122
-0.000172
-0.000203
-0.000236
-0.000231
-0.000245
-0.000282
-0.000313
-0.000328
-0.000315
-0.000353
-0.000353
-0.000308
-0.000309
-0.000285
-0.000318
0.000001
0.000000
-0.000018
-0.000006
-0.000012
-0.000034
-0.000048
-0.000060
-0.000039
-0.000051
-0.000051
-0.000051
-0.000024
-0.000153
-0.001214
-0.003151
-0.001778
-0.000140
-0.000102
-0.000085
-0.000039
0.000136
0.000822
0.001341
0.001132
0.001865
0.000360
0.001211
0.001848
0.001499
0.000876
0.000028
0.001016
0.002753
0.002681
0.002201
0.002651
0.002702
0.001379
0.000535
0.000299
0.000310
0.000302
0.000271
0.000133
0.000011
-0.000022
0.000004
-0.000003
-0.000025
-0.000046
-0.000068
-0.000105
-0.000104
-0.000134
-0.000136
-0.000154
-0.000203
-0.000211
-0.000290
-0.000392
-0.000283
-0.000291
-0.000271
-0.000306
-0.000311
-0.000357
-0.000373
-0.000290
-0.000291
-0.000287
-0.000261
-0.000292
0.000007
-0.000009
-0.000021
-0.000019
-0.000014
-0.000044
-0.000056
-0.000047
-0.000048
-0.000064
-0.000057
-0.000053
0.000010
-0.000018
-0.000638
-0.000827
-0.000253
-0.000126
-0.000046
-0.000046
-0.000005
0.000149
0.001753
0.003084
0.000073
-0.000977
-0.000290
0.000801
0.001197
0.001214
0.000190
-0.000420
0.000312
0.002309
-0.000580
-0.000652
0.000782
0.003391
0.003162
0.001185
0.000192
0.000398
0.000093
0.000138
0.000067
0.000032
-0.000014
-0.000028
-0.000039
-0.000103
-0.000084
-0.000085
-0.000086
-0.000112
-0.000133
-0.000180
-0.000208
-0.000231
-0.000284
-0.000538
-0.000355
-0.000337
-0.000279
-0.000285
-0.000357
-0.000312
-0.000305
-0.000360
-0.000265
-0.000267
-0.000306
-0.000271
-0.000596
-0.000002
0.000001
-0.000004
-0.000011
-0.000027
-0.000038
-0.000042
-0.000050
-0.000050
-0.000078
-0.000076
-0.000026
-0.000022
0.000120
-0.000364
-0.002791
-0.000445
-0.000152
-0.000027
-0.000034
-0.000003
-0.000002
0.000425
0.000386
-0.000554
-0.000974
-0.000936
-0.000087
0.000312
0.000205
0.000706
0.000524
-0.000175
0.000478
0.000323
-0.000352
0.000635
0.001592
0.002234
0.001589
0.000324
-0.000486
-0.001223
-0.000090
0.000089
-0.000037
-0.000024
-0.000056
-0.000054
-0.000082
-0.000069
-0.000082
-0.000098
-0.000124
-0.000179
-0.000215
-0.000218
-0.000217
-0.000277
-0.000322
-0.000394
-0.000354
-0.000288
-0.000289
-0.000299
-0.000316
-0.000286
-0.000318
-0.000274
-0.000267
-0.000333
-0.000340
-0.000314
-0.000001
0.000004
-0.000020
-0.000014
-0.000026
-0.000030
-0.000048
-0.000056
-0.000048
-0.000070
-0.000023
-0.000017
-0.000012
-0.000024
-0.000080
-0.000484
-0.000722
-0.000222
-0.000075
-0.000085
-0.000098
0.001380
0.001448
0.000081
-0.000236
-0.000271
-0.000421
-0.000188
0.000179
0.000065
-0.000072
-0.000169
-0.000295
-0.000164
0.000555
0.000383
0.000502
0.000676
0.001268
0.001110
0.000087
-0.000716
0.000075
0.000750
0.002712
-0.000232
-0.000129
-0.000054
-0.000082
-0.000083
-0.000094
-0.000094
-0.000146
-0.000202
-0.000230
-0.000230
-0.000226
-0.000252
-0.000367
-0.000330
-0.000315
-0.000337
-0.000281
-0.000344
-0.000345
-0.000322
-0.000278
-0.000332
-0.000295
-0.000308
-0.000282
-0.000264
-0.000236
-0.000018
-0.000020
-0.000023
-0.000019
-0.000035
-0.000024
-0.000040
-0.000039
-0.000042
-0.000046
-0.000035
-0.000026
-0.000028
-0.000028
0.000188
0.000069
-0.002529
-0.000075
0.000024
0.000064
0.001047
0.001760
0.001367
0.002564
0.002510
0.000975
-0.001062
-0.000497
0.000258
0.000093
0.000886
-0.000066
-0.000557
-0.000304
0.000770
0.001387
0.000339
-0.000114
0.000457
0.000271
0.000051
0.000510
-0.000067
0.002808
0.000872
0.004006
-0.000109
-0.000121
-0.000110
-0.000105
-0.000172
-0.000179
-0.000226
-0.000204
-0.000221
-0.000257
-0.000271
-0.000266
-0.000292
-0.000270
-0.000291
-0.000313
-0.000364
-0.000336
-0.000357
-0.000335
-0.000325
-0.000364
-0.000357
-0.000360
-0.000331
-0.000292
-0.000248
-0.000019
0.000000
-0.000015
-0.000031
-0.000047
-0.000054
-0.000048
-0.000055
-0.000039
-0.000035
-0.000029
-0.000028
-0.000049
-0.000036
0.000138
0.000729
0.000406
-0.000083
0.000113
0.000425
0.001055
0.002097
0.003694
0.004182
0.003575
0.002904
-0.000977
-0.000972
0.000089
0.000134
0.000136
-0.000205
0.000439
0.000423
0.000636
0.000255
0.000237
0.000071
-0.000198
-0.000289
-0.000535
-0.000178
0.000462
0.000429
0.000396
0.001960
0.003189
0.000010
-0.000128
-0.000118
-0.000157
-0.000208
-0.000232
-0.000236
-0.000249
-0.000282
-0.000272
-0.000275
-0.000299
-0.000281
-0.000265
-0.000271
-0.000360
-0.000357
-0.000315
-0.000380
-0.000355
-0.000356
-0.000358
-0.000373
-0.000357
-0.000379
-0.000286
-0.000013
-0.000007
-0.000017
-0.000029
-0.000050
-0.000066
-0.000067
-0.000057
-0.000045
-0.000008
-0.000004
-0.000009
-0.000038
-0.000034
0.000039
0.000994
0.000108
0.000385
0.000531
0.000985
0.000941
0.001388
0.001545
0.002918
0.003641
0.004638
0.002008
0.000193
-0.000166
-0.000822
-0.000305
0.000889
0.001335
0.000867
0.000273
-0.000484
0.000628
0.001389
0.001733
0.001016
0.000629
0.000480
-0.000114
-0.000178
-0.000191
0.000071
0.001001
0.001247
-0.000357
-0.000213
-0.000215
-0.000211
-0.000235
-0.000263
-0.000233
-0.000251
-0.000245
-0.000246
-0.000276
-0.000291
-0.000251
-0.000269
-0.000382
-0.000322
-0.000314
-0.000447
-0.000462
-0.000435
-0.000415
-0.000407
-0.000391
-0.000363
-0.000276
-0.000049
-0.000015
-0.000031
-0.000035
-0.000075
-0.000049
-0.000110
-0.000079
-0.000067
-0.000046
-0.000070
-0.000073
-0.000053
-0.000092
-0.000098
-0.000068
-0.000102
-0.000069
-0.000034
-0.000111
-0.000085
0.000188
0.000405
0.000370
0.000643
0.000350
-0.000562
-0.001430
-0.003234
-0.002389
-0.000549
-0.001656
-0.001653
0.000570
-0.000054
-0.001109
0.006841
0.009157
0.015275
0.015522
0.008644
-0.001641
0.001508
0.001226
-0.000620
-0.000490
-0.000782
-0.001744
-0.001091
-0.000666
-0.000314
-0.000255
-0.000239
-0.000222
-0.000212
-0.000235
-0.000218
-0.000240
-0.000250
-0.000245
-0.000244
-0.000351
-0.000319
-0.000386
-0.000408
-0.000686
-0.000637
-0.000438
-0.000436
-0.000393
-0.000375
-0.000361
-0.000365
-0.000029
-0.000031
-0.000040
-0.000028
-0.000086
-0.000095
-0.000137
-0.000075
-0.000062
-0.000067
-0.000093
-0.000059
-0.000080
-0.000124
-0.000106
-0.000071
-0.000087
-0.000088
-0.000142
-0.000130
-0.000081
-0.000241
-0.000195
0.000654
-0.000989
-0.004320
-0.005205
-0.005156
-0.005407
-0.002844
-0.002988
-0.001592
-0.000847
0.000886
0.001481
0.002134
0.000431
0.005806
0.011386
0.011358
0.004962
-0.001348
0.004475
0.007835
0.002180
0.000236
-0.004302
-0.005605
-0.003752
-0.001477
-0.001554
-0.000300
-0.000234
-0.000213
-0.000265
-0.000237
-0.000207
-0.000234
-0.000230
-0.000249
-0.000266
-0.000284
-0.000363
-0.000424
-0.000534
-0.000527
-0.000529
-0.000412
-0.000395
-0.000437
-0.000391
-0.000391
-0.000560
-0.000038
-0.000047
-0.000087
-0.000075
-0.000081
-0.000097
-0.000128
-0.000118
-0.000087
-0.000088
-0.000094
-0.000095
-0.000100
-0.000134
-0.000102
-0.000053
-0.000100
-0.000128
-0.000108
-0.000110
0.000037
0.003005
0.001426
0.000062
-0.000713
-0.001948
-0.004152
-0.005982
-0.006144
-0.004423
-0.005033
-0.005126
-0.002452
0.000633
0.001219
0.001556
-0.000218
0.000949
0.004989
0.001971
-0.004891
-0.003445
0.008595
0.005175
0.003004
-0.001771
-0.003020
-0.006498
-0.005061
-0.002349
-0.006088
-0.000816
-0.000237
-0.000200
-0.000228
-0.000291
-0.000270
-0.000203
-0.000236
-0.000287
-0.000300
-0.000360
-0.000416
-0.000592
-0.000489
-0.000460
-0.000515
-0.000510
-0.000434
-0.000407
-0.000461
-0.000474
-0.000396
-0.000079
-0.000073
-0.000044
-0.000054
-0.000093
-0.000099
-0.000145
-0.000118
-0.000093
-0.000116
-0.000131
-0.000111
-0.000119
-0.000120
-0.000141
-0.000131
-0.000109
-0.000109
-0.000103
-0.000078
0.000916
0.002612
0.002849
0.000949
-0.000602
-0.003046
-0.005709
-0.006370
-0.007139
-0.008733
-0.012403
-0.008783
-0.002485
0.000008
0.002182
0.001688
0.001623
0.002324
0.002468
0.005078
0.004545
0.004977
0.006107
0.000619
-0.005910
-0.001825
-0.000851
-0.002840
-0.001922
-0.003042
-0.015160
-0.017770
0.000111
-0.000234
-0.000229
-0.000298
-0.000289
-0.000302
-0.000307
-0.000373
-0.000307
-0.000415
-0.000570
-0.000420
-0.000382
-0.000490
-0.000446
-0.000411
-0.000412
-0.000438
-0.000459
-0.000470
-0.000478
-0.000088
-0.000081
-0.000091
-0.000064
-0.000069
-0.000104
-0.000105
-0.000142
-0.000123
-0.000129
-0.000125
-0.000108
-0.000120
-0.000130
-0.000132
-0.000136
-0.000101
-0.000050
-0.000109
-0.000083
0.000189
0.001972
0.003379
0.002570
0.000085
-0.003994
-0.005873
-0.008077
-0.011225
-0.012362
-0.013476
-0.010190
0.001649
0.000770
0.001388
0.001404
0.002308
0.002297
0.003467
0.001846
-0.000495
0.000813
0.003356
0.003817
0.000457
-0.007283
-0.003265
-0.002361
0.001830
-0.005865
-0.017528
-0.008943
-0.005619
0.000174
0.000433
-0.000289
-0.000324
-0.000282
-0.000304
-0.000412
-0.000417
-0.000409
-0.000392
-0.000384
-0.000407
-0.000462
-0.000418
-0.000429
-0.000471
-0.000423
-0.000438
-0.000455
-0.000429
-0.000113
-0.000123
-0.000087
-0.000075
-0.000068
-0.000107
-0.000115
-0.000108
-0.000121
-0.000130
-0.000134
-0.000110
-0.000120
-0.000122
-0.000111
-0.000100
-0.000081
-0.000119
-0.000119
-0.000123
-0.000226
0.000807
0.002438
0.002364
0.000975
-0.003994
-0.008885
-0.010195
-0.011695
-0.011830
-0.014232
-0.010216
0.005833
0.002359
0.001130
0.001437
0.001679
0.001953
0.002701
0.000502
-0.000110
0.002300
0.002710
0.002559
0.002421
-0.001408
-0.012927
0.002537
0.006089
-0.004520
-0.009285
-0.005080
-0.003587
-0.002030
0.002661
0.000272
-0.000250
-0.000244
-0.000299
-0.000392
-0.000344
-0.000365
-0.000498
-0.000582
-0.000449
-0.000443
-0.000382
-0.000437
-0.000384
-0.000369
-0.000459
-0.000449
-0.000468
-0.000168
-0.000135
-0.000126
-0.000089
-0.000131
-0.000142
-0.000126
-0.000115
-0.000128
-0.000140
-0.000132
-0.000105
-0.000130
-0.000148
-0.000135
-0.000081
-0.000076
-0.000113
-0.000140
-0.000125
-0.000188
-0.000429
0.000666
0.001965
-0.000135
-0.003804
-0.005917
-0.006024
-0.008839
-0.009758
-0.014742
-0.007830
0.001056
0.001119
0.000514
0.000336
0.000494
-0.000486
-0.000458
0.000940
0.001728
0.001936
0.002327
0.002107
0.002812
0.003483
0.000537
0.007600
0.006291
-0.000056
-0.002616
-0.001878
-0.001539
0.001353
0.003925
0.015260
-0.000230
0.000140
-0.000274
-0.000351
-0.000364
-0.000439
-0.000625
-0.000558
-0.000440
-0.000401
-0.000411
-0.000433
-0.000451
-0.000437
-0.000461
-0.000452
-0.000464
-0.000175
-0.000164
-0.000099
-0.000041
-0.000067
-0.000075
-0.000262
-0.000290
-0.000076
-0.000109
-0.000087
-0.000132
-0.000056
-0.000072
-0.000068
-0.000082
-0.000105
-0.000094
-0.000144
-0.000165
-0.000184
-0.000215
0.000560
0.002096
-0.000031
-0.002865
-0.005421
-0.005413
-0.011107
-0.014551
-0.011680
-0.005768
-0.001685
-0.000243
-0.000594
-0.000475
-0.000554
-0.000172
0.000571
0.000755
0.001067
0.001198
0.001803
0.001897
0.002636
0.002704
0.003042
-0.000270
0.008442
0.000494
-0.001659
-0.000973
0.012445
0.008496
0.005539
0.005872
-0.001041
0.001141
-0.000000
0.000021
-0.000006
-0.000444
-0.000579
-0.000465
-0.000349
-0.000366
-0.000422
-0.000446
-0.000476
-0.000466
-0.000455
-0.000444
-0.000452
-0.000161
-0.000125
-0.000168
-0.000112
-0.000167
-0.000241
-0.000253
-0.000377
-0.000281
-0.000252
-0.000281
-0.000143
-0.000099
-0.000085
-0.000103
-0.000108
-0.000108
-0.000080
-0.000134
-0.000173
-0.000176
-0.000375
-0.000338
-0.000542
-0.000616
-0.000939
-0.000729
-0.001214
-0.000473
-0.006265
-0.006357
-0.002030
-0.001144
-0.000892
-0.000294
0.000027
0.000180
0.000203
0.000052
0.000247
0.000906
0.001207
0.001597
0.001952
0.000226
0.002216
0.002887
0.002546
0.001677
-0.001388
-0.001973
0.000711
0.011506
0.014998
0.005245
-0.000716
-0.000291
0.001004
-0.000011
-0.001106
-0.001012
0.000110
-0.000033
-0.000382
-0.000346
-0.000418
-0.000457
-0.000456
-0.000452
-0.000459
-0.000451
-0.000470
-0.000403
-0.000236
-0.000205
-0.000217
-0.000129
-0.000198
-0.000278
-0.000299
-0.000328
-0.000175
-0.000325
-0.000412
-0.000250
-0.000212
-0.000275
-0.000124
-0.000014
-0.000103
-0.000243
-0.000252
-0.000279
-0.000217
-0.000529
-0.000490
-0.000494
-0.000519
-0.000620
-0.000658
-0.000625
-0.000601
-0.000721
-0.000375
-0.000627
-0.000842
-0.000977
-0.000025
0.000437
0.000392
0.000038
-0.000124
0.000194
0.000618
0.000550
-0.000428
0.000300
0.000442
0.001386
0.001866
0.002015
0.004737
-0.000645
0.001067
0.011042
0.010978
0.005241
0.000963
0.002286
0.007105
0.003940
0.000002
-0.000377
-0.000043
-0.000235
-0.000306
0.000061
-0.000117
-0.000245
-0.000443
-0.000424
-0.000400
-0.000400
-0.000529
-0.000536
-0.000346
-0.000304
-0.000238
-0.000258
-0.000297
-0.000288
-0.000176
-0.000230
-0.000280
-0.000309
-0.000439
-0.000554
-0.000225
-0.000338
-0.000335
-0.000243
-0.000122
-0.000467
-0.000444
-0.000471
-0.000489
-0.000532
-0.000527
-0.000591
-0.000528
-0.000482
-0.000548
-0.000621
-0.000645
-0.000700
-0.000691
-0.000694
-0.000029
0.000070
-0.000007
0.000062
-0.000021
-0.000069
0.000148
0.000022
0.000143
-0.000147
-0.001019
-0.002646
-0.002980
-0.002027
-0.000655
-0.000187
-0.001708
-0.002967
-0.006485
-0.002218
0.009405
0.001000
-0.000645
-0.001501
-0.001756
-0.000392
-0.000022
-0.000684
-0.000480
-0.000427
-0.000545
-0.000503
-0.000462
-0.000521
-0.000499
-0.000403
-0.000395
-0.000432
-0.000525
-0.000541
-0.000553
-0.000358
-0.000311
-0.000299
-0.000229
-0.000219
-0.000216
-0.000174
-0.000199
-0.000470
-0.000598
-0.000662
-0.000556
-0.000573
-0.000448
-0.000360
-0.000393
-0.000310
-0.000327
-0.000517
-0.000437
-0.000416
-0.000425
-0.000476
-0.000594
-0.000580
-0.000582
-0.000619
-0.000670
-0.000691
-0.000716
-0.000749
-0.000805
-0.000810
-0.000917
-0.000817
-0.000853
-0.000832
-0.000883
-0.000138
-0.000106
-0.000061
-0.000026
-0.000070
-0.000529
-0.000559
0.000431
-0.004204
-0.003788
-0.007414
-0.015237
-0.019321
-0.017451
-0.004851
-0.000960
-0.001097
-0.000832
-0.000393
-0.000632
-0.000393
-0.000419
-0.000542
-0.000472
-0.000503
-0.000447
-0.000456
-0.000517
-0.000505
-0.000457
-0.000460
-0.000443
-0.000421
-0.000527
-0.000459
-0.000334
-0.000383
-0.000300
-0.000275
-0.000256
-0.000209
-0.000425
-0.000576
-0.000674
-0.000683
-0.000758
-0.000667
-0.000347
-0.000616
-0.000581
-0.000529
-0.000492
-0.000435
-0.000551
-0.000535
-0.000466
-0.000479
-0.000483
-0.000593
-0.000525
-0.000618
-0.000655
-0.000730
-0.000729
-0.000777
-0.000853
-0.000791
-0.000790
-0.000793
-0.000737
-0.000885
-0.000901
-0.000984
-0.000889
-0.000888
-0.000959
-0.001007
-0.001065
-0.000931
-0.000847
0.000488
-0.007653
-0.014009
-0.023886
-0.026537
-0.024391
-0.019366
-0.000692
-0.000832
-0.000576
-0.000643
-0.000516
-0.000470
-0.000448
-0.000557
-0.000569
-0.000450
-0.000469
-0.000511
-0.000574
-0.000443
-0.000512
-0.000508
-0.000446
-0.000402
-0.000461
-0.000471
-0.000474
-0.000309
-0.000440
-0.000433
-0.000377
-0.000363
-0.000495
-0.000617
-0.000664
-0.000704
-0.000702
-0.000652
-0.000692
-0.000546
-0.000676
-0.000487
-0.000490
-0.000562
-0.000499
-0.000563
-0.000503
-0.000510
-0.000477
-0.000559
-0.000627
-0.000600
-0.000604
-0.000657
-0.000711
-0.000804
-0.000864
-0.000932
-0.000773
-0.000735
-0.000699
-0.000809
-0.000913
-0.000911
-0.000967
-0.000900
-0.000870
-0.000856
-0.001039
-0.001058
-0.001022
-0.000919
-0.000852
0.000763
-0.022257
-0.025708
-0.018970
-0.010386
-0.004270
-0.002053
-0.001507
-0.000563
-0.000441
-0.000370
-0.000574
-0.000634
-0.000466
-0.000473
-0.000410
-0.000511
-0.000618
-0.000605
-0.000534
-0.000492
-0.000495
-0.000444
-0.000442
-0.000430
-0.000471
-0.000439
-0.000409
-0.000516
-0.000550
-0.000570
-0.000668
-0.000649
-0.000730
-0.000703
-0.000691
-0.000726
-0.000732
-0.000769
-0.000736
-0.000648
-0.000527
-0.000296
-0.000525
-0.000554
-0.000487
-0.000518
-0.000633
-0.000667
-0.000642
-0.000675
-0.000704
-0.000727
-0.000730
-0.000707
-0.000655
-0.000898
-0.000941
-0.000907
-0.000823
-0.000848
-0.000961
-0.001083
-0.000912
-0.000951
-0.000918
-0.000853
-0.001069
-0.001128
-0.001081
-0.001040
-0.000992
-0.000905
-0.000863
-0.003326
-0.016328
-0.013644
-0.006309
-0.003870
-0.001864
-0.003566
-0.001035
-0.000467
-0.000584
-0.000668
-0.000567
-0.000498
-0.000539
-0.000488
-0.000547
-0.000743
-0.000767
-0.000705
-0.000546
-0.000516
-0.000509
-0.000460
-0.000435
-0.000468
-0.000523
-0.000509
-0.000631
-0.000602
-0.000643
-0.000663
-0.000689
-0.000741
-0.000697
-0.000706
-0.000789
-0.000784
-0.000746
-0.000801
-0.000720
-0.000622
-0.000537
-0.000542
-0.000529
-0.000441
-0.000527
-0.000603
-0.000633
-0.000669
-0.000697
-0.000768
-0.000808
-0.000858
-0.000877
-0.000878
-0.000946
-0.001019
-0.000997
-0.000972
-0.000952
-0.001041
-0.001029
-0.000917
-0.000949
-0.000856
-0.000897
-0.001109
-0.001119
-0.001269
-0.001165
-0.001068
-0.000950
-0.000958
-0.000902
-0.002894
-0.008011
-0.004685
-0.001840
-0.002808
-0.001706
-0.000927
-0.000791
-0.000679
-0.000572
-0.000547
-0.000493
-0.000482
-0.000471
-0.000500
-0.000707
-0.000746
-0.000777
-0.000661
-0.000652
-0.000564
-0.000432
-0.000472
-0.000523
-0.000687
-0.000674
-0.000621
-0.000678
-0.000646
-0.000658
-0.000726
-0.000665
-0.000688
-0.000784
-0.000825
-0.000819
-0.000757
-0.000831
-0.000817
-0.000634
-0.000567
-0.000569
-0.000587
-0.000546
-0.000516
-0.000639
-0.000660
-0.000669
-0.000732
-0.000780
-0.000825
-0.000877
-0.000987
-0.000965
-0.001069
-0.001002
-0.000943
-0.000991
-0.000986
-0.000961
-0.000982
-0.000926
-0.000927
-0.000927
-0.000934
-0.000892
-0.001036
-0.001006
-0.001080
-0.001137
-0.001051
-0.001051
-0.001047
-0.001104
-0.001531
-0.001314
-0.001340
-0.001469
-0.000843
-0.000678
-0.000731
-0.000685
-0.000617
-0.000595
-0.000549
-0.000583
-0.000550
-0.000607
-0.000627
-0.000705
-0.000703
-0.000575
-0.000544
-0.000513
-0.000491
-0.000581
-0.000616
-0.000606
-0.000628
-0.000641
-0.000737
-0.000693
-0.000702
-0.000574
-0.000707
-0.000745
-0.000782
-0.000845
-0.000817
-0.000786
-0.000782
-0.000808
-0.000727
-0.000597
-0.000596
-0.000610
-0.000672
-0.000602
-0.000666
-0.000720
-0.000747
-0.000792
-0.000817
-0.000915
-0.000954
-0.001008
-0.001109
-0.001111
-0.001047
-0.001023
-0.001058
-0.001099
-0.001137
-0.001083
-0.001007
-0.001084
-0.001167
-0.001057
-0.000950
-0.000991
-0.001014
-0.001085
-0.001141
-0.000985
-0.000981
-0.000995
-0.001130
-0.001142
-0.000905
-0.000830
-0.000787
-0.000695
-0.000669
-0.000673
-0.000702
-0.000646
-0.000592
-0.000602
-0.000625
-0.000519
-0.000541
-0.000517
-0.000620
-0.000635
-0.000510
-0.000517
-0.000543
-0.000537
-0.000643
-0.000534
-0.000524
-0.000572
-0.000667
-0.000613
-0.000601
-0.000614
-0.000702
-0.000663
-0.000688
-0.000762
-0.000817
-0.000808
-0.000775
-0.000791
-0.000618
-0.000530
-0.000524
-0.000593
-0.000632
-0.000631
-0.000712
-0.000685
-0.000755
-0.000790
-0.000849
-0.000924
-0.000984
-0.000899
-0.001017
-0.001003
-0.001007
-0.001006
-0.000945
-0.001054
-0.001130
-0.001163
-0.001081
-0.001192
-0.001109
-0.001111
-0.001089
-0.000974
-0.001102
-0.001247
-0.001175
-0.000936
-0.001098
-0.001147
-0.001138
-0.001036
-0.001005
-0.000879
-0.000752
-0.000792
-0.000656
-0.000640
-0.000680
-0.000679
-0.000628
-0.000563
-0.000609
-0.000574
-0.000531
-0.000540
-0.000541
-0.000579
-0.000576
-0.000563
-0.000565
-0.000587
-0.000604
-0.000594
-0.000551
-0.000525
-0.000584
-0.000598
-0.000582
-0.000588
-0.000653
-0.000634
-0.000655
-0.000689
-0.000753
-0.000719
-0.000768
-0.000767
-0.000705
-0.000546
-0.000439
-0.000485
-0.000505
-0.000563
-0.000595
-0.000662
-0.000685
-0.000703
-0.000777
-0.000799
-0.000945
-0.000908
-0.000787
-0.000910
-0.000867
-0.000883
-0.000973
-0.000988
-0.000988
-0.001105
-0.001162
-0.001233
-0.001224
-0.001103
-0.001020
-0.001002
-0.001093
-0.001162
-0.000959
-0.000874
-0.000910
-0.001150
-0.001142
-0.001082
-0.001096
-0.001029
-0.000899
-0.000816
-0.000830
-0.000730
-0.000620
-0.000721
-0.000658
-0.000577
-0.000521
-0.000573
-0.000558
-0.000569
-0.000575
-0.000556
-0.000546
-0.000605
-0.000630
-0.000631
-0.000661
-0.000566
-0.000523
-0.000525
-0.000593
-0.000554
