0.000002
0.000003
0.000003
0.000632
0.000008
0.000010
0.000011
0.000438
0.000012
0.000015
0.000016
-0.000603
0.000015
0.000018
0.000016
0.000014
0.000012
0.000014
0.000015
0.000012
0.000011
0.000014
0.000015
0.000015
0.000015
0.000017
0.000014
0.000017
0.000016
0.000014
0.000017
0.000017
0.000021
0.000024
0.000025
0.000027
0.000025
0.000021
0.000023
0.000024
0.000026
0.000025
0.000023
0.000025
0.000026
0.000025
0.000021
0.000026
0.000030
0.000029
0.000032
0.000028
0.000028
0.000027
0.000029
0.000028
0.000025
0.000022
0.000023
0.000027
0.000027
0.000023
0.000016
0.000010
0.000004
0.000002
-0.001158
0.000005
0.000006
0.000009
0.000061
0.000003
0.000195
0.000007
0.000007
0.000009
0.000010
0.000010
0.000014
0.000013
0.000015
0.000012
0.000013
0.000015
0.000016
0.000015
0.000019
0.000014
0.000012
0.000013
0.000014
0.000013
0.000012
0.000011
0.000012
0.000013
0.000014
0.000018
0.000016
0.000018
0.000018
0.000018
0.000014
0.000017
0.000018
0.000021
0.000024
0.000025
0.000022
0.000027
0.000023
0.000022
0.000024
0.000020
0.000023
0.000023
0.000019
0.000021
0.000028
0.000030
0.000030
0.000027
0.000026
0.000026
0.000032
0.000026
0.000026
0.000028
0.000028
0.000024
0.000024
0.000024
0.000025
0.000028
0.000026
0.000026
0.000024
0.000025
0.000026
0.000026
0.000023
0.000024
0.000025
0.000020
0.000023
0.000017
0.000005
0.000005
0.000007
0.000007
0.000011
0.000013
0.000014
0.000016
0.000017
0.000015
0.000016
0.000015
0.000014
0.000014
0.000014
0.000013
0.000013
0.000014
0.000014
0.000015
0.000011
0.000012
0.000011
0.000012
0.000014
0.000015
0.000017
0.000018
0.000017
0.000017
0.000017
0.000017
0.000018
0.000021
0.000018
0.000021
0.000024
0.000022
0.000025
0.000025
0.000019
0.000025
0.000021
0.000023
0.000026
0.000029
0.000024
0.000030
0.000028
0.000027
0.000032
0.000024
0.000025
0.000027
0.000029
0.000028
0.000027
0.000026
0.000022
0.000025
0.000021
0.000022
0.000025
0.000022
0.000023
0.000024
0.000024
0.000023
0.000025
0.000024
0.000020
0.000023
0.000018
0.000003
0.000005
0.000006
0.000009
0.000010
0.000011
0.000013
0.000017
0.000015
0.000016
0.000018
0.000017
0.000017
0.000014
0.000014
0.000011
0.000014
0.000015
0.000011
0.000014
0.000014
0.000014
0.000011
0.000014
0.000014
0.000014
0.000015
0.000018
0.000014
0.000014
0.000016
0.000016
0.000018
0.000018
0.000013
0.000021
0.000023
0.000023
0.000028
0.000025
0.000020
0.000023
0.000026
0.000033
0.000028
0.000024
0.000024
0.000026
0.000031
0.000030
0.000029
0.000028
0.000025
0.000028
0.000027
0.000025
0.000023
0.000026
0.000027
0.000026
0.000022
0.000021
0.000022
0.000023
0.000025
0.000025
0.000024
0.000023
0.000023
0.000021
0.000024
0.000022
0.000019
0.000002
0.000003
0.000005
0.000011
0.000012
0.000014
0.000016
0.000015
0.000016
0.000021
0.000018
0.000016
0.000016
0.000016
0.000013
0.000015
0.000013
0.000013
0.000011
0.000012
0.000014
0.000012
0.000012
0.000013
0.000013
0.000013
0.000013
0.000011
0.000018
0.000013
0.000015
0.000019
0.000020
0.000023
0.000018
0.000022
0.000027
0.000028
0.000025
0.000027
0.000027
0.000028
0.000026
0.000033
0.000028
0.000025
0.000026
0.000024
0.000026
0.000023
0.000024
0.000028
0.000024
0.000027
0.000024
0.000030
0.000028
0.000024
0.000020
0.000024
0.000018
0.000019
0.000022
0.000023
0.000019
0.000026
0.000020
0.000024
0.000023
0.000022
0.000022
0.000022
-0.002169
0.000002
0.000002
0.000003
0.000006
0.000010
0.000015
0.000014
0.000018
0.000017
0.000016
0.000016
0.000016
0.000015
0.000014
0.000013
0.000012
0.000013
0.000013
0.000013
0.000013
0.000012
0.000015
0.000014
0.000014
0.000011
0.000010
0.000010
0.000014
0.000014
0.000019
0.000018
0.000019
0.000017
0.000019
0.000023
0.000022
0.000026
0.000029
0.000025
0.000021
0.000028
0.000029
0.000030
0.000029
0.000023
0.000023
0.000021
0.000022
0.000021
0.000025
0.000025
0.000022
0.000022
0.000023
0.000027
0.000028
0.000022
0.000019
0.000021
0.000023
0.000019
0.000022
0.000022
0.000024
0.000022
0.000021
0.000031
0.000024
0.000023
0.000022
0.000022
0.000021
0.000019
0.000001
0.000001
0.000001
0.000006
0.000010
0.000012
0.000018
0.000017
0.000016
0.000014
0.000014
0.000013
0.000015
0.000013
0.000014
0.000015
0.000014
0.000015
0.000013
0.000014
0.000015
0.000012
0.000013
0.000012
0.000012
0.000009
0.000010
0.000015
0.000015
0.000012
0.000016
0.000017
0.000019
0.000023
0.000023
0.000026
0.000023
0.000020
0.000027
0.000031
0.000031
0.000033
0.000026
0.000028
0.000024
0.000025
0.000023
0.000019
0.000025
0.000024
0.000023
0.000023
0.000023
0.000022
0.000022
0.000021
0.000017
0.000020
0.000024
0.000021
0.000019
0.000021
0.000022
0.000026
0.000022
0.000026
0.000026
0.000022
0.000020
0.000023
0.000022
0.000019
0.000019
0.000002
0.000002
0.000002
0.000011
0.000011
0.000013
0.000019
0.000019
0.000021
0.000016
0.000012
0.000012
0.000014
0.000015
0.000013
0.000013
0.000015
0.000015
0.000017
0.000014
0.000014
0.000012
0.000012
0.000013
0.000011
0.000010
0.000014
0.000015
0.000015
0.000015
0.000020
0.000017
0.000022
0.000021
0.000024
0.000027
0.000025
0.000026
0.000023
0.000025
0.000027
0.000029
0.000029
0.000024
0.000020
0.000021
0.000020
0.000015
0.000020
0.000022
0.000023
0.000020
0.000023
0.000025
0.000023
0.000023
0.000020
0.000018
0.000020
0.000017
0.000019
0.000025
0.000023
0.000024
0.000024
0.000022
0.000019
0.000020
0.000020
0.000021
0.000021
0.000022
0.000022
0.000004
0.000003
0.000005
0.000009
0.000011
0.000013
0.000015
0.000018
0.000018
0.000017
0.000013
0.000013
0.000014
0.000013
0.000015
0.000016
0.000014
0.000012
0.000014
0.000015
0.000014
0.000015
0.000013
0.000012
0.000011
0.000013
0.000011
0.000015
0.000015
0.000016
0.000018
0.000020
0.000022
0.000019
0.000020
0.000026
0.000025
0.000028
0.000031
0.000028
0.000026
0.000028
0.000028
0.000025
0.000025
0.000023
0.000019
0.000015
0.000017
0.000021
0.000018
0.000019
0.000021
0.000023
0.000024
0.000024
0.000019
0.000018
0.000018
0.000018
0.000019
0.000022
0.000023
0.000026
0.000022
0.000024
0.000022
0.000021
0.000021
0.000021
0.000021
0.000022
0.001326
0.000008
0.000006
0.000009
0.000010
0.000012
0.000014
0.000016
0.000019
0.000016
0.000017
0.000014
0.000013
0.000013
0.000014
0.000015
0.000014
0.000014
0.000014
0.000014
0.000013
0.000015
0.000016
0.000014
0.000013
0.000016
0.000017
0.000012
0.000014
0.000017
0.000014
0.000018
0.000019
0.000022
0.000023
0.000026
0.000024
0.000030
0.000027
0.000026
0.000028
0.000033
0.000027
0.000027
0.000024
0.000019
0.000022
0.000026
0.000022
0.000019
0.000021
0.000020
0.000023
0.000022
0.000021
0.000024
0.000023
0.000021
0.000020
0.000019
0.000016
0.000020
0.000022
0.000023
0.000024
0.000021
0.000020
0.000020
0.000022
0.000022
0.000024
0.000025
0.000022
0.000023
0.000011
0.000009
0.000011
0.000011
0.000014
0.000015
0.000015
0.000016
0.000019
0.000014
0.000014
0.000014
0.000013
0.000013
0.000019
0.000014
0.000013
0.000015
0.000013
0.000014
0.000014
0.000015
0.000015
0.000015
0.000017
0.000016
0.000015
0.000015
0.000017
0.000019
0.000018
0.000021
0.000022
0.000021
0.000025
0.000024
0.000029
0.000029
0.000029
0.000033
0.000036
0.000029
0.000026
0.000029
0.000027
0.000026
0.000024
0.000023
0.000021
0.000020
0.000018
0.000018
0.000020
0.000023
0.000023
0.000021
0.000020
0.000017
0.000018
0.000018
0.000020
0.000020
0.000019
0.000019
0.000019
0.000019
0.000022
0.000022
0.000023
0.000024
0.000024
0.000022
0.000022
0.000011
0.000010
0.000012
0.000013
0.000014
0.000014
0.000015
0.000017
0.000016
0.000014
0.000013
0.000012
0.000012
0.000014
0.000018
0.000015
0.000014
0.000014
0.000013
0.000014
0.000015
0.000013
0.000016
0.000017
0.000015
0.000016
0.000015
0.000013
0.000018
0.000016
0.000018
0.000016
0.000020
0.000023
0.000020
0.000025
0.000028
0.000030
0.000029
0.000031
0.000032
0.000032
0.000028
0.000028
0.000026
0.000026
0.000026
0.000028
0.000023
0.000021
0.000020
0.000019
0.000020
0.000021
0.000022
0.000023
0.000021
0.000018
0.000017
0.000020
0.000020
0.000021
0.000021
0.000020
0.000034
0.000031
0.000018
0.000023
0.000023
0.000024
0.000023
0.000022
0.000025
0.000015
0.000014
0.000013
0.000014
0.000019
0.000015
0.000015
0.000014
0.000018
0.000015
0.000014
0.000011
0.000012
0.000014
0.000011
0.000013
0.000015
0.000011
0.000014
0.000015
0.000016
0.000013
0.000014
0.000013
0.000018
0.000016
0.000015
0.000016
0.000017
0.000016
0.000020
0.000023
0.000022
0.000020
0.000026
0.000030
0.000030
0.000029
0.000032
0.000028
0.000031
0.000033
0.000033
0.000033
0.000026
0.000026
0.000027
0.000023
0.000021
0.000023
0.000019
0.000018
0.000021
0.000020
0.000021
0.000024
0.000021
0.000022
0.000019
0.000019
0.000019
0.000020
0.000019
0.000023
0.000030
0.000033
0.000023
0.000024
0.000025
0.000024
0.000024
0.000024
0.000725
0.000020
0.000017
0.000018
0.000015
0.000017
0.000014
0.000015
0.000015
0.000015
0.000014
0.000012
0.000012
0.000011
0.000013
0.000013
0.000012
0.000015
0.000015
0.000015
0.000016
0.000016
-0.000003
0.000093
-0.000014
-0.000038
-0.000022
-0.000043
-0.000047
-0.000028
0.000005
0.000023
0.000024
0.000023
0.000025
0.000028
0.000025
0.000030
0.000029
0.000032
0.000031
0.000034
0.000032
0.000033
0.000031
0.000028
0.000028
0.000026
0.000023
0.000021
0.000021
0.000019
0.000021
0.000018
0.000019
0.000019
0.000022
0.000020
0.000023
0.000007
0.000020
0.000019
0.000021
0.000022
0.000023
0.000025
0.000023
0.000022
0.000022
0.000023
0.000022
0.000023
0.000023
0.000024
0.000017
0.000018
0.000015
0.000016
0.000016
0.000014
0.000015
0.000015
0.000015
0.000013
0.000013
0.000012
0.000010
0.000012
0.000013
0.000014
0.000014
0.000011
0.000013
0.000014
-0.000008
0.000131
0.001606
0.000364
-0.000811
-0.000606
-0.001282
-0.001447
-0.001663
-0.000805
-0.000064
0.000024
0.000021
0.000021
0.000030
0.000032
0.000035
0.000030
0.000033
0.000033
0.000031
0.000033
0.000032
0.000032
0.000031
0.000029
0.000025
0.000020
0.000022
0.000018
0.000018
0.000019
0.000017
0.000019
0.000022
0.000022
0.000021
0.000018
0.000022
0.000023
0.000018
0.000020
0.000020
0.000024
0.000023
0.000023
0.000022
0.000022
0.000019
0.000024
0.000024
0.000025
0.000023
0.000020
0.000015
0.000017
0.000016
0.000013
0.000013
0.000013
0.000014
0.000013
0.000011
0.000013
0.000011
0.000012
0.000011
0.000012
0.000012
0.000014
0.000015
0.000016
0.000004
0.000149
0.001571
0.001333
0.001747
0.000167
0.002262
0.001156
-0.000493
-0.000750
-0.002003
-0.002016
-0.000156
0.000021
0.000026
0.000027
0.000030
0.000032
0.000028
0.000033
0.000031
0.000033
0.000027
0.000030
0.000030
0.000029
0.000031
0.000025
0.000023
0.000022
0.000019
0.000019
0.000019
0.000019
0.000019
0.000021
0.000021
0.000020
0.000023
0.000023
0.000023
0.000026
0.000022
0.000023
0.000022
0.000023
0.000025
0.000024
0.000023
0.000021
0.000024
0.000026
0.000026
0.000022
0.000018
0.000020
0.000018
0.000015
0.000013
0.000012
0.000012
0.000012
0.000012
0.000013
0.000009
0.000012
0.000013
0.000011
0.000013
0.000013
0.000004
0.000004
0.000253
0.000145
0.000422
-0.000799
-0.001648
-0.000663
-0.000407
0.000286
0.002538
0.000747
-0.000971
-0.000078
-0.000027
0.000017
0.000025
0.000029
0.000028
0.000028
0.000034
0.000032
0.000035
0.000036
0.000032
0.000029
0.000025
0.000028
0.000027
0.000025
0.000024
0.000020
0.000022
0.000019
0.000019
0.000018
0.000023
0.000023
0.000021
0.000020
0.000022
0.000019
0.000024
0.000023
0.000025
0.000019
0.000022
0.000024
0.000022
0.000023
0.000023
0.000023
0.000023
0.000030
0.000034
0.000026
-0.001100
0.000017
0.000017
0.000015
0.000012
0.000011
0.000012
0.000012
0.000011
0.000010
0.000010
0.000009
0.000012
0.000013
0.000010
0.000006
0.000003
0.000674
-0.000005
0.000607
0.000298
0.000203
0.000013
-0.000125
-0.001411
-0.001493
0.000090
0.001177
0.000488
0.000025
0.000015
0.000018
0.000020
0.000026
0.000035
0.000053
0.000063
0.000056
0.000034
0.000033
0.000031
0.000032
0.000026
0.000025
0.000023
0.000025
0.000023
0.000024
0.000024
0.000022
0.000020
0.000019
0.000019
0.000020
0.000019
0.000019
0.000020
0.000025
0.000024
0.000022
0.000024
0.000021
0.000020
0.000023
0.000021
0.000022
0.000025
0.000023
0.000024
0.000027
0.000027
0.000024
0.000021
0.000022
0.000013
0.000016
0.000013
0.000011
0.000013
0.000013
0.000011
0.000010
0.000009
0.000012
0.000012
0.000011
0.000012
0.000001
0.000333
0.001147
0.001774
0.000300
-0.000000
0.001135
0.000253
0.000119
-0.000362
-0.000844
-0.000514
0.000467
0.001728
0.001409
0.000622
0.000037
0.000022
0.000034
0.000027
0.000087
0.000475
0.000627
0.000561
0.000148
0.000087
0.000049
0.000035
0.000026
0.000027
0.000024
0.000026
0.000024
0.000027
0.000025
0.000021
0.000019
0.000018
0.000019
0.000022
0.000019
0.000019
0.000020
0.000022
0.000022
0.000021
0.000022
0.000027
0.000021
0.000019
0.000019
0.000026
0.000024
0.000022
0.000027
0.000023
0.000019
0.000021
0.000020
0.000021
0.000014
0.000013
0.000013
0.000011
0.000011
0.000012
0.000012
0.000012
0.000008
0.000011
0.000009
0.000009
0.000001
0.000072
0.000370
0.003243
0.000047
0.000297
0.000086
0.000047
0.000028
-0.000069
-0.000821
-0.000588
-0.000238
-0.000115
0.000266
0.001189
0.002996
0.001136
0.000498
0.000372
0.000464
0.000480
0.000878
0.001127
0.001006
0.000795
0.000723
0.000306
0.000040
0.000030
0.000027
0.000029
0.000025
0.000026
0.000023
0.000020
0.000021
0.000020
0.000019
0.000022
0.000021
0.000020
0.000019
0.000020
0.000020
0.000019
0.000022
0.000028
0.000025
0.000023
0.000019
0.000023
0.000022
0.000021
0.000028
0.000022
0.000019
0.000019
0.000021
0.000022
0.000021
0.000013
0.000013
0.000011
0.000010
0.000010
0.000011
0.000012
0.000011
0.000009
0.000012
0.000011
0.000006
0.000016
0.000095
0.000956
0.001600
0.000146
-0.000008
0.000029
0.000018
0.000022
-0.000371
-0.000946
0.000020
0.000425
0.000469
0.000371
0.000642
0.000188
0.000131
0.000073
-0.000261
0.000253
0.000351
0.000929
0.001664
0.001799
0.001271
0.001152
0.000658
0.000062
0.000064
0.000038
0.000026
0.000022
0.000022
0.000021
0.000019
0.000019
0.000019
0.000020
0.000020
0.000020
0.000020
0.000019
0.000021
0.000022
0.000023
0.000032
0.000030
0.000022
0.000022
0.000022
0.000022
0.000022
0.000021
0.000022
0.000020
0.000019
0.000019
0.000020
0.000022
-0.000596
0.000008
0.000011
0.000009
0.000009
0.000010
0.000010
0.000012
0.000011
0.000009
0.000012
0.000012
0.000011
0.000015
0.000085
-0.000068
0.000894
-0.000291
-0.000115
0.000020
0.000029
0.000004
-0.000481
0.000816
0.001055
0.001777
0.000509
0.000435
0.001045
0.000483
-0.001453
-0.000985
-0.001735
-0.001019
0.000544
0.000604
0.001393
0.001937
0.002009
0.001601
0.001125
0.000253
0.000260
0.000099
-0.000015
0.000019
0.000008
0.000019
0.000021
0.000019
0.000018
0.000020
0.000020
0.000021
0.000019
0.000026
0.000022
0.000021
0.000021
0.000021
0.000022
0.000024
0.000019
0.000018
0.000020
0.000020
0.000020
0.000022
0.000020
0.000019
0.000021
0.000022
0.000021
0.000018
0.000005
0.000009
0.000007
0.000007
0.000008
0.000009
0.000009
0.000009
0.000009
0.000010
0.000010
0.000011
0.000013
0.000026
0.000351
0.001318
-0.001955
-0.000130
0.000147
0.000221
-0.000141
0.001078
0.002627
0.004208
0.002644
0.001656
0.001792
0.002040
0.001389
-0.000675
-0.000620
-0.000439
-0.000755
-0.000386
0.000184
0.000720
0.001352
0.001681
0.001669
0.001522
0.000457
0.000304
0.000100
-0.000427
0.000198
-0.000166
-0.000018
0.000021
0.000018
0.000020
0.000026
0.000029
0.000026
0.000020
0.000019
0.000020
0.000020
0.000021
0.000023
0.000024
0.000022
0.000020
0.000019
0.000019
0.000021
0.000020
0.000023
0.000021
0.000022
0.000020
0.000020
0.000018
0.000020
0.000007
0.000005
0.000006
0.000005
0.000006
0.000006
0.000009
0.000008
0.000007
0.000009
0.000009
0.000010
0.000009
0.000012
0.000268
0.002230
-0.003833
0.001364
0.000540
-0.000075
0.000420
0.001425
0.001890
0.001800
0.001138
0.001919
0.002837
0.002825
0.002461
0.000119
-0.000254
-0.000405
-0.000620
-0.000363
-0.000329
0.000211
0.000326
0.001076
0.001244
0.001494
0.000700
0.000408
0.000422
0.000475
0.001438
0.001073
-0.000252
0.000008
0.000023
0.000022
0.000023
0.000025
0.000022
0.000021
0.000020
0.000020
0.000023
0.000026
0.000023
0.000022
0.000020
0.000021
0.000019
0.000022
0.000024
0.000020
0.000021
0.000022
0.000021
0.000021
0.000018
0.000024
0.000016
0.000004
0.000005
0.000003
0.000004
0.000005
0.000006
0.000005
0.000008
0.000007
0.000007
0.000007
0.000010
0.000009
0.000009
0.000031
0.001378
0.001571
0.002782
0.000180
0.000184
0.000705
0.000983
0.001171
0.001231
0.000426
0.000183
0.002657
0.003957
0.003175
0.005258
0.003737
0.001017
-0.000768
-0.001130
-0.000609
-0.000113
-0.000010
0.000440
0.000654
0.000942
0.000417
0.000135
0.000224
0.000026
0.001056
0.001253
0.000430
0.000108
0.000020
0.000021
0.000022
0.000022
0.000021
0.000020
0.000021
0.000021
0.000022
0.000022
0.000022
0.000021
0.000021
0.000022
0.000022
0.000022
0.000022
0.000022
0.000021
0.000021
0.000024
0.000023
0.000020
0.000025
0.000015
0.000002
-0.000001
0.000001
0.000004
0.000004
0.000003
0.000005
0.000006
0.000007
0.000006
0.000006
0.000008
0.000007
0.000005
0.000020
0.000324
0.000147
0.001016
0.000434
0.000501
0.000455
0.000487
0.000656
0.000951
0.000805
0.000587
0.000810
0.000627
0.001282
0.003024
0.005155
0.000617
-0.000369
-0.000595
-0.000116
-0.000108
0.000005
0.000150
0.000092
0.000149
0.000150
0.000314
-0.000093
0.000156
-0.000268
0.000879
0.000544
0.000734
0.000121
0.000021
0.000023
0.000020
0.000023
0.000021
0.000020
0.000021
0.000019
0.000027
0.000021
0.000020
0.000020
0.000019
0.000020
0.000021
0.000022
0.000026
0.000025
0.000025
0.000035
0.000026
0.000022
0.000020
0.000013
-0.000004
-0.000002
0.000000
0.000000
0.000002
0.000001
0.000004
0.000002
0.000002
0.000003
0.000005
0.000006
0.000005
0.000008
0.000007
0.000013
0.000025
0.000112
0.000172
0.000049
0.000057
0.000286
0.000460
0.000148
0.000011
0.000206
0.000219
-0.000276
-0.001037
-0.000760
0.001833
-0.002067
-0.003374
-0.000154
0.000023
-0.000144
0.001161
0.002072
0.001278
0.001141
0.001236
0.003013
0.000315
-0.000065
0.000732
0.000469
0.000514
0.000609
0.001001
0.000064
0.000023
0.000022
0.000020
0.000020
0.000020
0.000019
0.000017
0.000025
0.000020
0.000018
0.000018
0.000019
0.000020
0.000027
0.000018
0.000022
0.000030
0.000029
0.000023
0.000019
0.000019
0.000019
0.000019
-0.000002
-0.000008
-0.000004
-0.000002
0.000002
0.000001
0.000004
0.000001
0.000002
0.000002
0.000003
0.000004
0.000004
0.000007
0.000008
0.000008
0.000006
0.000008
0.000009
0.000015
0.000017
0.000063
0.000310
0.003406
0.001186
-0.001300
-0.002376
-0.002781
-0.003192
-0.003609
-0.003083
-0.003622
-0.002662
-0.002350
-0.000645
-0.000301
0.000840
0.002059
0.001058
0.001010
0.001783
0.001131
0.001502
0.002363
0.001212
0.000493
0.000058
0.000374
0.000853
0.000656
-0.000257
0.000023
0.000020
0.000019
0.000017
0.000016
0.000018
0.000019
0.000016
0.000017
0.000019
0.000020
0.000021
0.000038
-0.000034
-0.000044
0.000019
0.000021
0.000017
0.000017
0.000017
0.000018
0.000020
-0.000003
-0.000005
-0.000002
-0.000004
-0.000001
0.000001
0.000006
0.000003
0.000000
0.000002
0.000002
0.000003
0.000004
0.000006
0.000005
0.000004
0.000007
0.000007
0.000009
0.000004
0.000033
0.001046
0.001612
0.002300
0.000290
-0.000979
-0.001510
-0.002528
-0.003683
-0.004554
-0.003428
-0.002493
-0.001296
-0.000788
-0.000008
0.001188
-0.000134
0.000308
0.001255
-0.000258
0.000402
0.001049
0.000460
0.002732
0.002967
0.000526
-0.000524
-0.000400
0.000504
-0.000040
-0.003175
-0.000229
0.000019
0.000019
0.000020
0.000020
0.000015
0.000016
0.000017
0.000020
0.000022
0.000025
0.000026
0.000020
0.000011
0.000026
0.000022
0.000020
0.000017
0.000016
0.000019
0.000020
0.000019
-0.000002
-0.000001
-0.000007
-0.000008
-0.000002
-0.000002
0.000002
0.000002
-0.000000
0.000001
0.000002
0.000003
0.000001
0.000003
0.000003
0.000003
0.000002
-0.000006
-0.000019
-0.000056
0.000290
0.000731
0.000918
0.001133
0.001327
-0.000371
-0.000757
-0.001312
-0.003710
-0.004875
-0.003558
-0.002130
-0.000796
-0.001534
-0.000165
0.000618
0.000116
-0.001397
-0.001524
0.001062
0.000990
0.000448
-0.000299
0.000069
0.002265
0.001615
-0.000110
0.000116
0.000081
-0.003790
-0.006116
-0.009936
0.000078
0.000018
0.000022
0.000025
0.000017
0.000018
0.000019
0.000021
0.000020
0.000027
0.000033
0.000027
0.000025
0.000020
0.000021
0.000017
0.000016
0.000021
0.000020
0.000019
0.000016
-0.000007
-0.000003
-0.000006
-0.000005
-0.000004
-0.000003
0.000001
-0.000001
-0.000001
0.000000
-0.000001
-0.000002
0.000003
0.000001
0.000000
-0.000002
-0.000014
-0.000044
-0.000065
-0.000062
0.000126
0.000755
0.000822
0.001124
0.001245
0.000755
-0.000793
-0.001449
-0.003510
-0.004811
-0.004647
-0.002281
-0.000526
-0.001384
-0.000869
0.000119
-0.000325
-0.000715
-0.001335
-0.001458
-0.001265
-0.001151
0.000130
-0.000287
-0.000315
-0.001607
-0.000798
0.000133
-0.002146
-0.005252
-0.013435
-0.009996
-0.007541
0.000168
0.000114
0.000022
0.000019
0.000019
0.000024
0.000007
0.000026
0.000041
0.000020
0.000021
0.000023
0.000010
0.000019
0.000015
0.000020
0.000017
0.000018
0.000017
0.000016
-0.000005
-0.000003
-0.000005
-0.000007
-0.000009
-0.000002
-0.000003
-0.000002
-0.000002
-0.000002
-0.000003
-0.000000
-0.000001
-0.000000
-0.000001
-0.000010
-0.000045
-0.000076
-0.000063
-0.000075
-0.000086
0.000427
0.000835
0.001014
0.001149
0.000850
-0.000775
-0.000953
-0.002637
-0.003928
-0.004831
-0.002762
-0.000929
-0.000168
0.000393
0.000302
0.000363
0.000044
-0.000410
-0.001017
-0.000945
-0.001820
-0.002037
-0.001824
-0.001406
-0.000045
-0.002749
-0.000597
-0.003020
-0.010913
-0.012270
-0.004339
-0.001854
-0.000550
0.001368
0.000231
0.000012
0.000022
0.000047
-0.000017
0.000044
0.000018
0.000021
0.000028
0.000023
0.000018
0.000016
0.000018
0.000015
0.000012
0.000017
0.000018
0.000018
-0.000003
-0.000007
-0.000006
-0.000008
-0.000004
-0.000005
-0.000006
-0.000003
-0.000005
-0.000003
-0.000002
-0.000001
-0.000005
-0.000009
-0.000005
-0.000029
-0.000057
-0.000057
-0.000063
-0.000068
-0.000079
0.000007
0.000411
0.000740
0.000824
0.001216
0.000706
-0.000145
-0.000568
-0.002822
-0.004951
-0.003698
-0.001681
-0.000994
0.000076
-0.000204
0.000208
-0.000361
-0.001016
-0.001794
-0.001965
-0.002075
-0.001882
-0.001600
-0.001261
-0.001259
0.000320
-0.001976
-0.005680
-0.008310
-0.004999
-0.001639
0.000268
0.002522
0.004504
0.004248
0.000145
0.000018
0.000028
0.000019
0.000017
0.000019
0.000018
0.000021
0.000021
0.000018
0.000021
0.000021
0.000011
0.000020
0.000020
0.000017
0.000017
-0.000006
-0.000007
-0.000010
-0.000014
-0.000017
-0.000017
-0.000003
0.000003
-0.000004
-0.000004
-0.000004
-0.000001
-0.000031
-0.000027
-0.000033
-0.000041
-0.000042
-0.000049
-0.000063
-0.000063
-0.000082
-0.000111
0.000112
0.000486
0.000876
0.000918
0.000336
-0.000208
-0.000089
-0.002039
-0.004136
-0.002809
-0.001462
-0.000556
-0.001279
-0.000724
-0.000854
-0.000807
-0.000999
-0.001699
-0.002036
-0.001869
-0.001754
-0.001525
-0.001445
-0.001449
-0.001303
0.000137
-0.003910
-0.003666
-0.000963
0.001096
0.009324
0.010952
0.008114
0.005062
0.002125
0.000215
0.000030
0.000075
0.000005
-0.000008
-0.000013
0.000023
0.000017
0.000016
0.000019
0.000020
0.000006
0.000020
0.000017
0.000018
0.000016
-0.000010
-0.000011
-0.000007
-0.000010
-0.000008
-0.000007
0.000004
0.000006
-0.000003
-0.000000
-0.000001
-0.000022
-0.000037
-0.000035
-0.000041
-0.000044
-0.000048
-0.000057
-0.000067
-0.000072
-0.000076
-0.000027
-0.000026
-0.000063
-0.000159
-0.000181
0.000014
-0.000152
0.000044
-0.003648
-0.004393
-0.003109
-0.002163
-0.002128
-0.001953
-0.001059
-0.001038
-0.001345
-0.001850
-0.001931
-0.001840
-0.001877
-0.002266
-0.001754
-0.002650
-0.002511
-0.002547
-0.001822
-0.000956
-0.000506
0.000897
0.004566
0.017414
0.015554
0.009667
0.004064
0.003180
0.003252
-0.000119
0.001441
0.001684
0.000014
-0.000003
0.000016
0.000018
0.000018
0.000020
0.000018
0.000018
0.000017
0.000017
0.000021
0.000015
-0.000006
-0.000009
-0.000009
-0.000009
-0.000013
-0.000004
-0.000002
-0.000003
-0.000007
0.000002
0.000001
-0.000002
0.000003
0.000000
-0.000007
-0.000031
-0.000040
-0.000010
-0.000017
-0.000017
-0.000019
-0.000007
-0.000037
-0.000010
0.000002
0.000007
0.000008
0.000009
0.000010
-0.000225
-0.000023
-0.003672
-0.002436
-0.002362
-0.001898
-0.001153
-0.001043
-0.002085
-0.001968
-0.002018
-0.002678
-0.002242
-0.002322
-0.002460
-0.005642
-0.006455
-0.004267
-0.003431
-0.003542
-0.000176
0.006975
0.018169
0.013194
0.009028
0.007783
0.005176
0.010249
0.004123
0.001282
0.002105
0.001430
0.000685
0.000084
-0.000002
0.000005
0.000009
0.000015
0.000014
0.000013
0.000015
0.000018
0.000042
0.000015
-0.000000
-0.000005
-0.000005
0.000001
-0.000003
-0.000009
-0.000009
-0.000003
0.000000
0.000005
0.000007
-0.000013
-0.000004
-0.000001
-0.000012
-0.000019
-0.000005
-0.000008
-0.000012
-0.000021
0.000003
-0.000016
-0.000047
-0.000007
-0.000005
0.000004
0.000006
0.000008
0.000010
0.000008
0.000009
-0.000414
-0.000444
-0.000394
-0.000164
-0.000122
-0.000043
-0.001590
-0.001871
-0.002253
-0.002991
-0.003712
-0.002029
-0.002609
-0.006648
-0.008647
-0.005411
-0.006001
-0.006302
-0.007382
0.004043
0.014900
0.003543
0.001197
0.000422
-0.000821
0.002471
0.000820
0.000459
0.000191
0.000120
0.000037
-0.000011
0.000008
0.000009
0.000011
0.000010
0.000010
0.000011
0.000012
0.000016
0.000016
0.000012
-0.000002
-0.000003
-0.000010
-0.000006
-0.000010
-0.000009
-0.000007
0.000003
0.000011
0.000012
0.000010
0.000007
-0.000002
-0.000009
-0.000002
-0.000008
-0.000008
-0.000005
-0.000017
-0.000015
-0.000003
0.000004
0.000005
0.000005
0.000001
0.000007
0.000007
0.000007
0.000005
0.000005
0.000007
0.000005
0.000001
-0.000002
-0.000000
-0.000000
-0.000001
0.000002
-0.000039
-0.000090
-0.000104
-0.000132
-0.000121
-0.000023
-0.002739
-0.007054
-0.003866
-0.004782
-0.005710
-0.005986
-0.006176
-0.000789
-0.001438
-0.000801
-0.000261
0.000024
0.000489
0.000174
0.000020
0.000009
0.000007
0.000004
0.000003
0.000007
0.000009
0.000008
0.000007
0.000007
0.000007
0.000009
0.000012
0.000012
0.000011
0.000001
-0.000004
-0.000008
-0.000010
-0.000002
0.000004
0.000009
0.000013
0.000011
0.000012
0.000014
-0.000002
0.000008
0.000002
-0.000002
-0.000000
-0.000008
0.000007
0.000002
-0.000004
-0.000002
-0.000003
0.000000
0.000000
0.000006
0.000007
0.000005
0.000006
0.000009
0.000009
0.000008
0.000006
0.000003
0.000000
0.000000
0.000001
-0.000000
-0.000001
-0.000000
0.000001
-0.000001
-0.000002
-0.000002
-0.000002
0.000259
-0.005177
-0.004873
-0.004940
-0.005815
-0.005828
-0.005519
-0.000841
0.000250
0.000325
0.000284
0.000130
0.000041
0.000009
-0.000001
0.000000
-0.000001
0.000002
0.000003
0.000007
0.000008
0.000008
0.000007
0.000008
0.000004
0.000008
0.000009
0.000012
0.000011
0.000002
0.000000
-0.000001
-0.000002
0.000007
0.000008
0.000010
0.000012
0.000010
0.000011
0.000014
0.000014
0.000015
0.000006
-0.000002
0.000005
-0.000002
0.000003
0.000001
-0.000002
-0.000007
0.000005
0.000009
-0.000002
0.000001
0.000002
0.000007
0.000007
0.000006
0.000009
0.000010
0.000008
0.000004
0.000000
0.000002
0.000001
0.000001
-0.000000
-0.000000
0.000000
0.000000
-0.000001
-0.000005
-0.000005
-0.000007
-0.000057
-0.005310
-0.005283
-0.003439
-0.003276
-0.001201
-0.000301
0.000037
-0.000017
0.000001
-0.000002
-0.000005
-0.000003
-0.000001
-0.000000
0.000000
-0.000001
0.000005
0.000008
0.000008
0.000007
0.000006
0.000006
0.000008
0.000009
0.000009
0.000011
0.000013
0.000008
0.000005
0.000005
0.000011
0.000008
0.000011
0.000012
0.000010
0.000008
0.000012
0.000014
0.000016
0.000015
0.000009
-0.000007
-0.000001
0.000001
-0.000003
0.000002
0.000005
0.000008
0.000007
0.000007
0.000003
0.000000
0.000006
0.000003
0.000009
0.000010
0.000011
0.000011
0.000010
0.000006
0.000001
-0.000001
0.000001
0.000000
0.000001
0.000001
0.000001
0.000000
-0.000003
-0.000004
-0.000002
-0.000004
-0.000003
-0.000792
-0.004166
-0.003238
-0.001511
-0.001589
0.001210
0.000545
0.000044
-0.000003
-0.000005
-0.000003
-0.000001
0.000000
-0.000000
0.000001
0.000004
0.000004
-0.000009
-0.000014
0.000005
0.000006
0.000006
0.000008
0.000008
0.000010
0.000012
0.000015
0.000010
0.000005
0.000006
0.000011
0.000013
0.000014
0.000009
0.000012
0.000012
0.000012
0.000014
0.000013
0.000015
0.000013
0.000008
-0.000002
-0.000000
-0.000007
-0.000002
-0.000002
0.000002
0.000003
0.000003
0.000002
-0.000003
0.000006
0.000008
0.000010
0.000009
0.000009
0.000009
0.000010
0.000008
0.000003
0.000001
0.000001
0.000001
0.000002
0.000002
0.000001
-0.000015
0.000002
-0.000000
-0.000002
-0.000002
-0.000002
-0.000012
-0.000827
-0.002549
-0.000961
0.000676
0.001759
0.000187
0.000006
-0.000001
-0.000002
-0.000001
-0.000001
-0.000002
-0.000001
0.000002
0.000003
0.000004
-0.000024
-0.000072
-0.000004
0.000007
0.000007
0.000007
0.000009
0.000014
0.000018
0.000018
0.000011
0.000011
0.000012
0.000012
0.000012
0.000011
0.000008
0.000012
0.000012
0.000013
0.000013
0.000016
0.000015
0.000014
0.000011
0.000008
0.000003
-0.000001
-0.000002
0.000002
-0.000000
0.000001
0.000003
0.000003
0.000000
0.000003
0.000007
0.000009
0.000010
0.000008
0.000009
0.000008
0.000010
0.000005
-0.000000
0.000000
0.000002
0.000004
0.000003
0.000002
0.000000
0.000001
-0.000001
-0.000001
-0.000002
-0.000000
0.000000
-0.000008
-0.000196
-0.000053
0.001132
0.000537
0.000053
-0.000001
-0.000001
-0.000000
-0.000000
0.000001
-0.000001
-0.000000
-0.000001
0.000002
-0.000009
0.000003
0.000004
0.000007
0.000007
0.000007
0.000007
0.000009
0.000015
0.000020
0.000021
0.000011
0.000010
0.000012
0.000010
0.000012
0.000012
0.000012
0.000012
0.000015
0.000014
0.000014
0.000016
0.000013
0.000014
0.000007
0.000008
0.000006
-0.000000
0.000003
0.000007
0.000002
0.000005
0.000006
0.000008
0.000007
0.000007
0.000009
0.000009
0.000007
0.000007
0.000006
0.000009
0.000009
0.000008
0.000003
0.000002
0.000003
0.000004
0.000003
0.000003
0.000002
0.000001
-0.000000
-0.000002
-0.000001
-0.000002
-0.000005
-0.000022
-0.000002
0.000016
0.000050
0.000191
0.000018
-0.000002
-0.000003
-0.000001
-0.000001
-0.000001
0.000003
0.000002
-0.000001
0.000003
-0.000076
-0.000008
0.000007
0.000005
0.000005
0.000006
0.000007
0.000010
0.000015
0.000010
0.000012
0.000008
0.000010
0.000011
0.000012
0.000010
0.000008
0.000013
0.000016
0.000014
0.000014
0.000015
0.000014
0.000010
0.000003
-0.000004
0.000003
0.000003
0.000005
0.000006
0.000008
0.000007
0.000005
0.000006
0.000005
0.000005
0.000005
0.000005
0.000009
0.000010
0.000008
0.000007
0.000008
0.000010
0.000008
0.000006
0.000002
0.000001
0.000004
0.000002
0.000004
0.000003
0.000000
-0.000008
-0.000000
-0.000000
-0.000004
-0.000001
-0.000003
-0.000003
-0.000003
-0.000000
0.000004
-0.000001
-0.000002
-0.000001
-0.000001
-0.000002
-0.000001
-0.000001
-0.000000
-0.000002
0.000004
0.000001
0.000002
0.000004
0.000005
0.000008
0.000007
0.000009
0.000011
0.000012
0.000010
0.000012
0.000011
0.000011
0.000011
0.000011
0.000009
0.000011
0.000016
0.000014
0.000014
0.000013
0.000014
0.000014
0.000009
0.000004
0.000004
0.000005
0.000007
0.000003
0.000007
0.000010
0.000009
0.000009
0.000006
0.000007
0.000006
0.000008
0.000008
0.000010
0.000011
0.000009
0.000010
0.000009
0.000010
0.000008
0.000007
0.000001
0.000003
0.000002
0.000002
0.000003
0.000002
0.000001
0.000001
0.000001
-0.000001
-0.000002
-0.000003
-0.000002
-0.000002
-0.000003
-0.000001
0.000001
0.000001
0.000010
0.000011
-0.000002
-0.000002
-0.000002
-0.000001
-0.000001
-0.000003
0.000000
0.000002
0.000001
0.000003
0.000005
0.000006
0.000007
0.000011
0.000010
0.000011
0.000011
0.000011
