0.000095
0.000041
-0.000066
0.000632
0.000023
0.000054
0.000096
0.000438
0.000211
0.000282
0.000307
-0.000603
0.000288
0.000296
0.000321
0.000303
0.000333
0.000272
0.000219
0.000143
0.000127
0.000302
0.000473
0.000503
0.000509
0.000435
0.000338
0.000233
0.000190
0.000175
0.000178
0.000243
0.000377
0.000347
0.000327
0.000287
0.000341
0.000376
0.000377
0.000329
0.000286
0.000328
0.000344
0.000309
0.000318
0.000230
0.000292
0.000244
0.000304
0.000315
0.000262
0.000235
0.000327
0.000392
0.000360
0.000336
0.000381
0.000319
0.000322
0.000228
0.000204
0.000167
0.000257
0.000307
0.000455
0.000443
-0.001158
0.000459
0.000404
0.000376
0.000061
0.000263
0.000195
0.000119
0.000045
-0.000008
0.000002
0.000145
0.000162
0.000145
0.000072
0.000123
0.000170
0.000179
0.000295
0.000252
0.000301
0.000255
0.000335
0.000367
0.000378
0.000359
0.000384
0.000315
0.000285
0.000302
0.000404
0.000420
0.000397
0.000408
0.000362
0.000439
0.000342
0.000341
0.000386
0.000326
0.000297
0.000288
0.000325
0.000320
0.000385
0.000409
0.000369
0.000334
0.000335
0.000323
0.000331
0.000320
0.000297
0.000300
0.000271
0.000295
0.000284
0.000302
0.000321
0.000309
0.000354
0.000331
0.000305
0.000360
0.000406
0.000410
0.000371
0.000325
0.000338
0.000317
0.000276
0.000268
0.000339
0.000436
0.000370
0.000317
0.000351
0.000350
0.000351
0.000215
0.000103
0.000070
-0.000026
0.000024
0.000065
0.000068
0.000134
0.000127
0.000107
0.000081
0.000135
0.000236
0.000221
0.000249
0.000250
0.000258
0.000362
0.000374
0.000388
0.000354
0.000395
0.000379
0.000361
0.000363
0.000369
0.000365
0.000401
0.000386
0.000419
0.000393
0.000414
0.000351
0.000290
0.000288
0.000255
0.000302
0.000320
0.000369
0.000402
0.000419
0.000399
0.000358
0.000345
0.000342
0.000303
0.000349
0.000318
0.000320
0.000304
0.000279
0.000286
0.000308
0.000314
0.000311
0.000320
0.000312
0.000286
0.000343
0.000330
0.000351
0.000353
0.000337
0.000338
0.000267
0.000336
0.000266
0.000354
0.000279
0.000297
0.000338
0.000289
0.000333
0.000269
0.000148
0.000122
0.000096
0.000063
0.000040
0.000093
0.000086
0.000091
0.000108
0.000097
0.000114
0.000140
0.000106
0.000156
0.000194
0.000213
0.000307
0.000372
0.000354
0.000346
0.000358
0.000337
0.000384
0.000378
0.000368
0.000322
0.000377
0.000424
0.000386
0.000398
0.000402
0.000380
0.000353
0.000322
0.000307
0.000334
0.000346
0.000356
0.000399
0.000375
0.000431
0.000403
0.000432
0.000382
0.000334
0.000353
0.000331
0.000297
0.000321
0.000259
0.000283
0.000279
0.000308
0.000287
0.000342
0.000306
0.000268
0.000266
0.000302
0.000319
0.000370
0.000368
0.000354
0.000323
0.000356
0.000265
0.000286
0.000297
0.000302
0.000327
0.000343
0.000348
0.000407
0.000069
0.000108
0.000116
0.000063
-0.000024
0.000028
0.000023
0.000070
0.000111
0.000098
0.000026
0.000041
0.000032
0.000148
0.000167
0.000140
0.000277
0.000366
0.000331
0.000320
0.000329
0.000360
0.000392
0.000399
0.000350
0.000292
0.000348
0.000348
0.000341
0.000385
0.000373
0.000343
0.000344
0.000353
0.000309
0.000350
0.000345
0.000342
0.000370
0.000346
0.000394
0.000437
0.000424
0.000416
0.000347
0.000333
0.000306
0.000294
0.000289
0.000236
0.000273
0.000308
0.000284
0.000303
0.000310
0.000239
0.000270
0.000311
0.000314
0.000352
0.000352
0.000405
0.000406
0.000388
0.000383
0.000340
0.000306
0.000331
0.000360
0.000406
0.000433
0.000421
-0.002169
0.000063
0.000056
0.000009
0.000006
0.000018
0.000008
0.000016
0.000085
0.000123
0.000080
0.000052
0.000019
0.000000
0.000074
0.000146
0.000192
0.000200
0.000287
0.000322
0.000310
0.000314
0.000324
0.000410
0.000377
0.000332
0.000329
0.000315
0.000325
0.000309
0.000341
0.000384
0.000377
0.000331
0.000327
0.000355
0.000343
0.000365
0.000345
0.000341
0.000335
0.000377
0.000427
0.000392
0.000345
0.000385
0.000335
0.000364
0.000237
0.000241
0.000273
0.000286
0.000304
0.000316
0.000308
0.000277
0.000291
0.000311
0.000284
0.000330
0.000365
0.000425
0.000436
0.000401
0.000338
0.000340
0.000320
0.000311
0.000330
0.000403
0.000408
0.000374
0.000393
0.000363
-0.000011
-0.000016
0.000006
-0.000014
-0.000019
-0.000011
0.000069
0.000078
0.000148
0.000041
0.000050
0.000029
0.000024
0.000136
0.000201
0.000228
0.000201
0.000292
0.000320
0.000299
0.000313
0.000357
0.000336
0.000356
0.000357
0.000310
0.000290
0.000275
0.000309
0.000314
0.000339
0.000327
0.000327
0.000326
0.000346
0.000336
0.000376
0.000347
0.000316
0.000348
0.000391
0.000394
0.000363
0.000369
0.000338
0.000320
0.000308
0.000285
0.000251
0.000261
0.000269
0.000291
0.000279
0.000304
0.000300
0.000250
0.000205
0.000367
0.000399
0.000421
0.000406
0.000409
0.000390
0.000360
0.000359
0.000360
0.000346
0.000341
0.000364
0.000348
0.000347
0.000391
0.000391
-0.000067
-0.000006
0.000050
0.000002
-0.000057
-0.000037
0.000042
0.000051
0.000081
0.000093
0.000073
0.000069
0.000057
0.000094
0.000191
0.000197
0.000194
0.000263
0.000339
0.000361
0.000315
0.000338
0.000370
0.000365
0.000344
0.000309
0.000251
0.000280
0.000281
0.000308
0.000296
0.000334
0.000325
0.000321
0.000367
0.000320
0.000350
0.000354
0.000340
0.000366
0.000393
0.000389
0.000396
0.000330
0.000411
0.000413
0.000383
0.000286
0.000318
0.000275
0.000309
0.000300
0.000325
0.000382
0.000376
0.000283
0.000221
0.000337
0.000406
0.000382
0.000391
0.000408
0.000397
0.000369
0.000384
0.000353
0.000323
0.000323
0.000374
0.000346
0.000358
0.000380
0.000378
-0.000055
-0.000066
-0.000045
-0.000012
-0.000029
-0.000018
0.000025
0.000004
0.000018
0.000032
0.000024
0.000036
0.000055
0.000105
0.000114
0.000185
0.000199
0.000263
0.000332
0.000388
0.000368
0.000371
0.000387
0.000361
0.000327
0.000318
0.000272
0.000268
0.000291
0.000263
0.000289
0.000299
0.000310
0.000301
0.000277
0.000301
0.000304
0.000345
0.000365
0.000370
0.000399
0.000407
0.000391
0.000362
0.000456
0.000415
0.000391
0.000334
0.000315
0.000280
0.000310
0.000346
0.000354
0.000289
0.000277
0.000299
0.000345
0.000340
0.000392
0.000396
0.000396
0.000415
0.000407
0.000378
0.000323
0.000374
0.000329
0.000352
0.000382
0.000381
0.000356
0.000345
0.001326
-0.000092
-0.000078
-0.000056
-0.000034
0.000007
0.000031
0.000007
0.000041
0.000035
0.000038
0.000029
0.000057
0.000065
0.000075
0.000107
0.000140
0.000200
0.000280
0.000336
0.000404
0.000459
0.000389
0.000379
0.000393
0.000361
0.000342
0.000268
0.000227
0.000267
0.000277
0.000269
0.000250
0.000227
0.000237
0.000278
0.000284
0.000312
0.000345
0.000332
0.000332
0.000357
0.000413
0.000402
0.000366
0.000405
0.000433
0.000434
0.000386
0.000369
0.000322
0.000320
0.000392
0.000434
0.000342
0.000404
0.000355
0.000399
0.000309
0.000409
0.000381
0.000376
0.000432
0.000444
0.000380
0.000322
0.000307
0.000301
0.000322
0.000405
0.000386
0.000397
0.000399
0.000438
-0.000115
-0.000057
-0.000047
-0.000054
-0.000051
-0.000079
-0.000022
-0.000019
-0.000045
-0.000019
0.000080
0.000049
0.000053
0.000114
0.000111
0.000105
0.000137
0.000226
0.000385
0.000437
0.000453
0.000412
0.000413
0.000407
0.000383
0.000362
0.000299
0.000306
0.000305
0.000314
0.000264
0.000235
0.000222
0.000253
0.000264
0.000242
0.000261
0.000320
0.000322
0.000286
0.000288
0.000354
0.000368
0.000387
0.000429
0.000501
0.000492
0.000482
0.000423
0.000383
0.000402
0.000437
0.000445
0.000339
0.000377
0.000360
0.000337
0.000341
0.000424
0.000414
0.000385
0.000419
0.000446
0.000445
0.000330
0.000249
0.000332
0.000442
0.000470
0.000426
0.000434
0.000413
0.000417
-0.000118
-0.000111
-0.000064
-0.000057
-0.000091
-0.000081
-0.000125
-0.000090
-0.000042
0.000006
0.000048
0.000068
0.000044
0.000065
0.000096
0.000104
0.000141
0.000310
0.000400
0.000466
0.000480
0.000442
0.000431
0.000450
0.000410
0.000375
0.000392
0.000415
0.000299
0.000344
0.000294
0.000302
0.000285
0.000263
0.000264
0.000253
0.000253
0.000252
0.000212
0.000159
0.000128
0.000100
0.000306
0.000429
0.000434
0.000465
0.000514
0.000471
0.000413
0.000387
0.000406
0.000493
0.000440
0.000413
0.000402
0.000382
0.000331
0.000380
0.000425
0.000436
0.000399
0.000414
0.000406
0.000433
0.000284
0.000280
0.000417
0.000420
0.000402
0.000371
0.000449
0.000422
0.000456
-0.000117
-0.000110
-0.000126
-0.000082
-0.000130
-0.000077
-0.000098
-0.000100
-0.000076
-0.000012
0.000030
0.000075
0.000090
0.000092
0.000155
0.000172
0.000221
0.000333
0.000454
0.000466
0.000449
0.000467
0.000437
0.000416
0.000418
0.000437
0.000420
0.000428
0.000322
0.000369
0.000389
0.000332
0.000308
0.000268
0.000256
0.000247
0.000221
0.000236
0.000161
0.000076
-0.000009
-0.000082
0.000209
0.000402
0.000483
0.000526
0.000498
0.000491
0.000437
0.000382
0.000371
0.000439
0.000445
0.000428
0.000438
0.000376
0.000285
0.000392
0.000421
0.000424
0.000395
0.000394
0.000403
0.000406
0.000307
0.000321
0.000410
0.000421
0.000372
0.000376
0.000408
0.000398
0.000725
-0.000110
-0.000112
-0.000111
-0.000088
-0.000126
-0.000092
-0.000077
-0.000073
-0.000090
-0.000065
-0.000041
0.000031
0.000073
0.000062
0.000065
0.000141
0.000173
0.000249
0.000388
0.000449
0.000390
0.000379
-0.000395
-0.001104
-0.000777
0.000122
0.000358
0.000416
0.000276
0.000274
0.000281
0.000329
0.000359
0.000314
0.000284
0.000281
0.000296
0.000288
0.000168
-0.000079
-0.000270
-0.000377
-0.000103
0.000341
0.000481
0.000494
0.000530
0.000547
0.000427
0.000388
0.000383
0.000394
0.000390
0.000398
0.000364
0.000351
0.000389
0.000354
0.000428
0.000421
0.000429
0.000396
0.000379
0.000366
0.000344
0.000274
0.000399
0.000419
0.000399
0.000338
0.000322
0.000376
0.000450
-0.000114
-0.000137
-0.000125
-0.000142
-0.000129
-0.000134
-0.000070
-0.000088
-0.000102
-0.000079
-0.000064
-0.000005
0.000056
0.000054
0.000052
0.000083
0.000152
0.000198
0.000325
0.000453
0.000352
-0.001339
-0.015057
-0.019915
-0.021348
-0.017298
-0.005133
-0.000537
0.000242
0.000269
0.000317
0.000336
0.000324
0.000286
0.000261
0.000271
0.000275
0.000248
0.000014
-0.000401
-0.000563
-0.000604
-0.000443
0.000347
0.000460
0.000445
0.000531
0.000502
0.000496
0.000419
0.000392
0.000450
0.000430
0.000356
0.000338
0.000385
0.000408
0.000438
0.000462
0.000454
0.000435
0.000397
0.000382
0.000421
0.000417
0.000335
0.000350
0.000364
0.000330
0.000320
0.000365
0.000442
0.000532
-0.000117
-0.000089
-0.000129
-0.000134
-0.000139
-0.000145
-0.000112
-0.000124
-0.000126
-0.000079
-0.000094
-0.000042
0.000007
0.000071
0.000040
0.000047
0.000130
0.000187
0.000320
0.000398
-0.000272
-0.009299
-0.003398
-0.012903
-0.014750
-0.005332
-0.021208
-0.024630
-0.003561
0.000007
0.000242
0.000249
0.000307
0.000283
0.000250
0.000219
0.000257
0.000242
-0.000005
-0.000777
-0.001330
-0.001114
-0.000670
0.000290
0.000485
0.000534
0.000533
0.000452
0.000473
0.000451
0.000433
0.000472
0.000433
0.000404
0.000335
0.000398
0.000463
0.000502
0.000479
0.000485
0.000445
0.000378
0.000407
0.000433
0.000428
0.000395
0.000357
0.000399
0.000362
0.000417
0.000420
0.000482
0.000585
-0.000129
-0.000119
-0.000125
-0.000139
-0.000161
-0.000159
-0.000155
-0.000110
-0.000077
-0.000087
-0.000082
-0.000060
-0.000050
0.000025
0.000009
0.000035
0.000252
0.000216
0.000334
0.000394
-0.002241
-0.013761
-0.011772
-0.013140
-0.009032
-0.010809
-0.009431
-0.015248
-0.012659
-0.002943
0.000006
0.000221
0.000264
0.000289
0.000223
0.000208
0.000212
0.000236
0.000146
-0.000917
-0.001197
-0.002009
-0.000763
0.000173
0.000407
0.000505
0.000528
0.000477
0.000492
0.000448
0.000472
0.000466
0.000505
0.000443
0.000356
0.000414
0.000439
0.000485
0.000487
0.000480
0.000555
0.000506
0.000339
0.000408
0.000461
0.000455
0.000427
0.000473
0.000525
0.000471
0.000503
0.000624
-0.001100
-0.000149
-0.000146
-0.000151
-0.000137
-0.000162
-0.000171
-0.000152
-0.000126
-0.000103
-0.000082
-0.000055
-0.000086
-0.000047
-0.000000
0.000133
0.000196
0.000328
0.000324
0.000561
0.000411
0.000308
0.000278
-0.000293
-0.000641
-0.000121
0.003047
0.001774
-0.007650
-0.000420
0.000110
0.000193
0.000196
0.000219
0.000213
0.000217
0.000256
0.000279
0.000306
0.000216
-0.000416
-0.000739
-0.000685
-0.000340
0.000109
0.000342
0.000504
0.000561
0.000536
0.000527
0.000489
0.000476
0.000504
0.000469
0.000434
0.000434
0.000477
0.000471
0.000627
0.000545
0.000458
0.000492
0.000460
0.000396
0.000405
0.000461
0.000521
0.000507
0.000548
0.000548
0.000485
0.000567
0.000511
0.000618
-0.000169
-0.000134
-0.000146
-0.000149
-0.000164
-0.000176
-0.000136
-0.000148
-0.000135
-0.000135
-0.000127
-0.000114
-0.000113
0.000223
-0.000407
-0.000578
0.000482
0.001011
0.000727
0.000633
0.000306
0.000267
0.000545
0.000616
0.000593
0.002096
0.003249
-0.001430
0.000129
0.000138
0.000078
0.000150
0.000238
0.000349
0.000741
0.001701
0.001413
0.001747
0.000849
0.000064
-0.000326
-0.000320
-0.000203
0.000074
0.000317
0.000467
0.000511
0.000597
0.000532
0.000472
0.000455
0.000487
0.000504
0.000513
0.000466
0.000485
0.000414
0.000513
0.000514
0.000515
0.000541
0.000516
0.000501
0.000441
0.000537
0.000513
0.000590
0.000538
0.000592
0.000539
0.000558
0.000540
0.000668
-0.000244
-0.000215
-0.000181
-0.000188
-0.000185
-0.000160
-0.000184
-0.000181
-0.000181
-0.000174
-0.000099
-0.000132
0.000180
-0.000071
-0.000092
0.000731
0.001726
0.000623
0.000647
0.000725
0.000564
0.000314
0.000360
0.000539
0.000309
-0.000029
-0.001169
0.000184
0.000377
0.000066
-0.002427
-0.000453
0.001359
0.003048
0.006896
0.008780
0.003759
0.006063
0.003231
0.000719
-0.000119
-0.000157
-0.000054
0.000128
0.000406
0.000505
0.000557
0.000588
0.000508
0.000463
0.000487
0.000503
0.000507
0.000549
0.000497
0.000425
0.000434
0.000385
0.000480
0.000526
0.000525
0.000534
0.000573
0.000481
0.000553
0.000537
0.000530
0.000575
0.000633
0.000580
0.000592
0.000591
0.000569
-0.000218
-0.000220
-0.000197
-0.000169
-0.000202
-0.000202
-0.000207
-0.000215
-0.000188
-0.000184
-0.000138
0.000225
-0.000247
-0.000116
0.004552
0.005901
0.005216
0.001003
0.000585
0.000714
0.000680
0.000379
0.000342
0.000302
-0.004116
-0.007329
-0.003039
0.001648
0.002195
-0.000178
-0.001366
-0.000123
0.001795
0.005349
0.005356
0.007495
0.005807
0.005201
0.002634
0.003258
0.000175
0.000004
0.000067
0.000211
0.000339
0.000495
0.000547
0.000590
0.000524
0.000555
0.000480
0.000447
0.000455
0.000490
0.000491
0.000410
0.000490
0.000426
0.000490
0.000520
0.000556
0.000551
0.000563
0.000495
0.000533
0.000611
0.000646
0.000679
0.000686
0.000611
0.000613
0.000621
-0.000596
-0.000233
-0.000245
-0.000193
-0.000235
-0.000230
-0.000202
-0.000215
-0.000230
-0.000225
-0.000202
-0.000137
-0.000243
-0.000247
-0.000081
0.003810
0.005130
0.008025
0.002417
0.000952
0.000918
0.000873
0.000499
0.000018
-0.004073
-0.005838
-0.002176
-0.001650
0.000477
0.002456
0.000586
0.000858
-0.000652
-0.000910
0.000514
0.002126
0.001949
-0.000306
-0.002089
-0.002580
0.000111
0.000323
0.000086
0.000138
0.000249
0.000236
0.000284
0.000445
0.000564
0.000546
0.000569
0.000526
0.000447
0.000450
0.000495
0.000497
0.000469
0.000508
0.000414
0.000511
0.000491
0.000660
0.000658
0.000636
0.000593
0.000659
0.000764
0.000685
0.000696
0.000628
0.000585
0.000662
0.000728
0.000756
-0.000234
-0.000219
-0.000228
-0.000261
-0.000234
-0.000220
-0.000243
-0.000249
-0.000231
-0.000204
-0.000202
-0.000237
-0.000252
-0.000186
0.001611
0.009073
0.009650
0.005144
0.001350
0.001085
0.000667
0.001934
0.000519
0.000685
0.000397
0.001843
-0.000366
-0.001081
-0.000761
-0.001321
-0.001287
-0.001845
-0.002160
-0.002145
-0.000824
-0.000509
-0.002010
-0.003473
-0.005091
-0.001593
-0.000306
0.000171
0.000301
0.000399
0.000354
0.000411
0.000447
0.000474
0.000540
0.000632
0.000569
0.000510
0.000496
0.000461
0.000525
0.000535
0.000588
0.000510
0.000492
0.000451
0.000675
0.000642
0.000661
0.000835
0.000769
0.000657
0.000688
0.000688
0.000630
0.000581
0.000688
0.000747
0.000619
-0.000176
-0.000203
-0.000246
-0.000245
-0.000253
-0.000255
-0.000275
-0.000276
-0.000251
-0.000243
-0.000223
-0.000245
-0.000252
-0.000239
0.002442
0.011728
0.009704
0.006759
0.001761
0.000560
0.006202
0.008192
0.003157
0.001192
0.001868
0.006780
0.003850
0.000568
-0.000613
-0.001403
-0.001845
-0.002513
-0.002049
-0.001880
-0.002501
-0.001718
-0.002644
-0.002740
-0.003861
-0.001552
-0.000782
0.000220
0.000301
0.000366
0.000362
0.000463
0.000401
0.000466
0.000534
0.000576
0.000514
0.000558
0.000485
0.000467
0.000490
0.000579
0.000581
0.000580
0.000612
0.000592
0.000739
0.000652
0.000703
0.000871
0.000616
0.000588
0.000593
0.000625
0.000684
0.000717
0.000722
0.000714
0.000571
-0.000064
-0.000166
-0.000250
-0.000284
-0.000258
-0.000255
-0.000272
-0.000276
-0.000269
-0.000256
-0.000248
-0.000248
-0.000285
-0.000296
0.000141
0.005207
0.007166
0.001682
0.000147
0.006451
0.008038
0.009007
0.007163
0.002085
0.004108
0.008098
0.007740
0.003437
0.000012
-0.000745
-0.001291
-0.001935
-0.002287
-0.002160
-0.003161
-0.002726
-0.002666
-0.002563
-0.002892
-0.002300
-0.000972
0.000217
0.000338
0.000329
0.000376
0.000543
0.000890
0.000543
0.000583
0.000571
0.000487
0.000511
0.000531
0.000548
0.000525
0.000564
0.000601
0.000631
0.000676
0.000733
0.000768
0.000630
0.000745
0.000789
0.000705
0.000359
0.000637
0.000786
0.000908
0.000712
0.000540
0.000708
0.000629
-0.000044
-0.000126
-0.000236
-0.000297
-0.000269
-0.000258
-0.000264
-0.000276
-0.000274
-0.000275
-0.000266
-0.000266
-0.000278
-0.000296
-0.000241
0.001177
0.000043
-0.000002
-0.000182
0.000120
0.000045
0.000240
0.001214
0.001585
0.001642
0.009833
0.010705
0.003828
0.000505
-0.000471
-0.001013
-0.001487
-0.002404
-0.002395
-0.002296
-0.003666
-0.003230
-0.002966
-0.003289
-0.006851
-0.002160
-0.000275
0.000439
0.000420
0.000373
0.000443
0.000861
0.000579
0.000624
0.000558
0.000567
0.000545
0.000573
0.000572
0.000584
0.000618
0.000735
0.000732
0.000649
0.000725
0.000689
0.000852
0.000772
0.000770
0.000774
0.000408
0.000722
0.000893
0.000860
0.000731
0.000591
0.000570
0.000604
-0.000026
-0.000077
-0.000214
-0.000280
-0.000294
-0.000271
-0.000256
-0.000274
-0.000278
-0.000277
-0.000260
-0.000269
-0.000259
-0.000215
-0.000199
-0.000217
-0.000226
-0.000193
-0.000179
-0.000210
-0.000220
-0.000372
-0.000253
-0.000403
0.000571
0.005689
0.008681
0.006469
0.002487
0.001481
0.000963
-0.005144
-0.003422
-0.001656
-0.001889
-0.002065
-0.008166
-0.004972
-0.010884
-0.014065
-0.014791
-0.014375
-0.001755
-0.000399
0.000455
0.000696
0.000794
-0.003951
-0.002300
0.001244
0.000600
0.000598
0.000649
0.000682
0.000724
0.000724
0.000779
0.000788
0.000804
0.000747
0.000737
0.000743
0.000832
0.000819
0.000750
0.000622
0.000667
0.000731
0.000757
0.000670
0.000618
0.000549
0.000497
-0.000019
-0.000046
-0.000156
-0.000258
-0.000279
-0.000294
-0.000272
-0.000279
-0.000276
-0.000265
-0.000266
-0.000258
-0.000253
-0.000246
-0.000229
-0.000240
-0.000230
-0.000210
-0.000177
-0.000190
-0.000193
-0.000127
0.000104
0.005343
-0.000839
-0.001653
-0.000884
-0.001970
-0.002982
-0.005718
-0.010529
-0.008439
-0.005755
-0.003759
-0.004744
-0.002817
-0.010352
-0.009402
-0.011455
-0.016140
-0.017338
-0.017120
-0.016049
-0.011233
-0.000175
0.000751
0.000842
-0.001526
-0.001064
0.005309
0.000613
0.000742
0.000653
0.000748
0.000710
0.000670
0.000801
0.000844
0.000822
0.000751
0.000595
0.000724
0.000806
0.000841
0.000806
0.000782
0.000619
0.000678
0.000699
0.000740
0.000621
0.000691
0.000544
-0.000012
0.000040
-0.000086
-0.000213
-0.000248
-0.000288
-0.000282
-0.000283
-0.000281
-0.000274
-0.000264
-0.000259
-0.000273
-0.000261
-0.000238
-0.000246
-0.000253
-0.000257
-0.000200
-0.000162
0.000119
0.000783
0.007994
0.012545
0.002436
-0.000111
0.000922
-0.001516
-0.003150
-0.005810
-0.012303
-0.009628
-0.007177
-0.005472
-0.005038
-0.004394
-0.002118
-0.010852
-0.011124
-0.016762
-0.016695
-0.016033
-0.019184
-0.015535
-0.008714
0.000863
0.000904
-0.000164
-0.001579
0.001219
-0.003951
0.000664
0.000766
0.000797
0.000794
0.000785
0.000775
0.000886
0.000765
0.000765
0.000627
0.000587
0.000690
0.000854
0.000876
0.000831
0.000667
0.000800
0.000859
0.000797
0.000775
0.000643
0.000556
-0.000012
0.000017
-0.000077
-0.000174
-0.000257
-0.000287
-0.000282
-0.000269
-0.000271
-0.000271
-0.000265
-0.000271
-0.000275
-0.000262
-0.000246
-0.000246
-0.000247
-0.000247
-0.000178
0.000053
0.000141
0.001325
0.008701
0.014300
0.006471
0.003076
0.002442
0.001565
-0.002631
-0.005376
-0.013495
-0.011081
-0.008639
-0.006456
-0.005251
-0.005014
-0.004335
-0.002651
-0.000957
-0.014310
-0.014517
-0.014598
-0.018390
-0.016785
-0.012651
-0.006535
0.000551
-0.000768
-0.003254
-0.001617
-0.007773
-0.005977
0.000203
0.000726
0.000794
0.000743
0.000752
0.000591
0.000670
0.000660
0.000610
0.000576
0.000698
0.000933
0.000874
0.000766
0.000772
0.000824
0.000903
0.000811
0.000826
0.000672
0.000644
-0.000001
0.000002
-0.000011
-0.000137
-0.000239
-0.000285
-0.000292
-0.000281
-0.000267
-0.000264
-0.000262
-0.000271
-0.000258
-0.000268
-0.000266
-0.000259
-0.000238
-0.000148
-0.000187
-0.000148
0.000258
0.006505
0.012255
0.017854
0.012197
0.005047
0.002995
0.005578
-0.000036
-0.005836
-0.012830
-0.011367
-0.007403
-0.006359
-0.005812
-0.005585
-0.004263
-0.004382
-0.003721
-0.003728
-0.003559
-0.002754
-0.010443
-0.008939
-0.008929
-0.012567
0.000801
-0.003078
-0.003472
-0.003329
-0.009672
-0.010520
-0.007678
0.000247
0.000467
0.000737
0.000736
0.000635
0.000724
0.000606
0.000730
0.000655
0.000814
0.000824
0.000726
0.000835
0.000920
0.000856
0.000883
0.000842
0.000886
0.000498
0.000495
0.000011
-0.000019
-0.000014
-0.000129
-0.000195
-0.000255
-0.000302
-0.000277
-0.000237
-0.000250
-0.000253
-0.000265
-0.000267
-0.000268
-0.000254
-0.000239
-0.000160
-0.000201
-0.000224
-0.000180
0.000035
0.004392
0.011757
0.018774
0.017109
0.006404
0.002674
0.004509
-0.000895
-0.006001
-0.012692
-0.012301
-0.006215
-0.005812
-0.006086
-0.005503
-0.004826
-0.004884
-0.004240
-0.005401
-0.006076
-0.005853
-0.005758
-0.005613
-0.005765
-0.004028
-0.006164
-0.004474
-0.000958
-0.004491
-0.009475
-0.010783
-0.011851
-0.006571
-0.004107
0.000382
0.000689
0.000801
0.000784
0.000719
0.000692
0.000721
0.000692
0.000679
0.000764
0.000852
0.000880
0.000921
0.000899
0.000847
0.000609
0.000478
0.000428
-0.000017
-0.000050
-0.000020
-0.000063
-0.000168
-0.000236
-0.000281
-0.000256
-0.000238
-0.000254
-0.000250
-0.000265
-0.000250
-0.000166
-0.000222
-0.000180
-0.000200
-0.000221
-0.000242
-0.000224
-0.000336
-0.000639
0.003217
0.015420
0.020429
0.009733
0.003886
0.002934
0.000161
-0.005413
-0.011636
-0.012130
-0.008747
-0.006155
-0.006095
-0.005866
-0.005222
-0.005687
-0.005712
-0.006448
-0.007277
-0.007068
-0.006887
-0.007264
-0.006951
-0.005065
-0.002392
-0.004377
0.001576
-0.005077
-0.008677
-0.010069
-0.009840
-0.005031
-0.005836
-0.003078
0.000502
0.000780
0.000660
0.000769
0.000858
0.000955
0.000802
0.000695
0.000819
0.000843
0.000822
0.000909
0.000699
0.000556
0.000563
0.000506
0.000517
-0.000040
-0.000063
-0.000036
-0.000025
-0.000059
-0.000004
-0.000003
-0.000008
0.000327
-0.000190
-0.000170
-0.000239
-0.000054
-0.000247
-0.000234
-0.000239
-0.000241
-0.000244
-0.000305
-0.000287
-0.000230
-0.000299
0.000365
0.011208
0.016024
0.013532
0.005135
0.002917
0.004341
-0.002698
-0.010227
-0.011458
-0.008014
-0.006414
-0.006359
-0.006746
-0.006351
-0.005820
-0.005930
-0.006800
-0.007046
-0.007043
-0.006401
-0.006818
-0.007020
-0.007028
-0.004954
-0.003515
-0.003392
-0.006466
-0.007575
-0.008501
-0.008134
-0.006246
-0.005985
-0.004199
-0.003184
-0.002357
0.000479
0.000702
0.000702
0.000852
0.000872
0.000764
0.000848
0.000761
0.000742
0.000753
0.000538
0.000605
0.000684
0.000636
0.000641
-0.000009
-0.000078
-0.000067
-0.000029
-0.000045
-0.000021
-0.000039
-0.000054
-0.000055
0.000012
0.000016
0.000389
-0.000074
-0.000248
-0.000246
-0.000260
-0.000185
-0.000189
-0.000226
-0.000257
-0.000239
0.000296
0.000260
0.000506
0.000758
0.000483
0.000323
0.001220
0.001320
-0.005068
-0.008101
-0.010774
-0.007214
-0.005870
-0.005754
-0.005866
-0.005927
-0.005589
-0.005597
-0.006487
-0.006612
-0.006792
-0.006913
-0.006360
-0.007296
-0.005803
-0.005188
-0.004587
-0.000266
-0.006133
-0.006608
-0.007323
-0.007950
-0.005835
-0.005593
-0.003479
-0.003364
-0.003653
-0.003174
-0.002030
-0.000536
0.000856
0.000946
0.000818
0.000789
0.000757
0.000796
0.000813
0.000617
0.000588
0.000634
0.000711
0.000615
-0.000016
-0.000085
-0.000088
-0.000061
-0.000058
-0.000065
-0.000045
-0.000043
-0.000049
-0.000048
0.000034
0.000039
0.000226
0.000249
0.000429
-0.000152
0.000407
0.000316
0.000305
0.000275
0.000149
0.000074
0.000087
0.000075
0.000088
0.000057
-0.000014
-0.000183
0.003196
0.001081
0.001376
-0.007386
-0.007354
-0.005400
-0.004845
-0.005255
-0.005384
-0.005925
-0.004572
-0.006272
-0.007098
-0.007596
-0.007080
-0.006524
-0.006063
-0.005795
-0.005218
-0.004380
-0.002528
-0.003572
-0.005321
-0.006430
-0.005838
0.001887
-0.000089
-0.001005
-0.001673
-0.002339
-0.002359
-0.000875
0.005973
0.005927
0.001047
0.000798
0.000729
0.000741
0.000809
0.000779
0.000614
0.000583
0.000605
0.000733
0.000767
-0.000058
-0.000081
-0.000092
-0.000059
-0.000064
-0.000037
-0.000072
-0.000048
-0.000034
-0.000065
-0.000003
0.000023
0.000002
0.000017
0.000054
0.000043
0.000019
0.000019
0.000017
-0.000009
0.000021
0.000060
0.000076
0.000018
0.000046
0.000030
0.000062
0.000121
0.000253
0.000256
0.000425
0.000706
0.000536
0.001368
-0.000398
-0.001262
-0.000442
-0.002598
-0.002742
-0.005044
-0.006859
-0.006794
-0.004784
-0.004886
-0.005958
-0.005189
-0.004266
-0.003127
-0.003657
-0.002921
-0.003870
-0.005859
0.002644
0.011318
0.008142
0.003457
0.003130
0.004241
0.005495
0.005094
0.007543
0.002209
0.001250
0.001021
0.000842
0.000957
0.001034
0.000875
0.000790
0.000645
0.000589
0.000777
0.000770
-0.000064
-0.000063
-0.000087
-0.000071
-0.000040
-0.000044
-0.000035
0.000015
0.000051
0.000013
-0.000039
0.000008
0.000042
0.000063
0.000061
0.000040
0.000046
0.000043
0.000015
0.000004
-0.000001
0.000041
0.000032
-0.000011
0.000001
0.000005
0.000029
0.000055
0.000080
0.000107
0.000150
0.000221
0.000217
0.000346
0.000148
0.000194
0.000243
0.000018
-0.000108
-0.000011
0.000075
-0.000026
-0.000447
-0.000720
-0.004461
-0.004298
-0.003383
-0.003121
-0.003533
-0.005100
-0.005693
-0.004037
0.002426
0.006220
0.000483
-0.000359
-0.000955
0.000638
0.001642
0.001885
0.001697
0.001215
0.001245
0.001208
0.001008
0.001004
0.001024
0.001113
0.000963
0.000531
0.000413
0.000435
0.000687
-0.000047
0.000000
-0.000064
-0.000059
-0.000062
-0.000020
0.000060
0.000142
0.000133
0.000072
0.000038
0.000013
0.000013
0.000028
0.000087
0.000052
0.000037
0.000030
0.000028
0.000025
0.000010
0.000056
0.000017
-0.000011
-0.000009
-0.000003
-0.000092
0.000042
0.000071
0.000138
0.000139
0.000140
0.000185
0.000267
0.000242
0.000228
0.000250
0.000284
0.000316
0.000230
0.000356
0.000504
0.000474
0.000493
-0.000154
-0.003839
-0.004289
-0.005243
-0.006115
-0.006323
-0.007252
-0.001393
0.004485
-0.001262
0.000791
0.001239
0.001195
0.001275
0.001378
0.001326
0.001249
0.001110
0.001151
0.001054
0.000986
0.001073
0.001128
0.000969
0.000631
0.000118
0.000405
0.000253
0.000558
-0.000004
-0.000015
-0.000030
-0.000055
-0.000034
0.000059
0.000124
0.000155
0.000149
0.000099
0.000069
0.000088
0.000063
0.000012
0.000042
0.000081
0.000050
0.000028
0.000007
-0.000004
0.000004
0.000027
0.000032
-0.000002
0.000001
-0.000020
0.000018
0.000044
0.000076
0.000090
0.000156
0.000194
0.000240
0.000263
0.000214
0.000243
0.000320
0.000274
0.000262
0.000228
0.000324
0.000479
0.000448
0.000392
0.000409
0.000379
-0.003960
-0.004639
-0.006407
-0.006892
-0.004322
-0.002318
0.000738
0.001007
0.001142
0.001238
0.001328
0.001227
0.001280
0.001373
0.001217
0.000835
0.000845
0.000893
0.000998
0.000998
0.001048
0.000820
0.000727
0.000319
0.000468
0.000429
0.000488
0.000044
0.000034
0.000053
0.000053
0.000059
0.000093
0.000138
0.000117
0.000139
0.000110
0.000091
0.000096
0.000139
0.000072
0.000016
0.000022
0.000060
0.000054
0.000035
0.000032
-0.000006
0.000011
0.000050
0.000018
0.000031
0.000019
0.000013
0.000070
0.000055
0.000097
0.000157
0.000202
0.000287
0.000254
0.000313
0.000245
0.000254
0.000228
0.000217
0.000229
0.000312
0.000513
0.000510
0.000404
0.000416
0.000431
0.001158
-0.003781
-0.004502
-0.002172
-0.000266
-0.001699
0.000126
0.001062
0.001106
0.001050
0.001026
0.001152
0.001323
0.001267
0.001138
0.000807
0.000763
0.000981
0.000838
0.000905
0.001014
0.000985
0.001049
0.000945
0.000719
0.000706
0.000696
0.000055
0.000064
0.000094
0.000113
0.000100
0.000088
0.000141
0.000109
0.000121
0.000103
0.000119
0.000107
0.000166
0.000141
0.000109
-0.000008
0.000067
0.000038
0.000052
0.000057
0.000023
0.000049
0.000047
0.000054
0.000037
0.000104
0.000067
0.000030
0.000121
0.000096
0.000163
0.000198
0.000204
0.000224
0.000255
0.000211
0.000270
0.000141
0.000223
0.000321
0.000475
0.000510
0.000520
0.000472
0.000399
0.000398
0.000456
0.000733
0.001934
0.001868
-0.002047
-0.000612
-0.000180
0.000796
0.000913
0.000977
0.000836
0.001067
0.001277
0.001185
0.001229
0.000628
0.000894
0.000840
0.000924
0.000717
0.000929
0.001025
0.001102
0.000925
0.000796
0.000984
0.000953
0.000079
0.000092
0.000120
0.000131
0.000120
0.000068
0.000095
0.000127
0.000065
0.000117
0.000103
0.000097
0.000144
0.000116
0.000061
-0.000027
0.000028
0.000054
0.000059
0.000039
0.000027
0.000055
0.000020
0.000091
0.000039
0.000053
0.000072
-0.000010
0.000063
0.000105
0.000166
0.000192
0.000159
0.000183
0.000164
0.000197
0.000248
0.000352
0.000269
0.000418
0.000426
0.000519
0.000412
0.000373
0.000418
0.000533
0.000524
0.000458
-0.000023
0.000612
0.000723
0.000125
0.000509
0.000729
0.000936
0.001202
0.000972
0.001135
0.001265
0.001258
0.001119
0.000928
0.001152
0.000817
0.001071
0.000899
0.000814
0.001043
0.001093
0.000997
0.000956
0.001016
0.001125
0.000092
0.000087
0.000113
0.000135
0.000124
0.000073
0.000084
0.000153
0.000159
0.000126
0.000089
0.000101
0.000116
0.000078
-0.000025
-0.000040
0.000041
0.000081
0.000038
0.000010
0.000033
0.000071
0.000028
0.000077
0.000087
0.000071
0.000128
0.000116
0.000092
0.000179
0.000218
0.000220
0.000186
0.000092
0.000177
0.000132
0.000232
0.000393
0.000317
0.000161
0.000400
0.000274
0.000337
0.000298
0.000337
0.000417
0.000615
0.000592
0.000560
0.000560
0.000792
0.000834
0.000777
0.000750
0.001050
0.001239
0.001200
0.001192
0.001242
0.001214
0.001132
0.001259
0.001345
0.000997
0.000988
0.001044
0.000847
0.001052
0.001092
0.001104
0.000942
0.001117
0.000934
0.000098
0.000092
0.000091
0.000134
0.000114
0.000078
0.000067
0.000088
0.000130
0.000058
0.000062
0.000058
0.000023
-0.000048
-0.000061
-0.000029
0.000039
0.000104
0.000106
0.000032
0.000059
0.000061
0.000006
0.000021
0.000072
0.000113
0.000127
0.000070
-0.000028
0.000119
0.000093
0.000118
0.000089
0.000133
0.000120
0.000147
0.000239
0.000358
0.000184
0.000162
0.000112
0.000221
0.000209
0.000310
0.000192
0.000264
0.000454
0.000609
0.000546
0.000919
0.000825
0.000534
0.000749
0.000631
0.001019
0.001288
0.001351
0.001251
0.001057
0.001120
0.001394
0.001225
0.001110
0.001060
0.001073
0.001153
0.001007
0.000912
0.000995
0.001231
0.001234
0.001018
0.000916
0.000121
0.000088
0.000116
0.000146
0.000110
0.000105
0.000086
0.000080
0.000097
0.000129
0.000105
0.000050
-0.000025
-0.000075
-0.000088
-0.000024
0.000090
0.000075
0.000091
0.000081
0.000074
0.000071
0.000079
0.000069
-0.000016
0.000101
0.000217
0.000245
0.000079
0.000180
0.000070
0.000116
0.000147
0.000100
0.000016
0.000220
0.000273
0.000216
0.000186
0.000048
0.000061
0.000056
0.000091
0.000250
0.000405
0.000425
0.000611
0.000750
0.000810
0.000856
0.000999
0.000694
0.000589
0.001024
0.001077
0.001150
0.001276
0.001292
0.001309
0.001444
0.001314
0.001208
0.000965
0.000941
0.001042
0.001108
0.001080
0.000890
0.001002
0.001388
0.001212
0.000850
0.000870
