0.000143
0.000118
0.000106
0.000632
0.000120
0.000101
0.000107
0.000438
0.000104
0.000085
0.000095
-0.000603
0.000102
0.000094
0.000084
0.000055
0.000048
0.000042
0.000041
0.000030
0.000037
0.000034
0.000044
0.000045
0.000026
0.000031
0.000035
0.000029
0.000037
0.000037
0.000029
0.000014
0.000016
0.000021
0.000032
0.000032
0.000045
0.000044
0.000036
0.000045
0.000040
0.000033
0.000029
0.000026
0.000020
0.000020
0.000022
0.000029
0.000028
0.000027
0.000028
0.000020
0.000023
0.000021
0.000026
0.000033
0.000036
0.000038
0.000028
0.000030
0.000030
0.000026
0.000026
0.000028
0.000028
0.000036
-0.001158
0.000031
0.000031
0.000025
0.000061
0.000034
0.000195
0.000104
0.000090
0.000084
0.000089
0.000096
0.000095
0.000112
0.000095
0.000061
0.000073
0.000083
0.000089
0.000085
0.000095
0.000073
0.000070
0.000053
0.000038
0.000029
0.000034
0.000037
0.000042
0.000053
0.000050
0.000038
0.000039
0.000044
0.000045
0.000056
0.000052
0.000045
0.000052
0.000051
0.000045
0.000039
0.000043
0.000049
0.000050
0.000044
0.000037
0.000035
0.000028
0.000023
0.000026
0.000028
0.000024
0.000020
0.000022
0.000022
0.000026
0.000024
0.000023
0.000020
0.000015
0.000017
0.000028
0.000031
0.000025
0.000024
0.000023
0.000022
0.000022
0.000024
0.000022
0.000019
0.000022
0.000024
0.000025
0.000025
0.000023
0.000023
0.000027
0.000030
0.000101
0.000105
0.000091
0.000086
0.000087
0.000061
0.000094
0.000078
0.000066
0.000071
0.000078
0.000096
0.000086
0.000086
0.000075
0.000061
0.000058
0.000045
0.000034
0.000033
0.000043
0.000041
0.000047
0.000047
0.000038
0.000044
0.000043
0.000042
0.000054
0.000048
0.000045
0.000045
0.000044
0.000040
0.000042
0.000046
0.000052
0.000049
0.000042
0.000036
0.000028
0.000020
0.000030
0.000026
0.000022
0.000023
0.000024
0.000021
0.000024
0.000025
0.000022
0.000021
0.000015
0.000013
0.000013
0.000024
0.000022
0.000018
0.000019
0.000027
0.000023
0.000027
0.000023
0.000022
0.000025
0.000025
0.000024
0.000022
0.000023
0.000025
0.000026
0.000025
0.000036
0.000113
0.000104
0.000086
0.000089
0.000088
0.000075
0.000079
0.000064
0.000068
0.000069
0.000075
0.000089
0.000091
0.000075
0.000065
0.000052
0.000050
0.000053
0.000044
0.000044
0.000050
0.000049
0.000049
0.000043
0.000037
0.000043
0.000045
0.000043
0.000056
0.000057
0.000056
0.000050
0.000047
0.000045
0.000045
0.000047
0.000043
0.000047
0.000045
0.000030
0.000025
0.000012
0.000020
0.000025
0.000027
0.000020
0.000021
0.000023
0.000023
0.000026
0.000026
0.000021
0.000016
0.000019
0.000023
0.000018
0.000015
0.000021
0.000019
0.000018
0.000024
0.000017
0.000026
0.000021
0.000028
0.000025
0.000022
0.000024
0.000026
0.000026
0.000025
0.000025
0.000036
0.000117
0.000108
0.000096
0.000086
0.000083
0.000083
0.000074
0.000066
0.000065
0.000055
0.000075
0.000088
0.000081
0.000059
0.000068
0.000050
0.000048
0.000052
0.000045
0.000042
0.000041
0.000057
0.000050
0.000046
0.000038
0.000047
0.000046
0.000047
0.000054
0.000065
0.000063
0.000057
0.000045
0.000040
0.000044
0.000044
0.000061
0.000044
0.000039
0.000025
0.000019
0.000013
0.000017
0.000019
0.000020
0.000021
0.000024
0.000023
0.000022
0.000023
0.000022
0.000020
0.000022
0.000022
0.000028
0.000012
0.000013
0.000022
0.000021
0.000019
0.000030
0.000024
0.000023
0.000022
0.000019
0.000019
0.000022
0.000023
0.000023
0.000022
0.000025
0.000026
-0.002169
0.000102
0.000099
0.000099
0.000087
0.000070
0.000076
0.000077
0.000080
0.000069
0.000079
0.000077
0.000061
0.000052
0.000063
0.000055
0.000055
0.000049
0.000060
0.000057
0.000048
0.000052
0.000058
0.000050
0.000046
0.000044
0.000048
0.000049
0.000047
0.000055
0.000055
0.000061
0.000053
0.000044
0.000036
0.000042
0.000049
0.000048
0.000042
0.000039
0.000030
0.000025
0.000018
0.000019
0.000025
0.000026
0.000025
0.000027
0.000029
0.000024
0.000022
0.000019
0.000015
0.000021
0.000014
0.000024
0.000017
0.000016
0.000023
0.000022
0.000017
0.000026
0.000024
0.000021
0.000016
0.000016
0.000021
0.000024
0.000025
0.000021
0.000025
0.000026
0.000026
0.000035
0.000097
0.000087
0.000087
0.000059
0.000085
0.000089
0.000090
0.000091
0.000100
0.000081
0.000063
0.000057
0.000049
0.000055
0.000064
0.000065
0.000052
0.000062
0.000057
0.000059
0.000053
0.000056
0.000057
0.000051
0.000040
0.000048
0.000051
0.000049
0.000051
0.000051
0.000048
0.000039
0.000038
0.000035
0.000037
0.000047
0.000046
0.000039
0.000032
0.000034
0.000031
0.000035
0.000022
0.000027
0.000029
0.000029
0.000022
0.000029
0.000024
0.000027
0.000020
0.000017
0.000021
0.000018
0.000022
0.000022
0.000022
0.000019
0.000021
0.000024
0.000019
0.000028
0.000023
0.000024
0.000016
0.000017
0.000019
0.000021
0.000022
0.000032
0.000031
0.000027
0.000040
0.000080
0.000087
0.000092
0.000085
0.000081
0.000085
0.000094
0.000106
0.000103
0.000078
0.000064
0.000055
0.000047
0.000052
0.000054
0.000056
0.000046
0.000050
0.000063
0.000054
0.000049
0.000049
0.000035
0.000043
0.000053
0.000046
0.000053
0.000055
0.000049
0.000049
0.000043
0.000031
0.000029
0.000036
0.000039
0.000040
0.000039
0.000042
0.000035
0.000042
0.000029
0.000037
0.000038
0.000038
0.000026
0.000027
0.000026
0.000024
0.000019
0.000025
0.000029
0.000018
0.000017
0.000016
0.000023
0.000023
0.000022
0.000022
0.000020
0.000021
0.000022
0.000023
0.000023
0.000019
0.000023
0.000021
0.000019
0.000018
0.000020
0.000032
0.000026
0.000032
0.000032
0.000075
0.000089
0.000093
0.000095
0.000092
0.000083
0.000091
0.000099
0.000104
0.000077
0.000052
0.000043
0.000043
0.000051
0.000054
0.000050
0.000040
0.000048
0.000056
0.000059
0.000060
0.000045
0.000042
0.000036
0.000061
0.000053
0.000051
0.000056
0.000050
0.000049
0.000039
0.000026
0.000032
0.000022
0.000026
0.000034
0.000040
0.000044
0.000040
0.000039
0.000037
0.000038
0.000039
0.000037
0.000029
0.000026
0.000026
0.000026
0.000025
0.000022
0.000032
0.000028
0.000023
0.000019
0.000023
0.000025
0.000024
0.000026
0.000022
0.000020
0.000020
0.000028
0.000020
0.000022
0.000023
0.000028
0.000013
0.000018
0.000028
0.000029
0.000027
0.000022
0.001326
0.000056
0.000081
0.000085
0.000095
0.000094
0.000086
0.000102
0.000104
0.000100
0.000089
0.000062
0.000046
0.000043
0.000051
0.000046
0.000037
0.000032
0.000039
0.000041
0.000052
0.000064
0.000056
0.000057
0.000057
0.000053
0.000056
0.000052
0.000057
0.000051
0.000057
0.000043
0.000038
0.000026
0.000020
0.000022
0.000038
0.000039
0.000040
0.000042
0.000044
0.000033
0.000037
0.000041
0.000038
0.000035
0.000030
0.000033
0.000022
0.000021
0.000017
0.000016
0.000024
0.000022
0.000019
0.000027
0.000029
0.000021
0.000018
0.000013
0.000019
0.000016
0.000025
0.000026
0.000022
0.000017
0.000024
0.000025
0.000032
0.000019
0.000026
0.000028
0.000021
0.000025
0.000081
0.000083
0.000097
0.000077
0.000096
0.000090
0.000085
0.000097
0.000086
0.000080
0.000079
0.000052
0.000055
0.000049
0.000039
0.000024
0.000034
0.000049
0.000039
0.000054
0.000054
0.000058
0.000054
0.000061
0.000053
0.000060
0.000059
0.000056
0.000052
0.000046
0.000038
0.000034
0.000039
0.000026
0.000038
0.000033
0.000034
0.000043
0.000032
0.000040
0.000037
0.000034
0.000037
0.000037
0.000037
0.000037
0.000024
0.000025
0.000020
0.000019
0.000019
0.000023
0.000027
0.000018
0.000020
0.000024
0.000019
0.000021
0.000009
0.000021
0.000019
0.000022
0.000022
0.000023
0.000024
0.000020
0.000034
0.000039
0.000027
0.000029
0.000029
0.000037
0.000022
0.000100
0.000091
0.000105
0.000093
0.000105
0.000101
0.000080
0.000087
0.000085
0.000096
0.000084
0.000061
0.000047
0.000037
0.000029
0.000028
0.000043
0.000052
0.000047
0.000048
0.000055
0.000053
0.000057
0.000053
0.000053
0.000057
0.000059
0.000053
0.000043
0.000039
0.000043
0.000035
0.000036
0.000034
0.000031
0.000038
0.000036
0.000039
0.000034
0.000036
0.000037
0.000028
0.000031
0.000041
0.000038
0.000030
0.000028
0.000021
0.000017
0.000017
0.000016
0.000025
0.000025
0.000033
0.000027
0.000024
0.000030
0.000029
0.000025
0.000020
0.000020
0.000016
0.000022
0.000023
0.000023
0.000021
0.000039
0.000037
0.000028
0.000029
0.000034
0.000033
0.000033
0.000101
0.000101
0.000094
0.000096
0.000106
0.000099
0.000084
0.000079
0.000080
0.000083
0.000074
0.000063
0.000044
0.000045
0.000035
0.000035
0.000047
0.000050
0.000057
0.000052
0.000056
0.000055
0.000059
0.000063
0.000052
0.000054
0.000062
0.000064
0.000048
0.000047
0.000042
0.000039
0.000039
0.000035
0.000033
0.000043
0.000037
0.000037
0.000030
0.000032
0.000029
0.000025
0.000033
0.000032
0.000037
0.000036
0.000029
0.000026
0.000020
0.000015
0.000017
0.000029
0.000030
0.000034
0.000027
0.000027
0.000030
0.000037
0.000030
0.000023
0.000018
0.000024
0.000022
0.000022
0.000027
0.000030
0.000030
0.000023
0.000030
0.000034
0.000031
0.000031
0.000725
0.000093
0.000088
0.000091
0.000097
0.000102
0.000088
0.000083
0.000085
0.000079
0.000064
0.000062
0.000058
0.000046
0.000038
0.000038
0.000045
0.000048
0.000043
0.000050
0.000052
0.000047
0.000050
0.000059
0.000058
0.000063
0.000055
0.000063
0.000051
0.000052
0.000052
0.000047
0.000042
0.000043
0.000043
0.000041
0.000053
0.000045
0.000041
0.000041
0.000029
0.000028
0.000030
0.000029
0.000035
0.000035
0.000043
0.000025
0.000019
0.000013
0.000017
0.000022
0.000021
0.000030
0.000030
0.000026
0.000030
0.000028
0.000032
0.000025
0.000022
0.000024
0.000024
0.000025
0.000024
0.000025
0.000031
0.000028
0.000031
0.000026
0.000031
0.000031
0.000030
0.000024
0.000093
0.000090
0.000087
0.000092
0.000080
0.000097
0.000080
0.000081
0.000083
0.000083
0.000075
0.000068
0.000050
0.000039
0.000049
0.000049
0.000047
0.000048
0.000044
0.000045
0.000042
-0.000033
-0.000283
-0.000487
-0.000456
-0.000067
0.000020
0.000054
0.000041
0.000032
0.000038
0.000040
0.000044
0.000043
0.000039
0.000045
0.000051
0.000047
0.000041
0.000030
0.000029
0.000032
0.000025
0.000033
0.000031
0.000035
0.000031
0.000021
0.000019
0.000023
0.000021
0.000023
0.000028
0.000027
0.000029
0.000029
0.000027
0.000026
0.000033
0.000033
0.000022
0.000021
0.000023
0.000029
0.000030
0.000025
0.000032
0.000031
0.000028
0.000029
0.000029
0.000039
0.000035
0.000102
0.000095
0.000088
0.000079
0.000077
0.000073
0.000074
0.000077
0.000077
0.000072
0.000073
0.000073
0.000059
0.000053
0.000044
0.000043
0.000056
0.000049
0.000041
0.000042
-0.000020
-0.001865
-0.003598
-0.003599
-0.002549
-0.002135
-0.001510
-0.000723
-0.000166
-0.000014
0.000041
0.000043
0.000042
0.000039
0.000039
0.000042
0.000047
0.000045
0.000036
0.000034
0.000035
0.000038
0.000033
0.000028
0.000028
0.000027
0.000022
0.000027
0.000017
0.000032
0.000024
0.000024
0.000027
0.000028
0.000029
0.000026
0.000030
0.000028
0.000027
0.000027
0.000024
0.000023
0.000028
0.000029
0.000029
0.000038
0.000033
0.000029
0.000032
0.000037
0.000025
0.000033
0.000046
0.000101
0.000085
0.000081
0.000079
0.000061
0.000065
0.000073
0.000071
0.000076
0.000071
0.000068
0.000072
0.000059
0.000057
0.000038
0.000037
0.000024
0.000021
0.000025
0.000035
-0.000172
-0.001811
-0.006142
-0.003831
-0.002989
-0.005259
-0.005670
-0.022652
-0.006738
0.000276
0.000040
0.000042
0.000042
0.000039
0.000038
0.000038
0.000043
0.000046
0.000041
0.000042
0.000033
0.000037
0.000035
0.000032
0.000034
0.000032
0.000030
0.000021
0.000014
-0.000018
0.000019
0.000023
0.000027
0.000024
0.000027
0.000027
0.000029
0.000030
0.000033
0.000027
0.000028
0.000027
0.000024
0.000027
0.000032
0.000042
0.000035
0.000030
0.000030
0.000034
0.000035
0.000041
-0.001100
0.000088
0.000087
0.000059
0.000076
0.000076
0.000062
0.000077
0.000070
0.000080
0.000069
0.000065
0.000076
0.000079
0.000056
-0.000019
0.000014
-0.000041
0.000073
0.000185
0.000105
0.000099
0.000191
0.000031
-0.000006
-0.001631
-0.003614
-0.008970
-0.015386
0.000387
0.000041
0.000039
0.000042
0.000033
0.000062
0.000084
0.000044
0.000036
0.000044
0.000043
0.000043
0.000039
0.000036
0.000030
0.000031
0.000025
0.000039
0.000033
0.000025
0.000017
0.000021
0.000021
0.000024
0.000025
0.000025
0.000026
0.000030
0.000029
0.000027
0.000025
0.000025
0.000028
0.000030
0.000032
0.000040
0.000036
0.000032
0.000035
0.000018
0.000026
0.000037
0.000038
0.000039
0.000052
0.000093
0.000076
0.000061
0.000057
0.000075
0.000065
0.000089
0.000087
0.000080
0.000073
0.000065
0.000069
0.000074
0.000005
-0.000052
-0.000119
0.000295
0.000165
0.000092
0.000103
0.000091
0.000239
0.000156
-0.000324
-0.001067
-0.000405
-0.003402
-0.000228
0.000033
0.000039
0.000045
0.000061
0.000002
0.000390
0.001582
0.000334
0.000059
0.000035
0.000034
0.000035
0.000038
0.000035
0.000033
0.000023
0.000032
0.000033
0.000034
0.000021
0.000018
0.000022
0.000016
0.000030
0.000030
0.000026
0.000029
0.000028
0.000034
0.000034
0.000030
0.000033
0.000035
0.000036
0.000038
0.000036
0.000036
0.000031
0.000032
0.000022
0.000027
0.000033
0.000036
0.000040
0.000054
0.000101
0.000075
0.000077
0.000059
0.000059
0.000071
0.000081
0.000096
0.000083
0.000072
0.000068
0.000062
0.000080
-0.000164
-0.000353
0.000125
0.001990
0.000182
0.000062
0.000082
0.000064
0.000264
0.000023
0.000066
-0.000072
-0.000103
-0.000846
-0.002088
-0.000540
-0.000289
0.000659
0.000825
0.001247
0.002108
0.003356
0.002398
0.000506
0.000068
0.000029
0.000028
0.000025
0.000033
0.000028
0.000025
0.000020
0.000020
0.000028
0.000026
0.000022
0.000020
0.000026
0.000027
0.000030
0.000030
0.000029
0.000032
0.000035
0.000031
0.000027
0.000032
0.000028
0.000028
0.000035
0.000033
0.000034
0.000034
0.000038
0.000036
0.000031
0.000036
0.000045
0.000041
0.000039
0.000108
0.000097
0.000073
0.000069
0.000068
0.000068
0.000074
0.000083
0.000076
0.000069
0.000064
0.000089
0.000017
-0.000343
-0.000255
0.000032
-0.000005
-0.000031
0.000053
0.000079
0.000080
0.000140
0.000264
0.000048
0.000227
0.001055
0.000476
0.000854
0.000483
0.000538
0.001000
0.000773
0.000819
0.002851
0.005012
0.004883
0.001584
0.000123
0.000031
0.000024
0.000029
0.000030
0.000035
0.000035
0.000027
0.000025
0.000025
0.000025
0.000021
0.000021
0.000026
0.000024
0.000028
0.000029
0.000030
0.000036
0.000037
0.000031
0.000028
0.000033
0.000032
0.000020
0.000032
0.000033
0.000031
0.000038
0.000041
0.000037
0.000035
0.000041
0.000041
0.000035
-0.000596
0.000101
0.000090
0.000087
0.000065
0.000063
0.000081
0.000081
0.000073
0.000077
0.000068
0.000068
0.000050
0.000041
-0.000213
-0.000112
-0.000280
-0.000088
-0.000018
0.000064
0.000070
0.000085
0.000097
0.000004
0.000126
0.000515
0.001254
0.001162
0.000229
-0.000036
0.000540
-0.000136
0.001591
0.002263
0.006001
0.008137
0.005863
0.003424
0.000259
0.000032
0.000031
0.000017
0.000017
0.000024
0.000034
0.000033
0.000031
0.000025
0.000025
0.000024
0.000023
0.000023
0.000030
0.000029
0.000029
0.000031
0.000030
0.000035
0.000035
0.000025
0.000030
0.000030
0.000030
0.000033
0.000031
0.000035
0.000038
0.000032
0.000035
0.000040
0.000045
0.000041
0.000043
0.000049
0.000083
0.000079
0.000077
0.000072
0.000075
0.000081
0.000077
0.000073
0.000072
0.000074
0.000061
0.000064
0.000062
0.000024
-0.000330
-0.000225
-0.000236
-0.000012
0.000049
0.000068
0.000034
0.000242
0.000226
-0.000196
0.000146
0.000981
0.001640
0.001178
-0.000015
-0.000384
-0.000368
-0.000303
0.000782
0.003196
0.006990
0.008359
0.004737
0.000560
0.000028
0.000016
0.000015
0.000010
0.000018
0.000025
0.000027
0.000030
0.000024
0.000025
0.000027
0.000026
0.000026
0.000029
0.000036
0.000028
0.000032
0.000031
0.000038
0.000039
0.000032
0.000037
0.000032
0.000037
0.000034
0.000041
0.000039
0.000041
0.000037
0.000042
0.000043
0.000044
0.000047
0.000046
0.000052
0.000074
0.000069
0.000079
0.000086
0.000072
0.000081
0.000088
0.000074
0.000065
0.000072
0.000068
0.000058
0.000060
0.000033
-0.000352
0.000646
-0.000829
-0.000021
0.000024
0.000049
0.002422
0.000430
0.000057
-0.000194
-0.000058
0.001083
0.001675
0.001061
0.000678
-0.000267
-0.001413
-0.001410
-0.001265
-0.000373
0.001582
0.004927
0.004834
0.000321
-0.000016
0.000012
0.000013
0.000007
0.000016
0.000023
0.000026
0.000020
0.000023
0.000024
0.000025
0.000029
0.000028
0.000032
0.000033
0.000030
0.000031
0.000035
0.000024
0.000030
0.000037
0.000035
0.000040
0.000032
0.000031
0.000036
0.000037
0.000043
0.000041
0.000045
0.000042
0.000043
0.000044
0.000044
0.000047
0.000067
0.000071
0.000070
0.000072
0.000065
0.000068
0.000076
0.000074
0.000070
0.000075
0.000072
0.000062
0.000057
0.000045
-0.000040
0.000143
-0.000244
-0.000685
0.001070
0.002060
0.003340
0.000383
-0.002132
-0.000372
0.000100
0.001062
0.001257
0.000833
0.000108
0.000160
-0.001101
-0.001074
-0.001255
-0.000678
-0.000219
0.000063
0.001856
-0.001042
-0.000145
-0.000005
-0.000000
0.000003
-0.000001
0.000016
0.000021
0.000022
0.000020
0.000024
0.000025
0.000027
0.000029
0.000028
0.000032
0.000033
0.000030
0.000034
0.000036
0.000034
0.000038
0.000039
0.000035
0.000039
0.000043
0.000034
0.000036
0.000033
0.000041
0.000043
0.000043
0.000042
0.000043
0.000043
0.000045
0.000075
0.000078
0.000063
0.000069
0.000078
0.000046
0.000073
0.000071
0.000066
0.000070
0.000073
0.000063
0.000063
0.000051
-0.000027
-0.000035
0.000187
0.000521
0.001133
0.002534
0.000073
-0.000802
-0.000035
0.000058
0.000071
0.000076
0.000090
0.000302
0.000161
0.000359
0.002256
0.002011
0.000175
-0.000740
-0.001863
-0.003411
-0.003005
-0.001313
0.000558
0.000299
0.000204
0.000174
-0.000014
0.000004
0.000014
0.000020
0.000021
0.000050
0.000115
0.000026
0.000032
0.000024
0.000033
0.000031
0.000039
0.000040
0.000042
0.000039
0.000043
0.000045
0.000039
0.000037
0.000044
0.000031
0.000025
0.000029
0.000047
0.000051
0.000063
0.000045
0.000047
0.000047
0.000064
0.000063
0.000070
0.000062
0.000062
0.000073
0.000058
0.000067
0.000062
0.000062
0.000068
0.000070
0.000068
0.000059
0.000062
0.000064
0.000059
0.000042
0.000068
0.000077
0.000071
0.000042
0.000050
0.000072
0.000051
0.000005
-0.000006
0.000208
0.000335
0.000051
0.001265
0.002260
-0.003381
-0.003386
-0.001042
-0.000927
-0.002379
-0.001809
-0.000612
-0.000330
0.000105
0.000524
0.000526
0.000528
0.000535
0.000003
0.000014
0.000019
0.000378
0.003278
0.000309
0.000028
0.000024
0.000032
0.000032
0.000039
0.000037
0.000036
0.000045
0.000038
0.000039
0.000042
0.000042
0.000037
0.000030
0.000030
0.000028
0.000039
0.000049
0.000058
0.000046
0.000046
0.000048
0.000056
0.000060
0.000062
0.000062
0.000073
0.000073
0.000069
0.000067
0.000057
0.000062
0.000070
0.000069
0.000061
0.000052
0.000054
0.000055
0.000059
0.000053
0.000054
0.000053
0.000043
0.000064
0.000054
0.000044
0.004361
0.003406
0.001331
0.001457
0.000812
-0.000349
-0.001257
-0.002138
-0.002418
-0.002891
-0.002937
-0.001669
-0.000795
0.001230
-0.000967
-0.000540
-0.000333
0.000588
0.000906
0.001201
0.001414
0.001090
0.000046
0.000054
0.001441
0.004734
0.005751
0.000612
0.000025
0.000031
0.000034
0.000039
0.000040
0.000030
0.000035
0.000034
0.000039
0.000047
0.000049
0.000041
0.000056
0.000040
0.000041
0.000048
0.000048
0.000044
0.000041
0.000039
0.000039
0.000048
0.000051
0.000046
0.000065
0.000065
0.000068
0.000072
0.000082
0.000068
0.000057
0.000067
0.000063
0.000030
0.000052
0.000061
0.000061
0.000058
0.000043
0.000034
0.000043
0.000061
0.000096
0.001081
0.002102
0.003072
0.002851
0.002537
0.004491
0.001567
-0.000204
-0.001233
-0.000541
-0.000979
-0.001789
-0.002308
-0.001862
-0.001047
-0.000389
0.001996
0.000805
-0.001607
-0.000298
0.000706
0.001209
0.002111
0.001639
0.001020
0.000325
0.002636
0.004975
0.006191
0.005874
0.000559
0.000029
0.000037
0.000039
0.000042
0.000038
0.000035
0.000036
0.000038
0.000046
0.000050
0.000042
0.000063
0.000050
0.000054
0.000048
0.000044
0.000040
0.000037
0.000043
0.000046
0.000041
0.000063
0.000055
0.000058
0.000055
0.000063
0.000093
0.000081
0.000066
0.000063
0.000064
0.000045
0.000057
0.000063
0.000051
0.000052
0.000058
0.000058
0.000047
0.000053
0.000065
0.000036
0.000761
0.001580
0.002116
0.003301
0.003188
0.005560
0.003438
0.000488
-0.001308
0.000249
-0.001089
-0.000271
-0.001882
-0.001788
-0.001233
-0.000552
-0.000716
-0.000208
0.000010
-0.000193
0.000960
0.000815
0.001283
0.001304
0.000479
0.000498
0.005350
0.006711
0.008537
0.010820
0.005270
0.000767
0.000036
0.000046
0.000041
0.000033
0.000033
0.000032
0.000042
0.000048
0.000054
0.000109
0.000056
0.000041
0.000044
0.000050
0.000044
0.000046
0.000046
0.000042
0.000040
0.000032
0.000080
0.000066
0.000060
0.000062
0.000067
0.000074
0.000081
0.000075
0.000060
0.000049
0.000037
0.000051
0.000055
0.000063
0.000048
0.000053
0.000052
0.000057
0.000007
0.000005
-0.000028
0.000358
0.001629
0.001658
0.002669
0.003399
0.004723
0.005774
0.001755
-0.001550
-0.001100
-0.001724
-0.001672
-0.002086
-0.001498
-0.000920
-0.000894
-0.001154
-0.000659
-0.001073
-0.001019
-0.001174
0.001458
0.002558
0.002373
0.000708
0.000179
0.007363
0.009613
0.010357
0.008497
0.004758
-0.000837
0.000079
0.000043
0.000044
0.000030
0.000032
0.000033
0.000055
0.000076
0.000039
0.000051
0.000061
0.000054
0.000051
0.000047
0.000052
0.000048
0.000042
0.000055
0.000037
0.000030
0.000085
0.000060
0.000063
0.000065
0.000074
0.000074
0.000068
0.000078
0.000069
0.000062
0.000071
0.000063
0.000051
0.000049
0.000047
0.000053
0.000047
0.000019
0.000009
0.000006
-0.000010
0.000033
0.001072
0.001952
0.003101
0.002905
0.003785
0.006625
0.002771
-0.002577
-0.004172
-0.001074
0.000757
-0.001729
-0.000939
-0.000738
-0.000971
-0.001038
-0.001004
-0.001281
-0.001226
-0.002387
-0.002278
-0.002169
-0.002078
-0.000371
-0.000473
0.002473
0.005380
0.006747
0.003072
-0.001964
-0.002267
-0.001417
-0.000246
0.000259
0.000036
0.000041
0.000046
0.000047
0.000054
0.000046
0.000054
0.000143
0.000072
0.000054
0.000049
0.000050
0.000044
0.000044
0.000047
0.000047
0.000030
0.000083
0.000068
0.000059
0.000064
0.000051
0.000063
0.000078
0.000075
0.000074
0.000078
0.000069
0.000046
0.000053
0.000051
0.000052
0.000060
0.000036
0.000040
0.000015
0.000009
0.000012
0.000000
0.000297
0.001950
0.002843
0.002789
0.004379
0.006328
0.002858
-0.004421
-0.005470
-0.004999
-0.004666
-0.003021
-0.001329
-0.000769
-0.000990
-0.001016
-0.001162
-0.001110
-0.001249
-0.002270
-0.002861
-0.002888
-0.002896
-0.001956
-0.001467
0.001060
0.001810
0.001262
-0.001458
-0.001553
-0.000853
-0.000738
-0.001219
-0.001471
0.000175
0.000155
0.000034
0.000037
0.000043
0.000061
0.000070
0.000109
0.000055
0.000053
0.000057
0.000058
0.000050
0.000053
0.000050
0.000045
0.000022
0.000082
0.000077
0.000055
0.000060
0.000061
0.000081
0.000095
0.000090
0.000118
0.000045
0.000039
0.000038
0.000075
0.000021
0.000022
0.000021
0.000036
0.000055
0.000047
0.000037
0.000014
0.000020
0.000197
0.002052
0.002090
0.002865
0.004727
0.004727
0.002973
-0.006193
-0.006434
-0.006062
-0.005971
-0.003074
-0.001682
-0.001361
-0.001217
-0.000817
-0.001123
-0.001221
-0.001379
-0.001743
-0.003141
-0.003012
-0.003063
-0.002640
-0.001766
-0.001688
-0.000476
-0.001521
-0.001180
0.002491
0.003547
0.003611
0.001247
-0.000504
-0.002277
-0.001970
0.000255
0.000260
0.000373
0.000050
0.000099
0.000053
0.000050
0.000040
0.000055
0.000048
0.000045
0.000051
0.000053
0.000045
0.000027
0.000084
0.000095
0.000074
0.000063
0.000083
0.000099
0.000085
0.000078
0.000056
0.000057
0.000058
0.000083
0.000003
0.000018
0.000035
0.000036
0.000033
0.000040
0.000031
0.000025
0.000016
0.000078
0.000088
0.000070
0.000207
0.000183
0.000752
0.000519
0.001735
-0.006173
-0.005663
-0.004511
-0.004913
-0.003055
-0.001382
-0.001277
-0.001413
-0.001064
-0.000948
-0.001217
-0.001451
-0.001932
-0.003572
-0.002783
-0.002818
-0.002326
-0.001977
-0.001341
-0.000730
-0.000785
0.003880
0.009228
0.008850
0.007134
0.005238
0.003199
-0.000693
-0.000599
0.000139
0.002820
0.003954
0.000366
0.000049
0.000046
0.000046
0.000059
0.000051
0.000043
0.000038
0.000039
0.000046
0.000042
0.000040
0.000082
0.000091
0.000072
0.000060
0.000057
0.000063
0.000070
0.000073
0.000066
0.000047
0.000052
0.000039
0.000062
0.000073
0.000099
0.000082
0.000097
0.000091
0.000092
0.000094
0.000078
0.000062
0.000060
0.000068
0.000056
0.000072
0.000126
0.000699
0.000797
0.001510
0.001526
-0.003702
-0.002902
-0.001305
-0.001119
-0.001105
-0.000956
-0.000919
-0.001204
-0.001271
-0.001510
-0.001871
-0.002786
-0.002729
-0.002253
-0.001829
-0.001774
-0.001871
-0.001414
0.003303
0.009541
0.010917
0.007393
0.006760
0.006629
0.006387
0.003906
0.003400
0.005159
0.005814
0.005713
0.003502
0.000291
0.000053
0.000050
0.000056
0.000046
0.000037
0.000035
0.000035
0.000050
0.000052
0.000049
0.000080
0.000077
0.000067
0.000039
0.000040
0.000041
0.000052
0.000083
0.000081
0.000080
0.000049
0.000046
0.000019
0.000026
0.000060
0.000078
0.000085
0.000068
0.000073
0.000064
0.000054
0.000049
0.000053
0.000044
0.000052
0.000040
0.000079
0.000530
0.000645
0.001050
0.000820
-0.000022
-0.000138
0.001792
0.003829
0.000235
-0.000371
-0.000739
-0.001209
-0.000829
-0.001076
-0.001423
-0.001684
-0.001870
-0.001941
-0.001708
-0.001937
-0.001779
-0.002142
-0.002184
0.004753
0.007206
0.003516
0.003300
0.002595
0.002809
0.006127
0.004264
0.001284
0.000573
0.000359
0.000179
0.000038
0.000028
0.000027
0.000035
0.000043
0.000038
0.000034
0.000043
0.000051
0.000050
0.000062
0.000081
0.000040
0.000081
0.000040
0.000058
0.000049
0.000059
0.000066
0.000063
0.000062
0.000050
0.000064
0.000056
0.000064
0.000046
0.000063
0.000058
0.000087
0.000076
0.000063
0.000026
0.000027
0.000046
0.000032
0.000041
0.000047
0.000059
0.000088
0.000434
0.000202
0.000071
0.000031
0.000110
0.000424
0.000158
0.000066
0.000080
-0.000027
0.000040
-0.000183
-0.000203
-0.000212
-0.000193
-0.000241
-0.001565
-0.002192
-0.002253
-0.001641
-0.001854
-0.001848
-0.001342
0.002929
0.000696
0.000101
0.000127
0.000180
0.000336
0.000199
0.000074
0.000046
0.000038
0.000048
0.000041
0.000045
0.000053
0.000044
0.000041
0.000048
0.000052
0.000056
0.000047
0.000045
0.000053
0.000056
0.000048
0.000071
0.000058
0.000082
0.000072
0.000076
0.000070
0.000062
0.000050
0.000053
0.000085
0.000080
0.000074
0.000070
0.000042
0.000039
0.000079
0.000079
0.000074
0.000022
0.000008
0.000039
0.000044
0.000033
0.000043
0.000040
0.000029
0.000054
0.000011
0.000039
0.000058
0.000058
0.000058
0.000059
0.000082
0.000097
0.000094
0.000079
0.000066
0.000083
0.000070
0.000078
0.000088
0.000157
-0.002062
-0.002648
-0.002083
-0.001198
-0.001406
-0.001369
-0.000110
0.000046
0.000055
0.000049
0.000051
0.000048
0.000052
0.000040
0.000039
0.000036
0.000047
0.000053
0.000055
0.000052
0.000044
0.000047
0.000055
0.000057
0.000053
0.000039
0.000044
0.000056
0.000065
0.000071
0.000073
0.000068
0.000102
0.000109
0.000093
0.000088
0.000074
0.000061
0.000089
0.000086
0.000066
0.000065
0.000056
0.000022
0.000025
0.000074
0.000087
0.000084
0.000044
0.000005
0.000033
0.000046
0.000045
0.000048
0.000035
0.000041
0.000029
0.000003
-0.000007
0.000048
0.000053
0.000041
0.000052
0.000078
0.000092
0.000092
0.000087
0.000083
0.000074
0.000071
0.000086
0.000091
0.000083
0.000531
-0.001935
-0.001434
-0.001153
-0.001437
-0.001552
-0.000633
0.000040
0.000053
0.000049
0.000050
0.000046
0.000053
0.000043
0.000031
0.000037
0.000054
0.000057
0.000061
0.000064
0.000060
0.000057
0.000047
0.000038
0.000037
0.000035
0.000047
0.000053
0.000066
0.000094
0.000097
0.000107
0.000099
0.000111
0.000102
0.000091
0.000081
0.000080
0.000091
0.000084
0.000070
0.000049
0.000036
0.000007
0.000018
0.000066
0.000092
0.000072
0.000043
0.000017
0.000047
0.000063
0.000058
0.000055
0.000054
0.000058
0.000046
0.000032
0.000039
0.000045
0.000045
0.000025
0.000043
0.000069
0.000073
0.000087
0.000093
0.000084
0.000082
0.000095
0.000084
0.000083
0.000064
0.000053
0.000315
-0.001035
-0.000785
0.000026
-0.000609
-0.000229
0.000026
0.000062
0.000064
0.000056
0.000057
0.000055
0.000040
0.000035
0.000041
0.000046
0.000061
0.000056
0.000061
0.000054
0.000041
0.000035
0.000033
0.000044
0.000045
0.000038
0.000041
0.000063
0.000082
0.000094
0.000106
0.000108
0.000096
0.000103
0.000105
0.000075
0.000068
0.000083
0.000088
0.000063
0.000058
0.000037
-0.000007
0.000012
0.000067
0.000059
0.000080
0.000069
0.000021
0.000049
0.000065
0.000076
0.000070
0.000074
0.000070
0.000064
0.000059
0.000054
0.000047
0.000038
0.000041
0.000049
0.000061
0.000073
0.000090
0.000091
0.000092
0.000087
0.000071
0.000079
0.000074
0.000066
0.000063
0.000069
0.000073
-0.000034
0.000029
-0.000064
0.000015
0.000050
0.000069
0.000065
0.000064
0.000061
0.000051
0.000046
0.000044
0.000034
0.000036
0.000049
0.000054
0.000047
0.000045
0.000044
0.000044
0.000047
0.000049
0.000048
0.000040
0.000047
0.000080
0.000089
0.000096
0.000100
0.000106
0.000093
0.000105
0.000113
0.000073
0.000051
0.000064
0.000074
0.000061
0.000053
0.000041
-0.000000
0.000019
0.000055
0.000047
0.000061
0.000045
0.000052
0.000061
0.000064
0.000054
0.000078
0.000087
0.000096
0.000093
0.000091
0.000083
0.000077
0.000067
0.000049
0.000034
0.000049
0.000063
0.000074
0.000078
0.000088
0.000079
0.000070
0.000064
0.000072
0.000076
0.000079
0.000072
0.000052
0.000041
0.000037
0.000044
0.000052
0.000049
0.000070
0.000072
0.000062
0.000058
0.000056
0.000052
0.000043
0.000015
0.000040
0.000051
0.000051
0.000058
0.000048
0.000041
0.000036
0.000035
0.000043
0.000050
0.000047
0.000040
0.000051
0.000091
0.000078
0.000079
0.000093
0.000085
0.000088
0.000097
0.000079
0.000058
0.000069
0.000078
0.000066
0.000059
0.000035
0.000000
0.000010
0.000041
0.000052
0.000047
0.000053
0.000065
0.000057
0.000068
0.000068
0.000086
0.000091
0.000098
0.000100
0.000088
0.000088
0.000085
0.000073
0.000048
0.000043
0.000047
0.000057
0.000066
0.000079
0.000084
0.000073
0.000046
0.000069
0.000084
0.000084
0.000079
0.000069
0.000044
0.000025
0.000060
0.000051
0.000056
0.000057
0.000151
0.000133
0.000062
0.000064
0.000055
0.000062
0.000022
0.000043
0.000046
0.000045
0.000052
0.000051
0.000048
0.000047
0.000044
0.000039
0.000049
0.000055
0.000042
0.000034
0.000101
0.000079
0.000078
0.000085
0.000093
0.000092
0.000092
0.000084
0.000071
0.000065
0.000066
0.000063
0.000074
0.000048
0.000050
0.000016
0.000027
0.000033
0.000056
0.000064
0.000077
0.000070
0.000055
0.000076
0.000073
0.000086
0.000086
0.000088
0.000082
0.000095
0.000091
0.000075
0.000079
0.000058
0.000052
0.000063
0.000071
0.000085
0.000090
0.000084
0.000054
0.000059
0.000065
0.000086
0.000084
0.000072
0.000063
0.000064
0.000057
0.000052
0.000047
0.000080
0.000088
0.000072
0.000115
0.000069
0.000066
0.000052
0.000044
0.000063
0.000047
0.000042
0.000040
0.000049
0.000057
0.000052
0.000047
0.000048
0.000052
0.000055
0.000062
0.000055
0.000035
0.000115
0.000087
0.000073
0.000061
0.000087
0.000088
0.000067
0.000074
0.000075
0.000076
0.000074
0.000075
0.000093
0.000080
0.000061
0.000045
0.000056
0.000033
0.000058
0.000082
0.000090
0.000083
0.000079
0.000090
0.000100
0.000095
0.000103
0.000100
0.000101
0.000092
0.000083
0.000090
0.000068
0.000066
0.000051
0.000058
0.000071
0.000086
0.000092
0.000083
0.000076
0.000064
0.000082
0.000080
0.000073
0.000069
0.000059
0.000071
0.000061
0.000040
0.000039
0.000049
0.000046
0.000046
0.000047
0.000056
0.000048
0.000042
0.000046
0.000046
0.000046
0.000048
0.000045
0.000053
0.000058
0.000062
0.000052
0.000058
0.000052
0.000052
0.000050
0.000047
0.000048
