-0.000000
-0.000000
-0.000000
0.000632
-0.000002
-0.000001
0.000001
0.000438
0.000007
0.000013
0.000023
-0.000603
0.000037
0.000040
0.000051
0.000049
0.000048
0.000044
0.000043
0.000042
0.000047
0.000043
0.000041
0.000042
0.000039
0.000038
0.000037
0.000036
0.000032
0.000036
0.000033
0.000033
0.000034
0.000029
0.000030
0.000032
0.000027
0.000025
0.000029
0.000030
0.000033
0.000038
0.000041
0.000038
0.000042
0.000041
0.000036
0.000040
0.000040
0.000039
0.000032
0.000041
0.000045
0.000042
0.000051
0.000049
0.000045
0.000043
0.000047
0.000041
0.000031
0.000030
0.000016
0.000004
0.000001
0.000001
-0.001158
0.000009
0.000010
0.000015
0.000061
0.000015
0.000195
0.000006
0.000009
0.000010
0.000015
0.000015
0.000021
0.000024
0.000028
0.000036
0.000040
0.000045
0.000050
0.000041
0.000045
0.000048
0.000047
0.000043
0.000041
0.000040
0.000041
0.000042
0.000038
0.000042
0.000037
0.000035
0.000034
0.000035
0.000032
0.000036
0.000033
0.000032
0.000033
0.000033
0.000033
0.000034
0.000040
0.000031
0.000032
0.000028
0.000033
0.000034
0.000031
0.000036
0.000031
0.000035
0.000041
0.000044
0.000041
0.000045
0.000043
0.000037
0.000039
0.000041
0.000040
0.000048
0.000049
0.000040
0.000041
0.000039
0.000042
0.000034
0.000033
0.000033
0.000036
0.000033
0.000030
0.000033
0.000030
0.000035
0.000036
0.000035
0.000035
0.000022
0.000006
0.000011
0.000012
0.000012
0.000017
0.000018
0.000028
0.000033
0.000031
0.000038
0.000039
0.000041
0.000051
0.000041
0.000042
0.000045
0.000046
0.000041
0.000042
0.000038
0.000039
0.000037
0.000036
0.000033
0.000035
0.000034
0.000037
0.000034
0.000035
0.000037
0.000033
0.000032
0.000034
0.000028
0.000033
0.000035
0.000032
0.000034
0.000031
0.000029
0.000029
0.000031
0.000034
0.000039
0.000039
0.000045
0.000042
0.000042
0.000035
0.000038
0.000029
0.000036
0.000039
0.000039
0.000045
0.000047
0.000042
0.000044
0.000037
0.000040
0.000034
0.000032
0.000031
0.000034
0.000032
0.000029
0.000031
0.000032
0.000033
0.000035
0.000035
0.000038
0.000025
0.000005
0.000006
0.000013
0.000011
0.000016
0.000021
0.000028
0.000029
0.000036
0.000038
0.000040
0.000044
0.000038
0.000038
0.000039
0.000045
0.000040
0.000041
0.000039
0.000035
0.000039
0.000035
0.000036
0.000033
0.000033
0.000033
0.000038
0.000038
0.000037
0.000037
0.000034
0.000031
0.000033
0.000025
0.000023
0.000031
0.000034
0.000034
0.000034
0.000034
0.000033
0.000036
0.000036
0.000048
0.000043
0.000041
0.000039
0.000041
0.000049
0.000038
0.000032
0.000029
0.000037
0.000042
0.000038
0.000040
0.000036
0.000035
0.000039
0.000035
0.000032
0.000033
0.000032
0.000029
0.000033
0.000030
0.000034
0.000038
0.000037
0.000034
0.000032
0.000035
0.000025
0.000006
0.000006
0.000007
0.000010
0.000014
0.000021
0.000023
0.000028
0.000030
0.000034
0.000038
0.000042
0.000040
0.000037
0.000040
0.000039
0.000040
0.000038
0.000038
0.000037
0.000037
0.000034
0.000033
0.000036
0.000029
0.000031
0.000038
0.000036
0.000033
0.000032
0.000036
0.000032
0.000032
0.000032
0.000030
0.000031
0.000036
0.000035
0.000033
0.000035
0.000033
0.000037
0.000044
0.000051
0.000046
0.000037
0.000035
0.000041
0.000046
0.000042
0.000034
0.000041
0.000034
0.000035
0.000038
0.000042
0.000034
0.000032
0.000034
0.000032
0.000032
0.000033
0.000032
0.000027
0.000033
0.000030
0.000033
0.000041
0.000037
0.000035
0.000038
0.000035
-0.002169
0.000006
0.000004
0.000008
0.000009
0.000016
0.000019
0.000023
0.000024
0.000030
0.000037
0.000040
0.000042
0.000044
0.000039
0.000038
0.000037
0.000038
0.000038
0.000035
0.000036
0.000037
0.000036
0.000034
0.000033
0.000031
0.000030
0.000032
0.000039
0.000030
0.000032
0.000035
0.000035
0.000032
0.000032
0.000036
0.000029
0.000032
0.000031
0.000033
0.000036
0.000040
0.000041
0.000050
0.000046
0.000050
0.000041
0.000034
0.000038
0.000044
0.000043
0.000043
0.000030
0.000033
0.000035
0.000037
0.000033
0.000030
0.000031
0.000028
0.000034
0.000034
0.000033
0.000038
0.000029
0.000027
0.000035
0.000039
0.000033
0.000034
0.000034
0.000037
0.000033
0.000030
0.000004
0.000005
0.000006
0.000012
0.000015
0.000017
0.000023
0.000021
0.000034
0.000037
0.000038
0.000044
0.000042
0.000038
0.000040
0.000037
0.000035
0.000040
0.000037
0.000036
0.000035
0.000035
0.000031
0.000033
0.000030
0.000027
0.000031
0.000037
0.000035
0.000034
0.000035
0.000035
0.000035
0.000028
0.000036
0.000029
0.000032
0.000031
0.000032
0.000037
0.000037
0.000043
0.000043
0.000046
0.000043
0.000043
0.000034
0.000038
0.000040
0.000039
0.000040
0.000038
0.000034
0.000032
0.000030
0.000030
0.000031
0.000032
0.000032
-0.000005
0.000033
0.000034
0.000036
0.000026
0.000031
0.000037
0.000039
0.000031
0.000033
0.000035
0.000034
0.000035
0.000033
0.000003
0.000006
0.000007
0.000012
0.000015
0.000021
0.000025
0.000030
0.000029
0.000035
0.000035
0.000036
0.000039
0.000041
0.000040
0.000033
0.000030
0.000046
0.000037
0.000035
0.000035
0.000034
0.000032
0.000032
0.000030
0.000031
0.000033
0.000033
0.000034
0.000032
0.000035
0.000031
0.000033
0.000030
0.000030
0.000031
0.000030
0.000033
0.000037
0.000036
0.000037
0.000037
0.000039
0.000040
0.000040
0.000035
0.000034
0.000035
0.000040
0.000039
0.000040
0.000035
0.000034
0.000032
0.000031
0.000030
0.000032
0.000031
0.000032
0.000033
0.000032
0.000032
0.000034
0.000030
0.000034
0.000034
0.000033
0.000032
0.000031
0.000034
0.000034
0.000034
0.000036
0.000005
0.000005
0.000008
0.000013
0.000016
0.000021
0.000029
0.000028
0.000031
0.000032
0.000034
0.000031
0.000033
0.000037
0.000037
0.000029
0.000032
0.000036
0.000035
0.000037
0.000035
0.000033
0.000035
0.000034
0.000034
0.000032
0.000033
0.000033
0.000034
0.000035
0.000035
0.000029
0.000031
0.000036
0.000030
0.000029
0.000032
0.000032
0.000033
0.000038
0.000032
0.000036
0.000037
0.000033
0.000036
0.000035
0.000037
0.000037
0.000036
0.000036
0.000032
0.000033
0.000031
0.000032
0.000032
0.000029
0.000029
0.000031
0.000030
0.000030
0.000031
0.000031
0.000034
0.000036
0.000030
0.000038
0.000035
0.000032
0.000032
0.000033
0.000034
0.000033
0.001326
0.000004
0.000004
0.000008
0.000012
0.000019
0.000022
0.000030
0.000032
0.000031
0.000033
0.000027
0.000024
0.000034
0.000033
0.000030
0.000031
0.000032
0.000028
0.000031
0.000036
0.000036
0.000032
0.000036
0.000033
0.000035
0.000034
0.000034
0.000032
0.000035
0.000030
0.000029
0.000034
0.000033
0.000032
0.000029
0.000028
0.000029
0.000034
0.000037
0.000039
0.000039
0.000039
0.000038
0.000033
0.000031
0.000037
0.000041
0.000040
0.000039
0.000034
0.000034
0.000034
0.000032
0.000032
0.000034
0.000032
0.000030
0.000030
0.000031
0.000032
0.000031
0.000029
0.000034
0.000034
0.000031
0.000032
0.000030
0.000035
0.000033
0.000036
0.000037
0.000039
0.000036
0.000005
0.000007
0.000010
0.000014
0.000019
0.000025
0.000030
0.000029
0.000033
0.000032
0.000025
0.000026
0.000027
0.000028
0.000030
0.000033
0.000032
0.000031
0.000033
0.000037
0.000033
0.000034
0.000036
0.000028
0.000028
0.000030
0.000034
0.000032
0.000034
0.000036
0.000032
0.000031
0.000034
0.000034
0.000027
0.000027
0.000030
0.000030
0.000038
0.000040
0.000044
0.000036
0.000036
0.000035
0.000037
0.000038
0.000036
0.000036
0.000032
0.000030
0.000030
0.000031
0.000034
0.000033
0.000033
0.000034
0.000030
0.000030
0.000033
0.000032
0.000030
0.000032
0.000030
0.000032
0.000032
0.000032
0.000033
0.000036
0.000038
0.000038
0.000037
0.000036
0.000039
0.000006
0.000008
0.000008
0.000014
0.000018
0.000023
0.000024
0.000025
0.000031
0.000026
0.000031
0.000031
0.000028
0.000031
0.000036
0.000028
0.000031
0.000031
0.000034
0.000032
0.000031
0.000027
0.000031
0.000023
0.000030
0.000027
0.000032
0.000029
0.000035
0.000032
0.000031
0.000030
0.000030
0.000030
0.000028
0.000031
0.000029
0.000032
0.000039
0.000042
0.000042
0.000041
0.000040
0.000034
0.000037
0.000039
0.000039
0.000036
0.000035
0.000033
0.000032
0.000032
0.000033
0.000033
0.000033
0.000034
0.000035
0.000031
0.000032
0.000032
0.000032
0.000032
0.000029
0.000031
0.000033
0.000000
0.000034
0.000038
0.000036
0.000036
0.000037
0.000039
0.000037
0.000007
0.000008
0.000009
0.000012
0.000020
0.000021
0.000023
0.000025
0.000027
0.000027
0.000025
0.000029
0.000029
0.000030
0.000030
0.000034
0.000029
0.000029
0.000027
0.000024
0.000030
0.000030
0.000021
0.000028
0.000030
0.000028
0.000030
0.000033
0.000032
0.000035
0.000032
0.000027
0.000032
0.000039
0.000032
0.000036
0.000037
0.000038
0.000039
0.000039
0.000037
0.000038
0.000040
0.000037
0.000039
0.000041
0.000038
0.000035
0.000034
0.000033
0.000033
0.000033
0.000033
0.000028
-0.000003
0.000033
0.000036
0.000031
0.000032
0.000033
0.000031
0.000033
0.000032
0.000033
0.000044
0.000035
0.000034
0.000038
0.000040
0.000037
0.000038
0.000039
0.000725
0.000008
0.000009
0.000009
0.000013
0.000015
0.000017
0.000019
0.000022
0.000025
0.000023
0.000023
0.000026
0.000029
0.000033
0.000029
0.000030
0.000028
0.000029
0.000028
0.000025
0.000031
0.000007
0.000033
0.000002
-0.000029
0.000015
0.000029
0.000031
0.000029
0.000031
0.000034
0.000032
0.000034
0.000036
0.000036
0.000036
0.000039
0.000040
0.000037
0.000041
0.000036
0.000040
0.000042
0.000041
0.000040
0.000038
0.000039
0.000035
0.000034
0.000037
0.000031
0.000032
0.000030
0.000033
0.000032
0.000033
0.000035
0.000026
0.000033
0.000034
0.000033
0.000034
0.000035
0.000037
0.000038
0.000041
0.000037
0.000036
0.000033
0.000033
0.000034
0.000034
0.000036
0.000012
0.000011
0.000010
0.000011
0.000013
0.000015
0.000018
0.000022
0.000023
0.000023
0.000022
0.000022
0.000028
0.000032
0.000026
0.000018
0.000026
0.000034
0.000032
0.000032
-0.000020
0.000154
0.000435
-0.000141
-0.000836
-0.000120
0.000136
-0.000010
0.000024
0.000031
0.000031
0.000032
0.000033
0.000037
0.000041
0.000041
0.000042
0.000041
0.000044
0.000041
0.000041
0.000040
0.000039
0.000041
0.000039
0.000037
0.000035
0.000034
0.000033
0.000034
0.000029
0.000030
0.000031
0.000033
0.000029
0.000034
0.000030
0.000031
0.000033
0.000033
0.000037
0.000036
0.000037
0.000038
0.000037
0.000037
0.000036
0.000033
0.000033
0.000036
0.000038
0.000039
0.000031
0.000011
0.000010
0.000011
0.000013
0.000012
0.000014
0.000015
0.000019
0.000024
0.000025
0.000022
0.000023
0.000023
0.000028
0.000021
0.000016
0.000017
0.000024
0.000028
-0.000028
-0.000145
0.002173
0.002392
0.000475
0.000547
0.003318
0.003091
-0.000601
-0.000425
0.000001
0.000031
0.000037
0.000033
0.000038
0.000039
0.000040
0.000042
0.000043
0.000043
0.000043
0.000040
0.000038
0.000034
0.000034
0.000039
0.000038
0.000037
0.000037
0.000035
0.000033
0.000029
0.000029
0.000029
0.000030
0.000031
0.000028
0.000032
0.000033
0.000032
0.000033
0.000034
0.000038
0.000041
0.000037
0.000035
0.000034
0.000035
0.000033
0.000034
0.000039
0.000041
0.000052
0.000029
0.000010
0.000010
0.000011
0.000011
0.000013
0.000014
0.000016
0.000018
0.000019
0.000020
0.000021
0.000019
0.000024
0.000022
0.000027
0.000019
0.000006
0.000008
0.000045
-0.000319
0.000466
-0.000310
0.000403
0.000699
-0.000010
-0.000602
0.003220
0.003322
-0.000980
-0.000054
0.000032
0.000032
0.000033
0.000035
0.000039
0.000041
0.000042
0.000041
0.000042
0.000044
0.000037
0.000031
0.000032
0.000037
0.000038
0.000042
0.000037
0.000037
0.000035
0.000032
0.000030
0.000030
0.000035
0.000033
0.000029
0.000032
0.000035
0.000036
0.000035
0.000037
0.000034
0.000034
0.000034
0.000032
0.000036
0.000036
0.000036
0.000034
0.000039
0.000048
0.000052
0.000041
-0.001100
0.000009
0.000008
0.000009
0.000010
0.000012
0.000014
0.000013
0.000016
0.000017
0.000019
0.000017
0.000018
0.000021
0.000019
0.000008
0.000018
0.000257
0.000150
0.000206
0.000154
0.000580
0.000120
-0.000039
-0.000203
-0.000176
0.000178
0.003043
0.001074
-0.000105
0.000028
0.000030
0.000029
0.000027
0.000047
0.000059
0.000070
0.000051
0.000037
0.000042
0.000039
0.000041
0.000032
0.000028
0.000033
0.000036
0.000037
0.000030
0.000035
0.000035
0.000033
0.000030
0.000028
0.000033
0.000031
0.000030
0.000031
0.000034
0.000035
0.000035
0.000036
0.000033
0.000034
0.000034
0.000035
0.000035
0.000035
0.000035
0.000032
0.000033
0.000038
0.000036
0.000036
0.000034
0.000005
0.000006
0.000008
0.000010
0.000011
0.000012
0.000015
0.000016
0.000016
0.000017
0.000014
0.000014
0.000016
-0.000000
0.000174
0.000345
0.000498
0.000482
0.000118
0.000338
0.001013
0.000150
-0.000048
-0.000191
-0.000459
0.000302
0.002790
0.000715
0.000430
0.000062
0.000037
0.000020
-0.000258
0.000324
0.000456
0.000620
0.000340
0.000090
0.000051
0.000044
0.000037
0.000034
0.000032
0.000033
0.000033
0.000031
0.000028
0.000034
0.000038
0.000035
0.000027
0.000026
0.000034
0.000029
0.000031
0.000035
0.000033
0.000035
0.000035
0.000034
0.000034
0.000036
0.000034
0.000033
0.000035
0.000036
0.000035
0.000037
0.000035
0.000035
0.000034
0.000036
0.000035
0.000004
0.000003
0.000004
0.000007
0.000008
0.000013
0.000014
0.000016
0.000016
0.000018
0.000016
0.000015
0.000002
-0.000036
-0.000386
0.000552
0.000145
0.000047
0.000052
0.000023
0.000098
0.000019
-0.000122
-0.000189
0.000006
0.000021
0.000024
0.000284
0.000519
0.000653
0.000483
0.000211
0.000145
0.000112
0.000442
0.000943
0.000946
0.000723
0.000341
0.000184
0.000052
0.000029
0.000031
0.000037
0.000032
0.000034
0.000033
0.000033
0.000035
0.000034
0.000029
0.000029
0.000032
0.000029
0.000030
0.000035
0.000032
0.000031
0.000035
0.000040
0.000033
0.000034
0.000034
0.000035
0.000033
0.000037
0.000040
0.000043
0.000031
0.000032
0.000036
0.000044
0.000039
0.000002
0.000002
0.000003
0.000004
0.000008
0.000009
0.000013
0.000014
0.000014
0.000016
0.000016
0.000005
0.000014
0.000009
0.000273
-0.000406
0.000246
0.000056
0.000012
0.000019
0.000025
-0.000149
-0.000518
0.000656
0.000766
0.000429
0.000213
0.000143
0.000120
0.000296
0.000088
-0.000996
-0.001193
-0.001468
-0.001353
0.000147
0.000875
0.000974
0.000912
0.000309
0.000148
0.000042
0.000022
0.000032
0.000030
0.000031
0.000035
0.000031
0.000033
0.000031
0.000030
0.000029
0.000027
0.000030
0.000027
0.000038
0.000033
0.000034
0.000037
0.000034
0.000034
0.000036
0.000035
0.000036
0.000037
0.000035
0.000035
0.000035
0.000031
0.000029
0.000041
0.000046
-0.000596
-0.000003
-0.000001
-0.000001
0.000002
0.000004
0.000009
0.000011
0.000011
0.000012
0.000015
0.000013
0.000012
0.000012
0.000018
0.000636
0.000084
0.000028
0.000002
0.000020
0.000021
0.000014
-0.000180
0.000442
0.002013
0.002195
0.000491
-0.000082
0.000422
0.000430
0.000190
0.000582
0.000930
-0.000041
-0.001730
-0.000528
0.001056
0.001989
0.001253
0.000955
0.000555
0.000390
0.000318
-0.000037
-0.000187
0.000089
0.000025
0.000033
0.000033
0.000032
0.000032
0.000032
0.000030
0.000031
0.000029
0.000033
0.000031
0.000032
0.000033
0.000035
0.000035
0.000037
0.000032
0.000033
0.000036
0.000034
0.000032
0.000033
0.000029
0.000030
0.000038
0.000045
0.000034
0.000025
-0.000005
-0.000002
-0.000004
-0.000002
0.000001
0.000003
0.000011
0.000011
0.000012
0.000010
0.000015
0.000014
0.000019
0.000095
0.000462
0.000660
-0.000343
-0.000031
0.000026
0.000008
-0.000095
0.000833
0.002046
0.003447
0.003171
0.001397
0.001262
0.001733
0.000523
-0.000006
0.000125
0.000261
0.000355
-0.000552
-0.001134
0.000450
0.001449
0.001006
0.000748
0.000675
0.000520
0.000094
-0.000634
-0.001999
0.000390
0.000316
0.000022
0.000036
0.000032
0.000032
0.000035
0.000036
0.000038
0.000023
0.000028
0.000029
0.000034
0.000035
0.000038
0.000038
0.000032
0.000032
0.000034
0.000033
0.000033
0.000030
0.000030
0.000033
0.000038
0.000033
0.000028
0.000029
0.000025
-0.000002
-0.000003
-0.000009
-0.000008
-0.000002
-0.000000
0.000005
0.000011
0.000013
0.000012
0.000013
0.000016
0.000017
0.000037
0.000252
0.000896
-0.003540
0.000384
0.000312
-0.000123
0.000354
0.001097
0.001309
0.001899
0.001372
0.001354
0.001734
0.001927
0.001615
0.000402
0.000094
0.000031
0.000038
-0.000067
-0.000117
-0.000023
0.000468
0.000950
0.000963
0.000579
0.000459
0.000451
-0.001048
-0.002232
-0.000855
0.003147
0.000426
0.000020
0.000032
0.000030
0.000038
0.000039
0.000033
0.000030
0.000031
0.000029
0.000032
0.000039
0.000037
0.000039
0.000041
0.000036
0.000033
0.000029
0.000031
0.000030
0.000033
0.000036
0.000037
0.000030
0.000028
0.000028
0.000023
-0.000012
-0.000009
-0.000012
-0.000009
-0.000006
-0.000004
0.000000
0.000008
0.000012
0.000013
0.000013
0.000017
0.000014
0.000015
0.000057
0.000303
-0.000460
0.000890
0.000293
0.000324
0.000695
0.000774
0.000900
0.001100
0.001162
0.001248
0.002708
0.002983
0.001750
0.003014
0.001702
0.000527
0.000141
-0.000054
-0.000281
-0.000030
0.000695
0.000717
0.001266
0.000504
0.000277
0.000773
0.000793
-0.001895
-0.001747
0.002307
0.001478
0.000308
-0.000001
0.000031
0.000032
0.000031
0.000030
0.000028
0.000035
0.000034
0.000033
0.000041
0.000039
0.000039
0.000037
0.000034
0.000034
0.000030
0.000035
0.000037
0.000036
0.000040
0.000035
0.000030
0.000029
0.000039
0.000026
-0.000018
-0.000015
-0.000017
-0.000011
-0.000008
-0.000014
0.000002
0.000005
0.000005
0.000008
0.000012
0.000013
0.000015
0.000014
0.000029
0.000266
0.000177
0.000684
0.000580
0.000810
0.000691
0.000713
0.000483
0.000761
0.000987
0.001222
0.001512
0.000638
0.000787
0.001474
0.005326
0.000432
-0.000159
-0.000105
-0.000084
0.000075
0.000035
0.000090
0.000558
0.000153
0.000029
0.000474
-0.000323
-0.002605
-0.003427
0.003274
0.003971
0.003639
0.000375
0.000019
0.000029
0.000030
0.000032
0.000033
0.000035
0.000034
0.000038
0.000041
0.000034
0.000031
0.000031
0.000032
0.000033
0.000032
0.000038
0.000040
0.000038
0.000039
0.000036
0.000032
0.000030
0.000033
0.000022
-0.000024
-0.000015
-0.000028
-0.000017
-0.000012
-0.000013
-0.000005
-0.000011
-0.000009
-0.000012
-0.000012
-0.000006
-0.000006
-0.000005
0.000001
0.000008
0.000004
0.000060
0.000377
0.000230
0.000300
0.000421
0.000426
0.000346
0.000473
0.000483
0.000344
-0.000171
-0.001719
-0.001929
0.002273
-0.001784
-0.001850
-0.000171
-0.000008
-0.000170
0.002080
0.004047
0.002366
0.002241
0.003397
0.003535
0.000134
-0.002137
0.000626
0.012374
0.002972
0.002824
0.002491
0.000272
0.000032
0.000033
0.000031
0.000030
0.000038
0.000036
0.000031
0.000038
0.000034
0.000029
0.000031
0.000032
0.000034
0.000038
0.000035
0.000045
0.000038
0.000038
0.000031
0.000029
0.000031
0.000029
0.000026
-0.000016
-0.000017
-0.000025
-0.000026
-0.000015
-0.000015
-0.000008
-0.000017
-0.000018
-0.000017
-0.000016
-0.000019
-0.000017
-0.000008
-0.000010
-0.000010
-0.000003
-0.000016
-0.000009
-0.000006
-0.000006
0.000126
0.000151
0.001524
0.000222
-0.001092
-0.001845
-0.002518
-0.004047
-0.003773
-0.003720
-0.004048
-0.002791
-0.000800
0.000056
0.000938
0.000962
0.006954
0.003832
0.004536
0.001948
0.001697
0.001590
0.000110
0.002261
0.001324
0.000648
0.002038
0.002378
0.001304
0.000205
0.000031
0.000032
0.000034
0.000036
0.000036
0.000032
0.000034
0.000034
0.000030
0.000032
0.000038
0.000039
0.000042
0.000050
0.000042
0.000038
0.000030
0.000029
0.000028
0.000029
0.000032
0.000032
-0.000012
-0.000018
-0.000024
-0.000030
-0.000019
-0.000021
-0.000015
-0.000021
-0.000021
-0.000023
-0.000018
-0.000017
-0.000022
-0.000014
-0.000012
-0.000018
-0.000002
-0.000013
-0.000027
-0.000033
-0.000002
0.001229
0.001372
0.001749
0.001512
-0.000208
-0.001323
-0.002132
-0.004057
-0.003857
-0.004431
-0.004925
-0.005146
-0.002685
-0.001078
0.000920
0.002024
0.000439
0.000670
0.000731
0.002128
0.004163
0.003061
0.001433
0.002148
0.001246
0.001608
-0.000289
0.001870
0.001133
0.000829
-0.000331
0.000025
0.000031
0.000035
0.000041
0.000037
0.000027
0.000032
0.000032
0.000035
0.000052
0.000042
0.000047
0.000050
0.000041
0.000034
0.000035
0.000033
0.000033
0.000033
0.000036
0.000036
-0.000018
-0.000011
-0.000014
-0.000023
-0.000017
-0.000021
-0.000015
-0.000018
-0.000022
-0.000018
-0.000020
-0.000017
-0.000024
-0.000018
-0.000013
-0.000013
-0.000017
-0.000024
-0.000049
-0.000093
0.000202
0.000670
0.000756
0.001242
0.002234
0.000439
-0.000910
-0.001410
-0.002986
-0.004130
-0.004685
-0.004228
-0.003457
-0.001530
-0.000057
0.000930
0.001494
0.001224
0.000682
0.000488
0.001022
0.000626
0.000938
0.000912
0.002072
0.005238
0.000268
-0.000039
0.001885
0.001230
-0.004424
-0.008278
0.000108
0.000027
0.000030
0.000041
0.000034
0.000036
0.000036
0.000035
0.000018
0.000032
0.000047
0.000039
0.000056
0.000041
0.000040
0.000053
0.000040
0.000067
0.000035
0.000030
0.000031
-0.000020
-0.000012
-0.000027
-0.000028
-0.000035
-0.000023
-0.000021
-0.000018
-0.000023
-0.000020
-0.000022
-0.000022
-0.000021
-0.000015
-0.000017
-0.000023
-0.000031
-0.000065
-0.000111
-0.000111
0.000010
0.000537
0.000792
0.001079
0.001804
0.001087
-0.000403
-0.001882
-0.003426
-0.004455
-0.005492
-0.004380
-0.000347
0.000021
0.000122
0.000532
0.001044
0.000932
0.000669
-0.000286
-0.000797
-0.001176
0.000275
-0.000038
0.000207
0.002166
0.000247
0.000641
0.000828
-0.001629
-0.006644
-0.001212
-0.002891
0.000121
0.000000
0.000029
0.000034
0.000035
0.000036
0.000034
0.000013
0.000038
0.000042
0.000037
0.000034
0.000036
0.000067
0.000058
0.000056
0.000031
0.000029
0.000027
0.000027
-0.000021
-0.000018
-0.000032
-0.000027
-0.000040
-0.000026
-0.000029
-0.000026
-0.000026
-0.000024
-0.000021
-0.000019
-0.000023
-0.000028
-0.000024
-0.000028
-0.000070
-0.000089
-0.000114
-0.000129
-0.000157
0.000103
0.000563
0.000953
0.001757
0.000663
-0.000505
-0.001245
-0.003114
-0.004768
-0.004651
-0.005371
0.001399
0.000322
0.000069
0.000608
0.000910
0.000933
0.000561
-0.000126
-0.000871
-0.001266
-0.001717
-0.001389
-0.000956
-0.000444
0.000391
0.000845
-0.002705
-0.005640
-0.004920
-0.003160
-0.001594
-0.000259
0.000031
-0.000001
0.000028
0.000028
0.000028
0.000019
0.000027
0.000028
0.000033
0.000035
0.000034
0.000028
0.000029
0.000032
0.000029
0.000028
0.000029
0.000027
0.000026
-0.000025
-0.000025
-0.000012
-0.000019
-0.000013
-0.000025
-0.000031
-0.000028
-0.000026
-0.000021
-0.000025
-0.000022
-0.000030
-0.000037
-0.000036
-0.000059
-0.000098
-0.000105
-0.000114
-0.000143
-0.000166
-0.000201
0.000072
0.000588
0.000740
0.000660
0.000683
-0.000547
-0.001735
-0.003667
-0.004818
-0.003748
-0.001500
-0.000613
0.000332
0.000564
0.000782
0.000635
0.000334
-0.000437
-0.000766
-0.001552
-0.001486
-0.001413
-0.001021
-0.001121
-0.000150
0.002104
-0.000700
-0.002178
-0.002126
-0.001173
0.000698
0.001700
0.000757
0.000310
-0.000003
0.000000
0.000026
0.000023
0.000030
0.000033
0.000029
0.000033
0.000030
0.000031
0.000030
0.000033
0.000026
0.000029
0.000031
0.000030
0.000030
-0.000029
-0.000020
-0.000018
-0.000024
-0.000036
-0.000074
-0.000020
0.000005
-0.000014
-0.000024
-0.000032
-0.000023
-0.000061
-0.000080
-0.000079
-0.000089
-0.000099
-0.000113
-0.000124
-0.000139
-0.000151
-0.000175
-0.000111
0.000413
0.000598
0.000981
0.001004
-0.000845
-0.001482
-0.002515
-0.003386
-0.002746
-0.001359
-0.000063
0.000484
0.000455
0.000432
0.000502
0.000231
0.000154
-0.001242
-0.001330
-0.001239
-0.001155
-0.001286
-0.001401
-0.001068
0.000068
0.002446
-0.000317
-0.000243
0.001314
0.004026
0.004157
0.003389
0.000797
0.000487
-0.000029
0.000026
0.000009
0.000013
0.000016
0.000018
0.000020
0.000028
0.000028
0.000030
0.000027
0.000029
0.000028
0.000026
0.000028
0.000030
-0.000019
-0.000035
-0.000030
-0.000059
-0.000064
-0.000035
-0.000008
0.000000
-0.000035
-0.000002
-0.000010
-0.000077
-0.000071
-0.000094
-0.000093
-0.000096
-0.000107
-0.000113
-0.000139
-0.000138
-0.000139
-0.000058
-0.000061
-0.000098
-0.000172
-0.000232
-0.000076
-0.000214
-0.000055
-0.002901
-0.002940
-0.001936
-0.001323
-0.001167
-0.000938
-0.000151
0.000525
0.000506
0.000205
0.000137
-0.000906
-0.001128
-0.001434
-0.001454
-0.001257
-0.001410
-0.001336
-0.001017
-0.000075
0.000077
0.000614
0.003819
0.002738
0.007223
0.003309
0.003454
0.001687
0.000039
-0.001274
-0.000259
0.000427
0.000001
-0.000014
0.000021
0.000029
0.000027
0.000027
0.000024
0.000024
0.000025
0.000027
0.000028
0.000029
-0.000036
-0.000045
-0.000059
-0.000076
-0.000056
-0.000024
-0.000026
-0.000027
-0.000053
-0.000026
-0.000027
-0.000010
0.000016
0.000011
-0.000014
-0.000041
-0.000090
-0.000026
-0.000048
-0.000041
-0.000058
-0.000024
-0.000011
-0.000014
-0.000009
0.000004
0.000015
0.000012
0.000012
-0.000159
-0.000061
-0.002890
-0.001954
-0.001251
-0.001575
-0.000500
0.000442
0.000594
-0.000222
-0.000448
-0.000295
-0.001307
-0.002409
-0.002270
-0.001826
-0.002173
-0.002008
-0.002297
-0.002548
-0.000978
0.001977
0.002350
0.002420
0.001908
0.003987
0.003643
0.001458
0.000314
0.000244
0.000734
0.000625
0.000513
0.000152
-0.000003
0.000004
0.000013
0.000021
0.000020
0.000020
0.000025
0.000029
0.000028
0.000024
-0.000027
-0.000025
-0.000052
-0.000034
-0.000015
-0.000058
-0.000074
-0.000031
-0.000032
-0.000015
-0.000008
-0.000054
-0.000032
-0.000038
-0.000057
-0.000069
-0.000023
-0.000028
-0.000055
-0.000039
-0.000011
-0.000006
-0.000021
-0.000018
-0.000049
-0.000022
-0.000010
-0.000002
0.000016
0.000017
0.000006
-0.000390
-0.000463
-0.000720
-0.000431
-0.000133
-0.000019
0.000479
0.000083
-0.000644
-0.000690
-0.001893
-0.004923
-0.006014
-0.004652
-0.006768
-0.005154
-0.004201
-0.003413
-0.003990
-0.000654
0.001441
0.001144
0.001139
0.000714
0.000461
0.000992
0.000926
0.000531
0.000135
-0.000025
0.000087
0.000023
0.000017
0.000019
0.000020
0.000021
0.000018
0.000021
0.000026
0.000026
0.000027
0.000025
-0.000020
-0.000037
-0.000052
-0.000043
-0.000051
-0.000050
-0.000033
0.000001
0.000023
0.000025
0.000028
-0.000011
-0.000028
-0.000058
-0.000027
-0.000058
-0.000040
-0.000018
-0.000061
-0.000045
-0.000022
0.000004
0.000004
-0.000005
-0.000008
0.000001
0.000003
-0.000002
0.000013
0.000008
0.000013
0.000029
0.000028
0.000041
0.000026
0.000021
0.000023
0.000024
0.000044
0.000052
-0.000026
-0.000195
-0.001330
-0.000703
-0.005547
-0.009297
-0.004450
-0.005388
-0.004448
-0.004570
-0.005478
-0.000751
0.000542
0.000617
0.000828
0.000222
0.000614
0.000191
0.000048
0.000025
0.000012
0.000016
0.000014
0.000017
0.000019
0.000020
0.000019
0.000021
0.000021
0.000022
0.000025
0.000025
0.000024
-0.000021
-0.000041
-0.000060
-0.000051
-0.000041
0.000004
0.000017
0.000021
0.000012
0.000019
0.000028
-0.000040
-0.000004
-0.000010
-0.000014
-0.000022
-0.000057
-0.000018
-0.000039
-0.000023
-0.000019
-0.000026
-0.000022
-0.000027
-0.000017
-0.000000
0.000005
0.000005
0.000009
0.000023
0.000016
0.000015
0.000018
0.000021
0.000019
0.000023
0.000023
0.000022
0.000024
0.000023
0.000022
0.000020
0.000017
0.000010
-0.000090
-0.009663
-0.006650
-0.005382
-0.004668
-0.003908
-0.004250
0.000241
0.000577
0.000357
0.000197
0.000174
0.000128
0.000059
0.000018
0.000016
0.000015
0.000015
0.000019
0.000020
0.000018
0.000017
0.000019
0.000019
0.000018
0.000019
0.000022
0.000025
0.000024
-0.000007
-0.000000
-0.000015
-0.000022
-0.000000
0.000015
0.000007
0.000011
-0.000009
0.000014
0.000024
0.000033
0.000035
-0.000005
-0.000011
-0.000015
-0.000022
0.000002
-0.000018
-0.000036
-0.000074
-0.000030
-0.000003
-0.000026
-0.000027
-0.000011
0.000005
-0.000002
0.000007
0.000018
0.000023
0.000022
0.000024
0.000021
-0.000008
0.000020
0.000022
0.000020
0.000018
0.000021
0.000022
0.000021
0.000020
0.000017
0.000012
-0.000236
-0.006345
-0.004079
-0.002972
-0.002094
-0.001097
0.000191
0.000260
0.000076
0.000027
0.000029
0.000028
0.000018
0.000012
0.000012
0.000014
0.000020
0.000024
0.000021
0.000019
0.000016
0.000019
0.000023
0.000023
0.000022
0.000020
0.000023
0.000026
0.000006
0.000012
0.000013
0.000017
0.000007
0.000015
0.000010
0.000010
0.000001
0.000007
0.000017
0.000031
0.000034
0.000007
-0.000035
-0.000014
-0.000026
-0.000024
-0.000005
0.000007
-0.000001
-0.000008
0.000005
-0.000007
-0.000012
-0.000007
0.000007
0.000001
0.000023
0.000022
0.000024
0.000023
0.000024
0.000018
0.000011
0.000020
0.000022
0.000021
0.000019
0.000019
0.000023
0.000021
0.000019
0.000017
0.000015
0.000014
-0.000641
-0.002996
-0.002155
-0.001485
-0.000663
0.000443
0.000329
0.000044
0.000007
0.000016
0.000013
0.000015
0.000012
0.000015
0.000017
0.000021
0.000021
0.000020
0.000017
0.000019
0.000019
0.000024
0.000026
0.000021
0.000021
0.000022
0.000027
0.000011
0.000016
0.000006
0.000014
0.000016
0.000014
0.000013
0.000009
0.000015
0.000019
0.000018
0.000022
0.000034
0.000036
-0.000002
-0.000008
-0.000018
-0.000027
-0.000019
-0.000006
-0.000000
-0.000012
-0.000006
-0.000025
-0.000027
-0.000015
0.000003
0.000016
0.000018
0.000016
0.000015
0.000022
0.000024
0.000024
0.000022
0.000022
0.000022
0.000018
0.000019
0.000018
0.000020
0.000019
0.000017
0.000015
0.000017
0.000015
0.000014
-0.000309
-0.000406
-0.000145
0.000165
0.000325
0.000085
0.000021
-0.000014
0.000002
0.000015
0.000014
0.000013
0.000012
0.000014
0.000015
0.000018
0.000017
0.000021
0.000019
0.000026
0.000027
0.000024
0.000022
0.000019
0.000024
0.000025
0.000008
0.000018
0.000019
0.000019
0.000017
0.000023
0.000015
0.000013
0.000020
0.000024
0.000022
0.000025
0.000033
0.000032
0.000021
0.000005
-0.000002
-0.000011
-0.000021
-0.000016
0.000005
0.000001
0.000005
-0.000013
-0.000045
-0.000015
-0.000006
0.000008
0.000016
0.000009
0.000015
0.000019
0.000021
0.000024
0.000022
0.000018
0.000019
0.000017
0.000016
0.000020
0.000022
0.000021
0.000020
0.000019
0.000018
0.000015
0.000008
-0.000026
0.000008
0.000028
0.000321
0.000207
0.000029
0.000013
0.000013
0.000015
0.000014
0.000013
0.000013
0.000012
0.000013
0.000016
0.000016
0.000016
0.000017
0.000023
0.000024
0.000022
0.000022
0.000022
0.000023
0.000030
0.000022
0.000025
0.000017
0.000019
0.000019
0.000029
0.000014
0.000028
0.000020
0.000025
0.000030
0.000025
0.000031
0.000031
0.000029
0.000006
0.000006
0.000006
-0.000003
0.000003
0.000005
-0.000002
0.000003
-0.000001
0.000008
-0.000014
-0.000005
0.000005
0.000001
0.000010
0.000013
0.000006
0.000016
0.000018
0.000016
0.000018
0.000018
0.000018
0.000001
0.000012
0.000017
0.000020
0.000020
0.000003
0.000020
0.000020
0.000010
-0.000017
-0.000021
0.000011
0.000019
0.000022
0.000029
0.000011
0.000010
0.000013
0.000012
0.000011
0.000012
0.000017
0.000013
0.000012
0.000013
0.000019
0.000015
0.000020
0.000023
0.000021
0.000022
0.000022
0.000025
0.000023
0.000021
0.000026
0.000023
0.000023
0.000023
0.000020
0.000010
0.000020
0.000025
0.000023
0.000029
0.000032
0.000029
0.000033
0.000013
-0.000009
-0.000005
-0.000000
0.000004
0.000004
0.000008
0.000007
0.000016
0.000004
-0.000000
-0.000004
-0.000008
0.000001
0.000013
0.000011
0.000016
0.000015
0.000008
0.000016
0.000016
0.000010
0.000014
0.000014
0.000016
0.000015
0.000011
0.000016
0.000020
0.000019
0.000020
0.000023
0.000014
-0.000003
0.000011
0.000014
0.000014
0.000012
0.000010
0.000008
0.000006
0.000008
0.000010
0.000011
0.000012
0.000011
0.000012
0.000013
0.000013
0.000014
0.000017
0.000017
0.000020
0.000020
0.000021
0.000022
0.000025
0.000024
0.000022
0.000022
0.000019
0.000018
0.000014
0.000022
0.000026
0.000019
0.000020
0.000032
0.000029
0.000031
0.000027
0.000026
0.000020
0.000007
0.000002
-0.000009
-0.000004
0.000012
0.000009
0.000023
0.000022
0.000022
0.000014
0.000000
0.000004
0.000011
0.000010
0.000013
0.000012
0.000015
0.000013
0.000017
0.000014
0.000013
0.000013
0.000015
0.000017
0.000017
0.000018
0.000016
0.000016
0.000019
0.000023
0.000025
0.000024
0.000020
0.000020
0.000018
0.000015
0.000018
0.000018
0.000014
0.000007
0.000006
0.000015
0.000011
0.000010
0.000007
0.000009
0.000013
0.000014
0.000013
0.000016
0.000019
0.000016
0.000019
0.000023
0.000022
0.000022
0.000023
0.000023
0.000021
0.000021
0.000017
