0.000313
0.000427
0.000430
0.000632
0.000390
0.000365
0.000448
0.000438
0.000753
0.000717
0.000761
-0.000603
0.000791
0.000714
0.000636
0.000629
0.000466
0.000465
0.000389
0.000341
0.000455
0.000628
0.000576
0.000682
0.000578
0.000386
0.000368
0.000499
0.000508
0.000554
0.000601
0.000693
0.000937
0.000895
0.000817
0.000730
0.000757
0.000815
0.000622
0.000622
0.000602
0.000481
0.000466
0.000433
0.000391
0.000487
0.000433
0.000493
0.000476
0.000587
0.000454
0.000402
0.000310
0.000394
0.000447
0.000505
0.000516
0.000426
0.000373
0.000530
0.000632
0.000655
0.000767
0.000768
0.000752
0.000627
-0.001158
0.000669
0.000697
0.000636
0.000061
0.000774
0.000195
0.000383
0.000396
0.000356
0.000338
0.000397
0.000439
0.000422
0.000475
0.000482
0.000483
0.000507
0.000656
0.000624
0.000707
0.000701
0.000663
0.000683
0.000655
0.000662
0.000663
0.000652
0.000616
0.000707
0.000764
0.000683
0.000732
0.000599
0.000630
0.000746
0.000715
0.000718
0.000646
0.000812
0.000789
0.000710
0.000645
0.000523
0.000556
0.000547
0.000570
0.000576
0.000563
0.000497
0.000514
0.000527
0.000514
0.000465
0.000532
0.000587
0.000614
0.000499
0.000606
0.000409
0.000486
0.000461
0.000562
0.000568
0.000482
0.000453
0.000538
0.000497
0.000452
0.000457
0.000553
0.000559
0.000474
0.000472
0.000538
0.000509
0.000481
0.000428
0.000451
0.000785
0.000379
0.000366
0.000368
0.000322
0.000365
0.000354
0.000371
0.000381
0.000419
0.000420
0.000555
0.000643
0.000554
0.000670
0.000698
0.000672
0.000640
0.000694
0.000660
0.000645
0.000645
0.000576
0.000649
0.000548
0.000564
0.000677
0.000668
0.000595
0.000698
0.000819
0.000797
0.000594
0.000749
0.000638
0.000707
0.000740
0.000616
0.000615
0.000559
0.000599
0.000638
0.000604
0.000543
0.000570
0.000624
0.000539
0.000531
0.000540
0.000569
0.000600
0.000543
0.000570
0.000468
0.000464
0.000416
0.000454
0.000514
0.000525
0.000490
0.000487
0.000533
0.000521
0.000512
0.000530
0.000517
0.000461
0.000460
0.000551
0.000489
0.000453
0.000445
0.000525
0.000764
0.000408
0.000323
0.000325
0.000329
0.000391
0.000330
0.000323
0.000417
0.000486
0.000498
0.000504
0.000645
0.000617
0.000635
0.000691
0.000640
0.000685
0.000667
0.000577
0.000592
0.000611
0.000641
0.000662
0.000464
0.000441
0.000486
0.000629
0.000542
0.000631
0.000716
0.000616
0.000670
0.000602
0.000563
0.000538
0.000753
0.000642
0.000559
0.000615
0.000530
0.000556
0.000614
0.000673
0.000634
0.000626
0.000613
0.000535
0.000528
0.000660
0.000555
0.000483
0.000435
0.000492
0.000397
0.000377
0.000465
0.000479
0.000478
0.000460
0.000471
0.000543
0.000541
0.000425
0.000477
0.000585
0.000413
0.000454
0.000489
0.000485
0.000412
0.000433
0.000447
0.000632
0.000409
0.000387
0.000357
0.000334
0.000376
0.000395
0.000414
0.000408
0.000454
0.000455
0.000598
0.000560
0.000630
0.000697
0.000687
0.000631
0.000578
0.000586
0.000578
0.000544
0.000557
0.000680
0.000606
0.000566
0.000439
0.000525
0.000504
0.000634
0.000658
0.000663
0.000573
0.000437
0.000618
0.000710
0.000661
0.000757
0.000658
0.000602
0.000543
0.000494
0.000564
0.000509
0.000708
0.000696
0.000580
0.000532
0.000518
0.000582
0.000565
0.000615
0.000490
0.000514
0.000438
0.000471
0.000501
0.000375
0.000462
0.000458
0.000463
0.000420
0.000429
0.000463
0.000467
0.000468
0.000637
0.000479
0.000456
0.000469
0.000415
0.000479
0.000445
0.000484
-0.002169
0.000364
0.000361
0.000394
0.000375
0.000363
0.000423
0.000430
0.000422
0.000446
0.000510
0.000509
0.000548
0.000658
0.000693
0.000724
0.000750
0.000631
0.000602
0.000533
0.000502
0.000585
0.000616
0.000595
0.000533
0.000416
0.000510
0.000575
0.000647
0.000571
0.000634
0.000630
0.000701
0.000650
0.000599
0.000636
0.000598
0.000678
0.000585
0.000564
0.000567
0.000543
0.000535
0.000617
0.000634
0.000570
0.000619
0.000541
0.000527
0.000452
0.000553
0.000511
0.000481
0.000559
0.000512
0.000492
0.000432
0.000421
0.000466
0.000399
0.000433
0.000382
0.000526
0.000555
0.000466
0.000381
0.000504
0.000434
0.000435
0.000425
0.000413
0.000467
0.000496
0.000595
0.000394
0.000338
0.000327
0.000398
0.000363
0.000398
0.000370
0.000321
0.000522
0.000467
0.000459
0.000575
0.000587
0.000687
0.000764
0.000723
0.000655
0.000543
0.000534
0.000584
0.000556
0.000533
0.000538
0.000549
0.000464
0.000476
0.000551
0.000526
0.000635
0.000645
0.000617
0.000653
0.000618
0.000663
0.000651
0.000705
0.000686
0.000660
0.000589
0.000514
0.000630
0.000589
0.000631
0.000656
0.000632
0.000549
0.000533
0.000507
0.000486
0.000519
0.000524
0.000472
0.000540
0.000475
0.000465
0.000419
0.000423
0.000541
0.000515
0.000463
0.000395
0.000447
0.000523
0.000403
0.000406
0.000431
0.000429
0.000382
0.000425
0.000448
0.000493
0.000517
0.000610
0.000391
0.000385
0.000378
0.000348
0.000377
0.000376
0.000352
0.000426
0.000467
0.000398
0.000477
0.000595
0.000545
0.000592
0.000660
0.000647
0.000596
0.000656
0.000631
0.000604
0.000594
0.000553
0.000512
0.000573
0.000505
0.000442
0.000516
0.000611
0.000571
0.000659
0.000783
0.000673
0.000654
0.000703
0.000726
0.000722
0.000675
0.000621
0.000472
0.000545
0.000634
0.000671
0.000585
0.000582
0.000552
0.000547
0.000513
0.000525
0.000505
0.000511
0.000524
0.000451
0.000499
0.000551
0.000536
0.000368
0.000440
0.000508
0.000562
0.000454
0.000357
0.000454
0.000520
0.000364
0.000497
0.000506
0.000402
0.000371
0.000449
0.000506
0.000515
0.000453
0.000417
0.000365
0.000382
0.000405
0.000368
0.000368
0.000413
0.000327
0.000334
0.000424
0.000440
0.000436
0.000522
0.000535
0.000607
0.000627
0.000621
0.000572
0.000635
0.000595
0.000598
0.000606
0.000637
0.000606
0.000595
0.000582
0.000568
0.000624
0.000616
0.000605
0.000577
0.000681
0.000661
0.000634
0.000793
0.000768
0.000798
0.000759
0.000705
0.000689
0.000568
0.000639
0.000628
0.000614
0.000691
0.000666
0.000530
0.000488
0.000547
0.000488
0.000448
0.000439
0.000428
0.000434
0.000512
0.000479
0.000440
0.000490
0.000561
0.000568
0.000509
0.000462
0.000480
0.000447
0.000441
0.000478
0.000494
0.000525
0.000503
0.000359
0.000470
0.000444
0.000456
0.001326
0.000434
0.000416
0.000353
0.000351
0.000391
0.000376
0.000370
0.000358
0.000408
0.000361
0.000366
0.000347
0.000436
0.000377
0.000518
0.000528
0.000687
0.000578
0.000486
0.000596
0.000597
0.000572
0.000573
0.000612
0.000674
0.000685
0.000662
0.000629
0.000591
0.000605
0.000713
0.000559
0.000608
0.000648
0.000824
0.000706
0.000764
0.000704
0.000706
0.000607
0.000640
0.000588
0.000631
0.000665
0.000732
0.000629
0.000590
0.000537
0.000504
0.000442
0.000446
0.000431
0.000418
0.000476
0.000455
0.000547
0.000543
0.000545
0.000618
0.000547
0.000542
0.000524
0.000551
0.000531
0.000514
0.000471
0.000423
0.000456
0.000464
0.000481
0.000549
0.000570
0.000435
0.000411
0.000387
0.000380
0.000359
0.000401
0.000393
0.000356
0.000314
0.000392
0.000357
0.000280
0.000334
0.000311
0.000299
0.000374
0.000533
0.000629
0.000687
0.000598
0.000567
0.000496
0.000512
0.000551
0.000636
0.000745
0.000720
0.000654
0.000607
0.000534
0.000498
0.000547
0.000622
0.000642
0.000690
0.000673
0.000712
0.000692
0.000699
0.000612
0.000555
0.000557
0.000617
0.000606
0.000656
0.000729
0.000647
0.000657
0.000538
0.000407
0.000384
0.000414
0.000390
0.000300
0.000365
0.000497
0.000565
0.000580
0.000568
0.000599
0.000538
0.000609
0.000549
0.000531
0.000521
0.000531
0.000480
0.000534
0.000551
0.000507
0.000560
0.000645
0.000541
0.000388
0.000362
0.000359
0.000311
0.000256
0.000378
0.000373
0.000316
0.000315
0.000427
0.000287
0.000298
0.000329
0.000371
0.000354
0.000417
0.000589
0.000539
0.000618
0.000544
0.000467
0.000472
0.000467
0.000425
0.000587
0.000733
0.000660
0.000648
0.000619
0.000500
0.000525
0.000593
0.000573
0.000620
0.000658
0.000612
0.000635
0.000721
0.000753
0.000711
0.000707
0.000590
0.000641
0.000604
0.000703
0.000689
0.000691
0.000625
0.000585
0.000548
0.000453
0.000292
0.000207
0.000279
0.000374
0.000564
0.000504
0.000623
0.000546
0.000516
0.000578
0.000565
0.000555
0.000506
0.000525
0.000566
0.000582
0.000457
0.000490
0.000575
0.000614
0.000463
0.000624
0.000302
0.000308
0.000369
0.000352
0.000274
0.000337
0.000330
0.000289
0.000277
0.000329
0.000297
0.000334
0.000334
0.000375
0.000346
0.000427
0.000563
0.000527
0.000526
0.000542
0.000404
0.000347
0.000386
0.000354
0.000610
0.000622
0.000655
0.000672
0.000591
0.000546
0.000485
0.000617
0.000705
0.000733
0.000782
0.000723
0.000688
0.000671
0.000651
0.000750
0.000777
0.000596
0.000562
0.000659
0.000710
0.000700
0.000706
0.000681
0.000622
0.000528
0.000387
0.000281
0.000310
0.000349
0.000373
0.000532
0.000567
0.000496
0.000556
0.000590
0.000564
0.000564
0.000590
0.000573
0.000600
0.000645
0.000614
0.000576
0.000491
0.000498
0.000563
0.000538
0.000414
0.000725
0.000383
0.000369
0.000377
0.000372
0.000338
0.000303
0.000331
0.000282
0.000287
0.000288
0.000274
0.000287
0.000278
0.000281
0.000451
0.000476
0.000586
0.000539
0.000505
0.000477
0.000395
0.000259
-0.001040
-0.001681
-0.001114
0.000017
0.000654
0.000605
0.000530
0.000482
0.000565
0.000762
0.000748
0.000798
0.000770
0.000793
0.000777
0.000755
0.000735
0.000643
0.000562
0.000614
0.000694
0.000701
0.000754
0.000743
0.000678
0.000672
0.000575
0.000421
0.000428
0.000410
0.000381
0.000369
0.000484
0.000592
0.000456
0.000461
0.000548
0.000573
0.000592
0.000640
0.000622
0.000605
0.000635
0.000718
0.000652
0.000570
0.000493
0.000451
0.000579
0.000551
0.000237
0.000393
0.000384
0.000372
0.000347
0.000335
0.000249
0.000279
0.000313
0.000276
0.000256
0.000267
0.000252
0.000322
0.000350
0.000399
0.000316
0.000475
0.000545
0.000490
0.000457
0.000206
-0.004066
-0.019910
-0.024389
-0.028578
-0.019390
-0.004226
-0.000349
0.000550
0.000612
0.000573
0.000717
0.000817
0.000812
0.000792
0.000853
0.000817
0.000788
0.000677
0.000612
0.000559
0.000568
0.000672
0.000734
0.000777
0.000748
0.000718
0.000664
0.000666
0.000450
0.000476
0.000411
0.000457
0.000445
0.000425
0.000576
0.000628
0.000615
0.000674
0.000659
0.000676
0.000663
0.000733
0.000730
0.000704
0.000764
0.000754
0.000529
0.000584
0.000519
0.000578
0.000567
0.000135
0.000369
0.000368
0.000309
0.000350
0.000279
0.000242
0.000273
0.000261
0.000258
0.000260
0.000223
0.000233
0.000304
0.000354
0.000266
0.000243
0.000401
0.000552
0.000519
-0.000268
-0.006067
-0.006411
-0.006784
-0.014041
-0.014870
-0.008022
-0.034941
-0.020473
-0.003329
0.000205
0.000582
0.000812
0.000857
0.000835
0.000812
0.000780
0.000833
0.000809
0.000713
0.000621
0.000532
0.000437
0.000574
0.000674
0.000789
0.000775
0.000779
0.000750
0.000674
0.000560
0.000551
0.000577
0.000562
0.000540
0.000481
0.000578
0.000639
0.000713
0.000660
0.000665
0.000699
0.000718
0.000770
0.000767
0.000718
0.000615
0.000635
0.000619
0.000493
0.000558
0.000742
0.000731
0.000177
0.000343
0.000344
0.000348
0.000279
0.000254
0.000239
0.000224
0.000238
0.000233
0.000241
0.000282
0.000228
0.000301
0.000312
0.000399
0.000280
0.000284
0.000469
0.000527
-0.002419
-0.005436
-0.009171
-0.016344
-0.019185
-0.024180
-0.027517
-0.013424
-0.017802
-0.023531
-0.000960
0.000936
0.000870
0.000812
0.000808
0.000823
0.000812
0.000866
0.000815
0.000718
0.000628
0.000419
0.000203
0.000551
0.000742
0.000805
0.000819
0.000694
0.000743
0.000701
0.000571
0.000541
0.000578
0.000615
0.000576
0.000442
0.000564
0.000728
0.000707
0.000675
0.000627
0.000682
0.000690
0.000712
0.000639
0.000641
0.000694
0.000704
0.000633
0.000638
0.000675
0.000756
0.000673
-0.001100
0.000330
0.000371
0.000320
0.000301
0.000262
0.000268
0.000213
0.000199
0.000242
0.000254
0.000253
0.000247
0.000301
0.000273
0.000290
0.000320
0.000190
0.000559
0.000822
0.000613
0.000554
0.000361
-0.000643
-0.001182
-0.001401
0.001972
-0.002748
-0.009393
-0.002399
0.000865
0.000823
0.000837
0.000719
0.000963
0.001299
0.001339
0.000901
0.000886
0.000781
0.000715
0.000634
0.000509
0.000636
0.000724
0.000763
0.000780
0.000729
0.000702
0.000662
0.000605
0.000521
0.000553
0.000597
0.000518
0.000362
0.000401
0.000711
0.000729
0.000735
0.000741
0.000658
0.000682
0.000569
0.000723
0.000639
0.000790
0.000813
0.000773
0.000792
0.000668
0.000670
0.000666
0.000494
0.000401
0.000342
0.000284
0.000258
0.000255
0.000255
0.000215
0.000204
0.000227
0.000242
0.000244
0.000271
0.000296
-0.000006
-0.002818
-0.000051
0.001150
0.000770
0.000601
0.000632
0.000820
0.000720
0.000969
0.000974
0.000982
0.003102
-0.000088
-0.000236
0.002436
0.001237
0.000994
-0.000077
-0.004334
0.002681
0.013028
0.013617
0.004761
0.001880
0.000852
0.000774
0.000634
0.000665
0.000670
0.000744
0.000785
0.000714
0.000652
0.000696
0.000630
0.000682
0.000536
0.000482
0.000631
0.000543
0.000357
0.000353
0.000616
0.000714
0.000790
0.000735
0.000727
0.000737
0.000730
0.000681
0.000706
0.000814
0.000897
0.000991
0.000882
0.000797
0.000718
0.000718
0.000763
0.000416
0.000334
0.000275
0.000215
0.000235
0.000223
0.000207
0.000186
0.000177
0.000202
0.000219
0.000222
-0.000535
-0.006312
-0.003081
0.003202
0.000752
0.000513
0.000415
0.000621
0.000805
0.000854
0.001124
0.001270
0.001059
-0.000090
0.000450
0.001289
0.009514
0.016082
0.016642
0.016287
0.012460
0.017322
0.017216
0.018699
0.020371
0.015918
0.004084
0.001807
0.000953
0.000651
0.000669
0.000817
0.000710
0.000714
0.000766
0.000697
0.000750
0.000674
0.000469
0.000442
0.000536
0.000570
0.000399
0.000371
0.000490
0.000695
0.000745
0.000809
0.000755
0.000744
0.000763
0.000784
0.000864
0.000983
0.000869
0.000805
0.000816
0.000807
0.000813
0.000786
0.000782
0.000418
0.000357
0.000239
0.000222
0.000184
0.000221
0.000212
0.000163
0.000164
0.000175
0.000224
0.000509
-0.000941
-0.013920
0.011154
0.002106
0.000605
0.000432
0.000424
0.000645
0.000874
0.000838
0.001058
0.001586
0.001060
0.000162
0.000534
0.001651
0.007558
0.015846
0.014985
0.013930
0.012029
0.014263
0.013222
0.013960
0.015462
0.018552
0.017773
0.003285
0.001691
0.000545
0.000782
0.000763
0.000714
0.000713
0.000849
0.000726
0.000729
0.000687
0.000655
0.000621
0.000610
0.000536
0.000551
0.000429
0.000547
0.000741
0.000859
0.000752
0.000784
0.000825
0.000833
0.000901
0.000884
0.001033
0.000874
0.000806
0.000960
0.000875
0.001002
0.000850
-0.000596
0.000344
0.000326
0.000243
0.000226
0.000197
0.000199
0.000197
0.000146
0.000168
0.000132
0.000203
0.000120
-0.000908
-0.013530
0.011846
0.000942
0.000404
0.000416
0.000566
0.000667
0.000914
0.000516
0.007031
0.007176
0.005922
0.003461
0.000682
0.003838
0.004720
0.007482
0.010954
0.008924
0.008074
0.007384
0.006526
0.009113
0.012906
0.013671
0.018012
0.007068
0.001989
0.003017
0.005341
0.000410
0.001198
0.000754
0.000892
0.000858
0.000781
0.000861
0.000793
0.000713
0.000633
0.000662
0.000709
0.000579
0.000639
0.000716
0.000800
0.000811
0.000817
0.000847
0.000918
0.000941
0.000777
0.000993
0.000973
0.001037
0.001103
0.000991
0.000910
0.000704
0.000738
0.000341
0.000320
0.000295
0.000221
0.000199
0.000158
0.000152
0.000136
0.000124
0.000154
0.000124
0.000119
-0.000044
-0.007377
0.001317
-0.001943
0.000182
0.000814
0.000895
0.000836
0.000627
0.009209
0.015193
0.017258
0.015220
0.010882
0.009055
0.010623
0.007095
0.002898
0.001603
0.001458
0.001966
0.002043
0.001961
0.004676
0.008815
0.011030
0.017140
0.010757
0.001956
0.005851
0.007755
0.004071
0.004881
0.001398
0.000721
0.000828
0.000801
0.000807
0.000864
0.000840
0.000647
0.000557
0.000567
0.000741
0.000825
0.000794
0.000857
0.000815
0.000859
0.000884
0.000966
0.000954
0.000675
0.000970
0.001125
0.001264
0.001205
0.000965
0.000838
0.000692
0.000680
0.000229
0.000228
0.000202
0.000210
0.000147
0.000124
0.000145
0.000098
0.000110
0.000091
0.000093
0.000123
0.000041
-0.002820
-0.006572
0.019995
0.000319
0.000996
0.000975
0.000796
0.014387
0.022940
0.022306
0.024513
0.021015
0.018946
0.010452
0.009032
0.007974
0.003103
-0.000070
0.000350
0.000352
0.000230
0.000460
0.001190
0.002082
0.007158
0.011575
0.008862
0.002813
0.005889
0.006399
0.002015
0.003679
0.017290
0.002226
0.000723
0.000818
0.000608
0.000641
0.000905
0.000682
0.000622
0.000657
0.000847
0.000795
0.000706
0.000716
0.000811
0.000808
0.000994
0.001089
0.001058
0.000984
0.001000
0.001149
0.001142
0.001066
0.000891
0.000964
0.000835
0.000957
0.000303
0.000292
0.000202
0.000209
0.000148
0.000065
0.000081
0.000130
0.000055
0.000068
0.000073
0.000097
0.000117
-0.000200
-0.008109
0.001700
0.007488
0.000071
0.008795
0.015212
0.022262
0.026341
0.029866
0.028886
0.025765
0.021661
0.012915
0.006887
0.003960
0.001220
0.000391
-0.000713
0.000384
0.000572
-0.000151
0.000174
0.000694
0.003484
0.007252
0.002626
0.001192
0.003722
0.004530
0.000877
0.001628
0.010695
0.012686
0.001144
0.000467
0.000725
0.000646
0.000877
0.000794
0.000780
0.000735
0.000766
0.000753
0.000583
0.000685
0.000932
0.001163
0.001137
0.001086
0.001144
0.000917
0.000871
0.001094
0.001170
0.000919
0.000898
0.000848
0.000880
0.000920
0.000301
0.000275
0.000223
0.000178
0.000118
0.000025
0.000076
0.000061
0.000037
0.000072
0.000060
0.000045
0.000047
-0.000026
-0.001298
0.002653
0.004033
0.009991
0.022485
0.034137
0.039512
0.036694
0.030605
0.029686
0.027830
0.022005
0.015143
0.004328
0.001595
0.000256
0.001886
-0.000637
-0.001244
-0.000504
-0.000497
-0.000985
-0.001110
-0.000731
0.001895
-0.004245
-0.004247
0.000394
0.000662
-0.000426
-0.000534
0.003714
0.007184
0.004099
0.002051
0.000582
0.000756
0.000862
0.000936
0.000839
0.000611
0.000673
0.000647
0.000615
0.000615
0.000996
0.001157
0.001101
0.000875
0.001114
0.001107
0.001042
0.001107
0.001170
0.001003
0.000799
0.000777
0.001024
0.000985
0.000281
0.000158
0.000266
0.000225
0.000111
-0.000011
0.000011
0.000039
-0.000002
-0.000021
-0.000027
-0.000041
-0.000035
-0.000060
0.000004
-0.000113
-0.000091
0.001647
0.010863
0.012380
0.012868
0.022694
0.018870
0.016348
0.019509
0.017497
0.009158
0.004874
0.003354
0.002277
-0.001665
-0.006747
-0.004408
-0.001306
-0.001344
-0.003129
-0.006618
-0.001335
-0.001560
-0.003708
-0.008127
-0.010370
-0.005169
-0.002874
-0.003365
0.002929
0.002268
0.004672
0.001631
0.003540
0.000930
0.000880
0.000890
0.000764
0.000590
0.000725
0.000739
0.000692
0.000590
0.000973
0.001092
0.001093
0.000925
0.001233
0.001234
0.001117
0.001084
0.001133
0.000944
0.000572
0.000926
0.001041
0.001125
0.000368
0.000280
0.000192
0.000246
0.000180
0.000086
0.000066
0.000023
-0.000036
-0.000063
-0.000066
-0.000080
-0.000083
-0.000080
-0.000094
-0.000121
-0.000133
-0.000037
-0.000231
-0.000152
-0.000725
0.001103
0.002190
0.007905
0.002198
-0.002911
-0.004264
-0.004664
-0.003597
-0.002172
-0.007465
-0.009852
-0.008213
-0.007623
-0.003730
-0.006435
-0.010687
-0.002405
-0.002234
-0.004321
-0.011833
-0.016148
-0.015082
-0.016445
-0.003987
-0.001735
0.000818
0.007005
0.008963
0.003489
0.002606
0.000971
0.000912
0.000887
0.000587
0.000647
0.000839
0.000628
0.000712
0.000983
0.001077
0.001202
0.001123
0.000911
0.000766
0.001020
0.000971
0.000985
0.000933
0.000870
0.000909
0.001142
0.001067
0.000290
0.000362
0.000226
0.000257
0.000184
0.000146
0.000051
-0.000006
-0.000052
-0.000080
-0.000081
-0.000089
-0.000090
-0.000105
-0.000123
-0.000141
-0.000135
-0.000123
-0.000091
-0.000021
0.000945
0.024800
0.022191
0.017006
0.009673
0.000325
-0.004230
-0.004908
-0.003447
-0.003250
-0.010398
-0.012040
-0.009652
-0.007751
-0.005159
-0.013199
-0.008079
-0.009303
-0.008732
-0.006418
-0.016545
-0.017038
-0.017176
-0.020899
-0.016854
-0.005680
-0.004262
-0.000549
0.003762
0.007028
0.002557
0.001586
0.000979
0.000957
0.000630
0.000820
0.000735
0.000837
0.000757
0.000920
0.001111
0.001122
0.000871
0.000655
0.000746
0.000958
0.000983
0.000977
0.001065
0.001170
0.001262
0.001222
0.000888
0.000415
0.000418
0.000300
0.000224
0.000226
0.000131
0.000022
-0.000032
-0.000037
-0.000068
-0.000095
-0.000105
-0.000107
-0.000128
-0.000139
-0.000160
-0.000175
-0.000161
-0.000143
-0.000008
0.017091
0.030464
0.027233
0.021129
0.017404
0.006599
-0.000643
-0.004245
-0.004885
-0.006565
-0.011457
-0.011919
-0.008591
-0.005498
-0.006341
-0.010781
-0.011680
-0.008549
-0.007478
-0.013145
-0.018400
-0.017514
-0.015879
-0.019333
-0.014893
-0.012765
-0.009942
-0.005896
0.000859
0.003343
-0.000948
-0.003642
0.001327
0.000950
0.000890
0.000290
0.000508
0.000520
0.000719
0.000709
0.000782
0.001028
0.000382
0.000702
0.000872
0.001049
0.001001
0.001120
0.001204
0.001313
0.001337
0.001092
0.000726
0.000517
0.000432
0.000420
0.000331
0.000288
0.000158
0.000012
-0.000022
-0.000057
-0.000073
-0.000101
-0.000109
-0.000124
-0.000138
-0.000160
-0.000189
-0.000213
-0.000213
-0.000844
-0.000643
0.003160
0.024274
0.029872
0.024484
0.019012
0.011187
0.002611
-0.002909
-0.004990
-0.008682
-0.012270
-0.013369
-0.007682
-0.005025
-0.004965
-0.007443
-0.009605
-0.008048
-0.005568
-0.008837
-0.007454
-0.007670
-0.011756
-0.010398
-0.009773
-0.012911
-0.005222
-0.004849
-0.002814
-0.002085
-0.003302
-0.006412
-0.007324
0.000798
0.000845
0.000572
0.000479
0.000531
0.000633
0.000365
0.000472
0.000868
0.000682
0.000781
0.001008
0.000996
0.001196
0.001107
0.001303
0.001285
0.001249
0.001077
0.000595
0.000464
0.000444
0.000428
0.000344
0.000302
0.000252
0.000041
-0.000038
-0.000058
-0.000086
-0.000102
-0.000123
-0.000139
-0.000155
-0.000167
-0.000191
-0.000230
-0.000712
-0.000922
-0.001033
-0.001401
0.006059
0.023337
0.026493
0.022601
0.010150
0.003571
-0.003512
-0.006911
-0.010634
-0.015196
-0.013935
-0.007213
-0.009303
-0.010468
-0.010364
-0.007580
-0.006264
-0.005313
-0.006705
-0.008606
-0.012767
-0.015059
-0.013592
-0.010662
-0.008738
-0.012323
-0.005131
-0.006112
-0.004563
-0.004936
-0.008572
-0.010664
-0.007280
-0.004485
0.000681
0.000697
0.000892
0.000697
0.000503
0.000590
0.000777
0.000850
0.000802
0.000974
0.001116
0.001073
0.001222
0.001121
0.001153
0.001230
0.001121
0.000688
0.000542
0.000452
0.000246
0.000235
0.000171
0.000240
0.000107
-0.000026
-0.000029
-0.000077
-0.000125
-0.000140
-0.000135
-0.000152
-0.000183
-0.000188
-0.000759
-0.000823
-0.000889
-0.001103
-0.001374
-0.001500
0.008404
0.021404
0.019394
0.013179
0.006970
-0.000343
-0.004948
-0.006768
-0.015871
-0.014154
-0.010298
-0.011665
-0.009895
-0.011061
-0.011455
-0.010632
-0.008972
-0.013072
-0.012974
-0.015801
-0.016939
-0.017858
-0.015509
-0.008515
-0.004919
-0.004607
-0.007101
-0.007038
-0.007513
-0.009860
-0.008590
-0.007399
-0.006882
-0.003519
0.000601
0.000809
0.000619
0.000629
0.000675
0.000796
0.001008
0.000846
0.000993
0.001078
0.001009
0.001251
0.001072
0.001204
0.001204
0.001231
0.000718
0.000612
0.000238
0.000175
0.000235
0.000256
0.000462
0.000630
0.000590
0.000748
-0.000085
-0.000089
-0.000153
-0.000115
-0.000499
-0.000626
-0.000648
-0.000812
-0.000876
-0.000944
-0.001075
-0.001144
-0.001145
0.000570
0.018505
0.020211
0.016835
0.006771
-0.000048
-0.002999
-0.007029
-0.014395
-0.016303
-0.012117
-0.013427
-0.009462
-0.009875
-0.011926
-0.013024
-0.014524
-0.016517
-0.017655
-0.017591
-0.016672
-0.014893
-0.013457
-0.012159
-0.007747
-0.004902
-0.007194
-0.009288
-0.009335
-0.007979
-0.007040
-0.006286
-0.005592
-0.005233
-0.003014
-0.001909
0.000539
0.000613
0.000845
0.000714
0.001031
0.000894
0.001029
0.001095
0.001144
0.001158
0.001287
0.001153
0.001034
0.001233
0.001037
0.000538
0.000457
0.000377
0.000423
0.000529
0.000612
0.000575
0.000557
0.000481
0.000586
0.000563
0.000716
-0.000286
-0.000479
-0.000674
-0.000779
-0.000635
-0.000728
-0.000869
-0.000833
-0.000883
0.000446
0.000659
0.001065
0.002008
0.002332
0.001200
0.000120
0.000910
-0.006620
-0.014098
-0.016671
-0.013197
-0.013236
-0.009428
-0.008758
-0.011433
-0.014333
-0.015761
-0.016255
-0.017318
-0.019028
-0.020567
-0.014883
-0.012937
-0.011419
-0.008881
-0.006538
-0.003413
-0.009288
-0.007593
-0.005093
-0.003800
-0.003383
-0.002813
-0.000573
0.000714
0.000801
0.002942
0.001598
0.001687
0.001366
0.001207
0.001145
0.000991
0.001118
0.001055
0.001154
0.001253
0.001249
0.001106
0.001179
0.001309
0.000514
0.000511
0.000579
0.000578
0.000566
0.000551
0.000582
0.000519
0.000469
0.000497
0.000480
0.000576
0.000637
0.000710
0.000622
-0.000530
0.000546
0.000615
0.000528
0.000497
0.000408
0.000480
0.000490
0.000576
0.000586
0.000630
0.000556
0.000530
0.000501
-0.000008
-0.000957
-0.011616
-0.012655
-0.011155
-0.008888
-0.009304
-0.012371
-0.013850
-0.016558
-0.018204
-0.015623
-0.018762
-0.019698
-0.019233
-0.014784
-0.011188
-0.009223
-0.007886
-0.005534
-0.003502
-0.004014
-0.001774
-0.000744
-0.000170
0.004197
0.005540
0.006443
0.007625
0.009135
0.006395
0.008450
0.009410
0.005417
0.001170
0.001148
0.001026
0.001165
0.001136
0.001220
0.001282
0.001272
0.001401
0.001281
0.000540
0.000447
0.000554
0.000607
0.000487
0.000520
0.000635
0.000585
0.000551
0.000531
0.000517
0.000527
0.000515
0.000460
0.000506
0.000321
0.000449
0.000404
0.000351
0.000379
0.000376
0.000473
0.000523
0.000602
0.000618
0.000591
0.000488
0.000420
0.000420
0.000141
-0.000056
-0.000240
-0.000182
0.002044
0.002085
0.000187
0.000450
-0.006893
-0.010757
-0.014986
-0.014794
-0.016876
-0.015970
-0.015705
-0.014355
-0.011898
-0.009882
-0.009084
-0.008513
-0.007364
-0.000866
0.001261
0.005343
0.004653
0.004956
0.009423
0.012340
0.015017
0.009966
0.005932
0.003989
0.003941
0.001998
0.001277
0.001342
0.001257
0.001198
0.001161
0.001180
0.001249
0.001311
0.001138
0.001356
0.000526
0.000600
0.000699
0.000635
0.000527
0.000545
0.000607
0.000570
0.000491
0.000488
0.000567
0.000597
0.000617
0.000583
0.000484
0.000414
0.000368
0.000347
0.000293
0.000323
0.000323
0.000366
0.000439
0.000462
0.000549
0.000452
0.000335
0.000366
0.000376
0.000255
0.000282
0.000518
0.000404
0.000892
0.000849
0.000727
0.000694
0.000695
0.000367
0.000097
0.000124
-0.000163
-0.000867
-0.000030
-0.010585
-0.012502
-0.009895
-0.010163
-0.009427
-0.008909
-0.007701
0.004160
0.008155
0.004035
0.005938
0.007760
0.011452
0.005581
0.002154
0.001816
0.001662
0.001720
0.001660
0.001297
0.001559
0.001465
0.001554
0.001401
0.001241
0.001212
0.001156
0.001248
0.001377
0.000600
0.000662
0.000745
0.000680
0.000614
0.000521
0.000600
0.000719
0.000476
0.000456
0.000618
0.000660
0.000538
0.000490
0.000515
0.000500
0.000456
0.000359
0.000417
0.000384
0.000299
0.000276
0.000368
0.000423
0.000375
0.000428
0.000279
0.000271
0.000374
0.000339
0.000284
0.000414
0.000432
0.000703
0.000760
0.000702
0.000678
0.000674
0.000695
0.000738
0.000715
0.000947
0.001167
0.001270
0.001580
-0.010573
-0.013140
-0.012096
-0.010693
-0.010735
-0.010563
0.005520
0.007474
0.001553
0.003142
0.004680
0.004551
0.002220
0.001560
0.001408
0.001424
0.001437
0.001490
0.001290
0.001200
0.001426
0.001382
0.001432
0.001347
0.001289
0.001280
0.001245
0.001280
0.000666
0.000623
0.000778
0.000685
0.000568
0.000473
0.000500
0.000626
0.000430
0.000451
0.000490
0.000582
0.000719
0.000562
0.000450
0.000540
0.000491
0.000498
0.000573
0.000475
0.000375
0.000304
0.000237
0.000245
0.000333
0.000425
0.000264
0.000279
0.000298
0.000191
0.000322
0.000519
0.000585
0.000768
0.000918
0.000911
0.000768
0.000730
0.000449
0.000901
0.000790
0.000794
0.001101
0.001135
0.000990
0.002610
-0.010884
-0.012014
-0.010155
-0.010586
-0.008694
-0.003626
0.002141
0.001571
0.001085
0.001996
0.001682
0.001600
0.001444
0.001256
0.001158
0.001000
0.001137
0.000996
0.000797
0.001285
0.001341
0.001558
0.001630
0.001505
0.001305
0.001291
0.001285
0.000768
0.000479
0.000707
0.000854
0.000626
0.000513
0.000483
0.000566
0.000581
0.000420
0.000372
0.000566
0.000728
0.000688
0.000439
0.000543
0.000639
0.000571
0.000583
0.000562
0.000399
0.000225
0.000237
0.000318
0.000532
0.000569
0.000290
0.000398
0.000351
0.000271
0.000385
0.000547
0.000667
0.000877
0.000991
0.000914
0.000794
0.000542
0.000424
0.000802
0.000874
0.000909
0.001178
0.001066
0.001015
0.000986
0.002272
-0.008146
-0.004409
-0.001740
-0.001009
0.000981
-0.004835
0.000758
0.001731
0.001639
0.001228
0.001242
0.001358
0.001144
0.000932
0.000861
0.000860
0.001045
0.000954
0.001068
0.001330
0.001534
0.001693
0.001472
0.001285
0.001217
0.000673
0.000712
0.000545
0.000736
0.000840
0.000663
0.000521
0.000434
0.000617
0.000602
0.000532
0.000335
0.000466
0.000681
0.000695
0.000543
0.000508
0.000597
0.000494
0.000608
0.000548
0.000383
0.000272
0.000353
0.000529
0.000590
0.000754
0.000627
0.000525
0.000529
0.000489
0.000436
0.000590
0.000775
0.000861
0.000921
0.000757
0.000637
0.000334
0.000345
0.000680
0.000940
0.000947
0.001295
0.001185
0.001086
0.001016
0.000957
0.001071
0.001217
0.000613
0.000066
0.000050
-0.001526
0.001614
0.001662
0.001287
0.001217
0.001133
0.001347
0.001526
0.001222
0.000915
0.000915
0.001086
0.000878
0.000977
0.001512
0.001589
0.001577
0.001520
0.001264
0.001070
0.001044
0.000791
0.000733
0.000767
0.000722
0.000730
0.000655
0.000531
0.000619
0.000706
0.000566
0.000439
0.000395
0.000584
0.000668
0.000564
0.000539
0.000547
0.000603
0.000447
0.000332
0.000312
0.000395
0.000426
0.000474
0.000589
0.000743
0.000799
0.000765
0.000750
0.000577
0.000551
0.000683
0.000714
0.000820
0.000852
0.000525
0.000380
0.000353
0.000500
0.000902
0.000904
0.000941
0.001131
0.001212
0.001054
0.000905
0.001059
0.001094
0.000937
0.000686
0.001793
0.001052
0.001313
0.001620
0.001406
0.001410
0.001421
0.001322
0.001461
0.001476
0.001235
0.001156
0.001091
0.000860
0.000933
0.001060
0.001616
0.001571
0.001554
0.001311
0.001366
0.001168
0.000981
0.000775
0.000829
0.000673
0.000631
0.000751
0.000638
0.000606
0.000597
0.000771
0.000703
0.000502
0.000517
0.000486
0.000500
0.000520
0.000533
0.000531
0.000519
0.000466
0.000388
0.000347
0.000477
0.000403
0.000489
0.000620
0.000758
0.000816
0.000787
0.000784
0.000650
0.000620
0.000748
0.000859
0.000825
0.000854
0.000725
0.000685
0.000979
0.000778
0.000830
0.000781
0.000948
0.001164
0.001179
0.001022
0.001032
0.001186
0.001158
0.001006
0.000810
0.001205
0.001588
0.001899
0.001961
0.001853
0.001812
0.001680
0.001342
0.001538
0.001609
0.001362
0.001014
0.000911
0.000892
0.000958
0.001293
0.001515
0.001563
0.001432
0.001520
0.001387
0.001283
0.000978
0.000725
0.000702
0.000563
0.000519
0.000630
0.000505
0.000560
0.000576
0.000757
0.000715
0.000549
0.000466
0.000472
0.000579
0.000566
0.000507
0.000490
0.000481
0.000545
0.000388
0.000358
0.000427
0.000511
0.000599
0.000699
0.000748
0.000839
0.000798
0.000855
0.000701
0.000668
0.000782
0.000888
0.000844
0.000577
0.000761
0.000677
0.000834
0.000489
0.000599
0.000739
0.000933
0.001064
0.001102
0.001174
0.001066
0.001188
0.001119
0.000995
0.000914
0.001434
0.001839
0.002013
0.002263
0.002139
0.001840
0.001697
0.001297
0.001503
0.001702
0.001422
0.001074
0.000948
0.001290
0.001179
0.001232
0.001614
0.001596
0.001646
0.001484
0.001527
0.001385
0.001162
0.000815
0.000564
0.000669
0.000706
0.000616
0.000778
0.000796
0.000606
0.000738
0.000820
0.000723
0.000484
0.000514
0.000682
0.000722
0.000560
0.000563
0.000478
0.000527
0.000491
0.000423
0.000560
0.000659
0.000738
0.000809
0.000833
0.000784
0.000827
0.000795
0.000893
0.000750
0.000900
0.000923
0.000758
0.000404
0.000425
0.000376
0.000411
0.000417
0.000510
0.000738
0.001016
0.001015
0.001130
0.001397
0.001269
0.001220
0.001301
0.001253
0.001047
0.001213
0.001875
0.002109
0.002296
0.002162
0.001954
0.001513
0.001315
0.001437
0.001649
0.001558
0.001476
0.001264
0.001394
0.001076
0.001180
0.001537
0.001628
0.001696
0.001627
0.001431
0.001258
0.000879
