0.000186
0.000238
0.000095
0.000632
0.000130
-0.000081
-0.000423
0.000438
-0.001390
-0.001506
-0.001327
-0.000603
-0.001596
-0.001345
-0.001287
-0.001396
-0.001307
-0.001241
-0.001565
-0.001321
-0.001423
-0.001346
-0.001205
-0.000995
-0.000953
-0.000982
-0.000992
-0.001029
-0.000977
-0.000893
-0.000740
-0.000856
-0.000834
-0.001013
-0.001069
-0.001223
-0.001280
-0.001178
-0.001274
-0.001406
-0.001432
-0.001358
-0.001311
-0.001391
-0.001452
-0.001296
-0.001058
-0.000927
-0.001071
-0.001114
-0.001143
-0.001242
-0.001187
-0.001077
-0.001041
-0.001015
-0.001117
-0.001084
-0.001088
-0.000976
-0.000901
-0.000740
-0.000569
-0.000617
-0.000341
0.000012
-0.001158
0.000315
0.000395
0.000180
0.000061
0.000120
0.000195
-0.001076
-0.001307
-0.001410
-0.001440
-0.001242
-0.001112
-0.001107
-0.001175
-0.001380
-0.001550
-0.001591
-0.001491
-0.001778
-0.001426
-0.001172
-0.001181
-0.001140
-0.001416
-0.001266
-0.001122
-0.001147
-0.001133
-0.001313
-0.001140
-0.001163
-0.001079
-0.001215
-0.001246
-0.001231
-0.001287
-0.000931
-0.000977
-0.001006
-0.001176
-0.001293
-0.001254
-0.001249
-0.001171
-0.001166
-0.001385
-0.001413
-0.001294
-0.001219
-0.001193
-0.001280
-0.001283
-0.001304
-0.001282
-0.001264
-0.001318
-0.001186
-0.001192
-0.001133
-0.001126
-0.001218
-0.001198
-0.001032
-0.001019
-0.000929
-0.001555
-0.001173
-0.001155
-0.000976
-0.000900
-0.000955
-0.001086
-0.001025
-0.001014
-0.000831
-0.001112
-0.000983
-0.001005
-0.000208
-0.001016
-0.001036
-0.001285
-0.001233
-0.000996
-0.001082
-0.001164
-0.001273
-0.001476
-0.001571
-0.001625
-0.001517
-0.001386
-0.001435
-0.001210
-0.001321
-0.001120
-0.001246
-0.001280
-0.001010
-0.001214
-0.001208
-0.001115
-0.000949
-0.000974
-0.001161
-0.001165
-0.001085
-0.001183
-0.001177
-0.001127
-0.001144
-0.001078
-0.001081
-0.001249
-0.001297
-0.001254
-0.001234
-0.001153
-0.001197
-0.001367
-0.001239
-0.001251
-0.001276
-0.001256
-0.001115
-0.001061
-0.001157
-0.001209
-0.001188
-0.001137
-0.001111
-0.001111
-0.001165
-0.001056
-0.000968
-0.000995
-0.001006
-0.000940
-0.001374
-0.001312
-0.001232
-0.001109
-0.000889
-0.000954
-0.001035
-0.001048
-0.001025
-0.001155
-0.001078
-0.001088
-0.000903
-0.000954
-0.001398
-0.001323
-0.001197
-0.001191
-0.001273
-0.001164
-0.001211
-0.001314
-0.001572
-0.001631
-0.001514
-0.001627
-0.001646
-0.001465
-0.001231
-0.001196
-0.001193
-0.001302
-0.001289
-0.001224
-0.001199
-0.001379
-0.001287
-0.001105
-0.000896
-0.001027
-0.001154
-0.001065
-0.001210
-0.001232
-0.001124
-0.001142
-0.001109
-0.001269
-0.001237
-0.001350
-0.001269
-0.001320
-0.001236
-0.001339
-0.001160
-0.001126
-0.001253
-0.001221
-0.001113
-0.001057
-0.001025
-0.001011
-0.001217
-0.000964
-0.001116
-0.001239
-0.001140
-0.001119
-0.000956
-0.000960
-0.000930
-0.000950
-0.001029
-0.001486
-0.001874
-0.001110
-0.000962
-0.000878
-0.001062
-0.001066
-0.001082
-0.001044
-0.001047
-0.001113
-0.000983
-0.001115
-0.001051
-0.001306
-0.001310
-0.001259
-0.001356
-0.001291
-0.001149
-0.001231
-0.001245
-0.001350
-0.001649
-0.001480
-0.001237
-0.001492
-0.001340
-0.001213
-0.001327
-0.000898
-0.000887
-0.001131
-0.001196
-0.001387
-0.001156
-0.001229
-0.001360
-0.001143
-0.001059
-0.001088
-0.001167
-0.001136
-0.000994
-0.001003
-0.001101
-0.001330
-0.001429
-0.001408
-0.001144
-0.000771
-0.001338
-0.001383
-0.001213
-0.001089
-0.001201
-0.001088
-0.001080
-0.001112
-0.000988
-0.001032
-0.001200
-0.001226
-0.001267
-0.001218
-0.001151
-0.001035
-0.001162
-0.001256
-0.000977
-0.000878
-0.001174
-0.001820
-0.001438
-0.001142
-0.000992
-0.001004
-0.000965
-0.001029
-0.001064
-0.001017
-0.001043
-0.001053
-0.001026
-0.001107
-0.001125
-0.002169
-0.001240
-0.001405
-0.001280
-0.001169
-0.001172
-0.001225
-0.001171
-0.001144
-0.001248
-0.001406
-0.001435
-0.001323
-0.001503
-0.001525
-0.001300
-0.001381
-0.000842
-0.001143
-0.001285
-0.001306
-0.001212
-0.000978
-0.001037
-0.001160
-0.001208
-0.001204
-0.001087
-0.000989
-0.001166
-0.001075
-0.001060
-0.001138
-0.001442
-0.001362
-0.001246
-0.001384
-0.001153
-0.001305
-0.001349
-0.001345
-0.001279
-0.001221
-0.001159
-0.001128
-0.001109
-0.001193
-0.001091
-0.001174
-0.001218
-0.001299
-0.001331
-0.001094
-0.001048
-0.001206
-0.001126
-0.000998
-0.000993
-0.001223
-0.001279
-0.001663
-0.000993
-0.000997
-0.001048
-0.001064
-0.001014
-0.001075
-0.001112
-0.001152
-0.001001
-0.001295
-0.001186
-0.001104
-0.000954
-0.001379
-0.001305
-0.001287
-0.001309
-0.001265
-0.001262
-0.001191
-0.001196
-0.001195
-0.001265
-0.001288
-0.001325
-0.001522
-0.001523
-0.001368
-0.001189
-0.001323
-0.001228
-0.001123
-0.000990
-0.001016
-0.001203
-0.000875
-0.000980
-0.001242
-0.001222
-0.001216
-0.001244
-0.001210
-0.001279
-0.001219
-0.001204
-0.001324
-0.001409
-0.001259
-0.001130
-0.001196
-0.001183
-0.001213
-0.001364
-0.001355
-0.001123
-0.001234
-0.001267
-0.001109
-0.001239
-0.001192
-0.001142
-0.001246
-0.001266
-0.001239
-0.001070
-0.001086
-0.000997
-0.000975
-0.000991
-0.001019
-0.001127
-0.001167
-0.001215
-0.000872
-0.000929
-0.001103
-0.001098
-0.001035
-0.001088
-0.001070
-0.001178
-0.001205
-0.001108
-0.001081
-0.001088
-0.001088
-0.001514
-0.001349
-0.001417
-0.001477
-0.001324
-0.001339
-0.001214
-0.001218
-0.001127
-0.001080
-0.001255
-0.001324
-0.001188
-0.001373
-0.001551
-0.001272
-0.001250
-0.001136
-0.000986
-0.001200
-0.001124
-0.001342
-0.001149
-0.001165
-0.001141
-0.001353
-0.001216
-0.001228
-0.001271
-0.001236
-0.001303
-0.001174
-0.001278
-0.001282
-0.001096
-0.001127
-0.001147
-0.001193
-0.001278
-0.001242
-0.001230
-0.001289
-0.001247
-0.001317
-0.001162
-0.001122
-0.001072
-0.001122
-0.001134
-0.001142
-0.001038
-0.000936
-0.000944
-0.001014
-0.000940
-0.000983
-0.001257
-0.001219
-0.000882
-0.000787
-0.001016
-0.001011
-0.001132
-0.001037
-0.001087
-0.001039
-0.001079
-0.001073
-0.000956
-0.001115
-0.001146
-0.001158
-0.001120
-0.001480
-0.001509
-0.001375
-0.001547
-0.001467
-0.001399
-0.001407
-0.001379
-0.001110
-0.001103
-0.001171
-0.001053
-0.001221
-0.001253
-0.001237
-0.001014
-0.001207
-0.001397
-0.001082
-0.000954
-0.001094
-0.001316
-0.001251
-0.001136
-0.001213
-0.001337
-0.001202
-0.001152
-0.001145
-0.001147
-0.001291
-0.001245
-0.001232
-0.001374
-0.001139
-0.001111
-0.001114
-0.001183
-0.001255
-0.001274
-0.001189
-0.001229
-0.001269
-0.001251
-0.001079
-0.001213
-0.001178
-0.000978
-0.001073
-0.000983
-0.000888
-0.000907
-0.000911
-0.000883
-0.001010
-0.000996
-0.000928
-0.000961
-0.001029
-0.001045
-0.001050
-0.001097
-0.001042
-0.001145
-0.001094
-0.001117
-0.001098
-0.001034
-0.001051
-0.001113
-0.001144
-0.001153
0.001326
-0.001354
-0.001403
-0.001397
-0.001441
-0.001475
-0.001562
-0.001462
-0.001276
-0.001190
-0.001031
-0.001018
-0.001292
-0.001412
-0.001303
-0.001198
-0.001006
-0.001120
-0.001223
-0.001172
-0.001009
-0.001216
-0.001130
-0.001198
-0.001227
-0.001140
-0.001274
-0.001267
-0.001221
-0.001165
-0.001144
-0.001197
-0.001240
-0.001377
-0.001244
-0.001136
-0.001200
-0.001153
-0.001211
-0.001253
-0.001252
-0.001250
-0.001170
-0.001240
-0.001195
-0.001218
-0.001043
-0.001173
-0.001171
-0.001042
-0.000949
-0.000961
-0.000978
-0.000927
-0.000836
-0.001087
-0.000930
-0.000932
-0.000934
-0.001011
-0.001063
-0.000960
-0.001091
-0.001157
-0.001161
-0.001144
-0.001213
-0.001072
-0.001126
-0.001284
-0.001180
-0.001232
-0.001182
-0.001067
-0.001515
-0.001343
-0.001431
-0.001536
-0.001564
-0.001536
-0.001552
-0.001218
-0.001187
-0.001033
-0.000907
-0.001181
-0.001102
-0.001037
-0.001416
-0.001285
-0.001181
-0.000988
-0.001181
-0.001388
-0.001244
-0.001058
-0.001281
-0.001172
-0.001078
-0.001152
-0.001153
-0.001105
-0.001176
-0.001081
-0.000945
-0.000920
-0.001293
-0.001361
-0.001207
-0.001210
-0.001104
-0.001249
-0.001240
-0.001233
-0.001259
-0.001242
-0.001214
-0.001203
-0.001209
-0.001189
-0.001159
-0.001171
-0.001066
-0.000797
-0.001041
-0.001019
-0.000965
-0.001042
-0.000977
-0.000943
-0.001029
-0.000985
-0.001016
-0.001076
-0.001016
-0.001009
-0.001154
-0.001209
-0.001168
-0.001142
-0.001228
-0.001318
-0.001335
-0.001277
-0.001207
-0.001144
-0.001183
-0.001600
-0.001557
-0.001383
-0.001393
-0.001488
-0.001559
-0.001485
-0.001340
-0.001078
-0.000991
-0.000984
-0.001012
-0.001166
-0.001261
-0.001290
-0.001269
-0.001458
-0.001302
-0.001216
-0.001281
-0.001163
-0.001176
-0.001120
-0.000898
-0.001083
-0.001088
-0.001080
-0.001076
-0.001142
-0.001236
-0.000984
-0.001192
-0.001375
-0.001241
-0.001229
-0.001098
-0.001053
-0.001124
-0.001214
-0.001261
-0.001370
-0.001262
-0.001128
-0.001167
-0.001088
-0.001138
-0.001148
-0.001176
-0.000954
-0.001094
-0.001059
-0.000916
-0.000941
-0.000966
-0.000993
-0.000982
-0.001033
-0.001032
-0.000930
-0.000967
-0.001117
-0.001141
-0.001122
-0.001153
-0.001168
-0.001190
-0.001273
-0.001324
-0.001408
-0.001525
-0.001307
-0.001268
-0.001340
-0.001525
-0.001349
-0.001269
-0.001475
-0.001534
-0.001513
-0.001413
-0.001219
-0.001171
-0.000758
-0.000785
-0.001045
-0.001123
-0.001122
-0.001334
-0.001410
-0.001296
-0.001234
-0.000981
-0.001058
-0.001338
-0.001196
-0.001144
-0.000994
-0.001084
-0.000951
-0.001254
-0.001172
-0.001208
-0.001177
-0.001097
-0.001164
-0.001124
-0.001290
-0.001105
-0.001362
-0.001120
-0.001134
-0.001204
-0.001130
-0.001080
-0.001073
-0.001066
-0.001131
-0.001320
-0.001316
-0.001171
-0.001089
-0.000984
-0.001286
-0.001039
-0.000921
-0.000913
-0.000940
-0.000932
-0.000937
-0.000981
-0.000937
-0.001013
-0.001035
-0.001144
-0.001170
-0.001143
-0.001143
-0.001231
-0.001223
-0.001333
-0.001247
-0.001390
-0.001465
-0.001432
-0.001332
0.000725
-0.001547
-0.001411
-0.001390
-0.001426
-0.001491
-0.001218
-0.001225
-0.001280
-0.001099
-0.000985
-0.000953
-0.000818
-0.001040
-0.000942
-0.001230
-0.001291
-0.001216
-0.001176
-0.000980
-0.000947
-0.000937
-0.001338
-0.001386
-0.001386
-0.001242
-0.001131
-0.001149
-0.001024
-0.001311
-0.001210
-0.001128
-0.001089
-0.001194
-0.001073
-0.001381
-0.001292
-0.001150
-0.001147
-0.001127
-0.000932
-0.001049
-0.001082
-0.000976
-0.001097
-0.001232
-0.001251
-0.001024
-0.001002
-0.001169
-0.001324
-0.001117
-0.000862
-0.000837
-0.000876
-0.000981
-0.001008
-0.000995
-0.001010
-0.001061
-0.001111
-0.001147
-0.001112
-0.001162
-0.001221
-0.001238
-0.001181
-0.001207
-0.001330
-0.001358
-0.001340
-0.001339
-0.001296
-0.001362
-0.001279
-0.001357
-0.001240
-0.001301
-0.001339
-0.001257
-0.001243
-0.001226
-0.001209
-0.001180
-0.001020
-0.000881
-0.001011
-0.000980
-0.001066
-0.001230
-0.001346
-0.001582
-0.001242
-0.000905
-0.001046
-0.000941
-0.001379
-0.003407
-0.003469
-0.002443
-0.001982
-0.001488
-0.001379
-0.001243
-0.001247
-0.001069
-0.001128
-0.001175
-0.001343
-0.001248
-0.001212
-0.001080
-0.000955
-0.000921
-0.000958
-0.000991
-0.000974
-0.001051
-0.001151
-0.001002
-0.001044
-0.001032
-0.001078
-0.001044
-0.000938
-0.000880
-0.000865
-0.000884
-0.001064
-0.001048
-0.001001
-0.001026
-0.001063
-0.001132
-0.001208
-0.001220
-0.001251
-0.001255
-0.001170
-0.001219
-0.001318
-0.001400
-0.001406
-0.001332
-0.001330
-0.001381
-0.001295
-0.001470
-0.001441
-0.001461
-0.001326
-0.001267
-0.001226
-0.000943
-0.001124
-0.001185
-0.001224
-0.001038
-0.000882
-0.000850
-0.000949
-0.000952
-0.001043
-0.001056
-0.001096
-0.000984
-0.001137
-0.000905
-0.000699
-0.001228
0.001454
0.003361
-0.003793
-0.003804
-0.005226
-0.004804
-0.004308
-0.005195
-0.002154
-0.001130
-0.001093
-0.001139
-0.001337
-0.001189
-0.000948
-0.000868
-0.000882
-0.000845
-0.000791
-0.000830
-0.000943
-0.001082
-0.001178
-0.000886
-0.001128
-0.001171
-0.001213
-0.001101
-0.001054
-0.001026
-0.001023
-0.001014
-0.001015
-0.001104
-0.001031
-0.001122
-0.001188
-0.001234
-0.001220
-0.001345
-0.001262
-0.001307
-0.001347
-0.001345
-0.001338
-0.001260
-0.001500
-0.001343
-0.001250
-0.001291
-0.001469
-0.001498
-0.001383
-0.001124
-0.001104
-0.001034
-0.000919
-0.001300
-0.001004
-0.000924
-0.000928
-0.000838
-0.000735
-0.000719
-0.001008
-0.001097
-0.000410
-0.000163
-0.000118
0.000464
0.000432
0.001249
-0.000625
-0.001346
0.001508
0.003273
0.006535
-0.000511
-0.004726
-0.008157
-0.001681
-0.001195
-0.001033
-0.001036
-0.001207
-0.001318
-0.001088
-0.001099
-0.000889
-0.000861
-0.000736
-0.000470
-0.000699
-0.000852
-0.000930
-0.000933
-0.001013
-0.001118
-0.001171
-0.000993
-0.001020
-0.001032
-0.001045
-0.001041
-0.001066
-0.001124
-0.001070
-0.001113
-0.001083
-0.001174
-0.001297
-0.001270
-0.001291
-0.001315
-0.001355
-0.001342
-0.001199
-0.001094
-0.001347
-0.001242
-0.001359
-0.001383
-0.001100
-0.001364
-0.001514
-0.001380
-0.001159
-0.001125
-0.001060
-0.000927
-0.001188
-0.000940
-0.000744
-0.000935
-0.000789
-0.000702
-0.000738
-0.000125
0.000022
0.000742
0.001314
0.002030
0.002832
0.007834
0.005855
0.005974
0.003623
0.002638
0.002099
0.001669
0.001574
-0.001331
-0.001497
-0.001098
-0.001100
-0.001038
-0.000979
-0.001008
-0.000922
-0.000580
-0.001056
-0.001081
-0.000996
-0.000751
-0.000744
-0.000834
-0.000900
-0.000919
-0.000934
-0.001038
-0.001095
-0.001091
-0.001141
-0.001043
-0.001088
-0.001052
-0.001146
-0.001093
-0.001250
-0.001252
-0.001254
-0.001220
-0.001206
-0.001309
-0.001279
-0.001124
-0.001185
-0.001436
-0.001324
-0.001358
-0.001291
-0.001031
-0.001186
-0.001263
-0.001364
-0.001150
-0.001213
-0.001398
-0.001223
-0.001209
-0.001165
-0.001236
-0.001171
-0.001027
-0.000802
-0.000828
-0.000943
-0.000772
-0.000669
0.000020
0.001468
0.001846
0.002057
0.003510
0.003777
0.004374
0.003375
0.005238
0.006917
0.005982
0.004873
0.005499
0.003067
0.000422
0.000164
0.000344
-0.000031
0.000081
-0.000106
-0.000704
0.000201
0.001348
0.001663
-0.000390
-0.000592
-0.001055
-0.000986
-0.000968
-0.000960
-0.000961
-0.001015
-0.000980
-0.001075
-0.001292
-0.001399
-0.001256
-0.001113
-0.001131
-0.001157
-0.001100
-0.001156
-0.001329
-0.001316
-0.001246
-0.001231
-0.001298
-0.001195
-0.001106
-0.001096
-0.001344
-0.001483
-0.001520
-0.001450
-0.001244
-0.001159
-0.001127
-0.001197
-0.001356
-0.001132
-0.001381
-0.001274
-0.001208
-0.001170
-0.000988
-0.000980
-0.000981
-0.000979
-0.000788
-0.000834
-0.000781
-0.000741
-0.000102
0.000805
0.002643
0.000746
-0.000132
0.001047
0.002007
0.004535
0.004015
0.002682
0.006194
0.008652
0.005644
0.000211
0.000151
0.001169
0.001021
0.001218
0.000875
0.000654
0.000823
0.001939
0.003534
0.000159
0.001330
0.002012
0.000435
-0.000933
-0.001033
-0.001084
-0.001164
-0.001077
-0.001057
-0.001071
-0.001132
-0.001311
-0.001373
-0.001055
-0.001420
-0.001172
-0.001123
-0.001154
-0.001212
-0.001269
-0.001288
-0.001339
-0.001275
-0.001193
-0.001169
-0.001326
-0.001473
-0.001552
-0.001476
-0.001551
-0.001507
-0.001413
-0.001406
-0.001411
-0.001506
-0.001588
-0.001245
-0.001184
-0.001187
-0.001099
-0.000660
-0.001057
-0.001233
-0.000942
-0.000971
-0.000891
-0.000824
-0.000736
-0.000370
-0.001793
0.003439
0.001704
0.000194
-0.001413
-0.001065
-0.000601
0.000135
0.000840
0.004002
0.011143
0.011726
0.001768
-0.001565
-0.002053
-0.001560
-0.000394
-0.000250
-0.000617
-0.001318
-0.001324
-0.000532
0.001630
-0.001967
-0.001134
0.002264
0.000453
-0.000778
-0.000941
-0.001085
-0.001180
-0.001217
-0.001080
-0.001107
-0.001176
-0.001230
-0.001419
-0.001380
-0.001306
-0.001236
-0.001203
-0.001169
-0.001254
-0.001300
-0.001315
-0.001327
-0.001287
-0.001236
-0.001478
-0.001535
-0.001524
-0.001567
-0.001450
-0.001432
-0.001513
-0.001535
-0.001642
-0.001626
-0.001477
-0.001317
-0.000596
-0.001194
-0.001164
-0.001080
-0.000911
-0.001118
-0.001042
-0.000930
-0.000867
-0.000791
-0.000710
-0.000674
-0.000602
-0.000712
-0.002309
0.005276
0.000795
-0.001616
-0.000955
-0.000905
0.001236
0.003037
0.003222
0.002784
0.001213
-0.000956
-0.000442
-0.002189
-0.001828
-0.001491
-0.001464
-0.002223
-0.002466
0.000256
0.006257
0.001435
-0.000593
-0.000926
0.000694
-0.000853
-0.000948
-0.001135
-0.001180
-0.001286
-0.001470
-0.001490
-0.001427
-0.001328
-0.001191
-0.001215
-0.001189
-0.001157
-0.001237
-0.001320
-0.001348
-0.001281
-0.001286
-0.001359
-0.001295
-0.001305
-0.001456
-0.001549
-0.001526
-0.001484
-0.001328
-0.001395
-0.001433
-0.001599
-0.001536
-0.001477
-0.001353
-0.001231
-0.001200
-0.001235
-0.001252
-0.001110
-0.000969
-0.000791
-0.000919
-0.001017
-0.000884
-0.000884
-0.000824
-0.000742
-0.000692
-0.000729
-0.000595
-0.000761
0.001519
0.005277
0.000713
0.000789
0.001179
0.003848
0.004627
0.000382
0.000564
-0.001009
-0.000903
0.000176
0.000245
0.001294
0.002609
-0.004676
-0.005038
-0.002979
-0.001672
0.003595
0.005199
-0.000408
-0.002224
0.000153
-0.000421
-0.000924
-0.001187
-0.001230
-0.001414
-0.001562
-0.001429
-0.001251
-0.001125
-0.001188
-0.001131
-0.001142
-0.001215
-0.001204
-0.001365
-0.001432
-0.001329
-0.001346
-0.001363
-0.001346
-0.001517
-0.001530
-0.001304
-0.001316
-0.001485
-0.001536
-0.001515
-0.001221
-0.001217
-0.001101
-0.001363
-0.001253
-0.001238
-0.001103
-0.001121
-0.001177
-0.001053
-0.000852
-0.000950
-0.000959
-0.001027
-0.000929
-0.000819
-0.000818
-0.000792
-0.000753
-0.000534
-0.000728
-0.000760
-0.000844
0.003492
0.001838
0.001553
0.002303
0.002482
0.000037
-0.000711
-0.001152
-0.000853
-0.000968
0.000409
0.001667
0.001836
0.000088
-0.003628
-0.003152
-0.001325
-0.002548
-0.001839
0.001243
0.000681
0.000031
-0.000447
-0.000357
-0.000708
-0.000743
-0.001150
-0.001326
-0.001376
-0.001551
-0.001398
-0.001257
-0.001233
-0.001210
-0.001209
-0.001234
-0.001293
-0.001375
-0.001420
-0.001323
-0.001242
-0.001331
-0.001444
-0.001236
-0.001144
-0.001313
-0.001317
-0.001588
-0.001487
-0.001444
-0.001218
-0.001234
-0.001362
-0.001107
-0.001091
-0.001149
-0.001136
-0.001094
-0.001240
-0.001161
-0.000998
-0.000949
-0.001027
-0.000931
-0.000932
-0.000904
-0.000877
-0.000929
-0.000858
-0.000713
-0.000686
-0.000730
-0.000758
-0.000934
-0.000663
0.000424
-0.000041
-0.000225
-0.000829
-0.000707
-0.000652
-0.000825
-0.000888
-0.000912
-0.000963
-0.000283
-0.000686
-0.002160
-0.000802
0.002456
-0.000765
-0.000513
-0.000288
-0.002587
-0.001308
-0.000427
-0.000295
-0.000445
-0.000946
-0.001244
-0.001285
-0.001349
-0.001418
-0.001385
-0.001388
-0.001288
-0.001182
-0.001196
-0.001181
-0.001218
-0.001300
-0.001357
-0.001251
-0.001221
-0.001424
-0.001263
-0.001107
-0.001424
-0.001566
-0.001616
-0.001587
-0.001571
-0.001386
-0.001378
-0.001395
-0.001221
-0.001237
-0.001305
-0.001439
-0.001306
-0.001261
-0.001108
-0.001170
-0.001032
-0.000964
-0.000927
-0.000939
-0.000810
-0.000892
-0.000899
-0.000933
-0.000973
-0.000843
-0.000696
-0.000650
-0.000650
-0.000815
-0.000283
-0.000305
-0.000830
-0.000879
-0.000773
-0.000693
-0.000659
-0.000746
-0.000768
-0.000750
-0.000752
-0.000917
-0.000776
-0.004100
-0.001133
-0.002311
-0.001438
-0.001032
0.001039
-0.000243
0.000146
0.001430
0.001037
0.000816
-0.000434
-0.000645
-0.001506
-0.001327
-0.001348
-0.001480
-0.001355
-0.001355
-0.001282
-0.001159
-0.001086
-0.001146
-0.001343
-0.001286
-0.001241
-0.001565
-0.001430
-0.001262
-0.001258
-0.001380
-0.001430
-0.001380
-0.001547
-0.001551
-0.001487
-0.001469
-0.001462
-0.001384
-0.001259
-0.001576
-0.001466
-0.001325
-0.001532
-0.000936
-0.001168
-0.001161
-0.000991
-0.000925
-0.000904
-0.000761
-0.000859
-0.000914
-0.000957
-0.000966
-0.000855
-0.000773
-0.000774
-0.000761
-0.000661
-0.001006
-0.001000
-0.001035
-0.001096
-0.000930
-0.000816
-0.000694
-0.000567
-0.000505
-0.000507
-0.000544
-0.001089
-0.002680
-0.003505
-0.003431
-0.008628
-0.007926
-0.000453
0.000602
0.000153
0.004534
0.006753
0.004596
0.002956
-0.000572
-0.003211
-0.000249
0.001826
-0.001478
-0.001593
-0.001655
-0.001559
-0.001432
-0.000781
-0.001187
-0.001357
-0.001142
-0.001186
-0.001414
-0.001358
-0.001386
-0.001377
-0.001442
-0.001311
-0.001270
-0.001319
-0.001505
-0.001391
-0.001205
-0.001517
-0.001565
-0.001432
-0.001406
-0.001608
-0.001530
-0.001439
-0.001421
-0.001009
-0.001160
-0.001217
-0.001055
-0.000805
-0.000915
-0.000813
-0.000785
-0.000885
-0.000971
-0.000831
-0.000878
-0.000816
-0.000851
-0.000964
-0.000982
-0.001028
-0.000988
-0.000952
-0.000931
-0.001087
-0.000622
-0.000320
-0.000122
0.000149
-0.000442
-0.000047
0.000148
-0.001848
-0.007170
-0.008673
-0.009991
-0.009972
-0.006678
-0.004024
-0.002397
0.000330
-0.001161
0.002266
0.002287
0.001257
-0.004866
-0.007689
0.002294
0.000195
-0.000866
-0.001510
-0.001406
-0.002298
0.003233
-0.000288
-0.001317
-0.001289
-0.001240
-0.001319
-0.001342
-0.001437
-0.001312
-0.001445
-0.001399
-0.001425
-0.001487
-0.001427
-0.001573
-0.001624
-0.001725
-0.001539
-0.001390
-0.001297
-0.001360
-0.001503
-0.001352
-0.001257
-0.000962
-0.001081
-0.001120
-0.001196
-0.001129
-0.000983
-0.000865
-0.000808
-0.000812
-0.000860
-0.000922
-0.000909
-0.000850
-0.000956
-0.001013
-0.000996
-0.001143
-0.001123
-0.001150
-0.000971
-0.000198
-0.000518
-0.000387
0.000181
-0.000079
-0.000358
-0.000689
0.000271
-0.000948
-0.010138
-0.013630
-0.010367
-0.007202
-0.003527
-0.002754
-0.002359
-0.001899
0.000031
0.004288
0.003376
0.003544
-0.001711
-0.005768
-0.008086
-0.005390
-0.001976
-0.001267
-0.002148
-0.001009
0.007677
0.006992
-0.000214
-0.001459
-0.001293
-0.001184
-0.001343
-0.001336
-0.001471
-0.001384
-0.001397
-0.001314
-0.001472
-0.001403
-0.001793
-0.001726
-0.001502
-0.001332
-0.001258
-0.001364
-0.001362
-0.001235
-0.001252
-0.001222
-0.001164
-0.001192
-0.001197
-0.001134
-0.001059
-0.001144
-0.000914
-0.000931
-0.000892
-0.000874
-0.000990
-0.000895
-0.000854
-0.000848
-0.000911
-0.000885
-0.001011
-0.000952
-0.000358
-0.000013
-0.000029
-0.000287
-0.000194
-0.000137
0.000331
-0.000272
-0.000643
-0.002172
-0.006628
-0.015106
-0.017558
-0.012556
-0.007863
-0.004670
-0.003263
-0.002285
-0.001895
-0.001104
-0.001063
0.002686
0.004022
0.002399
-0.007231
-0.017194
-0.011742
-0.005770
-0.001720
-0.001469
0.007503
0.026239
0.000790
-0.002154
0.000084
-0.001262
-0.001172
-0.001354
-0.001444
-0.001468
-0.001368
-0.001338
-0.001190
-0.001405
-0.001481
-0.001552
-0.001415
-0.001484
-0.001408
-0.001435
-0.001525
-0.001257
-0.001173
-0.001213
-0.001260
-0.001024
-0.001131
-0.001163
-0.001289
-0.001096
-0.001159
-0.000982
-0.000962
-0.000956
-0.000955
-0.000984
-0.001021
-0.000902
-0.000857
-0.000825
-0.000831
-0.000833
-0.000047
-0.000105
0.000070
0.000185
0.000909
0.000363
-0.000282
-0.000571
-0.000619
-0.002064
-0.004657
-0.012723
-0.019665
-0.018296
-0.015351
-0.009712
-0.005398
-0.003384
-0.002637
-0.001563
-0.001298
-0.001173
-0.001243
-0.001375
-0.001317
-0.001684
-0.007752
-0.008328
-0.015154
-0.002702
0.001681
0.025564
0.016107
-0.000258
-0.002307
0.000237
0.000207
0.000106
-0.001333
-0.001304
-0.001316
-0.001414
-0.001347
-0.001145
-0.001333
-0.001419
-0.001534
-0.001591
-0.001479
-0.001433
-0.001506
-0.001343
-0.001268
-0.001374
-0.001210
-0.001527
-0.000957
-0.000904
-0.001079
-0.001207
-0.001183
-0.001187
-0.001132
-0.000971
-0.001017
-0.001002
-0.000931
-0.000944
-0.000972
-0.000933
-0.000868
-0.000756
-0.000070
-0.000289
-0.000238
-0.000242
-0.000145
0.001009
0.000055
-0.000194
-0.004840
-0.008949
-0.008574
-0.013183
-0.014851
-0.018979
-0.020172
-0.022036
-0.012102
-0.005407
-0.003259
-0.002609
-0.002008
-0.001503
-0.001347
-0.001735
-0.001087
-0.001177
-0.001137
-0.001256
-0.000927
-0.001576
-0.009503
0.006787
0.028302
0.020977
0.001292
-0.003242
-0.003142
-0.000508
0.000460
-0.000040
-0.001237
-0.001299
-0.001172
-0.001228
-0.001111
-0.001367
-0.001495
-0.001547
-0.001692
-0.001537
-0.001327
-0.001321
-0.001537
-0.001544
-0.001601
-0.001606
-0.001236
-0.000837
-0.000880
-0.000986
-0.001042
-0.001112
-0.001247
-0.001250
-0.001026
-0.001093
-0.001052
-0.001033
-0.000968
-0.000905
-0.000837
-0.000468
0.000019
-0.000480
-0.000347
-0.000285
-0.000286
-0.000600
0.000111
0.000545
0.000278
-0.009530
-0.011251
-0.010979
-0.014452
-0.018979
-0.019836
-0.021590
-0.018933
-0.012598
-0.007149
-0.003798
-0.003185
-0.002385
-0.001703
-0.001970
-0.001180
-0.001131
-0.001271
-0.001541
-0.001366
-0.000820
-0.000504
-0.000066
0.012777
0.025580
0.020350
0.000584
-0.005680
-0.004051
0.000112
-0.001508
-0.002214
-0.000054
-0.000583
-0.001040
-0.001081
-0.001263
-0.001321
-0.001121
-0.001456
-0.001601
-0.001479
-0.001664
-0.001589
-0.001786
-0.001659
-0.001575
-0.001375
-0.001416
-0.000898
-0.000919
-0.000999
-0.001128
-0.001211
-0.001281
-0.001042
-0.000808
-0.000784
-0.000971
-0.001002
-0.000677
-0.000178
0.000268
-0.000278
-0.000330
-0.000409
-0.000390
-0.000386
-0.000315
-0.000556
-0.000344
0.000768
0.000550
-0.004643
-0.008302
-0.010986
-0.018617
-0.016564
-0.017113
-0.018010
-0.018109
-0.011998
-0.005966
-0.003807
-0.003673
-0.002863
-0.001755
-0.002048
-0.001614
-0.001656
-0.001862
-0.001573
-0.001522
-0.001339
-0.000842
0.000074
-0.000476
0.008621
0.005962
0.003120
-0.007723
-0.000247
0.000252
-0.001027
-0.001774
-0.003590
-0.002826
0.000215
-0.000095
-0.000095
-0.001292
-0.001467
-0.001471
-0.001437
-0.001604
-0.001721
-0.001540
-0.001711
-0.001663
-0.001639
-0.001450
-0.001500
-0.000860
-0.001033
-0.000981
-0.001223
-0.001285
-0.001001
-0.000925
-0.000752
-0.000797
-0.000830
-0.000946
-0.000762
-0.000408
-0.000341
-0.000330
-0.000263
-0.000290
-0.000357
-0.000315
-0.000434
-0.000539
-0.000622
-0.000553
-0.000805
-0.001274
-0.002669
-0.003129
-0.003889
-0.000658
-0.014812
-0.015730
-0.017282
-0.012197
-0.006201
-0.004190
-0.003493
-0.002942
-0.002295
-0.002140
-0.002225
-0.001741
-0.001907
-0.001663
-0.001680
-0.001744
-0.000840
-0.000341
0.000350
-0.000252
-0.002261
-0.004396
-0.002999
-0.000669
0.001604
-0.000406
-0.000873
-0.002149
-0.005161
-0.005147
-0.001396
-0.000138
0.000291
0.000006
-0.001372
-0.001441
-0.001492
-0.001707
-0.001765
-0.001280
-0.001619
-0.001721
-0.001586
-0.001543
-0.001020
-0.001046
-0.000910
-0.000964
-0.001304
-0.001213
-0.000968
-0.000759
-0.000883
-0.001061
-0.001135
-0.001060
-0.000410
-0.000525
-0.000068
-0.000230
-0.000206
-0.000474
-0.000436
-0.000519
-0.000757
-0.001331
-0.001431
-0.000981
-0.001307
-0.001496
-0.001552
-0.001647
-0.001312
-0.000429
0.000027
-0.011145
-0.008093
-0.004466
-0.003524
-0.003332
-0.003095
-0.002944
-0.003139
-0.002783
-0.002356
-0.002270
-0.002036
-0.002621
-0.003004
-0.001210
-0.001033
0.004089
0.005163
-0.001777
-0.001481
0.000615
0.000827
0.001277
0.000140
0.003175
-0.003000
-0.001572
0.000490
0.001132
-0.001513
-0.001540
-0.001614
0.000142
-0.000344
-0.000734
-0.001664
-0.001435
-0.001579
-0.001719
-0.001798
-0.001553
-0.001390
-0.000965
-0.001014
-0.000895
-0.000846
-0.000913
-0.001165
-0.001096
-0.000950
-0.000892
-0.001046
-0.001229
-0.001062
-0.001166
-0.001191
-0.001271
-0.001008
-0.001363
-0.001192
-0.001372
-0.001363
-0.001219
-0.001312
-0.001418
-0.001287
-0.001308
-0.001503
-0.001465
-0.001440
-0.001507
-0.001470
-0.001150
-0.000975
-0.000907
-0.000672
-0.000222
-0.000214
0.000265
-0.002665
-0.003408
-0.002878
-0.003343
-0.002582
-0.002832
-0.004747
-0.002908
-0.001452
-0.000602
-0.001004
-0.006196
-0.014350
-0.008958
0.000260
-0.000276
-0.000516
-0.000553
0.000181
0.000529
-0.000110
-0.001387
-0.001490
-0.001651
-0.001425
-0.001422
-0.001641
-0.001814
-0.001530
-0.001437
-0.001417
-0.001377
-0.001338
-0.001560
-0.001376
-0.001324
-0.001081
-0.001019
-0.000986
-0.001010
-0.000990
-0.001130
-0.000865
-0.001108
-0.001061
-0.000900
-0.000669
-0.001392
-0.001080
-0.000925
-0.001393
-0.001360
-0.001330
-0.001092
-0.001367
-0.001365
-0.001167
-0.001309
-0.001366
-0.001436
-0.001350
-0.001389
-0.001321
-0.001450
-0.001379
-0.001537
-0.001450
-0.001348
-0.001514
-0.001585
-0.001400
-0.001273
-0.001360
-0.000575
-0.000345
-0.000398
-0.000403
-0.000421
-0.000740
-0.000609
-0.003652
-0.003031
-0.003837
-0.007526
-0.015951
-0.021967
-0.023468
-0.007651
-0.001330
-0.001620
-0.001583
-0.001068
-0.001483
-0.001456
-0.001569
-0.001473
-0.001367
-0.001306
-0.001568
-0.001563
-0.001649
-0.001432
-0.001337
-0.001306
-0.001316
-0.001318
-0.001488
-0.001383
-0.001455
-0.001080
-0.001032
-0.000926
-0.000819
-0.000865
-0.000821
0.000081
-0.001172
-0.001374
-0.001302
-0.000829
-0.001273
-0.001119
-0.001065
-0.001031
-0.001070
-0.001181
-0.001239
-0.001363
-0.001459
-0.001482
-0.001342
-0.001520
-0.001440
-0.001308
-0.001242
-0.001298
-0.001264
-0.001301
-0.001398
-0.001548
-0.001299
-0.001515
-0.001551
-0.001346
-0.001418
-0.001512
-0.001725
-0.001734
-0.001886
-0.001926
-0.001592
-0.001515
-0.001408
-0.000315
-0.005135
-0.012352
-0.017430
-0.017773
-0.020651
-0.017448
-0.000319
-0.001597
-0.001475
-0.001556
-0.001890
-0.001928
-0.001916
-0.001710
-0.001414
-0.001520
-0.001368
-0.001321
-0.001515
-0.001564
-0.001276
-0.001194
-0.001160
-0.001354
-0.001348
-0.001348
-0.001321
-0.001416
-0.001219
-0.001157
-0.001015
-0.000640
0.000033
0.000051
0.000088
0.000095
-0.001315
-0.001319
-0.001154
-0.001022
-0.000701
-0.001021
-0.000813
-0.001044
-0.001271
-0.001265
-0.001496
-0.001604
-0.001535
-0.001490
-0.001512
-0.001558
-0.001417
-0.001250
-0.001332
-0.001421
-0.001501
-0.001495
-0.001484
-0.001399
-0.001462
-0.001468
-0.001505
-0.001614
-0.001610
-0.001495
-0.001523
-0.001547
-0.001584
-0.001527
-0.001779
-0.001921
-0.001708
0.000017
-0.010766
-0.012296
-0.018022
-0.010254
-0.001982
0.001250
-0.000947
-0.001356
-0.001779
-0.001917
-0.001963
-0.001819
-0.001457
-0.001372
-0.001386
-0.001341
-0.001422
-0.001538
-0.001570
-0.001354
-0.001222
-0.001287
-0.001388
-0.001511
-0.001373
-0.001240
-0.001465
-0.001286
-0.000982
0.000056
0.000059
0.000052
0.000068
0.000103
0.000102
-0.001219
-0.001175
-0.001163
-0.001190
-0.001113
-0.000920
-0.000953
-0.001191
-0.001686
-0.001564
-0.001676
-0.001675
-0.001394
-0.001486
-0.001293
-0.001485
-0.001714
-0.001486
-0.001445
-0.001630
-0.001648
-0.001620
-0.001589
-0.001667
-0.001450
-0.001408
-0.001429
-0.001745
-0.001543
-0.001526
-0.001595
-0.001674
-0.001902
-0.001578
-0.001766
-0.002023
-0.001686
-0.001631
-0.001729
-0.005715
-0.004288
-0.002422
-0.001786
-0.002810
-0.002866
-0.002088
-0.001301
-0.001719
-0.001682
-0.001484
-0.001408
-0.001573
-0.001574
-0.001631
-0.001630
-0.001500
-0.001477
-0.001390
-0.001383
-0.001520
-0.001501
-0.001364
-0.001226
-0.001427
-0.001680
-0.000869
0.000060
0.000067
0.000061
0.000061
0.000065
0.000089
0.000081
-0.000885
-0.001145
-0.001281
-0.001322
-0.001191
-0.000879
-0.001158
-0.001304
-0.001666
-0.001688
-0.001651
-0.001337
-0.001507
-0.001436
-0.001392
-0.001533
-0.001681
-0.001682
-0.001600
-0.001606
-0.001620
-0.001745
-0.001752
-0.001878
-0.001476
-0.001396
-0.001419
-0.001619
-0.001654
-0.001886
-0.001864
-0.001902
-0.001772
-0.002172
-0.001779
-0.002000
-0.001822
-0.001740
-0.001681
-0.002745
-0.002663
-0.002478
-0.002840
-0.003447
-0.002273
-0.002099
-0.002116
-0.001927
-0.001699
-0.001684
-0.001832
-0.001984
-0.001661
-0.001556
-0.001674
-0.001713
-0.001629
-0.001458
-0.001392
-0.001317
-0.001172
-0.001328
-0.001535
-0.001662
-0.001600
0.000068
0.000075
0.000070
0.000069
0.000071
0.000068
0.000078
0.000073
0.000084
-0.001235
-0.001408
-0.001318
-0.001245
-0.000999
-0.001116
-0.001036
-0.001173
-0.001614
-0.001735
-0.001588
-0.001471
-0.001412
-0.001468
-0.001609
-0.001764
-0.001882
-0.001896
-0.001883
-0.001771
-0.001766
-0.001858
-0.001945
-0.001477
-0.001446
-0.001656
-0.001601
-0.001749
-0.001691
-0.001648
-0.001623
-0.001639
-0.001744
-0.001812
-0.002127
-0.002135
-0.001905
-0.001813
-0.002062
-0.002258
-0.002497
-0.002472
-0.002053
-0.002030
-0.001923
-0.002034
-0.002123
-0.002116
-0.001998
-0.001892
-0.001826
-0.001781
-0.001491
-0.001598
-0.001662
-0.001518
-0.001419
-0.001345
-0.001082
-0.001422
-0.001631
-0.001747
-0.001666
-0.001395
-0.000773
0.000089
0.000074
0.000071
0.000076
0.000075
0.000061
0.000082
0.000081
-0.001304
-0.001162
-0.001069
-0.001099
-0.001016
-0.001092
-0.001083
-0.001126
-0.001547
-0.001586
-0.001588
-0.001459
-0.001478
-0.001549
-0.001618
-0.001759
-0.001666
-0.001760
-0.002011
-0.002023
-0.002004
-0.002013
-0.002077
-0.001695
-0.001554
-0.001466
-0.001697
-0.001799
-0.002001
-0.002184
-0.001672
-0.001658
-0.001950
-0.002089
-0.001957
-0.002084
-0.001977
-0.001767
-0.001806
-0.002143
-0.001954
-0.001859
-0.001955
-0.001971
-0.002023
-0.001942
-0.002030
-0.001853
-0.001751
-0.002044
-0.001734
-0.001747
-0.001401
-0.001501
-0.001507
-0.001491
-0.001453
-0.001352
-0.001270
-0.001625
-0.001754
-0.001650
-0.001608
-0.001740
-0.000538
-0.000899
0.000077
0.000076
0.000083
0.000067
0.000077
0.000070
0.000078
-0.001106
-0.001012
-0.001060
-0.000997
-0.001093
-0.001087
-0.001091
-0.001226
-0.001417
-0.001456
-0.001526
-0.001483
-0.001619
-0.001788
-0.001760
-0.001806
-0.001628
-0.001700
-0.001953
-0.001994
-0.002085
-0.001636
-0.001629
-0.001654
-0.001576
-0.001465
-0.001479
-0.001779
-0.001868
-0.002027
-0.001834
-0.001627
-0.001974
-0.002125
-0.001990
-0.001911
-0.001759
-0.002022
-0.001916
-0.001860
-0.001647
-0.001798
-0.002025
-0.001983
-0.001959
-0.001810
-0.001794
-0.001975
-0.001834
-0.001907
-0.001642
-0.001616
-0.001492
-0.001244
-0.001174
-0.001433
-0.001458
-0.001330
-0.001623
-0.001674
-0.001643
-0.001602
-0.001539
-0.001473
0.000101
0.000094
0.000097
0.000088
0.000069
0.000055
0.000065
0.000088
0.000105
-0.000960
-0.001165
-0.000876
-0.000928
-0.000946
-0.001026
-0.000971
-0.001089
-0.001192
-0.001342
-0.001378
-0.001353
-0.001590
-0.001617
-0.001858
-0.001836
-0.001921
-0.001810
-0.001829
-0.001882
-0.001746
-0.001519
-0.001649
-0.001493
-0.001482
-0.001597
-0.001966
-0.001880
-0.001859
-0.002044
-0.001892
-0.001784
-0.001900
-0.001945
-0.001876
-0.001877
-0.002174
-0.002096
-0.001987
-0.001841
-0.001778
-0.001772
-0.002025
-0.002349
-0.001878
-0.001784
-0.002008
-0.001896
-0.001775
-0.001763
-0.001454
-0.001499
-0.001354
-0.001205
-0.001132
-0.001545
-0.001594
-0.001640
-0.001571
-0.001464
-0.001523
-0.001518
-0.001401
-0.001426
