-0.000056
0.000025
0.000054
0.000632
0.000084
0.000092
0.000125
0.000438
0.000093
0.000074
0.000080
-0.000603
0.000071
0.000079
0.000071
0.000070
0.000073
0.000051
0.000036
0.000026
0.000021
0.000031
0.000039
0.000046
0.000052
0.000049
0.000048
0.000049
0.000046
0.000048
0.000052
0.000052
0.000049
0.000049
0.000046
0.000036
0.000028
0.000022
0.000021
0.000021
0.000020
0.000015
0.000013
0.000011
0.000009
0.000007
0.000007
0.000007
0.000007
0.000005
0.000004
0.000004
0.000003
0.000003
0.000005
0.000006
0.000013
0.000012
0.000069
0.000163
0.000049
-0.000008
-0.000137
-0.000025
0.000002
0.000004
-0.001158
0.000002
0.000000
-0.000001
0.000061
-0.000004
0.000195
0.000039
0.000070
0.000081
0.000086
0.000089
0.000099
0.000093
0.000092
0.000084
0.000087
0.000081
0.000074
0.000059
0.000076
0.000073
0.000073
0.000053
0.000061
0.000040
0.000028
0.000019
0.000019
0.000031
0.000034
0.000046
0.000044
0.000046
0.000049
0.000044
0.000043
0.000047
0.000044
0.000045
0.000047
0.000048
0.000036
0.000029
0.000025
0.000022
0.000023
0.000022
0.000017
0.000015
0.000011
0.000007
0.000007
0.000005
0.000004
0.000002
0.000004
0.000006
0.000006
0.000004
0.000010
0.000056
0.000068
0.000259
0.000117
0.000414
-0.001720
-0.000010
0.000232
0.000342
0.000012
0.000002
0.000003
0.000003
0.000003
0.000002
0.000003
0.000001
0.000000
0.000004
0.000050
0.000045
0.000069
0.000075
0.000092
0.000109
0.000094
0.000086
0.000076
0.000082
0.000086
0.000082
0.000069
0.000068
0.000060
0.000056
0.000048
0.000049
0.000049
0.000039
0.000012
0.000016
0.000024
0.000027
0.000026
0.000042
0.000045
0.000049
0.000045
0.000043
0.000056
0.000046
0.000048
0.000043
0.000041
0.000035
0.000028
0.000024
0.000023
0.000021
0.000021
0.000020
0.000013
0.000011
0.000009
0.000008
0.000006
0.000002
0.000004
0.000006
0.000005
0.000005
0.000010
0.000118
0.000943
0.000452
0.000032
0.000019
0.000175
-0.001063
-0.000321
-0.000044
-0.000180
-0.000003
0.000002
0.000000
0.000003
0.000004
0.000003
0.000004
0.000003
-0.000002
0.000004
0.000065
0.000082
0.000076
0.000076
0.000097
0.000099
0.000105
0.000092
0.000088
0.000083
0.000089
0.000071
0.000069
0.000053
0.000056
0.000057
0.000055
0.000049
0.000052
0.000046
0.000030
0.000026
0.000032
0.000032
0.000030
0.000046
0.000048
0.000047
0.000049
0.000049
0.000050
0.000048
0.000052
0.000043
0.000037
0.000039
0.000033
0.000029
0.000028
0.000022
0.000017
0.000019
0.000012
0.000009
0.000006
0.000005
0.000005
0.000006
0.000004
0.000004
0.000005
0.000003
-0.000012
0.000042
0.000536
0.000676
0.000101
0.000048
-0.000119
-0.001620
-0.000536
-0.000025
0.000002
0.000003
0.000002
0.000002
0.000003
0.000004
0.000004
0.000004
0.000003
0.000002
0.000002
0.000085
0.000088
0.000093
0.000084
0.000076
0.000093
0.000098
0.000098
0.000079
0.000087
0.000087
0.000073
0.000073
0.000053
0.000051
0.000055
0.000042
0.000041
0.000057
0.000057
0.000048
0.000040
0.000035
0.000038
0.000041
0.000046
0.000048
0.000049
0.000048
0.000053
0.000054
0.000048
0.000050
0.000053
0.000052
0.000038
0.000021
0.000029
0.000025
0.000021
0.000018
0.000018
0.000014
0.000009
0.000006
0.000004
0.000005
0.000006
0.000006
0.000003
0.000010
0.000065
-0.000005
0.000012
0.000182
0.000294
0.000091
-0.000229
-0.002411
-0.001011
-0.000090
0.000002
0.000002
0.000001
0.000002
0.000001
0.000003
0.000003
0.000001
0.000004
0.000004
0.000004
-0.002169
0.000095
0.000090
0.000087
0.000060
0.000061
0.000070
0.000070
0.000095
0.000094
0.000085
0.000084
0.000071
0.000068
0.000051
0.000042
0.000052
0.000043
0.000043
0.000056
0.000061
0.000056
0.000047
0.000047
0.000037
0.000041
0.000049
0.000048
0.000049
0.000053
0.000050
0.000055
0.000053
0.000052
0.000049
0.000046
0.000051
0.000033
0.000032
0.000022
0.000020
0.000017
0.000018
0.000016
0.000009
0.000008
0.000007
0.000005
0.000007
0.000004
0.000003
-0.000004
-0.000092
-0.000160
-0.000013
0.000101
0.000308
0.000011
-0.000358
-0.001276
-0.001229
-0.000057
0.000001
0.000002
0.000003
0.000002
0.000002
0.000002
0.000003
-0.000000
0.000004
0.000004
0.000003
0.000002
0.000105
0.000100
0.000083
0.000085
0.000065
0.000065
0.000083
0.000091
0.000091
0.000085
0.000084
0.000075
0.000058
0.000040
0.000041
0.000050
0.000055
0.000037
0.000058
0.000060
0.000053
0.000058
0.000055
0.000048
0.000043
0.000045
0.000043
0.000044
0.000057
0.000060
0.000065
0.000060
0.000051
0.000052
0.000050
0.000044
0.000036
0.000029
0.000021
0.000019
0.000017
0.000018
0.000012
0.000011
0.000008
0.000003
0.000005
0.000006
0.000004
0.000005
0.000001
-0.000086
-0.000006
-0.000013
0.000002
-0.000008
-0.000119
-0.000401
-0.001004
-0.000074
0.000001
0.000002
0.000002
0.000001
0.000002
0.000003
0.000003
0.000003
0.000003
0.000004
0.000004
0.000003
0.000003
0.000116
0.000107
0.000099
0.000076
0.000092
0.000079
0.000081
0.000090
0.000092
0.000089
0.000092
0.000074
0.000062
0.000059
0.000032
0.000030
0.000043
0.000040
0.000048
0.000064
0.000060
0.000066
0.000064
0.000059
0.000052
0.000051
0.000046
0.000049
0.000061
0.000063
0.000063
0.000064
0.000059
0.000055
0.000051
0.000048
0.000039
0.000032
0.000021
0.000021
0.000021
0.000019
0.000016
0.000014
0.000008
0.000007
0.000006
0.000005
0.000006
0.000003
0.000003
0.000001
-0.000007
-0.000098
-0.000011
-0.000014
-0.000484
-0.000158
-0.000015
-0.000000
0.000001
0.000001
-0.000000
0.000003
0.000002
-0.000001
0.000002
0.000002
0.000003
0.000002
0.000003
0.000004
0.000003
0.000118
0.000108
0.000097
0.000081
0.000090
0.000092
0.000083
0.000091
0.000089
0.000090
0.000087
0.000076
0.000069
0.000050
0.000031
0.000044
0.000040
0.000051
0.000048
0.000047
0.000061
0.000076
0.000069
0.000068
0.000058
0.000053
0.000050
0.000048
0.000061
0.000057
0.000062
0.000058
0.000059
0.000060
0.000055
0.000047
0.000041
0.000034
0.000032
0.000021
0.000021
0.000017
0.000011
0.000011
0.000007
0.000008
0.000005
0.000004
0.000004
0.000003
0.000003
0.000003
0.000000
-0.000003
0.000001
0.000000
-0.000007
-0.000002
0.000002
0.000001
0.000002
-0.000000
-0.000000
0.000000
-0.000000
0.000001
0.000003
0.000001
0.000002
0.000002
0.000003
0.000003
0.001326
0.000115
0.000117
0.000117
0.000116
0.000104
0.000108
0.000111
0.000089
0.000080
0.000079
0.000071
0.000073
0.000070
0.000062
0.000050
0.000056
0.000049
0.000059
0.000065
0.000061
0.000074
0.000074
0.000069
0.000061
0.000053
0.000048
0.000046
0.000053
0.000059
0.000064
0.000062
0.000062
0.000055
0.000058
0.000061
0.000056
0.000046
0.000040
0.000034
0.000023
0.000017
0.000015
0.000012
0.000009
0.000011
0.000007
0.000005
0.000006
0.000004
0.000003
0.000002
0.000001
-0.000001
0.000003
0.000001
-0.000001
-0.000001
-0.000001
0.000001
0.000001
-0.000001
0.000001
0.000002
0.000002
0.000003
-0.000001
0.000003
-0.000001
0.000003
0.000003
0.000003
0.000003
-0.000001
0.000123
0.000110
0.000131
0.000123
0.000117
0.000113
0.000113
0.000093
0.000074
0.000072
0.000067
0.000072
0.000080
0.000065
0.000048
0.000053
0.000061
0.000067
0.000065
0.000074
0.000072
0.000060
0.000062
0.000063
0.000049
0.000044
0.000047
0.000049
0.000060
0.000068
0.000062
0.000054
0.000055
0.000053
0.000059
0.000060
0.000048
0.000045
0.000038
0.000021
0.000015
0.000012
0.000013
0.000012
0.000011
0.000009
0.000006
0.000004
0.000004
0.000003
0.000003
0.000002
0.000002
0.000001
0.000001
0.000000
0.000000
0.000001
0.000001
0.000001
0.000001
0.000001
0.000001
0.000001
0.000002
0.000002
0.000001
0.000003
0.000002
0.000003
0.000002
0.000002
0.000001
0.000103
0.000108
0.000126
0.000125
0.000129
0.000123
0.000105
0.000086
0.000082
0.000094
0.000074
0.000071
0.000087
0.000075
0.000065
0.000063
0.000064
0.000066
0.000055
0.000060
0.000067
0.000068
0.000059
0.000055
0.000048
0.000050
0.000052
0.000050
0.000060
0.000067
0.000061
0.000065
0.000058
0.000053
0.000053
0.000055
0.000049
0.000046
0.000037
0.000022
0.000012
0.000009
0.000012
0.000009
0.000009
0.000007
0.000006
0.000004
0.000002
0.000002
0.000002
0.000002
0.000002
0.000002
0.000001
0.000000
0.000001
0.000001
0.000001
0.000000
0.000001
0.000001
0.000002
0.000001
0.000002
0.000002
0.000001
0.000004
0.000003
0.000003
0.000002
0.000002
0.000001
0.000111
0.000109
0.000120
0.000126
0.000120
0.000120
0.000102
0.000100
0.000096
0.000079
0.000083
0.000089
0.000086
0.000078
0.000068
0.000077
0.000082
0.000064
0.000050
0.000052
0.000059
0.000071
0.000065
0.000065
0.000059
0.000049
0.000057
0.000059
0.000060
0.000069
0.000071
0.000063
0.000052
0.000049
0.000043
0.000053
0.000046
0.000041
0.000032
0.000015
0.000012
0.000010
0.000011
0.000007
0.000008
0.000006
0.000005
0.000003
0.000004
0.000003
0.000001
-0.000000
-0.000001
0.000002
0.000001
0.000001
0.000001
0.000001
-0.000002
0.000001
0.000001
0.000001
0.000002
0.000002
0.000001
0.000002
0.000001
0.000003
0.000002
0.000002
0.000003
0.000002
0.000725
0.000109
0.000118
0.000123
0.000123
0.000122
0.000120
0.000109
0.000108
0.000108
0.000101
0.000085
0.000089
0.000093
0.000077
0.000075
0.000078
0.000076
0.000068
0.000053
0.000055
0.000049
0.000065
0.000023
-0.000055
-0.000082
0.000044
0.000045
0.000060
0.000059
0.000066
0.000068
0.000061
0.000052
0.000045
0.000042
0.000030
0.000040
0.000040
0.000028
0.000011
0.000012
0.000010
0.000010
0.000009
0.000008
0.000008
0.000005
0.000005
0.000003
0.000003
0.000002
-0.000003
0.000002
0.000001
0.000001
0.000000
0.000001
0.000001
0.000000
0.000001
0.000001
0.000001
0.000002
0.000002
0.000001
0.000001
0.000001
0.000002
0.000002
0.000002
0.000002
0.000002
0.000000
0.000107
0.000120
0.000113
0.000119
0.000122
0.000109
0.000102
0.000107
0.000110
0.000096
0.000089
0.000104
0.000086
0.000091
0.000084
0.000074
0.000068
0.000055
0.000037
0.000044
0.000056
0.000029
-0.000307
-0.002014
-0.004978
-0.002215
-0.000894
-0.000111
-0.000032
0.000043
-0.000065
-0.000197
0.000011
0.000041
0.000034
0.000026
0.000033
0.000033
0.000023
0.000014
0.000012
0.000011
0.000009
0.000008
0.000007
0.000006
0.000006
0.000004
0.000002
0.000002
0.000002
0.000001
0.000001
0.000001
0.000001
0.000001
-0.000000
-0.000001
0.000000
0.000000
0.000001
0.000001
0.000001
-0.000001
0.000001
0.000001
0.000001
0.000000
0.000002
0.000000
0.000001
0.000001
0.000001
0.000130
0.000116
0.000126
0.000119
0.000104
0.000098
0.000081
0.000098
0.000092
0.000083
0.000085
0.000089
0.000083
0.000091
0.000079
0.000061
0.000058
0.000054
0.000029
0.000046
0.000046
-0.000318
-0.001597
-0.003799
-0.004370
-0.003167
-0.001205
-0.001379
-0.003625
-0.009713
-0.006452
-0.007442
-0.000723
-0.000164
0.000020
0.000032
0.000035
0.000030
0.000023
0.000017
0.000013
0.000011
0.000008
0.000008
0.000006
0.000005
0.000004
0.000003
0.000002
0.000002
-0.000000
0.000001
-0.000000
0.000001
0.000001
0.000001
-0.000000
-0.000000
0.000001
-0.000000
0.000000
0.000001
0.000001
0.000001
0.000001
0.000000
0.000000
0.000001
0.000001
-0.000002
0.000002
0.000000
0.000002
0.000123
0.000127
0.000115
0.000120
0.000094
0.000093
0.000073
0.000088
0.000087
0.000079
0.000076
0.000096
0.000069
0.000062
0.000074
0.000071
0.000020
0.000017
0.000006
0.000034
-0.000098
-0.002708
-0.005109
-0.003430
-0.003611
-0.002310
-0.001765
-0.003662
-0.004803
-0.011555
-0.002786
-0.004257
-0.000829
-0.000044
0.000033
0.000039
0.000041
0.000036
0.000024
0.000020
0.000013
0.000010
0.000008
0.000006
0.000005
0.000005
0.000004
0.000004
0.000002
0.000001
0.000001
0.000000
0.000000
-0.000001
0.000000
-0.000000
0.000001
0.000000
0.000000
0.000000
0.000000
0.000001
0.000001
-0.000000
-0.000000
-0.000001
-0.000000
-0.000000
-0.000002
0.000001
0.000001
0.000001
-0.001100
0.000096
0.000127
0.000118
0.000113
0.000106
0.000090
0.000075
0.000078
0.000090
0.000091
0.000078
0.000079
0.000076
0.000055
0.000150
0.000062
-0.000670
-0.000013
0.000126
0.000182
0.000323
0.000407
0.000503
0.000147
0.000290
-0.000095
-0.001022
-0.003005
-0.003069
-0.000737
-0.003487
-0.003873
-0.000198
0.000032
-0.000081
0.000177
0.000328
0.000096
0.000043
0.000020
0.000014
0.000009
0.000007
0.000004
0.000004
0.000004
0.000004
0.000001
0.000000
0.000001
0.000001
-0.000000
-0.000001
0.000001
-0.000000
-0.000000
-0.000001
0.000001
-0.000001
-0.000000
0.000000
0.000000
0.000000
-0.000001
0.000000
0.000000
-0.000001
0.000000
-0.000000
-0.000000
0.000000
0.000000
0.000005
0.000103
0.000122
0.000126
0.000104
0.000100
0.000087
0.000077
0.000070
0.000076
0.000088
0.000075
0.000063
0.000062
0.000094
0.000815
0.000155
-0.000020
0.000186
0.000072
0.000090
0.000192
0.000416
0.000636
0.000415
0.000473
0.001124
-0.000397
-0.002112
-0.001381
-0.001389
-0.001028
-0.001339
0.000084
0.000340
0.000722
0.002096
0.001820
0.001337
0.000498
0.000036
0.000014
0.000009
0.000005
0.000005
0.000005
0.000004
0.000000
-0.000000
0.000001
0.000001
0.000001
-0.000000
0.000000
-0.000000
-0.000001
-0.000001
-0.000001
0.000000
-0.000002
-0.000001
-0.000001
-0.000000
-0.000001
-0.000001
0.000000
0.000001
0.000000
-0.000000
-0.000002
-0.000001
-0.000000
-0.000001
0.000003
0.000114
0.000116
0.000108
0.000094
0.000089
0.000080
0.000068
0.000064
0.000071
0.000073
0.000070
0.000053
0.000338
0.002300
0.005722
0.000491
0.000180
0.000169
0.000134
0.000079
0.000126
0.000115
0.000297
0.000457
0.000614
-0.000067
0.000539
0.000758
-0.000514
-0.001295
-0.001755
-0.000906
0.000805
0.001349
0.002892
0.004630
0.003467
0.003238
0.002004
0.000139
0.000013
0.000009
0.000006
0.000005
0.000004
0.000003
0.000001
-0.000001
-0.000001
0.000000
-0.000000
-0.000000
-0.000001
-0.000003
-0.000002
-0.000000
-0.000001
-0.000001
-0.000001
-0.000002
-0.000002
-0.000001
-0.000002
-0.000001
-0.000001
-0.000000
-0.000001
-0.000001
-0.000001
-0.000000
-0.000000
-0.000002
0.000002
0.000099
0.000109
0.000107
0.000067
0.000088
0.000074
0.000066
0.000063
0.000071
0.000066
0.000060
0.000078
0.000271
0.005062
0.006974
0.000821
0.000167
0.000125
0.000121
0.000095
0.000094
0.000133
0.000367
0.000555
-0.000052
0.001660
0.002018
0.002604
0.000759
-0.000466
-0.001147
-0.000579
0.000918
0.002418
0.004335
0.006506
0.004816
0.005018
0.002141
0.000218
0.000011
0.000005
0.000004
0.000004
-0.000001
0.000001
0.000000
-0.000000
-0.000001
-0.000000
-0.000001
-0.000001
-0.000001
-0.000001
-0.000001
-0.000001
-0.000001
-0.000001
-0.000002
-0.000003
-0.000005
-0.000002
-0.000002
-0.000002
-0.000002
-0.000001
-0.000002
-0.000002
0.000010
-0.000001
-0.000002
-0.000001
-0.000596
0.000085
0.000107
0.000102
0.000092
0.000092
0.000081
0.000072
0.000064
0.000061
0.000066
0.000067
0.000025
0.000078
0.001577
0.006166
0.002668
0.000411
0.000083
0.000069
0.000066
0.000093
0.000174
0.000048
-0.000213
-0.000129
0.002838
0.003327
0.003997
0.002758
0.000551
-0.000972
-0.000402
0.001035
0.002571
0.004923
0.003831
0.003958
0.002651
0.000176
0.000057
0.000008
0.000005
0.000003
0.000002
0.000003
0.000003
0.000001
-0.000000
-0.000001
-0.000000
-0.000002
-0.000002
-0.000001
-0.000001
-0.000001
-0.000003
-0.000001
-0.000002
-0.000002
-0.000003
-0.000003
-0.000002
-0.000002
-0.000003
-0.000003
-0.000003
-0.000004
-0.000002
-0.000001
-0.000001
-0.000001
-0.000002
-0.000001
0.000086
0.000092
0.000099
0.000088
0.000105
0.000087
0.000070
0.000066
0.000053
0.000062
0.000058
0.000054
0.000051
0.000162
0.002138
0.004201
0.000747
0.000163
0.000053
0.000082
0.000085
-0.000059
-0.000121
-0.000679
-0.000359
0.000932
0.001383
0.002904
0.002979
0.001762
0.000503
0.000089
-0.000786
0.000143
0.001055
0.002863
0.002843
0.001017
0.000380
0.000028
0.000007
0.000003
0.000000
-0.000006
0.000001
0.000000
-0.000000
-0.000001
-0.000001
-0.000001
-0.000003
-0.000002
-0.000002
-0.000002
-0.000002
-0.000003
-0.000002
-0.000003
-0.000002
-0.000003
-0.000003
-0.000004
-0.000003
-0.000003
-0.000004
-0.000003
-0.000003
-0.000002
-0.000002
-0.000001
-0.000001
-0.000001
-0.000002
0.000067
0.000077
0.000098
0.000095
0.000094
0.000080
0.000081
0.000075
0.000064
0.000066
0.000066
0.000066
0.000066
0.000076
0.000145
0.001872
0.002289
0.000479
-0.000044
0.000048
0.000084
0.000003
-0.000278
-0.000068
-0.000300
0.000681
0.000648
0.001292
0.002076
0.000816
0.001960
0.001909
-0.001049
-0.001093
-0.000750
0.001593
0.003404
0.001561
0.000662
0.000101
0.000018
0.000003
-0.000002
-0.000008
-0.000007
-0.000006
-0.000002
-0.000002
-0.000003
-0.000002
-0.000002
-0.000002
-0.000003
-0.000002
-0.000004
-0.000002
-0.000002
-0.000004
-0.000003
-0.000003
-0.000003
-0.000005
-0.000003
-0.000003
-0.000004
-0.000004
-0.000004
-0.000002
-0.000001
-0.000003
-0.000002
-0.000001
-0.000001
0.000080
0.000087
0.000098
0.000097
0.000098
0.000084
0.000085
0.000072
0.000075
0.000076
0.000082
0.000082
0.000069
0.000075
0.000067
0.000132
0.000152
0.000236
0.000074
0.000044
0.000059
0.000058
0.000059
0.000070
0.000077
0.000055
0.000137
0.000452
0.000733
0.000855
0.002244
0.000857
0.000213
-0.000542
-0.000504
-0.000391
0.002404
0.003069
0.001389
0.000522
0.000118
0.000030
-0.000001
-0.000009
-0.000009
-0.000008
-0.000007
-0.000002
-0.000003
-0.000003
-0.000001
-0.000004
-0.000002
-0.000002
-0.000003
-0.000003
-0.000003
-0.000003
-0.000003
-0.000003
-0.000004
-0.000003
-0.000003
-0.000004
-0.000004
-0.000003
-0.000003
-0.000001
-0.000003
-0.000001
-0.000001
-0.000001
-0.000002
0.000069
0.000084
0.000079
0.000084
0.000092
0.000086
0.000080
0.000078
0.000081
0.000082
0.000088
0.000088
0.000083
0.000073
0.000070
0.000065
0.000075
0.000088
0.000073
0.000075
0.000068
0.000065
0.000074
0.000071
0.000072
0.000070
0.000069
0.000047
-0.000303
-0.000840
0.000726
0.000157
-0.000584
0.000205
-0.000089
-0.000579
0.000922
0.003306
0.001969
0.001302
0.001259
0.000794
0.000054
-0.000005
-0.000010
-0.000006
-0.000005
0.000007
-0.000022
-0.000004
-0.000007
-0.000015
-0.000004
-0.000003
-0.000004
-0.000004
-0.000004
-0.000003
-0.000004
-0.000004
-0.000004
-0.000004
-0.000004
-0.000003
-0.000005
-0.000003
-0.000003
-0.000001
-0.000001
-0.000001
-0.000001
-0.000002
-0.000002
0.000069
0.000073
0.000090
0.000089
0.000088
0.000078
0.000078
0.000077
0.000084
0.000089
0.000094
0.000090
0.000092
0.000080
0.000100
0.000103
0.000104
0.000101
0.000107
0.000122
0.000095
0.000091
0.000075
0.000085
0.000087
0.000081
0.000077
0.000150
0.000346
-0.000154
0.000276
0.003240
0.003252
0.001946
0.001058
0.000567
0.001897
0.001334
0.000650
0.000923
0.001374
0.001898
0.001538
0.000439
-0.000100
0.000072
0.000035
0.000260
0.001364
0.000393
-0.000021
-0.000006
-0.000004
-0.000004
-0.000003
-0.000003
-0.000004
-0.000004
-0.000004
-0.000004
-0.000005
-0.000004
-0.000005
-0.000004
-0.000018
-0.000005
-0.000004
-0.000002
-0.000000
-0.000002
-0.000002
-0.000002
-0.000003
0.000073
0.000075
0.000086
0.000076
0.000074
0.000067
0.000079
0.000076
0.000083
0.000092
0.000095
0.000092
0.000088
0.000071
0.000062
0.000103
0.000125
0.000121
0.000113
0.000086
0.000109
0.000155
0.000174
0.001341
0.001890
0.001147
0.000364
0.003205
0.004952
0.002257
-0.000336
0.001904
0.002712
0.003057
0.000857
0.000305
0.002054
0.002616
0.001808
0.000903
0.001979
0.001968
0.001305
0.000489
0.000259
0.000545
0.000513
0.001192
0.004062
0.005228
0.000734
-0.000004
-0.000004
-0.000005
-0.000004
-0.000004
-0.000004
-0.000005
-0.000004
-0.000005
-0.000005
-0.000005
-0.000004
-0.000004
-0.000003
-0.000003
-0.000003
-0.000003
-0.000002
-0.000001
-0.000004
-0.000004
-0.000005
0.000068
0.000067
0.000073
0.000075
0.000081
0.000061
0.000062
0.000086
0.000086
0.000078
0.000093
0.000098
0.000096
0.000056
0.000069
0.000118
0.000125
0.000129
0.000115
0.000109
0.000207
0.000068
0.000534
0.000705
0.000887
0.000221
-0.000171
0.001217
0.003823
0.004934
0.000170
-0.000463
0.001318
0.002083
0.000384
0.000120
0.000253
0.001415
0.001315
0.001173
0.000691
0.000679
0.001385
0.001053
0.000557
0.000807
0.001010
0.002661
0.004606
0.006071
0.005414
0.000276
-0.000005
-0.000004
-0.000004
-0.000004
-0.000004
-0.000005
-0.000005
-0.000004
-0.000004
-0.000003
-0.000004
-0.000004
-0.000004
-0.000006
-0.000002
-0.000004
-0.000002
-0.000007
-0.000004
-0.000003
-0.000005
0.000068
0.000060
0.000080
0.000083
0.000071
0.000059
0.000058
0.000082
0.000092
0.000077
0.000071
0.000085
0.000094
0.000088
0.000080
0.000102
0.000116
0.000118
0.000136
0.000195
0.000276
0.000715
0.001079
0.000501
0.000669
0.000554
-0.000045
0.000409
0.002754
0.003212
-0.000399
-0.001519
0.000431
-0.001208
-0.000612
0.000475
0.000198
-0.000541
-0.001599
0.000615
0.002090
0.002503
0.000631
0.000901
0.000286
-0.000853
0.001047
0.003811
0.004620
0.005901
0.008327
0.007584
0.000492
-0.000004
-0.000005
-0.000004
-0.000004
-0.000005
-0.000005
-0.000004
-0.000004
-0.000004
-0.000004
-0.000004
-0.000004
-0.000005
-0.000005
-0.000005
-0.000005
-0.000005
-0.000004
-0.000003
-0.000005
0.000049
0.000049
0.000069
0.000071
0.000061
0.000051
0.000056
0.000050
0.000087
0.000077
0.000064
0.000069
0.000098
0.000100
0.000101
0.000094
0.000117
0.000178
0.000317
0.000345
0.000546
0.002088
0.001354
0.000731
0.000181
0.000087
0.000289
0.000632
0.002510
0.003330
-0.000744
-0.002850
-0.000138
-0.000257
0.000360
0.000055
0.000655
0.000942
-0.001597
-0.003304
-0.002820
-0.002676
0.001219
0.001897
0.001405
-0.001059
0.000240
0.004356
0.005917
0.007296
0.008830
0.008279
0.001361
0.000070
0.000043
-0.000005
-0.000004
-0.000005
-0.000005
-0.000004
-0.000004
-0.000004
-0.000005
-0.000004
-0.000005
-0.000004
-0.000003
-0.000008
-0.000006
-0.000005
-0.000004
-0.000003
-0.000004
0.000035
0.000048
0.000055
0.000060
0.000054
0.000045
0.000038
0.000043
0.000082
0.000080
0.000084
0.000060
0.000085
0.000112
0.000116
0.000105
0.000210
0.000343
0.000355
0.000313
0.000855
0.002399
0.001361
0.001208
0.000514
-0.000052
0.000259
0.001331
0.003442
0.004171
-0.000989
-0.003947
0.000744
0.001606
0.001336
0.000345
0.000440
0.001199
0.000254
-0.002405
-0.003534
-0.004053
-0.003542
-0.003044
-0.002232
-0.000590
-0.000217
0.007056
0.008870
0.011415
0.008566
0.002785
-0.000074
0.000091
0.000117
0.000011
-0.000005
-0.000004
-0.000004
-0.000005
-0.000006
-0.000004
-0.000007
-0.000008
-0.000006
-0.000007
-0.000005
-0.000005
-0.000005
-0.000004
-0.000004
-0.000008
-0.000006
0.000031
0.000050
0.000054
0.000055
0.000043
0.000037
0.000032
0.000047
0.000088
0.000100
0.000096
0.000079
0.000090
0.000120
0.000158
0.000237
0.000327
0.000352
0.000344
0.000190
0.000217
0.001608
0.001849
0.001624
0.000199
0.000015
0.000859
0.001771
0.003671
0.001789
-0.002778
-0.005044
-0.004383
0.000169
0.001302
0.000827
0.000160
0.000843
0.000432
-0.002722
-0.004060
-0.004339
-0.003974
-0.003434
-0.002796
-0.001360
-0.001078
0.006375
0.010348
0.011864
0.007043
0.001224
0.001394
0.000957
0.000339
0.000043
-0.000141
-0.000066
-0.000005
-0.000005
-0.000005
-0.000006
-0.000013
-0.000012
-0.000007
-0.000005
-0.000004
-0.000005
-0.000003
-0.000005
-0.000004
-0.000005
-0.000007
0.000027
0.000039
0.000054
0.000048
0.000041
0.000028
0.000058
0.000073
0.000120
0.000073
0.000063
0.000094
0.000147
0.000240
0.000302
0.000311
0.000289
0.000337
0.000349
0.000270
0.000265
0.000848
0.001510
0.001373
0.000543
0.000451
0.000937
0.002591
0.002454
-0.000373
-0.003334
-0.006483
-0.005324
-0.003516
-0.002165
0.000813
0.001666
0.000490
-0.000990
-0.002957
-0.004225
-0.004476
-0.003885
-0.003271
-0.002606
-0.002151
-0.001555
0.000059
0.004508
0.005567
0.004908
0.006215
0.005931
0.004856
0.002481
0.000770
0.000772
0.000715
-0.000010
0.000131
0.000184
-0.000007
-0.000008
-0.000008
-0.000008
-0.000005
-0.000005
-0.000005
-0.000003
-0.000007
-0.000007
-0.000008
-0.000009
0.000039
0.000034
0.000049
0.000048
0.000058
0.000050
0.000053
0.000053
0.000065
0.000074
0.000080
0.000126
0.000016
0.000310
0.000341
0.000332
0.000218
0.000274
0.000260
0.000240
0.000245
0.000174
0.000154
0.000260
0.000217
0.000173
0.000573
0.000814
0.000726
-0.001089
-0.003889
-0.006366
-0.007172
-0.006403
-0.004748
-0.000643
0.000905
0.000936
-0.001978
-0.002620
-0.003137
-0.004245
-0.003705
-0.003285
-0.003177
-0.002865
-0.001710
-0.000725
0.000912
0.005162
0.007938
0.009805
0.009623
0.008721
0.007505
0.003914
0.004359
0.004111
0.004363
0.005717
0.003548
0.000173
-0.000004
-0.000007
-0.000007
-0.000008
-0.000007
-0.000005
-0.000009
-0.000008
-0.000008
-0.000015
-0.000008
0.000055
0.000034
0.000047
0.000055
0.000031
0.000026
0.000037
0.000047
0.000060
0.000084
0.000079
0.000066
0.000119
0.000133
0.000152
0.000141
0.000175
0.000149
0.000165
0.000167
0.000142
0.000130
0.000137
0.000113
0.000118
0.000123
-0.000069
-0.000503
0.000522
0.001003
0.002115
-0.005568
-0.006296
-0.005010
-0.003703
-0.001424
-0.000307
-0.000014
-0.003127
-0.004076
-0.004500
-0.004773
-0.003602
-0.003726
-0.003556
-0.003209
-0.001800
-0.000999
-0.000797
0.004786
0.009907
0.008523
0.007505
0.008916
0.009461
0.010000
0.007357
0.006364
0.008125
0.006460
0.001674
0.000048
-0.000025
-0.000002
-0.000005
-0.000003
-0.000007
-0.000010
-0.000009
-0.000009
-0.000008
-0.000007
-0.000010
0.000056
0.000046
0.000041
0.000041
0.000027
0.000028
0.000032
0.000056
0.000075
0.000085
0.000089
0.000085
0.000065
0.000088
0.000114
0.000136
0.000110
0.000097
0.000117
0.000132
0.000126
0.000125
0.000135
0.000108
0.000084
0.000100
0.000086
0.000112
0.000060
0.000394
0.001458
0.000865
0.000101
-0.000279
-0.000232
0.001041
0.001689
-0.000541
-0.002399
-0.004203
-0.004796
-0.004871
-0.003649
-0.003318
-0.003701
-0.002947
-0.002904
-0.002036
-0.001884
-0.001876
0.004622
0.006267
0.004807
0.005182
0.007269
0.009792
0.007361
0.005430
0.001493
0.000344
0.000017
-0.000031
-0.000031
-0.000030
-0.000022
-0.000021
-0.000019
-0.000013
-0.000011
-0.000011
-0.000007
-0.000008
-0.000013
0.000065
0.000057
0.000050
0.000038
0.000029
0.000018
0.000057
0.000064
0.000079
0.000080
0.000094
0.000094
0.000073
0.000073
0.000099
0.000119
0.000104
0.000086
0.000115
0.000122
0.000106
0.000126
0.000130
0.000121
0.000083
0.000102
0.000108
0.000111
0.000106
0.000166
0.000690
0.000626
-0.000047
-0.000504
-0.000267
0.000653
0.000840
0.000205
-0.000032
-0.000163
-0.000301
-0.000395
-0.000367
-0.000324
-0.002488
-0.002804
-0.002975
-0.002784
-0.002196
-0.001709
-0.001178
0.002966
0.001420
0.000299
0.003031
0.005824
0.002992
0.000368
0.000014
-0.000031
-0.000029
-0.000027
-0.000025
-0.000053
-0.000029
-0.000023
-0.000019
-0.000014
-0.000009
-0.000010
-0.000009
-0.000008
-0.000012
0.000072
0.000068
0.000050
0.000038
0.000029
0.000048
0.000081
0.000093
0.000102
0.000101
0.000088
0.000098
0.000080
0.000068
0.000081
0.000088
0.000068
0.000070
0.000132
0.000139
0.000127
0.000115
0.000135
0.000128
0.000082
0.000093
0.000107
0.000115
0.000110
0.000130
0.000190
0.000726
0.000540
-0.000692
-0.000594
-0.000696
0.000107
0.000140
0.000123
0.000127
0.000117
0.000105
0.000082
0.000080
0.000155
-0.002958
-0.003874
-0.002554
-0.001584
-0.001367
-0.000929
0.001439
0.000092
-0.000012
0.000194
0.000374
0.000205
0.000031
-0.000026
-0.000028
-0.000029
-0.000026
-0.000019
-0.000024
-0.000021
-0.000023
-0.000020
-0.000015
-0.000013
-0.000010
-0.000009
-0.000011
-0.000012
0.000069
0.000055
0.000051
0.000026
0.000033
0.000051
0.000088
0.000095
0.000110
0.000078
0.000092
0.000098
0.000102
0.000085
0.000060
0.000094
0.000082
0.000086
0.000135
0.000151
0.000129
0.000135
0.000138
0.000138
0.000091
0.000091
0.000101
0.000111
0.000118
0.000121
0.000152
0.000211
0.000809
0.000000
-0.000197
-0.000269
0.000099
0.000138
0.000127
0.000127
0.000094
0.000091
0.000087
0.000092
0.000079
0.000440
-0.003152
-0.002179
-0.001500
-0.001276
0.003236
0.007072
0.000453
-0.000022
-0.000017
-0.000023
0.000030
-0.000008
-0.000023
-0.000021
-0.000024
-0.000019
-0.000018
-0.000019
-0.000021
-0.000024
-0.000020
-0.000017
-0.000010
-0.000011
-0.000011
-0.000013
-0.000012
0.000061
0.000047
0.000056
0.000059
0.000052
0.000068
0.000103
0.000102
0.000105
0.000097
0.000093
0.000089
0.000094
0.000089
0.000060
0.000095
0.000115
0.000121
0.000145
0.000152
0.000139
0.000136
0.000124
0.000133
0.000116
0.000095
0.000097
0.000121
0.000136
0.000123
0.000127
0.000122
0.000215
0.000323
0.000078
-0.000976
0.000065
0.000136
0.000131
0.000123
0.000110
0.000073
0.000086
0.000095
0.000065
0.000066
0.000443
-0.000634
0.000187
0.000208
0.001510
0.005206
-0.001216
-0.000044
-0.000017
-0.000024
-0.000023
-0.000025
-0.000025
-0.000020
-0.000020
-0.000022
-0.000016
-0.000017
-0.000022
-0.000020
-0.000020
-0.000010
-0.000012
-0.000010
-0.000013
-0.000014
-0.000018
0.000057
0.000060
0.000067
0.000061
0.000061
0.000065
0.000089
0.000081
0.000090
0.000079
0.000057
0.000068
0.000088
0.000078
0.000061
0.000088
0.000121
0.000128
0.000146
0.000133
0.000143
0.000129
0.000129
0.000147
0.000130
0.000106
0.000104
0.000122
0.000136
0.000130
0.000124
0.000129
0.000060
0.000090
-0.000176
-0.000075
0.000103
0.000129
0.000125
0.000118
0.000099
0.000093
0.000082
0.000089
0.000069
0.000064
0.000058
0.000118
0.000120
0.000206
-0.001469
-0.002215
-0.001990
-0.000085
-0.000015
-0.000020
-0.000020
-0.000017
-0.000029
-0.000028
-0.000023
-0.000019
-0.000021
-0.000021
-0.000020
-0.000020
-0.000017
-0.000010
-0.000014
-0.000016
-0.000017
-0.000020
-0.000072
0.000068
0.000075
0.000070
0.000069
0.000071
0.000068
0.000078
0.000073
0.000084
0.000081
0.000063
0.000083
0.000069
0.000075
0.000079
0.000067
0.000096
0.000132
0.000116
0.000141
0.000138
0.000129
0.000143
0.000150
0.000141
0.000119
0.000116
0.000129
0.000141
0.000135
0.000131
0.000130
0.000102
0.000099
0.000090
0.000090
0.000113
0.000125
0.000105
0.000093
0.000095
0.000085
0.000092
0.000099
0.000104
0.000066
0.000060
0.000049
0.000043
-0.000028
-0.000238
-0.000735
-0.000134
-0.000017
-0.000015
-0.000016
-0.000018
-0.000019
-0.000017
-0.000021
-0.000021
-0.000021
-0.000022
-0.000023
-0.000019
-0.000019
-0.000018
-0.000019
-0.000016
-0.000020
-0.000014
-0.000014
-0.000018
0.000098
0.000089
0.000074
0.000071
0.000076
0.000075
0.000061
0.000082
0.000081
0.000085
0.000116
0.000109
0.000077
0.000071
0.000066
0.000066
0.000086
0.000120
0.000133
0.000149
0.000132
0.000137
0.000145
0.000146
0.000158
0.000122
0.000102
0.000104
0.000110
0.000117
0.000121
0.000112
0.000095
0.000096
0.000086
0.000104
0.000095
0.000110
0.000110
0.000102
0.000096
0.000105
0.000150
0.000137
0.000084
0.000060
0.000059
0.000058
0.000049
-0.000002
-0.000026
-0.000039
-0.000020
-0.000020
-0.000019
-0.000007
-0.000020
-0.000018
-0.000020
-0.000022
-0.000020
-0.000018
-0.000024
-0.000025
-0.000020
-0.000017
-0.000018
-0.000016
-0.000015
-0.000015
-0.000017
-0.000016
-0.000015
0.000108
0.000098
0.000077
0.000076
0.000083
0.000067
0.000077
0.000070
0.000078
0.000076
0.000101
0.000098
0.000085
0.000072
0.000071
0.000071
0.000071
0.000104
0.000118
0.000134
0.000135
0.000144
0.000136
0.000153
0.000145
0.000120
0.000096
0.000106
0.000114
0.000100
0.000090
0.000083
0.000088
0.000092
0.000085
0.000078
0.000108
0.000116
0.000112
0.000116
0.000101
0.000110
0.000115
0.000093
0.000075
0.000065
0.000068
0.000065
0.000051
0.000010
-0.000004
-0.000010
-0.000018
-0.000019
-0.000021
-0.000020
-0.000015
-0.000022
-0.000022
-0.000017
-0.000019
-0.000019
-0.000021
-0.000020
-0.000020
-0.000018
-0.000017
-0.000017
-0.000017
-0.000016
-0.000016
-0.000013
-0.000019
0.000101
0.000094
0.000097
0.000088
0.000069
0.000055
0.000065
0.000088
0.000105
0.000092
0.000089
0.000094
0.000081
0.000067
0.000073
0.000072
0.000083
0.000090
0.000142
0.000166
0.000165
0.000144
0.000142
0.000135
0.000146
0.000138
0.000134
0.000129
0.000106
0.000112
0.000091
0.000066
0.000076
0.000082
0.000092
0.000099
0.000104
0.000110
0.000111
0.000110
0.000118
0.000126
0.000102
0.000096
0.000086
0.000081
0.000070
0.000066
0.000059
0.000027
0.000004
-0.000011
-0.000019
-0.000018
-0.000021
-0.000020
-0.000018
-0.000024
-0.000021
-0.000022
-0.000017
-0.000016
-0.000018
-0.000018
-0.000020
-0.000016
-0.000016
-0.000016
-0.000018
-0.000016
-0.000016
-0.000013
-0.000019
