0.000007
0.000007
0.000008
0.000632
0.000012
0.000014
0.000021
0.000438
0.000027
0.000034
0.000032
-0.000603
0.000031
0.000028
0.000032
0.000029
0.000034
0.000032
0.000033
0.000027
0.000029
0.000031
0.000029
0.000031
0.000027
0.000028
0.000029
0.000026
0.000028
0.000027
0.000027
0.000027
0.000032
0.000035
0.000037
0.000033
0.000030
0.000026
0.000028
0.000032
0.000029
0.000030
0.000033
0.000029
0.000030
0.000029
0.000031
0.000030
0.000032
0.000032
0.000028
0.000029
0.000030
0.000028
0.000031
0.000029
0.000029
0.000025
0.000030
0.000035
0.000020
0.000013
0.000004
-0.000004
-0.000011
-0.000010
-0.001158
-0.000008
-0.000007
-0.000002
0.000061
-0.000004
0.000195
0.000002
0.000002
0.000002
0.000010
0.000016
0.000024
0.000030
0.000031
0.000034
0.000035
0.000038
0.000032
0.000032
0.000030
0.000027
0.000033
0.000029
0.000032
0.000023
0.000026
0.000029
0.000030
0.000023
0.000025
0.000027
0.000024
0.000025
0.000023
0.000027
0.000027
0.000030
0.000028
0.000030
0.000035
0.000033
0.000031
0.000034
0.000026
0.000024
0.000024
0.000027
0.000027
0.000028
0.000022
0.000031
0.000033
0.000031
0.000032
0.000027
0.000026
0.000025
0.000025
0.000027
0.000030
0.000035
0.000033
0.000026
0.000029
0.000024
0.000029
0.000024
0.000025
0.000024
0.000028
0.000023
0.000021
0.000027
0.000026
0.000027
0.000028
0.000024
0.000027
0.000017
-0.000003
0.000002
0.000006
0.000010
0.000016
0.000024
0.000028
0.000030
0.000038
0.000039
0.000038
0.000035
0.000032
0.000030
0.000027
0.000034
0.000033
0.000028
0.000028
0.000029
0.000026
0.000026
0.000022
0.000023
0.000020
0.000027
0.000027
0.000027
0.000025
0.000031
0.000031
0.000028
0.000033
0.000033
0.000029
0.000033
0.000030
0.000025
0.000026
0.000027
0.000029
0.000025
0.000026
0.000030
0.000036
0.000036
0.000029
0.000035
0.000032
0.000027
0.000027
0.000029
0.000033
0.000026
0.000030
0.000033
0.000024
0.000026
0.000024
0.000023
0.000023
0.000026
0.000024
0.000023
0.000021
0.000023
0.000024
0.000028
0.000028
0.000025
0.000023
0.000026
0.000025
-0.000004
-0.000000
0.000003
0.000010
0.000016
0.000022
0.000027
0.000037
0.000033
0.000031
0.000036
0.000038
0.000030
0.000028
0.000027
0.000028
0.000027
0.000025
0.000028
0.000028
0.000025
0.000027
0.000024
0.000026
0.000023
0.000025
0.000024
0.000027
0.000022
0.000028
0.000027
0.000029
0.000029
0.000030
0.000026
0.000032
0.000034
0.000034
0.000032
0.000034
0.000033
0.000032
0.000031
0.000032
0.000036
0.000031
0.000027
0.000033
0.000031
0.000027
0.000026
0.000032
0.000029
0.000030
0.000029
0.000024
0.000025
0.000026
0.000029
0.000028
0.000025
0.000023
0.000024
0.000027
0.000022
0.000021
0.000024
0.000026
0.000027
0.000026
0.000027
0.000026
0.000025
-0.000008
-0.000002
0.000003
0.000011
0.000013
0.000021
0.000028
0.000032
0.000035
0.000031
0.000035
0.000035
0.000030
0.000028
0.000023
0.000026
0.000029
0.000031
0.000028
0.000029
0.000026
0.000027
0.000025
0.000024
0.000022
0.000024
0.000023
0.000025
0.000026
0.000028
0.000023
0.000023
0.000031
0.000031
0.000030
0.000030
0.000029
0.000030
0.000025
0.000029
0.000034
0.000031
0.000038
0.000034
0.000033
0.000030
0.000029
0.000027
0.000030
0.000029
0.000029
0.000031
0.000026
0.000026
0.000024
0.000026
0.000022
0.000024
0.000023
0.000027
0.000024
0.000024
0.000025
0.000024
0.000027
0.000023
0.000023
0.000030
0.000027
0.000029
0.000027
0.000027
-0.002169
-0.000009
-0.000006
0.000002
0.000008
0.000015
0.000020
0.000021
0.000031
0.000033
0.000033
0.000036
0.000028
0.000026
0.000026
0.000023
0.000022
0.000028
0.000028
0.000023
0.000022
0.000026
0.000024
0.000024
0.000026
0.000023
0.000021
0.000021
0.000025
0.000027
0.000028
0.000031
0.000032
0.000028
0.000027
0.000026
0.000026
0.000027
0.000027
0.000028
0.000027
0.000033
0.000040
0.000039
0.000035
0.000033
0.000031
0.000031
0.000027
0.000026
0.000030
0.000029
0.000026
0.000025
0.000023
0.000023
0.000026
0.000022
0.000020
0.000025
0.000024
0.000024
0.000024
0.000024
0.000028
0.000021
0.000019
0.000030
0.000027
0.000027
0.000026
0.000028
0.000028
0.000022
-0.000012
-0.000007
0.000001
0.000007
0.000014
0.000018
0.000024
0.000027
0.000032
0.000029
0.000028
0.000030
0.000027
0.000026
0.000023
0.000025
0.000028
0.000027
0.000025
0.000025
0.000026
0.000025
0.000023
0.000024
0.000023
0.000021
0.000022
0.000027
0.000028
0.000027
0.000025
0.000027
0.000029
0.000028
0.000031
0.000027
0.000028
0.000025
0.000026
0.000027
0.000042
0.000041
0.000034
0.000032
0.000030
0.000031
0.000027
0.000030
0.000029
0.000025
0.000027
0.000024
0.000026
0.000025
0.000019
0.000024
0.000017
0.000025
0.000025
0.000023
0.000024
0.000023
0.000025
0.000027
0.000022
0.000026
0.000027
0.000024
0.000024
0.000027
0.000026
0.000029
0.000024
-0.000013
-0.000011
-0.000005
0.000004
0.000012
0.000018
0.000021
0.000027
0.000025
0.000022
0.000019
0.000019
0.000025
0.000025
0.000026
0.000028
0.000025
0.000031
0.000026
0.000022
0.000025
0.000025
0.000023
0.000025
0.000023
0.000024
0.000027
0.000028
0.000030
0.000027
0.000028
0.000026
0.000029
0.000028
0.000027
0.000026
0.000033
0.000029
0.000033
0.000034
0.000035
0.000037
0.000035
0.000032
0.000027
0.000030
0.000025
0.000026
0.000030
0.000025
0.000023
0.000023
0.000027
0.000021
0.000017
0.000019
0.000020
0.000021
0.000023
0.000021
0.000023
0.000027
0.000028
0.000028
0.000023
0.000023
0.000024
0.000022
0.000024
0.000027
0.000028
0.000028
0.000026
-0.000013
-0.000014
-0.000008
0.000001
0.000010
0.000018
0.000022
0.000027
0.000023
0.000025
0.000023
0.000022
0.000026
0.000028
0.000027
0.000029
0.000029
0.000021
0.000025
0.000023
0.000023
0.000029
0.000024
0.000027
0.000026
0.000028
0.000029
0.000027
0.000027
0.000026
0.000028
0.000028
0.000029
0.000028
0.000028
0.000031
0.000030
0.000031
0.000034
0.000032
0.000037
0.000037
0.000034
0.000032
0.000030
0.000029
0.000028
0.000023
0.000024
0.000027
0.000021
0.000024
0.000023
0.000021
0.000025
0.000023
0.000022
0.000021
0.000022
0.000023
0.000025
0.000024
0.000024
0.000026
0.000025
0.000022
0.000025
0.000026
0.000030
0.000028
0.000027
0.000031
0.001326
-0.000010
-0.000010
-0.000006
0.000001
0.000009
0.000017
0.000023
0.000025
0.000025
0.000023
0.000019
0.000021
0.000024
0.000026
0.000023
0.000024
0.000027
0.000021
0.000021
0.000024
0.000027
0.000023
0.000029
0.000027
0.000029
0.000026
0.000026
0.000025
0.000027
0.000027
0.000029
0.000028
0.000028
0.000030
0.000035
0.000029
0.000030
0.000033
0.000036
0.000032
0.000034
0.000035
0.000033
0.000027
0.000030
0.000033
0.000033
0.000031
0.000026
0.000023
0.000025
0.000023
0.000020
0.000022
0.000024
0.000025
0.000023
0.000021
0.000021
0.000023
0.000025
0.000024
0.000026
0.000029
0.000024
0.000025
0.000023
0.000026
0.000030
0.000033
0.000030
0.000031
0.000033
-0.000012
-0.000013
-0.000010
-0.000001
0.000004
0.000013
0.000018
0.000023
0.000024
0.000020
0.000020
0.000021
0.000022
0.000012
0.000019
0.000029
0.000024
0.000021
0.000023
0.000025
0.000026
0.000023
0.000024
0.000023
0.000027
0.000026
0.000025
0.000026
0.000027
0.000028
0.000028
0.000028
0.000030
0.000030
0.000028
0.000031
0.000031
0.000031
0.000034
0.000034
0.000038
0.000034
0.000029
0.000029
0.000034
0.000036
0.000032
0.000031
0.000031
0.000025
0.000021
0.000022
0.000026
0.000025
0.000024
0.000025
0.000023
0.000021
0.000025
0.000026
0.000026
0.000026
0.000026
0.000026
0.000023
0.000022
0.000026
0.000028
0.000028
0.000030
0.000031
0.000032
0.000035
-0.000012
-0.000012
-0.000006
-0.000003
0.000006
0.000012
0.000018
0.000021
0.000019
0.000017
0.000016
0.000020
0.000021
0.000016
0.000022
0.000022
0.000025
0.000019
0.000021
0.000024
0.000025
0.000027
0.000024
0.000023
0.000027
0.000025
0.000028
0.000027
0.000026
0.000023
0.000026
0.000027
0.000028
0.000030
0.000030
0.000028
0.000031
0.000029
0.000034
0.000033
0.000036
0.000032
0.000033
0.000028
0.000032
0.000031
0.000030
0.000031
0.000028
0.000024
0.000023
0.000021
0.000025
0.000027
0.000022
-0.000001
0.000022
0.000026
0.000027
0.000026
0.000024
0.000027
0.000028
0.000024
0.000026
0.000025
0.000026
0.000036
0.000029
0.000032
0.000030
0.000032
0.000031
-0.000012
-0.000008
-0.000013
-0.000008
0.000004
0.000011
0.000014
0.000017
0.000019
0.000020
0.000018
0.000020
0.000020
0.000016
0.000023
0.000022
0.000023
0.000023
0.000021
0.000023
0.000025
0.000024
0.000015
0.000017
0.000021
0.000027
0.000029
0.000026
0.000026
0.000026
0.000028
0.000031
0.000029
0.000031
0.000031
0.000032
0.000029
0.000033
0.000035
0.000032
0.000032
0.000031
0.000035
0.000032
0.000031
0.000029
0.000030
0.000032
0.000031
0.000026
0.000023
0.000024
0.000025
0.000023
0.000023
-0.000001
0.000023
0.000030
0.000029
0.000026
0.000026
0.000025
0.000027
0.000028
0.000029
0.000033
0.000031
0.000030
0.000033
0.000034
0.000032
0.000031
0.000725
-0.000012
-0.000017
-0.000015
-0.000015
-0.000003
0.000009
0.000014
0.000017
0.000017
0.000018
0.000019
0.000020
0.000020
0.000019
0.000020
0.000024
0.000021
0.000024
0.000023
0.000021
0.000023
-0.000013
-0.000045
-0.000022
-0.000046
-0.000040
-0.000045
0.000026
0.000030
0.000026
0.000033
0.000032
0.000031
0.000030
0.000031
0.000029
0.000030
0.000031
0.000031
0.000034
0.000034
0.000034
0.000029
0.000031
0.000031
0.000032
0.000031
0.000030
0.000029
0.000028
0.000026
0.000023
0.000024
0.000022
0.000026
0.000024
0.000028
0.000029
0.000030
0.000029
0.000027
0.000027
0.000028
0.000027
0.000028
0.000032
0.000032
0.000031
0.000034
0.000033
0.000031
0.000027
0.000025
-0.000012
-0.000011
-0.000010
-0.000007
-0.000004
0.000005
0.000014
0.000016
0.000018
0.000016
0.000017
0.000018
0.000018
0.000020
0.000019
0.000020
0.000021
0.000022
0.000023
0.000024
-0.000020
-0.000266
-0.000038
0.000296
-0.000793
-0.001351
-0.001907
-0.000398
-0.000019
0.000029
0.000028
0.000031
0.000030
0.000029
0.000027
0.000029
0.000035
0.000031
0.000034
0.000034
0.000035
0.000034
0.000034
0.000036
0.000035
0.000031
0.000034
0.000027
0.000027
0.000027
0.000025
0.000030
0.000025
0.000026
0.000027
0.000030
0.000031
0.000030
0.000034
0.000032
0.000031
0.000029
0.000029
0.000032
0.000030
0.000031
0.000031
0.000031
0.000031
0.000029
0.000030
0.000033
0.000031
-0.000009
-0.000009
-0.000007
-0.000005
0.000003
0.000008
0.000012
0.000013
0.000014
0.000015
0.000014
0.000016
0.000017
0.000019
0.000020
0.000019
0.000019
0.000020
0.000020
-0.000030
-0.000224
0.000489
0.000201
0.000368
0.000208
-0.001124
-0.001198
-0.001611
-0.001895
-0.000096
0.000031
0.000031
0.000030
0.000031
0.000028
0.000030
0.000029
0.000036
0.000034
0.000031
0.000034
0.000031
0.000030
0.000035
0.000034
0.000033
0.000027
0.000028
0.000025
0.000025
0.000026
0.000026
0.000027
0.000027
0.000027
0.000026
0.000032
0.000029
0.000032
0.000030
0.000030
0.000028
0.000033
0.000030
0.000030
0.000032
0.000032
0.000031
0.000033
0.000031
0.000032
0.000035
0.000027
-0.000004
-0.000005
-0.000005
0.000000
0.000004
0.000007
0.000009
0.000013
0.000009
0.000015
0.000015
0.000017
0.000017
0.000019
0.000020
0.000016
0.000010
0.000004
0.000006
-0.000400
-0.000022
-0.000636
-0.001405
-0.000999
0.000106
0.000447
0.001919
-0.001216
-0.002191
-0.000111
0.000025
0.000030
0.000030
0.000033
0.000034
0.000031
0.000032
0.000033
0.000031
0.000032
0.000029
0.000027
0.000028
0.000032
0.000034
0.000036
0.000030
0.000032
0.000030
0.000026
0.000027
0.000026
0.000028
0.000028
0.000025
0.000025
0.000029
0.000033
0.000031
0.000031
0.000031
0.000035
0.000032
0.000030
0.000031
0.000033
0.000031
0.000031
0.000035
0.000035
0.000037
0.000035
-0.001100
-0.000006
-0.000011
-0.000004
-0.000002
-0.000002
0.000001
0.000006
0.000010
0.000013
0.000011
0.000013
0.000013
0.000014
0.000016
0.000004
0.000009
-0.000066
0.000105
0.000113
0.000069
0.000090
-0.000080
-0.000095
-0.001772
-0.000912
0.000662
0.002112
0.008177
0.000523
0.000051
0.000025
0.000025
0.000031
0.000024
0.000038
0.000059
0.000047
0.000033
0.000030
0.000028
0.000030
0.000029
0.000028
0.000031
0.000034
0.000033
0.000030
0.000030
0.000029
0.000026
0.000024
0.000026
0.000031
0.000029
0.000025
0.000026
0.000031
0.000031
0.000030
0.000032
0.000029
0.000033
0.000030
0.000032
0.000032
0.000034
0.000033
0.000036
0.000048
0.000037
0.000029
0.000026
0.000030
-0.000008
-0.000011
-0.000009
-0.000003
-0.000002
-0.000000
-0.000000
0.000007
0.000014
0.000014
0.000015
0.000013
0.000013
-0.000007
-0.000071
-0.000283
-0.000120
0.000196
0.000100
0.000066
0.000139
-0.000016
-0.000586
-0.000948
-0.001109
0.001155
0.003698
0.001481
0.001663
0.000762
0.000269
0.000033
0.000035
-0.000057
0.000181
0.000636
0.000386
0.000083
0.000048
0.000033
0.000030
0.000027
0.000028
0.000030
0.000033
0.000033
0.000029
0.000029
0.000030
0.000027
0.000025
0.000027
0.000032
0.000027
0.000026
0.000028
0.000035
0.000031
0.000030
0.000029
0.000031
0.000033
0.000034
0.000031
0.000032
0.000034
0.000036
0.000039
0.000039
0.000029
0.000028
0.000027
0.000031
-0.000007
-0.000012
-0.000007
-0.000010
-0.000003
0.000000
0.000004
0.000008
0.000007
0.000010
0.000011
0.000012
0.000004
-0.000032
-0.000314
-0.000889
0.000145
0.000360
0.000085
0.000125
0.000072
-0.000070
-0.000656
-0.001782
-0.001568
-0.000568
0.000592
0.001002
0.001026
0.001612
0.000435
0.000264
0.000135
0.000301
0.000734
0.001036
0.001022
0.000725
0.000405
0.000156
0.000036
0.000026
0.000028
0.000030
0.000034
0.000033
0.000034
0.000027
0.000030
0.000029
0.000024
0.000027
0.000028
0.000028
0.000027
0.000029
0.000036
0.000031
0.000030
0.000032
0.000032
0.000030
0.000032
0.000034
0.000034
0.000035
0.000032
0.000042
0.000030
0.000029
0.000032
0.000036
0.000032
-0.000015
-0.000013
-0.000008
-0.000010
-0.000007
-0.000002
0.000001
0.000003
0.000002
0.000008
0.000010
0.000007
0.000001
0.000020
-0.000131
-0.001507
0.001399
0.000232
0.000013
0.000022
0.000016
-0.000112
-0.001355
-0.001878
-0.000244
0.000037
-0.000008
0.000360
0.000462
0.000472
0.000193
-0.000232
-0.000676
-0.000959
-0.000005
0.000577
0.001562
0.001181
0.001106
0.000516
0.000181
0.000048
0.000013
0.000026
0.000031
0.000034
0.000033
0.000031
0.000029
0.000031
0.000026
0.000026
0.000027
0.000027
0.000025
0.000033
0.000030
0.000030
0.000031
0.000034
0.000046
0.000037
0.000032
0.000032
0.000033
0.000035
0.000033
0.000036
0.000030
0.000027
0.000030
0.000036
-0.000596
-0.000019
-0.000018
-0.000011
-0.000014
-0.000010
-0.000003
-0.000001
-0.000001
0.000002
0.000005
0.000009
0.000007
0.000005
0.000008
0.000690
-0.003102
-0.000342
0.000155
0.000003
0.000020
0.000016
0.000071
0.000739
0.001517
0.000662
0.000353
-0.000458
-0.000204
0.000313
-0.000023
0.000143
0.000274
-0.000880
-0.001021
-0.000622
0.000772
0.001525
0.001770
0.001658
0.000832
0.000283
0.000342
-0.000091
-0.000096
-0.000065
-0.000001
0.000031
0.000032
0.000028
0.000029
0.000028
0.000028
0.000030
0.000030
0.000028
0.000028
0.000028
0.000030
0.000033
0.000054
0.000042
0.000031
0.000026
0.000029
0.000032
0.000033
0.000033
0.000033
0.000032
0.000033
0.000035
0.000030
0.000031
-0.000015
-0.000017
-0.000014
-0.000018
-0.000009
-0.000007
0.000001
-0.000001
-0.000001
0.000003
0.000002
0.000003
0.000003
0.000008
0.000188
0.000358
-0.000912
-0.000018
0.000031
0.000020
-0.000093
0.001380
0.002829
0.002590
0.001943
0.001735
0.001214
0.000835
0.000297
-0.000110
0.000088
0.000219
-0.000174
-0.000543
-0.000428
0.000481
0.000745
0.001646
0.001484
0.001248
0.000461
0.000253
0.000134
-0.001385
-0.001154
-0.000362
-0.000073
0.000033
0.000026
0.000029
0.000030
0.000031
0.000034
0.000034
0.000028
0.000027
0.000030
0.000034
0.000042
0.000032
0.000029
0.000030
0.000030
0.000028
0.000033
0.000033
0.000032
0.000035
0.000038
0.000030
0.000027
0.000030
0.000028
-0.000009
-0.000011
-0.000008
-0.000019
-0.000016
-0.000011
-0.000007
-0.000000
-0.000001
0.000000
-0.000002
0.000003
0.000005
0.000007
0.000138
0.001724
-0.003024
0.000334
0.000426
-0.000220
0.000651
0.001847
0.003063
0.002638
0.002315
0.002908
0.002139
0.002612
0.001225
0.000709
-0.000020
-0.000157
-0.000270
-0.000116
-0.000568
0.000086
0.000250
0.001089
0.001464
0.000801
0.000510
0.000313
0.000394
-0.001753
-0.000791
0.001901
-0.000630
-0.000058
0.000030
0.000030
0.000036
0.000029
0.000035
0.000029
0.000028
0.000029
0.000033
0.000034
0.000039
0.000030
0.000030
0.000031
0.000030
0.000029
0.000031
0.000032
0.000035
0.000035
0.000030
0.000027
0.000029
0.000029
0.000024
-0.000013
-0.000016
-0.000010
-0.000019
-0.000013
-0.000017
-0.000008
-0.000001
0.000002
-0.000002
-0.000002
0.000003
0.000004
0.000004
0.000007
0.000290
0.000734
0.000109
0.000511
0.000678
0.001072
0.001101
0.001257
0.001250
0.001473
0.001198
0.002038
0.003788
0.002560
0.001841
0.003454
0.000581
-0.000508
-0.000977
-0.000804
-0.000138
0.000129
0.000452
0.001348
0.000406
0.000506
0.000548
0.000610
-0.000992
-0.000504
-0.000046
0.000017
-0.000371
-0.000012
0.000027
0.000032
0.000033
0.000032
0.000028
0.000029
0.000033
0.000032
0.000033
0.000032
0.000029
0.000029
0.000032
0.000030
0.000028
0.000029
0.000032
0.000030
0.000039
0.000032
0.000030
0.000027
0.000031
0.000020
-0.000027
-0.000020
-0.000017
-0.000008
-0.000018
-0.000012
-0.000011
-0.000002
0.000000
-0.000008
-0.000010
-0.000001
0.000001
0.000000
0.000012
0.000314
0.000193
0.000486
0.000781
0.000859
0.000864
0.000737
0.000845
0.001099
0.000921
0.001207
0.001522
0.000532
0.000350
0.001104
0.007868
0.000583
-0.000211
-0.000809
-0.000591
-0.000201
-0.000055
-0.000052
0.000138
0.000082
-0.000337
0.000212
0.000422
-0.002095
-0.001869
-0.000409
0.001558
0.002391
0.000131
0.000001
0.000028
0.000032
0.000030
0.000029
0.000033
0.000033
0.000032
0.000033
0.000028
0.000029
0.000028
0.000028
0.000033
0.000031
0.000030
0.000035
0.000041
0.000037
0.000044
0.000036
0.000030
0.000030
0.000020
-0.000027
-0.000028
-0.000029
-0.000024
-0.000017
-0.000018
-0.000001
-0.000015
-0.000020
-0.000031
-0.000018
-0.000015
-0.000018
-0.000004
-0.000000
0.000003
0.000032
0.000250
0.000339
0.000259
0.000279
0.000475
0.000662
0.000373
0.000520
0.000470
0.000485
-0.000288
-0.001161
-0.000856
0.002680
-0.002767
-0.002974
-0.000210
-0.000016
-0.000085
0.001122
0.001931
0.001345
0.001342
0.002290
0.002735
0.000129
-0.001697
-0.000331
0.000651
0.003488
0.002863
0.001709
-0.000052
-0.000019
0.000024
0.000029
0.000032
0.000033
0.000032
0.000031
0.000039
0.000028
0.000027
0.000029
0.000030
0.000030
0.000032
0.000033
0.000047
0.000054
0.000044
0.000032
0.000029
0.000032
0.000027
0.000026
-0.000030
-0.000037
-0.000032
-0.000029
-0.000019
-0.000016
-0.000010
-0.000023
-0.000025
-0.000028
-0.000023
-0.000023
-0.000022
-0.000006
-0.000011
-0.000014
-0.000006
-0.000007
-0.000011
-0.000012
-0.000010
0.000044
0.000240
0.002554
-0.000036
-0.001747
-0.002103
-0.002607
-0.002931
-0.003044
-0.003277
-0.003810
-0.002335
0.000350
0.001433
0.001504
0.000847
0.002991
0.001589
0.003945
0.001120
-0.000835
-0.000198
-0.000177
0.000664
0.002607
0.005452
0.001696
0.001895
0.000744
-0.000400
0.000006
0.000033
0.000031
0.000031
0.000032
0.000032
0.000030
0.000029
0.000027
0.000030
0.000031
0.000034
0.000014
0.000023
0.000037
0.000033
0.000029
0.000028
0.000028
0.000031
0.000029
0.000033
-0.000018
-0.000023
-0.000027
-0.000038
-0.000031
-0.000029
-0.000014
-0.000015
-0.000024
-0.000030
-0.000026
-0.000023
-0.000029
-0.000015
-0.000012
-0.000016
-0.000006
-0.000019
-0.000029
-0.000037
0.000015
0.001463
0.002007
0.003096
0.000941
-0.000981
-0.002037
-0.002402
-0.002880
-0.003402
-0.003929
-0.005055
-0.002026
0.000153
0.001292
0.001702
0.001125
0.000504
0.000743
0.000422
0.000626
0.001085
-0.000314
0.000173
0.000275
0.003966
0.000788
0.000679
0.001667
0.001646
-0.000374
-0.000359
0.000028
0.000029
0.000032
0.000036
0.000027
0.000026
0.000026
0.000033
0.000030
0.000039
0.000040
0.000038
0.000043
0.000030
0.000027
0.000033
0.000033
0.000026
0.000030
0.000032
0.000043
-0.000024
-0.000017
-0.000024
-0.000027
-0.000031
-0.000030
-0.000016
-0.000019
-0.000028
-0.000026
-0.000021
-0.000025
-0.000030
-0.000025
-0.000017
-0.000016
-0.000018
-0.000035
-0.000054
-0.000100
0.000226
0.000726
0.001332
0.002689
0.001609
-0.000773
-0.001402
-0.002113
-0.003252
-0.003985
-0.004760
-0.004531
-0.001012
0.000257
0.001427
0.001742
0.000704
0.001655
0.001853
0.000739
0.001204
0.001007
-0.001741
-0.000768
0.001185
0.001811
0.000581
0.000500
0.000868
-0.000397
-0.003907
-0.009578
0.000111
0.000025
0.000029
0.000039
0.000033
0.000033
0.000033
0.000034
0.000031
0.000036
0.000042
0.000031
0.000028
0.000030
0.000027
0.000027
0.000028
0.000028
0.000035
0.000027
0.000026
-0.000023
-0.000016
-0.000018
-0.000036
-0.000038
-0.000029
-0.000022
-0.000029
-0.000031
-0.000022
-0.000026
-0.000027
-0.000027
-0.000029
-0.000025
-0.000028
-0.000030
-0.000098
-0.000126
-0.000119
0.000046
0.000612
0.001059
0.002253
0.002358
0.000084
-0.000968
-0.002728
-0.003645
-0.004335
-0.004878
-0.004248
-0.000112
-0.000012
0.000570
0.001098
0.001478
0.001358
0.001299
0.000482
-0.000169
0.000047
-0.000038
-0.000536
-0.000004
-0.001316
-0.001035
-0.000529
-0.001408
-0.004300
-0.009819
-0.007640
-0.005023
0.000206
-0.000023
0.000028
0.000032
0.000032
0.000033
0.000026
0.000040
0.000050
0.000033
0.000034
0.000033
0.000028
0.000045
0.000026
0.000030
0.000028
0.000027
0.000023
0.000022
-0.000035
-0.000026
-0.000024
-0.000031
-0.000045
-0.000027
-0.000030
-0.000029
-0.000027
-0.000029
-0.000027
-0.000028
-0.000041
-0.000029
-0.000047
-0.000050
-0.000108
-0.000141
-0.000127
-0.000141
-0.000144
0.000324
0.000891
0.001762
0.002706
0.001230
-0.000792
-0.001554
-0.002522
-0.005225
-0.005942
-0.004801
-0.000438
0.000567
0.000824
0.001144
0.001328
0.000780
0.001217
0.000868
0.000080
-0.000540
-0.000241
0.000348
0.000588
-0.000320
-0.004575
-0.001120
-0.001264
-0.008144
-0.010498
-0.003817
-0.003015
-0.002081
-0.000045
0.000564
0.000015
0.000028
0.000033
0.000027
0.000054
0.000030
0.000032
0.000034
0.000030
0.000026
0.000027
0.000029
0.000030
0.000028
0.000026
0.000024
0.000022
-0.000026
-0.000025
-0.000022
-0.000037
-0.000029
-0.000030
-0.000032
-0.000027
-0.000028
-0.000025
-0.000028
-0.000032
-0.000036
-0.000029
-0.000081
-0.000100
-0.000113
-0.000116
-0.000118
-0.000137
-0.000156
-0.000070
0.000354
0.001067
0.001174
0.001044
0.000982
-0.000537
-0.000786
-0.003281
-0.007591
-0.005871
0.000058
0.000207
0.000551
0.001124
0.001381
0.000503
0.000572
0.000109
-0.000261
-0.000504
0.000024
0.000214
0.000481
0.000334
-0.000222
-0.000112
-0.002035
-0.005234
-0.003584
-0.002450
-0.000443
0.003584
0.003278
0.006048
0.000105
-0.000081
0.000030
0.000026
0.000031
0.000040
0.000031
0.000029
0.000027
0.000027
0.000028
0.000033
0.000029
0.000026
0.000022
0.000022
0.000022
-0.000023
-0.000030
-0.000036
-0.000044
-0.000063
-0.000074
-0.000015
0.000005
-0.000020
-0.000028
-0.000036
-0.000023
-0.000081
-0.000080
-0.000089
-0.000092
-0.000106
-0.000123
-0.000111
-0.000114
-0.000157
-0.000216
0.000086
0.000569
0.000968
0.001828
0.001441
-0.000160
-0.000306
-0.002493
-0.005534
-0.004765
-0.001685
0.000976
0.000858
0.000821
0.000737
0.000556
0.001105
0.000592
-0.000560
-0.000206
-0.000045
0.000209
0.000286
-0.000111
0.000243
-0.000039
-0.000752
-0.002216
-0.002089
0.000938
0.013061
0.014481
0.011552
0.005135
0.000754
-0.000057
0.000015
0.000012
0.000013
0.000025
0.000025
0.000024
0.000022
0.000025
0.000026
0.000027
0.000026
0.000023
0.000024
0.000024
0.000026
-0.000032
-0.000045
-0.000040
-0.000050
-0.000036
-0.000028
-0.000011
0.000000
-0.000026
-0.000002
-0.000005
-0.000063
-0.000093
-0.000080
-0.000091
-0.000095
-0.000107
-0.000126
-0.000141
-0.000153
-0.000157
-0.000054
-0.000039
-0.000093
-0.000195
-0.000294
-0.000087
-0.000147
-0.000024
-0.002017
-0.003619
-0.002133
-0.000498
0.000355
0.001241
0.001656
0.001054
0.001052
0.000838
0.000361
0.000021
-0.000132
-0.000242
0.000175
-0.000800
-0.000735
-0.000430
-0.000355
-0.001594
-0.000701
0.000677
0.006976
0.021498
0.018614
0.015203
0.005268
0.003794
0.003302
0.001117
0.000443
0.000578
0.000008
0.000000
0.000022
0.000024
0.000025
0.000025
0.000025
0.000022
0.000019
0.000022
0.000029
0.000023
-0.000024
-0.000031
-0.000037
-0.000045
-0.000041
-0.000018
-0.000035
-0.000019
-0.000049
-0.000025
-0.000021
-0.000017
0.000015
0.000006
-0.000013
-0.000062
-0.000099
-0.000025
-0.000046
-0.000052
-0.000053
-0.000028
-0.000053
0.000000
0.000002
0.000014
0.000019
0.000020
0.000022
-0.000148
-0.000022
-0.003077
-0.001157
0.001290
0.001677
0.001323
0.001144
0.001021
0.000351
-0.000061
-0.000042
-0.000287
-0.000619
-0.001020
-0.001878
-0.002804
-0.002253
-0.002432
-0.001336
0.000431
0.004543
0.017374
0.013111
0.005866
0.002702
0.004414
0.008440
0.002909
0.001449
0.001150
0.000886
0.000667
0.000232
0.000001
0.000004
0.000014
0.000022
0.000021
0.000019
0.000022
0.000023
0.000048
0.000016
-0.000011
-0.000022
-0.000036
-0.000007
-0.000019
-0.000037
-0.000061
-0.000018
-0.000027
-0.000012
-0.000002
-0.000060
-0.000037
-0.000031
-0.000062
-0.000063
-0.000019
-0.000025
-0.000049
-0.000036
-0.000010
-0.000023
-0.000054
-0.000011
-0.000012
0.000004
0.000011
0.000016
0.000021
-0.000004
0.000072
-0.000530
-0.000539
0.000047
0.000024
0.000045
-0.000042
0.000847
0.000578
0.000306
0.000164
-0.000197
-0.000709
-0.000728
-0.002676
-0.001861
-0.003406
-0.004875
-0.005480
-0.006583
0.000441
0.008853
0.001038
0.000147
-0.000245
0.000100
0.000734
0.000398
0.000385
0.000185
0.000121
0.000116
0.000032
0.000018
0.000015
0.000018
0.000018
0.000017
0.000018
0.000023
0.000021
0.000022
0.000014
-0.000004
-0.000012
-0.000040
-0.000032
-0.000033
-0.000031
-0.000046
0.000005
0.000023
0.000026
0.000032
0.000000
-0.000022
-0.000032
-0.000034
-0.000054
-0.000022
-0.000015
-0.000010
-0.000028
-0.000025
0.000005
-0.000002
0.000002
-0.000004
0.000012
0.000019
0.000007
-0.000008
0.000018
0.000131
-0.000012
-0.000032
0.000051
0.000026
0.000026
0.000020
0.000054
0.000013
-0.000004
0.000073
0.000093
-0.000070
0.000091
-0.002315
-0.003510
-0.005149
-0.006496
-0.007396
-0.007319
-0.008664
-0.002875
-0.000451
0.000322
0.000342
0.000266
0.000365
0.000190
0.000051
0.000018
0.000017
0.000016
0.000013
0.000014
0.000017
0.000017
0.000016
0.000017
0.000018
0.000018
0.000020
0.000018
0.000015
-0.000001
-0.000016
-0.000040
-0.000033
-0.000016
-0.000003
0.000020
0.000020
0.000016
0.000023
0.000032
-0.000022
0.000012
0.000004
-0.000023
-0.000017
-0.000017
0.000007
0.000005
-0.000010
-0.000019
-0.000015
-0.000010
-0.000010
-0.000006
0.000011
0.000007
-0.000001
0.000001
0.000007
-0.000010
-0.000044
-0.000060
-0.000030
0.000023
0.000028
0.000026
0.000022
0.000018
0.000019
0.000018
0.000017
0.000018
0.000023
0.000607
-0.003830
-0.007123
-0.007184
-0.006016
-0.006297
-0.006126
-0.000162
0.000128
0.000112
0.000234
0.000170
0.000091
0.000054
0.000017
0.000012
0.000011
0.000012
0.000015
0.000016
0.000015
0.000015
0.000017
0.000016
0.000016
0.000018
0.000017
0.000017
0.000013
-0.000005
0.000005
-0.000007
0.000000
0.000008
0.000024
0.000009
0.000018
0.000011
0.000018
0.000026
0.000034
0.000036
0.000003
-0.000022
-0.000005
-0.000014
0.000001
-0.000002
-0.000010
-0.000022
0.000002
0.000007
-0.000020
-0.000016
-0.000005
-0.000003
0.000004
0.000002
0.000013
-0.000012
-0.000030
0.000006
0.000023
0.000027
0.000026
0.000023
0.000016
0.000015
0.000017
0.000016
-0.000001
0.000016
0.000015
0.000009
-0.000018
-0.007743
-0.004711
-0.004607
-0.002443
-0.000872
-0.000208
0.000001
-0.000000
0.000014
0.000017
0.000018
0.000017
0.000010
0.000009
0.000010
0.000015
0.000019
0.000016
0.000017
0.000016
0.000015
0.000016
0.000017
0.000017
0.000018
0.000015
0.000017
0.000009
0.000006
0.000017
0.000018
0.000015
0.000020
0.000013
0.000014
0.000010
0.000013
0.000023
0.000031
0.000036
0.000020
-0.000023
-0.000021
-0.000040
-0.000030
-0.000003
0.000002
0.000015
0.000003
0.000011
0.000001
0.000002
-0.000008
-0.000003
-0.000004
0.000009
0.000015
0.000015
0.000017
0.000022
0.000021
0.000025
0.000024
0.000022
0.000015
0.000013
0.000016
-0.000010
0.000003
0.000015
0.000013
0.000012
0.000010
-0.000772
-0.003552
-0.002271
-0.000961
-0.000018
0.000145
-0.000141
-0.000318
-0.000011
0.000019
0.000013
0.000010
0.000010
0.000010
0.000013
0.000016
0.000018
0.000018
0.000017
0.000016
0.000017
0.000020
0.000019
0.000018
0.000017
0.000015
0.000020
0.000009
0.000013
0.000017
0.000022
0.000024
0.000020
0.000013
0.000018
0.000026
0.000026
0.000024
0.000028
0.000034
0.000031
0.000005
-0.000008
-0.000023
-0.000027
-0.000016
-0.000005
-0.000002
-0.000003
-0.000001
-0.000019
-0.000006
0.000004
0.000003
0.000016
0.000016
0.000017
0.000014
0.000016
0.000020
0.000021
0.000023
0.000023
0.000019
0.000017
0.000014
0.000006
0.000008
0.000011
0.000011
0.000012
0.000012
0.000012
-0.000000
-0.000317
-0.000485
-0.000392
0.000578
0.000214
-0.001142
-0.000787
-0.000036
-0.000004
-0.000023
-0.000018
0.000007
0.000010
0.000011
0.000013
0.000016
0.000019
0.000025
0.000021
0.000020
0.000019
0.000018
0.000018
0.000020
0.000021
0.000026
0.000016
0.000028
0.000025
0.000019
0.000025
0.000018
0.000014
0.000021
0.000029
0.000030
0.000031
0.000031
0.000033
0.000030
0.000018
0.000011
0.000009
-0.000003
-0.000008
-0.000012
-0.000016
-0.000006
0.000004
-0.000012
-0.000028
-0.000010
0.000001
0.000008
0.000014
0.000007
0.000014
0.000016
0.000016
0.000020
0.000022
0.000022
0.000021
0.000014
0.000009
0.000015
0.000015
0.000015
0.000012
0.000013
0.000011
0.000010
0.000010
0.000007
-0.000015
0.000027
0.000399
0.000298
-0.000168
-0.000564
-0.000404
-0.000202
-0.000001
0.000034
-0.000029
0.000012
0.000013
0.000013
0.000015
0.000022
0.000016
0.000018
0.000015
0.000013
0.000017
0.000023
0.000032
0.000030
0.000026
0.000024
0.000022
0.000023
0.000025
0.000021
0.000022
0.000021
0.000024
0.000024
0.000031
0.000035
0.000036
0.000034
0.000030
0.000015
0.000003
0.000006
-0.000009
-0.000001
0.000001
-0.000010
-0.000007
-0.000002
0.000002
-0.000001
0.000008
0.000007
-0.000036
0.000009
0.000010
0.000002
0.000005
0.000012
0.000013
0.000015
0.000016
0.000010
0.000000
-0.000000
0.000006
0.000013
0.000014
0.000016
0.000014
0.000012
0.000011
0.000012
0.000014
0.000014
0.000023
0.000047
0.000364
0.000072
-0.000083
-0.000114
-0.000001
0.000019
-0.000002
0.000020
0.000014
0.000013
0.000014
0.000015
0.000014
0.000017
0.000015
0.000013
0.000013
0.000018
0.000021
0.000023
0.000021
0.000018
0.000019
0.000017
0.000021
0.000022
0.000019
0.000024
0.000027
0.000025
0.000027
0.000032
0.000036
0.000029
0.000018
-0.000003
-0.000013
0.000003
0.000007
0.000003
0.000004
0.000009
0.000010
0.000012
-0.000001
0.000001
0.000001
0.000006
0.000015
0.000009
0.000016
0.000015
0.000008
0.000014
0.000015
0.000005
0.000007
0.000007
0.000012
0.000011
0.000010
0.000010
0.000013
0.000010
0.000010
0.000015
0.000007
0.000001
0.000012
0.000017
0.000020
0.000021
0.000020
0.000014
0.000158
-0.000017
-0.000317
-0.000096
-0.000013
0.000035
0.000016
0.000008
0.000013
0.000013
0.000016
0.000015
0.000015
0.000014
0.000014
0.000015
0.000018
0.000018
0.000014
0.000014
0.000016
0.000024
0.000017
0.000023
0.000023
0.000025
0.000023
0.000029
0.000023
0.000027
0.000033
0.000031
0.000030
0.000005
0.000003
-0.000002
-0.000000
0.000010
0.000006
0.000007
0.000017
0.000021
0.000017
0.000011
0.000010
0.000006
0.000012
0.000008
0.000015
0.000011
0.000016
0.000016
0.000019
0.000013
0.000012
0.000003
0.000005
0.000010
0.000011
0.000017
0.000016
0.000013
0.000014
0.000016
0.000017
0.000018
0.000013
0.000016
0.000023
0.000024
0.000031
0.000020
0.000018
0.000019
0.000003
0.000194
-0.000015
0.000016
0.000011
0.000023
0.000019
0.000014
0.000013
0.000015
0.000013
0.000013
0.000015
0.000016
0.000021
0.000017
0.000015
0.000013
0.000015
0.000021
