0.000409
0.000409
0.000264
0.000632
0.000015
-0.000004
-0.000017
0.000438
0.000045
0.000134
0.000269
-0.000603
0.000430
0.000445
0.000373
0.000242
0.000166
0.000172
0.000137
0.000107
0.000130
0.000181
0.001693
0.007172
0.001801
0.000464
0.000483
0.000191
0.000142
0.000134
0.000123
0.000133
0.000159
0.000146
0.000134
0.000163
0.000153
0.000163
0.000160
0.000124
0.000060
0.000052
0.000060
0.000070
0.000073
0.000072
0.000064
0.000076
0.000065
0.000050
0.000065
0.000066
0.000078
0.000080
0.000092
0.000131
0.000130
0.000122
0.000112
0.000141
0.000082
0.000065
0.000089
0.000124
0.000154
0.000179
-0.001158
0.000149
0.000063
0.000016
0.000061
-0.000049
0.000195
0.000332
0.000353
0.000368
0.000430
0.000372
0.000365
0.000365
0.000322
0.000323
0.000368
0.000367
0.000370
0.000359
0.000414
0.000397
0.000296
0.000312
0.000277
0.000271
0.000256
0.000248
0.000295
0.001149
0.003013
-0.000817
-0.000197
0.000132
0.000286
0.000139
0.000080
0.000101
0.000093
0.000102
0.000091
0.000107
0.000114
0.000125
0.000124
0.000126
0.000093
0.000096
0.000083
0.000074
0.000081
0.000086
0.000093
0.000086
0.000105
0.000107
0.000106
0.000111
0.000108
0.000117
0.000096
0.000099
0.000114
0.000121
0.000125
0.000156
0.000139
0.000142
0.000134
0.000123
0.000103
0.000128
0.000125
0.000126
0.000114
0.000145
0.000138
0.000127
0.000120
0.000160
0.000327
0.000375
0.000353
0.000359
0.000363
0.000388
0.000393
0.000323
0.000339
0.000344
0.000384
0.000349
0.000281
0.000374
0.000353
0.000290
0.000242
0.000256
0.000264
0.000227
0.000214
0.000224
0.001056
0.001382
-0.000807
-0.000609
0.000041
-0.000270
-0.000012
0.000072
0.000085
0.000094
0.000104
0.000089
0.000109
0.000111
0.000086
0.000111
0.000115
0.000108
0.000093
0.000101
0.000087
0.000079
0.000096
0.000099
0.000078
0.000087
0.000104
0.000105
0.000105
0.000109
0.000104
0.000107
0.000099
0.000104
0.000114
0.000122
0.000184
0.000156
0.000129
0.000146
0.000122
0.000127
0.000098
0.000123
0.000122
0.000121
0.000131
0.000121
0.000121
0.000128
0.000180
0.000325
0.000349
0.000347
0.000334
0.000384
0.000374
0.000394
0.000352
0.000370
0.000327
0.000364
0.000371
0.000311
0.000317
0.000315
0.000303
0.000292
0.000221
0.000212
0.000239
0.000201
0.000167
0.000210
0.001868
-0.000210
-0.001838
0.000024
0.000502
-0.000549
0.000056
0.000097
0.000092
0.000088
0.000094
0.000082
0.000101
0.000076
0.000078
0.000113
0.000115
0.000104
0.000101
0.000077
0.000072
0.000069
0.000088
0.000074
0.000083
0.000095
0.000097
0.000078
0.000087
0.000115
0.000127
0.000126
0.000118
0.000120
0.000128
0.000185
0.000173
0.000169
0.000139
0.000140
0.000124
0.000105
0.000106
0.000113
0.000125
0.000122
0.000180
0.000110
0.000120
0.000178
0.000330
0.000332
0.000361
0.000360
0.000399
0.000367
0.000366
0.000380
0.000316
0.000297
0.000323
0.000362
0.000302
0.000293
0.000298
0.000295
0.000282
0.000211
0.000206
0.000193
0.000174
0.000159
0.000111
-0.000312
0.003139
0.000468
0.000386
0.000631
-0.000858
0.000024
0.000122
0.000110
0.000091
0.000085
0.000073
0.000077
0.000085
0.000099
0.000103
0.000113
0.000107
0.000087
0.000079
0.000069
0.000066
0.000073
0.000075
0.000081
0.000098
0.000083
0.000099
0.000093
0.000104
0.000142
0.000124
0.000127
0.000124
0.000137
0.000141
0.000191
0.000181
0.000142
0.000134
0.000121
0.000112
0.000110
0.000129
0.000134
0.000202
0.000120
0.000152
0.000129
-0.002169
0.000303
0.000303
0.000375
0.000373
0.000370
0.000380
0.000326
0.000335
0.000340
0.000291
0.000311
0.000307
0.000284
0.000255
0.000332
0.000305
0.000265
0.000222
0.000223
0.000227
0.000186
0.000180
0.000161
0.000145
0.000387
0.000191
0.000008
-0.000198
-0.000067
0.000079
0.000098
0.000083
0.000074
0.000056
0.000061
0.000069
0.000075
0.000075
0.000092
0.000113
0.000107
0.000081
0.000078
0.000068
0.000058
0.000053
0.000077
0.000094
0.000090
0.000075
0.000084
0.000083
0.000088
0.000111
0.000130
0.000140
0.000131
0.000098
0.000150
0.000156
0.000173
0.000136
0.000127
0.000114
0.000122
0.000115
0.000099
0.000127
0.000182
0.000133
0.000159
0.000170
0.000165
0.000298
0.000325
0.000355
0.000365
0.000326
0.000366
0.000370
0.000375
0.000321
0.000272
0.000290
0.000272
0.000272
0.000225
0.000311
0.000288
0.000291
0.000225
0.000247
0.000246
0.000219
0.000177
0.000164
0.000125
-0.000523
-0.000493
-0.000230
-0.002581
-0.003777
-0.000382
0.000087
0.000078
0.000093
0.000082
0.000062
0.000065
0.000073
0.000085
0.000083
0.000070
0.000085
0.000091
0.000077
0.000057
0.000056
0.000059
0.000069
0.000079
0.000076
0.000084
0.000099
0.000075
0.000077
0.000087
0.000112
0.000129
0.000134
0.000127
0.000137
0.000147
0.000163
0.000135
0.000167
0.000151
0.000166
0.000127
0.000104
0.000118
0.000187
0.000181
0.000168
0.000167
0.000141
0.000362
0.000351
0.000348
0.000390
0.000388
0.000351
0.000384
0.000406
0.000395
0.000307
0.000213
0.000247
0.000228
0.000226
0.000228
0.000254
0.000290
0.000260
0.000249
0.000254
0.000249
0.000194
0.000139
0.000138
-0.000033
-0.002779
-0.005569
-0.010800
-0.002039
-0.000155
0.000085
0.000064
0.000072
0.000061
0.000062
0.000054
0.000061
0.000072
0.000062
0.000065
0.000068
0.000080
0.000078
0.000062
0.000061
0.000055
0.000042
0.000058
0.000067
0.000078
0.000071
0.000060
0.000056
0.000078
0.000087
0.000097
0.000133
0.000150
0.000126
0.000137
0.000159
0.000144
0.000148
0.000136
0.000138
0.000158
0.000160
0.000150
0.000158
0.000181
0.000191
0.000202
0.000172
0.000363
0.000368
0.000347
0.000350
0.000353
0.000402
0.000402
0.000409
0.000408
0.000303
0.000186
0.000176
0.000168
0.000218
0.000225
0.000260
0.000266
0.000237
0.000233
0.000225
0.000237
0.000195
0.000191
0.000217
0.000158
-0.000968
-0.008860
-0.004673
-0.000900
0.000080
0.000097
0.000077
0.000073
0.000060
0.000056
0.000045
0.000061
0.000058
0.000055
0.000059
0.000051
0.000059
0.000080
0.000070
0.000059
0.000064
0.000054
0.000059
0.000062
0.000054
0.000066
0.000063
0.000066
0.000079
0.000085
0.000101
0.000141
0.000167
0.000167
0.000162
0.000146
0.000113
0.000131
0.000126
0.000111
0.000115
0.000149
0.000158
0.000191
0.000176
0.000179
0.000179
0.001326
0.000400
0.000377
0.000381
0.000319
0.000376
0.000419
0.000417
0.000427
0.000378
0.000300
0.000190
0.000126
0.000158
0.000225
0.000220
0.000244
0.000287
0.000269
0.000230
0.000212
0.000205
0.000209
0.000200
0.000206
0.000220
0.000057
-0.000697
-0.000122
0.000087
0.000136
0.000103
0.000064
0.000069
0.000061
0.000045
0.000045
0.000047
0.000041
0.000038
0.000039
0.000043
0.000049
0.000065
0.000075
0.000075
0.000066
0.000072
0.000074
0.000059
0.000064
0.000067
0.000077
0.000078
0.000094
0.000131
0.000114
0.000157
0.000168
0.000190
0.000134
0.000141
0.000158
0.000158
0.000132
0.000126
0.000150
0.000119
0.000123
0.000139
0.000204
0.000170
0.000148
0.000191
0.000407
0.000394
0.000401
0.000418
0.000416
0.000416
0.000417
0.000428
0.000342
0.000305
0.000255
0.000211
0.000184
0.000190
0.000162
0.000208
0.000275
0.000270
0.000249
0.000238
0.000232
0.000202
0.000226
0.000247
0.000261
0.000209
0.000141
0.000156
0.000164
0.000152
0.000120
0.000075
0.000063
0.000066
0.000065
0.000049
0.000038
0.000030
0.000023
0.000013
0.000020
0.000041
0.000065
0.000083
0.000082
0.000083
0.000085
0.000078
0.000061
0.000062
0.000068
0.000090
0.000088
0.000098
0.000111
0.000142
0.000171
0.000203
0.000136
0.000142
0.000105
0.000145
0.000112
0.000121
0.000158
0.000164
0.000129
0.000141
0.000135
0.000122
0.000169
0.000165
0.000165
0.000386
0.000355
0.000369
0.000374
0.000417
0.000439
0.000336
0.000353
0.000301
0.000301
0.000282
0.000243
0.000199
0.000203
0.000208
0.000196
0.000242
0.000205
0.000256
0.000252
0.000254
0.000246
0.000308
0.000340
0.000323
0.000236
0.000200
0.000170
0.000151
0.000150
0.000135
0.000084
0.000073
0.000079
0.000050
0.000050
0.000027
0.000016
0.000004
-0.000009
-0.000009
0.000015
0.000048
0.000071
0.000075
0.000088
0.000098
0.000103
0.000077
0.000079
0.000090
0.000099
0.000096
0.000130
0.000135
0.000153
0.000176
0.000157
0.000163
0.000131
0.000127
0.000123
0.000095
0.000111
0.000161
0.000164
0.000162
0.000119
0.000100
0.000089
0.000174
0.000190
0.000212
0.000411
0.000412
0.000341
0.000395
0.000413
0.000418
0.000326
0.000342
0.000311
0.000287
0.000286
0.000270
0.000228
0.000195
0.000214
0.000218
0.000234
0.000282
0.000270
0.000246
0.000231
0.000248
0.000340
0.000209
-0.000409
0.000195
0.000175
0.000158
0.000143
0.000141
0.000141
0.000103
0.000083
0.000058
0.000051
0.000045
0.000013
-0.000007
-0.000026
-0.000037
-0.000043
-0.000020
0.000025
0.000059
0.000073
0.000085
0.000091
0.000105
0.000099
0.000092
0.000101
0.000094
0.000102
0.000145
0.000152
0.000147
0.000175
0.000194
0.000186
0.000167
0.000153
0.000142
0.000156
0.000129
0.000168
0.000184
0.000182
0.000169
0.000123
0.000140
0.000161
0.000184
0.000725
0.000402
0.000373
0.000389
0.000408
0.000413
0.000374
0.000328
0.000348
0.000319
0.000305
0.000302
0.000284
0.000254
0.000251
0.000229
0.000210
0.000215
0.000279
0.000234
0.000244
0.000163
-0.000316
-0.000554
-0.001866
-0.009643
-0.001246
0.000160
0.000147
0.000131
0.000133
0.000122
0.000124
0.000103
0.000060
0.000064
0.000037
-0.000001
-0.000036
-0.000064
-0.000080
-0.000101
-0.000086
-0.000001
0.000050
0.000072
0.000077
0.000100
0.000100
0.000111
0.000094
0.000100
0.000106
0.000140
0.000146
0.000131
0.000115
0.000136
0.000171
0.000146
0.000148
0.000163
0.000154
0.000152
0.000159
0.000184
0.000203
0.000191
0.000209
0.000110
0.000115
0.000135
0.000158
0.000159
0.000378
0.000384
0.000384
0.000411
0.000361
0.000308
0.000322
0.000316
0.000318
0.000313
0.000293
0.000263
0.000263
0.000249
0.000216
0.000205
0.000190
0.000225
0.000219
0.000179
-0.002004
-0.002475
-0.002365
-0.003176
-0.012488
-0.005866
-0.000703
0.000033
0.000106
0.000111
0.000127
0.000121
0.000099
0.000070
0.000055
0.000037
-0.000008
-0.000057
-0.000093
-0.000127
-0.000145
-0.000138
-0.000052
0.000041
0.000064
0.000079
0.000082
0.000105
0.000104
0.000093
0.000094
0.000121
0.000124
0.000100
0.000115
0.000102
0.000134
0.000127
0.000169
0.000160
0.000163
0.000212
0.000185
0.000156
0.000151
0.000194
0.000219
0.000238
0.000117
0.000157
0.000187
0.000232
0.000249
0.000389
0.000400
0.000377
0.000353
0.000289
0.000279
0.000262
0.000298
0.000292
0.000302
0.000242
0.000258
0.000236
0.000241
0.000212
0.000178
0.000204
0.000235
0.000174
-0.000541
-0.003944
-0.000534
0.000251
-0.000235
-0.005396
-0.009236
-0.007772
-0.002123
-0.000186
0.000065
0.000125
0.000109
0.000103
0.000060
0.000041
0.000026
-0.000006
-0.000067
-0.000126
-0.000149
-0.000204
-0.000200
-0.000130
0.000007
0.000049
0.000074
0.000097
0.000107
0.000104
0.000095
0.000086
0.000120
0.000109
0.000090
0.000077
0.000099
0.000115
0.000133
0.000155
0.000158
0.000183
0.000238
0.000194
0.000174
0.000161
0.000177
0.000241
0.000199
0.000210
0.000194
0.000230
0.000228
0.000176
0.000411
0.000398
0.000367
0.000330
0.000245
0.000242
0.000242
0.000247
0.000264
0.000276
0.000291
0.000272
0.000236
0.000235
0.000203
0.000198
0.000190
0.000210
0.000293
-0.000938
-0.000559
-0.003686
-0.000483
-0.003124
-0.006388
-0.001322
-0.003716
-0.006177
-0.000894
0.000157
0.000112
0.000106
0.000100
0.000046
0.000028
0.000026
0.000006
-0.000058
-0.000129
-0.000165
-0.000249
-0.000378
-0.000209
-0.000010
0.000050
0.000077
0.000096
0.000104
0.000127
0.000118
0.000101
0.000112
0.000117
0.000099
0.000086
0.000107
0.000121
0.000140
0.000152
0.000169
0.000235
0.000173
0.000147
0.000181
0.000207
0.000278
0.000280
0.000231
0.000174
0.000247
0.000201
0.000248
-0.001100
0.000373
0.000375
0.000358
0.000301
0.000258
0.000252
0.000236
0.000235
0.000265
0.000305
0.000269
0.000273
0.000250
0.000215
0.000148
0.000079
0.000595
0.000682
0.000340
0.000152
0.000472
0.000512
0.000400
0.000350
0.000225
0.004031
-0.000356
-0.006021
-0.000279
0.000093
0.000114
0.000104
0.000071
0.000052
0.000044
0.000033
0.000022
-0.000023
-0.000117
-0.000139
-0.000218
-0.000185
-0.000111
-0.000004
0.000055
0.000083
0.000089
0.000113
0.000122
0.000122
0.000115
0.000124
0.000119
0.000109
0.000081
0.000089
0.000146
0.000183
0.000181
0.000176
0.000162
0.000172
0.000189
0.000116
0.000225
0.000091
0.000188
0.000274
0.000227
0.000201
0.000246
0.000246
0.000259
0.000337
0.000336
0.000351
0.000263
0.000259
0.000239
0.000237
0.000238
0.000286
0.000327
0.000292
0.000289
0.000261
0.000186
-0.000162
0.000262
0.000558
0.000518
0.000506
0.000251
0.000441
0.000579
0.000521
0.000696
0.001021
0.002129
-0.001186
-0.001770
0.000065
0.000109
0.000123
0.000181
-0.000458
0.000019
0.000931
0.000747
0.000476
0.000131
-0.000053
-0.000106
-0.000122
-0.000128
-0.000049
0.000021
0.000070
0.000095
0.000117
0.000120
0.000144
0.000129
0.000111
0.000119
0.000134
0.000113
0.000051
0.000063
0.000144
0.000167
0.000166
0.000162
0.000176
0.000222
0.000230
0.000150
0.000151
0.000074
0.000154
0.000246
0.000280
0.000306
0.000252
0.000204
0.000199
0.000382
0.000345
0.000303
0.000252
0.000242
0.000257
0.000219
0.000235
0.000277
0.000305
0.000301
0.000233
0.000267
-0.000386
-0.000754
0.000259
0.000159
0.000389
0.000461
0.000498
0.000201
0.000459
0.000550
0.000637
0.000860
-0.005250
-0.006146
-0.001387
-0.000044
0.000413
0.000819
0.003691
0.004430
0.004978
0.007609
0.008509
0.006919
0.002705
0.000408
-0.000057
-0.000155
-0.000052
-0.000017
0.000038
0.000065
0.000122
0.000094
0.000149
0.000100
0.000091
0.000123
0.000119
0.000118
0.000126
0.000107
0.000118
0.000158
0.000155
0.000155
0.000168
0.000206
0.000222
0.000230
0.000174
0.000202
0.000174
0.000174
0.000265
0.000312
0.000229
0.000229
0.000192
0.000177
0.000366
0.000354
0.000272
0.000270
0.000247
0.000227
0.000207
0.000201
0.000224
0.000252
0.000258
0.000364
0.000102
-0.000349
-0.000389
0.000282
0.000073
0.000479
0.000551
0.000584
0.000327
0.000503
0.000429
0.000491
-0.000289
-0.003004
-0.004963
-0.005084
-0.000650
0.000604
0.000393
0.001838
0.003620
0.007489
0.012569
0.010990
0.013777
0.009206
0.004360
0.000193
-0.001222
0.000892
0.000328
0.000269
0.000125
0.000134
0.000129
0.000103
0.000140
0.000140
0.000140
0.000131
0.000113
0.000144
0.000145
0.000120
0.000142
0.000160
0.000117
0.000174
0.000179
0.000212
0.000184
0.000218
0.000196
0.000109
0.000213
0.000199
0.000257
0.000288
0.000328
0.000268
-0.000596
0.000371
0.000269
0.000252
0.000242
0.000240
0.000245
0.000227
0.000186
0.000188
0.000181
0.000226
0.000211
0.000190
0.000046
-0.000319
0.000179
0.000159
0.000394
0.000604
0.000638
0.000367
0.000323
0.000344
0.003768
0.002802
0.001316
-0.002816
0.000193
0.002084
0.000299
-0.000497
-0.000811
-0.001029
0.003547
0.009632
0.011959
0.009385
0.008958
0.004231
-0.000505
-0.001949
0.003329
0.004478
0.006254
0.000779
0.000125
0.000145
0.000113
0.000157
0.000131
0.000117
0.000144
0.000157
0.000158
0.000175
0.000153
0.000138
0.000126
0.000136
0.000181
0.000150
0.000203
0.000187
0.000221
0.000207
0.000154
0.000199
0.000159
0.000369
0.000397
0.000299
0.000252
0.000297
0.000303
0.000224
0.000217
0.000225
0.000216
0.000213
0.000243
0.000209
0.000180
0.000205
0.000195
0.000226
0.000226
0.000138
-0.000542
-0.000751
0.000145
0.000384
0.000678
0.000693
0.000439
0.000563
0.001816
0.007317
0.005320
0.002892
-0.000970
0.000032
-0.000991
-0.002131
-0.003976
-0.004404
-0.003931
-0.000918
0.009874
0.010512
0.001899
0.001441
-0.002293
-0.003064
-0.004432
0.000215
0.003806
0.003720
0.000556
0.000650
0.000101
0.000161
0.000133
0.000116
0.000130
0.000149
0.000171
0.000180
0.000188
0.000160
0.000143
0.000151
0.000183
0.000156
0.000158
0.000222
0.000182
0.000191
0.000188
0.000134
0.000216
0.000222
0.000336
0.000317
0.000302
0.000253
0.000293
0.000191
0.000223
0.000193
0.000207
0.000204
0.000195
0.000234
0.000232
0.000191
0.000180
0.000168
0.000191
0.000187
0.000182
0.000028
-0.000549
-0.000275
0.000182
0.000563
0.000523
0.000602
-0.001085
0.001536
0.008114
0.009826
0.005016
0.002839
0.001357
0.000178
-0.002126
-0.003543
-0.004024
-0.003024
0.000039
0.010824
0.009318
-0.002326
-0.008401
-0.002524
-0.000209
-0.002465
-0.008286
-0.002048
-0.000077
-0.000651
0.000552
0.000839
0.000095
0.000121
0.000148
0.000153
0.000174
0.000177
0.000208
0.000235
0.000221
0.000194
0.000174
0.000248
0.000215
0.000229
0.000238
0.000196
0.000188
0.000234
0.000238
0.000216
0.000208
0.000281
0.000260
0.000315
0.000281
0.000313
0.000157
0.000217
0.000203
0.000197
0.000197
0.000174
0.000226
0.000207
0.000198
0.000188
0.000166
0.000157
0.000167
0.000188
0.000159
-0.000387
-0.000913
0.000169
0.001552
0.003471
0.003264
-0.000273
0.000417
0.005696
0.006683
0.005560
0.002423
0.000205
0.000279
-0.002366
-0.002694
-0.003767
-0.000806
0.002726
0.009234
0.000835
-0.001116
-0.003147
-0.000040
0.000185
0.000025
-0.001941
-0.004097
0.001909
0.001260
-0.000009
-0.000597
0.000117
0.000141
0.000160
0.000177
0.000186
0.000203
0.000250
0.000265
0.000245
0.000232
0.000253
0.000226
0.000288
0.000276
0.000286
0.000245
0.000235
0.000231
0.000241
0.000169
0.000195
0.000197
0.000103
0.000337
0.000302
0.000305
0.000154
0.000150
0.000215
0.000217
0.000196
0.000192
0.000217
0.000196
0.000191
0.000183
0.000136
0.000154
0.000170
0.000156
0.000174
0.000035
0.000093
0.000232
0.000366
0.002890
0.003195
0.000627
-0.001407
-0.002355
-0.000092
0.000972
0.001330
0.000225
-0.000101
0.000460
-0.001899
-0.001377
0.000393
0.001588
0.002193
0.001191
-0.002533
-0.002762
-0.003026
-0.001871
-0.001722
-0.003325
0.001848
0.003709
-0.001135
-0.003819
-0.008638
-0.002854
-0.000028
0.000160
0.000186
0.000198
0.000220
0.000245
0.000252
0.000225
0.000239
0.000305
0.000323
0.000312
0.000292
0.000321
0.000322
0.000262
0.000236
0.000205
0.000208
0.000236
0.000262
0.000284
0.000332
0.000309
0.000346
0.000168
0.000164
0.000201
0.000241
0.000217
0.000184
0.000189
0.000199
0.000193
0.000173
0.000140
0.000100
0.000093
0.000104
0.000138
0.000134
0.000094
0.000069
0.000065
0.000076
0.000056
-0.000068
-0.000137
-0.000147
-0.000077
-0.000234
0.000199
0.000803
0.001550
0.003164
0.003989
-0.008361
-0.006520
-0.003838
-0.004135
0.000163
-0.009115
-0.016018
-0.010525
-0.011543
-0.010466
-0.010497
-0.001918
-0.001389
-0.009701
-0.016675
-0.013006
-0.009914
-0.003098
0.000223
0.000216
0.000226
0.000274
0.000273
0.000284
0.000315
0.000325
0.000313
0.000297
0.000309
0.000301
0.000315
0.000313
0.000313
0.000278
0.000271
0.000287
0.000298
0.000299
0.000320
0.000341
0.000361
0.000363
0.000208
0.000111
0.000277
0.000252
0.000188
0.000194
0.000185
0.000180
0.000179
0.000157
0.000108
0.000081
0.000065
0.000090
0.000079
0.000090
0.000079
0.000047
0.000059
0.000031
0.000024
-0.000007
0.000102
0.006680
0.017051
0.007820
0.003499
0.001351
0.001624
-0.004015
-0.008318
-0.010995
-0.010967
-0.006678
-0.006940
-0.005605
-0.015195
-0.014115
-0.013650
-0.014256
-0.016714
-0.019588
-0.016179
-0.010819
-0.018200
-0.011650
-0.003495
-0.007977
-0.006188
-0.001367
0.000535
0.000269
0.000216
0.000264
0.000299
0.000356
0.000346
0.000289
0.000290
0.000307
0.000312
0.000331
0.000321
0.000281
0.000371
0.000392
0.000334
0.000315
0.000356
0.000367
0.000343
0.000355
0.000445
0.000262
0.000213
0.000171
0.000247
0.000200
0.000208
0.000207
0.000202
0.000188
0.000140
0.000104
0.000086
0.000042
0.000057
0.000096
0.000098
0.000072
0.000046
0.000038
0.000061
0.000097
0.000329
0.000105
0.001050
0.004507
0.004747
0.006075
0.004420
0.005338
0.001258
-0.007521
-0.012920
-0.012416
-0.011004
-0.009766
-0.009296
-0.006755
-0.015397
-0.016005
-0.017947
-0.017673
-0.018830
-0.018474
-0.020411
-0.017407
-0.017843
-0.002847
-0.000915
-0.004380
-0.004224
-0.002109
0.000767
0.000287
0.000324
0.000362
0.000361
0.000313
0.000288
0.000316
0.000312
0.000323
0.000389
0.000410
0.000427
0.000399
0.000367
0.000364
0.000326
0.000334
0.000332
0.000361
0.000372
0.000314
0.000286
0.000208
0.000260
0.000253
0.000239
0.000226
0.000232
0.000234
0.000191
0.000150
0.000108
0.000084
0.000071
0.000089
0.000080
0.000086
0.000075
0.000045
0.000056
0.000097
0.000028
0.000428
0.000202
-0.000367
0.000217
0.001268
0.001199
0.005389
0.011248
0.009569
-0.006280
-0.014500
-0.015395
-0.012081
-0.009695
-0.009372
-0.009352
-0.007149
-0.004649
-0.017879
-0.017428
-0.018986
-0.015933
-0.020794
-0.020281
-0.014601
-0.003949
-0.000381
-0.004476
-0.000744
-0.001308
-0.005739
0.000453
0.000330
0.000348
0.000310
0.000309
0.000231
0.000262
0.000317
0.000352
0.000398
0.000388
0.000310
0.000330
0.000345
0.000346
0.000321
0.000414
0.000332
0.000358
0.000328
0.000281
0.000211
0.000163
0.000211
0.000203
0.000257
0.000222
0.000243
0.000219
0.000156
0.000142
0.000108
0.000090
0.000083
0.000092
0.000098
0.000092
0.000091
0.000083
0.000006
0.000013
0.000006
0.000008
-0.000038
-0.000021
-0.000037
0.000067
0.000781
0.003028
0.011771
0.009528
-0.003384
-0.015214
-0.017313
-0.013216
-0.010346
-0.009440
-0.009958
-0.009540
-0.008597
-0.006927
-0.004832
-0.003495
-0.017390
-0.017572
-0.020275
-0.017081
-0.007520
-0.004874
-0.003516
-0.001065
-0.005660
-0.010314
-0.005812
0.000386
0.000054
0.000285
0.000263
0.000229
0.000279
0.000323
0.000280
0.000286
0.000292
0.000315
0.000322
0.000303
0.000367
0.000462
0.000414
0.000259
0.000329
0.000333
0.000301
0.000162
0.000143
0.000277
0.000258
0.000249
0.000255
0.000240
0.000231
0.000166
0.000139
0.000100
0.000086
0.000071
0.000100
0.000089
0.000103
0.000105
0.000023
0.000005
0.000029
0.000011
0.000002
0.000004
-0.000013
0.000069
0.001341
0.003000
0.007586
0.013889
0.008311
-0.003956
-0.015017
-0.014358
-0.013533
-0.009807
-0.008911
-0.009373
-0.009924
-0.008969
-0.009329
-0.007840
-0.006758
-0.004557
-0.003104
-0.003459
-0.013994
-0.011036
-0.003264
0.000371
-0.003647
-0.006387
-0.008580
-0.008138
-0.005719
-0.003789
0.000443
0.000260
0.000329
0.000294
0.000252
0.000255
0.000223
0.000238
0.000331
0.000312
0.000401
0.000421
0.000481
0.000384
0.000357
0.000367
0.000362
0.000267
0.000320
0.000244
0.000264
0.000310
0.000261
0.000239
0.000240
0.000245
0.000200
0.000138
0.000098
0.000095
0.000084
0.000105
0.000114
0.000124
0.000046
0.000037
0.000013
0.000019
0.000018
0.000015
-0.000005
-0.000021
0.000281
0.003564
0.008764
0.009843
0.009025
0.004667
-0.006649
-0.015371
-0.016344
-0.013228
-0.011143
-0.009309
-0.008965
-0.009916
-0.009473
-0.010013
-0.008583
-0.008049
-0.005501
-0.002437
-0.000857
-0.000302
-0.011840
0.000181
-0.002760
-0.002972
-0.006640
-0.005663
-0.006325
-0.005204
-0.006202
-0.004951
0.000097
0.000363
0.000260
0.000259
0.000321
0.000391
0.000374
0.000367
0.000350
0.000393
0.000376
0.000410
0.000406
0.000365
0.000380
0.000442
0.000301
0.000356
0.000365
0.000315
0.000357
0.000389
0.000412
0.000405
0.000483
0.000448
0.000061
0.000036
0.000109
0.000150
0.000050
0.000049
0.000045
0.000042
0.000047
0.000040
0.000027
0.000029
0.000015
-0.000007
-0.000031
0.000089
0.004472
0.009412
0.017061
0.015554
0.006175
-0.006748
-0.014482
-0.015063
-0.012532
-0.010694
-0.008381
-0.008550
-0.010444
-0.010384
-0.009113
-0.008661
-0.007843
-0.003646
-0.001262
-0.000137
-0.000101
-0.000335
-0.006654
-0.002881
-0.005594
-0.006191
-0.004758
-0.004834
-0.005022
-0.005233
-0.004865
-0.002674
-0.001318
0.000654
0.000699
0.000433
0.000321
0.000345
0.000361
0.000367
0.000353
0.000399
0.000512
0.000402
0.000432
0.000538
0.000343
0.000207
0.000358
0.000340
0.000284
0.000316
0.000472
0.000366
0.000370
0.000444
0.000418
0.000398
0.000473
0.000362
0.000009
0.000056
0.000056
0.000050
0.000044
0.000057
0.000048
0.000035
0.000013
0.000476
0.000469
0.000316
0.000284
0.000152
0.000270
0.001059
0.002940
0.002909
-0.008363
-0.014004
-0.012583
-0.009285
-0.009520
-0.008390
-0.008657
-0.010045
-0.009517
-0.008497
-0.008257
-0.005798
-0.002498
-0.000604
0.000096
0.000151
-0.000067
0.000226
-0.000509
-0.007318
-0.006188
-0.005178
-0.004817
-0.004046
-0.002423
-0.001608
-0.000044
0.001446
0.005665
0.011095
0.004115
0.000589
0.000500
0.000325
0.000399
0.000401
0.000452
0.000403
0.000414
0.000363
0.000278
0.000262
0.000246
0.000381
0.000375
0.000303
0.000296
0.000441
0.000448
0.000458
0.000483
0.000430
0.000384
0.000326
0.000379
0.000454
0.000422
0.000431
0.000007
0.000428
0.000506
0.000509
0.000509
0.000428
0.000334
0.000363
0.000218
0.000166
0.000142
0.000225
0.000384
0.000420
0.001177
0.001872
-0.009744
-0.010146
-0.008000
-0.008993
-0.007504
-0.007176
-0.009366
-0.009716
-0.008303
-0.007547
-0.004464
-0.001809
-0.000465
0.000049
0.000360
0.000242
-0.000242
-0.000191
-0.004412
-0.005556
-0.004690
-0.002718
-0.001110
0.003828
0.006568
0.006933
0.014187
0.021269
0.011960
0.003120
0.000875
0.000446
0.000447
0.000331
0.000349
0.000461
0.000334
0.000320
0.000234
0.000202
0.000225
0.000316
0.000397
0.000381
0.000297
0.000297
0.000360
0.000449
0.000390
0.000432
0.000356
0.000553
0.000508
0.000409
0.000379
0.000326
0.000373
0.000404
0.000366
0.000348
0.000397
0.000417
0.000405
0.000352
0.000337
0.000349
0.000269
0.000248
0.000279
0.000380
0.000417
0.000436
0.000394
0.000482
0.000223
0.000135
0.000012
-0.000206
0.000144
-0.004448
-0.006296
-0.006627
-0.006602
-0.003766
-0.001597
-0.000539
-0.000179
-0.000268
-0.000836
-0.002100
-0.002323
-0.001191
-0.004004
-0.002937
0.001304
0.004269
0.013945
0.016361
0.021325
0.022191
0.010655
0.001991
0.001050
0.000922
0.000738
0.000744
0.000570
0.000624
0.000740
0.000440
0.000455
0.000441
0.000371
0.000323
0.000295
0.000318
0.000425
0.000373
0.000269
0.000368
0.000428
0.000372
0.000534
0.000480
0.000548
0.000450
0.000521
0.000428
0.000397
0.000369
0.000352
0.000358
0.000311
0.000310
0.000398
0.000431
0.000401
0.000396
0.000408
0.000402
0.000361
0.000337
0.000309
0.000425
0.000430
0.000402
0.000361
0.000439
0.000366
0.000384
0.000379
0.000435
0.000212
0.000042
0.000029
0.000250
0.000527
0.000776
0.000397
0.000022
-0.001475
-0.002492
-0.003443
-0.003071
-0.001967
-0.000757
0.001403
0.005407
0.006744
0.010464
0.011717
0.007667
0.002895
0.001426
0.001091
0.001064
0.001070
0.001015
0.001084
0.000928
0.000963
0.000705
0.000617
0.000473
0.000492
0.000460
0.000317
0.000363
0.000435
0.000462
0.000354
0.000249
0.000253
0.000333
0.000549
0.000521
0.000527
0.000592
0.000460
0.000483
0.000403
0.000430
0.000383
0.000423
0.000426
0.000343
0.000344
0.000412
0.000376
0.000431
0.000407
0.000453
0.000406
0.000400
0.000373
0.000272
0.000414
0.000460
0.000444
0.000407
0.000477
0.000440
0.000446
0.000512
0.000576
0.000532
0.000510
0.000503
0.000525
0.000501
0.000460
0.000470
0.001061
-0.001598
-0.002271
-0.003802
-0.003420
-0.001530
-0.000916
0.002336
0.009233
0.003370
0.001220
0.001295
0.001134
0.000883
0.000930
0.001043
0.001020
0.001171
0.001102
0.001039
0.001056
0.000822
0.000682
0.000707
0.000634
0.000630
0.000587
0.000488
0.000335
0.000428
0.000316
0.000382
0.000260
0.000345
0.000252
0.000566
0.000562
0.000558
0.000623
0.000573
0.000484
0.000487
0.000461
0.000365
0.000398
0.000434
0.000399
0.000403
0.000376
0.000369
0.000420
0.000404
0.000432
0.000429
0.000438
0.000347
0.000357
0.000408
0.000435
0.000411
0.000453
0.000483
0.000466
0.000418
0.000426
0.000555
0.000523
0.000432
0.000406
0.000378
0.000440
0.000493
0.000521
0.000627
0.001824
-0.002333
-0.000992
-0.001350
-0.001642
-0.000424
0.000599
0.000730
0.001084
0.000943
0.000960
0.000828
0.000900
0.000907
0.000954
0.000916
0.001061
0.001093
0.000968
0.000879
0.000800
0.000704
0.000785
0.000818
0.000804
0.000769
0.000570
0.000538
0.000426
0.000463
0.000436
0.000450
0.000381
0.000401
0.000554
0.000537
0.000577
0.000650
0.000584
0.000503
0.000604
0.000416
0.000287
0.000340
0.000432
0.000455
0.000448
0.000332
0.000327
0.000401
0.000499
0.000492
0.000442
0.000433
0.000360
0.000406
0.000432
0.000418
0.000373
0.000388
0.000388
0.000452
0.000425
0.000385
0.000490
0.000522
0.000469
0.000361
0.000309
0.000426
0.000562
0.000637
0.000638
0.000645
0.001552
0.000515
0.001648
0.002561
0.001605
0.001157
0.000119
0.000640
0.000866
0.000797
0.000812
0.000816
0.000856
0.000906
0.000972
0.000970
0.000803
0.000728
0.000751
0.000883
0.000893
0.000721
0.000700
0.000720
0.000689
0.000734
0.000557
0.000354
0.000522
0.000601
0.000502
0.000451
0.000324
0.000586
0.000540
0.000565
0.000547
0.000568
0.000540
0.000614
0.000527
0.000449
0.000364
0.000411
0.000437
0.000434
0.000426
0.000361
0.000379
0.000473
0.000515
0.000462
0.000486
0.000387
0.000395
0.000490
0.000486
0.000429
0.000340
0.000374
0.000559
0.000489
0.000446
0.000444
0.000456
0.000493
0.000393
0.000301
0.000483
0.000633
0.000649
0.000570
0.000612
0.000645
0.000986
0.001097
0.003834
0.003065
0.000703
-0.002763
-0.000704
0.000822
0.000837
0.000800
0.000862
0.000976
0.000927
0.000850
0.000752
0.000726
0.000726
0.000836
0.000828
0.000808
0.000611
0.000588
0.000627
0.000678
0.000575
0.000345
0.000237
0.000432
0.000652
0.000478
0.000487
0.000504
0.000534
0.000560
0.000488
0.000547
0.000557
0.000465
0.000584
0.000560
0.000491
0.000260
0.000334
0.000486
0.000482
0.000388
0.000305
0.000312
0.000372
0.000474
0.000503
0.000331
0.000370
0.000429
0.000545
0.000536
0.000380
0.000207
0.000347
0.000573
0.000497
0.000482
0.000541
0.000544
0.000547
0.000455
0.000473
0.000494
0.000626
0.000633
0.000546
0.000608
0.000664
0.000763
0.000904
0.001279
0.003666
0.002836
-0.001715
0.000715
0.000878
0.000909
0.000921
0.001003
0.000890
0.000798
0.000828
0.000670
0.000591
0.000823
0.000826
0.000736
0.000636
0.000617
0.000520
0.000630
0.000592
0.000574
0.000431
0.000208
0.000366
0.000591
0.000378
0.000306
0.000225
0.000164
0.000379
0.000497
0.000494
0.000508
0.000521
0.000494
0.000503
0.000389
0.000224
0.000184
0.000386
0.000428
0.000389
0.000353
0.000253
0.000370
0.000488
0.000537
0.000423
0.000443
0.000491
0.000533
0.000569
0.000490
0.000369
0.000426
0.000513
0.000485
0.000513
0.000581
0.000566
0.000550
0.000550
0.000544
0.000388
0.000551
0.000604
0.000566
0.000616
0.000650
0.000737
0.000849
0.001052
0.001265
0.002270
-0.000420
0.000840
0.001030
0.000895
0.000920
0.000939
0.000831
0.000803
0.000796
0.000713
0.000706
0.000882
0.000717
0.000666
0.000636
0.000608
0.000685
0.000586
0.000638
0.000613
0.000448
0.000289
0.000220
0.000617
0.000298
0.000270
0.000505
0.000361
0.000198
0.000335
0.000486
0.000495
0.000497
0.000460
0.000450
0.000379
0.000147
0.000128
0.000293
0.000420
0.000386
0.000354
0.000350
0.000345
0.000493
0.000464
0.000375
0.000385
0.000512
0.000559
0.000544
0.000539
0.000474
0.000409
0.000415
0.000393
0.000428
0.000422
0.000375
0.000587
0.000584
0.000513
0.000366
0.000352
0.000544
0.000553
0.000517
0.000637
0.000720
0.000915
0.001069
0.000918
0.000869
0.000815
0.001015
0.000880
0.000746
0.000833
0.000947
0.000898
0.000885
0.000911
0.000918
0.000709
0.000739
0.000648
0.000652
0.000602
0.000658
0.000687
0.000571
0.000585
0.000528
0.000525
0.000321
0.000251
0.000573
0.000562
0.000386
0.000442
0.000541
0.000448
0.000270
0.000332
0.000329
0.000364
0.000393
0.000429
0.000470
0.000341
0.000320
0.000324
0.000397
0.000437
0.000364
0.000459
0.000419
0.000412
0.000498
0.000430
0.000451
0.000509
0.000534
0.000625
0.000563
0.000488
0.000416
0.000368
0.000353
0.000319
0.000302
0.000397
0.000497
0.000563
0.000462
0.000422
0.000371
0.000385
0.000383
0.000367
0.000397
0.000568
0.000866
0.001019
0.000840
0.000826
0.000892
0.000816
0.000772
0.000899
0.000984
0.000875
0.000881
0.000841
0.000949
0.000947
0.000693
0.000667
0.000690
0.000500
0.000540
0.000540
0.000643
0.000546
0.000572
0.000528
0.000666
