0.000041
0.000043
0.000040
0.000632
0.000047
0.000048
0.000045
0.000438
0.000023
0.000027
0.000021
-0.000603
0.000020
0.000019
0.000016
0.000013
0.000011
0.000015
0.000014
0.000014
0.000014
0.000016
0.000015
0.000016
0.000017
0.000018
0.000017
0.000015
0.000015
0.000015
0.000016
0.000017
0.000016
0.000011
0.000002
0.000002
-0.000001
-0.000013
-0.000020
-0.000020
-0.000016
-0.000019
-0.000021
-0.000023
-0.000020
-0.000023
-0.000025
-0.000019
-0.000020
-0.000021
-0.000026
-0.000020
-0.000017
-0.000018
-0.000017
-0.000023
-0.000023
-0.000024
-0.000020
-0.000021
-0.000023
-0.000037
-0.000045
-0.000034
-0.000032
-0.000020
-0.001158
-0.000025
-0.000018
-0.000025
0.000061
-0.000027
0.000195
0.000038
0.000039
0.000033
0.000039
0.000045
0.000049
0.000043
0.000027
0.000022
0.000024
0.000017
0.000020
0.000020
0.000020
0.000018
0.000013
0.000017
0.000014
0.000018
0.000015
0.000014
0.000017
0.000013
0.000015
0.000015
0.000016
0.000014
0.000014
0.000013
0.000014
0.000011
0.000012
0.000011
0.000011
0.000011
0.000007
-0.000003
-0.000005
-0.000010
-0.000011
-0.000013
-0.000020
-0.000020
-0.000023
-0.000023
-0.000023
-0.000024
-0.000022
-0.000027
-0.000024
-0.000025
-0.000024
-0.000013
-0.000021
-0.000018
-0.000022
-0.000021
-0.000025
-0.000025
-0.000025
-0.000020
-0.000023
-0.000030
-0.000024
-0.000022
-0.000022
-0.000021
-0.000021
-0.000019
-0.000023
-0.000013
-0.000022
-0.000036
0.000045
0.000046
0.000037
0.000033
0.000039
0.000045
0.000045
0.000039
0.000024
0.000019
0.000018
0.000020
0.000017
0.000017
0.000016
0.000015
0.000015
0.000014
0.000017
0.000014
0.000016
0.000014
0.000012
0.000013
0.000013
0.000016
0.000014
0.000014
0.000016
0.000013
0.000013
0.000012
0.000013
0.000012
0.000012
0.000010
0.000000
-0.000008
-0.000010
-0.000012
-0.000015
-0.000017
-0.000022
-0.000027
-0.000025
-0.000027
-0.000023
-0.000025
-0.000020
-0.000019
-0.000025
-0.000028
-0.000014
-0.000016
-0.000021
-0.000022
-0.000024
-0.000024
-0.000019
-0.000023
-0.000023
-0.000025
-0.000021
-0.000023
-0.000022
-0.000015
-0.000020
-0.000017
-0.000018
-0.000023
-0.000016
-0.000018
-0.000033
0.000049
0.000050
0.000044
0.000039
0.000034
0.000039
0.000046
0.000038
0.000032
0.000022
0.000021
0.000019
0.000014
0.000018
0.000018
0.000014
0.000016
0.000016
0.000015
0.000015
0.000014
0.000015
0.000013
0.000014
0.000015
0.000017
0.000014
0.000014
0.000019
0.000014
0.000012
0.000011
0.000014
0.000011
0.000013
0.000006
0.000003
-0.000003
-0.000007
-0.000014
-0.000018
-0.000023
-0.000029
-0.000021
-0.000020
-0.000023
-0.000023
-0.000025
-0.000024
-0.000031
-0.000024
-0.000014
-0.000013
-0.000015
-0.000018
-0.000018
-0.000022
-0.000024
-0.000013
-0.000018
-0.000022
-0.000020
-0.000021
-0.000019
-0.000018
-0.000011
-0.000018
-0.000020
-0.000009
-0.000019
-0.000017
-0.000012
-0.000029
0.000043
0.000044
0.000046
0.000041
0.000038
0.000041
0.000046
0.000044
0.000032
0.000021
0.000018
0.000017
0.000016
0.000018
0.000020
0.000017
0.000012
0.000017
0.000016
0.000016
0.000015
0.000016
0.000015
0.000016
0.000015
0.000015
0.000015
0.000014
0.000015
0.000016
0.000015
0.000011
0.000013
0.000016
0.000011
0.000009
0.000007
0.000002
-0.000004
-0.000010
-0.000020
-0.000020
-0.000030
-0.000025
-0.000026
-0.000023
-0.000021
-0.000022
-0.000014
-0.000020
-0.000020
-0.000020
-0.000019
-0.000017
-0.000021
-0.000020
-0.000022
-0.000027
-0.000024
-0.000019
-0.000016
-0.000019
-0.000020
-0.000023
-0.000020
-0.000021
-0.000021
-0.000019
-0.000023
-0.000013
-0.000018
-0.000024
-0.002169
0.000038
0.000047
0.000047
0.000043
0.000038
0.000044
0.000044
0.000039
0.000029
0.000021
0.000018
0.000016
0.000016
0.000017
0.000018
0.000018
0.000016
0.000016
0.000017
0.000018
0.000018
0.000016
0.000016
0.000018
0.000016
0.000013
0.000014
0.000013
0.000014
0.000017
0.000018
0.000016
0.000011
0.000015
0.000012
0.000011
0.000012
0.000007
-0.000003
-0.000013
-0.000019
-0.000026
-0.000027
-0.000029
-0.000027
-0.000024
-0.000021
-0.000020
-0.000015
-0.000015
-0.000019
-0.000016
-0.000017
-0.000021
-0.000019
-0.000017
-0.000023
-0.000024
-0.000020
-0.000023
-0.000019
-0.000018
-0.000020
-0.000022
-0.000026
-0.000030
-0.000016
-0.000018
-0.000013
-0.000017
-0.000017
-0.000020
-0.000032
0.000046
0.000042
0.000044
0.000039
0.000040
0.000039
0.000038
0.000037
0.000028
0.000020
0.000017
0.000017
0.000017
0.000017
0.000019
0.000016
0.000016
0.000017
0.000015
0.000018
0.000017
0.000018
0.000015
0.000018
0.000017
0.000015
0.000017
0.000014
0.000015
0.000017
0.000021
0.000017
0.000017
0.000018
0.000017
0.000014
0.000012
0.000008
0.000002
-0.000009
-0.000025
-0.000030
-0.000027
-0.000028
-0.000029
-0.000027
-0.000020
-0.000023
-0.000019
-0.000019
-0.000018
-0.000017
-0.000019
-0.000013
-0.000021
-0.000015
-0.000018
-0.000024
-0.000026
-0.000022
-0.000022
-0.000022
-0.000024
-0.000027
-0.000026
-0.000020
-0.000025
-0.000020
-0.000018
-0.000018
-0.000024
-0.000020
-0.000025
0.000043
0.000037
0.000046
0.000039
0.000039
0.000037
0.000034
0.000035
0.000030
0.000018
0.000019
0.000021
0.000015
0.000016
0.000018
0.000019
0.000020
0.000017
0.000017
0.000017
0.000018
0.000018
0.000017
0.000018
0.000018
0.000017
0.000014
0.000018
0.000017
0.000017
0.000020
0.000021
0.000018
0.000022
0.000018
0.000021
0.000016
0.000013
0.000010
-0.000006
-0.000027
-0.000032
-0.000032
-0.000028
-0.000027
-0.000022
-0.000020
-0.000023
-0.000019
-0.000012
-0.000015
-0.000015
-0.000015
-0.000015
-0.000017
-0.000019
-0.000016
-0.000022
-0.000020
-0.000020
-0.000018
-0.000018
-0.000022
-0.000021
-0.000017
-0.000020
-0.000016
-0.000022
-0.000022
-0.000024
-0.000025
-0.000017
-0.000010
0.000041
0.000043
0.000048
0.000047
0.000042
0.000035
0.000043
0.000043
0.000028
0.000021
0.000018
0.000018
0.000017
0.000016
0.000019
0.000019
0.000018
0.000019
0.000018
0.000018
0.000019
0.000019
0.000020
0.000018
0.000019
0.000019
0.000018
0.000019
0.000019
0.000020
0.000021
0.000023
0.000019
0.000019
0.000022
0.000020
0.000020
0.000017
0.000005
-0.000002
-0.000019
-0.000025
-0.000030
-0.000029
-0.000027
-0.000022
-0.000016
-0.000021
-0.000017
-0.000013
-0.000011
-0.000015
-0.000014
-0.000019
-0.000013
-0.000021
-0.000021
-0.000025
-0.000022
-0.000022
-0.000020
-0.000014
-0.000015
-0.000014
-0.000018
-0.000018
-0.000019
-0.000019
-0.000022
-0.000013
-0.000016
-0.000020
0.001326
0.000041
0.000042
0.000046
0.000048
0.000046
0.000044
0.000049
0.000045
0.000028
0.000025
0.000018
0.000016
0.000015
0.000016
0.000018
0.000017
0.000018
0.000015
0.000015
0.000018
0.000018
0.000019
0.000018
0.000020
0.000021
0.000021
0.000021
0.000021
0.000021
0.000021
0.000021
0.000022
0.000020
0.000023
0.000022
0.000021
0.000020
0.000018
0.000011
0.000002
-0.000008
-0.000026
-0.000027
-0.000030
-0.000028
-0.000024
-0.000023
-0.000021
-0.000021
-0.000009
-0.000008
-0.000012
-0.000013
-0.000016
-0.000018
-0.000016
-0.000023
-0.000023
-0.000022
-0.000019
-0.000018
-0.000019
-0.000021
-0.000019
-0.000021
-0.000028
-0.000020
-0.000019
-0.000024
-0.000020
-0.000024
-0.000023
-0.000010
0.000045
0.000036
0.000039
0.000042
0.000048
0.000049
0.000046
0.000038
0.000030
0.000024
0.000020
0.000014
0.000019
0.000015
0.000020
0.000016
0.000018
0.000016
0.000013
0.000017
0.000020
0.000019
0.000018
0.000021
0.000021
0.000025
0.000024
0.000022
0.000021
0.000021
0.000022
0.000023
0.000022
0.000024
0.000024
0.000022
0.000022
0.000019
0.000016
0.000011
-0.000007
-0.000020
-0.000019
-0.000027
-0.000032
-0.000032
-0.000029
-0.000025
-0.000020
-0.000008
-0.000011
-0.000010
-0.000012
-0.000016
-0.000017
-0.000024
-0.000020
-0.000021
-0.000019
-0.000023
-0.000025
-0.000019
-0.000024
-0.000014
-0.000017
-0.000018
-0.000021
-0.000023
-0.000025
-0.000023
-0.000024
-0.000032
-0.000015
0.000042
0.000033
0.000035
0.000036
0.000045
0.000045
0.000045
0.000043
0.000040
0.000028
0.000022
0.000017
0.000019
0.000016
0.000016
0.000020
0.000017
0.000016
0.000016
0.000016
0.000018
0.000018
0.000016
0.000019
0.000024
0.000023
0.000024
0.000023
0.000023
0.000022
0.000021
0.000024
0.000026
0.000026
0.000026
0.000023
0.000020
0.000020
0.000018
0.000005
-0.000010
-0.000017
-0.000026
-0.000026
-0.000032
-0.000030
-0.000025
-0.000023
-0.000019
-0.000014
-0.000006
-0.000009
-0.000013
-0.000016
-0.000021
-0.000010
-0.000026
-0.000021
-0.000021
-0.000027
-0.000022
-0.000024
-0.000013
-0.000021
-0.000019
-0.000022
-0.000017
-0.000026
-0.000030
-0.000029
-0.000022
-0.000018
-0.000016
0.000039
0.000040
0.000036
0.000042
0.000050
0.000049
0.000046
0.000053
0.000042
0.000029
0.000020
0.000016
0.000018
0.000018
0.000016
0.000017
0.000015
0.000016
0.000016
0.000017
0.000018
0.000002
-0.000027
-0.000052
-0.000074
-0.000045
0.000037
0.000031
0.000021
0.000023
0.000024
0.000022
0.000024
0.000025
0.000024
0.000024
0.000024
0.000020
0.000022
0.000003
-0.000013
-0.000022
-0.000024
-0.000029
-0.000031
-0.000027
-0.000025
-0.000028
-0.000018
-0.000014
-0.000012
-0.000013
-0.000014
-0.000018
-0.000022
-0.000020
-0.000020
-0.000026
-0.000024
-0.000023
-0.000024
-0.000023
-0.000023
-0.000022
-0.000017
-0.000028
-0.000022
-0.000027
-0.000033
-0.000025
-0.000027
-0.000028
0.000725
0.000050
0.000044
0.000043
0.000046
0.000044
0.000043
0.000047
0.000052
0.000038
0.000027
0.000020
0.000018
0.000016
0.000020
0.000018
0.000019
0.000016
0.000017
0.000019
0.000018
0.000019
-0.000157
-0.001679
-0.002926
-0.003946
-0.004340
-0.001465
-0.000235
-0.000172
0.000013
0.000023
0.000028
0.000027
0.000025
0.000026
0.000022
0.000023
0.000020
0.000020
0.000007
-0.000015
-0.000022
-0.000030
-0.000031
-0.000026
-0.000032
-0.000026
-0.000022
-0.000019
-0.000014
-0.000012
-0.000014
-0.000019
-0.000015
-0.000019
-0.000015
-0.000010
-0.000023
-0.000026
-0.000021
-0.000025
-0.000023
-0.000022
-0.000023
-0.000023
-0.000027
-0.000028
-0.000026
-0.000020
-0.000031
-0.000023
-0.000025
-0.000008
0.000055
0.000049
0.000040
0.000049
0.000044
0.000045
0.000047
0.000050
0.000039
0.000031
0.000026
0.000021
0.000020
0.000019
0.000021
0.000019
0.000020
0.000020
0.000019
0.000018
-0.000060
-0.001023
-0.001646
-0.003515
-0.006873
-0.005551
-0.005370
-0.003076
-0.002129
-0.000430
-0.000213
-0.000276
-0.000023
0.000030
0.000025
0.000025
0.000026
0.000026
0.000015
0.000000
-0.000012
-0.000020
-0.000027
-0.000031
-0.000025
-0.000030
-0.000020
-0.000024
-0.000020
-0.000020
-0.000017
-0.000016
-0.000015
-0.000014
-0.000016
-0.000020
-0.000008
-0.000017
-0.000026
-0.000035
-0.000018
-0.000026
-0.000026
-0.000020
-0.000020
-0.000024
-0.000023
-0.000023
-0.000028
-0.000025
-0.000030
-0.000027
-0.000010
0.000052
0.000049
0.000040
0.000044
0.000042
0.000043
0.000045
0.000045
0.000038
0.000029
0.000028
0.000025
0.000025
0.000022
0.000022
0.000022
0.000018
0.000020
0.000021
-0.000156
-0.001045
-0.002057
-0.002537
-0.002468
-0.007460
-0.005028
-0.005077
-0.007945
-0.027618
-0.015898
-0.014666
-0.008927
-0.000813
0.000032
0.000030
0.000027
0.000026
0.000029
0.000017
0.000006
-0.000006
-0.000014
-0.000023
-0.000035
-0.000029
-0.000033
-0.000034
-0.000027
-0.000019
-0.000019
-0.000016
-0.000018
-0.000022
-0.000015
-0.000016
-0.000019
-0.000016
-0.000023
-0.000030
-0.000026
-0.000028
-0.000020
-0.000026
-0.000027
-0.000025
-0.000028
-0.000024
-0.000032
-0.000041
-0.000031
-0.000035
-0.000039
-0.000010
0.000051
0.000046
0.000043
0.000043
0.000043
0.000042
0.000041
0.000041
0.000036
0.000034
0.000031
0.000031
0.000030
0.000022
0.000022
0.000019
0.000031
0.000036
0.000063
-0.001220
-0.001036
-0.005707
-0.006946
-0.001593
-0.001299
-0.002534
-0.001660
-0.008454
-0.009397
-0.000913
-0.003664
-0.004768
-0.000364
0.000035
0.000036
0.000049
0.000046
0.000025
0.000021
0.000011
0.000000
-0.000015
-0.000023
-0.000027
-0.000029
-0.000038
-0.000036
-0.000030
-0.000023
-0.000021
-0.000020
-0.000016
-0.000015
-0.000012
-0.000017
-0.000011
-0.000017
-0.000020
-0.000029
-0.000028
-0.000032
-0.000034
-0.000031
-0.000026
-0.000025
-0.000029
-0.000028
-0.000029
-0.000036
-0.000039
-0.000039
-0.000046
-0.001100
0.000049
0.000045
0.000046
0.000045
0.000044
0.000045
0.000043
0.000041
0.000040
0.000039
0.000036
0.000037
0.000032
0.000024
-0.000008
0.000021
-0.000075
-0.000002
0.000051
0.000035
0.000022
-0.000154
-0.000412
-0.000181
-0.000100
0.000104
-0.000869
-0.003495
-0.000376
-0.000086
-0.001035
-0.000184
0.000003
0.000100
0.000141
0.000576
0.000902
0.000200
0.000037
0.000017
0.000004
-0.000007
-0.000020
-0.000028
-0.000026
-0.000032
-0.000029
-0.000028
-0.000023
-0.000018
-0.000015
-0.000015
-0.000017
-0.000014
-0.000013
-0.000012
-0.000017
-0.000028
-0.000032
-0.000020
-0.000030
-0.000032
-0.000030
-0.000029
-0.000027
-0.000033
-0.000031
-0.000032
-0.000034
-0.000047
-0.000036
-0.000034
-0.000031
0.000055
0.000050
0.000050
0.000042
0.000044
0.000051
0.000044
0.000042
0.000041
0.000042
0.000034
0.000036
0.000033
-0.000010
-0.000098
-0.000316
-0.000717
0.000028
-0.000022
0.000098
0.000036
0.000002
-0.000028
-0.000028
-0.000072
0.000205
0.000827
-0.002589
0.000662
0.000160
-0.000003
-0.000161
0.000109
0.001506
0.002417
0.003365
0.004050
0.003587
0.000849
0.000440
0.000029
-0.000007
-0.000016
-0.000021
-0.000025
-0.000026
-0.000021
-0.000021
-0.000023
-0.000016
-0.000020
-0.000019
-0.000017
-0.000017
-0.000013
-0.000014
-0.000018
-0.000020
-0.000021
-0.000022
-0.000029
-0.000022
-0.000026
-0.000030
-0.000034
-0.000036
-0.000037
-0.000039
-0.000046
-0.000036
-0.000028
-0.000036
-0.000043
0.000054
0.000049
0.000049
0.000043
0.000049
0.000053
0.000048
0.000044
0.000039
0.000039
0.000033
0.000034
0.000037
0.000100
0.000800
0.000492
-0.001481
-0.000165
0.000006
0.000008
0.000009
0.000007
-0.000008
-0.000000
-0.000004
-0.000544
-0.000663
0.002378
0.002406
0.000638
0.000520
0.001522
0.002296
0.002736
0.002623
0.005022
0.006376
0.005719
0.004071
0.001323
0.000390
0.000021
-0.000010
-0.000019
-0.000016
-0.000018
-0.000021
-0.000025
-0.000022
-0.000019
-0.000022
-0.000021
-0.000013
-0.000016
-0.000017
-0.000015
-0.000013
-0.000026
-0.000026
-0.000023
-0.000029
-0.000034
-0.000031
-0.000035
-0.000034
-0.000036
-0.000040
-0.000039
-0.000038
-0.000039
-0.000041
-0.000046
-0.000035
0.000052
0.000049
0.000046
0.000046
0.000049
0.000053
0.000049
0.000042
0.000040
0.000041
0.000034
0.000041
0.000016
0.000153
0.002873
0.004306
-0.000074
-0.000067
0.000007
0.000010
0.000014
0.000009
0.000030
0.000020
-0.000509
-0.000947
-0.000417
0.002605
0.002246
0.001014
0.000695
0.001745
0.002027
0.001929
0.003334
0.003017
0.005341
0.006862
0.005649
0.002412
0.000366
0.000498
0.000084
-0.000026
-0.000014
-0.000022
-0.000031
-0.000027
-0.000020
-0.000022
-0.000020
-0.000022
-0.000020
-0.000024
-0.000023
-0.000017
-0.000021
-0.000026
-0.000029
-0.000024
-0.000028
-0.000033
-0.000031
-0.000036
-0.000032
-0.000042
-0.000039
-0.000040
-0.000042
-0.000044
-0.000053
-0.000045
-0.000596
0.000044
0.000058
0.000051
0.000056
0.000054
0.000057
0.000052
0.000049
0.000041
0.000040
0.000045
0.000030
0.000027
0.000060
0.000774
0.008688
-0.000085
-0.000188
0.000005
0.000010
0.000012
-0.000006
0.004591
0.001860
0.002160
0.002445
0.001774
0.001766
0.001569
0.000386
0.000876
0.001366
0.000852
0.001126
0.001598
0.001282
0.001657
0.004058
0.005421
0.003110
0.001285
0.001727
0.001078
-0.000045
-0.000029
-0.000023
-0.000028
-0.000027
-0.000020
-0.000025
-0.000022
-0.000022
-0.000019
-0.000023
-0.000028
-0.000023
-0.000021
-0.000029
-0.000032
-0.000033
-0.000030
-0.000032
-0.000036
-0.000037
-0.000042
-0.000042
-0.000037
-0.000038
-0.000044
-0.000056
-0.000047
-0.000045
-0.000038
0.000041
0.000046
0.000037
0.000041
0.000049
0.000044
0.000052
0.000049
0.000046
0.000043
0.000039
0.000037
0.000033
0.000048
0.000713
0.010097
0.000757
-0.000175
-0.000001
0.000014
-0.000027
0.007306
0.007502
0.006147
0.005013
0.006694
0.008283
0.007002
0.003184
0.000549
0.000502
0.001068
0.000355
-0.000255
-0.000061
0.000479
0.000697
0.001106
0.002385
0.004578
0.002003
0.001831
0.001930
0.000677
0.000530
0.000256
-0.000082
-0.000024
-0.000028
-0.000021
-0.000025
-0.000029
-0.000023
-0.000017
-0.000026
-0.000026
-0.000028
-0.000032
-0.000037
-0.000031
-0.000032
-0.000031
-0.000040
-0.000041
-0.000047
-0.000042
-0.000051
0.000004
-0.000051
-0.000051
-0.000044
-0.000033
-0.000039
0.000021
0.000014
0.000027
0.000017
0.000043
0.000045
0.000052
0.000052
0.000045
0.000044
0.000041
0.000040
0.000035
0.000031
0.000052
0.001791
0.011212
-0.001377
-0.000366
-0.000006
0.005334
0.009661
0.007962
0.007292
0.005970
0.008586
0.007882
0.005858
0.003494
0.000465
0.000077
0.000092
-0.000248
-0.000534
-0.000358
0.000056
0.000044
0.000003
0.000798
0.002295
0.001282
0.001423
0.000899
0.000017
-0.000132
0.004015
-0.000530
-0.000009
-0.000020
-0.000024
-0.000019
-0.000021
-0.000027
-0.000025
-0.000028
-0.000030
-0.000028
-0.000041
-0.000037
-0.000037
-0.000039
-0.000039
-0.000035
-0.000034
-0.000039
-0.000049
-0.000053
-0.000055
-0.000047
-0.000049
-0.000044
-0.000033
-0.000042
0.000010
0.000008
0.000009
0.000015
0.000046
0.000046
0.000048
0.000053
0.000051
0.000045
0.000037
0.000037
0.000034
0.000027
0.000031
0.001525
0.013373
0.002636
0.001593
0.004155
0.005064
0.004957
0.006008
0.007579
0.005976
0.006129
0.006544
0.004950
0.002006
0.000376
0.000459
-0.000149
-0.000460
-0.001398
-0.001653
-0.000723
-0.000357
0.000017
0.000326
0.000260
-0.000116
0.000510
0.000696
-0.000235
-0.001548
0.003667
0.002115
0.000624
-0.000011
-0.000023
-0.000026
-0.000022
-0.000028
-0.000026
-0.000027
-0.000031
-0.000036
-0.000044
-0.000042
-0.000043
-0.000043
-0.000044
-0.000042
-0.000020
-0.000029
-0.000041
-0.000058
-0.000056
-0.000053
-0.000047
-0.000043
-0.000044
-0.000049
0.000031
0.000021
0.000018
0.000032
0.000052
0.000043
0.000049
0.000054
0.000052
0.000038
0.000038
0.000036
0.000036
0.000027
0.000021
0.000518
0.000059
0.001180
0.002072
0.002421
0.002261
0.003086
0.004960
0.006144
0.004690
0.004559
0.005150
0.001618
0.001207
0.000875
0.000965
0.000223
-0.000640
-0.000538
-0.001255
-0.001976
-0.000335
0.000178
0.000367
-0.000418
-0.000217
0.000180
-0.000220
-0.000845
-0.001751
-0.000315
0.000521
0.000268
0.000457
-0.000025
-0.000022
-0.000025
-0.000032
-0.000030
-0.000020
-0.000029
-0.000034
-0.000041
-0.000042
-0.000047
-0.000046
-0.000047
-0.000039
-0.000029
-0.000026
-0.000010
-0.000056
-0.000066
-0.000057
-0.000050
-0.000043
-0.000044
-0.000046
0.000029
0.000019
0.000026
0.000032
0.000036
0.000039
0.000042
0.000045
0.000048
0.000041
0.000037
0.000041
0.000044
0.000045
0.000062
0.000070
0.000052
0.000071
0.000094
0.000056
0.000131
0.001260
0.002759
0.004467
0.004784
0.004117
0.002626
0.001280
0.001250
0.000669
-0.000009
-0.001789
-0.001135
0.001027
0.000724
-0.002659
-0.000825
0.001368
0.000946
0.001900
0.002138
0.001929
0.002015
0.000331
-0.001545
-0.001381
0.001104
0.001242
0.002257
0.000608
-0.000037
-0.000033
-0.000029
-0.000028
-0.000032
-0.000035
-0.000032
-0.000040
-0.000047
-0.000047
-0.000046
-0.000039
-0.000037
-0.000033
-0.000041
-0.000045
-0.000050
-0.000058
-0.000054
-0.000043
-0.000040
-0.000040
-0.000046
0.000034
0.000009
0.000018
0.000022
0.000033
0.000040
0.000044
0.000047
0.000047
0.000040
0.000040
0.000043
0.000051
0.000050
0.000053
0.000058
0.000064
0.000053
0.000060
0.000055
0.000054
0.000190
0.001148
0.009634
0.004709
0.000401
-0.000499
-0.000919
-0.001087
-0.003590
-0.002456
-0.001765
-0.001035
-0.001417
-0.000663
-0.000502
0.002191
0.000295
0.000665
0.001950
0.001912
0.002219
0.001547
-0.000959
0.000954
0.001731
0.004721
0.004084
0.005487
0.003551
0.000838
-0.000032
-0.000037
-0.000035
-0.000029
-0.000033
-0.000033
-0.000041
-0.000042
-0.000040
-0.000043
-0.000044
-0.000047
-0.000032
-0.000024
-0.000039
-0.000043
-0.000046
-0.000042
-0.000039
-0.000033
-0.000034
-0.000040
0.000036
0.000031
0.000035
0.000039
0.000035
0.000044
0.000041
0.000040
0.000043
0.000046
0.000048
0.000047
0.000050
0.000059
0.000054
0.000059
0.000047
0.000044
0.000050
0.000056
0.000299
0.007481
0.008762
0.011451
0.009945
0.002956
0.000106
-0.001087
-0.001286
-0.004569
-0.000219
0.000504
-0.000751
-0.002166
-0.001875
-0.002240
-0.002530
0.000143
0.000435
0.000866
0.000346
0.001530
0.001275
0.001674
0.000031
0.003574
0.003200
0.005013
0.007324
0.005972
0.000742
0.000414
-0.000042
-0.000038
-0.000043
-0.000031
-0.000032
-0.000041
-0.000039
-0.000040
-0.000045
-0.000047
-0.000032
-0.000036
-0.000017
-0.000019
-0.000037
-0.000037
-0.000044
-0.000040
-0.000048
-0.000038
-0.000028
0.000040
0.000039
0.000044
0.000041
0.000046
0.000036
0.000046
0.000041
0.000039
0.000052
0.000053
0.000048
0.000057
0.000062
0.000052
0.000059
0.000052
0.000038
0.000051
0.000102
0.002626
0.004186
0.005866
0.006842
0.011515
0.007533
0.001529
-0.000805
-0.001199
-0.006916
-0.001120
0.000789
0.000833
0.000145
-0.001463
-0.002825
-0.004245
-0.002342
-0.001505
-0.000608
-0.000263
0.000670
0.000308
0.000905
-0.000425
-0.001400
-0.000690
0.004038
0.005378
0.003823
0.000434
-0.000322
0.000297
-0.000046
-0.000042
-0.000021
-0.000022
-0.000036
-0.000027
-0.000032
-0.000022
-0.000032
-0.000011
-0.000028
-0.000017
-0.000042
-0.000033
-0.000041
-0.000053
-0.000056
-0.000058
-0.000038
-0.000022
0.000038
0.000037
0.000042
0.000044
0.000043
0.000042
0.000037
0.000042
0.000036
0.000054
0.000055
0.000058
0.000063
0.000057
0.000065
0.000057
0.000048
0.000045
0.000016
0.000065
0.000950
0.003205
0.004380
0.005682
0.008934
0.011333
0.006513
0.001449
-0.000552
-0.008157
-0.001582
0.000537
0.001190
0.001144
-0.001683
-0.003412
-0.003665
-0.003128
-0.001047
-0.001381
-0.000004
-0.000005
-0.000158
0.000475
-0.000479
-0.002072
-0.001614
0.001671
0.002605
0.001042
-0.000958
-0.000602
0.000030
0.000253
0.000176
-0.000017
-0.000017
-0.000013
-0.000026
-0.000044
-0.000030
0.000000
-0.000003
-0.000023
-0.000033
-0.000033
-0.000040
-0.000051
-0.000061
-0.000055
-0.000051
-0.000041
-0.000033
0.000037
0.000039
0.000042
0.000042
0.000040
0.000048
0.000044
0.000038
0.000040
0.000045
0.000054
0.000056
0.000059
0.000059
0.000062
0.000070
0.000064
0.000009
0.000018
0.000010
0.000021
0.002236
0.003918
0.004527
0.008077
0.012584
0.010704
0.004983
0.000705
-0.009932
-0.002945
0.000710
0.001332
0.000924
-0.000875
-0.002203
-0.003193
-0.003189
-0.001180
-0.002692
-0.000875
-0.005652
-0.006784
-0.005434
-0.004841
-0.000526
-0.002519
-0.000474
-0.000694
-0.001358
-0.001770
-0.000454
-0.000055
0.000492
0.000769
-0.000184
-0.000016
-0.000017
-0.000026
-0.000054
-0.000000
-0.000028
-0.000025
-0.000018
-0.000033
-0.000036
-0.000046
-0.000054
-0.000053
-0.000053
-0.000055
-0.000047
-0.000040
0.000044
0.000042
0.000047
0.000046
0.000031
0.000053
0.000049
0.000033
0.000042
0.000043
0.000051
0.000056
0.000060
0.000071
0.000067
0.000078
0.000046
0.000043
0.000014
0.000023
0.000005
-0.000030
0.001719
0.003234
0.004961
0.010174
0.011427
0.005845
0.003108
-0.007386
-0.005081
0.000396
0.001891
0.001392
-0.000811
-0.003180
-0.002716
-0.003660
-0.004027
-0.005668
-0.003233
-0.005362
-0.004477
-0.005437
-0.004233
-0.004785
-0.000162
-0.000934
-0.001569
-0.001285
-0.001014
0.000122
0.000832
0.002046
0.002222
0.001746
0.000036
-0.000012
-0.000022
-0.000034
-0.000029
-0.000021
-0.000021
-0.000019
-0.000028
-0.000043
-0.000043
-0.000046
-0.000047
-0.000048
-0.000053
-0.000046
-0.000040
0.000040
0.000044
0.000041
0.000039
0.000039
0.000044
0.000050
0.000048
0.000052
0.000035
0.000034
0.000061
0.000111
0.000039
0.000040
0.000032
0.000047
0.000048
0.000049
0.000056
0.000045
-0.000008
0.000223
0.002221
0.003367
0.005623
0.007081
0.005682
0.004459
-0.005987
-0.004957
-0.000432
0.001023
0.000574
-0.000942
-0.004037
-0.004150
-0.004343
-0.004896
-0.006407
-0.004782
-0.006485
-0.003925
-0.004260
-0.004411
-0.004238
-0.002817
0.000237
-0.000516
-0.003454
0.000983
0.001983
0.003486
0.005379
0.004456
0.002482
0.001775
0.002060
0.000096
-0.000017
0.000069
-0.000017
-0.000021
-0.000019
-0.000038
-0.000048
-0.000050
-0.000043
-0.000046
-0.000052
-0.000049
-0.000053
-0.000051
0.000046
0.000045
0.000043
0.000041
0.000047
0.000040
0.000045
0.000040
0.000036
0.000045
0.000048
0.000046
0.000002
0.000047
0.000052
0.000042
0.000037
0.000035
0.000040
0.000042
0.000027
0.000091
0.000102
0.000098
0.000234
0.000235
0.000275
0.000206
-0.000475
-0.005816
-0.003673
-0.000743
0.000383
0.000027
-0.002172
-0.004896
-0.002121
-0.005702
-0.007018
-0.006855
-0.005963
-0.006271
-0.005972
-0.003894
-0.005530
-0.004477
-0.003667
-0.002717
0.000270
0.001526
0.003664
0.004513
0.006017
0.009986
0.005201
0.004830
0.005323
0.005194
0.004751
0.006349
0.003379
0.000079
-0.000033
-0.000037
-0.000048
-0.000057
-0.000044
-0.000047
-0.000055
-0.000048
-0.000060
-0.000036
-0.000004
0.000048
0.000048
0.000048
0.000046
0.000045
0.000043
0.000044
0.000038
0.000033
0.000033
0.000040
0.000044
0.000067
0.000058
0.000061
0.000026
0.000065
0.000084
0.000078
0.000078
0.000071
0.000065
0.000062
0.000061
0.000061
0.000061
0.000057
0.000049
0.000083
-0.000047
-0.000129
-0.001863
-0.000252
-0.000673
-0.000794
-0.002503
-0.003453
-0.005544
-0.006791
-0.005658
-0.005392
-0.006431
-0.007191
-0.005612
-0.006580
-0.005238
-0.004048
-0.003288
-0.002207
0.002464
0.006649
0.007076
0.009040
0.009508
0.007508
0.007213
0.007373
0.006251
0.005863
0.005964
0.004440
0.002192
0.000128
-0.000051
-0.000059
-0.000051
-0.000050
-0.000052
-0.000057
-0.000034
-0.000062
-0.000015
-0.000009
0.000046
0.000049
0.000048
0.000040
0.000036
0.000043
0.000045
0.000045
0.000040
0.000028
0.000038
0.000043
0.000033
0.000042
0.000042
0.000051
0.000052
0.000052
0.000053
0.000059
0.000057
0.000057
0.000052
0.000054
0.000060
0.000066
0.000053
0.000040
0.000028
-0.000206
0.000245
0.000251
0.000114
-0.000015
0.000279
0.000263
0.000280
-0.003289
-0.003422
-0.004785
-0.006113
-0.006451
-0.006589
-0.005953
-0.006656
-0.005585
-0.004585
-0.003384
-0.002813
-0.001756
0.004334
0.008325
0.009071
0.008220
0.007656
0.006707
0.006202
0.005699
0.003540
0.001573
0.000328
0.000044
-0.000078
-0.000052
-0.000047
-0.000051
-0.000061
-0.000057
-0.000060
-0.000050
-0.000053
-0.000053
-0.000058
0.000052
0.000053
0.000053
0.000046
0.000037
0.000039
0.000041
0.000040
0.000028
0.000015
0.000023
0.000036
0.000046
0.000050
0.000049
0.000045
0.000042
0.000047
0.000041
0.000052
0.000054
0.000058
0.000054
0.000051
0.000054
0.000059
0.000050
0.000032
0.000016
0.000003
-0.000080
0.000313
0.000119
-0.000557
0.000028
0.000047
0.000038
-0.000030
-0.000128
-0.000162
-0.000303
-0.000435
-0.000787
-0.000037
-0.005362
-0.005936
-0.005508
-0.003012
-0.002149
-0.002000
-0.001635
0.004041
0.005482
0.005330
0.005424
0.004755
0.004014
0.001712
0.000231
-0.000015
-0.000069
-0.000073
-0.000080
-0.000055
-0.000046
-0.000059
-0.000063
-0.000065
-0.000049
-0.000045
-0.000046
-0.000046
-0.000048
0.000053
0.000050
0.000051
0.000050
0.000042
0.000038
0.000043
0.000047
0.000029
0.000017
0.000026
0.000039
0.000041
0.000051
0.000056
0.000052
0.000043
0.000043
0.000051
0.000052
0.000048
0.000059
0.000059
0.000049
0.000045
0.000054
0.000053
0.000034
0.000036
0.000032
0.000032
0.000006
-0.000013
0.000006
0.000042
0.000036
0.000033
0.000030
0.000039
0.000037
0.000029
0.000020
0.000001
-0.000009
0.001363
-0.005810
-0.005537
-0.003461
-0.002625
-0.002077
-0.001881
0.002326
0.004203
0.003466
0.003173
0.002421
0.000998
0.000191
-0.000040
-0.000068
-0.000065
-0.000066
-0.000069
-0.000037
-0.000032
-0.000061
-0.000066
-0.000059
-0.000055
-0.000050
-0.000051
-0.000046
-0.000041
0.000049
0.000048
0.000050
0.000042
0.000039
0.000039
0.000038
0.000042
0.000030
0.000028
0.000029
0.000041
0.000037
0.000040
0.000049
0.000056
0.000053
0.000050
0.000056
0.000058
0.000055
0.000051
0.000057
0.000053
0.000051
0.000056
0.000054
0.000049
0.000042
0.000040
0.000050
0.000045
0.000046
0.000048
0.000046
0.000051
0.000045
0.000042
0.000033
0.000035
0.000033
0.000018
0.000000
-0.000004
-0.000010
0.001288
-0.004296
-0.002304
-0.001561
-0.001849
-0.001123
-0.000384
0.003299
0.000808
0.000176
0.000097
-0.000031
-0.000070
-0.000068
-0.000063
-0.000067
-0.000054
-0.000049
-0.000010
-0.000015
-0.000055
-0.000059
-0.000060
-0.000068
-0.000066
-0.000061
-0.000040
-0.000035
0.000049
0.000048
0.000050
0.000058
0.000044
0.000036
0.000033
0.000035
0.000037
0.000035
0.000029
0.000037
0.000040
0.000042
0.000041
0.000054
0.000062
0.000059
0.000056
0.000062
0.000059
0.000050
0.000055
0.000058
0.000059
0.000059
0.000060
0.000057
0.000039
0.000046
0.000049
0.000050
0.000049
0.000049
0.000053
0.000054
0.000047
0.000038
0.000036
0.000040
0.000033
0.000029
0.000005
-0.000006
-0.000008
-0.000010
0.000265
-0.001423
-0.000632
0.000739
0.001050
0.003031
0.002170
-0.000269
-0.000082
-0.000056
-0.000061
-0.000062
-0.000062
-0.000052
-0.000045
-0.000029
-0.000021
-0.000007
-0.000042
-0.000051
-0.000062
-0.000070
-0.000078
-0.000064
-0.000050
-0.000045
-0.000037
0.000044
0.000049
0.000053
0.000052
0.000043
0.000033
0.000034
0.000041
0.000043
0.000044
0.000035
0.000032
0.000041
0.000046
0.000041
0.000047
0.000058
0.000059
0.000058
0.000055
0.000053
0.000049
0.000057
0.000061
0.000062
0.000063
0.000066
0.000068
0.000062
0.000052
0.000051
0.000051
0.000050
0.000051
0.000055
0.000052
0.000048
0.000034
0.000025
0.000031
0.000035
0.000027
0.000010
-0.000007
-0.000010
-0.000011
-0.000014
0.000043
0.000190
0.001147
0.002701
0.005431
0.000684
-0.000153
-0.000058
-0.000051
-0.000061
-0.000050
-0.000062
-0.000067
-0.000062
-0.000040
-0.000013
-0.000020
-0.000039
-0.000045
-0.000066
-0.000073
-0.000062
-0.000064
-0.000043
-0.000044
-0.000041
0.000045
0.000049
0.000055
0.000050
0.000044
0.000036
0.000029
0.000050
0.000048
0.000045
0.000026
0.000028
0.000037
0.000040
0.000043
0.000051
0.000057
0.000062
0.000056
0.000047
0.000052
0.000056
0.000058
0.000057
0.000064
0.000065
0.000066
0.000071
0.000073
0.000062
0.000056
0.000053
0.000050
0.000051
0.000053
0.000050
0.000043
0.000035
0.000023
0.000028
0.000029
0.000027
0.000016
-0.000004
-0.000010
-0.000012
-0.000016
-0.000017
0.000056
0.000198
0.002578
0.001496
-0.000129
-0.000042
-0.000038
-0.000045
-0.000049
-0.000063
-0.000082
-0.000087
-0.000066
-0.000056
-0.000035
-0.000036
-0.000030
-0.000045
-0.000063
-0.000059
-0.000060
-0.000064
-0.000053
-0.000045
-0.000038
0.000043
0.000052
0.000051
0.000047
0.000048
0.000041
0.000044
0.000050
0.000051
0.000051
0.000042
0.000026
0.000032
0.000045
0.000049
0.000057
0.000053
0.000062
0.000055
0.000046
0.000046
0.000058
0.000055
0.000064
0.000060
0.000070
0.000071
0.000073
0.000068
0.000063
0.000057
0.000044
0.000050
0.000053
0.000048
0.000049
0.000033
0.000021
0.000025
0.000031
0.000034
0.000033
0.000045
0.000020
-0.000002
-0.000007
-0.000005
0.000019
-0.000013
0.000030
0.000120
0.000301
-0.000097
-0.000043
-0.000035
-0.000037
-0.000050
-0.000060
-0.000077
-0.000080
-0.000056
-0.000057
-0.000042
-0.000037
-0.000055
-0.000065
-0.000058
-0.000059
-0.000057
-0.000070
-0.000064
-0.000057
-0.000044
0.000037
0.000044
0.000047
0.000046
0.000051
0.000039
0.000044
0.000048
0.000051
0.000053
0.000046
0.000023
0.000033
0.000056
0.000055
0.000055
0.000050
0.000059
0.000058
0.000045
0.000045
0.000058
0.000062
0.000065
0.000061
0.000064
0.000064
0.000064
0.000071
0.000069
0.000067
0.000057
0.000052
0.000048
0.000046
0.000045
0.000037
0.000035
0.000030
0.000011
0.000034
0.000065
0.000049
0.000018
0.000003
-0.000006
-0.000010
-0.000011
-0.000017
-0.000023
-0.000022
-0.000030
-0.000042
-0.000044
-0.000027
-0.000014
-0.000049
-0.000049
-0.000067
-0.000068
-0.000054
-0.000054
-0.000051
-0.000043
-0.000065
-0.000065
-0.000054
-0.000053
-0.000064
-0.000068
-0.000067
-0.000053
-0.000048
0.000038
0.000040
0.000046
0.000047
0.000044
0.000045
0.000042
0.000039
0.000051
0.000049
0.000045
0.000030
0.000036
0.000054
0.000055
0.000057
0.000061
0.000058
0.000071
0.000062
0.000052
0.000064
0.000072
0.000067
0.000071
0.000060
0.000053
0.000068
0.000072
0.000070
0.000065
0.000059
0.000053
0.000042
0.000041
0.000040
0.000034
0.000036
0.000038
0.000061
0.000054
0.000040
0.000029
0.000027
0.000004
-0.000005
-0.000015
-0.000020
-0.000021
-0.000018
-0.000027
-0.000036
-0.000043
-0.000041
-0.000035
-0.000035
-0.000035
-0.000047
-0.000055
-0.000061
-0.000056
-0.000053
-0.000059
-0.000065
-0.000070
-0.000072
-0.000058
-0.000059
-0.000065
-0.000070
-0.000067
-0.000052
-0.000045
