0.000734
0.000676
0.000736
0.000632
0.000756
0.000699
0.000705
0.000438
0.000689
0.000630
0.000630
-0.000603
0.000585
0.000501
0.000470
0.000209
0.000185
0.000276
0.000311
0.000278
0.000305
0.000327
0.000423
0.000491
0.000528
0.000378
0.000321
0.000369
0.000395
0.000405
0.000443
0.000500
0.000536
0.000522
0.000495
0.000471
0.000437
0.000379
0.000373
0.000323
0.000297
0.000357
0.000337
0.000307
0.000287
0.000198
0.000305
0.000245
0.000241
0.000260
0.000251
0.000285
0.000271
0.000258
0.000201
0.000219
0.000200
0.000195
0.000207
0.000262
0.000279
0.000273
0.000281
0.000260
0.000163
0.000282
-0.001158
0.000321
0.000397
0.000457
0.000061
0.000466
0.000195
0.000450
0.000435
0.000544
0.000542
0.000561
0.000506
0.000573
0.000510
0.000430
0.000436
0.000463
0.000550
0.000562
0.000541
0.000467
0.000340
0.000326
0.000318
0.000372
0.000378
0.000391
0.000427
0.000408
0.000376
0.000378
0.000306
0.000256
0.000318
0.000358
0.000313
0.000365
0.000344
0.000403
0.000470
0.000458
0.000409
0.000414
0.000347
0.000397
0.000338
0.000328
0.000315
0.000297
0.000272
0.000241
0.000329
0.000275
0.000230
0.000284
0.000284
0.000281
0.000305
0.000348
0.000302
0.000305
0.000323
0.000229
0.000219
0.000254
0.000271
0.000294
0.000309
0.000355
0.000345
0.000321
0.000314
0.000265
0.000230
0.000233
0.000327
0.000299
0.000320
0.000386
0.000473
0.000433
0.000454
0.000425
0.000519
0.000573
0.000521
0.000565
0.000439
0.000485
0.000490
0.000470
0.000486
0.000482
0.000447
0.000419
0.000378
0.000389
0.000369
0.000398
0.000411
0.000425
0.000430
0.000405
0.000376
0.000382
0.000315
0.000343
0.000313
0.000284
0.000368
0.000354
0.000380
0.000477
0.000467
0.000403
0.000382
0.000384
0.000385
0.000421
0.000385
0.000343
0.000317
0.000293
0.000279
0.000324
0.000367
0.000252
0.000276
0.000277
0.000255
0.000276
0.000307
0.000276
0.000267
0.000290
0.000241
0.000233
0.000241
0.000280
0.000340
0.000307
0.000320
0.000304
0.000293
0.000280
0.000228
0.000256
0.000282
0.000268
0.000268
0.000253
0.000244
0.000520
0.000453
0.000362
0.000540
0.000577
0.000547
0.000587
0.000515
0.000494
0.000402
0.000447
0.000412
0.000413
0.000411
0.000382
0.000429
0.000425
0.000372
0.000371
0.000388
0.000405
0.000367
0.000368
0.000373
0.000365
0.000354
0.000328
0.000305
0.000323
0.000339
0.000368
0.000357
0.000394
0.000421
0.000436
0.000387
0.000397
0.000370
0.000383
0.000446
0.000406
0.000347
0.000361
0.000318
0.000285
0.000282
0.000362
0.000295
0.000262
0.000204
0.000272
0.000244
0.000297
0.000271
0.000238
0.000249
0.000261
0.000188
0.000259
0.000267
0.000272
0.000302
0.000327
0.000299
0.000262
0.000306
0.000277
0.000288
0.000297
0.000271
0.000335
0.000312
0.000294
0.000480
0.000455
0.000367
0.000358
0.000521
0.000575
0.000550
0.000493
0.000452
0.000389
0.000368
0.000355
0.000368
0.000354
0.000409
0.000438
0.000436
0.000437
0.000365
0.000371
0.000341
0.000334
0.000289
0.000289
0.000338
0.000339
0.000322
0.000352
0.000339
0.000364
0.000412
0.000452
0.000404
0.000401
0.000424
0.000405
0.000406
0.000382
0.000364
0.000383
0.000385
0.000346
0.000327
0.000322
0.000323
0.000297
0.000258
0.000283
0.000298
0.000316
0.000349
0.000285
0.000259
0.000233
0.000225
0.000237
0.000239
0.000204
0.000226
0.000234
0.000253
0.000297
0.000305
0.000269
0.000218
0.000317
0.000297
0.000294
0.000281
0.000310
0.000356
0.000325
-0.002169
0.000522
0.000495
0.000354
0.000383
0.000439
0.000535
0.000572
0.000517
0.000523
0.000325
0.000292
0.000340
0.000378
0.000379
0.000400
0.000410
0.000444
0.000405
0.000307
0.000358
0.000303
0.000257
0.000175
0.000199
0.000349
0.000314
0.000324
0.000355
0.000345
0.000353
0.000388
0.000441
0.000388
0.000344
0.000322
0.000346
0.000391
0.000375
0.000388
0.000317
0.000325
0.000347
0.000350
0.000353
0.000323
0.000328
0.000343
0.000325
0.000248
0.000294
0.000330
0.000306
0.000248
0.000258
0.000219
0.000243
0.000232
0.000178
0.000122
0.000119
0.000237
0.000294
0.000285
0.000282
0.000237
0.000243
0.000243
0.000317
0.000323
0.000306
0.000292
0.000335
0.000426
0.000555
0.000504
0.000366
0.000334
0.000420
0.000507
0.000535
0.000530
0.000529
0.000373
0.000290
0.000289
0.000348
0.000385
0.000365
0.000409
0.000390
0.000372
0.000346
0.000354
0.000312
0.000172
0.000159
0.000227
0.000331
0.000387
0.000361
0.000318
0.000325
0.000377
0.000409
0.000413
0.000342
0.000356
0.000424
0.000404
0.000406
0.000410
0.000400
0.000412
0.000414
0.000392
0.000353
0.000370
0.000360
0.000338
0.000298
0.000346
0.000253
0.000262
0.000298
0.000237
0.000301
0.000296
0.000258
0.000239
0.000221
0.000215
0.000146
0.000235
0.000295
0.000290
0.000290
0.000324
0.000305
0.000285
0.000277
0.000341
0.000296
0.000328
0.000253
0.000340
0.000476
0.000401
0.000486
0.000453
0.000407
0.000451
0.000475
0.000478
0.000500
0.000489
0.000382
0.000323
0.000313
0.000323
0.000314
0.000326
0.000385
0.000376
0.000354
0.000346
0.000355
0.000334
0.000315
0.000216
0.000321
0.000361
0.000377
0.000339
0.000308
0.000305
0.000346
0.000373
0.000368
0.000307
0.000307
0.000419
0.000444
0.000377
0.000395
0.000410
0.000438
0.000424
0.000419
0.000423
0.000381
0.000372
0.000355
0.000308
0.000321
0.000282
0.000292
0.000278
0.000310
0.000307
0.000350
0.000334
0.000211
0.000134
0.000255
0.000261
0.000250
0.000271
0.000247
0.000266
0.000266
0.000300
0.000320
0.000263
0.000289
0.000312
0.000279
0.000299
0.000323
0.000502
0.000370
0.000371
0.000493
0.000435
0.000424
0.000467
0.000484
0.000447
0.000376
0.000338
0.000263
0.000254
0.000249
0.000272
0.000336
0.000341
0.000414
0.000418
0.000383
0.000372
0.000318
0.000319
0.000343
0.000359
0.000369
0.000390
0.000362
0.000309
0.000299
0.000312
0.000340
0.000297
0.000281
0.000216
0.000313
0.000418
0.000338
0.000400
0.000377
0.000369
0.000422
0.000407
0.000399
0.000391
0.000369
0.000345
0.000330
0.000317
0.000409
0.000304
0.000280
0.000329
0.000335
0.000346
0.000316
0.000208
0.000085
0.000259
0.000254
0.000289
0.000228
0.000211
0.000228
0.000329
0.000330
0.000286
0.000260
0.000259
0.000320
0.000320
0.000264
0.000306
0.001326
0.000327
0.000300
0.000413
0.000403
0.000367
0.000431
0.000489
0.000430
0.000366
0.000305
0.000259
0.000231
0.000244
0.000250
0.000309
0.000379
0.000458
0.000373
0.000420
0.000375
0.000374
0.000401
0.000426
0.000426
0.000357
0.000378
0.000374
0.000375
0.000345
0.000312
0.000345
0.000277
0.000251
0.000228
0.000320
0.000334
0.000330
0.000359
0.000361
0.000354
0.000385
0.000354
0.000282
0.000374
0.000391
0.000336
0.000313
0.000308
0.000369
0.000328
0.000310
0.000312
0.000342
0.000294
0.000277
0.000224
0.000154
0.000238
0.000268
0.000221
0.000204
0.000279
0.000281
0.000270
0.000285
0.000264
0.000310
0.000270
0.000326
0.000289
0.000335
0.000303
0.000395
0.000255
0.000224
0.000284
0.000327
0.000268
0.000370
0.000432
0.000425
0.000356
0.000342
0.000238
0.000280
0.000238
0.000247
0.000292
0.000365
0.000443
0.000393
0.000378
0.000362
0.000402
0.000431
0.000384
0.000423
0.000435
0.000393
0.000393
0.000388
0.000381
0.000350
0.000356
0.000338
0.000259
0.000245
0.000308
0.000290
0.000282
0.000231
0.000274
0.000280
0.000215
0.000205
0.000230
0.000328
0.000417
0.000411
0.000377
0.000378
0.000404
0.000358
0.000321
0.000303
0.000285
0.000260
0.000274
0.000257
0.000140
0.000282
0.000320
0.000303
0.000255
0.000310
0.000281
0.000263
0.000310
0.000367
0.000319
0.000341
0.000379
0.000319
0.000341
0.000306
0.000356
0.000243
0.000239
0.000240
0.000265
0.000296
0.000312
0.000319
0.000398
0.000348
0.000316
0.000268
0.000358
0.000348
0.000304
0.000292
0.000357
0.000383
0.000371
0.000365
0.000340
0.000406
0.000488
0.000409
0.000461
0.000448
0.000417
0.000408
0.000436
0.000387
0.000355
0.000348
0.000335
0.000317
0.000277
0.000241
0.000283
0.000300
0.000272
0.000232
0.000224
0.000239
0.000199
0.000198
0.000291
0.000383
0.000476
0.000443
0.000405
0.000360
0.000320
0.000303
0.000337
0.000223
0.000171
0.000286
0.000272
0.000249
0.000239
0.000336
0.000361
0.000267
0.000237
0.000280
0.000299
0.000371
0.000363
0.000339
0.000333
0.000337
0.000356
0.000343
0.000343
0.000316
0.000263
0.000226
0.000251
0.000245
0.000229
0.000232
0.000252
0.000335
0.000353
0.000356
0.000295
0.000323
0.000348
0.000299
0.000317
0.000370
0.000371
0.000366
0.000392
0.000331
0.000366
0.000502
0.000481
0.000518
0.000459
0.000429
0.000433
0.000476
0.000463
0.000350
0.000313
0.000366
0.000384
0.000333
0.000227
0.000302
0.000276
0.000253
0.000190
0.000177
0.000167
0.000136
0.000183
0.000270
0.000351
0.000462
0.000437
0.000375
0.000346
0.000314
0.000288
0.000202
0.000287
0.000184
0.000265
0.000354
0.000287
0.000177
0.000311
0.000416
0.000292
0.000277
0.000344
0.000336
0.000262
0.000249
0.000308
0.000281
0.000281
0.000367
0.000372
0.000402
0.000725
0.000267
0.000261
0.000253
0.000245
0.000268
0.000212
0.000205
0.000221
0.000273
0.000299
0.000296
0.000297
0.000261
0.000297
0.000337
0.000248
0.000273
0.000312
0.000366
0.000411
0.000423
0.000192
-0.000120
-0.000188
-0.000003
0.000404
0.000440
0.000410
0.000443
0.000356
0.000415
0.000450
0.000426
0.000358
0.000327
0.000308
0.000231
0.000142
0.000098
0.000104
0.000076
0.000072
0.000138
0.000256
0.000374
0.000437
0.000415
0.000438
0.000380
0.000293
0.000331
0.000319
0.000296
0.000222
0.000285
0.000277
0.000254
0.000323
0.000428
0.000374
0.000366
0.000268
0.000364
0.000277
0.000393
0.000352
0.000317
0.000307
0.000321
0.000357
0.000374
0.000407
0.000407
0.000281
0.000241
0.000240
0.000233
0.000216
0.000202
0.000218
0.000226
0.000274
0.000262
0.000295
0.000291
0.000271
0.000278
0.000288
0.000214
0.000217
0.000318
0.000370
0.000371
0.000400
-0.001234
-0.009499
-0.010736
-0.006124
-0.003057
-0.000295
0.000244
0.000446
0.000435
0.000379
0.000386
0.000379
0.000382
0.000398
0.000251
0.000164
0.000108
0.000046
-0.000028
-0.000057
-0.000079
0.000043
0.000210
0.000412
0.000477
0.000463
0.000411
0.000367
0.000307
0.000336
0.000291
0.000265
0.000196
0.000216
0.000280
0.000380
0.000336
0.000375
0.000436
0.000374
0.000353
0.000358
0.000357
0.000348
0.000294
0.000426
0.000386
0.000297
0.000290
0.000298
0.000324
0.000400
0.000314
0.000270
0.000305
0.000217
0.000187
0.000194
0.000181
0.000230
0.000247
0.000291
0.000292
0.000290
0.000290
0.000311
0.000272
0.000232
0.000312
0.000370
0.000391
0.000448
0.000222
-0.004311
-0.002006
-0.001879
-0.003791
-0.008388
-0.005932
-0.004888
-0.000127
0.000405
0.000401
0.000376
0.000378
0.000347
0.000364
0.000237
0.000127
0.000061
-0.000010
-0.000104
-0.000153
-0.000208
-0.000060
0.000173
0.000336
0.000384
0.000453
0.000425
0.000458
0.000423
0.000381
0.000431
0.000235
0.000210
0.000297
0.000363
0.000365
0.000409
0.000281
0.000356
0.000346
0.000395
0.000401
0.000376
0.000346
0.000359
0.000399
0.000372
0.000338
0.000321
0.000274
0.000356
0.000374
0.000274
0.000282
0.000248
0.000196
0.000170
0.000171
0.000147
0.000189
0.000229
0.000273
0.000317
0.000282
0.000309
0.000332
0.000255
0.000281
0.000215
0.000202
0.000356
0.000437
0.000138
-0.002495
-0.007849
-0.009617
-0.009446
-0.004762
-0.001172
-0.012083
-0.006668
0.000534
0.000370
0.000379
0.000366
0.000332
0.000357
0.000180
0.000151
0.000079
-0.000026
-0.000101
-0.000176
-0.000325
-0.000157
0.000156
0.000306
0.000450
0.000428
0.000381
0.000425
0.000330
0.000301
0.000374
0.000354
0.000287
0.000373
0.000359
0.000367
0.000420
0.000435
0.000434
0.000362
0.000389
0.000328
0.000345
0.000365
0.000373
0.000370
0.000322
0.000340
0.000383
0.000382
0.000327
-0.001100
0.000264
0.000304
0.000242
0.000218
0.000144
0.000188
0.000133
0.000134
0.000210
0.000248
0.000290
0.000267
0.000300
0.000262
0.000298
0.000220
-0.001701
-0.000160
0.000963
0.000822
0.000552
0.000597
0.000298
0.000045
0.000869
0.002822
0.001583
-0.013543
-0.000160
0.000341
0.000368
0.000376
0.000348
0.000386
0.000670
0.000654
0.000277
0.000093
-0.000016
-0.000071
-0.000111
-0.000149
-0.000025
0.000202
0.000307
0.000316
0.000410
0.000403
0.000382
0.000338
0.000335
0.000382
0.000360
0.000371
0.000452
0.000372
0.000418
0.000420
0.000413
0.000361
0.000287
0.000300
0.000342
0.000303
0.000337
0.000329
0.000309
0.000336
0.000345
0.000396
0.000404
0.000358
0.000392
0.000348
0.000296
0.000292
0.000229
0.000184
0.000162
0.000133
0.000129
0.000177
0.000253
0.000284
0.000215
0.000250
0.000313
-0.000447
-0.000668
0.000002
0.000669
0.000767
0.000645
0.000698
0.000691
0.000785
0.000943
0.001913
0.003350
0.001237
0.000969
-0.001138
0.000154
0.000215
0.000032
0.000295
0.000528
0.007177
0.008412
0.001709
0.000223
0.000087
0.000017
-0.000024
0.000034
0.000123
0.000254
0.000362
0.000453
0.000453
0.000426
0.000382
0.000336
0.000301
0.000338
0.000344
0.000334
0.000420
0.000421
0.000377
0.000405
0.000434
0.000368
0.000236
0.000352
0.000325
0.000255
0.000339
0.000456
0.000344
0.000317
0.000379
0.000478
0.000413
0.000363
0.000396
0.000326
0.000320
0.000252
0.000217
0.000204
0.000159
0.000132
0.000137
0.000137
0.000196
0.000260
0.000246
0.000351
-0.000069
-0.000153
-0.000161
0.000467
0.000523
0.000561
0.000725
0.000681
0.000595
0.000740
0.001045
0.001960
0.002057
-0.002622
-0.005974
-0.006690
-0.006357
-0.006734
-0.008269
-0.000951
0.005883
0.011920
0.005544
0.003760
0.000880
0.000249
0.000171
0.000122
0.000141
0.000210
0.000286
0.000382
0.000416
0.000414
0.000417
0.000444
0.000293
0.000274
0.000344
0.000358
0.000381
0.000432
0.000485
0.000423
0.000435
0.000406
0.000339
0.000288
0.000390
0.000376
0.000333
0.000383
0.000439
0.000442
0.000441
0.000515
0.000585
0.000462
0.000374
0.000342
0.000318
0.000309
0.000261
0.000230
0.000221
0.000185
0.000157
0.000101
0.000140
0.000231
0.000249
0.000371
-0.000085
-0.001244
0.000478
-0.000780
0.000207
0.000433
0.000454
0.000459
0.000546
0.000532
0.000811
0.001040
0.000919
0.004114
0.001867
-0.002794
-0.005462
-0.004958
-0.004986
-0.004657
0.001417
0.008652
0.006221
-0.000049
0.002740
0.001747
0.000638
0.000320
0.000265
0.000261
0.000320
0.000373
0.000412
0.000384
0.000349
0.000470
0.000440
0.000324
0.000281
0.000339
0.000337
0.000366
0.000433
0.000462
0.000421
0.000451
0.000386
0.000411
0.000388
0.000411
0.000504
0.000464
0.000475
0.000502
0.000512
0.000590
0.000589
0.000554
0.000445
0.000359
-0.000596
0.000289
0.000271
0.000228
0.000212
0.000202
0.000253
0.000181
0.000109
0.000129
0.000176
0.000220
0.000154
0.000100
0.000077
0.000483
-0.002709
0.000042
0.000296
0.000449
0.000557
0.000504
0.000474
0.000341
0.001464
0.004577
0.013377
0.004399
0.000776
-0.000258
0.000902
-0.002195
-0.003012
0.000858
0.006424
0.000228
-0.001287
0.001697
0.001838
0.000566
0.000453
0.000454
0.000403
0.000348
0.000366
0.000389
0.000363
0.000445
0.000422
0.000404
0.000377
0.000330
0.000364
0.000367
0.000400
0.000470
0.000490
0.000526
0.000449
0.000473
0.000452
0.000521
0.000581
0.000570
0.000549
0.000514
0.000551
0.000576
0.000631
0.000493
0.000481
0.000504
0.000457
0.000376
0.000258
0.000246
0.000249
0.000217
0.000158
0.000222
0.000160
0.000134
0.000118
0.000154
0.000193
0.000161
0.000130
0.000086
0.000267
0.002127
-0.000179
0.000269
0.000295
0.000599
0.000580
-0.000403
-0.001689
0.001053
0.003756
0.012090
0.009436
0.002283
0.002546
0.000597
-0.001989
-0.004655
-0.001920
0.000148
-0.001809
-0.001801
-0.004529
-0.002594
-0.000510
0.000506
0.000472
0.000540
0.000456
0.000240
0.000470
0.000425
0.000340
0.000391
0.000337
0.000290
0.000316
0.000322
0.000387
0.000465
0.000572
0.000594
0.000627
0.000441
0.000553
0.000489
0.000575
0.000561
0.000654
0.000666
0.000639
0.000504
0.000574
0.000634
0.000574
0.000517
0.000525
0.000475
0.000506
0.000184
0.000241
0.000250
0.000197
0.000129
0.000158
0.000175
0.000089
0.000083
0.000125
0.000145
0.000146
0.000138
0.000108
0.000109
0.001012
0.003461
0.000020
0.000230
0.000674
0.000048
0.000489
-0.001199
-0.000232
0.002560
0.007576
0.008889
0.001198
0.001326
-0.000143
-0.001603
-0.004273
-0.003474
-0.002788
-0.002184
-0.004633
-0.007947
-0.008977
-0.000197
0.000545
0.000626
0.000610
0.000539
-0.000665
0.004043
0.002027
0.000490
0.000364
0.000351
0.000373
0.000387
0.000298
0.000402
0.000452
0.000550
0.000649
0.000615
0.000578
0.000563
0.000609
0.000642
0.000698
0.000705
0.000763
0.000621
0.000457
0.000461
0.000570
0.000519
0.000460
0.000545
0.000509
0.000391
0.000188
0.000227
0.000216
0.000195
0.000153
0.000198
0.000105
0.000082
0.000124
0.000122
0.000132
0.000114
0.000131
0.000114
0.000101
0.000118
0.000540
0.000420
0.000904
0.003679
0.003120
0.001014
0.001104
0.001185
0.000046
0.004723
0.004825
0.002423
0.000628
0.000521
0.001091
-0.003239
-0.003183
-0.002358
-0.004068
-0.010181
-0.015038
-0.002251
0.000362
0.000501
0.000566
0.000574
0.000419
-0.000861
0.004203
0.001980
-0.001195
0.000160
0.000288
0.000340
0.000353
0.000366
0.000356
0.000494
0.000565
0.000523
0.000564
0.000597
0.000576
0.000668
0.000660
0.000710
0.000676
0.000708
0.000736
0.000609
0.000430
0.000479
0.000440
0.000381
0.000449
0.000396
0.000386
0.000145
0.000220
0.000249
0.000200
0.000180
0.000171
0.000209
0.000162
0.000118
0.000096
0.000114
0.000130
0.000120
0.000121
0.000100
0.000075
0.000137
0.000177
0.000097
0.000304
0.000025
0.000057
0.000078
0.000101
0.000153
0.000167
0.000100
0.000098
0.000109
0.000424
0.001252
0.000233
-0.001204
-0.003262
-0.009106
-0.019196
-0.008511
-0.001401
-0.000941
-0.000727
-0.000352
-0.000173
-0.000052
-0.001760
0.000524
0.000678
-0.002637
-0.004245
0.000179
0.000295
0.000281
0.000372
0.000318
0.000478
0.000539
0.000539
0.000576
0.000641
0.000667
0.000719
0.000703
0.000642
0.000566
0.000678
0.000688
0.000685
0.000586
0.000537
0.000568
0.000556
0.000568
0.000405
0.000520
0.000149
0.000222
0.000233
0.000186
0.000144
0.000145
0.000150
0.000139
0.000130
0.000127
0.000098
0.000112
0.000122
0.000107
0.000142
0.000147
0.000097
0.000024
0.000035
0.000028
0.000019
0.000027
0.000045
0.000130
0.000306
0.000496
0.000704
0.001224
0.001782
0.001952
0.002206
-0.008117
-0.006950
-0.000910
-0.001961
-0.001720
-0.005832
-0.002206
-0.003774
-0.007210
-0.008735
-0.006149
-0.001637
-0.002934
-0.004492
-0.002606
-0.002407
-0.003277
-0.004859
0.000056
0.000318
0.000340
0.000396
0.000588
0.000629
0.000609
0.000662
0.000719
0.000693
0.000719
0.000772
0.000619
0.000702
0.000616
0.000643
0.000705
0.000686
0.000652
0.000655
0.000651
0.000623
0.000565
0.000630
0.000145
0.000220
0.000238
0.000222
0.000194
0.000152
0.000124
0.000150
0.000147
0.000111
0.000101
0.000104
0.000119
0.000103
0.000099
0.000104
0.000076
0.000055
0.000061
0.000020
0.000067
0.000114
0.000335
0.005705
0.003655
0.000218
0.000671
0.000164
-0.001592
-0.007370
-0.010370
-0.010671
-0.010289
-0.004672
-0.003859
-0.002746
-0.006915
-0.004389
-0.007271
-0.008782
-0.012284
-0.008925
-0.008500
-0.008518
-0.010714
-0.007262
-0.004530
-0.002382
-0.004353
-0.003602
0.000010
0.000367
0.000471
0.000594
0.000627
0.000658
0.000669
0.000781
0.000842
0.000657
0.000612
0.000645
0.000734
0.000637
0.000598
0.000755
0.000964
0.000900
0.000787
0.000773
0.000665
0.000696
0.000664
0.000132
0.000150
0.000217
0.000204
0.000220
0.000180
0.000166
0.000157
0.000147
0.000108
0.000118
0.000096
0.000091
0.000073
0.000072
0.000070
0.000059
0.000039
0.000055
0.000089
0.000287
0.000298
0.002510
0.004825
0.003980
0.002235
0.000964
-0.002285
-0.003236
-0.007957
-0.011510
-0.012623
-0.009747
-0.006006
-0.004517
-0.004332
-0.003784
-0.008719
-0.009556
-0.009513
-0.010580
-0.007992
-0.008880
-0.011389
-0.010111
-0.010155
-0.009787
-0.008056
-0.004363
-0.005031
-0.004572
0.000250
0.000560
0.000649
0.000720
0.000781
0.000756
0.000779
0.000768
0.000637
0.000475
0.000739
0.000761
0.000670
0.000791
0.000880
0.000930
0.000877
0.000846
0.000824
0.000858
0.000625
0.000575
0.000107
0.000120
0.000188
0.000169
0.000204
0.000184
0.000175
0.000162
0.000173
0.000141
0.000122
0.000126
0.000121
0.000087
0.000064
0.000065
0.000016
0.000035
0.000115
0.000188
-0.000077
0.000416
0.003668
0.004106
0.004333
0.003763
0.002597
0.000521
-0.002790
-0.007707
-0.012833
-0.012045
-0.008151
-0.005402
-0.004208
-0.004372
-0.004901
-0.004393
-0.004079
-0.008849
-0.010115
-0.009632
-0.008643
-0.011791
-0.013243
-0.013090
-0.006910
-0.008815
-0.005846
-0.006080
-0.011224
-0.005987
0.000214
0.000667
0.000683
0.000708
0.000727
0.000706
0.000718
0.000585
0.000529
0.000748
0.000697
0.000695
0.000488
0.000736
0.000782
0.000880
0.000954
0.000853
0.000750
0.000577
0.000626
0.000066
0.000091
0.000205
0.000158
0.000202
0.000188
0.000179
0.000161
0.000191
0.000166
0.000164
0.000125
0.000101
0.000110
0.000075
0.000034
0.000054
0.000159
-0.000010
0.000001
0.000251
0.001791
0.005375
0.005615
0.005075
0.004196
0.003887
0.002740
-0.001813
-0.007611
-0.014572
-0.012022
-0.006464
-0.004341
-0.004652
-0.004355
-0.004421
-0.003655
-0.005799
-0.006868
-0.005242
-0.003967
-0.008316
-0.007635
-0.006648
-0.013264
-0.004938
-0.007574
-0.005130
-0.011040
-0.012762
-0.013331
-0.006834
0.000271
0.000465
0.000681
0.000668
0.000685
0.000711
0.000634
0.000563
0.000640
0.000763
0.000736
0.000459
0.000692
0.000825
0.000897
0.000978
0.000791
0.000703
0.000671
0.000620
0.000041
0.000075
0.000167
0.000162
0.000162
0.000169
0.000169
0.000166
0.000163
0.000181
0.000147
0.000138
0.000109
0.000107
0.000084
0.000100
0.000144
0.000020
-0.000000
-0.000001
0.000211
0.003055
0.007740
0.010347
0.009345
0.004799
0.001750
0.001533
-0.001859
-0.009185
-0.016514
-0.013102
-0.004168
-0.004381
-0.005342
-0.004945
-0.004415
-0.004758
-0.005184
-0.009678
-0.007417
-0.006002
-0.004986
-0.004016
-0.002829
-0.000497
-0.012831
-0.005650
-0.009887
-0.012487
-0.013289
-0.013964
-0.009649
-0.007663
-0.005335
0.000396
0.000606
0.000599
0.000705
0.000568
0.000479
0.000639
0.000761
0.000689
0.000689
0.000679
0.000765
0.000880
0.000885
0.000698
0.000706
0.000677
0.000583
0.000010
0.000071
0.000112
0.000093
0.000058
0.000184
0.000155
0.000164
0.000198
0.000160
0.000161
0.000137
0.000132
0.000180
0.000170
0.000211
0.000019
0.000018
0.000016
-0.000003
-0.000026
0.000721
0.006029
0.010975
0.011669
0.004585
0.002452
0.000848
-0.002832
-0.010547
-0.016790
-0.011970
-0.006409
-0.005469
-0.005647
-0.004614
-0.004913
-0.005699
-0.007777
-0.006722
-0.007228
-0.006569
-0.007168
-0.006771
-0.005152
-0.002049
-0.003931
-0.007844
-0.010688
-0.013907
-0.013548
-0.009270
-0.006392
-0.005802
-0.007060
-0.004462
0.000302
0.000570
0.000718
0.000719
0.000607
0.000688
0.000699
0.000672
0.000779
0.000774
0.000846
0.000749
0.000716
0.000641
0.000640
0.000607
0.000667
0.000025
0.000041
0.000084
-0.000007
0.000023
0.000196
0.000202
0.000216
0.000454
0.000096
0.000054
0.000153
0.000222
0.000203
0.000024
0.000024
0.000018
0.000011
0.000007
0.000004
-0.000056
-0.000302
0.002456
0.006816
0.012902
0.008250
0.002039
0.001964
-0.000865
-0.009236
-0.015449
-0.011620
-0.007229
-0.005605
-0.005116
-0.004975
-0.004925
-0.005681
-0.007614
-0.007038
-0.005748
-0.007022
-0.006735
-0.005925
-0.005929
-0.003296
-0.001822
-0.005380
-0.011179
-0.012792
-0.012535
-0.004830
-0.002825
-0.004600
-0.006291
-0.006503
-0.005728
-0.003339
0.000425
0.000687
0.000745
0.000643
0.000676
0.000773
0.000836
0.000725
0.000687
0.000716
0.000786
0.000761
0.000585
0.000481
0.000662
0.000058
0.000062
0.000062
0.000010
0.000034
0.000197
0.000181
0.000132
0.000082
0.000183
0.000182
0.000370
-0.000027
0.000033
0.000028
0.000023
0.000011
0.000001
0.000000
0.000000
-0.000028
0.000330
0.000358
0.000298
0.000563
0.000851
0.000591
0.001459
0.000452
-0.010671
-0.012776
-0.009137
-0.007149
-0.006096
-0.006272
-0.005387
-0.005286
-0.005768
-0.006275
-0.006774
-0.006255
-0.005822
-0.007312
-0.005901
-0.004645
-0.002292
-0.002137
-0.002043
-0.004864
-0.012134
-0.009516
-0.004696
-0.003190
-0.002955
-0.004264
-0.005487
-0.006204
-0.006220
-0.004927
-0.002467
-0.000244
0.000942
0.000854
0.000765
0.000776
0.000780
0.000755
0.000729
0.000815
0.000763
0.000506
0.000444
0.000541
0.000066
0.000056
0.000046
0.000019
0.000067
0.000180
0.000144
0.000102
0.000085
0.000176
0.000181
0.000130
0.000325
0.000352
0.000428
-0.000001
-0.000012
0.000196
0.000237
0.000267
0.000216
0.000110
0.000119
0.000122
0.000100
0.000026
0.000032
-0.000159
0.001508
0.000449
0.001203
-0.007116
-0.007107
-0.005903
-0.005583
-0.005431
-0.005276
-0.005666
-0.006522
-0.007006
-0.006805
-0.004896
-0.005776
-0.005516
-0.004223
-0.002112
-0.002063
-0.002284
-0.002624
-0.003753
-0.005705
-0.003278
-0.001800
-0.000444
-0.001218
-0.002040
-0.003216
-0.002291
0.000792
0.004352
0.001455
0.001585
0.001008
0.000890
0.000813
0.000806
0.000960
0.000826
0.000888
0.000693
0.000506
0.000475
0.000514
0.000075
0.000058
0.000042
0.000038
0.000049
0.000108
0.000132
0.000095
0.000120
0.000145
0.000219
0.000200
0.000121
0.000120
0.000189
0.000392
0.000163
0.000104
0.000063
0.000093
0.000096
0.000074
0.000116
0.000116
0.000088
0.000024
0.000038
0.000088
0.001350
0.000940
0.001437
0.001294
0.003422
0.006323
0.001047
0.000005
0.000266
-0.003203
-0.005010
-0.004878
-0.004839
-0.004919
-0.004638
-0.006165
-0.005113
-0.003278
-0.002172
-0.002772
-0.004426
-0.005587
-0.001096
0.000663
0.002491
0.000687
0.001135
0.001991
0.002637
0.003612
0.000770
0.001747
0.001663
0.001599
0.001447
0.001172
0.001058
0.001170
0.001320
0.000853
0.000964
0.000780
0.000571
0.000665
0.000616
0.000114
0.000077
0.000083
0.000036
0.000059
0.000084
0.000146
0.000145
0.000146
0.000146
0.000132
0.000175
0.000210
0.000129
0.000157
0.000130
0.000066
0.000073
0.000117
0.000062
0.000090
0.000097
0.000063
0.000075
0.000076
0.000047
0.000035
0.000039
0.000177
0.001717
0.000865
0.000347
0.000314
0.000451
0.000147
0.000092
0.000076
0.000143
-0.000976
-0.001163
-0.000381
-0.000033
-0.000038
0.000185
-0.004735
-0.003817
-0.003894
-0.003634
-0.005430
-0.006776
-0.004386
-0.000212
0.001077
0.001670
0.001636
0.000696
0.001307
0.001774
0.001767
0.001687
0.001657
0.001600
0.001429
0.001592
0.001529
0.001500
0.001328
0.001118
0.000970
0.000798
0.000699
0.000687
0.000839
0.000181
0.000124
0.000066
-0.000003
0.000061
0.000166
0.000203
0.000138
0.000197
0.000216
0.000150
0.000162
0.000082
0.000135
0.000136
0.000104
0.000098
0.000091
0.000066
0.000049
0.000048
0.000083
0.000079
0.000069
0.000056
0.000058
0.000059
-0.000002
0.000090
0.000091
0.000003
0.000063
0.000037
0.000080
0.000077
0.000115
0.000132
0.000166
0.000119
0.000101
0.000069
0.000014
0.000016
0.000198
0.000604
-0.003829
-0.005738
-0.005733
-0.007094
-0.007223
-0.004608
0.001376
0.001564
0.001640
0.001736
0.001522
0.001513
0.001635
0.001738
0.001663
0.001732
0.001630
0.001533
0.001552
0.001493
0.001519
0.001552
0.000754
0.000800
0.000802
0.000830
0.001057
0.000919
0.000193
0.000164
0.000083
0.000051
0.000109
0.000158
0.000259
0.000267
0.000221
0.000209
0.000150
0.000134
0.000080
0.000022
0.000044
0.000052
0.000114
0.000013
0.000027
0.000075
0.000068
0.000087
0.000071
0.000074
0.000080
0.000068
0.000066
0.000019
0.000060
0.000091
0.000073
0.000074
0.000089
0.000095
0.000107
0.000153
0.000169
0.000190
0.000180
0.000142
0.000128
0.000054
0.000032
0.000128
0.000271
0.000537
-0.003991
-0.006126
-0.006586
-0.005053
-0.001236
0.000125
0.001162
0.001642
0.001374
0.001497
0.001620
0.001586
0.001811
0.001706
0.001748
0.001565
0.001522
0.001453
0.001548
0.001523
0.001368
0.000849
0.000934
0.001110
0.001142
0.001270
0.001236
0.000208
0.000178
0.000109
0.000125
0.000209
0.000218
0.000232
0.000247
0.000163
0.000209
0.000177
0.000122
0.000074
0.000001
0.000016
0.000089
-0.000002
0.000047
0.000074
0.000134
0.000114
0.000102
0.000105
0.000102
0.000116
0.000098
0.000090
0.000024
0.000062
0.000095
0.000097
0.000085
0.000076
0.000115
0.000168
0.000160
0.000159
0.000161
0.000152
0.000127
0.000175
0.000161
0.000085
0.000201
0.000327
0.000353
0.001181
-0.002377
-0.000659
-0.000449
-0.000823
0.001112
0.001141
0.001361
0.001399
0.001519
0.001606
0.001653
0.001958
0.001911
0.001658
0.001625
0.001422
0.001514
0.001542
0.001456
0.001205
0.000917
0.001043
0.001353
0.001429
0.001439
0.001446
0.000199
0.000185
0.000162
0.000121
0.000179
0.000190
0.000219
0.000190
0.000230
0.000216
0.000192
0.000075
0.000082
0.000069
0.000072
0.000001
0.000071
0.000161
0.000143
0.000117
0.000181
0.000121
0.000138
0.000112
0.000129
0.000132
0.000100
0.000048
0.000022
0.000094
0.000098
0.000111
0.000083
0.000083
0.000133
0.000115
0.000140
0.000112
0.000124
0.000117
0.000148
0.000267
0.000283
0.000284
0.000389
0.000316
0.000577
0.001169
0.001003
-0.000200
-0.003002
0.000681
0.000757
0.001138
0.001239
0.001447
0.001530
0.001606
0.001743
0.001770
0.001686
0.001451
0.001602
0.001691
0.001405
0.001407
0.001281
0.001010
0.001273
0.001474
0.001292
0.001273
0.001229
0.000175
0.000157
0.000210
0.000148
0.000124
0.000137
0.000242
0.000248
0.000184
0.000169
0.000168
0.000119
0.000102
0.000150
0.000107
0.000024
0.000067
0.000176
0.000127
0.000145
0.000151
0.000108
0.000098
0.000085
0.000093
0.000111
0.000125
0.000124
0.000119
0.000103
0.000142
0.000148
0.000049
0.000043
0.000106
0.000113
0.000060
0.000182
0.000133
0.000091
0.000108
0.000280
0.000219
0.000223
0.000298
0.000362
0.000785
0.000981
0.001114
0.000521
0.000847
0.000908
0.000855
0.001059
0.001208
0.001362
0.001492
0.001623
0.001692
0.001719
0.001767
0.001628
0.001719
0.001780
0.001515
0.001208
0.001543
0.001471
0.000989
0.001148
0.001124
0.001260
0.001194
0.000172
0.000248
0.000245
0.000155
0.000114
0.000148
0.000226
0.000237
0.000209
0.000173
0.000203
0.000177
0.000112
0.000127
0.000067
0.000053
0.000081
0.000157
0.000165
0.000151
0.000088
0.000121
0.000082
0.000086
0.000090
0.000102
0.000156
0.000156
0.000144
0.000123
0.000110
0.000209
0.000107
0.000097
0.000054
0.000029
0.000059
0.000221
0.000038
-0.000041
0.000137
0.000152
0.000118
0.000191
0.000298
0.000524
0.000819
0.001082
0.001227
0.001182
0.001024
0.001029
0.000989
0.001341
0.001603
0.001676
0.001698
0.001585
0.001802
0.001691
0.001576
0.001562
0.001611
0.001850
0.001644
0.001418
0.001533
0.001606
0.001192
0.000813
0.000899
0.000983
0.001025
0.000218
0.000277
0.000335
0.000182
0.000140
0.000130
0.000200
0.000194
0.000169
0.000229
0.000200
0.000219
0.000167
0.000088
0.000112
0.000075
0.000137
0.000127
0.000142
0.000083
0.000015
0.000127
0.000133
0.000164
0.000054
0.000144
0.000095
0.000192
0.000183
0.000189
0.000123
0.000140
0.000131
0.000140
0.000142
0.000006
0.000036
0.000195
0.000065
0.000061
0.000041
0.000086
0.000133
0.000237
0.000368
0.000661
0.000906
0.001108
0.001230
0.001220
0.001256
0.001074
0.001302
0.001501
0.001548
0.001623
0.001808
0.001714
0.001710
0.001512
0.001443
0.001735
0.001776
0.001851
0.001663
0.001312
0.001519
0.001698
0.001028
0.000448
0.000778
0.000916
0.000932
0.000200
0.000302
0.000279
0.000226
0.000134
0.000120
0.000149
0.000163
0.000171
0.000201
0.000174
0.000153
0.000170
0.000140
0.000176
0.000129
0.000126
0.000096
0.000123
0.000114
0.000001
0.000091
0.000209
0.000213
0.000065
0.000070
0.000099
0.000174
0.000165
0.000146
0.000217
0.000153
0.000132
0.000047
0.000154
0.000064
0.000026
0.000116
0.000149
0.000091
0.000118
0.000185
0.000195
0.000374
0.000471
0.000820
0.001009
0.001335
0.001307
0.001370
0.001239
0.001206
0.001497
0.001702
0.001676
0.001680
0.001732
0.001790
0.001690
0.001524
0.001469
0.001882
0.001883
0.001759
0.001507
0.001364
0.001598
0.001772
0.001438
0.000756
0.000603
0.000882
0.000889
