-0.000049
-0.000042
-0.000049
0.000632
-0.000031
-0.000021
-0.000004
0.000438
0.000034
0.000074
0.000140
-0.000603
0.000199
0.000177
0.000151
0.000134
0.000114
0.000105
0.000091
0.000067
0.000062
0.000085
0.000070
0.000097
0.000079
0.000059
0.000086
0.000076
0.000059
0.000061
0.000063
0.000080
0.000100
0.000109
0.000099
0.000112
0.000132
0.000209
0.000202
0.000210
0.000220
0.000202
0.000218
0.000208
0.000224
0.000207
0.000176
0.000195
0.000198
0.000220
0.000248
0.000227
0.000226
0.000227
0.000214
0.000241
0.000166
0.000231
0.000197
0.000272
0.000303
0.000288
0.000286
0.000193
0.000226
0.000219
-0.001158
0.000209
0.000234
0.000203
0.000061
0.000208
0.000195
-0.000055
-0.000057
-0.000052
-0.000052
-0.000048
-0.000053
-0.000047
-0.000020
-0.000000
0.000018
0.000102
0.000135
0.000150
0.000152
0.000138
0.000112
0.000106
0.000117
0.000111
0.000106
0.000084
0.000081
0.000072
0.000089
0.000096
0.000108
0.000106
0.000105
0.000116
0.000086
0.000084
0.000081
0.000097
0.000102
0.000124
0.000120
0.000127
0.000185
0.000199
0.000213
0.000222
0.000231
0.000242
0.000218
0.000223
0.000247
0.000221
0.000219
0.000197
0.000209
0.000222
0.000258
0.000217
0.000204
0.000186
0.000225
0.000200
0.000196
0.000242
0.000260
0.000272
0.000260
0.000267
0.000242
0.000272
0.000273
0.000294
0.000269
0.000246
0.000257
0.000156
0.000170
0.000270
-0.000059
-0.000054
-0.000054
-0.000056
-0.000048
-0.000039
-0.000046
-0.000017
-0.000000
0.000014
0.000065
0.000099
0.000120
0.000117
0.000129
0.000101
0.000100
0.000104
0.000103
0.000091
0.000071
0.000079
0.000088
0.000077
0.000077
0.000086
0.000084
0.000098
0.000112
0.000115
0.000093
0.000067
0.000077
0.000086
0.000104
0.000134
0.000130
0.000173
0.000212
0.000232
0.000257
0.000275
0.000245
0.000236
0.000243
0.000285
0.000263
0.000215
0.000196
0.000244
0.000218
0.000251
0.000251
0.000214
0.000210
0.000211
0.000212
0.000209
0.000208
0.000235
0.000256
0.000282
0.000333
0.000233
0.000263
0.000280
0.000250
0.000291
0.000223
0.000254
0.000251
0.000257
0.000268
-0.000051
-0.000053
-0.000052
-0.000059
-0.000061
-0.000063
-0.000052
-0.000018
-0.000018
0.000027
0.000066
0.000098
0.000103
0.000122
0.000116
0.000094
0.000095
0.000100
0.000078
0.000080
0.000071
0.000076
0.000083
0.000077
0.000080
0.000071
0.000089
0.000100
0.000098
0.000096
0.000078
0.000076
0.000062
0.000077
0.000112
0.000135
0.000129
0.000145
0.000196
0.000260
0.000279
0.000274
0.000285
0.000251
0.000277
0.000262
0.000258
0.000202
0.000206
0.000214
0.000238
0.000236
0.000208
0.000199
0.000240
0.000205
0.000212
0.000194
0.000215
0.000256
0.000273
0.000318
0.000312
0.000341
0.000275
0.000199
0.000208
0.000211
0.000212
0.000186
0.000257
0.000211
0.000185
-0.000049
-0.000053
-0.000055
-0.000053
-0.000062
-0.000060
-0.000049
-0.000039
-0.000005
0.000022
0.000042
0.000098
0.000100
0.000126
0.000114
0.000097
0.000083
0.000086
0.000073
0.000078
0.000070
0.000092
0.000084
0.000063
0.000056
0.000061
0.000070
0.000077
0.000085
0.000086
0.000081
0.000057
0.000063
0.000099
0.000103
0.000095
0.000101
0.000114
0.000135
0.000181
0.000212
0.000245
0.000280
0.000209
0.000309
0.000232
0.000209
0.000220
0.000170
0.000213
0.000209
0.000197
0.000189
0.000227
0.000242
0.000222
0.000245
0.000237
0.000236
0.000228
0.000227
0.000277
0.000346
0.000258
0.000263
0.000178
0.000171
0.000200
0.000187
0.000200
0.000212
0.000207
-0.002169
-0.000045
-0.000048
-0.000057
-0.000054
-0.000055
-0.000054
-0.000051
-0.000036
0.000001
0.000044
0.000048
0.000067
0.000090
0.000119
0.000101
0.000103
0.000078
0.000091
0.000088
0.000069
0.000074
0.000088
0.000081
0.000063
0.000059
0.000067
0.000070
0.000065
0.000077
0.000071
0.000066
0.000056
0.000068
0.000090
0.000089
0.000085
0.000088
0.000093
0.000111
0.000152
0.000198
0.000211
0.000247
0.000254
0.000196
0.000221
0.000232
0.000211
0.000157
0.000199
0.000243
0.000198
0.000187
0.000197
0.000231
0.000252
0.000242
0.000279
0.000286
0.000186
0.000227
0.000239
0.000302
0.000237
0.000215
0.000218
0.000112
0.000165
0.000244
0.000199
0.000184
0.000224
0.000225
-0.000048
-0.000053
-0.000054
-0.000048
-0.000054
-0.000053
-0.000037
-0.000017
0.000011
0.000062
0.000031
0.000049
0.000072
0.000091
0.000100
0.000102
0.000089
0.000088
0.000090
0.000084
0.000080
0.000086
0.000085
0.000073
0.000061
0.000070
0.000071
0.000059
0.000077
0.000071
0.000073
0.000066
0.000079
0.000079
0.000090
0.000076
0.000064
0.000076
0.000075
0.000120
0.000175
0.000208
0.000195
0.000211
0.000248
0.000236
0.000212
0.000211
0.000186
0.000162
0.000238
0.000206
0.000189
0.000184
0.000232
0.000253
0.000264
0.000297
0.000295
0.000172
0.000218
0.000216
0.000235
0.000225
0.000235
0.000164
0.000165
0.000208
0.000217
0.000220
0.000232
0.000257
0.000223
-0.000040
-0.000048
-0.000054
-0.000048
-0.000049
-0.000045
-0.000038
-0.000017
0.000023
0.000043
0.000044
0.000049
0.000051
0.000077
0.000098
0.000099
0.000085
0.000082
0.000085
0.000089
0.000080
0.000081
0.000088
0.000077
0.000071
0.000072
0.000073
0.000069
0.000074
0.000070
0.000084
0.000080
0.000066
0.000075
0.000073
0.000070
0.000054
0.000044
0.000066
0.000097
0.000170
0.000194
0.000187
0.000184
0.000194
0.000215
0.000206
0.000221
0.000214
0.000183
0.000209
0.000216
0.000207
0.000218
0.000214
0.000233
0.000259
0.000284
0.000277
0.000214
0.000167
0.000204
0.000231
0.000259
0.000204
0.000208
0.000168
0.000147
0.000219
0.000216
0.000236
0.000211
0.000163
-0.000046
-0.000042
-0.000047
-0.000047
-0.000041
-0.000044
-0.000032
-0.000017
0.000020
0.000045
0.000035
0.000033
0.000041
0.000067
0.000101
0.000104
0.000093
0.000088
0.000081
0.000085
0.000087
0.000093
0.000089
0.000090
0.000094
0.000084
0.000071
0.000068
0.000072
0.000069
0.000062
0.000065
0.000074
0.000070
0.000065
0.000069
0.000043
0.000066
0.000074
0.000074
0.000134
0.000176
0.000167
0.000169
0.000214
0.000196
0.000187
0.000219
0.000221
0.000183
0.000196
0.000235
0.000223
0.000217
0.000210
0.000239
0.000291
0.000348
0.000296
0.000249
0.000210
0.000214
0.000213
0.000221
0.000172
0.000164
0.000170
0.000161
0.000190
0.000213
0.000189
0.000199
0.001326
-0.000044
-0.000043
-0.000054
-0.000059
-0.000050
-0.000048
-0.000035
-0.000024
-0.000004
0.000028
0.000028
0.000032
0.000035
0.000055
0.000092
0.000090
0.000089
0.000087
0.000086
0.000085
0.000093
0.000098
0.000103
0.000104
0.000108
0.000102
0.000080
0.000065
0.000060
0.000058
0.000062
0.000052
0.000047
0.000056
0.000055
0.000053
0.000040
0.000037
0.000058
0.000064
0.000100
0.000137
0.000155
0.000149
0.000220
0.000218
0.000241
0.000248
0.000245
0.000222
0.000179
0.000214
0.000225
0.000212
0.000233
0.000282
0.000378
0.000357
0.000327
0.000264
0.000190
0.000197
0.000249
0.000210
0.000192
0.000213
0.000166
0.000199
0.000231
0.000211
0.000253
0.000241
0.000223
-0.000048
-0.000049
-0.000058
-0.000060
-0.000044
-0.000053
-0.000043
-0.000039
-0.000020
0.000008
0.000030
0.000030
0.000035
0.000045
0.000062
0.000086
0.000076
0.000090
0.000085
0.000080
0.000089
0.000085
0.000099
0.000097
0.000114
0.000106
0.000091
0.000076
0.000059
0.000044
0.000054
0.000056
0.000046
0.000051
0.000053
0.000049
0.000049
0.000037
0.000050
0.000051
0.000077
0.000114
0.000137
0.000149
0.000236
0.000241
0.000247
0.000236
0.000232
0.000235
0.000182
0.000180
0.000217
0.000200
0.000223
0.000264
0.000378
0.000330
0.000292
0.000262
0.000244
0.000206
0.000236
0.000240
0.000218
0.000233
0.000237
0.000283
0.000245
0.000203
0.000235
0.000233
0.000135
-0.000039
-0.000038
-0.000042
-0.000044
-0.000048
-0.000045
-0.000039
-0.000041
-0.000031
-0.000013
0.000015
0.000028
0.000029
0.000031
0.000059
0.000090
0.000102
0.000090
0.000085
0.000082
0.000087
0.000093
0.000092
0.000094
0.000098
0.000088
0.000087
0.000080
0.000064
0.000048
0.000057
0.000051
0.000047
0.000053
0.000046
0.000048
0.000052
0.000056
0.000056
0.000053
0.000067
0.000101
0.000146
0.000159
0.000206
0.000258
0.000222
0.000186
0.000168
0.000223
0.000160
0.000164
0.000227
0.000221
0.000254
0.000278
0.000365
0.000300
0.000276
0.000278
0.000217
0.000160
0.000233
0.000240
0.000197
0.000278
0.000260
0.000292
0.000275
0.000289
0.000283
0.000236
0.000063
-0.000052
-0.000040
-0.000038
-0.000042
-0.000051
-0.000045
-0.000036
-0.000035
-0.000034
-0.000014
0.000003
0.000026
0.000020
0.000035
0.000050
0.000085
0.000092
0.000103
0.000085
0.000079
0.000083
0.000087
0.000087
0.000098
0.000105
0.000088
0.000095
0.000092
0.000078
0.000060
0.000069
0.000056
0.000050
0.000050
0.000044
0.000053
0.000052
0.000051
0.000050
0.000032
0.000013
0.000064
0.000143
0.000183
0.000224
0.000259
0.000236
0.000193
0.000164
0.000198
0.000205
0.000177
0.000253
0.000250
0.000259
0.000239
0.000283
0.000312
0.000321
0.000287
0.000221
0.000199
0.000226
0.000268
0.000290
0.000264
0.000241
0.000316
0.000297
0.000267
0.000227
0.000266
0.000725
-0.000048
-0.000040
-0.000047
-0.000050
-0.000049
-0.000037
-0.000033
-0.000035
-0.000035
-0.000018
0.000014
0.000017
0.000018
0.000022
0.000038
0.000070
0.000092
0.000100
0.000088
0.000083
0.000083
0.000002
-0.000638
-0.000978
-0.000583
-0.000050
0.000095
0.000088
0.000071
0.000039
0.000056
0.000059
0.000051
0.000048
0.000051
0.000050
0.000051
0.000044
0.000033
-0.000015
-0.000074
-0.000036
0.000078
0.000180
0.000239
0.000256
0.000244
0.000228
0.000242
0.000208
0.000199
0.000200
0.000233
0.000244
0.000229
0.000165
0.000203
0.000350
0.000350
0.000333
0.000250
0.000238
0.000223
0.000275
0.000276
0.000258
0.000260
0.000311
0.000315
0.000211
0.000235
0.000332
0.000116
-0.000040
-0.000045
-0.000043
-0.000045
-0.000039
-0.000034
-0.000032
-0.000034
-0.000034
-0.000019
0.000007
0.000016
0.000022
0.000018
0.000028
0.000052
0.000081
0.000097
0.000094
0.000087
0.000093
-0.000578
-0.007294
-0.014285
-0.014729
-0.011183
-0.003218
-0.001056
-0.000046
-0.001675
-0.000177
0.000053
0.000052
0.000050
0.000047
0.000049
0.000047
0.000031
-0.000022
-0.000116
-0.000194
-0.000219
-0.000009
0.000156
0.000234
0.000234
0.000294
0.000276
0.000274
0.000235
0.000237
0.000247
0.000225
0.000270
0.000254
0.000257
0.000329
0.000400
0.000400
0.000363
0.000322
0.000263
0.000145
0.000376
0.000332
0.000324
0.000298
0.000341
0.000317
0.000295
0.000333
0.000296
0.000157
-0.000038
-0.000040
-0.000039
-0.000038
-0.000034
-0.000033
-0.000031
-0.000030
-0.000029
-0.000021
0.000009
0.000010
0.000021
0.000015
0.000020
0.000039
0.000073
0.000097
0.000105
0.000076
-0.000229
-0.002532
-0.005077
-0.008190
-0.009852
-0.020936
-0.021635
-0.034826
-0.006695
-0.003576
-0.004469
0.000185
0.000047
0.000047
0.000044
0.000046
0.000040
0.000023
-0.000029
-0.000172
-0.000390
-0.000496
-0.000114
0.000101
0.000254
0.000267
0.000306
0.000310
0.000271
0.000254
0.000237
0.000278
0.000269
0.000271
0.000273
0.000278
0.000270
0.000353
0.000369
0.000325
0.000313
0.000331
0.000297
0.000292
0.000333
0.000346
0.000338
0.000325
0.000322
0.000318
0.000423
0.000352
0.000157
-0.000036
-0.000045
-0.000031
-0.000031
-0.000027
-0.000032
-0.000032
-0.000029
-0.000030
-0.000018
-0.000006
0.000009
0.000010
0.000013
0.000012
0.000028
0.000058
0.000087
0.000103
-0.000123
-0.000798
-0.007221
-0.010852
-0.004328
-0.005822
-0.005392
-0.011593
-0.025826
-0.045093
-0.024821
-0.003201
0.000036
0.000046
0.000046
0.000041
0.000045
0.000041
0.000031
-0.000030
-0.000144
-0.000408
-0.000677
-0.000184
0.000109
0.000270
0.000304
0.000314
0.000282
0.000271
0.000251
0.000242
0.000286
0.000287
0.000293
0.000251
0.000271
0.000294
0.000292
0.000359
0.000377
0.000349
0.000265
0.000315
0.000269
0.000306
0.000317
0.000361
0.000377
0.000361
0.000387
0.000467
0.000421
-0.001100
-0.000048
-0.000036
-0.000032
-0.000031
-0.000027
-0.000027
-0.000030
-0.000029
-0.000026
-0.000012
-0.000011
0.000003
0.000005
0.000006
-0.000492
-0.000054
0.000002
0.000065
0.000245
0.000207
0.000207
-0.000048
-0.000297
-0.000163
0.000525
-0.000654
-0.005947
-0.009961
-0.002142
-0.000589
0.000028
0.000028
0.000037
0.000150
0.000341
0.000458
0.000280
0.000083
-0.000003
-0.000063
-0.000192
-0.000309
-0.000075
0.000176
0.000278
0.000286
0.000308
0.000325
0.000282
0.000252
0.000229
0.000277
0.000272
0.000257
0.000244
0.000245
0.000288
0.000286
0.000360
0.000371
0.000350
0.000258
0.000305
0.000277
0.000351
0.000445
0.000451
0.000292
0.000459
0.000427
0.000406
0.000320
0.000310
-0.000057
-0.000041
-0.000032
-0.000029
-0.000027
-0.000030
-0.000028
-0.000030
-0.000030
-0.000028
-0.000018
-0.000011
0.000001
-0.000424
-0.003036
0.000424
-0.000266
0.000030
0.000159
0.000201
0.000270
0.000438
0.000206
0.000217
0.000496
0.001301
-0.004287
-0.002222
0.000670
-0.000163
-0.000058
-0.000427
-0.000286
0.002526
0.006142
0.008564
0.005537
0.001756
0.000547
0.000092
-0.000038
-0.000030
0.000088
0.000221
0.000311
0.000281
0.000287
0.000339
0.000307
0.000299
0.000270
0.000271
0.000292
0.000325
0.000278
0.000282
0.000227
0.000271
0.000410
0.000390
0.000431
0.000268
0.000249
0.000315
0.000400
0.000468
0.000473
0.000607
0.000591
0.000453
0.000348
0.000324
0.000443
-0.000037
-0.000041
-0.000033
-0.000026
-0.000025
-0.000030
-0.000036
-0.000036
-0.000036
-0.000037
-0.000031
-0.000017
0.000033
-0.000075
-0.009394
0.000304
0.000011
0.000174
0.000142
0.000182
0.000200
0.000312
0.000277
0.000245
0.000337
-0.000406
-0.001258
-0.003487
-0.000529
-0.003528
-0.000571
0.002384
0.003816
0.006489
0.009781
0.013015
0.012893
0.013988
0.009104
0.002007
0.000382
0.000079
0.000146
0.000261
0.000321
0.000326
0.000329
0.000368
0.000362
0.000314
0.000301
0.000320
0.000301
0.000310
0.000258
0.000302
0.000270
0.000326
0.000445
0.000422
0.000330
0.000348
0.000360
0.000398
0.000396
0.000534
0.000624
0.000618
0.000488
0.000460
0.000417
0.000391
0.000420
-0.000034
-0.000033
-0.000024
-0.000025
-0.000020
-0.000028
-0.000031
-0.000034
-0.000037
-0.000044
-0.000039
0.000006
0.000053
0.001776
0.002307
-0.001096
0.000053
0.000113
0.000142
0.000159
0.000202
0.000233
0.000296
0.000342
-0.000177
-0.000360
0.000354
0.000343
0.001552
0.004297
0.003181
0.004282
0.004159
0.004797
0.006609
0.006648
0.010405
0.014784
0.012417
0.007128
0.000806
0.000480
0.000275
0.000251
0.000346
0.000399
0.000376
0.000375
0.000335
0.000295
0.000357
0.000362
0.000343
0.000315
0.000323
0.000329
0.000294
0.000386
0.000416
0.000393
0.000430
0.000476
0.000479
0.000437
0.000460
0.000614
0.000641
0.000549
0.000509
0.000530
0.000512
0.000480
-0.000596
-0.000024
-0.000027
-0.000027
-0.000024
-0.000025
-0.000030
-0.000031
-0.000036
-0.000041
-0.000047
-0.000047
-0.000028
0.000001
0.001421
0.013866
0.004278
0.000194
0.000129
0.000154
0.000173
0.000219
0.000152
0.000811
0.000410
-0.000130
-0.000364
-0.000520
-0.000633
0.003785
0.000724
0.004393
0.003846
0.002961
0.002430
0.001054
0.001304
0.003688
0.005799
0.006093
0.004307
0.000961
0.000715
0.002547
0.000596
0.000544
0.000373
0.000405
0.000390
0.000387
0.000346
0.000345
0.000429
0.000401
0.000392
0.000347
0.000345
0.000364
0.000411
0.000523
0.000476
0.000511
0.000493
0.000537
0.000515
0.000539
0.000612
0.000669
0.000699
0.000592
0.000612
0.000544
0.000496
0.000487
-0.000025
-0.000026
-0.000023
-0.000023
-0.000023
-0.000027
-0.000035
-0.000036
-0.000045
-0.000046
-0.000036
-0.000040
-0.000044
0.000850
0.008825
0.000759
0.000398
0.000133
0.000158
0.000198
0.000104
0.002827
0.001224
0.002026
0.001109
-0.000292
-0.000429
0.000816
0.000679
0.000336
0.001416
0.001154
0.000843
0.000165
0.000076
0.000584
0.000111
0.000883
0.001752
0.003155
0.001116
0.001608
0.001961
0.003180
0.001234
0.001062
0.000349
0.000416
0.000426
0.000394
0.000362
0.000427
0.000446
0.000355
0.000389
0.000443
0.000458
0.000415
0.000526
0.000543
0.000533
0.000573
0.000572
0.000482
0.000642
0.000632
0.000696
0.000834
0.000685
0.000618
0.000576
0.000555
0.000526
-0.000019
-0.000026
-0.000027
-0.000024
-0.000026
-0.000029
-0.000030
-0.000031
-0.000036
-0.000043
-0.000044
-0.000046
-0.000044
0.000360
0.008104
0.016711
0.002047
0.000311
0.000187
0.000151
0.009399
0.009650
0.007931
0.006973
0.006376
0.001169
-0.000926
-0.000236
0.000568
0.000006
-0.000065
-0.000011
-0.000261
-0.000507
-0.000236
0.000459
-0.000153
0.000055
0.000170
-0.000524
-0.000152
0.001181
0.000721
0.000943
0.000585
0.012664
0.001988
0.000468
0.000381
0.000443
0.000414
0.000377
0.000447
0.000380
0.000417
0.000512
0.000476
0.000485
0.000526
0.000548
0.000594
0.000632
0.000662
0.000580
0.000549
0.000663
0.000729
0.000852
0.000682
0.000509
0.000580
0.000497
0.000495
-0.000015
-0.000020
-0.000032
-0.000030
-0.000029
-0.000034
-0.000030
-0.000031
-0.000035
-0.000041
-0.000043
-0.000041
-0.000036
-0.000030
0.001713
0.013053
0.005161
0.000207
0.001767
0.006243
0.013987
0.021473
0.023727
0.011998
0.009238
0.003623
-0.000381
-0.000035
0.000143
-0.000007
-0.000429
-0.000177
-0.000939
-0.000155
-0.000299
0.000087
-0.000055
-0.000239
-0.000233
-0.003155
-0.000884
0.000659
0.001091
0.000975
0.000415
0.006355
0.013263
0.002257
0.000409
0.000481
0.000454
0.000400
0.000432
0.000430
0.000395
0.000445
0.000548
0.000519
0.000403
0.000502
0.000620
0.000660
0.000676
0.000660
0.000604
0.000657
0.000773
0.000832
0.000664
0.000578
0.000535
0.000559
0.000496
-0.000008
-0.000022
-0.000020
-0.000024
-0.000033
-0.000035
-0.000032
-0.000028
-0.000031
-0.000038
-0.000044
-0.000043
-0.000041
-0.000026
0.000182
0.007120
0.002932
0.006395
0.008175
0.009711
0.011739
0.016396
0.023201
0.015741
0.014154
0.012478
0.001888
-0.000961
-0.000772
-0.000269
-0.000121
-0.000941
-0.000919
-0.000165
0.000327
-0.001414
-0.000949
-0.001525
-0.001302
-0.003683
-0.003255
-0.000973
-0.000184
0.000454
0.000297
0.000388
0.009921
0.008224
0.002296
0.000543
0.000495
0.000424
0.000429
0.000487
0.000414
0.000462
0.000545
0.000455
0.000351
0.000539
0.000715
0.000729
0.000589
0.000615
0.000690
0.000818
0.000808
0.000850
0.000761
0.000633
0.000569
0.000634
0.000636
-0.000009
-0.000015
-0.000017
-0.000026
-0.000034
-0.000032
-0.000037
-0.000029
-0.000034
-0.000039
-0.000043
-0.000042
-0.000053
-0.000056
-0.000084
-0.000033
0.000181
0.000641
0.002239
-0.000166
0.002335
0.005692
0.010022
0.010269
0.011511
0.010763
0.003036
0.001207
-0.000239
-0.000390
-0.000846
-0.002856
-0.000969
-0.001734
-0.001467
-0.002434
-0.005972
-0.004258
-0.004204
-0.005415
-0.009391
-0.008428
-0.002249
-0.002133
-0.000167
-0.000173
0.003640
0.004675
0.011947
0.003003
0.000593
0.000486
0.000532
0.000527
0.000503
0.000520
0.000516
0.000509
0.000589
0.000682
0.000627
0.000545
0.000507
0.000599
0.000718
0.000664
0.000777
0.000667
0.000751
0.000560
0.000657
0.000742
0.000720
0.000020
0.000010
-0.000006
-0.000007
-0.000032
-0.000033
-0.000035
-0.000042
-0.000038
-0.000036
-0.000044
-0.000042
-0.000054
-0.000056
-0.000055
-0.000044
-0.000043
-0.000038
-0.000080
-0.000051
0.000134
0.002566
0.002376
-0.001872
-0.003391
-0.002553
-0.002380
-0.002348
-0.001859
-0.002664
-0.003033
-0.002744
-0.001744
-0.001747
-0.001179
-0.000745
-0.010982
-0.008701
-0.006305
-0.005594
-0.011075
-0.014570
-0.016040
-0.013475
-0.002358
-0.000649
0.000320
0.000459
0.009542
0.001411
0.001349
0.000608
0.000576
0.000591
0.000612
0.000566
0.000571
0.000623
0.000528
0.000611
0.000615
0.000620
0.000637
0.000451
0.000538
0.000554
0.000682
0.000647
0.000794
0.000733
0.000589
0.000677
0.000725
0.000051
0.000043
0.000014
-0.000011
-0.000032
-0.000027
-0.000033
-0.000038
-0.000038
-0.000035
-0.000047
-0.000052
-0.000050
-0.000058
-0.000057
-0.000046
-0.000048
-0.000055
-0.000057
-0.000079
0.000651
0.012721
0.007837
0.001618
-0.002100
-0.002918
-0.002465
-0.001992
-0.001865
-0.003630
-0.004577
-0.003663
-0.002744
-0.003430
-0.002255
-0.002275
-0.001124
-0.011335
-0.008944
-0.005529
-0.014562
-0.016660
-0.017138
-0.016603
-0.011222
-0.002373
-0.001039
-0.002909
0.002225
-0.002269
-0.004289
0.000778
0.000650
0.000669
0.000691
0.000653
0.000601
0.000637
0.000495
0.000434
0.000647
0.000617
0.000443
0.000408
0.000477
0.000598
0.000773
0.000763
0.000947
0.000790
0.000864
0.000672
0.000642
0.000045
0.000037
0.000021
0.000007
-0.000024
-0.000035
-0.000035
-0.000043
-0.000034
-0.000033
-0.000055
-0.000059
-0.000051
-0.000047
-0.000049
-0.000057
-0.000057
-0.000053
-0.000060
0.000268
0.006761
0.014539
0.016180
0.008590
0.002200
-0.002504
-0.002820
-0.002355
-0.002284
-0.004323
-0.006437
-0.005312
-0.002821
-0.004090
-0.001892
-0.004581
-0.003395
-0.002975
-0.001312
-0.010133
-0.014473
-0.016104
-0.016112
-0.017129
-0.014087
-0.009360
-0.001893
-0.002811
-0.003039
-0.004987
-0.006805
-0.004893
0.000529
0.000642
0.000742
0.000620
0.000487
0.000530
0.000413
0.000408
0.000403
0.000483
0.000342
0.000528
0.000568
0.000714
0.000748
0.000846
0.000959
0.000932
0.000798
0.000525
0.000626
0.000045
0.000038
0.000022
0.000013
-0.000012
-0.000034
-0.000036
-0.000042
-0.000041
-0.000042
-0.000049
-0.000055
-0.000052
-0.000051
-0.000061
-0.000065
-0.000060
-0.000052
-0.000043
-0.000073
0.002108
0.009304
0.015196
0.013894
0.006804
-0.000435
-0.002665
-0.004059
-0.004058
-0.004670
-0.008082
-0.006297
-0.001584
-0.000570
-0.001586
-0.001476
-0.003404
-0.002744
-0.001157
-0.001614
-0.002941
-0.002232
-0.013761
-0.013417
-0.010630
-0.010008
-0.003247
-0.002688
-0.004694
-0.006417
-0.007375
-0.008668
-0.004804
0.000399
0.000460
0.000592
0.000523
0.000521
0.000562
0.000392
0.000477
0.000495
0.000493
0.000607
0.000642
0.000674
0.000849
0.000765
0.000845
0.000816
0.000753
0.000606
0.000433
0.000050
0.000037
0.000022
0.000014
-0.000010
-0.000031
-0.000034
-0.000041
-0.000046
-0.000055
-0.000054
-0.000051
-0.000062
-0.000068
-0.000070
-0.000070
-0.000046
-0.000054
-0.000053
-0.000140
-0.000724
0.003685
0.008078
0.013054
0.010938
0.003922
-0.002461
-0.004938
-0.005551
-0.005747
-0.009807
-0.005794
0.001022
0.000994
-0.001365
-0.002335
-0.002574
-0.003687
-0.001888
-0.002425
-0.005409
-0.005242
-0.005818
-0.006571
-0.005967
-0.001601
-0.003494
0.000451
-0.004828
-0.007066
-0.007624
-0.007849
-0.007167
-0.004461
-0.003075
0.000405
0.000465
0.000647
0.000617
0.000577
0.000521
0.000495
0.000447
0.000771
0.000751
0.000716
0.000833
0.000770
0.000740
0.000772
0.000844
0.000546
0.000370
0.000046
0.000045
0.000036
0.000020
0.000006
-0.000015
-0.000033
-0.000039
-0.000047
-0.000056
-0.000056
-0.000060
-0.000063
-0.000066
-0.000038
-0.000053
-0.000058
-0.000052
-0.000056
-0.000062
-0.000193
-0.000240
0.001752
0.008152
0.011983
0.007396
-0.000884
-0.004048
-0.004353
-0.005387
-0.010320
-0.006637
-0.001345
0.000517
-0.000485
-0.002806
-0.004370
-0.003409
-0.004007
-0.004362
-0.004962
-0.006603
-0.007507
-0.007721
-0.007088
-0.002645
-0.001988
-0.000042
-0.004682
-0.005572
-0.006659
-0.006816
-0.006504
-0.004542
-0.003610
-0.002381
0.000592
0.000859
0.000553
0.000499
0.000378
0.000374
0.000532
0.000507
0.000692
0.000719
0.000817
0.000736
0.000675
0.000718
0.000808
0.000656
0.000400
0.000061
0.000052
0.000048
0.000036
0.000055
0.000068
0.000082
0.000076
0.000164
-0.000034
-0.000031
-0.000053
-0.000030
-0.000059
-0.000060
-0.000066
-0.000071
-0.000068
-0.000071
-0.000081
-0.000091
-0.000125
-0.000026
0.004726
0.011033
0.008926
0.000127
-0.003832
-0.004427
-0.004642
-0.007437
-0.006203
-0.003090
-0.001201
-0.001243
-0.004659
-0.004897
-0.005022
-0.005476
-0.005277
-0.006105
-0.006003
-0.007001
-0.006911
-0.007956
-0.004031
-0.002334
-0.002027
-0.001415
-0.005543
-0.006154
-0.005973
-0.005130
-0.003794
-0.002783
-0.003563
-0.003007
-0.002147
0.000494
0.000634
0.000492
0.000345
0.000284
0.000506
0.000569
0.000747
0.000754
0.000696
0.000678
0.000788
0.000810
0.000776
0.000630
0.000058
0.000059
0.000053
0.000039
0.000052
0.000074
0.000098
0.000103
0.000090
0.000065
0.000069
0.000205
-0.000014
-0.000057
-0.000064
-0.000067
-0.000053
-0.000057
-0.000058
-0.000072
-0.000075
0.000120
0.000167
0.000139
0.000650
0.000785
0.000413
0.000692
0.001574
-0.004918
-0.006241
-0.004480
-0.003405
-0.003484
-0.003758
-0.005730
-0.006025
-0.006599
-0.005658
-0.006532
-0.007357
-0.007039
-0.008912
-0.009151
-0.009396
-0.004871
-0.001805
-0.001512
-0.000201
-0.004478
-0.005751
-0.005153
-0.003882
-0.003495
-0.002839
-0.002286
-0.002932
-0.003235
-0.002443
-0.001187
-0.000013
0.000802
0.000499
0.000662
0.000630
0.000793
0.000694
0.000728
0.000785
0.000883
0.000842
0.000832
0.000729
0.000066
0.000078
0.000054
0.000050
0.000054
0.000072
0.000107
0.000096
0.000075
0.000061
0.000077
0.000117
0.000166
0.000161
0.000176
-0.000025
0.000193
0.000130
0.000066
0.000093
0.000070
0.000038
0.000034
0.000041
0.000073
0.000061
0.000039
0.000142
0.000842
0.000196
-0.000410
-0.001056
-0.002030
-0.002212
-0.003984
-0.004840
-0.004589
-0.005412
-0.006075
-0.007217
-0.007686
-0.008870
-0.010080
-0.009818
-0.010687
-0.006114
-0.002795
-0.001957
-0.002600
-0.003382
-0.005259
-0.004307
-0.003497
-0.004033
-0.002819
-0.002029
-0.002247
-0.001117
0.002220
0.004592
0.006492
0.007881
0.002045
0.000794
0.000754
0.000714
0.000770
0.000811
0.000823
0.000788
0.000859
0.001001
0.000956
0.000081
0.000088
0.000055
0.000059
0.000043
0.000075
0.000093
0.000094
0.000097
0.000086
0.000090
0.000103
0.000106
0.000091
0.000070
0.000001
0.000047
0.000064
0.000075
0.000031
0.000004
-0.000012
0.000014
0.000032
0.000053
0.000028
-0.000036
0.000011
-0.000071
0.000087
0.000419
-0.000280
-0.000315
-0.000155
-0.000337
-0.000465
-0.000194
-0.002998
-0.004475
-0.005026
-0.007284
-0.008260
-0.007869
-0.009119
-0.009792
-0.005351
-0.003462
-0.002698
-0.004036
-0.003325
-0.003176
-0.003023
-0.001941
-0.000488
-0.000684
0.000012
0.002480
0.007983
0.007565
0.002980
0.003029
0.001601
0.001247
0.000885
0.000871
0.000786
0.000998
0.001015
0.000877
0.000808
0.000854
0.000838
0.000739
0.000106
0.000116
0.000104
0.000084
0.000055
0.000071
0.000113
0.000125
0.000116
0.000080
0.000101
0.000125
0.000111
0.000096
0.000073
0.000071
0.000019
0.000107
0.000103
0.000072
0.000019
-0.000010
0.000014
0.000029
0.000029
0.000015
-0.000064
-0.000032
-0.000002
-0.000320
-0.000045
-0.000021
0.000004
0.000011
0.000043
0.000047
0.000083
0.000115
-0.000043
-0.000006
0.000070
0.000157
-0.000036
0.000163
-0.006941
-0.005906
-0.006264
-0.004631
-0.004220
-0.005296
-0.004462
-0.001178
0.001968
0.003990
0.004302
0.004738
0.005101
0.004619
0.001652
0.001008
0.001212
0.001072
0.001079
0.000996
0.000807
0.000876
0.001094
0.001142
0.000886
0.000807
0.000835
0.000744
0.000668
0.000119
0.000126
0.000126
0.000105
0.000066
0.000103
0.000131
0.000142
0.000123
0.000060
0.000090
0.000150
0.000124
0.000082
0.000068
0.000055
-0.000022
0.000098
0.000088
0.000103
0.000063
0.000026
0.000004
-0.000016
-0.000030
-0.000026
-0.000057
-0.000034
-0.000027
-0.000068
-0.000094
-0.000032
-0.000060
0.000009
0.000021
0.000022
0.000105
0.000153
0.000229
0.000227
0.000353
0.000547
0.000633
0.000648
0.000669
-0.005567
-0.007812
-0.006360
-0.005549
-0.007058
-0.007562
0.005870
0.007060
0.006475
0.005873
0.004014
0.002254
0.001386
0.001290
0.000975
0.001048
0.000928
0.000930
0.000924
0.000710
0.000982
0.001106
0.000961
0.000918
0.000883
0.000823
0.000774
0.000627
0.000152
0.000139
0.000154
0.000126
0.000113
0.000122
0.000134
0.000148
0.000112
0.000090
0.000103
0.000142
0.000138
0.000092
0.000065
0.000095
0.000041
0.000085
0.000068
0.000067
0.000059
0.000029
0.000010
-0.000020
-0.000006
-0.000023
-0.000002
-0.000025
-0.000022
-0.000072
-0.000010
0.000053
0.000078
0.000085
0.000134
0.000134
0.000070
0.000125
0.000122
0.000262
0.000385
0.000559
0.000639
0.000619
0.000510
0.001775
-0.008426
-0.006916
-0.006588
-0.007347
-0.007131
-0.005291
0.003818
0.000013
0.001757
0.001705
0.001354
0.001218
0.001154
0.001067
0.001042
0.000905
0.000976
0.000926
0.000933
0.001118
0.001027
0.000892
0.001016
0.001026
0.000930
0.000862
0.000833
0.000150
0.000124
0.000168
0.000145
0.000135
0.000112
0.000134
0.000138
0.000113
0.000128
0.000128
0.000159
0.000156
0.000122
0.000084
0.000082
0.000037
-0.000004
0.000009
0.000032
0.000027
0.000002
-0.000011
-0.000020
0.000005
0.000009
0.000036
0.000017
0.000006
0.000003
0.000055
0.000081
0.000114
0.000142
0.000190
0.000141
0.000123
0.000016
0.000127
0.000276
0.000429
0.000599
0.000650
0.000555
0.000547
0.000499
0.001310
-0.005396
-0.002505
-0.000646
-0.002953
-0.001721
-0.002219
0.001002
0.001520
0.001520
0.001109
0.001099
0.001064
0.000966
0.001053
0.000909
0.000853
0.000940
0.000855
0.001039
0.001084
0.001123
0.001263
0.001059
0.000953
0.000955
0.000779
0.000153
0.000145
0.000180
0.000165
0.000121
0.000094
0.000129
0.000148
0.000133
0.000138
0.000156
0.000155
0.000175
0.000155
0.000122
0.000064
0.000054
0.000019
0.000028
0.000006
0.000009
-0.000021
-0.000040
-0.000013
-0.000005
0.000057
0.000056
0.000021
0.000059
0.000054
0.000047
0.000071
0.000122
0.000120
0.000217
0.000209
0.000074
0.000093
0.000040
0.000310
0.000364
0.000525
0.000674
0.000714
0.000699
0.000643
0.000509
0.000694
0.001204
0.001971
0.000523
0.000301
0.000076
0.001404
0.001331
0.001467
0.001146
0.000892
0.001039
0.001134
0.001217
0.000990
0.000845
0.000935
0.000977
0.000978
0.001187
0.001181
0.001097
0.001102
0.000918
0.000943
0.000751
0.000152
0.000135
0.000164
0.000171
0.000139
0.000117
0.000153
0.000185
0.000168
0.000145
0.000112
0.000095
0.000142
0.000147
0.000121
0.000048
0.000042
0.000050
-0.000009
-0.000025
-0.000003
-0.000023
-0.000039
-0.000020
0.000001
0.000048
0.000107
0.000128
0.000127
0.000053
0.000080
0.000147
0.000098
0.000125
0.000223
0.000236
0.000180
0.000191
0.000112
0.000452
0.000305
0.000439
0.000516
0.000381
0.000568
0.000539
0.000637
0.000679
0.000922
0.001122
0.000765
0.000975
0.001319
0.001415
0.001349
0.001229
0.001154
0.000935
0.001170
0.001189
0.001054
0.001119
0.000947
0.000805
0.000914
0.001117
0.001180
0.001080
0.001075
0.001071
0.000994
0.000945
0.000920
0.000153
0.000146
0.000117
0.000137
0.000155
0.000130
0.000162
0.000191
0.000189
0.000152
0.000138
0.000069
0.000126
0.000123
0.000074
0.000026
0.000024
0.000038
0.000010
-0.000008
-0.000026
-0.000039
-0.000055
-0.000052
0.000030
0.000109
0.000126
0.000135
0.000107
0.000097
0.000146
0.000155
0.000196
0.000254
0.000277
0.000237
0.000322
0.000478
0.000454
0.000285
0.000220
0.000198
0.000318
0.000395
0.000441
0.000581
0.000659
0.000738
0.000839
0.000887
0.001067
0.001337
0.001410
0.001521
0.001438
0.001473
0.001485
0.001115
0.001079
0.001194
0.001126
0.001172
0.001184
0.001060
0.000999
0.001289
0.001160
0.001048
0.000994
0.001156
0.001070
0.000999
0.000869
0.000143
0.000122
0.000107
0.000119
0.000125
0.000149
0.000135
0.000147
0.000191
0.000155
0.000142
0.000065
0.000111
0.000075
0.000044
0.000029
0.000008
0.000034
0.000052
-0.000042
-0.000031
-0.000055
-0.000027
-0.000014
0.000045
0.000095
0.000080
0.000089
0.000107
0.000109
0.000146
0.000235
0.000281
0.000353
0.000271
0.000237
0.000163
0.000305
0.000111
-0.000098
0.000179
0.000034
0.000267
0.000380
0.000479
0.000548
0.000565
0.000720
0.000778
0.000735
0.000997
0.001332
0.001511
0.001615
0.001641
0.001615
0.001501
0.001112
0.001269
0.001319
0.000956
0.001099
0.001058
0.001234
0.001217
0.001287
0.001006
0.000934
0.001119
0.001209
0.001155
0.000983
0.000735
0.000146
0.000124
0.000121
0.000141
0.000109
0.000140
0.000125
0.000115
0.000175
0.000170
0.000152
0.000141
0.000062
0.000065
0.000031
0.000014
-0.000004
0.000009
0.000020
0.000003
-0.000045
-0.000014
0.000007
0.000046
0.000034
0.000096
0.000108
0.000117
0.000118
0.000172
0.000168
0.000177
0.000230
0.000184
0.000345
0.000288
0.000159
0.000128
0.000102
0.000158
0.000107
0.000130
0.000170
0.000430
0.000576
0.000749
0.000750
0.000812
0.000822
0.000536
0.000824
0.001447
0.001694
0.001561
0.001714
0.001482
0.001249
0.001116
0.001274
0.001348
0.001297
0.001369
0.001093
0.001218
0.001111
0.001082
0.001085
0.001085
0.001116
0.001184
0.000905
0.000707
0.000670
