-0.000042
-0.000047
-0.000057
0.000632
-0.000082
-0.000144
-0.000181
0.000438
-0.000257
-0.000290
-0.000276
-0.000603
-0.000272
-0.000215
-0.000215
-0.000173
-0.000166
-0.000165
-0.000157
-0.000143
-0.000146
-0.000144
-0.000138
-0.000143
-0.000146
-0.000142
-0.000126
-0.000107
-0.000104
-0.000110
-0.000108
-0.000096
-0.000095
-0.000090
-0.000084
-0.000087
-0.000110
-0.000092
-0.000122
-0.000118
-0.000118
-0.000123
-0.000128
-0.000136
-0.000146
-0.000150
-0.000148
-0.000148
-0.000194
-0.000170
-0.000141
-0.000186
-0.000155
-0.000169
-0.000162
-0.000178
-0.000210
-0.000197
-0.000216
-0.000197
-0.000241
-0.000199
-0.000117
-0.000063
0.000031
0.000032
-0.001158
-0.000056
-0.000077
-0.000126
0.000061
-0.000009
0.000195
-0.000061
-0.000063
-0.000095
-0.000123
-0.000133
-0.000193
-0.000235
-0.000267
-0.000287
-0.000329
-0.000332
-0.000327
-0.000253
-0.000217
-0.000191
-0.000163
-0.000162
-0.000156
-0.000137
-0.000133
-0.000139
-0.000128
-0.000123
-0.000096
-0.000123
-0.000103
-0.000105
-0.000092
-0.000087
-0.000096
-0.000089
-0.000093
-0.000100
-0.000102
-0.000097
-0.000095
-0.000105
-0.000110
-0.000107
-0.000127
-0.000127
-0.000113
-0.000123
-0.000134
-0.000144
-0.000149
-0.000149
-0.000153
-0.000165
-0.000182
-0.000197
-0.000196
-0.000159
-0.000152
-0.000206
-0.000190
-0.000185
-0.000178
-0.000175
-0.000206
-0.000218
-0.000201
-0.000203
-0.000239
-0.000223
-0.000253
-0.000310
-0.000283
-0.000270
-0.000297
-0.000269
-0.000304
-0.000261
-0.000046
-0.000069
-0.000090
-0.000106
-0.000141
-0.000173
-0.000228
-0.000258
-0.000297
-0.000322
-0.000306
-0.000267
-0.000240
-0.000193
-0.000179
-0.000167
-0.000167
-0.000154
-0.000147
-0.000138
-0.000136
-0.000113
-0.000106
-0.000095
-0.000106
-0.000106
-0.000106
-0.000086
-0.000090
-0.000088
-0.000096
-0.000095
-0.000096
-0.000101
-0.000099
-0.000098
-0.000102
-0.000111
-0.000116
-0.000116
-0.000107
-0.000112
-0.000126
-0.000149
-0.000161
-0.000138
-0.000138
-0.000167
-0.000121
-0.000180
-0.000136
-0.000180
-0.000184
-0.000181
-0.000189
-0.000189
-0.000183
-0.000190
-0.000188
-0.000218
-0.000203
-0.000204
-0.000218
-0.000209
-0.000208
-0.000240
-0.000266
-0.000290
-0.000294
-0.000309
-0.000296
-0.000306
-0.000314
-0.000037
-0.000054
-0.000070
-0.000096
-0.000125
-0.000159
-0.000200
-0.000243
-0.000272
-0.000299
-0.000275
-0.000262
-0.000206
-0.000174
-0.000174
-0.000157
-0.000150
-0.000142
-0.000128
-0.000134
-0.000122
-0.000118
-0.000102
-0.000104
-0.000091
-0.000112
-0.000092
-0.000082
-0.000110
-0.000087
-0.000092
-0.000098
-0.000088
-0.000060
-0.000075
-0.000088
-0.000083
-0.000103
-0.000123
-0.000098
-0.000106
-0.000106
-0.000083
-0.000106
-0.000149
-0.000134
-0.000122
-0.000153
-0.000153
-0.000125
-0.000117
-0.000169
-0.000194
-0.000179
-0.000184
-0.000176
-0.000162
-0.000199
-0.000218
-0.000202
-0.000219
-0.000211
-0.000246
-0.000236
-0.000229
-0.000267
-0.000285
-0.000268
-0.000321
-0.000292
-0.000321
-0.000295
-0.000328
-0.000026
-0.000040
-0.000063
-0.000090
-0.000127
-0.000149
-0.000180
-0.000228
-0.000237
-0.000248
-0.000240
-0.000218
-0.000185
-0.000166
-0.000153
-0.000155
-0.000138
-0.000136
-0.000126
-0.000120
-0.000106
-0.000107
-0.000104
-0.000099
-0.000105
-0.000107
-0.000103
-0.000083
-0.000087
-0.000090
-0.000075
-0.000090
-0.000099
-0.000093
-0.000080
-0.000076
-0.000067
-0.000089
-0.000099
-0.000098
-0.000096
-0.000132
-0.000144
-0.000091
-0.000126
-0.000113
-0.000100
-0.000108
-0.000122
-0.000159
-0.000156
-0.000158
-0.000173
-0.000176
-0.000167
-0.000198
-0.000172
-0.000167
-0.000194
-0.000208
-0.000224
-0.000203
-0.000285
-0.000230
-0.000229
-0.000329
-0.000313
-0.000323
-0.000352
-0.000312
-0.000323
-0.000294
-0.002169
-0.000024
-0.000039
-0.000050
-0.000083
-0.000120
-0.000143
-0.000170
-0.000173
-0.000214
-0.000242
-0.000207
-0.000200
-0.000194
-0.000157
-0.000154
-0.000142
-0.000150
-0.000119
-0.000131
-0.000114
-0.000106
-0.000105
-0.000095
-0.000094
-0.000081
-0.000086
-0.000104
-0.000105
-0.000087
-0.000083
-0.000074
-0.000080
-0.000083
-0.000083
-0.000046
-0.000048
-0.000047
-0.000068
-0.000080
-0.000116
-0.000119
-0.000121
-0.000126
-0.000083
-0.000073
-0.000095
-0.000088
-0.000088
-0.000113
-0.000129
-0.000096
-0.000137
-0.000140
-0.000145
-0.000163
-0.000171
-0.000165
-0.000168
-0.000181
-0.000206
-0.000200
-0.000221
-0.000214
-0.000200
-0.000254
-0.000266
-0.000310
-0.000316
-0.000326
-0.000335
-0.000344
-0.000315
-0.000340
-0.000021
-0.000031
-0.000044
-0.000085
-0.000105
-0.000148
-0.000174
-0.000173
-0.000207
-0.000181
-0.000164
-0.000157
-0.000169
-0.000134
-0.000147
-0.000124
-0.000124
-0.000142
-0.000125
-0.000113
-0.000118
-0.000106
-0.000090
-0.000096
-0.000095
-0.000093
-0.000096
-0.000108
-0.000081
-0.000087
-0.000085
-0.000084
-0.000074
-0.000070
-0.000047
-0.000043
-0.000057
-0.000073
-0.000089
-0.000091
-0.000102
-0.000123
-0.000144
-0.000137
-0.000054
-0.000093
-0.000077
-0.000082
-0.000101
-0.000121
-0.000141
-0.000131
-0.000131
-0.000151
-0.000131
-0.000135
-0.000149
-0.000168
-0.000199
-0.000196
-0.000204
-0.000229
-0.000199
-0.000160
-0.000250
-0.000322
-0.000279
-0.000286
-0.000277
-0.000333
-0.000350
-0.000355
-0.000343
-0.000032
-0.000039
-0.000051
-0.000096
-0.000110
-0.000156
-0.000164
-0.000183
-0.000189
-0.000142
-0.000122
-0.000116
-0.000158
-0.000163
-0.000143
-0.000136
-0.000143
-0.000148
-0.000133
-0.000107
-0.000107
-0.000113
-0.000094
-0.000081
-0.000086
-0.000095
-0.000098
-0.000101
-0.000085
-0.000071
-0.000080
-0.000067
-0.000060
-0.000060
-0.000034
-0.000041
-0.000044
-0.000040
-0.000061
-0.000067
-0.000075
-0.000096
-0.000120
-0.000112
-0.000085
-0.000058
-0.000077
-0.000074
-0.000107
-0.000112
-0.000119
-0.000118
-0.000122
-0.000139
-0.000153
-0.000145
-0.000147
-0.000163
-0.000158
-0.000170
-0.000219
-0.000251
-0.000341
-0.000315
-0.000341
-0.000279
-0.000254
-0.000287
-0.000350
-0.000372
-0.000355
-0.000334
-0.000351
-0.000036
-0.000048
-0.000065
-0.000099
-0.000145
-0.000138
-0.000188
-0.000170
-0.000171
-0.000133
-0.000129
-0.000135
-0.000117
-0.000151
-0.000150
-0.000137
-0.000145
-0.000151
-0.000149
-0.000129
-0.000105
-0.000102
-0.000102
-0.000106
-0.000098
-0.000108
-0.000115
-0.000102
-0.000078
-0.000067
-0.000055
-0.000038
-0.000046
-0.000036
-0.000028
-0.000022
-0.000021
-0.000023
-0.000024
-0.000030
-0.000043
-0.000073
-0.000092
-0.000084
-0.000052
-0.000049
-0.000072
-0.000062
-0.000076
-0.000089
-0.000109
-0.000117
-0.000131
-0.000143
-0.000165
-0.000174
-0.000182
-0.000165
-0.000181
-0.000182
-0.000175
-0.000220
-0.000271
-0.000305
-0.000313
-0.000267
-0.000276
-0.000329
-0.000350
-0.000372
-0.000345
-0.000339
0.001326
-0.000060
-0.000075
-0.000083
-0.000102
-0.000145
-0.000176
-0.000151
-0.000158
-0.000149
-0.000123
-0.000119
-0.000129
-0.000138
-0.000160
-0.000146
-0.000133
-0.000131
-0.000115
-0.000126
-0.000121
-0.000121
-0.000109
-0.000114
-0.000114
-0.000095
-0.000099
-0.000094
-0.000094
-0.000063
-0.000065
-0.000049
-0.000035
-0.000038
-0.000019
-0.000018
-0.000013
-0.000009
0.000000
-0.000002
-0.000005
-0.000031
-0.000038
-0.000056
-0.000055
-0.000037
-0.000043
-0.000074
-0.000084
-0.000082
-0.000080
-0.000113
-0.000119
-0.000129
-0.000155
-0.000184
-0.000195
-0.000210
-0.000217
-0.000225
-0.000185
-0.000228
-0.000254
-0.000294
-0.000272
-0.000301
-0.000330
-0.000316
-0.000343
-0.000346
-0.000415
-0.000396
-0.000402
-0.000406
-0.000077
-0.000087
-0.000102
-0.000106
-0.000136
-0.000166
-0.000158
-0.000173
-0.000143
-0.000135
-0.000134
-0.000130
-0.000122
-0.000144
-0.000140
-0.000145
-0.000135
-0.000112
-0.000120
-0.000121
-0.000119
-0.000113
-0.000114
-0.000100
-0.000078
-0.000065
-0.000048
-0.000070
-0.000069
-0.000058
-0.000038
-0.000034
-0.000027
-0.000015
-0.000003
-0.000001
0.000016
0.000024
0.000025
0.000013
0.000016
0.000007
-0.000016
-0.000045
-0.000022
-0.000019
-0.000056
-0.000066
-0.000069
-0.000088
-0.000103
-0.000120
-0.000149
-0.000164
-0.000180
-0.000206
-0.000205
-0.000195
-0.000223
-0.000252
-0.000263
-0.000266
-0.000301
-0.000316
-0.000317
-0.000315
-0.000326
-0.000375
-0.000403
-0.000433
-0.000427
-0.000432
-0.000444
-0.000101
-0.000098
-0.000104
-0.000140
-0.000139
-0.000152
-0.000157
-0.000154
-0.000146
-0.000138
-0.000143
-0.000132
-0.000135
-0.000142
-0.000143
-0.000117
-0.000120
-0.000128
-0.000125
-0.000108
-0.000105
-0.000111
-0.000097
-0.000074
-0.000082
-0.000082
-0.000053
-0.000061
-0.000042
-0.000041
-0.000044
-0.000009
-0.000014
-0.000003
0.000009
0.000017
0.000023
0.000047
0.000056
0.000060
0.000046
0.000039
0.000013
-0.000002
0.000009
0.000002
-0.000029
-0.000062
-0.000072
-0.000081
-0.000110
-0.000132
-0.000159
-0.000157
-0.000199
-0.000215
-0.000182
-0.000177
-0.000221
-0.000254
-0.000261
-0.000307
-0.000332
-0.000331
-0.000326
-0.000368
-0.000336
-0.000407
-0.000425
-0.000464
-0.000442
-0.000497
-0.000424
-0.000129
-0.000119
-0.000131
-0.000147
-0.000148
-0.000148
-0.000151
-0.000153
-0.000153
-0.000139
-0.000138
-0.000143
-0.000129
-0.000129
-0.000141
-0.000131
-0.000133
-0.000129
-0.000108
-0.000095
-0.000102
-0.000091
-0.000078
-0.000107
-0.000065
-0.000065
-0.000066
-0.000066
-0.000050
-0.000045
-0.000036
0.000003
-0.000004
0.000016
0.000012
0.000031
0.000068
0.000076
0.000089
0.000093
0.000093
0.000092
0.000053
0.000032
0.000035
0.000015
-0.000016
-0.000042
-0.000068
-0.000106
-0.000122
-0.000152
-0.000153
-0.000164
-0.000182
-0.000229
-0.000190
-0.000228
-0.000224
-0.000258
-0.000296
-0.000298
-0.000314
-0.000322
-0.000349
-0.000359
-0.000371
-0.000375
-0.000404
-0.000441
-0.000469
-0.000492
0.000725
-0.000155
-0.000152
-0.000154
-0.000158
-0.000162
-0.000145
-0.000140
-0.000145
-0.000148
-0.000129
-0.000136
-0.000134
-0.000123
-0.000121
-0.000133
-0.000132
-0.000127
-0.000128
-0.000115
-0.000100
-0.000112
-0.000166
0.000159
-0.000538
-0.000180
-0.000187
-0.000157
-0.000105
-0.000072
-0.000036
-0.000018
0.000001
0.000012
0.000051
0.000048
0.000068
0.000089
0.000114
0.000135
0.000145
0.000146
0.000168
0.000130
0.000076
0.000059
0.000029
0.000021
-0.000029
-0.000066
-0.000105
-0.000143
-0.000146
-0.000153
-0.000163
-0.000210
-0.000251
-0.000265
-0.000243
-0.000228
-0.000271
-0.000307
-0.000320
-0.000334
-0.000332
-0.000372
-0.000445
-0.000439
-0.000401
-0.000446
-0.000471
-0.000456
-0.000532
-0.000290
-0.000169
-0.000167
-0.000157
-0.000146
-0.000150
-0.000137
-0.000133
-0.000135
-0.000135
-0.000124
-0.000119
-0.000120
-0.000123
-0.000115
-0.000124
-0.000120
-0.000119
-0.000131
-0.000144
-0.000128
-0.000192
0.000110
0.001174
0.002960
0.002589
-0.002397
-0.002943
-0.002615
-0.000441
-0.000044
-0.000060
0.000010
0.000028
0.000056
0.000069
0.000086
0.000121
0.000141
0.000176
0.000171
0.000177
0.000248
0.000203
0.000129
0.000088
0.000063
0.000025
-0.000029
-0.000085
-0.000128
-0.000138
-0.000158
-0.000180
-0.000202
-0.000229
-0.000237
-0.000279
-0.000256
-0.000319
-0.000350
-0.000364
-0.000359
-0.000420
-0.000360
-0.000385
-0.000436
-0.000453
-0.000456
-0.000428
-0.000467
-0.000517
-0.000608
-0.000518
-0.000175
-0.000165
-0.000159
-0.000154
-0.000142
-0.000137
-0.000133
-0.000128
-0.000128
-0.000122
-0.000117
-0.000117
-0.000114
-0.000117
-0.000113
-0.000131
-0.000101
-0.000111
-0.000123
-0.000169
0.000166
0.003268
0.001175
-0.000403
0.000667
0.003781
0.002226
0.000362
-0.003908
-0.004073
-0.003185
-0.000299
0.000053
0.000069
0.000071
0.000101
0.000123
0.000166
0.000187
0.000226
0.000291
0.000320
0.000245
0.000176
0.000100
0.000050
0.000020
-0.000040
-0.000096
-0.000117
-0.000139
-0.000176
-0.000192
-0.000206
-0.000232
-0.000223
-0.000265
-0.000313
-0.000331
-0.000355
-0.000363
-0.000409
-0.000394
-0.000414
-0.000429
-0.000443
-0.000451
-0.000451
-0.000470
-0.000525
-0.000604
-0.000657
-0.000480
-0.000171
-0.000176
-0.000167
-0.000146
-0.000137
-0.000134
-0.000134
-0.000127
-0.000113
-0.000117
-0.000108
-0.000105
-0.000108
-0.000114
-0.000118
-0.000135
-0.000058
-0.000037
-0.000009
-0.000173
0.000202
-0.000707
-0.002392
-0.001547
0.001305
-0.000977
-0.000155
0.006555
0.001566
-0.000392
-0.000048
0.000048
0.000058
0.000079
0.000095
0.000100
0.000134
0.000178
0.000247
0.000324
0.000367
0.000489
0.000308
0.000178
0.000097
0.000041
0.000011
-0.000058
-0.000101
-0.000133
-0.000164
-0.000196
-0.000214
-0.000226
-0.000215
-0.000228
-0.000264
-0.000332
-0.000325
-0.000349
-0.000363
-0.000350
-0.000380
-0.000398
-0.000410
-0.000483
-0.000499
-0.000461
-0.000527
-0.000643
-0.000651
-0.000616
-0.001100
-0.000178
-0.000168
-0.000163
-0.000134
-0.000131
-0.000136
-0.000133
-0.000124
-0.000116
-0.000115
-0.000108
-0.000110
-0.000105
-0.000107
-0.000039
-0.000027
-0.000017
0.000029
0.000217
-0.000149
-0.000181
-0.000132
-0.000427
-0.002001
0.000653
0.000495
0.002058
0.006035
-0.000042
0.000020
0.000030
0.000049
0.000070
0.000090
0.000153
0.000186
0.000187
0.000192
0.000224
0.000279
0.000309
0.000298
0.000234
0.000147
0.000073
0.000005
-0.000035
-0.000112
-0.000133
-0.000162
-0.000181
-0.000207
-0.000208
-0.000226
-0.000233
-0.000256
-0.000319
-0.000347
-0.000352
-0.000359
-0.000341
-0.000403
-0.000417
-0.000414
-0.000482
-0.000556
-0.000526
-0.000542
-0.000595
-0.000618
-0.000550
-0.000536
-0.000582
-0.000173
-0.000165
-0.000152
-0.000143
-0.000134
-0.000136
-0.000141
-0.000129
-0.000122
-0.000114
-0.000114
-0.000103
-0.000100
-0.000011
-0.000062
-0.000070
0.000173
0.000521
-0.000049
-0.000091
-0.000281
-0.000088
-0.000088
-0.000599
0.001130
0.003243
0.006809
0.001954
-0.000154
0.000009
0.000046
0.000079
-0.000017
0.000351
0.001028
0.001749
0.001287
0.000767
0.000485
0.000230
0.000200
0.000201
0.000167
0.000107
0.000047
-0.000039
-0.000090
-0.000144
-0.000175
-0.000198
-0.000209
-0.000210
-0.000225
-0.000255
-0.000295
-0.000317
-0.000360
-0.000367
-0.000378
-0.000425
-0.000427
-0.000440
-0.000444
-0.000455
-0.000494
-0.000543
-0.000549
-0.000555
-0.000575
-0.000459
-0.000559
-0.000537
-0.000544
-0.000165
-0.000164
-0.000144
-0.000139
-0.000133
-0.000144
-0.000148
-0.000139
-0.000123
-0.000117
-0.000122
-0.000110
-0.000020
-0.000060
-0.000077
-0.000683
0.000904
0.000270
-0.000329
-0.000374
-0.000175
-0.000105
0.000066
0.000983
0.001902
0.000812
0.000809
0.000052
-0.000425
0.000760
0.001197
0.001388
0.001171
0.000875
0.001739
0.002666
0.002600
0.003251
0.001458
0.000610
0.000141
0.000113
0.000086
0.000018
-0.000051
-0.000127
-0.000180
-0.000196
-0.000192
-0.000197
-0.000201
-0.000233
-0.000275
-0.000301
-0.000320
-0.000343
-0.000360
-0.000386
-0.000401
-0.000448
-0.000469
-0.000458
-0.000462
-0.000512
-0.000501
-0.000544
-0.000590
-0.000650
-0.000487
-0.000464
-0.000468
-0.000531
-0.000514
-0.000151
-0.000153
-0.000139
-0.000134
-0.000143
-0.000144
-0.000155
-0.000125
-0.000119
-0.000123
-0.000124
-0.000060
-0.000070
0.000018
0.000871
-0.000632
-0.000837
-0.000212
-0.000088
-0.000138
-0.000115
-0.000113
0.000419
0.001495
-0.000061
-0.000555
-0.000971
-0.000277
0.000072
-0.000492
-0.000409
-0.000680
-0.000989
-0.000877
-0.000548
0.002024
0.003480
0.004133
0.003059
0.000755
0.000030
0.000196
-0.000107
-0.000128
-0.000188
-0.000226
-0.000238
-0.000247
-0.000232
-0.000220
-0.000239
-0.000254
-0.000273
-0.000315
-0.000309
-0.000364
-0.000394
-0.000446
-0.000448
-0.000456
-0.000489
-0.000530
-0.000522
-0.000522
-0.000538
-0.000506
-0.000550
-0.000538
-0.000442
-0.000410
-0.000457
-0.000519
-0.000596
-0.000158
-0.000145
-0.000140
-0.000134
-0.000149
-0.000153
-0.000146
-0.000131
-0.000127
-0.000125
-0.000120
-0.000105
-0.000095
0.000068
0.000457
-0.000257
-0.000508
-0.000213
-0.000109
-0.000134
-0.000095
-0.000021
0.000316
0.000691
-0.000041
-0.000357
-0.000639
-0.000787
0.000065
-0.000203
0.000559
-0.000290
-0.000449
-0.001090
-0.000629
0.000600
0.001332
0.002473
0.001921
0.000978
-0.000048
-0.000455
-0.001104
-0.001010
-0.000566
-0.000316
-0.000279
-0.000279
-0.000261
-0.000265
-0.000276
-0.000286
-0.000316
-0.000339
-0.000381
-0.000422
-0.000427
-0.000436
-0.000491
-0.000506
-0.000545
-0.000517
-0.000488
-0.000503
-0.000462
-0.000475
-0.000467
-0.000524
-0.000417
-0.000501
-0.000476
-0.000448
-0.000447
-0.000181
-0.000148
-0.000107
-0.000146
-0.000148
-0.000140
-0.000137
-0.000121
-0.000139
-0.000138
-0.000116
-0.000109
-0.000106
-0.000080
0.000237
-0.000630
-0.000549
-0.000190
-0.000152
-0.000289
-0.000135
0.000459
0.001128
0.001342
0.000878
-0.000132
-0.000247
0.000167
0.000259
-0.000139
0.000172
0.000324
0.000118
-0.000436
-0.000759
0.001784
0.000010
0.000369
0.000159
0.000370
-0.000590
-0.001501
-0.005092
-0.006693
-0.001827
-0.000725
-0.000449
-0.000290
-0.000303
-0.000286
-0.000301
-0.000338
-0.000422
-0.000393
-0.000436
-0.000416
-0.000445
-0.000478
-0.000563
-0.000533
-0.000486
-0.000482
-0.000509
-0.000495
-0.000498
-0.000485
-0.000474
-0.000553
-0.000540
-0.000423
-0.000427
-0.000429
-0.000400
-0.000146
-0.000119
-0.000117
-0.000160
-0.000156
-0.000116
-0.000114
-0.000124
-0.000123
-0.000130
-0.000113
-0.000102
-0.000094
-0.000098
0.000146
0.002776
-0.001237
-0.001304
-0.000659
0.000026
0.000707
0.001749
0.002257
0.005107
0.003176
0.001567
0.000537
0.001575
0.001393
0.000371
-0.000136
-0.000062
-0.000012
-0.000083
-0.000393
0.003097
0.001557
0.000877
0.000039
-0.000211
-0.000233
-0.000850
-0.001536
-0.003369
0.009081
0.005633
-0.000580
-0.000438
-0.000320
-0.000345
-0.000379
-0.000446
-0.000453
-0.000439
-0.000451
-0.000474
-0.000499
-0.000515
-0.000541
-0.000522
-0.000492
-0.000478
-0.000429
-0.000458
-0.000559
-0.000515
-0.000562
-0.000596
-0.000511
-0.000468
-0.000472
-0.000444
-0.000382
-0.000120
-0.000058
-0.000131
-0.000131
-0.000152
-0.000126
-0.000122
-0.000146
-0.000139
-0.000143
-0.000135
-0.000123
-0.000109
-0.000103
0.000073
0.001053
0.000488
-0.000075
0.000239
0.000846
0.001609
0.001822
0.003668
0.004430
0.003750
0.004445
0.000750
-0.000021
0.001217
0.001553
0.001446
-0.000534
-0.000368
-0.000006
-0.000439
0.002499
0.004072
0.001535
-0.000020
-0.001988
-0.000817
-0.000295
0.000792
0.002096
0.004467
0.006895
0.005090
-0.000258
-0.000355
-0.000389
-0.000385
-0.000419
-0.000455
-0.000476
-0.000483
-0.000506
-0.000495
-0.000538
-0.000565
-0.000529
-0.000514
-0.000478
-0.000518
-0.000543
-0.000494
-0.000525
-0.000557
-0.000611
-0.000641
-0.000619
-0.000592
-0.000581
-0.000303
-0.000129
-0.000154
-0.000183
-0.000193
-0.000156
-0.000125
-0.000092
-0.000136
-0.000135
-0.000143
-0.000116
-0.000128
-0.000123
-0.000096
-0.000049
0.000506
0.000139
0.000648
0.000834
0.001434
0.001323
0.001542
0.001892
0.005085
0.002907
0.004798
0.000936
-0.000137
-0.000193
0.000409
0.000711
-0.000015
0.000350
-0.000028
0.000323
0.003966
0.001882
0.001882
0.001140
-0.000917
-0.000997
0.000579
-0.000030
0.002716
0.003798
0.002862
0.001640
0.000905
-0.000251
-0.000462
-0.000429
-0.000429
-0.000470
-0.000510
-0.000488
-0.000476
-0.000479
-0.000633
-0.000563
-0.000512
-0.000488
-0.000495
-0.000533
-0.000502
-0.000551
-0.000653
-0.000680
-0.000693
-0.000769
-0.000646
-0.000571
-0.000510
-0.000306
-0.000152
-0.000156
-0.000178
-0.000173
-0.000194
-0.000188
-0.000178
-0.000155
-0.000156
-0.000145
-0.000154
-0.000169
-0.000117
-0.000153
-0.000174
-0.000100
-0.000174
-0.000106
-0.000021
-0.000157
0.000090
0.000626
0.000950
0.001945
0.002341
0.001230
-0.000783
-0.001623
-0.002144
-0.000698
-0.000049
-0.001301
-0.000385
-0.000025
0.000107
-0.000136
0.002456
0.005089
0.006943
0.011239
0.008718
-0.001409
0.000858
0.001287
0.000270
0.000268
-0.000523
-0.001696
-0.000694
-0.000640
-0.000458
-0.000413
-0.000459
-0.000489
-0.000470
-0.000488
-0.000494
-0.000617
-0.000514
-0.000467
-0.000474
-0.000443
-0.000552
-0.000568
-0.000597
-0.000740
-0.000769
-0.000745
-0.000659
-0.000538
-0.000522
-0.000489
-0.000364
-0.000188
-0.000175
-0.000180
-0.000182
-0.000197
-0.000217
-0.000233
-0.000156
-0.000166
-0.000142
-0.000173
-0.000154
-0.000129
-0.000205
-0.000184
-0.000205
-0.000200
-0.000161
-0.000181
-0.000189
-0.000115
-0.000159
-0.000012
-0.000030
-0.001573
-0.004673
-0.006506
-0.006782
-0.006971
-0.001702
-0.002528
-0.002259
0.000022
0.000554
0.000810
0.001171
0.001132
0.004792
0.008102
0.005092
0.002835
-0.001106
-0.004069
-0.000996
-0.000596
-0.002091
-0.007502
-0.006597
-0.004875
-0.001133
-0.000841
-0.000459
-0.000454
-0.000458
-0.000434
-0.000466
-0.000487
-0.000477
-0.000475
-0.000423
-0.000465
-0.000544
-0.000653
-0.000692
-0.000703
-0.000767
-0.000813
-0.000601
-0.000531
-0.000540
-0.000552
-0.000595
-0.000574
-0.000205
-0.000169
-0.000168
-0.000171
-0.000187
-0.000165
-0.000228
-0.000215
-0.000155
-0.000160
-0.000190
-0.000202
-0.000175
-0.000236
-0.000211
-0.000151
-0.000213
-0.000203
-0.000146
-0.000126
0.000128
0.003540
0.002582
0.000377
-0.002136
-0.004620
-0.006563
-0.007436
-0.005887
-0.004257
-0.006460
-0.000968
0.000471
0.000949
0.000725
0.000997
0.001729
0.002567
0.005802
-0.002946
-0.004388
-0.006947
0.001073
0.001536
-0.003348
-0.004693
-0.003052
-0.003837
-0.006086
-0.000978
-0.001312
-0.000424
-0.000457
-0.000436
-0.000457
-0.000463
-0.000398
-0.000400
-0.000430
-0.000522
-0.000572
-0.000634
-0.000742
-0.000864
-0.000815
-0.000746
-0.000634
-0.000554
-0.000594
-0.000567
-0.000619
-0.000678
-0.000702
-0.000208
-0.000187
-0.000173
-0.000181
-0.000194
-0.000178
-0.000194
-0.000196
-0.000173
-0.000184
-0.000195
-0.000206
-0.000179
-0.000183
-0.000205
-0.000211
-0.000180
-0.000135
-0.000146
-0.000115
0.000885
0.003072
0.004195
0.002050
-0.001094
-0.006821
-0.006250
-0.007050
-0.008267
-0.012457
-0.015545
-0.005237
0.000626
0.001118
0.001443
0.000806
0.000594
0.004542
0.006250
0.003675
0.005316
0.005976
0.000447
-0.008178
-0.010675
-0.003094
-0.001001
-0.003680
0.000077
0.004199
-0.012702
-0.009890
0.000118
-0.000438
-0.000468
-0.000478
-0.000383
-0.000470
-0.000543
-0.000617
-0.000614
-0.000646
-0.000722
-0.000752
-0.000825
-0.000708
-0.000654
-0.000640
-0.000574
-0.000655
-0.000825
-0.000528
-0.000605
-0.000212
-0.000214
-0.000193
-0.000201
-0.000216
-0.000218
-0.000197
-0.000244
-0.000178
-0.000189
-0.000213
-0.000213
-0.000238
-0.000223
-0.000212
-0.000204
-0.000167
-0.000113
-0.000133
-0.000105
0.000332
0.002840
0.004632
0.002731
-0.000016
-0.007610
-0.007165
-0.009081
-0.014280
-0.015439
-0.013245
-0.004531
0.001855
0.002072
0.000937
-0.001006
0.001971
0.004938
0.005370
0.005122
0.003856
0.005557
0.001163
-0.001419
-0.000143
-0.002698
-0.001381
0.000465
0.011946
-0.001920
-0.012352
-0.003950
-0.002988
0.000165
-0.000041
-0.000397
-0.000418
-0.000489
-0.000579
-0.000669
-0.000663
-0.000717
-0.000561
-0.000671
-0.000645
-0.000637
-0.000623
-0.000638
-0.000723
-0.000736
-0.000683
-0.000578
-0.000519
-0.000263
-0.000233
-0.000220
-0.000215
-0.000224
-0.000241
-0.000272
-0.000253
-0.000168
-0.000197
-0.000199
-0.000235
-0.000244
-0.000224
-0.000197
-0.000215
-0.000150
-0.000144
-0.000164
-0.000177
-0.000218
0.001488
0.003304
0.002828
0.000356
-0.005802
-0.008029
-0.011331
-0.014871
-0.014562
-0.012424
-0.002102
0.003998
0.002866
0.000127
0.000367
0.002848
0.003226
0.004814
0.004062
0.004679
0.004677
0.004318
0.003694
0.003732
-0.000011
0.000416
0.009234
0.011318
-0.002598
-0.004742
-0.003163
-0.002722
-0.002167
-0.000611
-0.000032
-0.000471
-0.000524
-0.000530
-0.000710
-0.000604
-0.000493
-0.000542
-0.000610
-0.000630
-0.000673
-0.000632
-0.000694
-0.000683
-0.000664
-0.000644
-0.000633
-0.000643
-0.000284
-0.000265
-0.000262
-0.000258
-0.000272
-0.000309
-0.000308
-0.000277
-0.000214
-0.000186
-0.000198
-0.000215
-0.000226
-0.000230
-0.000230
-0.000165
-0.000097
-0.000163
-0.000208
-0.000224
-0.000221
-0.000320
0.001221
0.002755
0.000678
-0.003740
-0.005571
-0.008180
-0.008664
-0.014967
-0.017250
-0.006990
-0.000398
0.000486
0.000145
0.001125
0.003576
0.002142
0.002432
0.003411
0.004079
0.004113
0.004077
0.003446
0.003072
0.003027
-0.000687
0.008379
0.004258
-0.000398
-0.002493
-0.002638
-0.001410
0.000242
0.002572
-0.000804
0.000036
-0.000194
-0.000507
-0.000523
-0.000486
-0.000511
-0.000585
-0.000667
-0.000667
-0.000750
-0.000698
-0.000809
-0.000708
-0.000675
-0.000644
-0.000578
-0.000638
-0.000309
-0.000317
-0.000286
-0.000279
-0.000312
-0.000325
-0.000374
-0.000337
-0.000151
-0.000219
-0.000100
-0.000235
-0.000156
-0.000136
-0.000121
-0.000133
-0.000166
-0.000179
-0.000222
-0.000253
-0.000261
-0.000395
0.000040
0.001788
0.001553
-0.000296
-0.004250
-0.005707
-0.009242
-0.013389
-0.015140
-0.009087
-0.001836
0.000632
-0.000004
0.000859
0.001323
0.002878
0.003740
0.003267
0.003569
0.003643
0.003531
0.003115
0.002438
0.002639
0.002790
0.000134
0.008208
0.001228
-0.002749
-0.001800
0.003993
0.002639
0.001516
0.000721
-0.000797
-0.001589
0.000093
0.000037
0.000022
-0.000622
-0.000743
-0.000660
-0.000621
-0.000712
-0.000764
-0.000690
-0.000771
-0.000664
-0.000571
-0.000631
-0.000708
-0.000315
-0.000282
-0.000343
-0.000335
-0.000366
-0.000378
-0.000392
-0.000440
-0.000432
-0.000356
-0.000321
-0.000298
-0.000106
-0.000168
-0.000122
-0.000143
-0.000188
-0.000208
-0.000232
-0.000238
-0.000268
-0.000463
-0.000411
-0.000483
-0.000505
-0.000470
-0.000773
-0.001321
-0.000451
-0.009095
-0.008016
-0.005532
-0.002203
-0.000982
0.000442
0.000658
0.002336
0.002300
0.002803
0.003034
0.003031
0.002923
0.002872
0.001238
0.000991
0.002159
0.002720
0.003383
0.002421
-0.002312
-0.002908
0.000976
0.002446
0.002853
0.006509
0.002516
-0.000210
-0.000698
-0.001343
-0.000834
-0.001002
0.000175
-0.000041
-0.000630
-0.000660
-0.000657
-0.000703
-0.000697
-0.000664
-0.000570
-0.000623
-0.000703
-0.000691
-0.000325
-0.000363
-0.000323
-0.000377
-0.000377
-0.000401
-0.000333
-0.000376
-0.000338
-0.000429
-0.000489
-0.000384
-0.000172
-0.000151
-0.000077
0.000000
-0.000193
-0.000171
-0.000309
-0.000355
-0.000382
-0.000713
-0.000755
-0.000727
-0.000681
-0.000650
-0.000703
-0.000672
-0.000648
-0.001371
-0.000250
-0.004354
-0.002119
-0.001199
-0.000483
0.000957
0.001800
0.002452
0.002183
0.002107
0.002297
0.000761
-0.000406
-0.000701
-0.000751
0.000695
0.002197
0.004089
0.005848
-0.000934
-0.000273
0.004139
0.000392
-0.000238
0.001400
0.000013
0.003097
-0.000231
-0.000374
0.000422
0.000513
-0.000012
-0.000649
0.000045
-0.000317
-0.000500
-0.000683
-0.000608
-0.000603
-0.000574
-0.000685
-0.000762
-0.000584
-0.000405
-0.000344
-0.000417
-0.000401
-0.000419
-0.000351
-0.000306
-0.000380
-0.000315
-0.000426
-0.000628
-0.000302
-0.000470
-0.000467
-0.000426
-0.000200
-0.000567
-0.000583
-0.000551
-0.000582
-0.000617
-0.000660
-0.000719
-0.000693
-0.000636
-0.000674
-0.000692
-0.000682
-0.000717
-0.000761
-0.000696
-0.000443
-0.000175
-0.000110
0.000036
0.000021
-0.000067
0.002119
0.001704
0.001749
0.000689
-0.002682
-0.001979
-0.001206
0.000202
0.000093
-0.000487
0.003888
0.000630
-0.003950
-0.002739
0.002770
-0.000995
-0.001143
-0.001716
-0.001448
-0.000583
0.000003
-0.000551
-0.000517
-0.000558
-0.000600
-0.000523
-0.000677
-0.000757
-0.000784
-0.000747
-0.000559
-0.000547
-0.000588
-0.000651
-0.000744
-0.000588
-0.000463
-0.000457
-0.000428
-0.000398
-0.000374
-0.000345
-0.000282
-0.000553
-0.000573
-0.000581
-0.000409
-0.000630
-0.000607
-0.000602
-0.000550
-0.000372
-0.000565
-0.000557
-0.000525
-0.000526
-0.000551
-0.000654
-0.000716
-0.000699
-0.000668
-0.000692
-0.000705
-0.000757
-0.000769
-0.000757
-0.000794
-0.000740
-0.000798
-0.000762
-0.000793
-0.000809
-0.000844
-0.000027
0.000044
0.000057
0.000048
-0.000446
-0.000439
-0.000305
0.004596
-0.000131
-0.002893
-0.002937
-0.007933
-0.011295
-0.011254
-0.004157
-0.002518
-0.001582
-0.001998
-0.001863
-0.000784
-0.000440
-0.000611
-0.000609
-0.000573
-0.000584
-0.000545
-0.000704
-0.000756
-0.000659
-0.000643
-0.000579
-0.000509
-0.000609
-0.000619
-0.000609
-0.000519
-0.000435
-0.000475
-0.000445
-0.000450
-0.000337
-0.000484
-0.000592
-0.000673
-0.000783
-0.000797
-0.000666
-0.000464
-0.000715
-0.000708
-0.000672
-0.000637
-0.000610
-0.000657
-0.000607
-0.000619
-0.000556
-0.000576
-0.000672
-0.000710
-0.000649
-0.000753
-0.000806
-0.000801
-0.000764
-0.000843
-0.000784
-0.000735
-0.000746
-0.000842
-0.000899
-0.000831
-0.000862
-0.000872
-0.000896
-0.000855
-0.000832
-0.000806
-0.000785
-0.000888
0.000150
-0.002179
-0.012658
-0.018053
-0.018168
-0.018074
-0.014581
-0.001608
-0.000342
-0.000262
-0.000697
-0.000674
-0.000602
-0.000600
-0.000641
-0.000649
-0.000561
-0.000558
-0.000597
-0.000652
-0.000741
-0.000595
-0.000545
-0.000556
-0.000558
-0.000571
-0.000601
-0.000529
-0.000500
-0.000484
-0.000504
-0.000468
-0.000397
-0.000550
-0.000627
-0.000668
-0.000776
-0.000750
-0.000679
-0.000716
-0.000636
-0.000618
-0.000658
-0.000640
-0.000747
-0.000706
-0.000683
-0.000629
-0.000674
-0.000537
-0.000587
-0.000663
-0.000748
-0.000752
-0.000786
-0.000814
-0.000729
-0.000845
-0.000907
-0.000822
-0.000845
-0.000790
-0.000908
-0.001006
-0.001108
-0.000906
-0.000867
-0.000796
-0.000864
-0.000854
-0.000829
-0.000909
-0.000989
-0.000921
0.000428
-0.015470
-0.017316
-0.015938
-0.011167
-0.006253
-0.004302
-0.001213
-0.001295
-0.000847
-0.000597
-0.000708
-0.000822
-0.000646
-0.000601
-0.000629
-0.000645
-0.000684
-0.000602
-0.000695
-0.000555
-0.000565
-0.000543
-0.000531
-0.000540
-0.000528
-0.000528
-0.000582
-0.000565
-0.000580
-0.000594
-0.000612
-0.000662
-0.000798
-0.000862
-0.000749
-0.000666
-0.000772
-0.000792
-0.000745
-0.000562
-0.000642
-0.000415
-0.000713
-0.000789
-0.000740
-0.000680
-0.000681
-0.000696
-0.000652
-0.000708
-0.000802
-0.000841
-0.000905
-0.000854
-0.000802
-0.000880
-0.000897
-0.000922
-0.000842
-0.000870
-0.000977
-0.001168
-0.000915
-0.000882
-0.000821
-0.000814
-0.000936
-0.001030
-0.001020
-0.001006
-0.001033
-0.000948
-0.000818
-0.002284
-0.012664
-0.011415
-0.009872
-0.005160
-0.002386
-0.002706
-0.002966
-0.000675
-0.000749
-0.000939
-0.000821
-0.000682
-0.000733
-0.000770
-0.000770
-0.000696
-0.000713
-0.000600
-0.000604
-0.000625
-0.000628
-0.000553
-0.000507
-0.000564
-0.000587
-0.000600
-0.000636
-0.000567
-0.000540
-0.000610
-0.000735
-0.000827
-0.000790
-0.000692
-0.000795
-0.000808
-0.000808
-0.000778
-0.000817
-0.000521
-0.000674
-0.000650
-0.000703
-0.000667
-0.000642
-0.000682
-0.000741
-0.000706
-0.000699
-0.000876
-0.000940
-0.000923
-0.000962
-0.000966
-0.000992
-0.000973
-0.001026
-0.000949
-0.000944
-0.001057
-0.000950
-0.000925
-0.000906
-0.000734
-0.000795
-0.001295
-0.001292
-0.001204
-0.001247
-0.001196
-0.000958
-0.000968
-0.001012
-0.002899
-0.008464
-0.005309
-0.002454
-0.002129
-0.002381
-0.001272
-0.001060
-0.000917
-0.000890
-0.000776
-0.000691
-0.000774
-0.000657
-0.000645
-0.000661
-0.000729
-0.000783
-0.000710
-0.000714
-0.000544
-0.000561
-0.000643
-0.000620
-0.000567
-0.000626
-0.000680
-0.000602
-0.000652
-0.000702
-0.000689
-0.000702
-0.000749
-0.000752
-0.000770
-0.000826
-0.000810
-0.000766
-0.000791
-0.000626
-0.000656
-0.000677
-0.000695
-0.000743
-0.000749
-0.000696
-0.000766
-0.000740
-0.000708
-0.000907
-0.000977
-0.000993
-0.001020
-0.001050
-0.001063
-0.001029
-0.001028
-0.001038
-0.001023
-0.000998
-0.000977
-0.000858
-0.000795
-0.000874
-0.000964
-0.000985
-0.001039
-0.000993
-0.001124
-0.001203
-0.001052
-0.001032
-0.001175
-0.001282
-0.001797
-0.001464
-0.001570
-0.001881
-0.001305
-0.000911
-0.000967
-0.000882
-0.000854
-0.000803
-0.000851
-0.000758
-0.000683
-0.000675
-0.000774
-0.000550
-0.000669
-0.000659
-0.000627
-0.000500
-0.000609
-0.000691
-0.000673
-0.000655
-0.000717
-0.000663
-0.000587
-0.000589
-0.000742
-0.000755
-0.000674
-0.000783
-0.000807
-0.000761
-0.000788
-0.000777
-0.000806
-0.000838
-0.000746
-0.000649
-0.000672
-0.000698
-0.000727
-0.000758
-0.000717
-0.000756
-0.000788
-0.000824
-0.000872
-0.001020
-0.001040
-0.001026
-0.001084
-0.001066
-0.001047
-0.001056
-0.001125
-0.001129
-0.001210
-0.001184
-0.001107
-0.001265
-0.001194
-0.001307
-0.001147
-0.001041
-0.001082
-0.001111
-0.000973
-0.000940
-0.001006
-0.001190
-0.001178
-0.001150
-0.000960
-0.001095
-0.001132
-0.001016
-0.000975
-0.001004
-0.000921
-0.000861
-0.000836
-0.000800
-0.000798
-0.000712
-0.000742
-0.000572
-0.000540
-0.000688
-0.000696
-0.000600
-0.000524
-0.000629
-0.000674
-0.000717
-0.000749
-0.000782
-0.000693
-0.000669
-0.000662
-0.000697
-0.000758
-0.000675
-0.000741
-0.000743
-0.000807
-0.000797
-0.000812
-0.000827
-0.000686
-0.000680
-0.000642
-0.000641
-0.000690
-0.000710
-0.000683
-0.000706
-0.000729
-0.000823
-0.000933
-0.000986
-0.001059
-0.001079
-0.001102
-0.001050
-0.001041
-0.001026
-0.001104
-0.001205
-0.001260
-0.001290
-0.001206
-0.001164
-0.001147
-0.001238
-0.001313
-0.001085
-0.001117
-0.001259
-0.001140
-0.000967
-0.001004
-0.001031
-0.001131
-0.001258
-0.001095
-0.000959
-0.000946
-0.001075
-0.001009
-0.000901
-0.000954
-0.000846
-0.000793
-0.000829
-0.000821
-0.000847
-0.000669
-0.000672
-0.000657
-0.000625
-0.000678
-0.000674
-0.000597
-0.000590
-0.000686
-0.000716
-0.000705
-0.000718
-0.000671
-0.000602
-0.000629
-0.000657
-0.000709
-0.000677
-0.000669
-0.000687
-0.000724
-0.000728
-0.000730
-0.000742
-0.000677
-0.000586
-0.000591
-0.000574
-0.000641
-0.000664
-0.000619
-0.000631
-0.000589
-0.000605
-0.000730
-0.000881
-0.000948
-0.000970
-0.001032
-0.001036
-0.001036
-0.000996
-0.001089
-0.001098
-0.001150
-0.001167
-0.001185
-0.001214
-0.001270
-0.001264
-0.001239
-0.001096
-0.001067
-0.001138
-0.001020
-0.000897
-0.000979
-0.000934
-0.001120
-0.001121
-0.001158
-0.001106
-0.000884
-0.000934
-0.001173
-0.001047
-0.000971
-0.000929
-0.000798
-0.000668
-0.000659
-0.000729
-0.000804
-0.000631
-0.000671
-0.000619
-0.000605
-0.000680
-0.000705
-0.000605
-0.000664
-0.000718
-0.000640
-0.000606
-0.000660
-0.000526
