-0.000190
-0.000981
-0.001324
0.000632
-0.001332
-0.001245
-0.001288
0.000438
-0.001187
-0.001463
-0.001413
-0.000603
-0.001368
-0.001350
-0.001357
-0.001412
-0.001387
-0.001221
-0.001287
-0.001149
-0.001075
-0.001082
-0.001144
-0.000942
-0.001237
-0.001008
-0.001076
-0.001222
-0.001102
-0.000937
-0.000775
-0.000786
-0.000861
-0.001069
-0.001122
-0.001155
-0.001059
-0.000993
-0.000921
-0.000895
-0.000913
-0.000928
-0.001016
-0.001165
-0.001169
-0.000962
-0.000848
-0.000870
-0.000985
-0.000884
-0.000962
-0.001070
-0.001040
-0.000965
-0.000972
-0.001043
-0.001002
-0.000896
-0.000892
-0.000436
-0.000957
-0.000737
-0.002087
-0.000847
-0.000732
-0.000726
-0.001158
-0.000429
-0.000003
0.000121
0.000061
0.000179
0.000195
-0.001378
-0.001353
-0.001322
-0.001230
-0.001305
-0.001405
-0.001355
-0.001236
-0.001395
-0.001421
-0.001399
-0.001445
-0.001431
-0.001339
-0.001282
-0.001316
-0.001372
-0.001245
-0.001359
-0.001344
-0.001181
-0.001340
-0.001367
-0.000835
-0.000870
-0.000611
-0.001565
-0.001036
-0.001213
-0.001119
-0.000917
-0.000883
-0.001024
-0.001167
-0.001219
-0.001181
-0.001060
-0.000893
-0.000804
-0.000869
-0.000905
-0.000836
-0.000867
-0.001037
-0.001069
-0.000957
-0.000999
-0.000916
-0.001011
-0.001047
-0.001000
-0.000794
-0.000938
-0.000897
-0.000987
-0.000967
-0.000890
-0.000843
-0.000787
-0.000856
-0.000800
-0.000803
-0.000777
-0.000967
-0.000787
-0.000845
-0.000853
-0.000808
-0.000600
-0.000686
-0.000735
-0.000845
-0.000714
-0.001308
-0.001330
-0.001218
-0.001124
-0.001291
-0.001297
-0.001301
-0.001451
-0.001243
-0.001509
-0.001597
-0.001427
-0.001479
-0.001378
-0.001336
-0.001240
-0.001264
-0.001164
-0.001237
-0.001330
-0.001042
-0.001046
-0.000791
-0.000528
-0.000620
-0.001340
-0.003541
-0.001309
-0.001102
-0.001059
-0.001002
-0.000940
-0.001069
-0.001087
-0.001026
-0.000986
-0.001111
-0.000959
-0.000886
-0.000884
-0.000791
-0.000822
-0.000905
-0.001069
-0.001043
-0.000974
-0.000992
-0.000905
-0.000929
-0.000926
-0.000877
-0.000830
-0.001003
-0.001042
-0.001022
-0.000939
-0.000839
-0.000830
-0.000754
-0.000868
-0.000856
-0.000827
-0.000895
-0.000778
-0.000776
-0.000832
-0.000810
-0.000686
-0.000680
-0.000824
-0.000854
-0.000867
-0.000849
-0.001179
-0.001229
-0.001211
-0.001229
-0.001159
-0.001244
-0.001280
-0.001137
-0.001247
-0.001564
-0.001334
-0.001427
-0.001340
-0.001258
-0.001194
-0.001208
-0.001181
-0.001215
-0.001140
-0.001149
-0.001248
-0.000915
0.000132
-0.000725
-0.000975
-0.001431
-0.004081
-0.001472
-0.000768
-0.001081
-0.000987
-0.001055
-0.001097
-0.001133
-0.001097
-0.001087
-0.001119
-0.001083
-0.001089
-0.000907
-0.000852
-0.000850
-0.000939
-0.000981
-0.000998
-0.000872
-0.000853
-0.000950
-0.000829
-0.000871
-0.000930
-0.000973
-0.001045
-0.001117
-0.001057
-0.000950
-0.000831
-0.000907
-0.000841
-0.000667
-0.000791
-0.000920
-0.000905
-0.000770
-0.000811
-0.000762
-0.000836
-0.000821
-0.000696
-0.000756
-0.000788
-0.000900
-0.000855
-0.001283
-0.001181
-0.001252
-0.001189
-0.001108
-0.001240
-0.001260
-0.001045
-0.001264
-0.001253
-0.001405
-0.001422
-0.001199
-0.001098
-0.001264
-0.001182
-0.001282
-0.001252
-0.000940
-0.001103
-0.001165
-0.000983
0.001118
0.000123
-0.000514
-0.000831
-0.002926
-0.002619
-0.001129
-0.000915
-0.000906
-0.000977
-0.001217
-0.001142
-0.001099
-0.001067
-0.001158
-0.001146
-0.001087
-0.000951
-0.000940
-0.000937
-0.000907
-0.000935
-0.000932
-0.000861
-0.000788
-0.000752
-0.000826
-0.000955
-0.000845
-0.001266
-0.001078
-0.000978
-0.000768
-0.000911
-0.000808
-0.000728
-0.000830
-0.000786
-0.000707
-0.000800
-0.000821
-0.000757
-0.000722
-0.000805
-0.000804
-0.000702
-0.000792
-0.000774
-0.000820
-0.000858
-0.002169
-0.001220
-0.001316
-0.001214
-0.001206
-0.001085
-0.001229
-0.001228
-0.001020
-0.001099
-0.001226
-0.001358
-0.001356
-0.001258
-0.001261
-0.001157
-0.001170
-0.000837
-0.001065
-0.001137
-0.001148
-0.001218
-0.001152
-0.000611
0.000470
-0.000245
-0.000590
-0.001130
-0.003860
-0.001496
-0.001033
-0.000774
-0.000918
-0.001012
-0.001158
-0.001131
-0.001093
-0.001085
-0.001075
-0.000884
-0.000949
-0.001005
-0.000918
-0.001039
-0.001058
-0.000894
-0.000850
-0.000803
-0.000869
-0.000972
-0.000978
-0.001111
-0.000912
-0.000825
-0.000735
-0.000873
-0.000721
-0.000798
-0.000666
-0.000735
-0.000718
-0.000761
-0.000755
-0.000711
-0.000693
-0.000759
-0.000714
-0.000751
-0.000865
-0.000879
-0.000848
-0.000793
-0.000803
-0.000847
-0.001224
-0.001215
-0.001173
-0.001059
-0.001064
-0.001071
-0.001111
-0.001025
-0.001089
-0.001140
-0.001457
-0.001291
-0.001301
-0.001222
-0.001128
-0.000927
-0.000932
-0.000953
-0.001185
-0.001242
-0.001235
-0.001206
-0.001207
-0.001364
-0.000126
-0.000395
-0.000859
-0.002264
-0.002060
-0.001338
-0.001046
-0.001165
-0.001001
-0.001157
-0.001115
-0.001014
-0.001098
-0.000996
-0.000990
-0.000954
-0.001026
-0.001036
-0.000970
-0.000929
-0.000867
-0.000872
-0.000823
-0.000855
-0.000901
-0.000844
-0.000927
-0.000883
-0.001132
-0.000936
-0.000736
-0.000740
-0.000674
-0.000725
-0.000730
-0.000800
-0.000718
-0.000789
-0.000860
-0.000718
-0.000772
-0.000847
-0.000862
-0.000851
-0.000841
-0.000840
-0.000742
-0.000902
-0.000898
-0.001012
-0.001116
-0.001063
-0.001114
-0.001023
-0.000989
-0.001115
-0.001036
-0.001298
-0.001284
-0.001287
-0.001245
-0.001188
-0.001105
-0.001057
-0.000985
-0.001076
-0.000915
-0.001163
-0.001231
-0.001165
-0.001144
-0.001133
-0.000991
-0.002023
-0.002382
-0.002233
-0.002553
-0.001160
-0.000977
-0.000999
-0.001048
-0.001112
-0.001139
-0.001061
-0.000977
-0.000988
-0.001012
-0.000851
-0.000833
-0.000999
-0.000889
-0.000867
-0.000980
-0.000864
-0.000848
-0.000874
-0.000896
-0.000932
-0.000799
-0.000817
-0.000773
-0.000711
-0.000712
-0.000687
-0.000715
-0.000777
-0.000789
-0.000825
-0.000761
-0.000768
-0.000772
-0.000850
-0.000918
-0.001011
-0.000961
-0.000879
-0.000838
-0.000854
-0.000744
-0.000873
-0.000978
-0.001075
-0.001031
-0.001122
-0.001240
-0.001130
-0.001154
-0.001141
-0.000997
-0.001153
-0.001224
-0.001146
-0.001242
-0.001144
-0.001001
-0.001059
-0.001141
-0.001101
-0.000966
-0.001109
-0.001181
-0.001250
-0.001159
-0.001112
-0.001215
-0.000995
-0.000904
-0.001533
-0.001329
-0.001209
-0.000993
-0.000933
-0.001129
-0.001015
-0.001025
-0.001026
-0.001086
-0.001013
-0.000973
-0.000973
-0.000829
-0.000677
-0.000771
-0.000874
-0.000866
-0.000970
-0.000955
-0.000921
-0.000975
-0.000915
-0.000833
-0.000857
-0.000895
-0.000794
-0.000711
-0.000598
-0.000668
-0.000693
-0.000737
-0.000770
-0.000832
-0.000850
-0.000763
-0.000710
-0.000952
-0.000837
-0.000830
-0.001055
-0.000879
-0.000902
-0.000864
-0.000871
-0.000996
-0.001093
0.001326
-0.001125
-0.001002
-0.001104
-0.001298
-0.001327
-0.001048
-0.001033
-0.001269
-0.001249
-0.001064
-0.001005
-0.001090
-0.001128
-0.001037
-0.001058
-0.001277
-0.001248
-0.001045
-0.000976
-0.000976
-0.001088
-0.001096
-0.001135
-0.001173
-0.001113
-0.001121
-0.001107
-0.001069
-0.000892
-0.000995
-0.000980
-0.000989
-0.000700
-0.000305
-0.000710
-0.001015
-0.000978
-0.001056
-0.000897
-0.000772
-0.000838
-0.000773
-0.000868
-0.000926
-0.001030
-0.001037
-0.000960
-0.000901
-0.000893
-0.000840
-0.000762
-0.000660
-0.000726
-0.000633
-0.000712
-0.000730
-0.000811
-0.000915
-0.000867
-0.000806
-0.000773
-0.000831
-0.000905
-0.000746
-0.000786
-0.001035
-0.000946
-0.000864
-0.000954
-0.000878
-0.000934
-0.000934
-0.000955
-0.001206
-0.001123
-0.001241
-0.001351
-0.001421
-0.001319
-0.001105
-0.001189
-0.001183
-0.001071
-0.000980
-0.001040
-0.001219
-0.001034
-0.000976
-0.000936
-0.001156
-0.001005
-0.001078
-0.000930
-0.001028
-0.001107
-0.001119
-0.001020
-0.001046
-0.001032
-0.000965
-0.000997
-0.000923
-0.000973
-0.001003
-0.000997
-0.001714
-0.001970
-0.000754
-0.000390
-0.001016
-0.000948
-0.000906
-0.000798
-0.000738
-0.000791
-0.000795
-0.000873
-0.000907
-0.000890
-0.000841
-0.000921
-0.000903
-0.000704
-0.000629
-0.000586
-0.000706
-0.000792
-0.000755
-0.000755
-0.000856
-0.000964
-0.000886
-0.000832
-0.000856
-0.000809
-0.000787
-0.000923
-0.000940
-0.000940
-0.000826
-0.000874
-0.001029
-0.000996
-0.000929
-0.000967
-0.000950
-0.001402
-0.001271
-0.001310
-0.001356
-0.001393
-0.001287
-0.001237
-0.001163
-0.001174
-0.001065
-0.001041
-0.001160
-0.001117
-0.001085
-0.001007
-0.000936
-0.001009
-0.001104
-0.001087
-0.001006
-0.001037
-0.001135
-0.001059
-0.000956
-0.001038
-0.001030
-0.000952
-0.000927
-0.000923
-0.001065
-0.001057
-0.001024
-0.001036
-0.002244
-0.001272
-0.000528
-0.000922
-0.000925
-0.000859
-0.000835
-0.000859
-0.000766
-0.000793
-0.000839
-0.000935
-0.000896
-0.000898
-0.000899
-0.000959
-0.000958
-0.000849
-0.000734
-0.000811
-0.000783
-0.000911
-0.000901
-0.000979
-0.000842
-0.000915
-0.000825
-0.000843
-0.000760
-0.000841
-0.000727
-0.000912
-0.000880
-0.000872
-0.000952
-0.000967
-0.001011
-0.000919
-0.000980
-0.000997
-0.001360
-0.001310
-0.001292
-0.001391
-0.001415
-0.001351
-0.001309
-0.001232
-0.001244
-0.001086
-0.001171
-0.001150
-0.001022
-0.001229
-0.001240
-0.001067
-0.001139
-0.001158
-0.001160
-0.001209
-0.001064
-0.001112
-0.000849
-0.000803
-0.001279
-0.001222
-0.001163
-0.001101
-0.000975
-0.001052
-0.000556
-0.001026
-0.001098
-0.001111
-0.002626
-0.002142
-0.001032
-0.000952
-0.000905
-0.000865
-0.000820
-0.000806
-0.000794
-0.000780
-0.000876
-0.001078
-0.001027
-0.001000
-0.000956
-0.000937
-0.000675
-0.000797
-0.000905
-0.000774
-0.000765
-0.000861
-0.000774
-0.000787
-0.000851
-0.000891
-0.000758
-0.000713
-0.000704
-0.000704
-0.000895
-0.001007
-0.000920
-0.000998
-0.001074
-0.001060
-0.000972
-0.001039
0.000725
-0.001264
-0.001392
-0.001328
-0.001277
-0.001238
-0.001174
-0.001096
-0.001074
-0.001115
-0.001191
-0.001326
-0.001315
-0.001045
-0.001191
-0.001184
-0.001276
-0.000984
-0.001059
-0.000969
-0.000965
-0.001121
-0.000310
0.001896
0.003705
0.002031
0.000102
-0.003115
-0.003003
-0.001453
-0.001006
-0.000795
-0.001046
-0.000996
-0.000824
-0.001021
-0.001059
-0.000887
-0.000939
-0.000875
-0.000827
-0.000736
-0.000709
-0.000682
-0.000726
-0.000827
-0.000949
-0.001072
-0.001105
-0.001110
-0.000749
-0.000603
-0.000790
-0.000900
-0.000799
-0.000975
-0.000815
-0.000968
-0.001041
-0.000844
-0.000761
-0.000820
-0.000904
-0.000848
-0.000930
-0.000999
-0.000998
-0.000938
-0.000974
-0.001100
-0.000990
-0.001060
-0.001094
-0.001116
-0.001324
-0.001245
-0.001379
-0.001306
-0.001076
-0.000816
-0.000840
-0.001030
-0.001146
-0.001065
-0.001366
-0.001304
-0.001161
-0.001228
-0.001025
-0.001133
-0.001202
-0.001255
-0.001183
-0.001062
-0.000963
0.002765
-0.000844
0.001165
0.005351
0.012327
0.011468
0.004258
-0.003852
-0.004062
-0.001758
-0.000859
-0.001048
-0.000854
-0.000939
-0.001009
-0.000887
-0.000782
-0.000744
-0.000683
-0.000600
-0.000568
-0.000669
-0.000672
-0.000753
-0.000908
-0.000944
-0.000927
-0.000946
-0.000777
-0.000828
-0.000826
-0.000741
-0.000660
-0.000887
-0.000886
-0.000876
-0.000909
-0.000736
-0.000859
-0.000691
-0.001033
-0.000929
-0.000941
-0.001002
-0.001021
-0.001007
-0.001089
-0.001114
-0.001010
-0.001190
-0.001212
-0.001137
-0.001291
-0.000944
-0.001363
-0.001367
-0.001064
-0.000678
-0.000720
-0.000890
-0.001138
-0.001408
-0.001429
-0.001062
-0.001078
-0.001099
-0.000910
-0.000977
-0.001022
-0.000954
-0.000933
-0.000879
0.000182
0.000976
-0.000224
0.002603
0.002392
0.002303
0.002319
0.007459
0.009458
-0.006405
-0.011340
-0.004137
-0.001002
-0.001104
-0.001189
-0.000995
-0.000969
-0.000817
-0.000638
-0.000497
-0.000411
-0.000374
-0.000450
-0.000615
-0.000747
-0.000814
-0.000829
-0.000963
-0.001008
-0.000950
-0.000790
-0.000722
-0.000882
-0.000765
-0.000906
-0.000900
-0.000916
-0.000935
-0.000863
-0.000891
-0.000870
-0.000992
-0.000983
-0.001000
-0.001050
-0.001052
-0.001074
-0.001075
-0.001012
-0.001050
-0.001137
-0.001204
-0.001160
-0.001097
-0.001087
-0.001126
-0.001332
-0.001195
-0.000941
-0.000554
-0.000920
-0.001164
-0.001260
-0.001113
-0.001066
-0.000872
-0.000892
-0.000998
-0.000921
-0.000407
-0.000215
0.000118
-0.000330
-0.000673
-0.002151
-0.001572
0.006418
0.007546
0.006489
0.002491
0.004096
0.013310
0.007283
0.001218
-0.000790
-0.001027
-0.000991
-0.000959
-0.000852
-0.000921
-0.000833
-0.000702
-0.000526
-0.000282
-0.000013
-0.000273
-0.000512
-0.000651
-0.000754
-0.000900
-0.000893
-0.000916
-0.000907
-0.000722
-0.000751
-0.000868
-0.000905
-0.000907
-0.000937
-0.000928
-0.000935
-0.000922
-0.000991
-0.000956
-0.001060
-0.001134
-0.001090
-0.001060
-0.000999
-0.001024
-0.000984
-0.001109
-0.001165
-0.001251
-0.001046
-0.001100
-0.001037
-0.001105
-0.001156
-0.001118
-0.001111
-0.001090
-0.000731
-0.001007
-0.001247
-0.001158
-0.001177
-0.000966
-0.001055
-0.000922
-0.000276
-0.000061
-0.000717
0.000730
0.001335
-0.001743
-0.001191
-0.000948
-0.000972
-0.000965
-0.000795
0.000117
-0.000458
0.010088
0.004081
0.004156
-0.000231
-0.000490
-0.000378
0.000212
0.000851
0.000379
-0.000561
-0.000730
-0.000705
-0.000567
-0.000456
-0.000388
-0.000368
-0.000453
-0.000531
-0.000738
-0.000882
-0.000875
-0.000862
-0.000828
-0.000906
-0.001008
-0.000910
-0.000879
-0.000888
-0.000955
-0.000916
-0.000971
-0.001024
-0.000973
-0.001022
-0.001053
-0.001162
-0.001041
-0.000980
-0.000990
-0.000972
-0.001107
-0.001199
-0.001101
-0.001053
-0.001072
-0.001299
-0.001084
-0.000924
-0.001245
-0.001243
-0.001064
-0.001210
-0.001194
-0.001264
-0.001077
-0.001224
-0.001246
-0.001168
-0.000927
-0.000010
-0.000883
-0.002384
0.000015
0.002405
-0.001014
-0.004853
-0.001251
-0.000839
-0.000774
-0.000780
-0.000757
0.000450
-0.000324
0.007247
0.003685
0.005726
0.002907
0.002007
0.005224
0.006599
0.004604
0.002975
0.000284
-0.000810
-0.000742
-0.000731
-0.000643
-0.000541
-0.000478
-0.000507
-0.000586
-0.000678
-0.000788
-0.000980
-0.000915
-0.000870
-0.000845
-0.000969
-0.000908
-0.000882
-0.000923
-0.000934
-0.000990
-0.001013
-0.001020
-0.000952
-0.000995
-0.001090
-0.001098
-0.000917
-0.000937
-0.000934
-0.001102
-0.001082
-0.001035
-0.001036
-0.001040
-0.001094
-0.001103
-0.001244
-0.001179
-0.001097
-0.001150
-0.001216
-0.001147
-0.001148
-0.001125
-0.001224
-0.001117
-0.001011
-0.001125
-0.000131
-0.001065
-0.001286
-0.000990
0.001651
0.000214
-0.001819
-0.002917
-0.001233
-0.000751
-0.000838
-0.000663
-0.000906
-0.003964
-0.003930
0.005139
0.006567
0.005681
0.005047
0.001497
0.003054
0.003962
0.005566
0.003592
0.001815
-0.000245
-0.000819
-0.000862
-0.000706
-0.000621
-0.000644
-0.000625
-0.000697
-0.000836
-0.000926
-0.001010
-0.000984
-0.000895
-0.000815
-0.000982
-0.001005
-0.000901
-0.000896
-0.000946
-0.001076
-0.001053
-0.001019
-0.000978
-0.000974
-0.001007
-0.001027
-0.001061
-0.001135
-0.000975
-0.001004
-0.001051
-0.000981
-0.001184
-0.001020
-0.001032
-0.001014
-0.001065
-0.001192
-0.001150
-0.001167
-0.001293
-0.001310
-0.000971
-0.001144
-0.001160
-0.000979
-0.001028
-0.000275
-0.000878
-0.001321
0.002417
0.002859
-0.000691
-0.001725
-0.000901
-0.001339
-0.000647
-0.000469
-0.000618
-0.000850
-0.003986
-0.003209
-0.003627
0.000252
0.003570
0.003567
0.002861
0.001143
0.004864
-0.000185
0.001491
0.002136
-0.000207
0.000284
-0.000661
-0.000859
-0.000747
-0.000600
-0.000756
-0.000859
-0.000895
-0.000943
-0.001014
-0.001097
-0.000977
-0.000931
-0.000896
-0.000916
-0.000984
-0.000950
-0.000906
-0.000988
-0.001053
-0.001090
-0.001039
-0.001040
-0.001143
-0.001126
-0.001150
-0.001131
-0.000979
-0.001022
-0.001134
-0.001069
-0.000997
-0.000973
-0.001066
-0.000993
-0.000596
-0.001037
-0.001239
-0.001130
-0.001094
-0.001221
-0.001182
-0.001185
-0.000994
-0.000963
-0.000971
-0.000788
-0.000755
-0.000776
-0.000519
0.000416
0.001189
-0.003347
0.000472
-0.000181
-0.002913
-0.001787
-0.000364
-0.001340
-0.001733
0.000207
0.002538
-0.000691
-0.002175
-0.000749
-0.001403
-0.000874
0.001937
0.002553
0.001619
0.004995
0.002716
0.000197
0.000465
0.000372
-0.000674
-0.000777
-0.000847
-0.000942
-0.000862
-0.000964
-0.001017
-0.001009
-0.000985
-0.000970
-0.000914
-0.000992
-0.001002
-0.001008
-0.001000
-0.001024
-0.001069
-0.001044
-0.001042
-0.000931
-0.001033
-0.001261
-0.001311
-0.001040
-0.001064
-0.001069
-0.001112
-0.001127
-0.001078
-0.001162
-0.001030
-0.000941
-0.001098
-0.000872
-0.001002
-0.001053
-0.000960
-0.001073
-0.001179
-0.001172
-0.001068
-0.001078
-0.001042
-0.001047
-0.000855
-0.000851
-0.000819
-0.000705
0.000480
-0.000245
-0.004007
-0.003087
-0.000963
0.000333
-0.001101
0.000016
-0.003072
-0.002156
-0.000555
0.000015
0.000597
0.000351
0.000916
-0.002468
-0.009994
-0.003828
-0.000282
-0.000361
0.001250
-0.000708
-0.001807
0.000771
-0.000302
-0.000781
-0.000938
-0.001145
-0.000361
0.000395
-0.000056
-0.000804
-0.000615
-0.000752
-0.000959
-0.000894
-0.000889
-0.001131
-0.001108
-0.001095
-0.001062
-0.000945
-0.001088
-0.001211
-0.001183
-0.001229
-0.001145
-0.001295
-0.001244
-0.001274
-0.001125
-0.001174
-0.001217
-0.001154
-0.001027
-0.001020
-0.001086
-0.001153
-0.001006
-0.000939
-0.001103
-0.001013
-0.000950
-0.001030
-0.001069
-0.001070
-0.000949
-0.000929
-0.000876
-0.000827
-0.000818
-0.000786
-0.000799
-0.000371
0.001414
-0.000368
0.006760
0.006021
0.002996
0.000659
0.000179
-0.005422
-0.005267
-0.002040
-0.001632
-0.002292
-0.000813
0.002018
-0.000130
-0.001912
0.000908
-0.000885
-0.000942
-0.000940
-0.000070
0.001589
-0.002315
-0.003004
-0.001061
-0.000975
-0.000874
-0.000574
0.000046
-0.000844
-0.000917
-0.000880
-0.000876
-0.000923
-0.000935
-0.000951
-0.001078
-0.001132
-0.001059
-0.001052
-0.001191
-0.001271
-0.001289
-0.001285
-0.001259
-0.001273
-0.001392
-0.001338
-0.001176
-0.001296
-0.001223
-0.001204
-0.001107
-0.001047
-0.001157
-0.001190
-0.001260
-0.001208
-0.000956
-0.001089
-0.001036
-0.000926
-0.000927
-0.000957
-0.000967
-0.000841
-0.000843
-0.000838
-0.000825
-0.000810
-0.000743
-0.000712
-0.000705
-0.001030
-0.001431
0.001217
0.000327
0.000746
0.000328
-0.000648
0.002250
0.001284
-0.000098
-0.002909
-0.002990
-0.002708
-0.001054
-0.000652
-0.000575
-0.000070
-0.000143
-0.001002
-0.000444
0.001384
0.004553
-0.003323
-0.002014
-0.001000
-0.000906
-0.001227
-0.001093
-0.000780
-0.001288
-0.001362
-0.000196
-0.000845
-0.000982
-0.000972
-0.001005
-0.001143
-0.001169
-0.001159
-0.001176
-0.001269
-0.001298
-0.001412
-0.001352
-0.001311
-0.001284
-0.001259
-0.001242
-0.001262
-0.001367
-0.001408
-0.001105
-0.000969
-0.001158
-0.001298
-0.001296
-0.001245
-0.001238
-0.001000
-0.001157
-0.000714
-0.000922
-0.001005
-0.000890
-0.000830
-0.000863
-0.000777
-0.000815
-0.000856
-0.000788
-0.000788
-0.000689
-0.000716
-0.000797
-0.000396
-0.000388
-0.000655
-0.000727
-0.000817
0.000264
0.001546
0.001399
0.000588
0.000289
-0.002697
-0.002006
-0.001206
-0.003335
-0.001128
-0.002104
-0.001482
0.000067
-0.000094
0.001027
0.001697
0.001436
0.001715
-0.001200
-0.002076
-0.000851
-0.001301
-0.000915
-0.001376
-0.002676
-0.002591
0.000374
-0.000706
-0.001042
-0.001163
-0.001216
-0.001300
-0.001295
-0.001246
-0.001352
-0.001339
-0.001374
-0.001267
-0.001206
-0.001082
-0.001327
-0.001486
-0.001434
-0.001172
-0.001270
-0.001163
-0.001073
-0.001225
-0.001306
-0.001167
-0.001081
-0.001213
-0.001060
-0.001159
-0.001007
-0.001040
-0.000967
-0.000855
-0.000735
-0.000792
-0.000759
-0.000829
-0.000826
-0.000839
-0.000765
-0.000721
-0.000635
-0.000541
-0.000643
-0.000689
-0.000794
-0.000902
-0.000868
-0.000864
-0.000305
-0.000029
-0.000101
-0.001455
-0.001696
-0.001796
-0.003705
-0.005028
-0.005054
-0.015206
-0.012148
-0.000755
-0.001358
-0.003622
0.001757
0.002752
-0.005382
-0.011557
-0.016448
-0.019039
-0.001072
-0.000688
-0.000491
-0.002328
-0.004083
-0.003704
0.002742
-0.000785
-0.001223
-0.001229
-0.001377
-0.001326
-0.001298
-0.001257
-0.001269
-0.001372
-0.001251
-0.001087
-0.001235
-0.001375
-0.001349
-0.001210
-0.001127
-0.001242
-0.001234
-0.001214
-0.001309
-0.001209
-0.001018
-0.000974
-0.001166
-0.001050
-0.001054
-0.000941
-0.000894
-0.000818
-0.000846
-0.000756
-0.000754
-0.000811
-0.000833
-0.000849
-0.000830
-0.000790
-0.000753
-0.000735
-0.000698
-0.000709
-0.000737
-0.000792
-0.000883
-0.000739
-0.000645
-0.000346
0.003412
0.001449
0.001258
-0.004303
-0.006364
-0.010341
-0.017216
-0.017684
-0.020293
-0.016746
-0.011914
-0.008217
-0.005411
0.000603
-0.012772
-0.019103
-0.013656
-0.005271
-0.018828
-0.024879
-0.007420
-0.000344
-0.001678
-0.003389
-0.004518
0.002943
0.002147
-0.000745
-0.001336
-0.001324
-0.001215
-0.001222
-0.001210
-0.001244
-0.001027
-0.001062
-0.001243
-0.001176
-0.001188
-0.001088
-0.001150
-0.001187
-0.001227
-0.001343
-0.001284
-0.001341
-0.001250
-0.001125
-0.000996
-0.001268
-0.000903
-0.000873
-0.000867
-0.000910
-0.000917
-0.000867
-0.000849
-0.000791
-0.000817
-0.000821
-0.000856
-0.000879
-0.000795
-0.000735
-0.000737
-0.000770
-0.000754
-0.000769
-0.000681
-0.000652
-0.000095
0.003560
0.002712
0.000910
0.002841
0.002243
-0.003397
-0.007144
-0.018682
-0.015281
-0.018928
-0.026656
-0.019253
-0.007847
-0.006393
-0.002337
-0.000696
-0.001164
0.000210
-0.007925
0.000528
-0.007830
-0.026930
-0.012839
-0.000723
0.000047
-0.002778
-0.004709
0.000406
0.000869
-0.000883
0.000100
-0.001138
-0.001196
-0.001159
-0.001009
-0.001036
-0.001012
-0.001243
-0.001158
-0.001167
-0.001108
-0.001036
-0.001093
-0.001207
-0.001281
-0.001254
-0.001424
-0.001386
-0.001103
-0.001003
-0.001095
-0.001309
-0.000891
-0.000797
-0.000867
-0.000873
-0.000824
-0.000888
-0.000877
-0.000891
-0.000853
-0.000897
-0.000883
-0.000876
-0.000772
-0.000764
-0.000787
-0.000789
-0.000801
-0.000638
-0.000452
-0.000248
0.000284
0.002827
0.002492
0.001832
-0.001292
0.000773
-0.001229
-0.006684
-0.017197
-0.019180
-0.027989
-0.025190
-0.016736
-0.007150
-0.005589
-0.002641
-0.000319
0.000464
0.000945
0.001402
0.001366
-0.003154
-0.026671
-0.017205
-0.001912
0.002408
-0.000385
-0.002471
0.002532
0.002121
-0.006167
-0.002991
0.000003
-0.001114
-0.001047
-0.001072
-0.001146
-0.001217
-0.001239
-0.001157
-0.001382
-0.001369
-0.001236
-0.001227
-0.001345
-0.001305
-0.001296
-0.001417
-0.001298
-0.001131
-0.001093
-0.001142
-0.001252
-0.000806
-0.000817
-0.000940
-0.000910
-0.000946
-0.000901
-0.000900
-0.000977
-0.000891
-0.000869
-0.000874
-0.000951
-0.000858
-0.000817
-0.000827
-0.000831
-0.000646
-0.000375
-0.000285
-0.000118
0.000267
0.005211
0.003395
0.000034
-0.007102
-0.007902
0.002412
-0.001844
-0.016028
-0.026856
-0.031275
-0.026555
-0.012743
-0.008930
-0.006834
-0.002900
-0.001855
-0.000424
0.000315
-0.000309
-0.000091
-0.000463
-0.005064
-0.007358
-0.003584
-0.005065
-0.000846
0.004223
0.010991
0.003964
-0.025452
-0.023093
-0.011683
0.000367
-0.000002
-0.001154
-0.001168
-0.001173
-0.001272
-0.001247
-0.001233
-0.001288
-0.001244
-0.001292
-0.001181
-0.001259
-0.001334
-0.001364
-0.001196
-0.001176
-0.001262
-0.001182
-0.001312
-0.000968
-0.000891
-0.000986
-0.000984
-0.001057
-0.000950
-0.000926
-0.000929
-0.000954
-0.000830
-0.000898
-0.000916
-0.000825
-0.000811
-0.000908
-0.000530
-0.000423
-0.000409
-0.000332
-0.000309
-0.000059
0.003917
0.003463
-0.000467
-0.011627
-0.012170
0.001862
-0.007386
-0.026087
-0.030344
-0.034685
-0.034774
-0.009360
-0.006731
-0.006933
-0.003360
-0.000705
-0.000464
-0.000071
0.000609
-0.000650
-0.000914
-0.001068
0.000187
0.001920
-0.000047
-0.000025
0.004751
0.012324
-0.006375
-0.013874
-0.011283
-0.006060
0.001023
-0.000485
-0.000122
-0.001102
-0.001242
-0.001217
-0.001136
-0.001004
-0.001005
-0.001278
-0.001239
-0.001266
-0.001299
-0.001304
-0.001281
-0.001226
-0.001284
-0.001284
-0.001410
-0.001605
-0.001016
-0.000956
-0.001005
-0.000858
-0.000897
-0.000932
-0.000992
-0.000884
-0.001043
-0.001012
-0.000956
-0.000836
-0.000732
-0.000723
-0.000580
-0.000425
-0.000574
-0.000533
-0.000406
-0.000404
-0.000401
0.000756
0.003543
-0.001741
-0.011947
-0.004433
-0.004295
-0.021842
-0.022168
-0.022769
-0.028468
-0.034817
-0.022939
-0.015932
-0.011623
-0.004399
-0.000978
-0.001280
-0.000561
-0.000498
-0.001178
-0.001726
-0.001888
-0.000311
0.001888
0.002166
0.000136
0.006993
-0.004926
-0.005784
-0.004812
0.001860
0.009427
0.005023
0.003772
-0.000614
0.000120
-0.001380
-0.001105
-0.001074
-0.001117
-0.001072
-0.001049
-0.001121
-0.001133
-0.001294
-0.001221
-0.001369
-0.001203
-0.001113
-0.001224
-0.001493
-0.001651
-0.000995
-0.000947
-0.000994
-0.000881
-0.000948
-0.001191
-0.000968
-0.000739
-0.000842
-0.001013
-0.000823
-0.000676
-0.000551
-0.000408
-0.000464
-0.000541
-0.000580
-0.000601
-0.000600
-0.000580
-0.000673
-0.000641
0.003097
0.000890
-0.005283
-0.001362
-0.004594
-0.009276
-0.014798
-0.028882
-0.033823
-0.034268
-0.024258
-0.026027
-0.018067
-0.005209
-0.002490
-0.000756
-0.000521
-0.001558
-0.002953
-0.004138
-0.003888
-0.002457
-0.000172
0.002250
0.003368
-0.000787
-0.002176
0.000360
0.003952
0.013539
0.013776
0.009485
0.016164
0.000619
-0.001840
-0.003848
0.000329
0.000168
0.000128
-0.001050
-0.001191
-0.001122
-0.001008
-0.001020
-0.001167
-0.001088
-0.001137
-0.001104
-0.001138
-0.001350
-0.001358
-0.000982
-0.000998
-0.000989
-0.000940
-0.000886
-0.000849
-0.000678
-0.000877
-0.001042
-0.000742
-0.000732
-0.001003
-0.000479
-0.000543
-0.000518
-0.000607
-0.000638
-0.000587
-0.000614
-0.000652
-0.000681
-0.000818
-0.000838
-0.001161
-0.001686
-0.001860
-0.000691
-0.000638
-0.000090
-0.030644
-0.030692
-0.028548
-0.025664
-0.026020
-0.011198
-0.004637
-0.001791
-0.001654
-0.001038
-0.003064
-0.005198
-0.009048
-0.006107
-0.006325
-0.005786
-0.000601
0.001541
0.002530
-0.000768
0.000039
0.001845
0.005031
-0.000498
0.005942
0.004422
0.006816
0.001034
0.006088
0.009799
-0.002410
-0.000197
0.000325
-0.000073
-0.001014
-0.001043
-0.001115
-0.001168
-0.001132
-0.001083
-0.001203
-0.001143
-0.001067
-0.000905
-0.000912
-0.000995
-0.000912
-0.000940
-0.001000
-0.000915
-0.000853
-0.001012
-0.000923
-0.000927
-0.000937
-0.000732
-0.000270
-0.000386
-0.000165
-0.000320
-0.000680
-0.000658
-0.000617
-0.000698
-0.001094
-0.001359
-0.001410
-0.001371
-0.001320
-0.001279
-0.001274
-0.001141
-0.001301
-0.000931
0.000281
-0.030796
-0.030401
-0.014089
-0.006348
-0.002459
-0.001004
-0.001380
-0.002532
-0.002731
-0.002064
-0.007077
-0.005659
0.008504
-0.012344
-0.007805
-0.003505
-0.000080
-0.003858
-0.001937
0.002200
-0.001692
0.000339
-0.000524
-0.002177
-0.002929
0.007822
0.006880
0.001766
0.001387
0.001455
0.000724
-0.000879
0.000107
-0.000441
-0.000751
-0.001228
-0.001236
-0.001192
-0.001123
-0.000950
-0.000857
-0.000955
-0.000882
-0.000975
-0.000878
-0.000899
-0.001031
-0.001044
-0.001018
-0.000896
-0.000886
-0.001153
-0.001051
-0.000742
-0.000890
-0.001026
-0.001136
-0.000876
-0.001274
-0.001355
-0.001434
-0.001498
-0.001430
-0.001326
-0.001305
-0.001482
-0.001352
-0.001316
-0.001366
-0.001358
-0.001261
-0.001285
-0.001429
-0.001983
-0.001701
-0.000953
0.000142
0.000031
0.000102
-0.002836
-0.003417
-0.000057
-0.002672
-0.005017
-0.003133
0.014102
-0.013143
-0.016458
-0.013241
-0.011057
-0.012719
-0.011141
-0.004063
0.001171
0.002758
-0.004560
-0.005477
-0.006663
-0.001712
-0.002464
-0.000977
-0.001087
-0.001112
-0.001097
-0.001173
-0.001196
-0.001266
-0.001155
-0.001267
-0.001242
-0.001145
-0.001168
-0.001175
-0.001269
-0.001114
-0.000935
-0.001033
-0.001122
-0.001049
-0.001185
-0.000907
-0.000811
-0.001020
-0.000669
-0.000875
-0.000512
-0.001149
-0.001247
-0.000997
-0.001067
-0.001226
-0.001256
-0.001329
-0.001319
-0.001371
-0.001397
-0.001294
-0.001302
-0.001435
-0.001378
-0.001388
-0.001442
-0.001451
-0.001356
-0.001327
-0.001226
-0.001134
-0.001203
-0.001108
-0.001276
-0.001238
-0.001259
-0.000196
0.000082
0.000308
-0.000257
-0.000546
-0.000800
-0.000371
0.000733
-0.016666
-0.014885
-0.009334
-0.012899
-0.012068
-0.014503
-0.004586
-0.002533
-0.000930
-0.000722
-0.000751
-0.000552
-0.000908
-0.001066
-0.001393
-0.001406
-0.001281
-0.001212
-0.001316
-0.001119
-0.001155
-0.001333
-0.001242
-0.001248
-0.001397
-0.001427
-0.001199
-0.001133
-0.000609
-0.001127
-0.001018
-0.001254
-0.000962
-0.000784
-0.001042
-0.001247
-0.001189
-0.001154
-0.000839
-0.001017
-0.001050
-0.001073
-0.001190
-0.001291
-0.001165
-0.001214
-0.001267
-0.001347
-0.001446
-0.001294
-0.001281
-0.001334
-0.001307
-0.001465
-0.001459
-0.001203
-0.001295
-0.001318
-0.001222
-0.001213
-0.001299
-0.001299
-0.001361
-0.001201
-0.001310
-0.001468
-0.001533
-0.001699
-0.001953
-0.001998
-0.001895
-0.001730
0.000397
-0.008420
-0.015895
-0.016217
-0.023924
-0.022244
-0.024379
-0.000855
-0.001875
-0.001033
-0.000858
-0.000797
-0.000951
-0.001094
-0.001236
-0.001448
-0.001463
-0.001268
-0.001284
-0.001274
-0.001193
-0.001197
-0.001348
-0.001357
-0.001377
-0.001299
-0.001411
-0.001487
-0.001251
-0.001041
-0.001012
-0.000951
-0.000970
-0.000915
-0.001025
-0.001097
-0.001132
-0.001161
-0.001243
-0.001024
-0.000917
-0.000968
-0.001080
-0.001264
-0.001486
-0.001457
-0.001404
-0.001335
-0.001352
-0.001333
-0.001153
-0.001344
-0.001486
-0.001607
-0.001459
-0.001422
-0.001440
-0.001597
-0.001470
-0.001384
-0.001313
-0.001391
-0.001443
-0.001317
-0.001359
-0.001617
-0.001562
-0.001450
-0.001714
-0.001831
-0.001769
-0.001738
-0.001794
-0.001931
0.000677
-0.019638
-0.026627
-0.028207
-0.036244
-0.034695
-0.022711
-0.003800
-0.001505
-0.001133
-0.000999
-0.001156
-0.001186
-0.001159
-0.001120
-0.001200
-0.001396
-0.001351
-0.001173
-0.001185
-0.001205
-0.001281
-0.001329
-0.001286
-0.001381
-0.001429
-0.001318
-0.001105
-0.001312
-0.001061
-0.001109
-0.001082
-0.001031
-0.000834
-0.000892
-0.001027
-0.001212
-0.001096
-0.001095
-0.001257
-0.000912
-0.001071
-0.001345
-0.001485
-0.001442
-0.001656
-0.001616
-0.001538
-0.001338
-0.001422
-0.001555
-0.001667
-0.001778
-0.001780
-0.001800
-0.001666
-0.001779
-0.001576
-0.001595
-0.001651
-0.001492
-0.001485
-0.001575
-0.001643
-0.001600
-0.001660
-0.001790
-0.001817
-0.001831
-0.001763
-0.001723
-0.001967
-0.001804
-0.001560
-0.001357
-0.012966
-0.035253
-0.037234
-0.026020
-0.009686
-0.002890
-0.003564
-0.001144
-0.001093
-0.001369
-0.001244
-0.001071
-0.001129
-0.001238
-0.001368
-0.001261
-0.001350
-0.001291
-0.001141
-0.001304
-0.001363
-0.001334
-0.001187
-0.001276
-0.001248
-0.001076
-0.001181
-0.001338
-0.001292
-0.001257
-0.001188
-0.001027
-0.000994
-0.000944
-0.001037
-0.000996
-0.001141
-0.001239
-0.001214
-0.000821
-0.001091
-0.001313
-0.001428
-0.001408
-0.001641
-0.001610
-0.001578
-0.001577
-0.001530
-0.001890
-0.001974
-0.001939
-0.001898
-0.001876
-0.001857
-0.001832
-0.001898
-0.001863
-0.001499
-0.001641
-0.001842
-0.001508
-0.001533
-0.001745
-0.001742
-0.001851
-0.001864
-0.002134
-0.002096
-0.002151
-0.002072
-0.001844
-0.001986
-0.004050
-0.008001
-0.017916
-0.014370
-0.011832
-0.003986
-0.004060
-0.001912
-0.001550
-0.001274
-0.001180
-0.001187
-0.001357
-0.001165
-0.001235
-0.001261
-0.001308
-0.001246
-0.001157
-0.001249
-0.001347
-0.001103
-0.001089
-0.001156
-0.001057
-0.001102
-0.001228
-0.001323
-0.001273
-0.001340
-0.001098
-0.001101
-0.000963
-0.001016
-0.001070
-0.001040
-0.001151
-0.001328
-0.001219
-0.000890
-0.001086
-0.001271
-0.001600
-0.001584
-0.001313
-0.001638
-0.001628
-0.001522
-0.001605
-0.001679
-0.001663
-0.001791
-0.001794
-0.001857
-0.002094
-0.002045
-0.002103
-0.002038
-0.001916
-0.001812
-0.001654
-0.001368
-0.001489
-0.001547
-0.001623
-0.001774
-0.001997
-0.001927
-0.001917
-0.002072
-0.002064
-0.002235
-0.002341
-0.002471
-0.001570
-0.000852
-0.020571
-0.017186
-0.002298
-0.002150
-0.002033
-0.001527
-0.001292
-0.001283
-0.001355
-0.001247
-0.001127
-0.001219
-0.001278
-0.001255
-0.001110
-0.001098
-0.001197
-0.001242
-0.001244
-0.001154
-0.001216
-0.001093
-0.001175
-0.001168
-0.001306
-0.001250
-0.001201
-0.001217
-0.001115
-0.000972
-0.001059
-0.001103
-0.001097
-0.000976
-0.001295
-0.001187
-0.000955
-0.001233
-0.001319
-0.001602
-0.001511
-0.001282
-0.001502
-0.001479
-0.001472
-0.001473
-0.001464
-0.001665
-0.001762
-0.001854
-0.002072
-0.002153
-0.002059
-0.002206
-0.002300
-0.001777
-0.001892
-0.001774
-0.001847
-0.001904
-0.001980
-0.001853
-0.001957
-0.001757
-0.001871
-0.001882
-0.001863
-0.001808
-0.001932
-0.001692
-0.002019
-0.002279
-0.002582
-0.000951
-0.004314
-0.002784
-0.002854
-0.001901
-0.001429
-0.001361
-0.001393
-0.001367
-0.001258
-0.001260
-0.001387
-0.001421
-0.001216
-0.001031
-0.001150
-0.001145
-0.001244
-0.001285
-0.001226
-0.001222
-0.001138
-0.001081
-0.000026
-0.001310
-0.001133
-0.001132
-0.001162
-0.001039
-0.001125
-0.001145
-0.001081
-0.001070
-0.000960
-0.000897
-0.000954
-0.001140
-0.001495
-0.001369
-0.001316
-0.001367
-0.001482
-0.001340
-0.001322
-0.001493
-0.001474
-0.001661
-0.001735
-0.001791
-0.002058
-0.002058
-0.002052
-0.002028
-0.001707
-0.001736
-0.002123
-0.002194
-0.002072
-0.001975
-0.001929
-0.001978
-0.001851
-0.001857
-0.001777
-0.001771
-0.001720
-0.001834
-0.001985
-0.002113
-0.002087
-0.002083
-0.001970
-0.001693
-0.002166
-0.002128
-0.002070
-0.002073
-0.001706
-0.001684
-0.001643
-0.001688
-0.001493
-0.001187
-0.001239
-0.001247
-0.001295
-0.001255
-0.001258
-0.001283
-0.001143
-0.001233
-0.001076
-0.001223
-0.001266
-0.001001
-0.000918
-0.000028
-0.000034
-0.000048
-0.000052
-0.001130
-0.001124
-0.001136
-0.001048
-0.001012
-0.001263
-0.000968
-0.000881
-0.000809
-0.001202
-0.001416
-0.001259
-0.001116
-0.001419
-0.001326
-0.001180
-0.001194
-0.001436
-0.001463
-0.001570
-0.001687
-0.001804
-0.001858
-0.001960
-0.001833
-0.001690
-0.001861
-0.002253
-0.002144
-0.002076
-0.002092
-0.002169
-0.002048
-0.001902
-0.001791
-0.001837
-0.001884
-0.001750
-0.001948
-0.001986
-0.002097
-0.001923
-0.001824
-0.001637
-0.001495
-0.001381
-0.001847
-0.001704
-0.001828
-0.001631
-0.001270
-0.001475
-0.001481
-0.001368
-0.001228
-0.001174
-0.001210
-0.001199
-0.001330
-0.001370
-0.001380
-0.001328
-0.001180
-0.001046
-0.001242
-0.001161
-0.001291
-0.000990
-0.000930
