0.000860
0.000751
0.000386
0.000632
0.000090
0.000030
0.000062
0.000438
0.000112
0.000208
0.000391
-0.000603
0.000481
0.000502
0.000496
0.000504
0.000411
0.000373
0.000272
0.000197
0.000257
0.000363
0.000382
0.000266
0.000326
0.000372
0.000339
0.000390
0.000422
0.000327
0.000349
0.000408
0.000418
0.000398
0.000403
0.000393
0.000387
0.000294
0.000254
0.000277
0.000294
0.000262
0.000255
0.000257
0.000272
0.000259
0.000304
0.000292
0.000383
0.000317
0.000301
0.000264
0.000233
0.000224
0.000256
0.000288
0.000206
0.000095
0.000039
0.000270
0.000096
0.000089
-0.000932
0.000074
0.000194
0.000204
-0.001158
0.000354
0.000482
0.000211
0.000061
0.000051
0.000195
0.000502
0.000548
0.000498
0.000483
0.000475
0.000524
0.000459
0.000334
0.000363
0.000429
0.000424
0.000524
0.000498
0.000551
0.000462
0.000455
0.000389
0.000328
0.000307
0.000311
0.000315
0.000380
0.000380
0.000251
0.000334
0.000378
-0.000104
0.000282
0.000352
0.000356
0.000318
0.000352
0.000345
0.000330
0.000325
0.000315
0.000351
0.000285
0.000226
0.000235
0.000250
0.000246
0.000229
0.000256
0.000261
0.000244
0.000238
0.000292
0.000411
0.000354
0.000317
0.000247
0.000258
0.000238
0.000234
0.000286
0.000290
0.000252
0.000182
0.000198
0.000253
0.000292
0.000170
-0.000457
0.000172
0.000244
0.000225
0.000243
0.000156
0.000217
0.000215
0.000221
0.000323
0.000516
0.000473
0.000460
0.000441
0.000441
0.000525
0.000463
0.000425
0.000322
0.000380
0.000393
0.000481
0.000503
0.000517
0.000457
0.000407
0.000379
0.000390
0.000363
0.000323
0.000308
0.000412
0.001537
0.001043
0.000789
-0.000014
-0.002625
0.000051
0.000369
0.000355
0.000331
0.000311
0.000294
0.000301
0.000259
0.000230
0.000229
0.000238
0.000253
0.000238
0.000285
0.000257
0.000237
0.000224
0.000231
0.000230
0.000194
0.000278
0.000332
0.000314
0.000360
0.000278
0.000301
0.000280
0.000219
0.000272
0.000254
0.000276
0.000222
0.000209
0.000146
0.000234
-0.000108
0.000166
0.000246
0.000250
0.000244
0.000195
0.000207
0.000240
0.000221
0.000220
0.000269
0.000365
0.000450
0.000471
0.000482
0.000412
0.000508
0.000521
0.000452
0.000218
0.000336
0.000355
0.000442
0.000456
0.000436
0.000408
0.000390
0.000376
0.000320
0.000315
0.000366
0.000408
0.000528
0.003603
0.000756
0.000259
-0.000343
-0.005168
-0.000224
0.000291
0.000313
0.000318
0.000308
0.000287
0.000310
0.000285
0.000295
0.000237
0.000244
0.000215
0.000234
0.000268
0.000263
0.000262
0.000229
0.000197
0.000211
0.000220
0.000260
0.000273
0.000309
0.000336
0.000334
0.000322
0.000317
0.000256
0.000257
0.000256
0.000303
0.000300
0.000238
0.000219
0.000114
0.000257
0.000260
0.000243
0.000257
0.000251
0.000215
0.000208
0.000174
0.000217
0.000243
0.000257
0.000449
0.000319
0.000443
0.000466
0.000505
0.000489
0.000528
0.000435
0.000289
0.000332
0.000444
0.000448
0.000366
0.000374
0.000342
0.000338
0.000315
0.000328
0.000333
0.000362
0.000396
0.000733
0.005899
0.001876
0.000223
-0.000242
-0.004381
-0.001774
0.000243
0.000312
0.000318
0.000285
0.000296
0.000300
0.000277
0.000311
0.000260
0.000267
0.000251
0.000231
0.000260
0.000301
0.000237
0.000205
0.000199
0.000212
0.000249
0.000240
0.000267
0.000323
0.000351
0.000221
0.000336
0.000325
0.000213
0.000218
0.000230
0.000242
0.000263
0.000206
0.000240
0.000280
0.000296
0.000269
0.000245
0.000236
0.000251
0.000246
0.000220
0.000192
0.000210
0.000218
-0.002169
0.000380
0.000311
0.000389
0.000488
0.000431
0.000438
0.000388
0.000371
0.000312
0.000351
0.000409
0.000356
0.000312
0.000349
0.000332
0.000272
0.000175
0.000322
0.000328
0.000377
0.000359
0.000396
0.001565
0.004234
0.001677
0.000305
-0.000219
-0.005436
-0.000064
0.000311
0.000279
0.000312
0.000271
0.000274
0.000310
0.000284
0.000268
0.000274
0.000263
0.000230
0.000239
0.000243
0.000228
0.000216
0.000210
0.000249
0.000272
0.000240
0.000251
0.000322
0.000336
0.000290
0.000306
0.000260
0.000275
0.000201
0.000255
0.000231
0.000257
0.000225
0.000257
0.000268
0.000259
0.000232
0.000221
0.000224
0.000211
0.000221
0.000225
0.000240
0.000244
0.000232
0.000250
0.000399
0.000345
0.000381
0.000382
0.000390
0.000406
0.000371
0.000362
0.000379
0.000408
0.000414
0.000378
0.000349
0.000267
0.000253
0.000190
0.000199
0.000241
0.000304
0.000321
0.000370
0.000379
0.000312
-0.000564
0.002018
0.001150
-0.000130
-0.002501
-0.000325
0.000296
0.000322
0.000319
0.000291
0.000275
0.000306
0.000297
0.000277
0.000291
0.000276
0.000318
0.000224
0.000231
0.000290
0.000293
0.000238
0.000206
0.000271
0.000265
0.000276
0.000280
0.000300
0.000298
0.000329
0.000278
0.000191
0.000244
0.000235
0.000223
0.000277
0.000244
0.000219
0.000277
0.000258
0.000219
0.000212
0.000232
0.000244
0.000206
0.000225
0.000210
0.000265
0.000290
0.000301
0.000442
0.000401
0.000289
0.000388
0.000474
0.000369
0.000432
0.000335
0.000423
0.000429
0.000434
0.000392
0.000327
0.000271
0.000166
0.000204
0.000274
0.000235
0.000345
0.000381
0.000343
0.000333
0.000357
0.000193
-0.001767
-0.002548
-0.002209
-0.001607
0.000118
0.000297
0.000284
0.000299
0.000317
0.000298
0.000270
0.000268
0.000261
0.000275
0.000252
0.000298
0.000311
0.000288
0.000282
0.000248
0.000250
0.000237
0.000271
0.000247
0.000261
0.000292
0.000263
0.000265
0.000229
0.000262
0.000221
0.000212
0.000177
0.000257
0.000298
0.000251
0.000265
0.000268
0.000314
0.000341
0.000325
0.000239
0.000247
0.000224
0.000216
0.000231
0.000256
0.000308
0.000359
0.000467
0.000420
0.000418
0.000344
0.000287
0.000390
0.000298
0.000435
0.000429
0.000387
0.000400
0.000351
0.000345
0.000264
0.000227
0.000240
0.000296
0.000306
0.000340
0.000379
0.000353
0.000321
0.000311
0.000314
0.000218
-0.000502
-0.000091
0.000168
0.000306
0.000332
0.000329
0.000302
0.000315
0.000311
0.000250
0.000264
0.000287
0.000277
0.000271
0.000280
0.000262
0.000237
0.000253
0.000282
0.000250
0.000250
0.000292
0.000289
0.000240
0.000253
0.000341
0.000328
0.000324
0.000269
0.000240
0.000221
0.000236
0.000236
0.000263
0.000290
0.000270
0.000246
0.000330
0.000343
0.000276
0.000321
0.000237
0.000249
0.000214
0.000219
0.000236
0.000368
0.001326
0.000461
0.000415
0.000421
0.000447
0.000461
0.000383
0.000339
0.000468
0.000397
0.000378
0.000338
0.000328
0.000332
0.000312
0.000270
0.000296
0.000314
0.000307
0.000342
0.000359
0.000318
0.000337
0.000359
0.000363
0.000342
0.000303
0.000291
0.000276
0.000288
0.000324
0.000339
0.000336
0.000902
0.001466
0.000570
0.000272
0.000262
0.000285
0.000268
0.000223
0.000255
0.000268
0.000254
0.000284
0.000298
0.000336
0.000329
0.000310
0.000274
0.000260
0.000292
0.000316
0.000333
0.000271
0.000226
0.000201
0.000200
0.000210
0.000232
0.000310
0.000253
0.000272
0.000304
0.000266
0.000223
0.000245
0.000226
0.000251
0.000262
0.000195
0.000271
0.000307
0.000348
0.000469
0.000458
0.000444
0.000369
0.000469
0.000503
0.000422
0.000467
0.000374
0.000330
0.000342
0.000357
0.000343
0.000297
0.000258
0.000278
0.000314
0.000332
0.000348
0.000340
0.000323
0.000367
0.000377
0.000388
0.000387
0.000360
0.000361
0.000337
0.000322
0.000337
0.000358
0.000294
-0.000378
-0.000769
0.000533
0.001079
0.000307
0.000257
0.000248
0.000231
0.000256
0.000267
0.000284
0.000288
0.000278
0.000282
0.000294
0.000300
0.000307
0.000250
0.000255
0.000274
0.000322
0.000300
0.000250
0.000212
0.000218
0.000252
0.000234
0.000288
0.000294
0.000256
0.000193
0.000177
0.000271
0.000231
0.000206
0.000272
0.000303
0.000121
0.000218
0.000245
0.000331
0.000405
0.000391
0.000428
0.000299
0.000454
0.000542
0.000534
0.000475
0.000396
0.000352
0.000364
0.000333
0.000383
0.000363
0.000292
0.000264
0.000297
0.000279
0.000286
0.000316
0.000333
0.000328
0.000322
0.000396
0.000372
0.000380
0.000386
0.000354
0.000328
0.000360
0.000358
0.000341
0.000190
-0.000967
-0.000249
0.000888
0.000250
0.000213
0.000221
0.000222
0.000220
0.000258
0.000290
0.000309
0.000301
0.000283
0.000380
0.000349
0.000308
0.000302
0.000317
0.000281
0.000360
0.000301
0.000357
0.000267
0.000305
0.000184
0.000274
0.000296
0.000307
0.000180
0.000268
0.000184
0.000221
0.000173
0.000217
0.000270
0.000285
0.000091
0.000252
0.000278
0.000329
0.000427
0.000439
0.000422
0.000442
0.000409
0.000488
0.000481
0.000433
0.000411
0.000332
0.000333
0.000368
0.000419
0.000412
0.000378
0.000293
0.000323
0.000322
0.000340
0.000274
0.000249
0.000265
-0.000051
-0.000288
-0.001281
-0.000941
0.000057
0.000265
0.000303
0.000418
0.000241
0.000367
0.000331
0.000120
-0.001518
-0.000941
0.000153
0.000208
0.000229
0.000221
0.000199
0.000252
0.000271
0.000313
0.000354
0.000395
0.000434
0.000431
0.000362
0.000327
0.000212
0.000304
0.000388
0.000277
0.000245
0.000301
0.000281
0.000239
0.000242
0.000287
0.000264
0.000260
0.000229
0.000180
0.000206
0.000272
0.000263
0.000216
0.000250
0.000190
0.000184
0.000331
0.000725
0.000345
0.000401
0.000379
0.000343
0.000358
0.000371
0.000317
0.000353
0.000383
0.000372
0.000387
0.000346
0.000370
0.000416
0.000363
0.000310
0.000325
0.000283
0.000315
0.000302
0.000312
-0.000126
-0.001359
-0.002060
-0.008683
-0.010691
-0.007215
-0.004405
-0.000723
0.000068
0.000336
0.000376
0.000340
0.000267
0.000312
0.000262
0.000238
0.000224
0.000250
0.000216
0.000184
0.000201
0.000248
0.000305
0.000341
0.000409
0.000454
0.000523
0.000462
0.000286
0.000222
0.000278
0.000347
0.000273
0.000323
0.000289
0.000353
0.000391
0.000218
0.000229
0.000288
0.000285
0.000289
0.000223
0.000272
0.000276
0.000237
0.000262
0.000279
0.000244
0.000197
0.000266
0.000340
0.000420
0.000321
0.000406
0.000383
0.000246
0.000254
0.000222
0.000324
0.000382
0.000374
0.000405
0.000325
0.000352
0.000407
0.000355
0.000329
0.000306
0.000267
0.000257
0.000300
-0.000463
-0.001083
0.001180
0.001140
0.001519
0.002509
-0.001344
-0.008077
-0.013820
-0.008208
-0.000933
0.000206
0.000378
0.000280
0.000367
0.000290
0.000249
0.000239
0.000224
0.000177
0.000162
0.000165
0.000245
0.000313
0.000340
0.000411
0.000486
0.000445
0.000389
0.000289
0.000307
0.000317
0.000258
0.000262
0.000328
0.000337
0.000325
0.000318
0.000240
0.000278
0.000262
0.000387
0.000259
0.000290
0.000306
0.000275
0.000262
0.000324
0.000291
0.000247
0.000290
0.000295
0.000367
0.000440
0.000240
0.000401
0.000384
0.000235
0.000215
0.000176
0.000224
0.000352
0.000411
0.000389
0.000295
0.000325
0.000319
0.000281
0.000289
0.000302
0.000279
0.000282
0.000255
-0.000637
0.000117
-0.000836
0.000434
-0.003657
-0.001926
-0.000898
-0.001188
-0.005032
-0.013042
-0.023696
-0.001752
0.000207
0.000318
0.000267
0.000285
0.000243
0.000195
0.000188
0.000177
0.000125
0.000078
0.000213
0.000312
0.000388
0.000419
0.000430
0.000435
0.000396
0.000385
0.000314
0.000275
0.000346
0.000244
0.000347
0.000307
0.000345
0.000323
0.000285
0.000261
0.000292
0.000309
0.000334
0.000314
0.000315
0.000279
0.000321
0.000287
0.000339
0.000377
0.000282
0.000304
0.000342
0.000354
0.000353
0.000376
0.000378
0.000319
0.000244
0.000118
0.000197
0.000286
0.000370
0.000326
0.000395
0.000344
0.000274
0.000249
0.000305
0.000152
0.000113
0.000346
0.000853
-0.000807
-0.005224
-0.006326
-0.000472
-0.002998
-0.010160
-0.006066
-0.001466
0.001032
-0.001581
0.003090
0.000719
0.000370
0.000343
0.000276
0.000258
0.000210
0.000179
0.000141
0.000141
0.000033
-0.000183
0.000131
0.000293
0.000372
0.000391
0.000383
0.000367
0.000392
0.000339
0.000291
0.000296
0.000310
0.000311
0.000322
0.000306
0.000311
0.000344
0.000320
0.000249
0.000167
0.000197
0.000254
0.000335
0.000309
0.000265
0.000282
0.000229
0.000231
0.000356
0.000416
0.000306
-0.001100
0.000359
0.000341
0.000341
0.000311
0.000252
0.000234
0.000113
0.000257
0.000356
0.000372
0.000350
0.000383
0.000317
0.000242
0.000312
0.000277
-0.002006
0.000128
0.000495
0.000259
0.000235
0.000081
-0.000127
0.000035
0.000161
0.000271
0.000163
0.001441
-0.008297
0.001707
0.001256
0.000755
0.001013
0.002592
0.003690
0.002125
0.000408
0.000182
0.000159
0.000141
0.000080
0.000053
0.000199
0.000332
0.000346
0.000342
0.000360
0.000369
0.000366
0.000334
0.000334
0.000392
0.000329
0.000293
0.000307
0.000318
0.000323
0.000367
0.000351
0.000289
0.000216
0.000195
0.000232
0.000304
0.000339
0.000270
0.000249
0.000254
0.000238
0.000339
0.000400
0.000400
0.000398
0.000384
0.000305
0.000312
0.000315
0.000242
0.000197
0.000217
0.000303
0.000352
0.000349
0.000343
0.000351
0.000248
0.000340
-0.000865
-0.002148
-0.000265
0.001111
0.000429
0.000226
0.000371
0.000330
0.000304
0.000305
0.000347
0.000168
0.000173
-0.000091
0.003148
0.001770
0.001600
0.004964
0.007881
0.015343
0.014733
0.009495
0.002349
0.000591
0.000171
0.000133
0.000147
0.000172
0.000283
0.000344
0.000340
0.000326
0.000366
0.000340
0.000362
0.000332
0.000332
0.000404
0.000345
0.000302
0.000316
0.000319
0.000389
0.000369
0.000381
0.000358
0.000315
0.000219
0.000266
0.000249
0.000356
0.000391
0.000303
0.000276
0.000300
0.000284
0.000452
0.000487
0.000380
0.000439
0.000381
0.000402
0.000349
0.000319
0.000181
0.000174
0.000289
0.000319
0.000348
0.000364
0.000345
0.000452
-0.000170
-0.000788
0.003834
0.001022
0.000501
0.000307
0.000273
0.000479
0.000483
0.000488
0.000393
0.000134
-0.003465
-0.002587
0.000442
0.013834
0.011695
0.010950
0.010692
0.015290
0.019968
0.014423
0.008734
0.003227
0.002868
0.000546
0.000199
0.000280
0.000303
0.000279
0.000334
0.000371
0.000347
0.000377
0.000389
0.000388
0.000360
0.000284
0.000370
0.000367
0.000332
0.000289
0.000326
0.000408
0.000414
0.000396
0.000391
0.000321
0.000287
0.000257
0.000260
0.000360
0.000316
0.000296
0.000287
0.000216
0.000256
0.000562
0.000546
0.000505
0.000487
0.000495
0.000363
0.000347
0.000342
0.000246
0.000068
0.000266
0.000299
0.000337
0.000357
0.000487
0.000151
-0.000093
-0.000522
0.005513
0.000640
0.000233
0.000251
0.000414
0.000404
0.000503
0.000541
0.000086
-0.009478
-0.007904
-0.006719
-0.002083
0.010534
0.015211
0.011975
0.005753
0.013691
0.006673
0.003282
0.002734
0.002236
0.001983
0.002165
0.000362
0.000314
0.000283
0.000288
0.000317
0.000347
0.000335
0.000413
0.000413
0.000390
0.000422
0.000281
0.000276
0.000362
0.000330
0.000253
0.000365
0.000384
0.000369
0.000391
0.000417
0.000315
0.000315
0.000354
0.000288
0.000246
0.000343
0.000368
0.000398
0.000317
0.000441
0.000488
0.000477
-0.000596
0.000517
0.000493
0.000367
0.000350
0.000340
0.000311
0.000189
0.000258
0.000250
0.000267
0.000343
0.000273
0.000115
0.000130
-0.000203
0.000077
0.000064
0.000143
0.000310
0.000395
0.000506
0.000466
-0.000072
-0.000713
-0.001065
0.000062
-0.003344
-0.001834
-0.002526
-0.005522
0.004975
0.002417
0.004157
0.001059
0.000917
0.000822
0.000531
0.001307
0.001466
0.000506
0.000280
0.000131
0.000382
0.000728
0.000455
0.000323
0.000316
0.000381
0.000373
0.000325
0.000373
0.000339
0.000352
0.000357
0.000378
0.000365
0.000342
0.000346
0.000355
0.000407
0.000389
0.000294
0.000282
0.000248
0.000382
0.000467
0.000435
0.000450
0.000511
0.000390
0.000422
0.000440
0.000394
0.000543
0.000476
0.000393
0.000345
0.000354
0.000342
0.000222
0.000219
0.000255
0.000290
0.000281
0.000271
0.000230
0.000157
-0.000135
-0.000730
-0.001541
-0.000045
0.000262
0.000327
0.000293
0.000565
-0.000965
-0.000697
-0.001127
-0.001375
0.001081
0.001811
0.002876
-0.001571
-0.002048
-0.000352
0.000440
0.000219
0.000371
0.000357
0.000473
0.000445
0.000340
0.000220
0.000302
0.000566
0.001045
0.004751
0.001743
0.000285
0.000230
0.000278
0.000313
0.000316
0.000299
0.000202
0.000361
0.000361
0.000405
0.000286
0.000384
0.000425
0.000412
0.000434
0.000407
0.000328
0.000455
0.000543
0.000482
0.000488
0.000572
0.000511
0.000393
0.000430
0.000442
0.000551
0.000480
0.000497
0.000483
0.000407
0.000331
0.000327
0.000301
0.000256
0.000266
0.000258
0.000312
0.000234
0.000267
0.000303
0.000228
0.000146
-0.000660
-0.000902
-0.001159
0.000168
0.000347
0.002004
-0.001613
-0.002490
-0.001786
-0.002177
-0.002170
-0.000269
0.002955
0.007397
0.003006
-0.001263
-0.000915
-0.000798
-0.000088
0.000189
0.000431
0.000787
-0.005804
-0.002843
-0.000063
0.000361
0.000793
0.001225
0.001838
0.000095
0.000322
0.000418
0.000250
0.000291
0.000308
0.000276
0.000305
0.000317
0.000373
0.000343
0.000367
0.000372
0.000464
0.000409
0.000431
0.000475
0.000372
0.000501
0.000540
0.000530
0.000535
0.000490
0.000470
0.000415
0.000499
0.000493
0.000597
0.000625
0.000511
0.000507
0.000439
0.000344
0.000314
0.000306
0.000302
0.000267
0.000321
0.000312
0.000294
0.000270
0.000279
0.000226
0.000209
0.000142
0.000023
-0.000397
0.000710
0.010770
0.008837
0.007313
0.009191
0.001677
-0.000125
-0.003395
-0.003790
-0.005838
0.000436
0.001823
-0.000048
-0.000893
-0.001327
-0.000426
0.000174
0.001151
0.002351
-0.005962
-0.000343
0.000340
0.000299
-0.000175
0.000232
0.000595
-0.000009
-0.000020
0.000840
0.000353
0.000339
0.000332
0.000298
0.000371
0.000173
0.000413
0.000409
0.000393
0.000443
0.000485
0.000494
0.000465
0.000476
0.000455
0.000469
0.000512
0.000522
0.000287
0.000350
0.000434
0.000401
0.000422
0.000464
0.000559
0.000558
0.000530
0.000494
0.000335
0.000363
0.000307
0.000333
0.000302
0.000272
0.000272
0.000336
0.000322
0.000281
0.000295
0.000290
0.000244
0.000245
0.000283
0.000194
0.000132
0.000696
0.000930
0.006088
0.016524
0.015368
0.006304
0.000283
-0.005754
-0.003408
-0.002235
-0.000197
0.000451
0.001434
0.001869
-0.000155
0.000471
0.000374
-0.004594
-0.000869
-0.000236
-0.000475
-0.000500
-0.000232
0.000218
0.001328
0.000222
-0.001775
-0.002211
-0.001012
0.000978
0.000338
0.000331
0.000408
0.000230
0.000437
0.000427
0.000441
0.000483
0.000498
0.000490
0.000437
0.000441
0.000449
0.000556
0.000630
0.000529
0.000307
0.000358
0.000345
0.000362
0.000457
0.000448
0.000406
0.000503
0.000549
0.000517
0.000431
0.000354
0.000322
0.000298
0.000277
0.000251
0.000266
0.000324
0.000316
0.000313
0.000292
0.000284
0.000281
0.000299
0.000192
0.000055
0.000141
0.000318
0.000437
0.000939
0.001853
0.005089
0.006750
0.001105
-0.001695
0.001012
0.000359
0.000841
0.002665
-0.008820
-0.006099
-0.000787
-0.005580
-0.013554
0.001255
-0.000684
-0.001286
-0.000626
-0.005135
-0.004587
0.000986
0.001842
0.003501
0.000274
-0.003383
-0.002856
-0.004901
0.001091
0.000378
0.000480
0.000474
0.000423
0.000576
0.000502
0.000499
0.000487
0.000500
0.000457
0.000495
0.000536
0.000479
0.000508
0.000507
0.000294
0.000282
0.000397
0.000498
0.000397
0.000340
0.000388
0.000398
0.000484
0.000514
0.000480
0.000380
0.000267
0.000275
0.000310
0.000296
0.000272
0.000301
0.000321
0.000324
0.000288
0.000291
0.000267
0.000249
0.000217
0.000137
0.000064
0.000300
0.000364
0.000547
0.001190
0.001417
-0.003421
-0.002085
-0.001041
-0.000396
-0.003618
-0.008652
-0.011240
-0.011094
-0.009311
-0.006174
-0.005812
-0.004459
-0.005409
-0.000921
-0.001208
-0.002201
-0.010468
-0.008567
-0.009525
-0.007023
0.001698
0.002396
-0.002042
-0.004436
-0.003633
-0.006833
0.000644
0.000554
0.000517
0.000452
0.000519
0.000504
0.000577
0.000475
0.000497
0.000583
0.000434
0.000388
0.000438
0.000391
0.000439
0.000400
0.000387
0.000401
0.000550
0.000491
0.000365
0.000370
0.000356
0.000457
0.000448
0.000445
0.000364
0.000263
0.000300
0.000316
0.000313
0.000250
0.000262
0.000322
0.000344
0.000312
0.000287
0.000265
0.000281
0.000289
0.000274
0.000143
0.000187
0.000809
0.020117
0.020114
0.012666
0.000647
-0.001153
-0.000120
-0.000583
-0.002302
-0.009092
-0.012380
-0.012276
-0.009517
-0.007809
-0.007505
-0.006904
-0.003983
-0.006399
-0.005679
-0.001917
-0.006691
-0.006333
-0.009829
-0.009306
-0.006086
0.001946
-0.002177
-0.005578
-0.004128
-0.006799
-0.005263
0.000398
0.000496
0.000518
0.000550
0.000560
0.000504
0.000522
0.000538
0.000491
0.000463
0.000421
0.000434
0.000402
0.000424
0.000340
0.000318
0.000348
0.000553
0.000456
0.000483
0.000392
0.000319
0.000476
0.000404
0.000450
0.000336
0.000273
0.000260
0.000336
0.000305
0.000263
0.000269
0.000320
0.000348
0.000326
0.000300
0.000300
0.000348
0.000315
0.000309
0.000283
0.000344
0.002030
0.011766
0.021070
0.008645
0.007404
0.001889
-0.001049
-0.001097
-0.002822
-0.007924
-0.012904
-0.011748
-0.009694
-0.007967
-0.007661
-0.007114
-0.006193
-0.004977
-0.003249
-0.005915
-0.006607
-0.008097
-0.008342
-0.008229
-0.005838
-0.004094
-0.000744
-0.002813
-0.002261
-0.006438
-0.008775
-0.006669
0.000352
0.000515
0.000557
0.000520
0.000498
0.000499
0.000558
0.000558
0.000605
0.000500
0.000503
0.000422
0.000279
0.000331
0.000351
0.000463
0.000499
0.000528
0.000566
0.000551
0.000434
0.000422
0.000420
0.000442
0.000376
0.000299
0.000247
0.000357
0.000331
0.000279
0.000247
0.000304
0.000364
0.000355
0.000328
0.000308
0.000343
0.000380
0.000466
0.000270
0.000172
0.001625
0.012940
0.020267
0.009159
0.006702
0.000916
0.000531
-0.000641
-0.003704
-0.006425
-0.013616
-0.011886
-0.008619
-0.007717
-0.007048
-0.007270
-0.006424
-0.005811
-0.005497
-0.005675
-0.005669
-0.004811
-0.005720
-0.006388
-0.003542
-0.006377
-0.001796
-0.001778
-0.003118
-0.007493
-0.009002
-0.009277
-0.006730
0.000258
0.000364
0.000601
0.000588
0.000549
0.000614
0.000568
0.000544
0.000551
0.000502
0.000504
0.000358
0.000388
0.000522
0.000476
0.000436
0.000547
0.000701
0.000635
0.000535
0.000413
0.000334
0.000413
0.000394
0.000313
0.000320
0.000326
0.000282
0.000279
0.000237
0.000295
0.000330
0.000346
0.000354
0.000341
0.000437
0.000493
0.000294
0.000181
0.000126
0.000717
0.013316
0.022172
0.009919
0.003896
-0.001618
-0.001815
-0.000631
-0.004503
-0.006170
-0.012643
-0.013162
-0.006862
-0.006695
-0.006735
-0.006929
-0.006432
-0.006067
-0.006327
-0.006546
-0.007481
-0.007094
-0.007350
-0.004992
-0.003613
-0.000917
-0.005126
-0.005302
-0.005067
-0.008135
-0.007860
-0.008847
-0.009332
-0.007609
-0.005380
0.000265
0.000565
0.000566
0.000525
0.000523
0.000527
0.000486
0.000534
0.000553
0.000570
0.000587
0.000697
0.000454
0.000508
0.000630
0.000777
0.000767
0.000657
0.000367
0.000381
0.000378
0.000371
0.000311
0.000284
0.000295
0.000262
0.000285
0.000215
0.000239
0.000322
0.000314
0.000375
0.000398
0.000542
0.000404
0.000301
0.000162
0.000114
0.000275
0.004865
0.017785
0.013090
0.003202
0.000183
-0.001034
-0.004182
-0.003602
-0.003893
-0.010070
-0.012956
-0.009450
-0.007546
-0.006568
-0.006484
-0.006007
-0.006176
-0.006898
-0.006605
-0.006581
-0.006721
-0.006163
-0.005258
-0.003350
-0.002484
-0.005711
-0.005600
-0.008211
-0.009140
-0.009501
-0.008878
-0.008103
-0.006504
-0.007059
-0.004138
0.000254
0.000356
0.000386
0.000462
0.000466
0.000563
0.000601
0.000654
0.000741
0.000481
0.000571
0.000485
0.000509
0.000582
0.000779
0.000861
0.000525
0.000416
0.000369
0.000311
0.000345
0.000308
0.000343
0.000330
0.000498
0.000709
0.000143
0.000079
0.000229
0.000328
0.000498
0.000294
0.000348
0.000389
0.000364
0.000357
0.000312
0.000152
0.000376
0.011765
0.015505
0.006293
0.005880
-0.001568
-0.003853
-0.003276
-0.003519
-0.008784
-0.010439
-0.009641
-0.008040
-0.006969
-0.006061
-0.005452
-0.006187
-0.006625
-0.007047
-0.006964
-0.006214
-0.005743
-0.004521
-0.002906
-0.002900
-0.002697
-0.005173
-0.008671
-0.009158
-0.008896
-0.007619
-0.006562
-0.006241
-0.005716
-0.006123
-0.005396
-0.003316
0.000164
0.000423
0.000485
0.000516
0.000674
0.000644
0.000641
0.000539
0.000544
0.000541
0.000443
0.000452
0.000681
0.000730
0.000418
0.000307
0.000378
0.000355
0.000305
0.000367
0.000383
0.000334
0.000449
0.000472
0.000396
0.000353
0.000573
-0.000013
0.000318
0.000303
0.000357
0.000310
0.000298
0.000314
0.000346
0.000199
0.000538
0.000471
0.000721
0.000849
0.001159
0.001141
0.001017
0.000772
-0.003032
-0.005068
-0.010990
-0.009720
-0.007646
-0.006789
-0.005961
-0.005716
-0.006200
-0.006411
-0.007053
-0.008034
-0.007693
-0.005949
-0.004244
-0.002511
-0.002665
-0.002778
-0.002220
-0.005509
-0.007933
-0.007112
-0.006656
-0.005770
-0.003754
-0.004957
-0.004977
-0.005682
-0.005892
-0.004302
-0.003350
-0.000796
0.000792
0.000651
0.000551
0.000583
0.000581
0.000655
0.000600
0.000626
0.000458
0.000665
0.000608
0.000469
0.000356
0.000382
0.000322
0.000326
0.000380
0.000350
0.000259
0.000217
0.000338
0.000394
0.000202
0.000178
0.000470
0.000485
0.000569
0.000121
0.000568
0.000447
0.000427
0.000506
0.000459
0.000295
0.000276
0.000301
0.000167
0.000040
0.000082
0.000253
0.000364
-0.000036
0.001870
-0.006724
-0.007418
-0.005977
-0.006229
-0.005765
-0.005230
-0.006445
-0.006797
-0.007417
-0.008616
-0.009262
-0.005783
-0.004967
-0.003969
-0.002423
-0.002148
-0.002523
-0.001451
-0.003815
-0.004828
-0.004707
-0.004501
-0.003720
-0.002687
-0.003695
-0.003104
0.000068
0.002237
0.002858
0.005675
0.007130
0.000978
0.000562
0.000517
0.000688
0.000670
0.000636
0.000635
0.000472
0.000453
0.000513
0.000397
0.000281
0.000345
0.000387
0.000279
0.000344
0.000333
0.000223
0.000061
0.000328
0.000494
0.000436
0.000173
0.000213
0.000375
0.000352
0.000348
0.000319
0.000324
0.000382
0.000349
0.000337
0.000278
0.000281
0.000306
0.000232
-0.000029
0.000060
0.000182
0.000335
0.000377
0.000658
0.001625
0.001303
0.001944
0.002361
0.000259
0.000191
-0.003032
-0.004391
-0.006357
-0.007207
-0.007595
-0.007530
-0.005214
-0.005280
-0.002627
-0.001985
-0.002095
-0.002219
-0.001451
-0.004939
-0.002963
-0.002159
0.001580
0.002011
-0.000426
0.005218
0.010483
0.002890
0.000229
0.000638
0.001351
0.001179
0.000960
0.000896
0.000845
0.000960
0.000702
0.000591
0.000580
0.000456
0.000523
0.000439
0.000236
0.000352
0.000429
0.000434
0.000394
0.000355
0.000217
0.000124
0.000375
0.000444
0.000411
0.000167
0.000356
0.000362
0.000351
0.000328
0.000332
0.000377
0.000436
0.000399
0.000358
0.000306
0.000319
0.000354
0.000301
0.000050
-0.000021
0.000041
0.000242
0.000396
0.000504
0.000650
0.000445
0.000726
0.000639
0.000557
0.000566
0.000507
0.000346
0.000234
0.000026
-0.000183
-0.000019
0.000320
-0.003293
-0.002250
-0.002499
-0.003043
-0.003659
-0.002308
-0.002954
-0.003232
0.001217
0.003699
0.003711
0.003986
0.006181
0.002143
0.001228
0.001037
0.001028
0.001313
0.001342
0.001365
0.001159
0.001037
0.000865
0.000761
0.000804
0.000750
0.000617
0.000545
0.000567
0.000407
0.000441
0.000432
0.000536
0.000514
0.000407
0.000243
0.000193
0.000291
0.000343
0.000568
0.000529
0.000369
0.000387
0.000394
0.000375
0.000173
0.000335
0.000398
0.000414
0.000358
0.000367
0.000340
0.000337
0.000293
0.000132
0.000004
0.000071
0.000227
0.000381
0.000474
0.000443
0.000569
0.000663
0.000573
0.000533
0.000591
0.000690
0.000719
0.000830
0.000859
0.000943
0.000853
0.000626
0.000782
-0.001964
-0.003772
-0.004029
-0.005455
-0.005497
-0.006571
-0.001683
0.000562
0.002462
0.002171
0.001418
0.001431
0.001208
0.001058
0.001190
0.001248
0.001336
0.001223
0.001327
0.001218
0.001094
0.000833
0.000682
0.000851
0.000880
0.000686
0.000668
0.000817
0.000330
0.000437
0.000450
0.000529
0.000552
0.000511
0.000398
0.000288
0.000178
0.000307
0.000539
0.000541
0.000427
0.000388
0.000326
0.000316
0.000253
0.000289
0.000371
0.000368
0.000340
0.000357
0.000357
0.000375
0.000368
0.000290
0.000126
0.000064
0.000099
0.000329
0.000445
0.000520
0.000602
0.000550
0.000489
0.000528
0.000721
0.000748
0.000751
0.000917
0.000834
0.000863
0.000813
0.000714
0.000614
0.001394
-0.003924
-0.007060
-0.008722
-0.009782
-0.009534
-0.004595
-0.002791
0.000179
0.001559
0.001484
0.001380
0.001236
0.001385
0.001262
0.001265
0.001257
0.001027
0.001258
0.001333
0.001178
0.000902
0.000893
0.000909
0.001062
0.000932
0.000647
0.000824
0.000297
0.000505
0.000416
0.000533
0.000632
0.000707
0.000481
0.000319
0.000119
0.000409
0.000403
0.000548
0.000428
0.000284
0.000302
0.000319
0.000300
0.000398
0.000408
0.000405
0.000391
0.000413
0.000464
0.000394
0.000453
0.000404
0.000231
0.000076
0.000196
0.000228
0.000391
0.000458
0.000487
0.000514
0.000643
0.000631
0.000720
0.000668
0.000850
0.000870
0.000898
0.000938
0.000905
0.000888
0.000604
0.000539
0.002456
-0.004094
-0.006288
-0.008427
-0.004812
-0.003537
-0.002307
-0.002675
0.001033
0.001404
0.001377
0.001332
0.001325
0.001130
0.001192
0.001247
0.001145
0.001341
0.001283
0.001004
0.000840
0.000830
0.001136
0.001099
0.001038
0.000816
0.000750
0.000557
0.000527
0.000560
0.000464
0.000543
0.000665
0.000574
0.000260
0.000390
0.000356
0.000465
0.000551
0.000571
0.000361
0.000300
0.000266
0.000172
0.000273
0.000367
0.000397
0.000394
0.000364
0.000394
0.000509
0.000528
0.000511
0.000410
0.000159
0.000216
0.000239
0.000355
0.000328
0.000405
0.000479
0.000716
0.000657
0.000594
0.000717
0.000764
0.000877
0.000966
0.000997
0.000878
0.000687
0.000598
0.000488
0.000586
0.001512
-0.000648
-0.002481
-0.002423
-0.003432
-0.002607
-0.010323
0.000200
0.001325
0.001342
0.001158
0.001251
0.001172
0.001304
0.001333
0.001282
0.001279
0.001331
0.000940
0.000905
0.000920
0.000950
0.001020
0.000817
0.000677
0.000705
0.000390
0.000375
0.000592
0.000586
0.000551
0.000522
0.000548
0.000411
0.000448
0.000483
0.000498
0.000467
0.000591
0.000507
0.000259
0.000268
0.000288
0.000325
0.000347
0.000474
0.000429
0.000365
0.000410
0.000440
0.000444
0.000523
0.000538
0.000386
0.000353
0.000365
0.000397
0.000383
0.000357
0.000447
0.000614
0.000631
0.000673
0.000698
0.000814
0.000972
0.000935
0.000818
0.000831
0.000735
0.000703
0.000703
0.000747
0.000851
0.000676
-0.001280
-0.003999
-0.003384
-0.001660
-0.004883
-0.000208
0.001231
0.001342
0.001208
0.001238
0.001120
0.001105
0.001188
0.001264
0.001311
0.001234
0.000996
0.000868
0.000717
0.000694
0.000881
0.000706
0.000694
0.000564
0.000334
0.000370
0.000565
0.000559
0.000518
0.000574
0.000627
0.000539
0.000478
0.000429
0.000577
0.000479
0.000451
0.000511
0.000387
0.000291
0.000217
0.000228
0.000300
0.000445
0.000419
0.000363
0.000401
0.000453
0.000450
0.000525
0.000557
0.000513
0.000399
0.000487
0.000451
0.000472
0.000216
0.000331
0.000527
0.000565
0.000695
0.000857
0.000847
0.000789
0.000739
0.000770
0.000816
0.000823
0.000838
0.000796
0.000934
0.000890
0.000764
-0.001165
-0.001180
-0.001498
-0.002330
-0.003694
0.000077
0.001435
0.001441
0.001200
0.001141
0.000866
0.000806
0.001151
0.001258
0.001194
0.001137
0.001127
0.000814
0.000783
0.000609
0.000790
0.000773
0.000631
0.000634
0.000307
0.000377
0.000552
0.000589
0.000486
0.000478
0.000627
0.000690
0.000460
0.000459
0.000499
0.000420
0.000454
0.000298
0.000396
0.000265
0.000189
0.000255
0.000331
0.000429
0.000401
0.000427
0.000406
0.000535
0.000424
0.000547
0.000608
0.000507
0.000433
0.000510
0.000389
0.000332
0.000383
0.000352
0.000592
0.000607
0.000588
0.000709
0.000748
0.000746
0.000687
0.000708
0.000728
0.000761
0.000708
0.000728
0.000818
0.000846
0.000934
0.000889
-0.000823
0.000317
-0.000131
-0.000508
0.000908
0.001527
0.001678
0.000971
0.000988
0.000980
0.000697
0.000835
0.000967
0.001084
0.001259
0.001189
0.001003
0.000804
0.000851
0.000767
0.000669
0.000652
0.000760
0.000348
0.000405
0.000572
0.000639
0.000495
0.000451
0.000561
0.000608
0.000623
0.000577
0.000565
0.000496
0.000535
0.000504
0.000480
0.000423
0.000264
0.000380
0.000391
0.000501
0.000423
0.000468
0.000542
0.000623
0.000539
0.000604
0.000618
0.000594
0.000567
0.000663
0.000660
0.000522
0.000393
0.000445
0.000608
0.000490
0.000538
0.000574
0.000745
0.000791
0.000706
0.000751
0.000760
0.000731
0.000739
0.000631
0.000631
0.000743
0.000920
0.001245
0.001435
0.001243
0.001005
0.000769
0.001067
0.001360
0.001215
0.000752
0.000590
0.000806
0.000530
0.000577
0.000996
0.001065
0.001003
0.000881
0.000885
0.000806
0.000879
0.000807
0.000660
0.000750
0.000679
