0.000471
0.000494
0.000476
0.000632
0.000603
0.000604
0.000657
0.000438
0.000489
0.000640
0.000849
-0.000603
0.001106
0.001171
0.000961
0.000928
0.000829
0.000737
0.000854
0.000715
0.000821
0.000867
0.000924
0.000927
0.000906
0.000734
0.000717
0.000747
0.000793
0.000714
0.000707
0.000823
0.000895
0.000729
0.000666
0.000721
0.000606
0.000606
0.000695
0.000611
0.000563
0.000607
0.000555
0.000458
0.000465
0.000446
0.000384
0.000450
0.000532
0.000521
0.000485
0.000388
0.000394
0.000409
0.000370
0.000442
0.000397
0.000345
0.000327
0.000401
0.000452
0.000581
0.000650
0.000505
0.000425
0.000369
-0.001158
0.000507
0.000566
0.000513
0.000061
0.000577
0.000195
0.000290
0.000354
0.000337
0.000215
0.000283
0.000530
0.000507
0.000544
0.000673
0.000733
0.000909
0.001023
0.000991
0.001081
0.000918
0.000859
0.000995
0.000931
0.000841
0.000919
0.000858
0.000855
0.000920
0.000923
0.000820
0.000853
0.000642
0.000666
0.000836
0.000816
0.000794
0.000723
0.000743
0.000812
0.000687
0.000804
0.000633
0.000636
0.000685
0.000682
0.000615
0.000600
0.000595
0.000520
0.000537
0.000531
0.000481
0.000486
0.000532
0.000563
0.000612
0.000440
0.000408
0.000430
0.000379
0.000412
0.000407
0.000345
0.000316
0.000318
0.000255
0.000319
0.000347
0.000425
0.000407
0.000394
0.000444
0.000429
0.000377
0.000340
0.000330
0.000373
0.000560
0.000360
0.000366
0.000407
0.000180
0.000282
0.000480
0.000527
0.000504
0.000669
0.000656
0.000963
0.001079
0.000937
0.000885
0.000840
0.000796
0.000832
0.000929
0.000889
0.000892
0.000880
0.000839
0.000826
0.000802
0.000862
0.000897
0.000833
0.000766
0.000882
0.000867
0.000790
0.000685
0.000719
0.000729
0.000790
0.000896
0.000791
0.000779
0.000727
0.000680
0.000658
0.000599
0.000575
0.000530
0.000513
0.000494
0.000558
0.000514
0.000553
0.000628
0.000562
0.000576
0.000419
0.000344
0.000368
0.000419
0.000407
0.000342
0.000336
0.000334
0.000319
0.000330
0.000398
0.000374
0.000465
0.000386
0.000357
0.000428
0.000349
0.000338
0.000314
0.000306
0.000585
0.000410
0.000433
0.000447
0.000252
0.000219
0.000272
0.000535
0.000531
0.000706
0.000731
0.000981
0.001018
0.000970
0.000802
0.000792
0.000782
0.000817
0.000863
0.000782
0.000812
0.000830
0.000834
0.000818
0.000767
0.000749
0.000818
0.000788
0.000736
0.000886
0.000860
0.000770
0.000670
0.000765
0.000895
0.000759
0.000807
0.000837
0.000842
0.000817
0.000780
0.000714
0.000663
0.000662
0.000374
0.000445
0.000422
0.000566
0.000633
0.000549
0.000551
0.000554
0.000574
0.000362
0.000359
0.000389
0.000377
0.000406
0.000402
0.000377
0.000372
0.000364
0.000299
0.000291
0.000484
0.000489
0.000388
0.000350
0.000325
0.000364
0.000344
0.000353
0.000327
0.000475
0.000469
0.000537
0.000520
0.000373
0.000220
0.000342
0.000489
0.000555
0.000846
0.000792
0.000782
0.001015
0.000789
0.000952
0.000863
0.000863
0.000807
0.000796
0.000682
0.000780
0.000797
0.000763
0.000785
0.000734
0.000754
0.000748
0.000758
0.000767
0.000816
0.000859
0.000801
0.000687
0.000636
0.000941
0.000879
0.000836
0.000822
0.000842
0.000784
0.000796
0.000777
0.000534
0.000654
0.000443
0.000435
0.000330
0.000476
0.000637
0.000627
0.000562
0.000550
0.000563
0.000412
0.000347
0.000452
0.000411
0.000417
0.000454
0.000376
0.000347
0.000276
0.000319
0.000552
0.000500
0.000419
0.000408
0.000342
0.000306
0.000330
0.000310
0.000370
0.000306
-0.002169
0.000503
0.000455
0.000488
0.000398
0.000302
0.000347
0.000382
0.000476
0.000741
0.000710
0.000711
0.000708
0.000829
0.000886
0.000980
0.000921
0.000774
0.000753
0.000774
0.000754
0.000787
0.000791
0.000833
0.000770
0.000684
0.000705
0.000796
0.000754
0.000845
0.000912
0.000948
0.000782
0.000714
0.000843
0.000885
0.000843
0.000855
0.000879
0.000785
0.000742
0.000637
0.000595
0.000657
0.000625
0.000451
0.000307
0.000425
0.000538
0.000507
0.000500
0.000542
0.000563
0.000537
0.000398
0.000374
0.000427
0.000476
0.000426
0.000425
0.000343
0.000426
0.000421
0.000293
0.000370
0.000370
0.000327
0.000292
0.000248
0.000416
0.000368
0.000336
0.000418
0.000565
0.000516
0.000493
0.000479
0.000426
0.000372
0.000363
0.000462
0.000511
0.000705
0.000696
0.000635
0.000700
0.000764
0.000787
0.000920
0.000988
0.000799
0.000769
0.000791
0.000779
0.000825
0.000799
0.000860
0.000838
0.000807
0.000812
0.000777
0.000751
0.000866
0.000961
0.000950
0.000961
0.000853
0.000918
0.000978
0.000899
0.000919
0.000904
0.000762
0.000742
0.000860
0.000929
0.000722
0.000606
0.000599
0.000423
0.000381
0.000482
0.000527
0.000544
0.000551
0.000505
0.000520
0.000351
0.000431
0.000348
0.000449
0.000510
0.000551
0.000501
0.000466
0.000377
0.000341
0.000335
0.000488
0.000535
0.000409
0.000346
0.000351
0.000329
0.000345
0.000406
0.000465
0.000482
0.000533
0.000470
0.000408
0.000393
0.000377
0.000359
0.000533
0.000726
0.000495
0.000536
0.000675
0.000665
0.000808
0.000805
0.000831
0.000819
0.000807
0.000793
0.000775
0.000847
0.000797
0.000794
0.000849
0.000829
0.000794
0.000780
0.000837
0.000906
0.000933
0.000826
0.001005
0.000990
0.000980
0.000986
0.000967
0.000915
0.000826
0.000690
0.000716
0.000836
0.000843
0.000600
0.000574
0.000538
0.000500
0.000438
0.000477
0.000575
0.000559
0.000528
0.000457
0.000473
0.000481
0.000319
0.000288
0.000394
0.000427
0.000479
0.000403
0.000397
0.000309
0.000285
0.000291
0.000386
0.000409
0.000418
0.000302
0.000349
0.000359
0.000403
0.000381
0.000298
0.000528
0.000469
0.000542
0.000401
0.000293
0.000393
0.000436
0.000479
0.000645
0.000568
0.000512
0.000625
0.000648
0.000850
0.000783
0.000687
0.000717
0.000822
0.000852
0.000820
0.000824
0.000826
0.000823
0.000779
0.000780
0.000816
0.000874
0.000816
0.000850
0.000896
0.000857
0.000863
0.000855
0.000977
0.000981
0.001017
0.000981
0.000983
0.000885
0.000772
0.000736
0.000668
0.000546
0.000564
0.000583
0.000535
0.000530
0.000504
0.000548
0.000553
0.000492
0.000506
0.000478
0.000457
0.000356
0.000315
0.000407
0.000495
0.000432
0.000418
0.000400
0.000310
0.000283
0.000344
0.000329
0.000445
0.000443
0.000370
0.000310
0.000387
0.000398
0.000364
0.001326
0.000556
0.000511
0.000508
0.000430
0.000418
0.000420
0.000405
0.000502
0.000460
0.000613
0.000543
0.000571
0.000655
0.000733
0.000726
0.000824
0.000874
0.000798
0.000821
0.000796
0.000878
0.000817
0.000834
0.000873
0.000926
0.000968
0.000839
0.000880
0.000852
0.000846
0.000828
0.000800
0.000965
0.001055
0.000992
0.000997
0.000978
0.000977
0.000835
0.000723
0.000741
0.000652
0.000535
0.000483
0.000607
0.000593
0.000657
0.000566
0.000538
0.000546
0.000448
0.000467
0.000508
0.000492
0.000422
0.000358
0.000463
0.000523
0.000444
0.000390
0.000407
0.000403
0.000385
0.000299
0.000328
0.000345
0.000329
0.000371
0.000394
0.000400
0.000431
0.000457
0.000365
0.000473
0.000466
0.000505
0.000427
0.000446
0.000488
0.000321
0.000272
0.000366
0.000485
0.000490
0.000483
0.000647
0.000643
0.000770
0.000859
0.000857
0.000765
0.000758
0.000785
0.000834
0.000777
0.000858
0.000921
0.000954
0.000862
0.000825
0.000927
0.000910
0.000891
0.000881
0.000821
0.000906
0.001076
0.000954
0.000975
0.000957
0.000922
0.000761
0.000561
0.000617
0.000543
0.000444
0.000473
0.000629
0.000612
0.000626
0.000605
0.000581
0.000494
0.000464
0.000411
0.000465
0.000470
0.000521
0.000481
0.000475
0.000486
0.000446
0.000370
0.000450
0.000396
0.000382
0.000361
0.000329
0.000350
0.000419
0.000501
0.000385
0.000461
0.000518
0.000535
0.000481
0.000495
0.000452
0.000399
0.000240
0.000305
0.000395
0.000383
0.000397
0.000383
0.000381
0.000497
0.000452
0.000528
0.000676
0.000801
0.000817
0.000839
0.000784
0.000812
0.000791
0.000808
0.000730
0.000686
0.000914
0.000933
0.000960
0.000805
0.000991
0.000891
0.000897
0.000939
0.000892
0.000967
0.001117
0.001038
0.001007
0.001038
0.000997
0.000766
0.000472
0.000447
0.000359
0.000389
0.000446
0.000550
0.000615
0.000664
0.000606
0.000505
0.000438
0.000366
0.000332
0.000429
0.000472
0.000553
0.000490
0.000444
0.000455
0.000502
0.000451
0.000415
0.000454
0.000360
0.000363
0.000367
0.000392
0.000435
0.000441
0.000429
0.000502
0.000467
0.000446
0.000384
0.000472
0.000496
0.000329
0.000380
0.000417
0.000386
0.000365
0.000379
0.000356
0.000397
0.000386
0.000444
0.000501
0.000527
0.000640
0.000763
0.000794
0.000801
0.000782
0.000774
0.000702
0.000771
0.000803
0.000840
0.000934
0.000921
0.000884
0.000910
0.000936
0.000968
0.000995
0.000996
0.001035
0.001047
0.001067
0.001080
0.001010
0.000982
0.000814
0.000710
0.000486
0.000431
0.000366
0.000426
0.000526
0.000612
0.000668
0.000593
0.000445
0.000372
0.000369
0.000413
0.000450
0.000514
0.000430
0.000401
0.000596
0.000508
0.000528
0.000488
0.000445
0.000436
0.000418
0.000389
0.000461
0.000518
0.000515
0.000474
0.000374
0.000453
0.000443
0.000462
0.000725
0.000521
0.000447
0.000481
0.000491
0.000437
0.000388
0.000428
0.000371
0.000368
0.000307
0.000342
0.000352
0.000376
0.000434
0.000554
0.000706
0.000745
0.000801
0.000803
0.000858
0.000802
0.000756
0.000144
-0.000894
-0.000584
0.000093
0.000547
0.000756
0.000877
0.000958
0.001020
0.001075
0.001100
0.001123
0.001118
0.001091
0.001046
0.001003
0.000826
0.000564
0.000420
0.000402
0.000430
0.000427
0.000458
0.000541
0.000613
0.000568
0.000450
0.000448
0.000417
0.000417
0.000378
0.000433
0.000602
0.000631
0.000632
0.000516
0.000531
0.000517
0.000474
0.000528
0.000431
0.000410
0.000464
0.000516
0.000543
0.000458
0.000343
0.000463
0.000517
0.000506
0.000348
0.000494
0.000419
0.000435
0.000452
0.000404
0.000364
0.000416
0.000367
0.000316
0.000316
0.000327
0.000385
0.000355
0.000374
0.000427
0.000605
0.000693
0.000792
0.000792
0.000860
0.000784
-0.000248
-0.010111
-0.023916
-0.031840
-0.032111
-0.016374
-0.007058
-0.001242
0.000834
0.000667
0.001054
0.001117
0.001100
0.001082
0.001046
0.001087
0.001038
0.000669
0.000372
0.000284
0.000274
0.000312
0.000379
0.000428
0.000536
0.000619
0.000563
0.000585
0.000509
0.000346
0.000444
0.000416
0.000387
0.000584
0.000707
0.000617
0.000648
0.000661
0.000646
0.000579
0.000554
0.000530
0.000440
0.000488
0.000556
0.000484
0.000487
0.000461
0.000486
0.000520
0.000526
0.000244
0.000456
0.000457
0.000439
0.000436
0.000361
0.000308
0.000345
0.000375
0.000327
0.000304
0.000305
0.000330
0.000318
0.000310
0.000335
0.000432
0.000617
0.000821
0.000856
0.000714
-0.000843
-0.002313
-0.003932
-0.008363
-0.013200
-0.012880
-0.014591
-0.030280
-0.020906
-0.024118
-0.017564
0.000275
0.001100
0.001105
0.001058
0.001068
0.001072
0.001116
0.000793
0.000262
0.000080
0.000041
0.000203
0.000345
0.000404
0.000572
0.000652
0.000570
0.000585
0.000590
0.000440
0.000423
0.000472
0.000352
0.000482
0.000501
0.000678
0.000611
0.000654
0.000587
0.000607
0.000570
0.000502
0.000522
0.000474
0.000431
0.000450
0.000522
0.000544
0.000541
0.000609
0.000604
0.000135
0.000458
0.000440
0.000450
0.000400
0.000332
0.000280
0.000308
0.000321
0.000265
0.000214
0.000260
0.000220
0.000251
0.000309
0.000293
0.000401
0.000348
0.000317
0.000599
0.000492
-0.002123
-0.006322
-0.012919
-0.013711
-0.017182
-0.018801
-0.012584
-0.013575
-0.028102
0.001665
0.000874
0.001064
0.001086
0.001098
0.001072
0.001088
0.001022
0.001039
0.000691
0.000411
0.000085
-0.000122
0.000171
0.000385
0.000423
0.000534
0.000596
0.000598
0.000574
0.000515
0.000432
0.000387
0.000480
0.000442
0.000446
0.000608
0.000687
0.000659
0.000629
0.000585
0.000613
0.000537
0.000489
0.000486
0.000457
0.000490
0.000547
0.000595
0.000480
0.000659
0.000778
0.000742
-0.001100
0.000481
0.000410
0.000390
0.000310
0.000300
0.000266
0.000281
0.000283
0.000238
0.000319
0.000279
0.000239
0.000238
0.000239
0.000221
0.000238
-0.000529
-0.003040
0.000737
0.000909
0.000905
0.000757
-0.000043
-0.000061
-0.000152
0.001804
-0.002025
-0.011767
-0.001015
0.001105
0.001134
0.001078
0.001096
0.001292
0.001708
0.001811
0.001445
0.001166
0.000828
0.000604
0.000436
0.000220
0.000334
0.000456
0.000484
0.000468
0.000535
0.000533
0.000537
0.000418
0.000407
0.000468
0.000554
0.000454
0.000454
0.000498
0.000695
0.000637
0.000592
0.000572
0.000583
0.000534
0.000562
0.000440
0.000502
0.000602
0.000580
0.000645
0.000686
0.000733
0.000807
0.000666
0.000461
0.000499
0.000384
0.000366
0.000354
0.000307
0.000273
0.000258
0.000290
0.000270
0.000283
0.000236
0.000219
0.000236
-0.000249
-0.002858
-0.001405
0.000107
0.001024
0.000673
0.001005
0.001098
0.001005
0.000747
0.001153
0.001252
0.005171
0.003252
0.007854
0.002903
0.001395
0.000586
0.000167
0.000751
0.005176
0.013085
0.014785
0.008347
0.003248
0.001451
0.000976
0.000583
0.000446
0.000483
0.000487
0.000513
0.000537
0.000530
0.000508
0.000531
0.000559
0.000504
0.000470
0.000578
0.000505
0.000267
0.000394
0.000544
0.000568
0.000585
0.000606
0.000606
0.000587
0.000501
0.000511
0.000618
0.000725
0.000758
0.000968
0.000739
0.000737
0.000767
0.000661
0.000600
0.000499
0.000377
0.000320
0.000263
0.000258
0.000265
0.000235
0.000262
0.000226
0.000200
0.000189
0.000177
-0.000761
-0.004341
-0.001236
0.002064
0.000826
0.000901
0.000777
0.001039
0.001302
0.001408
0.001238
0.001403
0.001822
0.000868
0.004101
0.012524
0.012986
0.012687
0.010280
0.010052
0.011154
0.011490
0.012423
0.016570
0.019774
0.020202
0.011191
0.004811
0.001255
0.000633
0.000550
0.000549
0.000534
0.000583
0.000568
0.000589
0.000608
0.000579
0.000574
0.000526
0.000535
0.000562
0.000357
0.000345
0.000509
0.000613
0.000577
0.000599
0.000552
0.000566
0.000589
0.000620
0.000727
0.000696
0.000952
0.001013
0.000723
0.000810
0.000878
0.000624
0.000514
0.000462
0.000337
0.000250
0.000248
0.000205
0.000261
0.000241
0.000201
0.000179
0.000162
0.000198
0.000024
-0.005404
-0.006687
0.012013
0.001889
0.000732
0.000774
0.000819
0.001037
0.001427
0.001392
0.001472
0.001439
-0.000018
0.000862
0.003300
0.007647
0.011372
0.013582
0.010806
0.009139
0.007495
0.006750
0.005202
0.006196
0.011503
0.014965
0.013054
0.010881
-0.000133
0.004271
0.000361
0.000581
0.000562
0.000604
0.000764
0.000680
0.000604
0.000612
0.000621
0.000619
0.000579
0.000537
0.000503
0.000433
0.000541
0.000642
0.000622
0.000617
0.000709
0.000660
0.000659
0.000659
0.000705
0.000844
0.001019
0.000787
0.000772
0.000761
0.000755
0.000782
-0.000596
0.000424
0.000299
0.000232
0.000222
0.000208
0.000197
0.000207
0.000158
0.000171
0.000150
0.000219
0.000045
-0.001415
-0.011489
0.008339
0.004376
0.001041
0.000785
0.000687
0.001351
0.001556
0.001021
0.002111
0.001924
0.001379
0.001073
0.000021
0.002153
0.003405
0.000665
0.007081
0.004383
0.003319
0.001619
0.000535
0.001436
0.003303
0.005780
0.005986
0.006334
0.004546
0.004322
0.002657
0.000796
0.000632
0.000690
0.000843
0.000764
0.000649
0.000655
0.000630
0.000686
0.000650
0.000637
0.000620
0.000442
0.000653
0.000692
0.000741
0.000785
0.000718
0.000713
0.000801
0.000732
0.000752
0.000936
0.000902
0.001024
0.000856
0.000843
0.000776
0.000771
0.000691
0.000407
0.000319
0.000264
0.000203
0.000184
0.000201
0.000172
0.000174
0.000153
0.000163
0.000114
0.000146
-0.000202
-0.006111
-0.001474
0.010864
0.002414
0.000699
0.000975
0.001433
0.000975
0.005804
0.007240
0.008960
0.005222
0.007183
0.004892
0.002841
0.001864
-0.000012
0.001135
0.000953
0.000865
0.000394
-0.000098
0.000592
0.000966
0.001303
0.002144
0.004084
0.002864
0.002893
0.004200
-0.000136
0.000348
0.002107
0.000848
0.000762
0.000644
0.000682
0.000704
0.000728
0.000665
0.000565
0.000599
0.000692
0.000740
0.000807
0.000935
0.000724
0.000713
0.000728
0.000888
0.000988
0.001002
0.000977
0.001011
0.001105
0.001035
0.000797
0.000787
0.000710
0.000618
0.000285
0.000232
0.000288
0.000222
0.000176
0.000117
0.000131
0.000177
0.000181
0.000126
0.000113
0.000165
0.000121
-0.000988
-0.004777
0.021399
0.011350
0.001417
0.000891
0.000872
0.011255
0.020446
0.018873
0.017221
0.013582
0.015980
0.011942
0.007487
0.003408
0.001913
-0.000223
-0.000625
0.000436
0.000105
0.000260
0.000403
0.000289
0.000978
0.001100
0.001866
0.001044
0.001411
0.003311
0.001535
0.001897
0.016615
0.002822
0.000849
0.000671
0.000638
0.000717
0.000700
0.000636
0.000630
0.000675
0.000791
0.000825
0.000837
0.000858
0.000764
0.000744
0.000856
0.001010
0.001172
0.000937
0.001021
0.001073
0.001170
0.000931
0.000642
0.000738
0.000735
0.000742
0.000123
0.000223
0.000190
0.000205
0.000110
0.000059
0.000162
0.000157
0.000124
0.000103
0.000103
0.000118
0.000180
-0.000326
-0.013319
0.005079
0.019293
0.003952
0.000413
0.004623
0.016091
0.025441
0.033772
0.033059
0.024051
0.019966
0.013213
0.009374
0.004167
0.000835
0.000152
-0.000049
-0.000292
-0.000460
-0.000702
0.000604
0.000984
0.000768
0.001078
0.000488
-0.001970
-0.000935
0.000986
0.000834
-0.000286
0.007378
0.015246
0.003079
0.000648
0.000613
0.000586
0.000713
0.000728
0.000700
0.000711
0.000767
0.000710
0.000711
0.000755
0.000810
0.000938
0.000934
0.001070
0.001093
0.000952
0.000956
0.001110
0.001090
0.000909
0.000743
0.000673
0.000785
0.001032
0.000385
0.000250
0.000247
0.000135
0.000138
0.000046
0.000067
0.000131
0.000098
0.000065
0.000082
0.000078
0.000092
0.000061
-0.005326
0.001926
0.000248
0.001236
0.000128
0.002272
0.007378
0.011338
0.017885
0.030978
0.031006
0.022264
0.014840
0.004688
0.003336
0.000420
0.000931
-0.000043
-0.000898
-0.001049
-0.000474
-0.000667
-0.000330
-0.000697
-0.000353
-0.001000
-0.006118
-0.002747
-0.002207
-0.000856
-0.000629
0.000709
0.012488
0.005585
0.001139
0.000655
0.000591
0.000687
0.000881
0.000867
0.000630
0.000821
0.000800
0.000714
0.000825
0.000881
0.000935
0.001056
0.000999
0.000987
0.000924
0.001176
0.001102
0.001165
0.001099
0.000935
0.000795
0.000817
0.000921
0.000353
0.000277
0.000233
0.000133
0.000100
0.000077
0.000096
0.000072
0.000036
0.000014
-0.000020
-0.000033
-0.000050
-0.000069
-0.000023
-0.000061
-0.000705
-0.006864
-0.000455
0.000095
-0.000006
0.000356
0.006940
0.011058
0.018880
0.014432
0.006786
0.003319
0.002617
0.000879
-0.000551
-0.008742
-0.007226
-0.002782
-0.001603
-0.000706
-0.007524
-0.004247
-0.004167
-0.005483
-0.007010
-0.010718
-0.006015
-0.004104
-0.001325
0.000049
0.004117
0.003720
-0.001955
0.001298
0.000581
0.000708
0.000841
0.000925
0.000863
0.000937
0.000882
0.000894
0.000956
0.000994
0.001041
0.001014
0.001086
0.000987
0.001056
0.001101
0.001061
0.001153
0.001054
0.000890
0.000928
0.000921
0.000972
0.000441
0.000318
0.000251
0.000191
0.000066
0.000083
0.000060
0.000046
0.000014
-0.000027
-0.000047
-0.000080
-0.000098
-0.000129
-0.000137
-0.000135
-0.000171
-0.000204
-0.000051
0.000096
0.000295
0.001112
0.002277
-0.001690
-0.003344
-0.002516
-0.003630
-0.002305
-0.002309
-0.003116
-0.006763
-0.010626
-0.011766
-0.009138
-0.007203
-0.003580
-0.014957
-0.006331
-0.004101
-0.005755
-0.009070
-0.014354
-0.013856
-0.011970
-0.003063
-0.000280
-0.002579
-0.001093
-0.002782
-0.005443
0.001312
0.000683
0.000913
0.000915
0.000980
0.001017
0.001127
0.001019
0.001016
0.001091
0.001082
0.001119
0.001220
0.001026
0.001041
0.001092
0.001055
0.001128
0.000976
0.000969
0.000872
0.000866
0.000983
0.000467
0.000450
0.000424
0.000200
0.000115
0.000043
0.000071
0.000016
-0.000008
-0.000050
-0.000067
-0.000100
-0.000127
-0.000150
-0.000159
-0.000169
-0.000169
-0.000161
-0.000115
0.000036
0.001015
0.012706
0.006953
0.002263
-0.003057
-0.002903
-0.003536
-0.001822
-0.002217
-0.005355
-0.008951
-0.011382
-0.012427
-0.008797
-0.009427
-0.010145
-0.006472
-0.011836
-0.008185
-0.004680
-0.011830
-0.013578
-0.012823
-0.017775
-0.013952
-0.005890
-0.005573
-0.008739
-0.003749
-0.005814
-0.005978
0.001005
0.000982
0.001073
0.001132
0.001113
0.000913
0.000786
0.000859
0.001006
0.001138
0.001164
0.001160
0.000982
0.001011
0.001017
0.001167
0.001244
0.001219
0.001035
0.000951
0.000919
0.000862
0.000501
0.000480
0.000469
0.000301
0.000125
0.000028
-0.000024
-0.000007
-0.000027
-0.000053
-0.000088
-0.000135
-0.000163
-0.000182
-0.000196
-0.000217
-0.000222
-0.000210
-0.000177
-0.000106
0.008508
0.022636
0.015866
0.008468
0.001392
-0.003636
-0.004400
-0.003519
-0.004605
-0.007088
-0.010844
-0.012066
-0.010824
-0.010430
-0.008699
-0.008917
-0.012106
-0.006998
-0.003985
-0.010511
-0.014220
-0.015902
-0.015556
-0.019359
-0.017111
-0.013249
-0.006682
-0.005237
-0.004226
-0.006580
-0.008191
-0.005482
0.000917
0.001032
0.001078
0.000860
0.000586
0.000421
0.000616
0.000983
0.001044
0.001010
0.001117
0.001011
0.001025
0.001125
0.001166
0.001285
0.001188
0.001180
0.000801
0.000860
0.000695
0.000534
0.000385
0.000420
0.000325
0.000205
0.000042
-0.000005
-0.000041
-0.000046
-0.000070
-0.000106
-0.000155
-0.000168
-0.000198
-0.000241
-0.000283
-0.000288
-0.000248
-0.000714
-0.000672
0.002884
0.023130
0.024209
0.013178
0.006706
-0.002726
-0.004715
-0.005930
-0.005456
-0.007548
-0.012025
-0.012926
-0.009619
-0.007966
-0.009077
-0.008851
-0.009937
-0.009022
-0.008379
-0.006284
-0.005697
-0.007248
-0.013006
-0.013663
-0.014021
-0.014642
-0.003240
-0.003301
-0.005645
-0.007758
-0.008292
-0.008669
-0.005100
0.000657
0.001029
0.000773
0.000538
0.000141
0.000715
0.000985
0.000962
0.001072
0.001126
0.001060
0.000932
0.001001
0.001244
0.001299
0.001266
0.001101
0.001161
0.000946
0.000660
0.000556
0.000431
0.000407
0.000411
0.000248
0.000083
0.000010
-0.000064
-0.000066
-0.000087
-0.000117
-0.000166
-0.000206
-0.000238
-0.000246
-0.000289
-0.000268
-0.000500
-0.000666
-0.000831
-0.000780
0.009150
0.020941
0.014318
0.010904
-0.000955
-0.005343
-0.005144
-0.005038
-0.006363
-0.013270
-0.013266
-0.008118
-0.008023
-0.010445
-0.012757
-0.009916
-0.009943
-0.007413
-0.008025
-0.010351
-0.011778
-0.009475
-0.006615
-0.005569
-0.006923
-0.006612
-0.001284
-0.005830
-0.008575
-0.007426
-0.008029
-0.007652
-0.004759
-0.003462
0.000821
0.000585
0.000595
0.000772
0.000812
0.001016
0.000961
0.001059
0.001137
0.001055
0.001121
0.001277
0.001304
0.001125
0.001086
0.001119
0.000950
0.000747
0.000450
0.000429
0.000413
0.000443
0.000246
0.000130
-0.000011
-0.000060
-0.000050
-0.000095
-0.000155
-0.000180
-0.000209
-0.000223
-0.000191
-0.000400
-0.000523
-0.000556
-0.000566
-0.000628
-0.001126
-0.001726
0.010300
0.016760
0.010531
0.000104
-0.003934
-0.004452
-0.003981
-0.004822
-0.012998
-0.013739
-0.012392
-0.008785
-0.011651
-0.012543
-0.012014
-0.009070
-0.007804
-0.010192
-0.011766
-0.011383
-0.010267
-0.008220
-0.005897
-0.003356
-0.003479
-0.000983
-0.005617
-0.007561
-0.007992
-0.007315
-0.006069
-0.003852
-0.004160
-0.002628
0.000711
0.000634
0.000619
0.000754
0.000922
0.000992
0.001070
0.001080
0.001010
0.001119
0.001060
0.000979
0.001041
0.000988
0.001122
0.001079
0.000890
0.000595
0.000508
0.000386
0.000404
0.000484
0.000507
0.000499
0.000434
0.000838
-0.000100
-0.000119
-0.000172
-0.000092
-0.000428
-0.000505
-0.000526
-0.000585
-0.000657
-0.000681
-0.000777
-0.000753
-0.000945
0.003299
0.015974
0.010231
0.002911
-0.003401
-0.004552
-0.005725
-0.007925
-0.013710
-0.013171
-0.012784
-0.009599
-0.011512
-0.012174
-0.010223
-0.009629
-0.009553
-0.009597
-0.011192
-0.010154
-0.008345
-0.006739
-0.005324
-0.005037
-0.004002
-0.003511
-0.005080
-0.007075
-0.006854
-0.005658
-0.002288
-0.002808
-0.003091
-0.003784
-0.002608
-0.001819
0.000669
0.000665
0.000837
0.001074
0.001058
0.000931
0.001005
0.000966
0.000878
0.000621
0.000777
0.001074
0.001161
0.001125
0.001178
0.000641
0.000581
0.000419
0.000368
0.000524
0.000623
0.000439
0.000297
0.000317
0.000508
0.000612
0.000626
-0.000101
-0.000429
-0.000525
-0.000539
-0.000445
-0.000590
-0.000712
-0.000629
-0.000636
0.000497
0.000706
0.001186
0.002156
0.001806
0.000879
-0.000208
0.000640
-0.009194
-0.011840
-0.011934
-0.011800
-0.009879
-0.011563
-0.011405
-0.010093
-0.010422
-0.009971
-0.010364
-0.010910
-0.008469
-0.008544
-0.007175
-0.005610
-0.005282
-0.004096
-0.003610
-0.002781
-0.006722
-0.005757
-0.004093
-0.002409
-0.003123
-0.002113
-0.001942
-0.002339
-0.002277
-0.001507
-0.000802
-0.000279
0.001439
0.001202
0.000892
0.000928
0.000913
0.000447
0.000869
0.000897
0.001122
0.001240
0.001220
0.001273
0.000656
0.000667
0.000445
0.000431
0.000476
0.000491
0.000395
0.000274
0.000382
0.000380
0.000537
0.000707
0.000753
0.000651
0.000599
-0.000283
0.000475
0.000611
0.000465
0.000355
0.000412
0.000476
0.000572
0.000621
0.000615
0.000679
0.000690
0.000481
0.000699
-0.000261
0.000077
-0.008865
-0.009535
-0.009572
-0.011310
-0.010155
-0.008905
-0.010201
-0.010783
-0.009552
-0.010744
-0.009403
-0.008201
-0.007415
-0.007614
-0.005869
-0.003572
-0.003122
-0.002255
-0.003005
-0.004034
-0.002761
-0.002258
-0.001948
-0.001781
-0.001134
-0.000935
0.001052
0.002353
0.000553
0.000833
0.003822
0.004325
0.001159
0.000983
0.000994
0.000903
0.000815
0.000824
0.001249
0.001281
0.001356
0.000916
0.000650
0.000722
0.000493
0.000432
0.000388
0.000405
0.000426
0.000367
0.000464
0.000481
0.000636
0.000616
0.000630
0.000580
0.000549
0.000454
0.000519
0.000527
0.000522
0.000436
0.000350
0.000431
0.000441
0.000563
0.000646
0.000672
0.000586
0.000506
0.000416
0.000124
-0.000443
0.000237
0.000527
0.000124
-0.000089
-0.000410
0.000377
-0.005692
-0.008053
-0.009005
-0.009975
-0.009158
-0.007528
-0.006136
-0.007698
-0.005904
-0.003556
-0.003352
-0.003634
-0.002700
-0.001835
-0.000358
0.000701
0.000487
-0.000435
0.001598
0.004838
0.010141
0.007419
0.002326
0.002301
0.011522
0.015343
0.001786
0.000945
0.001147
0.001140
0.000957
0.001114
0.001133
0.001172
0.001152
0.000916
0.000655
0.000760
0.000684
0.000494
0.000324
0.000403
0.000446
0.000308
0.000377
0.000354
0.000551
0.000713
0.000649
0.000700
0.000612
0.000570
0.000514
0.000481
0.000499
0.000511
0.000453
0.000500
0.000484
0.000481
0.000535
0.000574
0.000456
0.000369
0.000281
0.000212
0.000333
0.000434
0.000510
0.000600
0.000524
0.000378
0.000574
0.000593
0.000522
0.000449
0.000396
0.000450
0.000637
0.000266
-0.003748
-0.005745
-0.003989
-0.003351
-0.004453
-0.004356
-0.003730
0.001909
0.003627
0.005248
0.005304
0.006359
0.009557
0.007219
0.002043
0.001299
0.000542
0.003071
0.002091
0.001329
0.001252
0.001298
0.001368
0.001543
0.001117
0.001093
0.001090
0.001021
0.000994
0.000621
0.000713
0.000709
0.000563
0.000351
0.000355
0.000410
0.000518
0.000390
0.000339
0.000319
0.000668
0.000768
0.000722
0.000624
0.000393
0.000492
0.000409
0.000480
0.000529
0.000460
0.000468
0.000539
0.000284
0.000348
0.000551
0.000517
0.000400
0.000311
0.000372
0.000333
0.000498
0.000455
0.000624
0.000690
0.000508
0.000721
0.000488
0.000669
0.000860
0.000723
0.000974
0.001238
0.001460
0.000928
-0.004550
-0.005449
-0.005259
-0.005696
-0.005708
-0.006492
0.008247
0.007397
0.004516
0.006721
0.003992
0.003370
0.001984
0.001660
0.001607
0.001459
0.001152
0.001304
0.001420
0.001298
0.001242
0.001571
0.001408
0.001272
0.001187
0.001200
0.001124
0.001124
0.000597
0.000737
0.000770
0.000633
0.000356
0.000398
0.000416
0.000582
0.000368
0.000399
0.000381
0.000563
0.000732
0.000813
0.000542
0.000555
0.000704
0.000498
0.000625
0.000547
0.000521
0.000374
0.000389
0.000259
0.000381
0.000575
0.000554
0.000363
0.000392
0.000329
0.000459
0.000558
0.000610
0.000570
0.000727
0.000631
0.000710
0.000320
0.000286
0.000708
0.000700
0.001037
0.001452
0.001442
0.001381
0.002477
-0.005004
-0.006221
-0.005699
-0.006840
-0.007439
-0.005082
0.004259
0.002858
0.000878
0.001485
0.001872
0.001993
0.001616
0.001407
0.000891
0.000815
0.000920
0.000579
0.001236
0.001299
0.001338
0.001490
0.001438
0.001228
0.001145
0.001080
0.000894
0.000679
0.000677
0.000788
0.000633
0.000431
0.000402
0.000470
0.000598
0.000599
0.000559
0.000476
0.000541
0.000749
0.000796
0.000535
0.000660
0.000609
0.000642
0.000572
0.000529
0.000573
0.000335
0.000341
0.000425
0.000466
0.000606
0.000617
0.000512
0.000396
0.000323
0.000423
0.000485
0.000644
0.000774
0.000926
0.000749
0.000490
0.000167
0.000206
0.000756
0.000821
0.001171
0.001379
0.001346
0.001446
0.001582
0.001358
-0.005795
-0.004834
-0.004390
-0.004490
0.000201
0.000514
0.000216
0.001582
0.001778
0.001783
0.001874
0.001448
0.001260
0.000966
0.000558
0.000615
0.000566
0.001142
0.001396
0.001567
0.001617
0.001820
0.001006
0.001029
0.001238
0.000916
0.000653
0.000625
0.000768
0.000748
0.000499
0.000431
0.000429
0.000692
0.000741
0.000648
0.000520
0.000543
0.000777
0.000725
0.000650
0.000558
0.000599
0.000572
0.000602
0.000463
0.000547
0.000312
0.000325
0.000451
0.000507
0.000660
0.000678
0.000657
0.000606
0.000521
0.000403
0.000448
0.000680
0.000802
0.000893
0.000549
0.000573
0.000151
0.000338
0.000908
0.001058
0.001034
0.001156
0.001350
0.001603
0.001473
0.001246
0.000292
0.003636
0.003101
0.000561
0.003579
0.000541
0.001418
0.001878
0.001964
0.001691
0.001573
0.001472
0.001433
0.001195
0.000790
0.000436
0.000604
0.001156
0.001207
0.001640
0.001609
0.001623
0.001182
0.001095
0.000996
0.000517
0.000686
0.000629
0.000759
0.000742
0.000620
0.000407
0.000494
0.000703
0.000901
0.000639
0.000445
0.000478
0.000653
0.000749
0.000755
0.000521
0.000538
0.000634
0.000567
0.000542
0.000469
0.000365
0.000346
0.000554
0.000557
0.000654
0.000742
0.000738
0.000738
0.000514
0.000425
0.000448
0.000552
0.000685
0.000717
0.000517
0.000378
0.000252
0.000456
0.000958
0.000970
0.001004
0.001124
0.001490
0.001559
0.001460
0.001341
0.001151
0.001183
0.001384
0.003423
0.001986
0.001453
0.001554
0.001635
0.001720
0.001311
0.001559
0.001813
0.001719
0.001471
0.001241
0.000486
0.001023
0.001109
0.001182
0.001679
0.001456
0.001581
0.001293
0.001118
0.001149
0.000663
0.000669
0.000561
0.000582
0.000731
0.000657
0.000447
0.000485
0.000648
0.000770
0.000747
0.000629
0.000502
0.000565
0.000605
0.000657
0.000487
0.000552
0.000587
0.000509
0.000528
0.000544
0.000520
0.000430
0.000634
0.000645
0.000680
0.000776
0.000762
0.000771
0.000661
0.000442
0.000598
0.000806
0.000955
0.000968
0.000943
0.000937
0.000977
0.000842
0.000581
0.000796
0.001075
0.001286
0.001487
0.001518
0.001460
0.001590
0.001493
0.001213
0.001330
0.001571
0.001823
0.002076
0.002070
0.002049
0.001902
0.001717
0.001505
0.001814
0.001847
0.001462
0.001290
0.001071
0.000997
0.001162
0.001503
0.001614
0.001433
0.001531
0.001733
0.001143
0.001230
0.000926
0.000773
0.000548
0.000544
0.000617
0.000730
0.000517
0.000455
0.000547
0.000682
0.000818
0.000450
0.000374
0.000541
0.000571
0.000633
0.000555
0.000489
0.000580
0.000572
0.000463
0.000528
0.000572
0.000528
0.000640
0.000775
0.000740
0.000825
0.000784
0.000730
0.000671
0.000591
0.000853
0.000884
0.000964
0.000775
0.000869
0.000817
0.000568
0.000215
0.000107
0.000481
0.000970
0.001231
0.001441
0.001560
0.001625
0.001568
0.001545
0.001550
0.001362
0.001791
0.002101
0.002255
0.002177
0.001942
0.001768
0.001909
0.001489
0.001572
0.001678
0.001404
0.001237
0.001091
0.001132
0.001450
0.001556
0.001373
0.001516
0.001653
0.001705
0.001524
0.001163
0.001308
0.000739
0.000582
0.000576
0.000716
0.000653
0.000738
0.000586
0.000514
0.000645
0.000880
0.000620
0.000606
0.000539
0.000586
0.000636
0.000574
0.000554
0.000526
0.000612
0.000589
0.000481
0.000617
0.000641
0.000689
0.000684
0.000535
0.000789
0.000747
0.000734
0.000901
0.000838
0.000902
0.000970
0.000875
0.000551
0.000536
0.000310
0.000207
-0.000091
-0.000094
0.000379
0.000450
0.000938
0.001229
0.001538
0.001721
0.001781
0.001985
0.001814
0.001190
0.001693
0.002015
0.002254
0.002118
0.001688
0.001601
0.001536
0.001423
0.001557
0.001587
0.001399
0.001507
0.001186
0.001256
0.001334
0.001459
0.001435
0.001631
0.001693
0.001696
0.001522
0.001253
0.001034
