0.000022
0.000020
0.000004
0.000632
0.000014
0.000003
-0.000029
0.000438
-0.000079
-0.000093
-0.000092
-0.000603
-0.000115
-0.000102
-0.000105
-0.000081
-0.000085
-0.000082
-0.000088
-0.000102
-0.000103
-0.000092
-0.000081
-0.000072
-0.000053
-0.000061
-0.000061
-0.000067
-0.000072
-0.000075
-0.000055
-0.000063
-0.000067
-0.000074
-0.000067
-0.000071
-0.000063
-0.000068
-0.000065
-0.000057
-0.000059
-0.000065
-0.000067
-0.000054
-0.000046
-0.000047
-0.000044
-0.000043
-0.000049
-0.000051
-0.000052
-0.000051
-0.000055
-0.000050
-0.000054
-0.000049
-0.000043
-0.000042
-0.000044
-0.000044
-0.000037
-0.000035
-0.000029
-0.000033
-0.000025
-0.000027
-0.001158
-0.000027
-0.000036
-0.000029
0.000061
-0.000032
0.000195
-0.000097
-0.000116
-0.000130
-0.000092
-0.000107
-0.000111
-0.000122
-0.000120
-0.000124
-0.000124
-0.000106
-0.000098
-0.000106
-0.000103
-0.000108
-0.000101
-0.000094
-0.000087
-0.000091
-0.000093
-0.000085
-0.000086
-0.000073
-0.000068
-0.000071
-0.000058
-0.000060
-0.000064
-0.000066
-0.000067
-0.000057
-0.000055
-0.000054
-0.000071
-0.000052
-0.000065
-0.000066
-0.000062
-0.000060
-0.000054
-0.000056
-0.000059
-0.000058
-0.000056
-0.000051
-0.000055
-0.000056
-0.000047
-0.000055
-0.000048
-0.000051
-0.000046
-0.000043
-0.000041
-0.000046
-0.000049
-0.000037
-0.000036
-0.000036
-0.000036
-0.000039
-0.000041
-0.000042
-0.000038
-0.000036
-0.000038
-0.000039
-0.000031
-0.000038
-0.000037
-0.000031
-0.000031
-0.000030
-0.000130
-0.000098
-0.000126
-0.000107
-0.000090
-0.000098
-0.000118
-0.000117
-0.000127
-0.000126
-0.000103
-0.000090
-0.000104
-0.000100
-0.000090
-0.000095
-0.000089
-0.000091
-0.000089
-0.000097
-0.000089
-0.000094
-0.000076
-0.000071
-0.000071
-0.000068
-0.000064
-0.000067
-0.000072
-0.000073
-0.000074
-0.000060
-0.000050
-0.000047
-0.000049
-0.000057
-0.000060
-0.000062
-0.000057
-0.000059
-0.000053
-0.000051
-0.000059
-0.000060
-0.000054
-0.000051
-0.000049
-0.000046
-0.000049
-0.000047
-0.000041
-0.000047
-0.000046
-0.000043
-0.000047
-0.000047
-0.000047
-0.000042
-0.000039
-0.000033
-0.000036
-0.000038
-0.000043
-0.000037
-0.000035
-0.000036
-0.000036
-0.000037
-0.000035
-0.000036
-0.000038
-0.000030
-0.000025
-0.000087
-0.000127
-0.000112
-0.000100
-0.000099
-0.000085
-0.000110
-0.000118
-0.000121
-0.000116
-0.000100
-0.000073
-0.000088
-0.000094
-0.000083
-0.000081
-0.000085
-0.000095
-0.000092
-0.000098
-0.000080
-0.000080
-0.000078
-0.000059
-0.000065
-0.000062
-0.000070
-0.000073
-0.000079
-0.000078
-0.000073
-0.000066
-0.000054
-0.000062
-0.000072
-0.000071
-0.000063
-0.000060
-0.000062
-0.000062
-0.000053
-0.000053
-0.000051
-0.000059
-0.000054
-0.000046
-0.000044
-0.000051
-0.000044
-0.000049
-0.000043
-0.000042
-0.000042
-0.000046
-0.000041
-0.000046
-0.000045
-0.000039
-0.000030
-0.000040
-0.000041
-0.000048
-0.000044
-0.000034
-0.000033
-0.000033
-0.000034
-0.000036
-0.000038
-0.000042
-0.000038
-0.000036
-0.000030
-0.000102
-0.000124
-0.000108
-0.000108
-0.000103
-0.000081
-0.000109
-0.000123
-0.000109
-0.000097
-0.000095
-0.000082
-0.000076
-0.000081
-0.000082
-0.000088
-0.000104
-0.000080
-0.000089
-0.000089
-0.000081
-0.000081
-0.000072
-0.000065
-0.000044
-0.000065
-0.000074
-0.000076
-0.000075
-0.000072
-0.000066
-0.000067
-0.000067
-0.000063
-0.000072
-0.000075
-0.000067
-0.000059
-0.000058
-0.000062
-0.000058
-0.000053
-0.000054
-0.000060
-0.000060
-0.000050
-0.000043
-0.000048
-0.000043
-0.000047
-0.000043
-0.000040
-0.000043
-0.000042
-0.000038
-0.000037
-0.000036
-0.000034
-0.000029
-0.000035
-0.000030
-0.000041
-0.000046
-0.000036
-0.000034
-0.000036
-0.000035
-0.000034
-0.000037
-0.000039
-0.000038
-0.000040
-0.002169
-0.000102
-0.000102
-0.000120
-0.000113
-0.000113
-0.000106
-0.000111
-0.000103
-0.000128
-0.000115
-0.000095
-0.000073
-0.000081
-0.000077
-0.000087
-0.000082
-0.000109
-0.000086
-0.000090
-0.000088
-0.000093
-0.000077
-0.000070
-0.000052
-0.000055
-0.000070
-0.000078
-0.000082
-0.000075
-0.000070
-0.000066
-0.000075
-0.000079
-0.000075
-0.000070
-0.000073
-0.000071
-0.000057
-0.000058
-0.000057
-0.000055
-0.000053
-0.000050
-0.000054
-0.000055
-0.000049
-0.000047
-0.000044
-0.000047
-0.000046
-0.000045
-0.000042
-0.000039
-0.000038
-0.000041
-0.000038
-0.000036
-0.000037
-0.000038
-0.000036
-0.000030
-0.000039
-0.000035
-0.000029
-0.000034
-0.000035
-0.000037
-0.000036
-0.000040
-0.000041
-0.000045
-0.000046
-0.000037
-0.000098
-0.000108
-0.000125
-0.000116
-0.000107
-0.000080
-0.000106
-0.000117
-0.000131
-0.000124
-0.000102
-0.000083
-0.000087
-0.000079
-0.000080
-0.000085
-0.000109
-0.000104
-0.000092
-0.000087
-0.000085
-0.000083
-0.000074
-0.000073
-0.000071
-0.000071
-0.000077
-0.000080
-0.000073
-0.000063
-0.000067
-0.000073
-0.000075
-0.000076
-0.000074
-0.000065
-0.000061
-0.000058
-0.000054
-0.000055
-0.000049
-0.000051
-0.000050
-0.000055
-0.000053
-0.000051
-0.000044
-0.000042
-0.000041
-0.000043
-0.000043
-0.000043
-0.000040
-0.000032
-0.000036
-0.000035
-0.000037
-0.000039
-0.000038
-0.000034
-0.000038
-0.000034
-0.000033
-0.000036
-0.000036
-0.000036
-0.000039
-0.000038
-0.000036
-0.000034
-0.000039
-0.000077
-0.000049
-0.000096
-0.000118
-0.000126
-0.000133
-0.000117
-0.000108
-0.000079
-0.000116
-0.000114
-0.000114
-0.000085
-0.000090
-0.000087
-0.000089
-0.000083
-0.000098
-0.000105
-0.000092
-0.000083
-0.000082
-0.000087
-0.000086
-0.000082
-0.000082
-0.000068
-0.000067
-0.000077
-0.000082
-0.000077
-0.000069
-0.000066
-0.000081
-0.000086
-0.000076
-0.000068
-0.000068
-0.000068
-0.000052
-0.000050
-0.000054
-0.000052
-0.000050
-0.000050
-0.000050
-0.000052
-0.000054
-0.000045
-0.000040
-0.000039
-0.000040
-0.000039
-0.000038
-0.000033
-0.000033
-0.000035
-0.000036
-0.000041
-0.000040
-0.000041
-0.000033
-0.000034
-0.000034
-0.000035
-0.000040
-0.000041
-0.000036
-0.000042
-0.000035
-0.000038
-0.000039
-0.000042
-0.000045
-0.000046
-0.000118
-0.000118
-0.000127
-0.000124
-0.000120
-0.000121
-0.000126
-0.000148
-0.000120
-0.000101
-0.000078
-0.000088
-0.000091
-0.000074
-0.000078
-0.000094
-0.000101
-0.000103
-0.000101
-0.000088
-0.000083
-0.000092
-0.000099
-0.000094
-0.000075
-0.000050
-0.000078
-0.000085
-0.000071
-0.000075
-0.000071
-0.000068
-0.000074
-0.000066
-0.000071
-0.000064
-0.000061
-0.000059
-0.000050
-0.000051
-0.000049
-0.000051
-0.000051
-0.000052
-0.000052
-0.000050
-0.000045
-0.000041
-0.000040
-0.000042
-0.000039
-0.000035
-0.000032
-0.000033
-0.000035
-0.000036
-0.000036
-0.000038
-0.000037
-0.000036
-0.000035
-0.000036
-0.000044
-0.000044
-0.000042
-0.000040
-0.000039
-0.000038
-0.000041
-0.000042
-0.000043
-0.000043
0.001326
-0.000122
-0.000121
-0.000121
-0.000133
-0.000140
-0.000128
-0.000128
-0.000109
-0.000123
-0.000104
-0.000087
-0.000085
-0.000104
-0.000086
-0.000081
-0.000089
-0.000104
-0.000097
-0.000093
-0.000088
-0.000099
-0.000092
-0.000092
-0.000100
-0.000058
-0.000045
-0.000069
-0.000079
-0.000072
-0.000079
-0.000077
-0.000063
-0.000073
-0.000073
-0.000059
-0.000056
-0.000059
-0.000056
-0.000053
-0.000047
-0.000047
-0.000050
-0.000055
-0.000050
-0.000050
-0.000051
-0.000055
-0.000050
-0.000043
-0.000039
-0.000036
-0.000037
-0.000039
-0.000038
-0.000037
-0.000038
-0.000037
-0.000040
-0.000037
-0.000035
-0.000038
-0.000037
-0.000044
-0.000046
-0.000043
-0.000039
-0.000038
-0.000044
-0.000046
-0.000047
-0.000049
-0.000046
-0.000041
-0.000131
-0.000127
-0.000131
-0.000148
-0.000149
-0.000139
-0.000130
-0.000120
-0.000101
-0.000118
-0.000094
-0.000113
-0.000095
-0.000082
-0.000076
-0.000085
-0.000110
-0.000111
-0.000101
-0.000104
-0.000106
-0.000094
-0.000093
-0.000093
-0.000066
-0.000074
-0.000081
-0.000070
-0.000078
-0.000075
-0.000074
-0.000060
-0.000066
-0.000071
-0.000064
-0.000056
-0.000059
-0.000056
-0.000050
-0.000054
-0.000060
-0.000222
-0.000219
-0.000064
-0.000044
-0.000058
-0.000113
-0.000066
-0.000043
-0.000043
-0.000037
-0.000039
-0.000040
-0.000045
-0.000033
-0.000037
-0.000038
-0.000041
-0.000040
-0.000036
-0.000041
-0.000045
-0.000047
-0.000042
-0.000041
-0.000042
-0.000044
-0.000047
-0.000049
-0.000050
-0.000041
-0.000053
-0.000045
-0.000134
-0.000137
-0.000147
-0.000145
-0.000125
-0.000129
-0.000125
-0.000127
-0.000127
-0.000118
-0.000095
-0.000098
-0.000107
-0.000111
-0.000096
-0.000085
-0.000091
-0.000101
-0.000095
-0.000089
-0.000102
-0.000090
-0.000097
-0.000094
-0.000095
-0.000068
-0.000078
-0.000076
-0.000080
-0.000067
-0.000064
-0.000063
-0.000063
-0.000065
-0.000062
-0.000057
-0.000066
-0.000061
-0.000066
-0.000159
0.000005
0.000017
-0.000118
-0.000081
-0.000054
-0.000070
-0.000017
0.000099
-0.000247
-0.000060
-0.000040
-0.000037
-0.000040
-0.000042
-0.000034
-0.000037
-0.000040
-0.000042
-0.000041
-0.000037
-0.000037
-0.000045
-0.000045
-0.000039
-0.000046
-0.000046
-0.000048
-0.000048
-0.000048
-0.000052
-0.000050
-0.000046
-0.000049
-0.000114
-0.000133
-0.000135
-0.000141
-0.000145
-0.000130
-0.000114
-0.000130
-0.000129
-0.000100
-0.000109
-0.000089
-0.000085
-0.000139
-0.000106
-0.000085
-0.000090
-0.000095
-0.000102
-0.000095
-0.000087
-0.000086
-0.000115
-0.000111
-0.000118
-0.000099
-0.000077
-0.000067
-0.000047
-0.000054
-0.000056
-0.000074
-0.000073
-0.000065
-0.000061
-0.000055
-0.000054
-0.000065
-0.000061
-0.000101
-0.000115
0.000013
0.000183
-0.000049
-0.000172
-0.000139
-0.000032
0.000116
-0.000273
-0.000060
-0.000037
-0.000038
-0.000041
-0.000046
-0.000029
-0.000042
-0.000038
-0.000045
-0.000043
-0.000044
-0.000037
-0.000044
-0.000043
-0.000042
-0.000051
-0.000050
-0.000055
-0.000049
-0.000051
-0.000055
-0.000053
-0.000049
0.000725
-0.000106
-0.000134
-0.000143
-0.000145
-0.000135
-0.000131
-0.000103
-0.000110
-0.000129
-0.000121
-0.000121
-0.000126
-0.000074
-0.000114
-0.000098
-0.000093
-0.000089
-0.000097
-0.000098
-0.000089
-0.000095
-0.000118
-0.000163
-0.001143
-0.001020
-0.000920
-0.000251
-0.000126
-0.000058
-0.000050
-0.000067
-0.000068
-0.000063
-0.000062
-0.000063
-0.000064
-0.000054
-0.000060
-0.000064
-0.000056
-0.000056
-0.000054
-0.000050
-0.000043
-0.000017
-0.000116
-0.000337
-0.000051
-0.000156
-0.000047
-0.000039
-0.000039
-0.000033
-0.000033
-0.000035
-0.000045
-0.000045
-0.000046
-0.000042
-0.000042
-0.000043
-0.000043
-0.000043
-0.000048
-0.000049
-0.000049
-0.000049
-0.000050
-0.000047
-0.000053
-0.000052
-0.000049
-0.000054
-0.000126
-0.000124
-0.000113
-0.000136
-0.000147
-0.000129
-0.000107
-0.000132
-0.000138
-0.000118
-0.000122
-0.000105
-0.000084
-0.000091
-0.000085
-0.000081
-0.000079
-0.000088
-0.000094
-0.000098
-0.000087
0.000084
-0.000159
0.000938
0.000243
-0.000058
-0.000920
-0.001768
-0.000620
-0.000081
-0.000133
-0.000072
-0.000062
-0.000052
-0.000063
-0.000062
-0.000054
-0.000057
-0.000057
-0.000055
-0.000040
-0.000056
-0.000056
-0.000051
-0.000017
-0.000038
0.000036
-0.000088
-0.000462
-0.000085
-0.000035
-0.000035
-0.000039
-0.000033
-0.000025
-0.000042
-0.000047
-0.000038
-0.000042
-0.000041
-0.000043
-0.000044
-0.000046
-0.000048
-0.000050
-0.000047
-0.000051
-0.000049
-0.000052
-0.000052
-0.000052
-0.000053
-0.000057
-0.000125
-0.000135
-0.000141
-0.000143
-0.000137
-0.000134
-0.000089
-0.000102
-0.000107
-0.000131
-0.000136
-0.000094
-0.000102
-0.000094
-0.000079
-0.000087
-0.000073
-0.000082
-0.000087
-0.000096
-0.000030
0.000062
0.000046
-0.001493
0.000036
-0.000598
0.000586
-0.000533
-0.002547
-0.003040
-0.003752
-0.000537
-0.000076
-0.000048
-0.000059
-0.000058
-0.000055
-0.000053
-0.000050
-0.000055
-0.000051
-0.000052
-0.000055
-0.000045
-0.000053
-0.000084
0.000434
0.000436
-0.000979
-0.000112
-0.000038
-0.000034
-0.000035
-0.000036
-0.000041
-0.000040
-0.000044
-0.000040
-0.000040
-0.000043
-0.000044
-0.000047
-0.000050
-0.000051
-0.000046
-0.000047
-0.000054
-0.000043
-0.000046
-0.000050
-0.000051
-0.000052
-0.000053
-0.000138
-0.000134
-0.000134
-0.000131
-0.000145
-0.000133
-0.000102
-0.000127
-0.000102
-0.000100
-0.000107
-0.000087
-0.000081
-0.000098
-0.000112
-0.000095
-0.000022
-0.000004
-0.000012
-0.000017
-0.000004
-0.000273
-0.000825
-0.001603
-0.000219
0.000025
-0.000030
0.005279
0.018473
0.000098
-0.000696
-0.000070
-0.000054
-0.000054
-0.000053
-0.000050
-0.000054
-0.000044
-0.000049
-0.000046
-0.000050
-0.000051
-0.000057
-0.000055
-0.000049
-0.000046
-0.000112
-0.000089
-0.000165
-0.000042
-0.000033
-0.000037
-0.000035
-0.000035
-0.000030
-0.000040
-0.000039
-0.000045
-0.000034
-0.000037
-0.000046
-0.000049
-0.000052
-0.000048
-0.000047
-0.000049
-0.000042
-0.000049
-0.000051
-0.000051
-0.000053
-0.000063
-0.001100
-0.000142
-0.000145
-0.000145
-0.000144
-0.000148
-0.000133
-0.000115
-0.000114
-0.000111
-0.000071
-0.000089
-0.000079
-0.000103
-0.000104
-0.000008
0.000013
-0.000025
0.000187
0.000122
0.000052
-0.000193
-0.000299
-0.000241
-0.000305
-0.000184
0.000032
0.001074
0.004713
0.001417
-0.003413
-0.000324
-0.000036
-0.000076
-0.000103
-0.000077
0.000005
-0.000044
-0.000046
-0.000049
-0.000052
-0.000053
-0.000048
-0.000048
-0.000051
-0.000049
-0.000053
-0.000058
-0.000130
-0.000049
-0.000038
-0.000036
-0.000035
-0.000034
-0.000038
-0.000040
-0.000046
-0.000044
-0.000042
-0.000043
-0.000047
-0.000048
-0.000048
-0.000052
-0.000049
-0.000047
-0.000050
-0.000044
-0.000040
-0.000045
-0.000047
-0.000056
-0.000064
-0.000059
-0.000132
-0.000138
-0.000144
-0.000122
-0.000135
-0.000127
-0.000137
-0.000123
-0.000088
-0.000082
-0.000094
-0.000091
-0.000110
0.000018
-0.000475
-0.000605
-0.000292
0.000065
0.000095
-0.000263
0.000006
-0.000095
-0.000542
-0.000351
-0.000057
0.000195
0.002434
0.000358
-0.000704
-0.001580
-0.000299
0.000063
-0.000035
-0.000020
-0.000069
-0.000017
0.000090
-0.000063
-0.000051
-0.000052
-0.000051
-0.000050
-0.000051
-0.000055
-0.000033
-0.000039
-0.000056
-0.000068
-0.000042
-0.000038
-0.000036
-0.000036
-0.000041
-0.000042
-0.000043
-0.000048
-0.000050
-0.000046
-0.000047
-0.000046
-0.000046
-0.000049
-0.000047
-0.000049
-0.000048
-0.000041
-0.000037
-0.000040
-0.000052
-0.000052
-0.000057
-0.000059
-0.000056
-0.000088
-0.000165
-0.000143
-0.000144
-0.000131
-0.000125
-0.000123
-0.000115
-0.000101
-0.000110
-0.000090
-0.000080
-0.000001
-0.000178
-0.001294
-0.001364
-0.000678
-0.000175
-0.000068
0.000001
0.000093
0.000052
-0.000159
-0.000099
0.000116
0.000160
-0.000636
-0.000957
-0.000433
-0.000641
-0.000748
-0.000899
-0.000408
-0.000614
-0.000495
-0.000023
0.000156
0.000144
-0.000027
-0.000046
-0.000048
-0.000049
-0.000049
-0.000045
-0.000040
-0.000043
-0.000045
-0.000045
-0.000043
-0.000041
-0.000041
-0.000042
-0.000043
-0.000045
-0.000047
-0.000044
-0.000049
-0.000051
-0.000047
-0.000047
-0.000049
-0.000051
-0.000049
-0.000051
-0.000049
-0.000044
-0.000050
-0.000050
-0.000058
-0.000053
-0.000050
-0.000055
-0.000045
-0.000121
-0.000156
-0.000143
-0.000127
-0.000125
-0.000113
-0.000090
-0.000102
-0.000096
-0.000087
-0.000075
-0.000017
-0.000057
0.000298
-0.000466
-0.004030
-0.000601
-0.000133
-0.000112
-0.000087
-0.000033
-0.000089
-0.000064
0.000053
0.000164
-0.001264
-0.000906
-0.001671
-0.000492
-0.000052
-0.001027
-0.001302
-0.002383
-0.003049
-0.003596
-0.000800
0.000234
0.000616
0.000427
-0.000024
-0.000048
-0.000051
-0.000047
-0.000043
-0.000041
-0.000048
-0.000049
-0.000044
-0.000041
-0.000039
-0.000040
-0.000044
-0.000045
-0.000048
-0.000054
-0.000048
-0.000048
-0.000047
-0.000049
-0.000048
-0.000052
-0.000052
-0.000051
-0.000050
-0.000052
-0.000053
-0.000056
-0.000053
-0.000051
-0.000047
-0.000050
-0.000056
-0.000596
-0.000139
-0.000096
-0.000148
-0.000132
-0.000106
-0.000104
-0.000100
-0.000083
-0.000082
-0.000078
-0.000051
-0.000075
-0.000067
-0.000002
0.000006
-0.003527
-0.000909
-0.000169
-0.000121
-0.000138
-0.000272
-0.000328
-0.000422
0.000006
-0.000523
-0.001188
-0.001090
-0.001222
-0.001051
-0.000360
-0.000568
-0.001181
-0.001141
-0.002238
-0.004369
-0.000995
0.000516
0.000731
0.000747
0.000010
-0.000048
-0.000052
-0.000046
-0.000047
-0.000038
-0.000047
-0.000037
-0.000037
-0.000041
-0.000039
-0.000043
-0.000046
-0.000050
-0.000050
-0.000050
-0.000046
-0.000045
-0.000044
-0.000048
-0.000051
-0.000050
-0.000049
-0.000052
-0.000051
-0.000049
-0.000051
-0.000046
-0.000047
-0.000052
-0.000051
-0.000048
-0.000044
-0.000036
-0.000169
-0.000156
-0.000141
-0.000121
-0.000109
-0.000116
-0.000114
-0.000103
-0.000097
-0.000071
-0.000083
-0.000073
-0.000075
-0.000015
0.000702
-0.001421
-0.001656
-0.000685
-0.000143
-0.000471
-0.000891
0.000208
0.000498
-0.000260
-0.000181
-0.000397
-0.000741
-0.001038
-0.000985
-0.001988
-0.001886
-0.000546
0.000064
0.000237
-0.001600
-0.000841
0.000942
0.000795
0.000603
0.000064
-0.000025
-0.000045
-0.000003
0.000034
-0.000019
0.000070
0.000322
0.000282
-0.000077
-0.000042
-0.000043
-0.000046
-0.000048
-0.000048
-0.000048
-0.000046
-0.000047
-0.000048
-0.000048
-0.000052
-0.000046
-0.000049
-0.000050
-0.000055
-0.000048
-0.000048
-0.000047
-0.000049
-0.000051
-0.000048
-0.000052
-0.000058
-0.000034
-0.000140
-0.000118
-0.000123
-0.000118
-0.000116
-0.000115
-0.000119
-0.000117
-0.000091
-0.000088
-0.000091
-0.000082
-0.000073
-0.000073
-0.000026
0.000445
-0.002535
-0.001602
-0.000483
-0.000820
0.000157
0.000204
0.000126
0.000140
0.000646
-0.000061
-0.000063
-0.000270
-0.001353
-0.001225
0.001192
0.000863
0.000050
0.000569
0.000490
0.001477
0.003353
0.001673
0.000487
0.000305
0.000168
-0.000048
-0.000008
-0.000183
0.000189
0.000435
0.000303
0.000256
-0.000090
-0.000043
-0.000042
-0.000045
-0.000049
-0.000050
-0.000051
-0.000045
-0.000042
-0.000046
-0.000044
-0.000046
-0.000045
-0.000047
-0.000045
-0.000046
-0.000047
-0.000046
-0.000049
-0.000051
-0.000056
-0.000055
-0.000057
-0.000052
-0.000039
-0.000113
-0.000126
-0.000132
-0.000096
-0.000110
-0.000113
-0.000114
-0.000099
-0.000091
-0.000093
-0.000095
-0.000078
-0.000070
-0.000085
-0.000025
0.000194
-0.000035
-0.000335
0.000006
0.000157
0.000453
0.000585
0.000417
0.000543
0.000371
0.000102
0.000041
0.000089
-0.000337
0.000374
0.000713
0.000266
0.000453
0.000958
0.001127
0.005261
0.007780
0.000894
0.000346
0.000317
0.000125
-0.000084
-0.000029
0.000007
0.000099
0.000303
0.000440
0.000016
-0.000236
-0.000046
-0.000043
-0.000045
-0.000049
-0.000052
-0.000054
-0.000051
-0.000055
-0.000053
-0.000051
-0.000054
-0.000045
-0.000045
-0.000047
-0.000052
-0.000052
-0.000056
-0.000057
-0.000061
-0.000030
-0.000057
-0.000051
-0.000048
-0.000038
-0.000123
-0.000122
-0.000113
-0.000113
-0.000119
-0.000099
-0.000111
-0.000104
-0.000111
-0.000098
-0.000102
-0.000081
-0.000100
-0.000084
-0.000041
0.000110
0.000030
0.000044
-0.000063
-0.000056
-0.000058
-0.000056
-0.000043
0.000011
0.000024
-0.000034
0.000173
-0.000143
-0.000209
-0.000220
0.000177
-0.002129
0.002328
0.002056
0.002727
0.009620
0.001404
-0.000042
-0.000117
0.000130
0.000043
-0.000216
0.000114
0.000276
-0.000838
0.000008
0.000336
0.000816
-0.000001
-0.000046
-0.000040
-0.000040
-0.000049
-0.000051
-0.000053
-0.000056
-0.000055
-0.000061
-0.000060
-0.000049
-0.000044
-0.000050
-0.000056
-0.000058
-0.000051
-0.000057
-0.000063
-0.000078
-0.000065
-0.000061
-0.000047
-0.000058
-0.000041
-0.000123
-0.000114
-0.000112
-0.000115
-0.000100
-0.000107
-0.000102
-0.000108
-0.000113
-0.000098
-0.000109
-0.000142
-0.000065
-0.000071
-0.000068
-0.000066
-0.000072
-0.000070
-0.000076
-0.000077
-0.000082
-0.000076
-0.000050
-0.000073
-0.000065
-0.000139
-0.000204
-0.000350
-0.000640
-0.000632
-0.000799
-0.002529
-0.003608
0.000145
-0.000003
0.000929
0.000256
-0.001509
-0.001877
-0.000649
0.000053
-0.001920
-0.000083
-0.000135
-0.000462
-0.000699
-0.001214
-0.000278
-0.000032
0.000045
-0.000037
-0.000048
-0.000049
-0.000053
-0.000053
-0.000057
-0.000058
-0.000056
-0.000050
-0.000055
-0.000050
-0.000049
-0.000048
-0.000050
-0.000055
-0.000058
-0.000058
-0.000057
-0.000060
-0.000055
-0.000050
-0.000054
-0.000036
-0.000105
-0.000106
-0.000093
-0.000099
-0.000069
-0.000081
-0.000106
-0.000091
-0.000085
-0.000106
-0.000120
-0.000091
-0.000077
-0.000067
-0.000067
-0.000084
-0.000094
-0.000083
-0.000081
-0.000079
-0.000073
-0.000124
-0.000078
0.000288
0.000129
-0.000187
-0.000653
-0.000847
-0.001190
-0.001607
-0.002727
-0.003899
-0.002400
-0.001496
-0.003618
-0.003035
0.000043
-0.000402
-0.000754
0.000157
-0.000225
-0.000567
-0.001307
-0.000702
0.000016
-0.001862
-0.000776
-0.001162
-0.000447
0.000941
0.000098
-0.000050
-0.000055
-0.000052
-0.000050
-0.000053
-0.000061
-0.000057
-0.000050
-0.000038
-0.000051
-0.000036
-0.000047
-0.000051
-0.000079
-0.000068
-0.000062
-0.000062
-0.000055
-0.000056
-0.000056
-0.000051
-0.000051
-0.000098
-0.000090
-0.000088
-0.000098
-0.000098
-0.000102
-0.000113
-0.000096
-0.000093
-0.000125
-0.000123
-0.000104
-0.000082
-0.000077
-0.000077
-0.000070
-0.000083
-0.000083
-0.000077
-0.000097
-0.000087
-0.000117
-0.000010
0.000107
0.000126
0.000208
0.000135
-0.000421
-0.001655
-0.001759
-0.002788
-0.003529
-0.001430
-0.001504
-0.001183
-0.000229
0.001529
0.000134
-0.000355
-0.000978
-0.000811
-0.000453
-0.001222
-0.000904
0.000322
0.000145
-0.000025
0.000069
0.000515
0.001220
0.000811
0.000085
-0.000052
-0.000051
-0.000052
-0.000057
-0.000057
-0.000053
-0.000044
-0.000050
-0.000051
-0.000047
-0.000076
-0.000069
-0.000152
-0.000061
-0.000059
-0.000055
-0.000061
-0.000056
-0.000053
-0.000049
-0.000052
-0.000100
-0.000083
-0.000097
-0.000115
-0.000102
-0.000109
-0.000117
-0.000108
-0.000117
-0.000111
-0.000118
-0.000097
-0.000094
-0.000073
-0.000072
-0.000073
-0.000074
-0.000081
-0.000120
-0.000157
-0.000127
-0.000088
0.000051
0.000139
0.000276
0.000408
0.000315
-0.000253
-0.002047
-0.002830
-0.002802
-0.002534
-0.000350
-0.000549
-0.001127
0.000002
0.001018
0.000823
0.001210
-0.000305
-0.000788
-0.000283
-0.000771
-0.001136
0.000001
0.000511
-0.000182
0.000090
0.000887
0.000502
-0.001991
-0.000653
0.000100
-0.000049
-0.000047
-0.000052
-0.000053
-0.000050
-0.000047
-0.000045
-0.000051
-0.000072
-0.000152
-0.000056
-0.000054
-0.000052
-0.000049
-0.000050
-0.000060
-0.000057
-0.000049
-0.000052
-0.000046
-0.000099
-0.000086
-0.000095
-0.000118
-0.000119
-0.000115
-0.000130
-0.000109
-0.000111
-0.000097
-0.000093
-0.000108
-0.000100
-0.000083
-0.000091
-0.000096
-0.000112
-0.000116
-0.000117
-0.000103
-0.000103
-0.000055
0.000204
0.000351
0.000480
0.000627
0.001326
0.000185
-0.002257
-0.002826
-0.003020
-0.002601
0.000566
0.000129
-0.000785
-0.001314
0.000395
0.000330
0.000555
-0.000031
-0.000386
0.000350
-0.000138
-0.000850
-0.000639
-0.000477
-0.000190
0.000046
0.000931
-0.001052
-0.003052
-0.004350
-0.001761
0.000009
-0.000008
-0.000055
-0.000052
-0.000045
-0.000049
-0.000041
-0.000049
-0.000111
-0.000064
-0.000065
-0.000057
-0.000052
-0.000047
-0.000057
-0.000059
-0.000059
-0.000057
-0.000058
-0.000051
-0.000104
-0.000097
-0.000094
-0.000097
-0.000132
-0.000109
-0.000124
-0.000107
-0.000096
-0.000097
-0.000095
-0.000090
-0.000096
-0.000086
-0.000099
-0.000123
-0.000164
-0.000108
-0.000102
-0.000090
-0.000095
-0.000089
0.000345
0.000369
0.000421
0.000583
0.002092
0.001415
-0.001428
-0.003011
-0.003815
-0.002974
0.001417
0.000435
-0.000000
0.000569
0.000561
0.000197
0.000231
-0.000406
0.000005
-0.000404
-0.000277
-0.000279
-0.000253
0.000169
0.000547
-0.000098
0.000465
-0.001610
-0.005179
-0.002422
0.002031
0.004162
0.000610
0.000019
-0.000047
-0.000045
-0.000045
-0.000044
-0.000045
-0.000047
-0.000052
-0.000062
-0.000057
-0.000057
-0.000062
-0.000057
-0.000054
-0.000060
-0.000060
-0.000054
-0.000050
-0.000108
-0.000102
-0.000106
-0.000083
-0.000098
-0.000122
-0.000126
-0.000104
-0.000093
-0.000114
-0.000102
-0.000103
-0.000106
-0.000112
-0.000120
-0.000162
-0.000131
-0.000116
-0.000095
-0.000093
-0.000086
-0.000102
0.000008
0.000287
0.000338
0.000505
0.001022
0.000049
-0.000913
-0.002412
-0.003742
-0.002507
-0.000259
-0.000617
-0.000212
0.000236
0.000319
0.000366
-0.000228
-0.000235
0.000073
-0.000268
-0.000288
-0.000003
-0.000015
-0.000287
-0.000348
0.000256
-0.000508
-0.002172
-0.000656
0.005216
0.012091
0.005906
0.000549
0.000264
0.000058
-0.000037
-0.000050
-0.000050
-0.000049
-0.000047
-0.000048
-0.000055
-0.000064
-0.000060
-0.000060
-0.000059
-0.000048
-0.000053
-0.000051
-0.000046
-0.000047
-0.000106
-0.000108
-0.000118
-0.000112
-0.000108
-0.000126
-0.000094
-0.000070
-0.000047
-0.000114
-0.000096
-0.000102
-0.000158
-0.000159
-0.000139
-0.000118
-0.000110
-0.000125
-0.000126
-0.000122
-0.000092
-0.000102
-0.000133
0.000123
0.000276
0.000421
0.000317
-0.000898
-0.000784
-0.001847
-0.002049
-0.002244
-0.003903
-0.002039
-0.000160
-0.000945
-0.003055
-0.000725
-0.000097
-0.000037
-0.000057
-0.000501
0.000042
0.000238
-0.000217
-0.000287
-0.000281
-0.000069
0.000610
0.000162
0.005488
0.018667
0.003908
0.000653
0.000876
0.000739
0.000130
-0.000528
0.000011
0.000012
0.000005
-0.000050
-0.000052
-0.000058
-0.000056
-0.000051
-0.000056
-0.000057
-0.000051
-0.000053
-0.000049
-0.000045
-0.000036
-0.000109
-0.000123
-0.000116
-0.000124
-0.000113
-0.000099
-0.000076
-0.000072
-0.000064
-0.000056
-0.000073
-0.000075
-0.000150
-0.000129
-0.000129
-0.000119
-0.000108
-0.000127
-0.000131
-0.000122
-0.000135
-0.000067
-0.000095
-0.000110
-0.000091
-0.000092
-0.000019
-0.000289
-0.000086
-0.001343
-0.001429
-0.002144
-0.004265
-0.004798
-0.005901
-0.005741
-0.002375
-0.001278
-0.000319
0.000234
0.000509
-0.000840
-0.000678
-0.000536
-0.000321
-0.000277
-0.000069
0.000842
0.000161
0.001228
0.010416
0.004226
0.000723
0.000692
0.001192
0.001337
0.000984
0.000332
-0.000187
0.000330
0.000198
0.000014
-0.000000
-0.000048
-0.000048
-0.000044
-0.000059
-0.000059
-0.000049
-0.000046
-0.000045
-0.000045
-0.000036
-0.000110
-0.000131
-0.000120
-0.000127
-0.000104
-0.000092
-0.000090
-0.000079
-0.000091
-0.000096
-0.000103
-0.000095
-0.000017
-0.000047
-0.000105
-0.000161
-0.000150
-0.000085
-0.000098
-0.000078
-0.000108
-0.000109
-0.000109
-0.000093
-0.000090
-0.000077
-0.000083
-0.000077
-0.000082
-0.000209
0.000031
-0.002786
-0.003624
-0.006880
-0.008459
-0.006032
-0.002260
-0.000580
-0.000428
-0.000153
-0.000121
-0.001224
-0.001282
-0.000923
-0.001130
-0.000708
-0.000492
0.001140
-0.000172
0.000342
0.001899
0.000360
-0.000057
0.001945
0.000554
0.000732
0.001215
0.001170
0.001019
0.001019
0.000417
0.000156
-0.000022
0.000004
-0.000019
-0.000030
-0.000054
-0.000062
-0.000055
-0.000052
-0.000045
-0.000047
-0.000049
-0.000092
-0.000091
-0.000085
-0.000109
-0.000088
-0.000103
-0.000111
-0.000091
-0.000105
-0.000103
-0.000088
-0.000121
-0.000119
-0.000127
-0.000130
-0.000099
-0.000115
-0.000107
-0.000112
-0.000115
-0.000110
-0.000095
-0.000095
-0.000105
-0.000110
-0.000092
-0.000077
-0.000080
-0.000073
-0.000072
-0.000067
-0.000400
-0.000246
-0.000078
0.000008
0.000053
-0.000017
-0.000402
0.000048
-0.000127
-0.000319
-0.001844
-0.003085
-0.004532
-0.003302
-0.002340
-0.001856
-0.002237
-0.003204
-0.004139
-0.000131
0.000669
-0.002243
-0.000223
-0.000531
-0.001144
-0.001313
-0.000397
0.000315
0.000156
0.000069
0.000033
-0.000044
-0.000058
-0.000062
-0.000064
-0.000060
-0.000050
-0.000048
-0.000050
-0.000052
-0.000052
-0.000084
-0.000072
-0.000085
-0.000100
-0.000094
-0.000114
-0.000102
-0.000094
-0.000080
-0.000063
-0.000054
-0.000031
-0.000100
-0.000099
-0.000122
-0.000151
-0.000159
-0.000118
-0.000097
-0.000105
-0.000113
-0.000117
-0.000110
-0.000091
-0.000097
-0.000104
-0.000092
-0.000091
-0.000072
-0.000072
-0.000074
-0.000072
-0.000069
-0.000086
-0.000099
-0.000096
-0.000136
-0.000101
0.000003
0.000028
0.000030
-0.000089
-0.000337
-0.000524
-0.000476
-0.003314
-0.004397
-0.006823
-0.003281
-0.003118
-0.002867
-0.002333
-0.001144
-0.000503
-0.000178
-0.000055
-0.000046
-0.000033
-0.000025
-0.000034
-0.000039
-0.000041
-0.000047
-0.000051
-0.000053
-0.000063
-0.000066
-0.000052
-0.000049
-0.000048
-0.000051
-0.000066
-0.000059
-0.000036
-0.000061
-0.000062
-0.000100
-0.000102
-0.000103
-0.000087
-0.000075
-0.000091
-0.000121
-0.000112
-0.000074
-0.000074
-0.000092
-0.000096
-0.000213
-0.000107
-0.000088
-0.000075
-0.000098
-0.000100
-0.000101
-0.000082
-0.000091
-0.000103
-0.000104
-0.000069
-0.000152
-0.000103
-0.000096
-0.000065
-0.000067
-0.000080
-0.000093
-0.000097
-0.000092
-0.000098
-0.000088
-0.000087
-0.000088
-0.000098
-0.000098
-0.000083
-0.000092
-0.000103
-0.000113
-0.005155
-0.002848
-0.004213
-0.003810
-0.002036
-0.001945
-0.000011
-0.000186
-0.000164
-0.000058
-0.000055
-0.000050
-0.000056
-0.000056
-0.000056
-0.000049
-0.000054
-0.000054
-0.000058
-0.000063
-0.000050
-0.000047
-0.000045
-0.000051
-0.000049
-0.000050
-0.000057
-0.000047
-0.000064
-0.000064
-0.000079
-0.000087
-0.000083
-0.000094
-0.000101
-0.000115
-0.000105
-0.000108
-0.000077
-0.000070
-0.000084
-0.000113
-0.000127
-0.000081
-0.000111
-0.000077
-0.000095
-0.000109
-0.000110
-0.000069
-0.000073
-0.000076
-0.000118
-0.000089
0.000072
-0.000431
-0.000139
-0.000067
-0.000072
-0.000087
-0.000087
-0.000097
-0.000085
-0.000088
-0.000087
-0.000085
-0.000092
-0.000085
-0.000088
-0.000074
-0.000083
-0.000101
-0.000102
0.000047
-0.004517
-0.003332
-0.001882
-0.001955
-0.001604
0.000018
-0.000056
-0.000064
-0.000054
-0.000049
-0.000065
-0.000063
-0.000062
-0.000049
-0.000056
-0.000063
-0.000061
-0.000064
-0.000052
-0.000051
-0.000046
-0.000050
-0.000047
-0.000047
-0.000054
-0.000047
-0.000041
-0.000091
-0.000080
-0.000072
-0.000085
-0.000093
-0.000102
-0.000101
-0.000096
-0.000097
-0.000109
-0.000101
-0.000096
-0.000076
-0.000074
-0.000093
-0.000102
-0.000076
-0.000112
-0.000103
-0.000096
-0.000079
-0.000077
-0.000105
-0.000158
-0.000115
-0.000087
0.000082
-0.000083
-0.000258
-0.000092
-0.000089
-0.000078
-0.000080
-0.000098
-0.000083
-0.000090
-0.000095
-0.000088
-0.000087
-0.000088
-0.000096
-0.000102
-0.000106
-0.000112
-0.000121
-0.000148
-0.000604
-0.000874
-0.001215
-0.000410
0.000177
0.000263
-0.000082
-0.000083
-0.000039
-0.000057
-0.000063
-0.000066
-0.000071
-0.000069
-0.000068
-0.000061
-0.000062
-0.000074
-0.000063
-0.000054
-0.000056
-0.000054
-0.000048
-0.000050
-0.000049
-0.000044
-0.000044
-0.000094
-0.000084
-0.000096
-0.000093
-0.000099
-0.000098
-0.000085
-0.000048
-0.000054
-0.000084
-0.000095
-0.000098
-0.000079
-0.000046
-0.000069
-0.000089
-0.000108
-0.000131
-0.000113
-0.000113
-0.000102
-0.000085
-0.000096
-0.000126
-0.000138
-0.000097
-0.000080
-0.000099
-0.000130
-0.000110
-0.000100
-0.000093
-0.000095
-0.000097
-0.000097
-0.000099
-0.000090
-0.000108
-0.000102
-0.000105
-0.000114
-0.000115
-0.000118
-0.000120
-0.000133
-0.000182
-0.000322
-0.000451
-0.000574
0.000244
0.000205
0.000236
-0.000129
-0.000103
-0.000081
-0.000073
-0.000070
-0.000067
-0.000067
-0.000065
-0.000062
-0.000063
-0.000062
-0.000062
-0.000062
-0.000056
-0.000057
-0.000061
-0.000054
-0.000053
-0.000048
-0.000043
-0.000052
-0.000097
-0.000086
-0.000094
-0.000103
-0.000099
-0.000078
-0.000075
0.000142
0.000121
-0.000060
-0.000104
-0.000102
-0.000087
-0.000073
-0.000068
-0.000073
-0.000094
-0.000122
-0.000091
-0.000102
-0.000106
-0.000128
-0.000098
-0.000105
-0.000123
-0.000124
-0.000117
-0.000105
-0.000114
-0.000119
-0.000115
-0.000106
-0.000101
-0.000103
-0.000090
-0.000101
-0.000119
-0.000104
-0.000079
-0.000104
-0.000113
-0.000105
-0.000106
-0.000114
-0.000135
-0.000269
-0.000151
-0.000157
-0.000092
-0.000143
0.000252
0.000177
0.000226
-0.000077
-0.000086
-0.000067
-0.000075
-0.000069
-0.000069
-0.000066
-0.000059
-0.000060
-0.000064
-0.000064
-0.000053
-0.000054
-0.000058
-0.000047
-0.000048
-0.000051
-0.000055
-0.000052
-0.000052
-0.000086
-0.000084
-0.000116
-0.000097
-0.000104
-0.000085
0.000128
0.000131
0.000126
0.000134
-0.000088
-0.000098
-0.000089
-0.000078
-0.000083
-0.000069
-0.000074
-0.000098
-0.000112
-0.000101
-0.000101
-0.000117
-0.000101
-0.000102
-0.000104
-0.000101
-0.000113
-0.000116
-0.000123
-0.000122
-0.000118
-0.000125
-0.000116
-0.000117
-0.000102
-0.000104
-0.000114
-0.000120
-0.000117
-0.000110
-0.000097
-0.000097
-0.000104
-0.000102
-0.000116
-0.000070
-0.000135
-0.000169
-0.000153
-0.000304
-0.000119
-0.000054
0.000217
-0.000072
-0.000068
-0.000063
-0.000065
-0.000076
-0.000084
-0.000072
-0.000061
-0.000062
-0.000063
-0.000054
-0.000053
-0.000053
-0.000055
-0.000055
-0.000060
-0.000057
-0.000051
-0.000051
-0.000052
-0.000080
-0.000084
-0.000073
-0.000096
0.000074
0.000065
0.000103
0.000105
0.000125
0.000124
-0.000085
-0.000089
-0.000078
-0.000094
-0.000119
-0.000085
-0.000098
-0.000102
-0.000108
-0.000098
-0.000100
-0.000102
-0.000111
-0.000113
-0.000106
-0.000112
-0.000115
-0.000111
-0.000101
-0.000121
-0.000132
-0.000105
-0.000105
-0.000127
-0.000113
-0.000114
-0.000106
-0.000115
-0.000114
-0.000104
-0.000092
-0.000093
-0.000096
-0.000095
-0.000108
-0.000080
-0.000097
-0.000154
-0.000166
-0.000182
-0.000192
-0.000145
-0.000092
-0.000102
-0.000064
-0.000061
-0.000059
-0.000067
-0.000076
-0.000074
-0.000066
-0.000057
-0.000055
-0.000054
-0.000053
-0.000054
-0.000056
-0.000059
-0.000059
-0.000058
-0.000056
-0.000042
-0.000039
-0.000082
-0.000077
-0.000088
0.000111
0.000088
0.000053
0.000071
0.000084
0.000113
0.000132
-0.000081
-0.000078
-0.000073
-0.000090
-0.000098
-0.000095
-0.000078
-0.000073
-0.000075
-0.000091
-0.000085
-0.000084
-0.000089
-0.000102
-0.000107
-0.000112
-0.000126
-0.000103
-0.000102
-0.000115
-0.000132
-0.000126
-0.000141
-0.000133
-0.000125
-0.000105
-0.000115
-0.000108
-0.000098
-0.000102
-0.000089
-0.000090
-0.000091
-0.000095
-0.000096
-0.000101
-0.000111
-0.000165
-0.000139
-0.000128
-0.000154
-0.000118
-0.000079
-0.000065
-0.000050
-0.000055
-0.000062
-0.000070
-0.000078
-0.000069
-0.000062
-0.000062
-0.000055
-0.000053
-0.000053
-0.000061
-0.000069
-0.000059
-0.000059
-0.000053
-0.000053
-0.000050
-0.000044
