-0.000010
0.000126
0.000139
0.000632
-0.000027
0.000012
-0.000104
0.000438
-0.000122
0.000198
0.000311
-0.000603
0.000437
0.000356
0.000234
0.000154
0.000146
0.000233
0.000249
0.000266
0.000301
0.000346
0.000307
0.000229
0.000274
0.000302
0.000305
0.000296
0.000304
0.000296
0.000330
0.000324
0.000291
0.000199
0.000180
0.000194
0.000181
0.000170
0.000175
0.000222
0.000204
0.000200
0.000178
0.000150
0.000151
0.000191
0.000268
0.000217
0.000207
0.000168
0.000120
0.000148
0.000158
0.000158
0.000212
0.000249
0.000218
0.000144
0.000125
0.000189
0.000184
0.000163
0.000164
0.000220
0.000351
0.000370
-0.001158
0.000348
0.000344
0.000379
0.000061
0.000426
0.000195
0.000445
0.000457
0.000448
0.000403
0.000404
0.000322
0.000351
0.000407
0.000435
0.000460
0.000381
0.000376
0.000377
0.000361
0.000323
0.000284
0.000302
0.000282
0.000294
0.000310
0.000322
0.000361
0.000345
0.000260
0.000251
0.000244
0.000204
0.000239
0.000258
0.000249
0.000275
0.000304
0.000279
0.000279
0.000294
0.000257
0.000257
0.000235
0.000260
0.000267
0.000254
0.000262
0.000162
0.000161
0.000116
0.000162
0.000170
0.000203
0.000181
0.000258
0.000154
0.000119
0.000142
0.000149
0.000160
0.000210
0.000240
0.000234
0.000200
0.000190
0.000169
0.000210
0.000230
0.000206
0.000158
0.000164
0.000207
0.000175
0.000095
0.000144
0.000119
0.000173
0.000354
0.000387
0.000466
0.000488
0.000399
0.000420
0.000367
0.000398
0.000393
0.000446
0.000472
0.000390
0.000346
0.000381
0.000334
0.000305
0.000281
0.000242
0.000279
0.000315
0.000304
0.000366
0.000374
0.000323
0.000249
0.000248
0.000238
0.000228
0.000269
0.000237
0.000251
0.000273
0.000295
0.000306
0.000249
0.000261
0.000214
0.000222
0.000225
0.000236
0.000265
0.000251
0.000266
0.000168
0.000133
0.000129
0.000145
0.000138
0.000158
0.000176
0.000183
0.000188
0.000111
0.000156
0.000091
0.000146
0.000212
0.000235
0.000226
0.000203
0.000185
0.000201
0.000210
0.000211
0.000218
0.000199
0.000191
0.000161
0.000171
0.000177
0.000166
0.000149
0.000147
0.000223
0.000436
0.000482
0.000478
0.000460
0.000412
0.000397
0.000429
0.000494
0.000505
0.000481
0.000441
0.000373
0.000351
0.000323
0.000323
0.000307
0.000221
0.000285
0.000320
0.000286
0.000330
0.000296
0.000224
0.000243
0.000230
0.000254
0.000240
0.000239
0.000269
0.000267
0.000243
0.000265
0.000259
0.000279
0.000227
0.000223
0.000214
0.000201
0.000191
0.000251
0.000251
0.000190
0.000272
0.000174
0.000165
0.000142
0.000140
0.000179
0.000166
0.000175
0.000173
0.000185
0.000246
0.000192
0.000149
0.000179
0.000239
0.000265
0.000202
0.000185
0.000216
0.000200
0.000257
0.000227
0.000194
0.000174
0.000168
0.000196
0.000244
0.000192
0.000159
0.000214
0.000289
0.000436
0.000432
0.000499
0.000464
0.000377
0.000453
0.000442
0.000503
0.000447
0.000480
0.000425
0.000396
0.000370
0.000330
0.000311
0.000308
0.000261
0.000289
0.000294
0.000301
0.000280
0.000234
0.000239
0.000216
0.000226
0.000243
0.000253
0.000241
0.000255
0.000277
0.000261
0.000241
0.000283
0.000285
0.000279
0.000245
0.000211
0.000212
0.000170
0.000194
0.000243
0.000286
0.000272
0.000220
0.000165
0.000161
0.000175
0.000178
0.000182
0.000167
0.000193
0.000168
0.000174
0.000180
0.000212
0.000246
0.000230
0.000181
0.000234
0.000177
0.000191
0.000233
0.000273
0.000185
0.000175
0.000150
0.000177
0.000201
0.000191
0.000191
0.000160
0.000272
-0.002169
0.000399
0.000385
0.000452
0.000429
0.000415
0.000306
0.000397
0.000484
0.000439
0.000473
0.000423
0.000353
0.000338
0.000324
0.000304
0.000291
0.000255
0.000298
0.000298
0.000269
0.000233
0.000248
0.000268
0.000223
0.000205
0.000248
0.000257
0.000245
0.000276
0.000265
0.000252
0.000264
0.000292
0.000255
0.000253
0.000234
0.000219
0.000206
0.000191
0.000223
0.000246
0.000267
0.000284
0.000233
0.000184
0.000219
0.000223
0.000196
0.000189
0.000176
0.000168
0.000170
0.000193
0.000189
0.000175
0.000230
0.000263
0.000223
0.000242
0.000223
0.000204
0.000215
0.000227
0.000249
0.000186
0.000193
0.000203
0.000209
0.000270
0.000230
0.000180
0.000156
0.000303
0.000407
0.000409
0.000360
0.000426
0.000439
0.000306
0.000417
0.000450
0.000489
0.000489
0.000380
0.000346
0.000317
0.000280
0.000304
0.000288
0.000277
0.000290
0.000316
0.000272
0.000245
0.000244
0.000259
0.000237
0.000196
0.000202
0.000202
0.000252
0.000289
0.000262
0.000232
0.000259
0.000262
0.000252
0.000233
0.000216
0.000241
0.000227
0.000184
0.000205
0.000261
0.000265
0.000268
0.000225
0.000230
0.000227
0.000220
0.000203
0.000178
0.000161
0.000144
0.000176
0.000143
0.000130
0.000119
0.000201
0.000197
0.000238
0.000252
0.000222
0.000200
0.000161
0.000176
0.000272
0.000202
0.000183
0.000207
0.000205
0.000298
0.000279
0.000240
0.000265
0.000331
0.000372
0.000425
0.000412
0.000447
0.000464
0.000368
0.000395
0.000460
0.000450
0.000456
0.000395
0.000354
0.000344
0.000284
0.000257
0.000252
0.000216
0.000276
0.000289
0.000261
0.000237
0.000202
0.000252
0.000231
0.000205
0.000198
0.000162
0.000230
0.000247
0.000191
0.000199
0.000216
0.000223
0.000225
0.000225
0.000208
0.000210
0.000221
0.000176
0.000227
0.000238
0.000274
0.000253
0.000260
0.000203
0.000207
0.000199
0.000151
0.000154
0.000147
0.000169
0.000208
0.000171
0.000186
0.000170
0.000204
0.000220
0.000212
0.000233
0.000212
0.000251
0.000244
0.000217
0.000237
0.000178
0.000183
0.000127
0.000146
0.000319
0.000256
0.000217
0.000244
0.000252
0.000353
0.000325
0.000411
0.000444
0.000375
0.000396
0.000430
0.000453
0.000462
0.000427
0.000356
0.000325
0.000314
0.000238
0.000225
0.000196
0.000157
0.000207
0.000243
0.000260
0.000229
0.000222
0.000212
0.000224
0.000190
0.000207
0.000202
0.000181
0.000205
0.000179
0.000241
0.000235
0.000226
0.000244
0.000221
0.000221
0.000229
0.000206
0.000209
0.000192
0.000223
0.000243
0.000261
0.000265
0.000264
0.000209
0.000191
0.000167
0.000175
0.000175
0.000198
0.000158
0.000238
0.000217
0.000196
0.000229
0.000249
0.000223
0.000202
0.000216
0.000260
0.000237
0.000230
0.000203
0.000149
0.000123
0.000114
0.000202
0.000252
0.000231
0.000276
0.000233
0.001326
0.000330
0.000421
0.000432
0.000428
0.000458
0.000432
0.000459
0.000450
0.000399
0.000372
0.000361
0.000351
0.000304
0.000228
0.000233
0.000206
0.000123
0.000198
0.000206
0.000243
0.000244
0.000240
0.000236
0.000238
0.000223
0.000208
0.000190
0.000194
0.000211
0.000229
0.000250
0.000233
0.000248
0.000244
0.000222
0.000212
0.000199
0.000212
0.000189
0.000206
0.000227
0.000245
0.000233
0.000242
0.000287
0.000257
0.000194
0.000157
0.000153
0.000165
0.000197
0.000212
0.000197
0.000195
0.000175
0.000201
0.000234
0.000170
0.000197
0.000213
0.000274
0.000265
0.000274
0.000154
0.000110
0.000121
0.000145
0.000247
0.000374
0.000310
0.000275
0.000219
0.000277
0.000381
0.000415
0.000432
0.000465
0.000468
0.000481
0.000470
0.000447
0.000349
0.000362
0.000411
0.000336
0.000290
0.000305
0.000277
0.000223
0.000206
0.000257
0.000241
0.000246
0.000288
0.000278
0.000288
0.000256
0.000231
0.000190
0.000148
0.000195
0.000207
0.000232
0.000248
0.000242
0.000208
0.000215
0.000191
0.000172
0.000199
0.000194
0.000187
0.000172
0.000196
0.000206
0.000228
0.000239
0.000284
0.000270
0.000257
0.000213
0.000178
0.000190
0.000219
0.000223
0.000209
0.000196
0.000195
0.000206
0.000224
0.000212
0.000234
0.000212
0.000236
0.000277
0.000213
0.000185
0.000147
0.000177
0.000229
0.000280
0.000299
0.000258
0.000234
0.000273
0.000193
0.000374
0.000402
0.000357
0.000459
0.000461
0.000491
0.000428
0.000395
0.000395
0.000378
0.000386
0.000362
0.000362
0.000321
0.000283
0.000253
0.000255
0.000266
0.000312
0.000301
0.000327
0.000319
0.000336
0.000322
0.000225
0.000094
0.000144
0.000203
0.000228
0.000245
0.000250
0.000241
0.000219
0.000228
0.000191
0.000164
0.000175
0.000149
0.000157
0.000155
0.000164
0.000170
0.000197
0.000245
0.000263
0.000261
0.000257
0.000232
0.000214
0.000203
0.000191
0.000185
0.000202
0.000208
0.000159
0.000152
0.000226
0.000248
0.000237
0.000225
0.000210
0.000260
0.000229
0.000161
0.000142
0.000191
0.000249
0.000291
0.000276
0.000282
0.000276
0.000233
0.000208
0.000342
0.000373
0.000391
0.000412
0.000405
0.000470
0.000416
0.000388
0.000397
0.000370
0.000385
0.000379
0.000367
0.000382
0.000287
0.000261
0.000331
0.000305
0.000328
0.000302
0.000352
0.000352
0.000343
0.000315
0.000162
0.000109
0.000141
0.000219
0.000240
0.000243
0.000260
0.000225
0.000209
0.000210
0.000202
0.000185
0.000166
0.000145
0.000134
0.000130
0.000132
0.000153
0.000194
0.000220
0.000257
0.000263
0.000249
0.000242
0.000202
0.000182
0.000193
0.000187
0.000216
0.000230
0.000154
0.000156
0.000286
0.000259
0.000269
0.000221
0.000243
0.000254
0.000253
0.000228
0.000199
0.000279
0.000354
0.000294
0.000310
0.000262
0.000247
0.000327
0.000725
0.000331
0.000371
0.000368
0.000400
0.000449
0.000439
0.000406
0.000426
0.000389
0.000353
0.000381
0.000358
0.000357
0.000363
0.000271
0.000288
0.000306
0.000275
0.000293
0.000294
0.000313
0.000056
-0.001136
-0.001339
-0.001121
-0.000887
-0.000424
-0.000038
0.000173
0.000228
0.000245
0.000221
0.000206
0.000224
0.000201
0.000199
0.000189
0.000167
0.000150
0.000094
0.000059
0.000079
0.000132
0.000233
0.000240
0.000246
0.000239
0.000256
0.000226
0.000218
0.000212
0.000186
0.000230
0.000237
0.000187
0.000169
0.000277
0.000290
0.000322
0.000256
0.000217
0.000286
0.000259
0.000256
0.000249
0.000301
0.000305
0.000284
0.000279
0.000326
0.000289
0.000270
0.000322
0.000363
0.000338
0.000361
0.000399
0.000445
0.000401
0.000413
0.000458
0.000401
0.000369
0.000353
0.000345
0.000331
0.000339
0.000259
0.000317
0.000341
0.000252
0.000235
0.000264
0.000110
-0.004232
-0.015038
-0.010255
-0.013609
-0.009049
-0.004195
-0.002417
-0.001100
0.000144
0.000213
0.000220
0.000212
0.000175
0.000187
0.000164
0.000156
0.000169
0.000113
0.000035
-0.000017
-0.000007
0.000095
0.000204
0.000251
0.000243
0.000242
0.000270
0.000223
0.000229
0.000216
0.000224
0.000201
0.000215
0.000246
0.000177
0.000264
0.000286
0.000253
0.000295
0.000218
0.000276
0.000308
0.000225
0.000214
0.000281
0.000296
0.000259
0.000298
0.000331
0.000286
0.000343
0.000349
0.000418
0.000367
0.000378
0.000351
0.000361
0.000359
0.000377
0.000386
0.000395
0.000376
0.000298
0.000283
0.000282
0.000320
0.000250
0.000245
0.000309
0.000285
0.000259
0.000131
-0.002364
-0.014507
-0.003040
-0.004370
-0.005481
-0.003369
-0.008004
-0.014452
-0.010491
-0.009700
-0.001192
0.000248
0.000220
0.000168
0.000162
0.000150
0.000130
0.000133
0.000103
-0.000027
-0.000108
-0.000148
0.000024
0.000147
0.000219
0.000241
0.000248
0.000263
0.000242
0.000250
0.000216
0.000219
0.000203
0.000221
0.000180
0.000186
0.000218
0.000238
0.000282
0.000261
0.000267
0.000224
0.000248
0.000266
0.000255
0.000260
0.000254
0.000247
0.000313
0.000408
0.000329
0.000359
0.000335
0.000423
0.000414
0.000415
0.000368
0.000317
0.000302
0.000362
0.000354
0.000382
0.000359
0.000243
0.000232
0.000257
0.000259
0.000240
0.000182
-0.000012
-0.000087
0.000148
-0.000295
-0.001602
-0.006239
-0.016409
-0.008399
-0.003496
-0.006921
-0.003211
-0.007216
-0.017441
-0.015134
-0.000313
0.000220
0.000201
0.000185
0.000160
0.000146
0.000118
0.000120
0.000099
-0.000076
-0.000152
-0.000315
-0.000033
0.000138
0.000190
0.000229
0.000260
0.000303
0.000256
0.000234
0.000260
0.000255
0.000237
0.000223
0.000205
0.000219
0.000248
0.000277
0.000268
0.000257
0.000283
0.000215
0.000238
0.000282
0.000268
0.000238
0.000262
0.000285
0.000283
0.000318
0.000388
0.000315
-0.001100
0.000393
0.000393
0.000386
0.000356
0.000295
0.000312
0.000392
0.000360
0.000347
0.000345
0.000265
0.000236
0.000183
0.000217
0.000154
-0.000057
0.000593
0.000317
0.000178
0.000227
0.000174
0.000054
-0.000456
-0.000513
0.000176
0.000672
0.000727
0.001493
-0.001163
0.000286
0.000216
0.000234
0.000315
0.000023
0.000766
0.000860
0.000479
0.000132
0.000049
-0.000051
-0.000075
-0.000042
0.000035
0.000137
0.000177
0.000232
0.000284
0.000266
0.000317
0.000228
0.000224
0.000255
0.000263
0.000197
0.000229
0.000249
0.000242
0.000257
0.000243
0.000246
0.000256
0.000192
0.000230
0.000241
0.000250
0.000299
0.000331
0.000314
0.000286
0.000362
0.000363
0.000341
0.000415
0.000466
0.000444
0.000392
0.000313
0.000299
0.000298
0.000320
0.000340
0.000299
0.000282
0.000164
0.000164
0.000196
0.000245
0.000331
0.000155
0.000829
0.000493
0.000215
0.000255
0.000385
0.000368
0.000246
0.000383
0.000430
0.000791
0.001463
0.002634
0.000394
0.001875
0.000047
0.001797
0.006038
0.008984
0.007817
0.007005
0.005047
0.001913
0.000805
0.000130
-0.000043
-0.000004
0.000057
0.000150
0.000196
0.000261
0.000298
0.000305
0.000296
0.000237
0.000253
0.000251
0.000245
0.000216
0.000218
0.000220
0.000229
0.000243
0.000278
0.000283
0.000288
0.000201
0.000229
0.000232
0.000331
0.000369
0.000374
0.000317
0.000341
0.000384
0.000408
0.000368
0.000505
0.000414
0.000408
0.000369
0.000296
0.000292
0.000260
0.000281
0.000307
0.000296
0.000239
0.000144
0.000076
0.000287
-0.000553
-0.000316
-0.000825
0.000148
0.000167
0.000142
0.000192
0.000405
0.000625
0.000513
0.000536
0.000534
0.000355
-0.004088
-0.000054
0.006106
0.001816
0.004900
0.007215
0.010128
0.009354
0.010271
0.010305
0.007714
0.007378
0.006484
0.003414
-0.000060
0.000013
0.000012
0.000148
0.000231
0.000285
0.000321
0.000307
0.000272
0.000233
0.000272
0.000261
0.000254
0.000247
0.000221
0.000196
0.000210
0.000215
0.000327
0.000298
0.000259
0.000199
0.000286
0.000316
0.000348
0.000365
0.000404
0.000335
0.000467
0.000492
0.000434
0.000469
0.000467
0.000424
0.000318
0.000321
0.000277
0.000275
0.000288
0.000281
0.000261
0.000238
0.000196
0.000075
0.000213
-0.000419
-0.000505
-0.000634
-0.001668
-0.000159
0.000125
0.000182
0.000235
0.000394
0.000690
0.000666
0.000931
0.000086
-0.001913
-0.004010
-0.000500
0.006840
0.005204
0.005752
0.006582
0.005477
0.002429
0.007310
0.006610
0.009733
0.007801
0.006673
0.004864
0.002006
0.002465
-0.000365
0.000150
0.000247
0.000290
0.000298
0.000263
0.000286
0.000279
0.000302
0.000277
0.000287
0.000290
0.000266
0.000259
0.000283
0.000265
0.000272
0.000277
0.000279
0.000314
0.000304
0.000336
0.000338
0.000373
0.000392
0.000348
0.000365
0.000439
0.000506
0.000487
-0.000596
0.000342
0.000248
0.000247
0.000281
0.000306
0.000299
0.000262
0.000247
0.000241
0.000205
0.000225
0.000085
0.000107
0.001023
0.003487
-0.003100
-0.000217
0.000081
0.000201
0.000357
0.000445
0.000355
-0.000088
0.001102
0.001210
-0.000639
-0.002023
-0.002834
0.000247
0.001382
-0.001442
0.001307
0.000789
0.000457
0.001212
0.003624
0.007425
0.005834
0.003398
0.005773
0.000505
0.001136
0.002609
0.000379
0.000598
0.000252
0.000303
0.000314
0.000299
0.000300
0.000308
0.000286
0.000285
0.000272
0.000238
0.000292
0.000322
0.000322
0.000154
0.000287
0.000336
0.000348
0.000399
0.000278
0.000361
0.000393
0.000327
0.000260
0.000380
0.000449
0.000471
0.000476
0.000408
0.000337
0.000246
0.000195
0.000215
0.000191
0.000309
0.000292
0.000267
0.000274
0.000239
0.000202
0.000182
0.000229
-0.000355
0.004807
0.001579
-0.001257
0.000068
0.000260
0.000451
0.000367
0.001511
0.001580
0.002726
0.006674
0.004524
0.001322
-0.000296
-0.002465
-0.006707
-0.004578
-0.002170
-0.000365
0.000217
0.000689
0.004432
0.008583
0.004089
0.001251
-0.006075
-0.006475
-0.007237
-0.005889
0.000812
0.009353
0.001023
0.000351
0.000378
0.000319
0.000296
0.000271
0.000276
0.000293
0.000244
0.000295
0.000304
0.000346
0.000310
0.000273
0.000324
0.000377
0.000463
0.000486
0.000346
0.000346
0.000350
0.000417
0.000395
0.000373
0.000324
0.000473
0.000453
0.000430
0.000421
0.000238
0.000216
0.000282
0.000243
0.000276
0.000310
0.000282
0.000263
0.000279
0.000233
0.000225
0.000292
0.000144
0.003031
0.006660
0.001715
-0.000394
0.000095
0.000499
0.001884
0.004555
0.006755
0.005553
0.004604
0.004094
0.000994
0.002820
0.002249
-0.003125
-0.002427
-0.001195
-0.000708
-0.000063
0.000528
0.001329
0.005221
0.002489
-0.001186
-0.010221
-0.002607
-0.005445
-0.005048
-0.002248
0.004623
0.010039
0.001152
0.000326
0.000328
0.000286
0.000247
0.000244
0.000279
0.000306
0.000298
0.000266
0.000377
0.000367
0.000296
0.000409
0.000465
0.000497
0.000499
0.000465
0.000440
0.000438
0.000488
0.000455
0.000422
0.000330
0.000406
0.000406
0.000459
0.000360
0.000301
0.000345
0.000309
0.000315
0.000282
0.000330
0.000316
0.000298
0.000301
0.000245
0.000214
0.000247
0.000227
-0.000312
0.004151
0.003527
0.001301
0.000474
0.000386
0.000244
0.000390
0.000259
0.000349
0.000363
0.000437
0.000282
0.001314
0.002415
0.000569
-0.000457
-0.001208
-0.000871
-0.000448
0.000406
0.002218
0.006387
0.003604
-0.003400
-0.001762
-0.000829
0.000116
0.000535
-0.001363
-0.006241
0.007946
0.007787
0.000677
0.000233
0.000221
0.000181
0.000216
0.000305
0.000313
0.000280
0.000122
0.000258
0.000304
0.000382
0.000486
0.000414
0.000457
0.000466
0.000523
0.000516
0.000499
0.000500
0.000453
0.000447
0.000394
0.000385
0.000433
0.000438
0.000328
0.000278
0.000298
0.000329
0.000308
0.000267
0.000299
0.000293
0.000289
0.000305
0.000290
0.000290
0.000277
0.000222
0.000044
-0.000236
0.000361
0.000410
0.000235
0.000265
0.000249
0.000195
0.000277
0.000339
0.000371
0.000271
0.000233
0.000266
0.000820
0.000867
0.000442
0.002921
0.001947
-0.000188
0.000648
0.005276
0.010868
0.006324
0.000532
-0.000326
-0.001098
-0.001052
0.000600
-0.000069
-0.004400
0.001866
0.004796
0.002052
0.000152
0.000134
0.000145
0.000178
0.000329
0.000353
0.000354
0.000122
0.000082
0.000411
0.000402
0.000394
0.000452
0.000447
0.000467
0.000492
0.000538
0.000537
0.000540
0.000417
0.000444
0.000413
0.000394
0.000438
0.000501
0.000307
0.000304
0.000245
0.000277
0.000257
0.000250
0.000259
0.000232
0.000258
0.000300
0.000327
0.000306
0.000263
0.000255
0.000290
0.000315
0.000164
0.000203
0.000241
0.000241
0.000211
0.000231
0.000371
0.000379
0.000102
-0.000484
0.000017
0.000560
0.001106
0.001854
0.002246
-0.009066
-0.008617
-0.002207
-0.001150
-0.000334
-0.002788
-0.002834
-0.006923
-0.008780
-0.008444
-0.009045
-0.000090
0.000321
-0.001614
-0.000637
-0.001241
-0.003697
-0.006970
0.000952
0.000139
0.000198
0.000213
0.000411
0.000396
0.000306
0.000227
0.000351
0.000384
0.000387
0.000503
0.000467
0.000471
0.000461
0.000512
0.000466
0.000584
0.000483
0.000478
0.000427
0.000414
0.000525
0.000536
0.000316
0.000325
0.000327
0.000243
0.000179
0.000236
0.000274
0.000270
0.000245
0.000262
0.000328
0.000273
0.000278
0.000301
0.000332
0.000342
0.000149
0.000157
0.000268
0.000289
0.000307
0.000337
0.000334
0.002998
0.000591
-0.001071
-0.000104
-0.001277
0.000638
0.000658
-0.004172
-0.007795
-0.012339
-0.009910
-0.007939
-0.005675
-0.009832
-0.005615
-0.007673
-0.008810
-0.012145
-0.011501
-0.011252
-0.007328
0.001292
0.000709
-0.002860
-0.005139
-0.007564
-0.008658
0.000775
0.000359
0.000367
0.000496
0.000486
0.000442
0.000397
0.000451
0.000445
0.000472
0.000521
0.000499
0.000488
0.000460
0.000520
0.000499
0.000523
0.000423
0.000444
0.000463
0.000430
0.000517
0.000492
0.000294
0.000328
0.000305
0.000281
0.000164
0.000148
0.000287
0.000248
0.000198
0.000215
0.000263
0.000237
0.000271
0.000317
0.000325
0.000286
0.000225
0.000204
0.000285
0.000328
0.000510
0.003106
0.005335
0.010047
0.009406
0.004931
0.000542
-0.001032
-0.000850
-0.001283
-0.005018
-0.011096
-0.014050
-0.012077
-0.008631
-0.007570
-0.005029
-0.011018
-0.010540
-0.009775
-0.009515
-0.011151
-0.010196
-0.009464
-0.007984
0.002703
-0.002036
-0.005947
-0.008566
-0.011623
-0.008315
0.000464
0.000424
0.000500
0.000419
0.000430
0.000386
0.000329
0.000464
0.000474
0.000520
0.000533
0.000541
0.000579
0.000630
0.000511
0.000441
0.000502
0.000560
0.000576
0.000531
0.000460
0.000652
0.000354
0.000312
0.000374
0.000324
0.000277
0.000237
0.000278
0.000227
0.000174
0.000224
0.000244
0.000241
0.000266
0.000231
0.000284
0.000305
0.000258
0.000212
0.000320
0.000150
0.000644
0.004657
0.009630
0.011139
0.013299
0.005615
-0.000388
-0.001254
-0.001163
-0.002859
-0.008137
-0.014483
-0.015115
-0.013441
-0.008884
-0.007738
-0.007799
-0.005867
-0.004373
-0.013035
-0.011061
-0.010017
-0.009921
-0.011455
-0.009407
-0.007955
-0.003592
-0.006924
-0.008522
-0.009341
-0.016571
-0.011703
0.000013
0.000482
0.000457
0.000439
0.000419
0.000325
0.000443
0.000438
0.000488
0.000566
0.000599
0.000598
0.000529
0.000487
0.000489
0.000519
0.000588
0.000664
0.000544
0.000633
0.000821
0.000385
0.000353
0.000373
0.000317
0.000320
0.000272
0.000235
0.000249
0.000164
0.000165
0.000204
0.000234
0.000245
0.000239
0.000288
0.000349
0.000236
0.000304
0.000287
0.000234
0.000487
0.004838
0.011182
0.009672
0.009966
0.005544
-0.000170
-0.000915
-0.002176
-0.004562
-0.011651
-0.015771
-0.014719
-0.013315
-0.010464
-0.007705
-0.007545
-0.007776
-0.007732
-0.006688
-0.004925
-0.003466
-0.006548
-0.003508
-0.000446
-0.008209
-0.003733
-0.004705
-0.002378
-0.010324
-0.017376
-0.019887
-0.011994
-0.000230
0.000204
0.000443
0.000437
0.000378
0.000423
0.000442
0.000475
0.000509
0.000525
0.000455
0.000461
0.000565
0.000518
0.000517
0.000574
0.000547
0.000549
0.000442
0.000449
0.000369
0.000348
0.000364
0.000277
0.000349
0.000317
0.000202
0.000156
0.000149
0.000184
0.000215
0.000249
0.000252
0.000275
0.000288
0.000332
0.000370
0.000265
0.000323
0.000314
0.000251
0.001084
0.003820
0.004821
0.003974
0.001776
0.000469
-0.000690
-0.002980
-0.007666
-0.015385
-0.016440
-0.011102
-0.011725
-0.009758
-0.008653
-0.008567
-0.009355
-0.007645
-0.007443
-0.007881
-0.006584
-0.005698
-0.005752
-0.005296
-0.002766
-0.010684
-0.010028
-0.006499
-0.013436
-0.018638
-0.016692
-0.015515
-0.014005
-0.008137
-0.000006
0.000400
0.000384
0.000405
0.000470
0.000358
0.000386
0.000471
0.000464
0.000509
0.000588
0.000573
0.000548
0.000543
0.000494
0.000499
0.000482
0.000453
0.000402
0.000364
0.000346
0.000304
0.000311
0.000310
0.000275
0.000231
0.000239
0.000200
0.000216
0.000212
0.000286
0.000357
0.000428
0.000514
0.000342
0.000348
0.000298
0.000391
0.000361
0.000143
0.000810
0.002948
0.003540
0.001450
-0.000673
-0.002427
-0.004486
-0.007493
-0.013087
-0.013176
-0.014606
-0.010684
-0.008784
-0.007943
-0.009391
-0.010228
-0.008687
-0.006850
-0.007743
-0.006857
-0.006210
-0.007164
-0.005189
-0.004433
-0.003502
-0.012047
-0.011101
-0.015717
-0.019820
-0.017213
-0.014889
-0.015263
-0.012515
-0.006190
-0.000326
0.000421
0.000338
0.000294
0.000182
0.000173
0.000421
0.000436
0.000585
0.000580
0.000579
0.000576
0.000566
0.000565
0.000569
0.000604
0.000417
0.000367
0.000375
0.000363
0.000278
0.000295
0.000411
0.000459
0.000500
0.000627
0.000116
0.000133
0.000217
0.000443
0.000333
0.000308
0.000329
0.000330
0.000400
0.000436
0.000384
0.000333
0.000185
0.000167
0.001019
0.002211
0.000523
-0.002617
-0.003461
-0.003768
-0.007136
-0.011506
-0.011647
-0.009690
-0.010461
-0.008516
-0.007451
-0.008958
-0.009483
-0.009251
-0.006456
-0.006217
-0.006780
-0.007481
-0.005589
-0.005139
-0.004007
-0.004198
-0.008907
-0.010343
-0.020047
-0.017147
-0.015314
-0.014557
-0.013453
-0.012148
-0.011173
-0.007453
-0.004943
0.000046
0.000456
0.000340
0.000243
0.000283
0.000503
0.000490
0.000564
0.000531
0.000587
0.000630
0.000632
0.000683
0.000727
0.000563
0.000362
0.000372
0.000431
0.000364
0.000424
0.000457
0.000421
0.000453
0.000422
0.000454
0.000361
0.000647
0.000187
0.000318
0.000345
0.000352
0.000253
0.000241
0.000337
0.000366
0.000288
0.000482
0.000402
0.000516
0.000619
0.000820
-0.000132
0.000570
0.001473
-0.006577
-0.007163
-0.010308
-0.009586
-0.007336
-0.009223
-0.009625
-0.009806
-0.009712
-0.009474
-0.005934
-0.005027
-0.006718
-0.006173
-0.004379
-0.004927
-0.004767
-0.002474
-0.003069
-0.000557
-0.015103
-0.014672
-0.009530
-0.008090
-0.008464
-0.008553
-0.009421
-0.008355
-0.007482
-0.005734
-0.002262
-0.000199
0.000571
0.000453
0.000409
0.000460
0.000520
0.000497
0.000608
0.000576
0.000595
0.000684
0.000650
0.000575
0.000333
0.000398
0.000418
0.000504
0.000432
0.000384
0.000412
0.000399
0.000368
0.000436
0.000367
0.000350
0.000502
0.000531
0.000530
0.000156
0.000591
0.000566
0.000514
0.000471
0.000389
0.000217
0.000180
0.000221
0.000251
0.000232
0.000212
0.000248
0.000260
0.000405
0.001076
-0.004910
-0.006179
-0.005675
-0.007895
-0.008966
-0.009595
-0.009796
-0.009077
-0.005792
-0.005999
-0.005713
-0.005094
-0.005293
-0.004427
-0.003084
-0.003208
-0.004482
-0.004011
-0.010658
-0.008533
-0.003807
-0.001915
-0.001655
0.001004
-0.001664
-0.001645
0.000193
0.001936
0.002724
0.001060
0.000686
0.000473
0.000549
0.000457
0.000561
0.000649
0.000520
0.000454
0.000488
0.000641
0.000669
0.000621
0.000298
0.000407
0.000414
0.000443
0.000333
0.000308
0.000418
0.000419
0.000420
0.000428
0.000447
0.000396
0.000422
0.000386
0.000425
0.000440
0.000417
0.000485
0.000473
0.000433
0.000400
0.000352
0.000230
0.000246
0.000160
0.000129
0.000178
0.000250
0.000254
0.000158
0.000229
0.000014
-0.000122
-0.000145
-0.000300
-0.000625
-0.000725
-0.005300
-0.005822
-0.006358
-0.004806
-0.005265
-0.003605
-0.003690
-0.003727
-0.003099
-0.004383
-0.005436
-0.004468
-0.004934
-0.003295
0.004203
0.003527
0.002925
0.003025
0.006452
0.009187
0.008052
0.001903
0.001080
0.001230
0.000703
0.000788
0.000652
0.000667
0.000633
0.000673
0.000403
0.000413
0.000480
0.000616
0.000676
0.000666
0.000346
0.000406
0.000453
0.000423
0.000368
0.000309
0.000396
0.000402
0.000417
0.000436
0.000422
0.000405
0.000440
0.000485
0.000427
0.000386
0.000415
0.000494
0.000516
0.000494
0.000403
0.000424
0.000282
0.000208
0.000168
0.000213
0.000193
0.000145
0.000107
0.000111
0.000119
0.000056
0.000354
0.000345
0.000609
0.000666
0.000729
-0.000118
-0.000349
-0.000345
-0.000547
-0.000651
-0.000568
-0.000774
-0.003379
-0.005540
-0.005229
-0.005001
-0.005738
-0.006371
-0.005478
0.008123
0.002434
-0.002761
0.000924
0.003227
0.001580
0.001473
0.001220
0.001247
0.001256
0.000979
0.000871
0.000847
0.000917
0.000790
0.000640
0.000518
0.000497
0.000555
0.000599
0.000645
0.000564
0.000469
0.000397
0.000472
0.000492
0.000439
0.000360
0.000271
0.000381
0.000430
0.000499
0.000501
0.000386
0.000347
0.000457
0.000448
0.000420
0.000441
0.000467
0.000528
0.000492
0.000461
0.000426
0.000351
0.000228
0.000177
0.000193
0.000222
0.000178
0.000081
0.000028
0.000181
0.000085
0.000355
0.000502
0.000602
0.000673
0.000822
0.000804
0.000533
0.000484
0.000651
0.000701
0.000853
0.000843
0.000017
-0.004988
-0.005225
-0.005332
-0.006460
-0.007315
-0.006985
0.001064
-0.002559
0.000195
0.001181
0.001347
0.001417
0.001286
0.001258
0.001328
0.001189
0.001171
0.001076
0.000861
0.000818
0.000867
0.000654
0.000640
0.000585
0.000603
0.000589
0.000601
0.000575
0.000372
0.000376
0.000384
0.000349
0.000301
0.000367
0.000385
0.000352
0.000321
0.000360
0.000440
0.000331
0.000177
0.000221
0.000329
0.000391
0.000395
0.000481
0.000548
0.000510
0.000467
0.000425
0.000385
0.000218
0.000207
0.000308
0.000310
0.000239
0.000263
0.000113
0.000347
0.000442
0.000487
0.000507
0.000609
0.000733
0.000771
0.000766
0.000654
0.000606
0.000677
0.000774
0.000837
0.000843
0.000779
0.001024
-0.004485
-0.006006
-0.005445
-0.006744
-0.004328
-0.000599
-0.000275
0.000634
0.000858
0.001121
0.001433
0.001342
0.001199
0.001304
0.001247
0.001311
0.000994
0.000805
0.000972
0.000937
0.000825
0.000617
0.000627
0.000721
0.000665
0.000748
0.000778
0.000192
0.000323
0.000320
0.000313
0.000253
0.000390
0.000447
0.000447
0.000294
0.000367
0.000430
0.000330
0.000194
0.000142
0.000191
0.000301
0.000360
0.000426
0.000490
0.000508
0.000508
0.000415
0.000418
0.000355
0.000415
0.000425
0.000393
0.000359
0.000433
0.000417
0.000514
0.000553
0.000588
0.000468
0.000652
0.000664
0.000641
0.000545
0.000592
0.000585
0.000699
0.000811
0.000793
0.000865
0.000832
0.000800
0.000652
0.000421
0.002622
0.004548
0.005170
0.002496
0.001046
0.000898
0.000904
0.000915
0.001199
0.001216
0.000958
0.001099
0.001112
0.001171
0.000925
0.000908
0.000928
0.000945
0.000720
0.000707
0.000772
0.000711
0.000776
0.000906
0.000868
0.000506
0.000414
0.000425
0.000234
0.000277
0.000371
0.000545
0.000474
0.000337
0.000463
0.000430
0.000417
0.000316
0.000141
0.000192
0.000312
0.000309
0.000358
0.000535
0.000463
0.000484
0.000427
0.000393
0.000394
0.000476
0.000523
0.000487
0.000441
0.000451
0.000532
0.000557
0.000563
0.000542
0.000624
0.000597
0.000646
0.000591
0.000487
0.000499
0.000676
0.000748
0.000746
0.000803
0.000875
0.000905
0.000990
0.000075
-0.005792
-0.009802
0.005088
0.003559
0.001354
0.001095
0.000962
0.000911
0.000803
0.000931
0.000994
0.000949
0.000969
0.001113
0.001209
0.001057
0.001018
0.000844
0.000788
0.000803
0.000847
0.000835
0.000847
0.000748
0.000801
0.000707
0.000444
0.000463
0.000451
0.000260
0.000299
0.000331
0.000558
0.000545
0.000367
0.000340
0.000541
0.000449
0.000361
0.000296
0.000267
0.000325
0.000318
0.000389
0.000429
0.000437
0.000499
0.000505
0.000484
0.000482
0.000420
0.000506
0.000518
0.000512
0.000555
0.000590
0.000620
0.000628
0.000646
0.000661
0.000612
0.000605
0.000504
0.000587
0.000585
0.000647
0.000691
0.000711
0.000924
0.000777
0.000865
0.000861
0.000886
-0.001534
0.000041
0.001381
0.001130
0.000620
0.001009
0.001089
0.001006
0.001009
0.001014
0.001098
0.000953
0.000900
0.000788
0.001125
0.001092
0.000982
0.000919
0.000843
0.000930
0.000834
0.000673
0.000703
0.000670
0.000716
0.000671
0.000345
0.000456
0.000409
0.000261
0.000139
0.000391
0.000483
0.000314
0.000414
0.000552
0.000428
0.000587
0.000426
0.000344
0.000361
0.000370
0.000350
0.000353
0.000346
0.000447
0.000463
0.000458
0.000459
0.000497
0.000484
0.000499
0.000544
0.000566
0.000604
0.000545
0.000571
0.000583
0.000654
0.000701
0.000638
0.000569
0.000628
0.000698
0.000668
0.000616
0.000662
0.000653
0.000821
0.000940
0.000832
0.000851
0.000994
0.000864
0.000850
0.001005
0.000967
0.000983
0.001059
0.001171
0.001201
0.001118
0.001144
0.001233
0.001088
0.000938
0.000613
0.001068
0.000968
0.001066
0.000945
0.000980
0.000968
0.000775
0.000602
0.000706
0.000673
0.000657
0.000658
0.000539
0.000428
0.000447
0.000247
0.000138
0.000340
0.000430
0.000462
0.000501
0.000472
0.000481
0.000596
0.000515
0.000438
0.000411
0.000409
0.000431
0.000372
0.000317
0.000385
0.000382
0.000555
0.000515
0.000541
0.000570
0.000478
0.000521
0.000558
0.000436
0.000438
0.000532
0.000646
0.000733
0.000666
0.000640
0.000581
0.000578
0.000564
0.000586
0.000628
0.000726
0.000786
0.000824
0.000848
0.000833
0.000867
0.000883
0.000908
0.000885
0.000950
0.001008
0.001047
0.001158
0.001319
0.001258
0.001161
0.001250
0.001217
0.001313
0.001134
0.000791
0.000963
0.001009
0.001026
0.000921
0.000952
0.000906
0.000931
0.000762
0.000629
0.000651
0.000640
0.000684
0.000500
0.000505
0.000416
0.000342
0.000010
0.000276
0.000423
0.000573
0.000598
0.000513
0.000480
0.000608
0.000575
0.000507
0.000443
0.000435
0.000403
0.000401
0.000253
0.000426
0.000409
0.000552
0.000572
0.000573
0.000593
0.000480
0.000705
0.000661
0.000569
0.000410
0.000544
0.000731
0.000681
0.000793
0.000636
0.000605
0.000622
0.000560
0.000550
0.000716
0.000849
0.000923
0.000827
0.000766
0.000715
0.000713
0.000840
0.000934
0.001010
0.001109
0.001102
0.001031
0.001329
0.001313
0.001199
0.001079
0.001272
0.001278
0.001343
0.001275
0.001108
0.000807
0.000804
0.000980
0.000944
0.000941
0.000946
0.000749
0.000697
0.000623
0.000549
0.000656
0.000547
