-0.001295
-0.000578
-0.000598
0.000632
-0.000764
-0.000849
-0.000855
0.000438
-0.001228
-0.001303
-0.001130
-0.000603
-0.001095
-0.001100
-0.001204
-0.001405
-0.001787
-0.001660
-0.001706
-0.001841
-0.001724
-0.001428
-0.001353
-0.001330
-0.001193
-0.001083
-0.001055
-0.000984
-0.000931
-0.000903
-0.000928
-0.001034
-0.001018
-0.001155
-0.001098
-0.001107
-0.001086
-0.001053
-0.001135
-0.001194
-0.001316
-0.001359
-0.001167
-0.001121
-0.001322
-0.001320
-0.001102
-0.000979
-0.001016
-0.001127
-0.001186
-0.001208
-0.001133
-0.001014
-0.001017
-0.000934
-0.000986
-0.000925
-0.000944
-0.001002
-0.000896
-0.000755
-0.000548
-0.000404
0.000048
0.000145
-0.001158
0.000259
0.000287
0.000202
0.000061
0.000107
0.000195
-0.001683
-0.001637
-0.001764
-0.001643
-0.001896
-0.001617
-0.001684
-0.001623
-0.001441
-0.001434
-0.001520
-0.001620
-0.001592
-0.001221
-0.001336
-0.001256
-0.001449
-0.001483
-0.001449
-0.001466
-0.001408
-0.001297
-0.001152
-0.001182
-0.001254
-0.001233
-0.001172
-0.001272
-0.001273
-0.001196
-0.001015
-0.000957
-0.001095
-0.001177
-0.001140
-0.001208
-0.001214
-0.001119
-0.001146
-0.001191
-0.001215
-0.001316
-0.001406
-0.001331
-0.001321
-0.001221
-0.001191
-0.001174
-0.001088
-0.001068
-0.001079
-0.001111
-0.001003
-0.000969
-0.000946
-0.000904
-0.000918
-0.000936
-0.000988
-0.001036
-0.000986
-0.000964
-0.000906
-0.000964
-0.000903
-0.001066
-0.001198
-0.001275
-0.001076
-0.001041
-0.000983
-0.001004
-0.000289
-0.001614
-0.001556
-0.001641
-0.001929
-0.001782
-0.001380
-0.001428
-0.001545
-0.001510
-0.001502
-0.001149
-0.001484
-0.001546
-0.001313
-0.001104
-0.001120
-0.001272
-0.001319
-0.001320
-0.001145
-0.001464
-0.001363
-0.001410
-0.001301
-0.001314
-0.001165
-0.001205
-0.001229
-0.001241
-0.001252
-0.001092
-0.001098
-0.001140
-0.001131
-0.001246
-0.001222
-0.001254
-0.001186
-0.001116
-0.001167
-0.001118
-0.001206
-0.001261
-0.001306
-0.001333
-0.001102
-0.001189
-0.001129
-0.001101
-0.001062
-0.001024
-0.001001
-0.000970
-0.001033
-0.000978
-0.000972
-0.000861
-0.000952
-0.000998
-0.000958
-0.000908
-0.000893
-0.000944
-0.000939
-0.001049
-0.001029
-0.001209
-0.001081
-0.001147
-0.001095
-0.000998
-0.001119
-0.000849
-0.001416
-0.001435
-0.001624
-0.001574
-0.001419
-0.001419
-0.001348
-0.001415
-0.001410
-0.001619
-0.001321
-0.001527
-0.001386
-0.001350
-0.001120
-0.001048
-0.001226
-0.001293
-0.001388
-0.001229
-0.001124
-0.001014
-0.001181
-0.001403
-0.001249
-0.001282
-0.001214
-0.001250
-0.001150
-0.001151
-0.001133
-0.001021
-0.001168
-0.001227
-0.001264
-0.001067
-0.001171
-0.001190
-0.001201
-0.001159
-0.001122
-0.001204
-0.001145
-0.001261
-0.001233
-0.001155
-0.001164
-0.001118
-0.001149
-0.001037
-0.001045
-0.001099
-0.001003
-0.001008
-0.000968
-0.000970
-0.000867
-0.000840
-0.000913
-0.000859
-0.000864
-0.000911
-0.000892
-0.000974
-0.001118
-0.001012
-0.001156
-0.001033
-0.001141
-0.001070
-0.001032
-0.001251
-0.000952
-0.001430
-0.001401
-0.001247
-0.001470
-0.001288
-0.001455
-0.001347
-0.001312
-0.001314
-0.001483
-0.001517
-0.001467
-0.001145
-0.001083
-0.001288
-0.001195
-0.001121
-0.001169
-0.001196
-0.001201
-0.000847
-0.001037
-0.001237
-0.001168
-0.001261
-0.001286
-0.001132
-0.001287
-0.001218
-0.001237
-0.001198
-0.001202
-0.001233
-0.001290
-0.001092
-0.001203
-0.001220
-0.001134
-0.001178
-0.001175
-0.001190
-0.001168
-0.001141
-0.001239
-0.001202
-0.001136
-0.001109
-0.001148
-0.001040
-0.001043
-0.001017
-0.000882
-0.000921
-0.001046
-0.000929
-0.000869
-0.000766
-0.000820
-0.000836
-0.000819
-0.000819
-0.000779
-0.000702
-0.000939
-0.000879
-0.001158
-0.001132
-0.001162
-0.001013
-0.001070
-0.001120
-0.001158
-0.002169
-0.001235
-0.001745
-0.001458
-0.001280
-0.001423
-0.001556
-0.001466
-0.001351
-0.001279
-0.001364
-0.001481
-0.001398
-0.001373
-0.001064
-0.000972
-0.001323
-0.001145
-0.001174
-0.001271
-0.000967
-0.000923
-0.001084
-0.001215
-0.001141
-0.001202
-0.001177
-0.001186
-0.001314
-0.001302
-0.001356
-0.001363
-0.001328
-0.001306
-0.001205
-0.001467
-0.001324
-0.001161
-0.001098
-0.001140
-0.001199
-0.001208
-0.001161
-0.001174
-0.001118
-0.001187
-0.001190
-0.001148
-0.001152
-0.001126
-0.001099
-0.000932
-0.000921
-0.000943
-0.000984
-0.000859
-0.000791
-0.000806
-0.000781
-0.000773
-0.000799
-0.000826
-0.000894
-0.000907
-0.000880
-0.000953
-0.000992
-0.001016
-0.001011
-0.001016
-0.001092
-0.001107
-0.001183
-0.000889
-0.001282
-0.001646
-0.001439
-0.001251
-0.001345
-0.001313
-0.001454
-0.001419
-0.001254
-0.001255
-0.001264
-0.001392
-0.001319
-0.000865
-0.000984
-0.001120
-0.001236
-0.001323
-0.001213
-0.001133
-0.001069
-0.001063
-0.001107
-0.001261
-0.001205
-0.001252
-0.001316
-0.001389
-0.001128
-0.001193
-0.001360
-0.001426
-0.001339
-0.001240
-0.001247
-0.001127
-0.001087
-0.001085
-0.001120
-0.001210
-0.001186
-0.001221
-0.001198
-0.001167
-0.001138
-0.001189
-0.001140
-0.001127
-0.000952
-0.000923
-0.000935
-0.000905
-0.000977
-0.000871
-0.000846
-0.000876
-0.000846
-0.000813
-0.000790
-0.000786
-0.000883
-0.000930
-0.000914
-0.000911
-0.001089
-0.000995
-0.000971
-0.001010
-0.000950
-0.001018
-0.001041
-0.001093
-0.001129
-0.001377
-0.001437
-0.001565
-0.001493
-0.001285
-0.001399
-0.001418
-0.001455
-0.001202
-0.001204
-0.001082
-0.001367
-0.001303
-0.000988
-0.001097
-0.001318
-0.001269
-0.001248
-0.001266
-0.001549
-0.001502
-0.001253
-0.001364
-0.001273
-0.000962
-0.001327
-0.001291
-0.001437
-0.001255
-0.001299
-0.001254
-0.001416
-0.001362
-0.001287
-0.001301
-0.001257
-0.001165
-0.001114
-0.001115
-0.001120
-0.001205
-0.001237
-0.001194
-0.001219
-0.001119
-0.001121
-0.001131
-0.001069
-0.000896
-0.000863
-0.000870
-0.000954
-0.000869
-0.000886
-0.000986
-0.000905
-0.000828
-0.000742
-0.000775
-0.000862
-0.000873
-0.000926
-0.000950
-0.000878
-0.001051
-0.001011
-0.000990
-0.001001
-0.000865
-0.000926
-0.000948
-0.000877
-0.000979
-0.001520
-0.001508
-0.001537
-0.001668
-0.001617
-0.001763
-0.001660
-0.001589
-0.001365
-0.001261
-0.001148
-0.001318
-0.001395
-0.001246
-0.001129
-0.001326
-0.001292
-0.001114
-0.001403
-0.001320
-0.001356
-0.001291
-0.001388
-0.001489
-0.001290
-0.001316
-0.001365
-0.001307
-0.001221
-0.001188
-0.001250
-0.001334
-0.001336
-0.001296
-0.001264
-0.001250
-0.001251
-0.001109
-0.001102
-0.001105
-0.001201
-0.001215
-0.001157
-0.001210
-0.001199
-0.001161
-0.001082
-0.001097
-0.001081
-0.000998
-0.000849
-0.000805
-0.000728
-0.000891
-0.000987
-0.000986
-0.000774
-0.000823
-0.000836
-0.000892
-0.000934
-0.001019
-0.000974
-0.001081
-0.001048
-0.001140
-0.001030
-0.001125
-0.001037
-0.001001
-0.000919
-0.001042
0.001326
-0.001740
-0.001577
-0.001470
-0.001749
-0.001811
-0.001803
-0.001801
-0.001715
-0.001354
-0.001158
-0.000959
-0.001028
-0.001319
-0.001419
-0.001579
-0.001427
-0.001379
-0.001236
-0.001321
-0.001478
-0.001375
-0.001511
-0.001558
-0.001530
-0.001330
-0.001245
-0.001340
-0.001277
-0.001162
-0.001183
-0.001236
-0.001297
-0.001312
-0.001243
-0.001212
-0.001279
-0.001247
-0.001108
-0.001130
-0.001104
-0.001131
-0.001182
-0.001226
-0.001192
-0.001147
-0.001072
-0.001155
-0.001147
-0.001117
-0.001022
-0.000960
-0.000887
-0.001039
-0.000815
-0.000847
-0.001014
-0.000951
-0.000896
-0.000894
-0.000952
-0.001017
-0.001023
-0.001022
-0.001142
-0.001249
-0.001197
-0.001053
-0.001085
-0.001102
-0.000984
-0.001059
-0.001131
-0.001074
-0.001765
-0.001711
-0.001762
-0.001775
-0.001752
-0.001662
-0.001769
-0.001454
-0.001206
-0.001085
-0.001195
-0.001211
-0.001434
-0.001436
-0.001391
-0.001520
-0.001303
-0.001373
-0.001350
-0.001552
-0.001376
-0.001442
-0.001184
-0.001107
-0.001148
-0.001066
-0.001251
-0.001297
-0.001239
-0.001233
-0.001183
-0.001176
-0.001154
-0.001251
-0.001171
-0.001202
-0.001191
-0.000994
-0.001070
-0.001126
-0.001105
-0.000986
-0.001087
-0.001270
-0.001135
-0.000953
-0.001161
-0.001134
-0.001033
-0.000997
-0.000965
-0.000884
-0.000804
-0.000887
-0.000836
-0.000829
-0.001062
-0.000956
-0.001037
-0.000980
-0.000994
-0.001029
-0.001152
-0.001164
-0.001244
-0.000993
-0.001108
-0.001314
-0.001294
-0.001036
-0.001105
-0.001154
-0.001135
-0.001718
-0.001482
-0.001560
-0.001557
-0.001816
-0.001729
-0.001661
-0.001460
-0.001333
-0.001396
-0.001333
-0.001195
-0.001235
-0.001352
-0.001467
-0.001385
-0.001297
-0.001242
-0.001216
-0.001219
-0.001228
-0.001363
-0.001084
-0.000918
-0.001084
-0.000971
-0.000979
-0.001099
-0.001134
-0.001195
-0.001126
-0.001104
-0.001083
-0.001189
-0.001227
-0.001136
-0.001041
-0.001025
-0.001035
-0.001166
-0.001127
-0.001055
-0.001115
-0.001047
-0.000953
-0.000929
-0.001138
-0.001222
-0.001134
-0.001073
-0.001010
-0.000941
-0.000889
-0.000922
-0.000770
-0.000876
-0.001106
-0.001053
-0.001125
-0.000961
-0.000914
-0.000969
-0.001021
-0.001142
-0.001165
-0.001070
-0.001100
-0.001160
-0.001095
-0.001122
-0.001249
-0.001318
-0.001220
-0.001672
-0.001454
-0.001466
-0.001593
-0.001797
-0.001643
-0.001589
-0.001514
-0.001443
-0.001240
-0.001382
-0.001257
-0.001266
-0.001422
-0.001404
-0.001372
-0.001339
-0.001347
-0.001381
-0.001276
-0.001384
-0.001206
-0.001406
-0.001375
-0.001288
-0.000965
-0.001082
-0.001161
-0.001085
-0.001154
-0.001078
-0.000922
-0.001103
-0.001064
-0.001065
-0.001080
-0.000990
-0.001034
-0.000998
-0.000990
-0.001063
-0.001033
-0.001118
-0.001221
-0.001093
-0.000996
-0.001083
-0.001066
-0.001158
-0.001148
-0.000969
-0.000878
-0.000896
-0.000817
-0.001013
-0.001186
-0.000969
-0.001012
-0.001060
-0.000945
-0.000871
-0.001029
-0.000901
-0.000976
-0.001180
-0.001191
-0.001057
-0.001086
-0.001189
-0.001265
-0.001332
-0.001308
0.000725
-0.001706
-0.001468
-0.001430
-0.001553
-0.001578
-0.001633
-0.001405
-0.001391
-0.001541
-0.001258
-0.001340
-0.001276
-0.001131
-0.001341
-0.001376
-0.001199
-0.001237
-0.001416
-0.001379
-0.001104
-0.001074
-0.001279
-0.001543
-0.001657
-0.002068
-0.001525
-0.001190
-0.001099
-0.001168
-0.001097
-0.000922
-0.000861
-0.000935
-0.001114
-0.001060
-0.000977
-0.000981
-0.000960
-0.000914
-0.001024
-0.001011
-0.001019
-0.001004
-0.001079
-0.001091
-0.001157
-0.001151
-0.001157
-0.001081
-0.000982
-0.000922
-0.000874
-0.000870
-0.000895
-0.001020
-0.000810
-0.001095
-0.000962
-0.000963
-0.000957
-0.001013
-0.000859
-0.001182
-0.001115
-0.001148
-0.001118
-0.001017
-0.001049
-0.001178
-0.001216
-0.001206
-0.001162
-0.001167
-0.001731
-0.001400
-0.001391
-0.001561
-0.001581
-0.001651
-0.001605
-0.001395
-0.001457
-0.001365
-0.001187
-0.001236
-0.001144
-0.001388
-0.001356
-0.001078
-0.001253
-0.001458
-0.001452
-0.001299
-0.001163
-0.001323
-0.002266
-0.003519
-0.002592
-0.002213
-0.001416
-0.001268
-0.001178
-0.001212
-0.001076
-0.000900
-0.000997
-0.001054
-0.001060
-0.000994
-0.000954
-0.000907
-0.000771
-0.000894
-0.000932
-0.000715
-0.000850
-0.000988
-0.001036
-0.001135
-0.001149
-0.001220
-0.001099
-0.000953
-0.000887
-0.000992
-0.000885
-0.000950
-0.000951
-0.001061
-0.001094
-0.001099
-0.000995
-0.001122
-0.001046
-0.001131
-0.001153
-0.001098
-0.001193
-0.001109
-0.001106
-0.001154
-0.001109
-0.001084
-0.001095
-0.001172
-0.001201
-0.001715
-0.001486
-0.001540
-0.001567
-0.001566
-0.001263
-0.001420
-0.001470
-0.001549
-0.001609
-0.001393
-0.001279
-0.001277
-0.001328
-0.001194
-0.001035
-0.001313
-0.001317
-0.001113
-0.001291
-0.001332
-0.002256
-0.001711
0.003702
0.006578
0.006155
-0.002144
-0.002694
-0.001402
-0.001176
-0.001157
-0.001096
-0.001178
-0.001037
-0.000983
-0.000911
-0.000874
-0.000775
-0.000710
-0.000699
-0.000553
-0.000440
-0.000601
-0.000796
-0.000834
-0.000902
-0.001025
-0.001138
-0.001105
-0.001025
-0.001054
-0.001053
-0.000911
-0.000994
-0.001054
-0.001071
-0.001162
-0.001125
-0.001132
-0.001091
-0.001133
-0.001178
-0.001108
-0.001128
-0.001102
-0.001154
-0.001153
-0.001132
-0.001120
-0.001077
-0.001041
-0.001298
-0.001475
-0.001664
-0.001748
-0.001487
-0.001457
-0.001308
-0.001167
-0.001131
-0.001349
-0.001579
-0.001521
-0.001286
-0.001145
-0.000993
-0.001220
-0.001389
-0.000912
-0.000293
-0.000288
-0.000122
-0.000161
-0.001391
-0.000249
0.000085
0.004173
0.007906
0.007344
0.001515
0.000255
-0.004727
-0.001780
-0.001065
-0.001106
-0.001105
-0.001017
-0.000975
-0.000771
-0.000838
-0.000798
-0.000752
-0.000638
-0.000500
-0.000082
-0.000404
-0.000732
-0.000848
-0.000893
-0.001151
-0.001167
-0.001150
-0.001187
-0.001123
-0.001022
-0.000988
-0.001010
-0.001044
-0.001108
-0.001185
-0.001153
-0.001057
-0.001093
-0.001191
-0.001223
-0.001115
-0.001160
-0.001136
-0.001232
-0.001273
-0.001223
-0.001151
-0.001250
-0.001391
-0.001544
-0.001100
-0.001617
-0.001790
-0.001540
-0.001511
-0.001058
-0.001152
-0.001102
-0.001077
-0.001456
-0.001207
-0.001126
-0.001086
-0.001178
-0.001335
-0.000211
-0.000068
0.003830
0.002659
0.002223
0.002676
0.003089
0.004921
0.002120
0.002295
0.005636
0.008228
0.011095
0.004380
-0.001130
-0.001086
-0.001046
-0.001021
-0.000814
-0.001029
-0.001307
-0.000786
-0.000425
-0.000830
-0.000859
-0.000807
-0.000647
-0.000466
-0.000600
-0.000873
-0.000992
-0.000984
-0.001076
-0.001191
-0.001191
-0.000975
-0.000783
-0.000968
-0.000966
-0.000939
-0.001104
-0.001128
-0.001157
-0.001098
-0.001092
-0.001098
-0.001211
-0.001100
-0.001121
-0.001265
-0.001294
-0.001397
-0.001334
-0.001194
-0.001335
-0.001540
-0.001510
-0.001559
-0.001542
-0.001364
-0.001612
-0.001697
-0.001496
-0.001224
-0.001215
-0.001174
-0.001130
-0.001244
-0.001143
-0.001163
-0.001218
-0.001123
-0.000045
0.003818
0.004660
0.003718
0.003132
0.003366
0.004328
0.004184
0.004266
0.003868
0.003466
0.003332
0.009520
0.006916
0.000496
-0.000768
-0.000921
-0.001015
-0.000923
-0.001027
-0.001169
-0.000061
0.000072
0.000006
-0.000020
-0.000770
-0.000913
-0.000882
-0.000895
-0.000861
-0.000969
-0.001062
-0.000971
-0.001079
-0.001091
-0.001239
-0.000797
-0.000975
-0.001034
-0.000969
-0.001074
-0.001093
-0.001035
-0.001073
-0.001134
-0.001182
-0.001238
-0.001250
-0.001188
-0.001309
-0.001448
-0.001473
-0.001487
-0.001317
-0.001396
-0.001563
-0.001616
-0.001438
-0.001333
-0.001359
-0.001620
-0.001437
-0.001389
-0.001195
-0.001276
-0.001272
-0.001088
-0.001288
-0.001226
-0.001209
-0.001072
-0.001079
-0.000181
-0.001584
0.006000
0.004026
0.000287
-0.000043
0.000955
0.003960
0.004252
0.003395
0.004153
0.004072
0.002679
0.001177
0.000421
-0.000812
0.000700
0.001393
0.001371
0.001334
0.001789
0.002049
0.000382
-0.000916
0.000284
0.000220
-0.000385
-0.000896
-0.000893
-0.000928
-0.001019
-0.001058
-0.001129
-0.001089
-0.001055
-0.001050
-0.001191
-0.001179
-0.001247
-0.001159
-0.001181
-0.001223
-0.001097
-0.001048
-0.001115
-0.001179
-0.001216
-0.001215
-0.001243
-0.001273
-0.001412
-0.001362
-0.001478
-0.001562
-0.001496
-0.001561
-0.001463
-0.001216
-0.001210
-0.001300
-0.001334
-0.001670
-0.001831
-0.001561
-0.001171
-0.000997
-0.001154
-0.000949
-0.000990
-0.001228
-0.001035
-0.001011
-0.000424
-0.001537
-0.002666
0.005283
0.003382
-0.000611
-0.001132
-0.000844
-0.000113
0.004986
0.007264
0.006186
0.004543
0.000617
-0.000729
-0.001295
-0.001465
-0.000949
0.000652
0.001901
0.001642
0.001413
-0.001383
-0.002081
-0.001976
-0.001167
0.000382
-0.000142
-0.000639
-0.000654
-0.000971
-0.001039
-0.001065
-0.001076
-0.001173
-0.001155
-0.001113
-0.001011
-0.000985
-0.001249
-0.001246
-0.001210
-0.001204
-0.001173
-0.001149
-0.001184
-0.001237
-0.001318
-0.001227
-0.001338
-0.001290
-0.001206
-0.001363
-0.001465
-0.001536
-0.001500
-0.001252
-0.001132
-0.001199
-0.001323
-0.001394
-0.000596
-0.001555
-0.001704
-0.001429
-0.001241
-0.000879
-0.000803
-0.000928
-0.000795
-0.000875
-0.001098
-0.000731
-0.000876
-0.000975
-0.002730
0.004055
0.006554
-0.000207
-0.000933
-0.001037
-0.000928
0.001875
0.002918
0.000585
0.000698
-0.000014
-0.000115
0.000881
-0.001530
-0.004032
-0.002741
-0.000911
-0.001612
-0.002390
-0.002391
-0.001437
-0.000916
-0.000519
-0.000707
-0.000621
-0.000994
-0.001247
-0.001249
-0.000546
-0.001046
-0.001112
-0.001115
-0.001211
-0.001014
-0.000946
-0.001005
-0.000904
-0.001026
-0.001231
-0.001270
-0.001143
-0.001256
-0.001223
-0.001182
-0.001177
-0.001169
-0.001311
-0.001314
-0.001324
-0.001475
-0.001550
-0.001379
-0.001344
-0.001344
-0.001201
-0.001331
-0.001313
-0.001368
-0.001006
-0.001438
-0.001682
-0.001459
-0.001300
-0.001029
-0.001052
-0.000918
-0.000762
-0.000853
-0.001047
-0.000879
-0.000975
-0.001036
-0.001693
0.001744
0.006017
0.000105
-0.000846
-0.001047
-0.000835
0.001428
0.001083
0.000712
0.001430
0.001512
0.002209
0.003019
0.000084
-0.002157
-0.003787
-0.003150
-0.002169
-0.001987
-0.001092
-0.000226
-0.000869
-0.000476
-0.001679
-0.001406
0.000895
-0.001149
-0.001641
-0.001302
-0.001145
-0.001550
-0.001131
-0.001012
-0.000904
-0.000761
-0.000990
-0.001093
-0.001231
-0.001218
-0.001282
-0.001238
-0.001213
-0.001153
-0.001178
-0.001304
-0.001451
-0.001351
-0.001393
-0.001545
-0.001547
-0.001334
-0.001261
-0.001438
-0.001484
-0.001220
-0.001349
-0.001192
-0.001311
-0.001190
-0.001428
-0.001454
-0.001455
-0.001415
-0.000907
-0.000941
-0.000881
-0.000764
-0.000805
-0.000998
-0.000953
-0.001020
-0.000942
-0.001496
0.000663
0.006183
0.001654
-0.000910
-0.000772
0.000275
0.000391
0.000460
0.001506
0.002762
0.001245
0.002831
0.002544
0.001893
0.000223
-0.000532
-0.000866
-0.000536
-0.000215
-0.001033
-0.000813
0.000496
-0.003085
-0.007935
-0.004957
-0.001519
-0.001557
-0.001903
-0.001904
-0.002925
-0.001100
-0.001228
-0.001112
-0.001064
-0.000868
-0.000981
-0.001086
-0.001123
-0.001138
-0.001371
-0.001301
-0.001243
-0.001205
-0.001230
-0.001503
-0.001463
-0.001291
-0.001375
-0.001389
-0.001210
-0.001355
-0.001547
-0.001372
-0.001349
-0.001473
-0.001263
-0.001347
-0.001314
-0.001212
-0.001466
-0.001430
-0.001509
-0.001406
-0.001405
-0.000926
-0.001211
-0.001061
-0.001025
-0.001080
-0.001042
-0.000966
-0.000875
-0.001103
-0.001786
0.002172
0.006300
0.003122
0.000261
0.000325
-0.000779
-0.000680
-0.000738
0.000978
0.000558
0.001714
0.001959
0.004558
0.001503
0.000830
-0.000623
-0.000718
-0.000225
-0.000423
0.000092
-0.001808
-0.002531
-0.003942
-0.002690
-0.001164
-0.001353
-0.001510
-0.001801
-0.001282
-0.001224
-0.001380
-0.001464
-0.001180
-0.001035
-0.001061
-0.001142
-0.001155
-0.001197
-0.001338
-0.001353
-0.001422
-0.001363
-0.001456
-0.001425
-0.001338
-0.001428
-0.001420
-0.001386
-0.001585
-0.001477
-0.001409
-0.001186
-0.001377
-0.001523
-0.001451
-0.001539
-0.001487
-0.001127
-0.001392
-0.001411
-0.001502
-0.001092
-0.001401
-0.001370
-0.001371
-0.001295
-0.001147
-0.001168
-0.001195
-0.001028
-0.000955
-0.000991
-0.001224
-0.003576
0.000778
0.000650
-0.000861
-0.001189
-0.001296
-0.000905
-0.001022
-0.001052
-0.001153
-0.000501
0.000228
0.000438
0.000003
0.000939
-0.001988
-0.001463
-0.000426
0.000511
-0.002213
-0.001728
-0.000559
0.000521
0.001256
0.001099
0.001266
0.001632
-0.001380
-0.001621
-0.001412
-0.001497
-0.001659
-0.001741
-0.001210
-0.001113
-0.001140
-0.001199
-0.001256
-0.001295
-0.001370
-0.001490
-0.001415
-0.001439
-0.001446
-0.001368
-0.001371
-0.001337
-0.001423
-0.001552
-0.001346
-0.001348
-0.001329
-0.001374
-0.001582
-0.001591
-0.001750
-0.001754
-0.001112
-0.001584
-0.001590
-0.001481
-0.001345
-0.001189
-0.001259
-0.001279
-0.001230
-0.001240
-0.001190
-0.001091
-0.001092
-0.000976
-0.000908
-0.000875
0.000182
-0.000914
-0.000996
-0.001026
-0.001105
-0.001102
-0.000969
-0.000391
-0.000528
-0.000460
-0.000674
-0.000896
-0.001974
-0.003632
-0.002368
-0.007045
-0.007261
-0.005477
-0.000017
-0.000115
-0.000395
-0.002362
0.006088
0.012085
0.008464
0.009040
0.006695
0.001628
0.002118
-0.001804
-0.001813
-0.002100
-0.001473
-0.000360
-0.001465
-0.001141
-0.001348
-0.001244
-0.001329
-0.001346
-0.001427
-0.001537
-0.001587
-0.001490
-0.001377
-0.001323
-0.001430
-0.001366
-0.001205
-0.001305
-0.001422
-0.001417
-0.001531
-0.001692
-0.001816
-0.001848
-0.001656
-0.001191
-0.001643
-0.001635
-0.001458
-0.001292
-0.001176
-0.001121
-0.001300
-0.001190
-0.001141
-0.001174
-0.001008
-0.000988
-0.000912
-0.000899
-0.000842
-0.001022
-0.001033
-0.001012
-0.000796
-0.000902
-0.000468
-0.000461
-0.000257
0.000008
0.000351
0.001218
0.000773
-0.001896
-0.004588
-0.004981
-0.007589
-0.008552
-0.005590
-0.005941
-0.005262
-0.004429
0.000058
0.002569
0.004288
0.007329
0.003789
0.000334
0.003301
0.003080
0.002996
0.001362
-0.002123
-0.003149
-0.001922
-0.004227
-0.001692
-0.001257
-0.001330
-0.001304
-0.001352
-0.001368
-0.001494
-0.001447
-0.001369
-0.001365
-0.001432
-0.001258
-0.001197
-0.001207
-0.001317
-0.001507
-0.001562
-0.001568
-0.001775
-0.001731
-0.001487
-0.001500
-0.001172
-0.001234
-0.001278
-0.001324
-0.001454
-0.001390
-0.001140
-0.001457
-0.001197
-0.001009
-0.000992
-0.001051
-0.000992
-0.000800
-0.000941
-0.000961
-0.001096
-0.000992
-0.000871
-0.000787
-0.000880
-0.000004
0.000465
0.000189
0.000123
0.000032
0.000348
0.001103
0.000564
-0.001596
-0.010456
-0.013577
-0.010015
-0.005269
-0.004622
-0.005457
-0.004364
-0.002256
0.000806
0.007181
0.003740
0.006671
0.007423
0.004885
0.001083
0.003457
0.000404
-0.001591
-0.003333
-0.003638
-0.009317
-0.011140
-0.000533
-0.001395
-0.001240
-0.001401
-0.001338
-0.001307
-0.001288
-0.001220
-0.001153
-0.001188
-0.001390
-0.001336
-0.001274
-0.001347
-0.001327
-0.001626
-0.001686
-0.001486
-0.001350
-0.001422
-0.001375
-0.001253
-0.001140
-0.000944
-0.001301
-0.001457
-0.001481
-0.001464
-0.001584
-0.001135
-0.001158
-0.001046
-0.001060
-0.001022
-0.000950
-0.000916
-0.000932
-0.000825
-0.000859
-0.000813
-0.000197
0.000144
0.000451
0.000441
0.000219
0.000079
0.000095
0.000046
0.000405
0.001394
0.000224
-0.014671
-0.020288
-0.015932
-0.007261
-0.005032
-0.004114
-0.003289
-0.001199
-0.000706
-0.000656
0.006034
0.009287
0.007989
0.003735
0.007446
0.006518
-0.000145
-0.003476
-0.008808
-0.010170
-0.012383
-0.008511
-0.005160
0.000185
-0.001336
-0.001414
-0.001360
-0.001309
-0.001321
-0.001245
-0.001152
-0.001205
-0.001353
-0.001369
-0.001408
-0.001392
-0.001473
-0.001756
-0.001432
-0.001288
-0.001322
-0.001391
-0.001366
-0.001321
-0.001140
-0.001425
-0.001430
-0.001560
-0.001629
-0.001391
-0.001379
-0.001293
-0.001229
-0.001121
-0.001146
-0.001232
-0.001160
-0.000961
-0.000993
-0.000963
-0.000856
0.000475
0.000936
0.000980
0.000696
0.000538
0.000345
-0.000019
-0.000083
-0.000160
0.000291
0.001728
-0.000224
-0.016569
-0.016440
-0.013559
-0.007274
-0.004197
-0.002857
-0.001937
-0.001201
-0.001186
-0.001102
-0.000756
-0.001039
-0.000630
0.005144
0.012425
0.010971
0.006610
-0.005468
-0.006646
-0.012284
-0.007701
-0.005789
-0.005026
-0.003806
0.000292
-0.001052
-0.001395
-0.001324
-0.001386
-0.001265
-0.001134
-0.001190
-0.001367
-0.001402
-0.001407
-0.001416
-0.001379
-0.001417
-0.000969
-0.001249
-0.001526
-0.001409
-0.001250
-0.001377
-0.001332
-0.001418
-0.001336
-0.001433
-0.001531
-0.001334
-0.001283
-0.001027
-0.000937
-0.001184
-0.001128
-0.001162
-0.001240
-0.001089
-0.000963
-0.000858
0.000224
0.000612
0.000897
0.000790
0.000650
0.000354
0.000168
-0.000106
-0.000250
0.000230
0.000786
0.001749
-0.001539
-0.015878
-0.015814
-0.016436
-0.013307
-0.005086
-0.003009
-0.001823
-0.001078
-0.001086
-0.001333
-0.001256
-0.001064
-0.001072
-0.001204
-0.001188
-0.000878
-0.001967
0.009348
-0.009325
-0.008473
-0.005364
-0.005622
-0.005710
-0.009181
-0.014019
-0.011483
-0.000235
-0.001477
-0.001428
-0.001250
-0.001177
-0.001146
-0.001215
-0.001314
-0.001442
-0.001430
-0.000953
-0.001061
-0.001485
-0.001647
-0.001500
-0.001458
-0.001325
-0.001474
-0.001223
-0.001205
-0.001296
-0.001407
-0.001205
-0.001238
-0.001423
-0.001265
-0.001124
-0.001253
-0.001174
-0.001255
-0.001235
-0.000678
-0.000261
0.000227
0.000746
0.000700
0.000778
0.000475
0.000276
0.000083
0.000006
-0.000115
-0.000127
0.000762
0.000494
0.000248
-0.008466
-0.013032
-0.017365
-0.021760
-0.015762
-0.008164
-0.004787
-0.003168
-0.002001
-0.001335
-0.001277
-0.001363
-0.001211
-0.001211
-0.001323
-0.000923
-0.000876
-0.001094
-0.000314
-0.002350
-0.005774
-0.004471
-0.006022
-0.008041
-0.009885
-0.012106
-0.004752
-0.005419
0.000143
-0.000649
-0.001079
-0.001103
-0.001334
-0.001491
-0.001312
-0.001332
-0.001359
-0.001282
-0.001675
-0.001917
-0.001709
-0.001457
-0.001316
-0.001170
-0.001420
-0.001155
-0.001157
-0.001304
-0.001396
-0.001317
-0.001404
-0.001234
-0.000968
-0.000795
-0.001418
-0.001422
-0.001132
-0.000470
0.000939
0.000620
0.000639
0.000736
0.000682
0.000520
0.000266
0.000183
0.000089
0.000041
-0.000151
0.000154
0.000297
0.000509
-0.000526
-0.012505
-0.017605
-0.018277
-0.023195
-0.018293
-0.014236
-0.010068
-0.006221
-0.003121
-0.001420
-0.001225
-0.001186
-0.001080
-0.001191
-0.001076
-0.000969
-0.001268
-0.001612
-0.002355
-0.000321
-0.003057
-0.004300
-0.005321
-0.007545
-0.009651
-0.005149
-0.003503
-0.000656
0.000936
-0.001896
0.000230
0.000217
0.000114
-0.001468
-0.001431
-0.001265
-0.001357
-0.001386
-0.001610
-0.001598
-0.001490
-0.001397
-0.001423
-0.001258
-0.001341
-0.001125
-0.001216
-0.001223
-0.001388
-0.001304
-0.001083
-0.001086
-0.000937
-0.001159
-0.000975
-0.001010
-0.000854
0.000706
0.000683
0.000674
0.000565
0.000582
0.000626
0.000595
0.000097
0.000149
-0.000540
-0.000697
-0.000869
-0.000704
-0.000621
-0.000368
-0.000200
0.000106
-0.010380
-0.017791
-0.018958
-0.017936
-0.014871
-0.009223
-0.005889
-0.002509
-0.001419
-0.001116
-0.000747
-0.000910
-0.001083
-0.001011
-0.001301
-0.001769
-0.002909
0.000018
-0.000703
-0.001408
-0.004027
-0.006413
-0.005339
-0.004253
-0.001314
-0.001245
0.009159
-0.001998
-0.001947
-0.001183
-0.000300
-0.001080
0.000354
-0.000029
-0.001271
-0.001329
-0.001260
-0.001551
-0.001567
-0.001615
-0.001404
-0.001470
-0.001273
-0.001156
-0.001088
-0.001194
-0.001288
-0.001466
-0.001374
-0.001033
-0.001245
-0.001340
-0.001355
-0.001364
-0.001380
-0.001094
-0.000488
-0.000493
-0.000024
0.000090
-0.000302
-0.000481
-0.000481
-0.000312
-0.000888
-0.001590
-0.001413
-0.001170
-0.001045
-0.001252
-0.001388
-0.001392
-0.001422
-0.001535
0.000144
-0.014876
-0.009538
-0.004781
-0.003263
-0.001150
-0.001303
-0.001144
-0.001206
-0.001094
-0.000839
-0.000556
-0.001080
-0.000909
-0.002858
-0.002398
-0.001861
-0.001270
-0.000966
-0.002473
-0.006055
-0.002203
0.002141
0.000617
-0.000374
-0.000721
-0.003409
-0.000177
0.000889
0.000739
-0.001202
-0.001486
-0.001517
0.000174
-0.000360
-0.000784
-0.001488
-0.001585
-0.001485
-0.001621
-0.001315
-0.001344
-0.001531
-0.001016
-0.001187
-0.001361
-0.001278
-0.001259
-0.001364
-0.001467
-0.001301
-0.001255
-0.001328
-0.001263
-0.001211
-0.001191
-0.001268
-0.001522
-0.000515
-0.001082
-0.001111
-0.001231
-0.001422
-0.001574
-0.001474
-0.001364
-0.001404
-0.001458
-0.001429
-0.001554
-0.001471
-0.001468
-0.001363
-0.001280
-0.001682
-0.000471
-0.000443
-0.000237
0.000009
0.000253
-0.001132
-0.001196
-0.001070
-0.000860
-0.000949
-0.002234
0.000130
-0.000824
-0.005004
-0.006170
-0.006644
-0.004645
-0.005825
-0.002791
0.001124
0.000380
-0.000987
-0.000610
0.000008
0.000887
0.000136
-0.001009
-0.001236
-0.001394
-0.001443
-0.001464
-0.001476
-0.001566
-0.001604
-0.001465
-0.001215
-0.001281
-0.001637
-0.001552
-0.001413
-0.001564
-0.001138
-0.001304
-0.001368
-0.001396
-0.001279
-0.001184
-0.001152
-0.001123
-0.001100
-0.000928
-0.000577
-0.001420
-0.001413
-0.001579
-0.001471
-0.001172
-0.001158
-0.001235
-0.001291
-0.001331
-0.001429
-0.001383
-0.001362
-0.001418
-0.001296
-0.001383
-0.001611
-0.001719
-0.001500
-0.001345
-0.001186
-0.001206
-0.001111
-0.001069
-0.001002
-0.001202
-0.001346
-0.000099
0.000026
0.000110
-0.000143
-0.000031
-0.000133
0.000149
0.007520
0.002053
-0.003839
-0.008974
-0.007430
-0.007504
-0.009060
-0.003668
-0.001621
-0.001999
-0.001988
-0.001295
-0.001198
-0.001283
-0.001389
-0.001447
-0.001487
-0.001461
-0.001518
-0.001431
-0.001486
-0.001498
-0.001246
-0.001295
-0.001457
-0.001568
-0.001531
-0.001300
-0.001289
-0.001181
-0.001320
-0.001387
-0.001475
-0.001123
-0.001125
-0.001146
-0.001308
-0.001378
-0.001313
-0.000805
-0.001285
-0.001401
-0.001407
-0.001442
-0.001260
-0.001249
-0.001317
-0.001233
-0.001362
-0.001460
-0.001512
-0.001394
-0.001473
-0.001266
-0.001255
-0.001313
-0.001321
-0.001357
-0.001301
-0.001260
-0.001272
-0.001224
-0.001229
-0.001053
-0.001171
-0.001234
-0.001409
-0.001493
-0.001774
-0.001682
-0.001590
-0.001511
-0.001515
0.000556
0.004119
0.002313
-0.003211
-0.008107
-0.007554
-0.006568
-0.000060
-0.001649
-0.001717
-0.001558
-0.001363
-0.001367
-0.001422
-0.001533
-0.001527
-0.001603
-0.001619
-0.001637
-0.001514
-0.001521
-0.001353
-0.001387
-0.001246
-0.001394
-0.001410
-0.001415
-0.001334
-0.001143
-0.000988
-0.001266
-0.001326
-0.001187
-0.001069
-0.001323
-0.001316
-0.001337
-0.001279
-0.001314
-0.001012
-0.001012
-0.000896
-0.001293
-0.001598
-0.001421
-0.001420
-0.001261
-0.001335
-0.001389
-0.001436
-0.001318
-0.001478
-0.001571
-0.001423
-0.001125
-0.001215
-0.001442
-0.001530
-0.001402
-0.001384
-0.001421
-0.001285
-0.001315
-0.001179
-0.001304
-0.001367
-0.001595
-0.001738
-0.001532
-0.001517
-0.001752
-0.001746
-0.001636
-0.001781
0.000029
-0.000426
-0.002483
-0.002998
-0.001752
-0.001752
-0.001618
-0.001226
-0.001916
-0.001427
-0.001336
-0.001516
-0.001601
-0.001573
-0.001600
-0.001747
-0.001767
-0.001769
-0.001357
-0.001439
-0.001312
-0.001316
-0.001415
-0.001423
-0.001206
-0.001143
-0.001265
-0.001322
-0.001579
-0.001169
-0.001409
-0.001235
-0.001301
-0.001437
-0.001294
-0.001228
-0.001263
-0.001402
-0.001393
-0.001184
-0.000987
-0.001215
-0.001365
-0.001659
-0.001680
-0.001420
-0.001344
-0.001295
-0.001413
-0.001447
-0.001444
-0.001624
-0.001692
-0.001592
-0.001383
-0.001474
-0.001675
-0.001643
-0.001625
-0.001674
-0.001447
-0.001444
-0.001422
-0.001477
-0.001580
-0.001616
-0.001621
-0.001769
-0.001795
-0.002007
-0.001978
-0.001967
-0.001834
-0.001644
-0.000809
-0.001987
-0.002076
-0.002067
-0.002082
-0.002189
-0.001900
-0.002013
-0.001580
-0.001701
-0.001840
-0.001921
-0.001669
-0.001829
-0.001829
-0.001839
-0.001661
-0.001508
-0.001478
-0.001604
-0.001642
-0.001540
-0.001270
-0.001074
-0.001167
-0.001279
-0.001400
-0.001441
-0.001428
-0.001468
-0.001475
-0.001354
-0.001341
-0.001238
-0.001417
-0.001382
-0.001371
-0.001305
-0.001232
-0.001279
-0.000682
-0.001460
-0.001432
-0.001732
-0.001480
-0.001337
-0.001155
-0.001407
-0.001662
-0.001499
-0.001728
-0.001964
-0.001985
-0.001781
-0.001634
-0.001756
-0.001857
-0.001801
-0.001684
-0.001634
-0.001479
-0.001520
-0.001584
-0.001642
-0.001745
-0.001638
-0.001918
-0.001769
-0.002197
-0.002338
-0.002266
-0.002186
-0.001984
-0.002138
-0.002273
-0.002588
-0.002437
-0.001805
-0.001885
-0.001998
-0.002291
-0.002251
-0.001909
-0.001840
-0.001762
-0.001921
-0.001655
-0.001550
-0.001588
-0.001642
-0.001633
-0.001671
-0.001633
-0.001794
-0.001512
-0.001321
-0.001146
-0.001308
-0.001340
-0.001521
-0.001643
-0.001518
-0.001288
-0.001288
-0.001439
-0.001327
-0.001393
-0.001410
-0.001285
-0.001273
-0.001081
-0.001154
-0.001179
-0.000902
-0.001280
-0.001316
-0.001390
-0.001505
-0.001301
-0.001093
-0.001321
-0.001666
-0.001532
-0.001610
-0.001778
-0.001940
-0.001762
-0.001852
-0.001886
-0.001934
-0.002031
-0.001895
-0.001790
-0.001743
-0.001634
-0.001483
-0.001689
-0.001677
-0.001600
-0.001981
-0.002104
-0.002157
-0.002284
-0.002320
-0.002278
-0.002325
-0.002347
-0.002360
-0.002245
-0.001942
-0.001806
-0.001858
-0.002064
-0.002274
-0.002128
-0.001882
-0.001848
-0.001818
-0.001773
-0.001480
-0.001590
-0.001676
-0.001630
-0.001709
-0.001580
-0.001618
-0.001518
-0.001266
-0.001257
-0.001380
-0.001319
-0.001309
-0.001605
-0.001278
-0.001547
-0.001252
-0.001233
-0.001112
-0.001309
-0.001350
-0.001347
-0.001151
-0.001286
-0.001180
-0.001163
-0.001011
-0.001079
-0.001282
-0.001061
-0.001333
-0.001476
-0.001317
-0.001303
-0.001646
-0.001697
-0.001531
-0.001709
-0.001689
-0.001688
-0.001827
-0.002048
-0.002107
-0.002154
-0.002212
-0.002157
-0.002003
-0.002023
-0.001644
-0.001522
-0.001728
-0.001975
-0.002007
-0.002053
-0.002183
-0.001983
-0.001960
-0.002066
-0.002297
-0.002359
-0.002114
-0.002150
-0.001792
-0.001750
-0.001899
-0.001952
-0.002106
-0.001894
-0.002153
-0.001925
-0.001767
-0.001678
-0.001534
-0.001639
-0.001510
-0.001505
-0.001654
-0.001755
-0.001541
-0.001399
-0.001351
-0.001367
-0.001416
-0.001579
-0.001313
-0.001414
-0.000981
0.000098
-0.001379
-0.001049
-0.001171
-0.001055
-0.000982
-0.001002
-0.001233
-0.001357
-0.001189
-0.001190
-0.001189
-0.001054
-0.001533
-0.001738
-0.001110
-0.001253
-0.001423
-0.001417
-0.001338
-0.001402
-0.001801
-0.001857
-0.001923
-0.001892
-0.001873
-0.001946
-0.001988
-0.002021
-0.001945
-0.002104
-0.002309
-0.001777
-0.001584
-0.001764
-0.001867
-0.001669
-0.001618
-0.001644
-0.001949
-0.001774
-0.001939
-0.002028
-0.002054
-0.002064
-0.002233
-0.002175
-0.001788
-0.001665
-0.001897
-0.001955
-0.001897
-0.001843
-0.002033
-0.001809
-0.001759
-0.001926
-0.001867
-0.001721
-0.001608
-0.001472
-0.001541
-0.001550
-0.001649
-0.001684
-0.001383
-0.001455
-0.001300
-0.001416
-0.001336
-0.001274
-0.001326
-0.001211
0.000097
0.000108
0.000123
0.000093
-0.001098
0.000126
0.000101
-0.001271
-0.001270
-0.001206
-0.001278
-0.001106
-0.001029
-0.001118
-0.001269
-0.001641
-0.001318
-0.001658
-0.001324
-0.001247
-0.001236
-0.001378
-0.001516
-0.001449
-0.001540
-0.001663
-0.001875
-0.001853
-0.001981
-0.002015
-0.002089
-0.001987
-0.001678
-0.001517
-0.002041
-0.001400
-0.001445
-0.001475
-0.001602
-0.001441
-0.001565
-0.001818
-0.001852
-0.002083
-0.001941
-0.002082
-0.002016
-0.001896
-0.001924
-0.002022
-0.001897
-0.001873
-0.001955
-0.001915
-0.001825
-0.001803
-0.001859
-0.001831
-0.001783
-0.001813
-0.001603
-0.001503
-0.001562
-0.001486
-0.001395
-0.001263
-0.001530
-0.001493
-0.001206
-0.001122
-0.000811
-0.001405
-0.000657
