-0.000561
-0.000253
-0.000264
0.000632
-0.000347
-0.000390
-0.000394
0.000438
-0.000568
-0.000607
-0.000527
-0.000603
-0.000523
-0.000551
-0.000633
-0.000758
-0.000972
-0.000909
-0.000957
-0.001068
-0.001043
-0.000878
-0.000820
-0.000814
-0.000738
-0.000668
-0.000651
-0.000609
-0.000578
-0.000560
-0.000575
-0.000640
-0.000629
-0.000714
-0.000674
-0.000677
-0.000657
-0.000629
-0.000678
-0.000707
-0.000774
-0.000783
-0.000660
-0.000631
-0.000738
-0.000729
-0.000604
-0.000530
-0.000549
-0.000603
-0.000631
-0.000639
-0.000596
-0.000530
-0.000533
-0.000483
-0.000514
-0.000480
-0.000486
-0.000514
-0.000457
-0.000385
-0.000279
-0.000205
0.000024
0.000074
-0.001158
0.000130
0.000138
0.000101
0.000061
0.000054
0.000195
-0.000719
-0.000705
-0.000751
-0.000696
-0.000818
-0.000729
-0.000767
-0.000739
-0.000649
-0.000644
-0.000695
-0.000764
-0.000779
-0.000619
-0.000704
-0.000676
-0.000785
-0.000825
-0.000821
-0.000850
-0.000834
-0.000782
-0.000693
-0.000724
-0.000774
-0.000766
-0.000727
-0.000793
-0.000794
-0.000748
-0.000632
-0.000595
-0.000682
-0.000729
-0.000702
-0.000739
-0.000740
-0.000672
-0.000683
-0.000702
-0.000710
-0.000758
-0.000800
-0.000751
-0.000737
-0.000674
-0.000651
-0.000637
-0.000586
-0.000568
-0.000574
-0.000588
-0.000528
-0.000507
-0.000493
-0.000470
-0.000477
-0.000484
-0.000508
-0.000533
-0.000506
-0.000492
-0.000463
-0.000489
-0.000458
-0.000538
-0.000601
-0.000640
-0.000540
-0.000522
-0.000489
-0.000503
-0.000145
-0.000688
-0.000673
-0.000710
-0.000823
-0.000768
-0.000613
-0.000649
-0.000705
-0.000692
-0.000687
-0.000532
-0.000715
-0.000773
-0.000683
-0.000579
-0.000598
-0.000690
-0.000729
-0.000746
-0.000662
-0.000869
-0.000817
-0.000858
-0.000794
-0.000811
-0.000721
-0.000747
-0.000766
-0.000772
-0.000783
-0.000679
-0.000682
-0.000708
-0.000698
-0.000770
-0.000749
-0.000767
-0.000720
-0.000668
-0.000689
-0.000653
-0.000697
-0.000720
-0.000739
-0.000747
-0.000611
-0.000652
-0.000614
-0.000593
-0.000566
-0.000548
-0.000529
-0.000511
-0.000541
-0.000511
-0.000505
-0.000448
-0.000492
-0.000515
-0.000491
-0.000465
-0.000457
-0.000480
-0.000475
-0.000531
-0.000519
-0.000609
-0.000545
-0.000575
-0.000545
-0.000500
-0.000560
-0.000424
-0.000593
-0.000620
-0.000700
-0.000674
-0.000612
-0.000630
-0.000604
-0.000651
-0.000658
-0.000757
-0.000632
-0.000754
-0.000709
-0.000703
-0.000594
-0.000557
-0.000673
-0.000713
-0.000781
-0.000713
-0.000664
-0.000610
-0.000713
-0.000855
-0.000768
-0.000797
-0.000753
-0.000779
-0.000713
-0.000718
-0.000707
-0.000638
-0.000729
-0.000765
-0.000785
-0.000658
-0.000722
-0.000727
-0.000724
-0.000689
-0.000661
-0.000703
-0.000662
-0.000720
-0.000692
-0.000642
-0.000637
-0.000608
-0.000621
-0.000556
-0.000559
-0.000582
-0.000526
-0.000528
-0.000504
-0.000506
-0.000451
-0.000436
-0.000471
-0.000442
-0.000442
-0.000464
-0.000455
-0.000494
-0.000564
-0.000510
-0.000581
-0.000516
-0.000572
-0.000534
-0.000514
-0.000625
-0.000475
-0.000582
-0.000584
-0.000530
-0.000629
-0.000555
-0.000638
-0.000603
-0.000598
-0.000612
-0.000706
-0.000745
-0.000745
-0.000589
-0.000564
-0.000662
-0.000637
-0.000609
-0.000646
-0.000677
-0.000701
-0.000504
-0.000624
-0.000741
-0.000705
-0.000773
-0.000794
-0.000696
-0.000799
-0.000758
-0.000774
-0.000750
-0.000754
-0.000773
-0.000809
-0.000681
-0.000746
-0.000753
-0.000692
-0.000714
-0.000702
-0.000706
-0.000686
-0.000664
-0.000711
-0.000678
-0.000635
-0.000611
-0.000626
-0.000562
-0.000560
-0.000542
-0.000468
-0.000485
-0.000550
-0.000483
-0.000449
-0.000399
-0.000425
-0.000431
-0.000422
-0.000422
-0.000400
-0.000356
-0.000476
-0.000444
-0.000583
-0.000565
-0.000583
-0.000507
-0.000533
-0.000559
-0.000578
-0.002169
-0.000494
-0.000721
-0.000621
-0.000551
-0.000616
-0.000689
-0.000660
-0.000628
-0.000607
-0.000666
-0.000741
-0.000710
-0.000702
-0.000548
-0.000510
-0.000706
-0.000623
-0.000648
-0.000720
-0.000563
-0.000550
-0.000651
-0.000732
-0.000686
-0.000730
-0.000717
-0.000731
-0.000815
-0.000812
-0.000849
-0.000858
-0.000835
-0.000823
-0.000760
-0.000924
-0.000827
-0.000721
-0.000676
-0.000695
-0.000726
-0.000724
-0.000687
-0.000689
-0.000647
-0.000677
-0.000669
-0.000637
-0.000632
-0.000611
-0.000591
-0.000499
-0.000492
-0.000500
-0.000516
-0.000449
-0.000411
-0.000419
-0.000405
-0.000397
-0.000411
-0.000421
-0.000453
-0.000461
-0.000446
-0.000483
-0.000500
-0.000510
-0.000505
-0.000508
-0.000546
-0.000552
-0.000590
-0.000444
-0.000508
-0.000672
-0.000607
-0.000542
-0.000588
-0.000589
-0.000669
-0.000681
-0.000617
-0.000636
-0.000633
-0.000704
-0.000674
-0.000448
-0.000510
-0.000595
-0.000682
-0.000726
-0.000687
-0.000663
-0.000637
-0.000640
-0.000665
-0.000758
-0.000728
-0.000764
-0.000814
-0.000868
-0.000700
-0.000748
-0.000858
-0.000903
-0.000848
-0.000789
-0.000794
-0.000709
-0.000680
-0.000673
-0.000690
-0.000742
-0.000717
-0.000728
-0.000708
-0.000684
-0.000655
-0.000674
-0.000636
-0.000624
-0.000517
-0.000499
-0.000501
-0.000484
-0.000517
-0.000459
-0.000443
-0.000454
-0.000439
-0.000419
-0.000406
-0.000403
-0.000451
-0.000474
-0.000464
-0.000461
-0.000547
-0.000497
-0.000488
-0.000506
-0.000470
-0.000509
-0.000522
-0.000543
-0.000560
-0.000548
-0.000583
-0.000666
-0.000647
-0.000574
-0.000634
-0.000664
-0.000691
-0.000583
-0.000603
-0.000545
-0.000695
-0.000665
-0.000510
-0.000574
-0.000699
-0.000684
-0.000687
-0.000709
-0.000890
-0.000886
-0.000749
-0.000820
-0.000764
-0.000576
-0.000816
-0.000797
-0.000899
-0.000784
-0.000817
-0.000797
-0.000907
-0.000875
-0.000823
-0.000836
-0.000803
-0.000741
-0.000705
-0.000702
-0.000697
-0.000743
-0.000753
-0.000716
-0.000725
-0.000652
-0.000641
-0.000637
-0.000595
-0.000491
-0.000466
-0.000469
-0.000513
-0.000464
-0.000464
-0.000515
-0.000470
-0.000431
-0.000383
-0.000400
-0.000442
-0.000444
-0.000470
-0.000482
-0.000441
-0.000530
-0.000508
-0.000500
-0.000501
-0.000430
-0.000454
-0.000469
-0.000433
-0.000471
-0.000620
-0.000625
-0.000656
-0.000746
-0.000742
-0.000823
-0.000786
-0.000762
-0.000663
-0.000629
-0.000575
-0.000664
-0.000714
-0.000647
-0.000595
-0.000705
-0.000692
-0.000610
-0.000778
-0.000754
-0.000793
-0.000767
-0.000837
-0.000910
-0.000788
-0.000808
-0.000845
-0.000814
-0.000765
-0.000747
-0.000794
-0.000853
-0.000863
-0.000838
-0.000818
-0.000810
-0.000815
-0.000717
-0.000708
-0.000705
-0.000758
-0.000759
-0.000711
-0.000735
-0.000710
-0.000675
-0.000618
-0.000614
-0.000596
-0.000544
-0.000460
-0.000432
-0.000387
-0.000469
-0.000515
-0.000511
-0.000399
-0.000419
-0.000429
-0.000456
-0.000477
-0.000518
-0.000491
-0.000545
-0.000525
-0.000571
-0.000516
-0.000563
-0.000517
-0.000479
-0.000426
-0.000508
0.001326
-0.000740
-0.000689
-0.000663
-0.000808
-0.000866
-0.000881
-0.000898
-0.000849
-0.000667
-0.000572
-0.000477
-0.000521
-0.000676
-0.000739
-0.000830
-0.000765
-0.000739
-0.000671
-0.000728
-0.000833
-0.000796
-0.000899
-0.000940
-0.000934
-0.000816
-0.000762
-0.000829
-0.000794
-0.000726
-0.000745
-0.000784
-0.000831
-0.000851
-0.000810
-0.000791
-0.000840
-0.000824
-0.000736
-0.000748
-0.000726
-0.000736
-0.000763
-0.000776
-0.000737
-0.000694
-0.000631
-0.000665
-0.000648
-0.000621
-0.000561
-0.000518
-0.000474
-0.000552
-0.000428
-0.000442
-0.000527
-0.000491
-0.000460
-0.000458
-0.000485
-0.000518
-0.000519
-0.000516
-0.000573
-0.000625
-0.000599
-0.000527
-0.000542
-0.000540
-0.000453
-0.000487
-0.000558
-0.000529
-0.000797
-0.000792
-0.000837
-0.000856
-0.000843
-0.000813
-0.000879
-0.000731
-0.000602
-0.000542
-0.000596
-0.000605
-0.000728
-0.000753
-0.000737
-0.000810
-0.000701
-0.000748
-0.000738
-0.000866
-0.000785
-0.000844
-0.000706
-0.000669
-0.000698
-0.000647
-0.000769
-0.000808
-0.000776
-0.000782
-0.000754
-0.000759
-0.000749
-0.000821
-0.000771
-0.000802
-0.000804
-0.000673
-0.000731
-0.000767
-0.000744
-0.000650
-0.000705
-0.000807
-0.000701
-0.000573
-0.000677
-0.000650
-0.000579
-0.000548
-0.000525
-0.000475
-0.000427
-0.000468
-0.000435
-0.000428
-0.000546
-0.000490
-0.000530
-0.000499
-0.000505
-0.000521
-0.000580
-0.000584
-0.000621
-0.000495
-0.000552
-0.000653
-0.000643
-0.000501
-0.000543
-0.000569
-0.000537
-0.000811
-0.000714
-0.000761
-0.000768
-0.000882
-0.000857
-0.000832
-0.000731
-0.000670
-0.000700
-0.000667
-0.000601
-0.000640
-0.000713
-0.000778
-0.000746
-0.000697
-0.000673
-0.000664
-0.000677
-0.000697
-0.000784
-0.000639
-0.000550
-0.000655
-0.000583
-0.000590
-0.000675
-0.000706
-0.000756
-0.000720
-0.000711
-0.000709
-0.000788
-0.000825
-0.000773
-0.000722
-0.000718
-0.000734
-0.000834
-0.000808
-0.000744
-0.000760
-0.000683
-0.000599
-0.000568
-0.000675
-0.000703
-0.000639
-0.000594
-0.000549
-0.000508
-0.000470
-0.000484
-0.000400
-0.000453
-0.000569
-0.000538
-0.000576
-0.000489
-0.000464
-0.000489
-0.000510
-0.000571
-0.000581
-0.000532
-0.000547
-0.000576
-0.000540
-0.000547
-0.000613
-0.000640
-0.000597
-0.000809
-0.000713
-0.000726
-0.000787
-0.000883
-0.000816
-0.000789
-0.000757
-0.000727
-0.000629
-0.000698
-0.000643
-0.000661
-0.000747
-0.000744
-0.000735
-0.000723
-0.000735
-0.000754
-0.000707
-0.000778
-0.000685
-0.000818
-0.000802
-0.000754
-0.000563
-0.000658
-0.000715
-0.000670
-0.000729
-0.000691
-0.000588
-0.000726
-0.000711
-0.000727
-0.000750
-0.000701
-0.000752
-0.000739
-0.000747
-0.000813
-0.000784
-0.000813
-0.000841
-0.000709
-0.000618
-0.000652
-0.000623
-0.000656
-0.000636
-0.000529
-0.000470
-0.000455
-0.000416
-0.000523
-0.000611
-0.000496
-0.000518
-0.000540
-0.000479
-0.000421
-0.000515
-0.000450
-0.000486
-0.000587
-0.000591
-0.000519
-0.000534
-0.000578
-0.000614
-0.000652
-0.000640
0.000725
-0.000842
-0.000726
-0.000707
-0.000767
-0.000785
-0.000815
-0.000705
-0.000700
-0.000773
-0.000639
-0.000687
-0.000663
-0.000598
-0.000709
-0.000732
-0.000646
-0.000672
-0.000771
-0.000753
-0.000610
-0.000601
-0.000725
-0.000839
-0.000839
-0.000808
-0.000612
-0.000684
-0.000666
-0.000723
-0.000686
-0.000577
-0.000547
-0.000616
-0.000771
-0.000743
-0.000697
-0.000715
-0.000721
-0.000704
-0.000816
-0.000829
-0.000838
-0.000793
-0.000785
-0.000734
-0.000736
-0.000701
-0.000674
-0.000612
-0.000544
-0.000501
-0.000468
-0.000459
-0.000463
-0.000529
-0.000417
-0.000561
-0.000493
-0.000490
-0.000482
-0.000501
-0.000430
-0.000587
-0.000554
-0.000568
-0.000540
-0.000480
-0.000494
-0.000577
-0.000580
-0.000590
-0.000568
-0.000571
-0.000855
-0.000697
-0.000690
-0.000772
-0.000783
-0.000818
-0.000799
-0.000703
-0.000735
-0.000698
-0.000615
-0.000644
-0.000606
-0.000730
-0.000724
-0.000585
-0.000682
-0.000791
-0.000792
-0.000713
-0.000646
-0.000674
-0.000707
-0.001700
-0.001629
-0.001194
-0.000678
-0.000732
-0.000721
-0.000761
-0.000679
-0.000575
-0.000674
-0.000740
-0.000759
-0.000719
-0.000711
-0.000700
-0.000623
-0.000771
-0.000836
-0.000664
-0.000760
-0.000756
-0.000729
-0.000748
-0.000711
-0.000709
-0.000619
-0.000526
-0.000481
-0.000528
-0.000465
-0.000493
-0.000492
-0.000545
-0.000559
-0.000561
-0.000500
-0.000563
-0.000517
-0.000563
-0.000571
-0.000544
-0.000589
-0.000537
-0.000541
-0.000564
-0.000542
-0.000528
-0.000535
-0.000571
-0.000585
-0.000849
-0.000740
-0.000759
-0.000774
-0.000774
-0.000628
-0.000709
-0.000739
-0.000783
-0.000815
-0.000715
-0.000666
-0.000668
-0.000703
-0.000639
-0.000560
-0.000712
-0.000720
-0.000611
-0.000709
-0.000679
-0.000872
-0.000760
0.000904
0.002752
0.001997
-0.000560
-0.001163
-0.000796
-0.000714
-0.000730
-0.000737
-0.000827
-0.000734
-0.000709
-0.000674
-0.000667
-0.000618
-0.000608
-0.000652
-0.000542
-0.000534
-0.000638
-0.000670
-0.000625
-0.000595
-0.000621
-0.000658
-0.000615
-0.000561
-0.000566
-0.000562
-0.000480
-0.000517
-0.000544
-0.000550
-0.000593
-0.000566
-0.000571
-0.000544
-0.000565
-0.000584
-0.000548
-0.000556
-0.000521
-0.000563
-0.000562
-0.000553
-0.000545
-0.000462
-0.000487
-0.000628
-0.000677
-0.000825
-0.000866
-0.000729
-0.000724
-0.000653
-0.000585
-0.000569
-0.000683
-0.000798
-0.000774
-0.000663
-0.000598
-0.000527
-0.000644
-0.000736
-0.000492
-0.000194
-0.000167
-0.000082
-0.000107
-0.000387
0.000167
-0.000003
0.000829
0.003847
0.002126
-0.000424
0.000205
-0.002273
-0.000882
-0.000680
-0.000774
-0.000776
-0.000721
-0.000701
-0.000573
-0.000647
-0.000645
-0.000657
-0.000595
-0.000629
-0.000565
-0.000548
-0.000598
-0.000562
-0.000560
-0.000683
-0.000664
-0.000638
-0.000646
-0.000603
-0.000542
-0.000518
-0.000519
-0.000531
-0.000566
-0.000603
-0.000578
-0.000529
-0.000544
-0.000591
-0.000604
-0.000549
-0.000569
-0.000554
-0.000600
-0.000619
-0.000576
-0.000544
-0.000584
-0.000677
-0.000749
-0.001100
-0.000789
-0.000886
-0.000757
-0.000750
-0.000528
-0.000577
-0.000553
-0.000542
-0.000740
-0.000620
-0.000583
-0.000566
-0.000618
-0.000700
-0.000112
-0.000035
0.001668
0.001093
0.000919
0.001176
0.001461
0.002744
0.000986
0.001238
0.003282
0.003641
0.001572
0.000762
-0.000671
-0.000746
-0.000720
-0.000706
-0.000559
-0.000727
-0.000868
-0.000664
-0.000322
-0.000697
-0.000723
-0.000722
-0.000604
-0.000485
-0.000490
-0.000599
-0.000629
-0.000600
-0.000631
-0.000677
-0.000659
-0.000530
-0.000419
-0.000511
-0.000495
-0.000437
-0.000526
-0.000571
-0.000586
-0.000550
-0.000546
-0.000543
-0.000599
-0.000531
-0.000545
-0.000616
-0.000630
-0.000676
-0.000646
-0.000559
-0.000611
-0.000745
-0.000736
-0.000756
-0.000737
-0.000674
-0.000800
-0.000830
-0.000742
-0.000611
-0.000607
-0.000590
-0.000574
-0.000633
-0.000586
-0.000598
-0.000625
-0.000584
-0.000028
0.001937
0.002325
0.001706
0.001378
0.001421
0.001871
0.001907
0.002132
0.002133
0.001905
0.001779
0.003875
-0.000425
-0.000523
-0.000497
-0.000633
-0.000700
-0.000641
-0.000663
-0.001001
-0.000239
-0.000196
-0.000067
-0.000204
-0.000665
-0.000728
-0.000711
-0.000698
-0.000616
-0.000613
-0.000650
-0.000573
-0.000626
-0.000615
-0.000680
-0.000430
-0.000516
-0.000541
-0.000488
-0.000550
-0.000556
-0.000525
-0.000541
-0.000566
-0.000587
-0.000613
-0.000616
-0.000582
-0.000638
-0.000690
-0.000711
-0.000716
-0.000613
-0.000596
-0.000746
-0.000778
-0.000686
-0.000626
-0.000647
-0.000801
-0.000715
-0.000690
-0.000597
-0.000638
-0.000638
-0.000549
-0.000652
-0.000622
-0.000614
-0.000550
-0.000556
-0.000110
-0.000775
0.003676
0.002426
0.000105
-0.000026
0.000167
0.001255
0.001802
0.001783
0.002032
0.001824
0.001126
0.000361
-0.000635
0.000170
0.000974
0.001069
0.000812
0.000664
0.000846
0.000918
-0.000314
-0.000747
-0.000302
-0.000485
-0.000635
-0.000554
-0.000661
-0.000653
-0.000667
-0.000664
-0.000666
-0.000634
-0.000604
-0.000586
-0.000648
-0.000631
-0.000659
-0.000604
-0.000609
-0.000625
-0.000558
-0.000530
-0.000559
-0.000557
-0.000602
-0.000600
-0.000612
-0.000618
-0.000667
-0.000651
-0.000710
-0.000750
-0.000713
-0.000749
-0.000694
-0.000507
-0.000556
-0.000615
-0.000631
-0.000818
-0.000904
-0.000778
-0.000586
-0.000499
-0.000579
-0.000479
-0.000502
-0.000623
-0.000527
-0.000518
-0.000241
-0.000893
-0.001256
0.003799
0.002568
-0.000263
-0.000587
-0.000447
-0.000156
0.002422
0.003430
0.002485
0.002047
0.000129
-0.000571
-0.000781
-0.000456
-0.000081
0.001421
0.001642
0.001037
0.000544
-0.000653
-0.001052
-0.001059
-0.000793
-0.000818
-0.000869
-0.000669
-0.000628
-0.000692
-0.000654
-0.000646
-0.000642
-0.000675
-0.000648
-0.000612
-0.000547
-0.000523
-0.000654
-0.000645
-0.000621
-0.000614
-0.000595
-0.000580
-0.000594
-0.000616
-0.000653
-0.000606
-0.000655
-0.000550
-0.000553
-0.000652
-0.000696
-0.000738
-0.000722
-0.000592
-0.000530
-0.000563
-0.000623
-0.000656
-0.000596
-0.000751
-0.000838
-0.000714
-0.000621
-0.000441
-0.000405
-0.000469
-0.000402
-0.000441
-0.000554
-0.000384
-0.000472
-0.000511
-0.001381
0.003471
0.006263
0.000137
-0.000480
-0.000533
-0.000488
0.001112
0.001066
0.000121
0.000062
-0.000521
-0.000386
0.000742
-0.000847
-0.001739
-0.002292
-0.000411
-0.000085
-0.000640
-0.000730
-0.000653
-0.000527
-0.000436
-0.000819
-0.000848
-0.001017
-0.000827
-0.000796
-0.000547
-0.000684
-0.000630
-0.000625
-0.000670
-0.000552
-0.000508
-0.000530
-0.000471
-0.000528
-0.000630
-0.000646
-0.000578
-0.000630
-0.000610
-0.000587
-0.000582
-0.000575
-0.000630
-0.000632
-0.000635
-0.000705
-0.000739
-0.000655
-0.000636
-0.000634
-0.000566
-0.000625
-0.000616
-0.000643
-0.000473
-0.000705
-0.000827
-0.000724
-0.000646
-0.000514
-0.000528
-0.000464
-0.000386
-0.000425
-0.000541
-0.000474
-0.000522
-0.000562
-0.001178
0.000571
0.004635
0.000410
-0.000424
-0.000539
-0.000451
0.000808
0.000299
-0.000224
-0.000142
-0.000119
0.000735
0.001768
0.000285
-0.001368
-0.001464
-0.000657
-0.000267
-0.000597
-0.000779
-0.000368
-0.000451
-0.000404
-0.000947
-0.000898
-0.000436
-0.000828
-0.000805
-0.000636
-0.000749
-0.000714
-0.000593
-0.000552
-0.000485
-0.000403
-0.000518
-0.000565
-0.000631
-0.000621
-0.000649
-0.000624
-0.000606
-0.000573
-0.000583
-0.000630
-0.000704
-0.000667
-0.000682
-0.000750
-0.000752
-0.000634
-0.000597
-0.000678
-0.000699
-0.000574
-0.000633
-0.000560
-0.000614
-0.000557
-0.000702
-0.000704
-0.000719
-0.000703
-0.000455
-0.000475
-0.000449
-0.000387
-0.000418
-0.000534
-0.000514
-0.000547
-0.000502
-0.001172
-0.000751
0.004612
0.001676
-0.000464
-0.000377
0.000114
0.000187
-0.000053
0.000701
0.001258
0.000257
0.001364
0.001040
0.001357
0.000233
0.000496
0.000448
0.000153
-0.000198
-0.000231
-0.000306
-0.000227
-0.001070
-0.002392
-0.001160
-0.000783
-0.000644
-0.000929
-0.000746
-0.000809
-0.000620
-0.000626
-0.000570
-0.000552
-0.000449
-0.000508
-0.000558
-0.000575
-0.000579
-0.000692
-0.000651
-0.000619
-0.000587
-0.000590
-0.000722
-0.000694
-0.000610
-0.000678
-0.000685
-0.000576
-0.000629
-0.000726
-0.000645
-0.000632
-0.000688
-0.000586
-0.000628
-0.000614
-0.000567
-0.000701
-0.000694
-0.000738
-0.000696
-0.000700
-0.000473
-0.000620
-0.000551
-0.000553
-0.000577
-0.000557
-0.000513
-0.000467
-0.000641
-0.001335
0.001552
0.003952
0.002738
0.000095
0.000104
-0.000602
-0.000572
-0.000920
0.000142
-0.000147
0.000960
0.000567
0.002891
0.000730
0.000649
-0.000025
-0.000039
0.000071
0.000248
0.000709
-0.000015
-0.000486
-0.000635
-0.000541
-0.000489
-0.000702
-0.000591
-0.000650
-0.000732
-0.000618
-0.000628
-0.000599
-0.000549
-0.000535
-0.000547
-0.000586
-0.000585
-0.000599
-0.000663
-0.000673
-0.000700
-0.000615
-0.000704
-0.000684
-0.000640
-0.000683
-0.000697
-0.000646
-0.000734
-0.000600
-0.000683
-0.000554
-0.000641
-0.000688
-0.000605
-0.000713
-0.000687
-0.000558
-0.000665
-0.000676
-0.000728
-0.000543
-0.000706
-0.000703
-0.000715
-0.000701
-0.000618
-0.000632
-0.000641
-0.000549
-0.000512
-0.000548
-0.000563
-0.001856
0.000379
0.000426
-0.000678
-0.000801
-0.000859
-0.000620
-0.000719
-0.000766
-0.000946
-0.000709
-0.000345
-0.000100
-0.000419
0.000083
-0.000291
-0.000207
-0.000177
0.001634
0.000482
-0.000605
-0.000340
-0.000097
0.000196
-0.000074
-0.000128
-0.000351
-0.000604
-0.000630
-0.000615
-0.000580
-0.000632
-0.000737
-0.000542
-0.000568
-0.000578
-0.000558
-0.000581
-0.000599
-0.000665
-0.000701
-0.000680
-0.000690
-0.000690
-0.000656
-0.000679
-0.000635
-0.000579
-0.000656
-0.000580
-0.000615
-0.000607
-0.000626
-0.000731
-0.000745
-0.000821
-0.000789
-0.000508
-0.000739
-0.000745
-0.000720
-0.000666
-0.000606
-0.000660
-0.000687
-0.000674
-0.000683
-0.000658
-0.000603
-0.000606
-0.000538
-0.000500
-0.000484
0.000220
-0.000585
-0.000671
-0.000687
-0.000756
-0.000761
-0.000669
-0.000271
-0.000465
-0.000422
-0.000594
-0.000782
-0.001341
-0.002049
-0.001179
-0.001159
-0.001221
-0.000872
0.000574
0.000234
0.000126
-0.000115
0.002540
0.005079
-0.000202
-0.000715
-0.000501
-0.000215
-0.000471
-0.000481
-0.000629
-0.000685
-0.000608
-0.000460
-0.000585
-0.000511
-0.000598
-0.000535
-0.000631
-0.000589
-0.000650
-0.000737
-0.000753
-0.000708
-0.000652
-0.000612
-0.000697
-0.000578
-0.000529
-0.000546
-0.000640
-0.000655
-0.000707
-0.000783
-0.000842
-0.000817
-0.000716
-0.000527
-0.000753
-0.000756
-0.000694
-0.000633
-0.000599
-0.000597
-0.000711
-0.000652
-0.000625
-0.000663
-0.000561
-0.000556
-0.000515
-0.000510
-0.000491
-0.000614
-0.000645
-0.000651
-0.000522
-0.000610
-0.000317
-0.000435
-0.000315
-0.000307
-0.000349
-0.000103
-0.000472
-0.001508
-0.002429
-0.002105
-0.002654
-0.001775
-0.000995
-0.001264
-0.001062
-0.001065
-0.000119
0.001365
-0.000301
-0.000738
-0.000429
-0.000463
-0.000507
-0.000611
-0.000557
-0.000559
-0.000334
-0.000365
0.000132
-0.000817
-0.000452
-0.000423
-0.000580
-0.000609
-0.000597
-0.000655
-0.000712
-0.000687
-0.000647
-0.000624
-0.000681
-0.000575
-0.000554
-0.000558
-0.000607
-0.000694
-0.000719
-0.000724
-0.000821
-0.000798
-0.000448
-0.000649
-0.000507
-0.000564
-0.000589
-0.000629
-0.000709
-0.000697
-0.000595
-0.000779
-0.000659
-0.000552
-0.000557
-0.000594
-0.000557
-0.000471
-0.000544
-0.000567
-0.000666
-0.000623
-0.000535
-0.000514
-0.000587
-0.000103
0.000064
-0.000119
-0.000221
-0.000429
-0.000449
-0.000323
-0.000328
-0.001623
-0.005844
-0.004774
-0.002145
-0.001134
-0.000964
-0.001055
-0.001113
-0.001317
0.000013
-0.000252
-0.000480
-0.000465
-0.000519
-0.000507
-0.000497
-0.000621
-0.000416
-0.000313
-0.000457
-0.000509
-0.000724
-0.001279
-0.000136
-0.000614
-0.000591
-0.000669
-0.000637
-0.000620
-0.000609
-0.000575
-0.000457
-0.000550
-0.000644
-0.000617
-0.000587
-0.000619
-0.000610
-0.000742
-0.000779
-0.000590
-0.000457
-0.000457
-0.000585
-0.000537
-0.000520
-0.000438
-0.000615
-0.000706
-0.000735
-0.000746
-0.000834
-0.000609
-0.000642
-0.000593
-0.000610
-0.000587
-0.000547
-0.000526
-0.000540
-0.000467
-0.000500
-0.000497
-0.000123
0.000042
0.000217
0.000058
-0.000169
-0.000258
-0.000339
-0.000551
-0.000481
-0.000004
-0.000720
-0.008625
-0.008781
-0.003503
-0.001629
-0.001103
-0.001294
-0.001131
-0.001145
-0.001079
-0.000815
-0.000305
-0.000712
-0.000606
-0.000428
-0.000446
-0.000499
-0.000500
-0.000611
-0.000422
-0.000893
-0.000832
-0.000555
-0.000558
0.000060
-0.000637
-0.000674
-0.000646
-0.000620
-0.000622
-0.000583
-0.000537
-0.000559
-0.000625
-0.000631
-0.000647
-0.000638
-0.000676
-0.000745
-0.000548
-0.000294
-0.000283
-0.000484
-0.000578
-0.000564
-0.000522
-0.000656
-0.000667
-0.000749
-0.000798
-0.000708
-0.000713
-0.000688
-0.000677
-0.000635
-0.000653
-0.000721
-0.000674
-0.000546
-0.000566
-0.000543
-0.000513
0.000265
0.000588
0.000661
0.000441
0.000155
-0.000107
-0.000415
-0.000502
-0.000664
-0.000529
0.000149
-0.001365
-0.010952
-0.007288
-0.002823
-0.002192
-0.001602
-0.001294
-0.001001
-0.001066
-0.001119
-0.001235
-0.001156
-0.001280
-0.001275
-0.000336
-0.000708
-0.000919
-0.000653
-0.000772
-0.000440
-0.000770
-0.000544
-0.000544
-0.000610
-0.000410
0.000117
-0.000198
-0.000660
-0.000624
-0.000648
-0.000591
-0.000527
-0.000551
-0.000630
-0.000644
-0.000643
-0.000648
-0.000609
-0.000589
-0.000185
-0.000239
-0.000627
-0.000598
-0.000531
-0.000586
-0.000611
-0.000660
-0.000623
-0.000677
-0.000744
-0.000681
-0.000674
-0.000569
-0.000519
-0.000677
-0.000645
-0.000661
-0.000703
-0.000613
-0.000548
-0.000495
0.000178
0.000341
0.000592
0.000461
0.000242
-0.000112
-0.000359
-0.000458
-0.000599
-0.000494
-0.000247
-0.000096
-0.001703
-0.010222
-0.006200
-0.004177
-0.003458
-0.001839
-0.001267
-0.001061
-0.000963
-0.001104
-0.001399
-0.001460
-0.001582
-0.001412
-0.001052
-0.000811
-0.000714
-0.000124
-0.000780
-0.000680
-0.000578
-0.000415
-0.000540
-0.000665
-0.000743
-0.000154
0.001135
-0.000098
-0.000678
-0.000668
-0.000583
-0.000545
-0.000529
-0.000558
-0.000593
-0.000646
-0.000645
-0.000209
-0.000243
-0.000451
-0.000692
-0.000633
-0.000616
-0.000561
-0.000624
-0.000556
-0.000553
-0.000594
-0.000657
-0.000578
-0.000634
-0.000774
-0.000706
-0.000634
-0.000716
-0.000676
-0.000721
-0.000718
-0.000374
-0.000108
0.000200
0.000471
0.000425
0.000434
0.000061
-0.000100
-0.000247
-0.000398
-0.000502
-0.000595
-0.000069
-0.000336
-0.000989
-0.004990
-0.006299
-0.005089
-0.002654
-0.001821
-0.001529
-0.001016
-0.001094
-0.001201
-0.001229
-0.001238
-0.001621
-0.001705
-0.001103
-0.001126
-0.000852
-0.000739
-0.000792
-0.000054
-0.000377
-0.000176
0.000106
-0.000373
-0.000614
-0.000787
0.000244
0.001199
-0.000461
0.000019
-0.000306
-0.000512
-0.000516
-0.000617
-0.000680
-0.000558
-0.000599
-0.000608
-0.000412
-0.000715
-0.000808
-0.000716
-0.000614
-0.000547
-0.000494
-0.000600
-0.000522
-0.000528
-0.000593
-0.000630
-0.000598
-0.000637
-0.000567
-0.000438
-0.000385
-0.000805
-0.000816
-0.000643
-0.000267
0.000651
0.000401
0.000405
0.000456
0.000382
0.000144
-0.000196
-0.000189
-0.000370
-0.000367
-0.000523
-0.000408
-0.000321
-0.000369
-0.001052
-0.007008
-0.008732
-0.005237
-0.002283
-0.001746
-0.001512
-0.001836
-0.001677
-0.001565
-0.001255
-0.001292
-0.001396
-0.001227
-0.001220
-0.001110
-0.000878
-0.000971
-0.001558
-0.003106
0.000032
0.000083
-0.000115
-0.000244
-0.000480
0.000159
-0.000027
-0.000568
-0.000641
-0.000487
-0.000464
0.000106
0.000076
0.000041
-0.000667
-0.000643
-0.000566
-0.000591
-0.000565
-0.000665
-0.000619
-0.000619
-0.000585
-0.000560
-0.000526
-0.000548
-0.000503
-0.000553
-0.000556
-0.000620
-0.000579
-0.000480
-0.000471
-0.000393
-0.000498
-0.000418
-0.000443
-0.000336
0.000407
0.000452
0.000433
0.000356
0.000362
0.000313
0.000160
-0.000208
-0.000211
-0.000333
-0.000382
-0.000480
-0.000411
-0.000377
-0.000250
-0.000130
-0.000002
-0.004360
-0.004561
-0.002063
-0.001656
-0.001521
-0.001631
-0.001739
-0.001594
-0.001526
-0.001405
-0.001150
-0.001109
-0.001197
-0.000796
-0.000882
-0.002081
-0.003767
-0.000409
-0.000389
-0.000227
-0.000457
-0.000298
0.000094
0.001507
0.000522
-0.000432
-0.000521
0.000310
-0.000300
-0.000240
-0.000610
-0.000690
0.000150
-0.000013
-0.000538
-0.000504
-0.000333
-0.000596
-0.000591
-0.000652
-0.000583
-0.000606
-0.000527
-0.000400
-0.000485
-0.000531
-0.000571
-0.000644
-0.000600
-0.000451
-0.000537
-0.000580
-0.000586
-0.000591
-0.000596
-0.000472
-0.000202
-0.000189
0.000029
0.000066
0.000030
-0.000130
-0.000190
-0.000093
-0.000348
-0.000680
-0.000600
-0.000492
-0.000443
-0.000527
-0.000580
-0.000571
-0.000569
-0.000609
0.000029
-0.003033
-0.001654
-0.001227
-0.001283
-0.000568
-0.001258
-0.001449
-0.001235
-0.001237
-0.001304
-0.000877
-0.000663
-0.000796
-0.005030
-0.003260
-0.001670
-0.000973
-0.000977
-0.000781
0.000353
-0.000251
0.002548
-0.000106
-0.000581
0.000384
-0.000233
0.000313
-0.000604
-0.000664
-0.000592
-0.000583
-0.000596
0.000074
-0.000147
-0.000315
-0.000549
-0.000625
-0.000611
-0.000669
-0.000521
-0.000554
-0.000630
-0.000450
-0.000524
-0.000597
-0.000559
-0.000548
-0.000592
-0.000635
-0.000564
-0.000547
-0.000575
-0.000545
-0.000523
-0.000514
-0.000545
-0.000652
-0.000170
-0.000463
-0.000477
-0.000530
-0.000593
-0.000671
-0.000630
-0.000582
-0.000599
-0.000622
-0.000604
-0.000642
-0.000615
-0.000611
-0.000569
-0.000529
-0.000394
-0.000119
-0.000090
-0.000110
-0.000009
0.000126
-0.001253
-0.001354
-0.001424
-0.001211
-0.001225
-0.004007
-0.008389
-0.006127
-0.005212
-0.005380
-0.005356
-0.003813
-0.004373
-0.001690
0.000509
-0.000578
-0.000761
-0.000666
-0.000758
-0.000841
-0.000930
-0.000696
-0.000531
-0.000561
-0.000506
-0.000587
-0.000591
-0.000586
-0.000590
-0.000554
-0.000500
-0.000531
-0.000677
-0.000642
-0.000585
-0.000646
-0.000499
-0.000569
-0.000596
-0.000607
-0.000553
-0.000512
-0.000498
-0.000487
-0.000477
-0.000402
-0.000250
-0.000612
-0.000611
-0.000680
-0.000628
-0.000498
-0.000496
-0.000529
-0.000555
-0.000568
-0.000610
-0.000591
-0.000580
-0.000605
-0.000551
-0.000580
-0.000673
-0.000726
-0.000631
-0.000560
-0.000491
-0.000503
-0.000453
-0.000414
-0.000385
-0.000500
-0.000577
-0.000061
-0.000008
0.000027
-0.000091
-0.000024
-0.000083
0.000352
-0.002447
0.001346
-0.001879
-0.006652
-0.006562
-0.005929
-0.006740
-0.002333
-0.000746
-0.000788
-0.000781
-0.000822
-0.000670
-0.000573
-0.000573
-0.000567
-0.000599
-0.000592
-0.000607
-0.000552
-0.000509
-0.000616
-0.000502
-0.000538
-0.000602
-0.000645
-0.000629
-0.000535
-0.000530
-0.000514
-0.000576
-0.000602
-0.000638
-0.000485
-0.000487
-0.000497
-0.000567
-0.000596
-0.000569
-0.000349
-0.000555
-0.000591
-0.000606
-0.000615
-0.000538
-0.000537
-0.000566
-0.000528
-0.000582
-0.000621
-0.000645
-0.000592
-0.000629
-0.000540
-0.000532
-0.000556
-0.000557
-0.000570
-0.000523
-0.000521
-0.000539
-0.000499
-0.000492
-0.000398
-0.000498
-0.000529
-0.000605
-0.000629
-0.000724
-0.000717
-0.000683
-0.000647
-0.000633
0.000008
0.003278
0.003285
-0.001041
-0.007225
-0.006541
-0.005372
-0.000001
-0.000659
-0.000707
-0.000641
-0.000566
-0.000564
-0.000579
-0.000622
-0.000615
-0.000645
-0.000657
-0.000646
-0.000612
-0.000623
-0.000558
-0.000574
-0.000516
-0.000578
-0.000579
-0.000579
-0.000547
-0.000469
-0.000430
-0.000548
-0.000575
-0.000516
-0.000464
-0.000573
-0.000570
-0.000579
-0.000555
-0.000569
-0.000437
-0.000420
-0.000380
-0.000558
-0.000688
-0.000603
-0.000609
-0.000541
-0.000572
-0.000594
-0.000614
-0.000557
-0.000631
-0.000670
-0.000608
-0.000478
-0.000515
-0.000611
-0.000643
-0.000582
-0.000579
-0.000571
-0.000500
-0.000539
-0.000464
-0.000552
-0.000586
-0.000688
-0.000736
-0.000616
-0.000651
-0.000742
-0.000684
-0.000547
-0.000705
0.000006
0.000510
-0.001072
-0.001994
-0.000932
-0.000738
-0.000664
-0.000535
-0.000802
-0.000585
-0.000548
-0.000626
-0.000655
-0.000641
-0.000647
-0.000708
-0.000725
-0.000694
-0.000556
-0.000589
-0.000541
-0.000543
-0.000587
-0.000590
-0.000498
-0.000468
-0.000518
-0.000541
-0.000688
-0.000509
-0.000614
-0.000538
-0.000563
-0.000622
-0.000561
-0.000533
-0.000548
-0.000607
-0.000602
-0.000511
-0.000425
-0.000525
-0.000589
-0.000711
-0.000720
-0.000610
-0.000575
-0.000554
-0.000605
-0.000618
-0.000617
-0.000694
-0.000722
-0.000680
-0.000589
-0.000624
-0.000711
-0.000693
-0.000674
-0.000692
-0.000604
-0.000611
-0.000598
-0.000631
-0.000674
-0.000693
-0.000696
-0.000759
-0.000744
-0.000770
-0.000797
-0.000820
-0.000784
-0.000696
-0.000359
-0.000882
-0.000950
-0.000847
-0.000868
-0.000856
-0.000846
-0.000867
-0.000633
-0.000694
-0.000757
-0.000782
-0.000681
-0.000747
-0.000747
-0.000757
-0.000633
-0.000605
-0.000606
-0.000644
-0.000679
-0.000641
-0.000529
-0.000443
-0.000477
-0.000522
-0.000572
-0.000626
-0.000620
-0.000636
-0.000640
-0.000588
-0.000583
-0.000536
-0.000613
-0.000597
-0.000594
-0.000565
-0.000535
-0.000552
-0.000294
-0.000630
-0.000616
-0.000743
-0.000636
-0.000572
-0.000495
-0.000601
-0.000709
-0.000639
-0.000739
-0.000842
-0.000846
-0.000758
-0.000693
-0.000744
-0.000788
-0.000761
-0.000712
-0.000696
-0.000632
-0.000643
-0.000666
-0.000699
-0.000746
-0.000703
-0.000782
-0.000693
-0.000835
-0.000980
-0.000965
-0.000942
-0.000865
-0.000929
-0.001003
-0.001136
-0.001077
-0.000809
-0.000843
-0.000893
-0.000978
-0.000903
-0.000768
-0.000761
-0.000725
-0.000787
-0.000680
-0.000633
-0.000650
-0.000672
-0.000670
-0.000686
-0.000610
-0.000736
-0.000628
-0.000549
-0.000473
-0.000532
-0.000545
-0.000620
-0.000713
-0.000659
-0.000561
-0.000559
-0.000623
-0.000574
-0.000602
-0.000609
-0.000556
-0.000547
-0.000451
-0.000495
-0.000509
-0.000389
-0.000552
-0.000568
-0.000600
-0.000646
-0.000558
-0.000468
-0.000564
-0.000712
-0.000654
-0.000687
-0.000760
-0.000828
-0.000749
-0.000784
-0.000791
-0.000820
-0.000866
-0.000804
-0.000761
-0.000735
-0.000684
-0.000635
-0.000723
-0.000718
-0.000680
-0.000795
-0.000859
-0.000850
-0.000935
-0.000999
-0.000986
-0.001011
-0.001011
-0.001026
-0.000982
-0.000855
-0.000810
-0.000840
-0.000917
-0.000984
-0.000896
-0.000788
-0.000768
-0.000749
-0.000728
-0.000610
-0.000652
-0.000685
-0.000664
-0.000702
-0.000646
-0.000666
-0.000631
-0.000525
-0.000521
-0.000595
-0.000539
-0.000526
-0.000652
-0.000514
-0.000666
-0.000542
-0.000535
-0.000482
-0.000569
-0.000584
-0.000584
-0.000498
-0.000554
-0.000507
-0.000501
-0.000431
-0.000462
-0.000552
-0.000457
-0.000573
-0.000632
-0.000565
-0.000559
-0.000703
-0.000724
-0.000654
-0.000729
-0.000722
-0.000719
-0.000775
-0.000871
-0.000897
-0.000919
-0.000948
-0.000922
-0.000851
-0.000845
-0.000700
-0.000652
-0.000739
-0.000836
-0.000855
-0.000873
-0.000932
-0.000845
-0.000841
-0.000894
-0.000972
-0.001011
-0.000924
-0.000941
-0.000789
-0.000777
-0.000837
-0.000869
-0.000921
-0.000818
-0.000920
-0.000811
-0.000735
-0.000691
-0.000631
-0.000672
-0.000622
-0.000618
-0.000673
-0.000713
-0.000636
-0.000581
-0.000561
-0.000565
-0.000605
-0.000643
-0.000532
-0.000570
-0.000354
0.000098
-0.000599
-0.000455
-0.000506
-0.000457
-0.000425
-0.000450
-0.000535
-0.000584
-0.000507
-0.000512
-0.000513
-0.000455
-0.000657
-0.000747
-0.000478
-0.000540
-0.000608
-0.000607
-0.000573
-0.000600
-0.000771
-0.000793
-0.000823
-0.000807
-0.000794
-0.000817
-0.000845
-0.000861
-0.000829
-0.000898
-0.000981
-0.000756
-0.000667
-0.000753
-0.000793
-0.000706
-0.000694
-0.000706
-0.000837
-0.000763
-0.000833
-0.000871
-0.000870
-0.000874
-0.000918
-0.000948
-0.000785
-0.000718
-0.000837
-0.000848
-0.000833
-0.000804
-0.000870
-0.000772
-0.000742
-0.000790
-0.000768
-0.000705
-0.000661
-0.000623
-0.000656
-0.000638
-0.000673
-0.000692
-0.000565
-0.000605
-0.000538
-0.000578
-0.000482
-0.000459
-0.000473
-0.000458
0.000097
0.000108
0.000123
0.000093
-0.000474
0.000126
0.000101
-0.000549
-0.000548
-0.000521
-0.000550
-0.000476
-0.000443
-0.000479
-0.000544
-0.000704
-0.000566
-0.000711
-0.000566
-0.000533
-0.000528
-0.000590
-0.000648
-0.000615
-0.000653
-0.000707
-0.000800
-0.000787
-0.000845
-0.000861
-0.000890
-0.000849
-0.000715
-0.000643
-0.000867
-0.000599
-0.000620
-0.000633
-0.000687
-0.000618
-0.000673
-0.000779
-0.000770
-0.000856
-0.000742
-0.000904
-0.000878
-0.000833
-0.000842
-0.000889
-0.000835
-0.000822
-0.000852
-0.000816
-0.000773
-0.000755
-0.000772
-0.000751
-0.000729
-0.000753
-0.000665
-0.000619
-0.000639
-0.000595
-0.000532
-0.000484
-0.000633
-0.000614
-0.000455
-0.000408
-0.000205
-0.000492
-0.000219
