-0.000022
-0.000015
-0.000015
0.000632
0.000035
0.000045
0.000035
0.000438
0.000020
-0.000065
-0.000155
-0.000603
-0.000256
-0.000225
-0.000150
-0.000110
-0.000062
-0.000074
-0.000041
-0.000028
-0.000013
0.000003
0.000017
0.000028
0.000032
0.000042
0.000052
0.000059
0.000070
0.000079
0.000079
0.000083
0.000092
0.000110
0.000124
0.000130
0.000131
0.000128
0.000137
0.000137
0.000135
0.000126
0.000123
0.000116
0.000113
0.000110
0.000051
0.000084
0.000086
0.000088
0.000094
0.000080
0.000079
0.000075
0.000074
0.000065
0.000056
0.000048
0.000043
0.000037
0.000032
0.000023
-0.000002
-0.000009
0.000001
-0.000001
-0.001158
-0.000002
-0.000001
-0.000000
0.000061
0.000000
0.000195
-0.000686
-0.000658
-0.000576
-0.000501
-0.000400
-0.000348
-0.000361
-0.000326
-0.000284
-0.000262
-0.000252
-0.000263
-0.000224
-0.000170
-0.000143
-0.000109
-0.000086
-0.000080
-0.000053
-0.000028
-0.000014
-0.000000
0.000014
0.000025
0.000031
0.000038
0.000050
0.000056
0.000068
0.000073
0.000080
0.000089
0.000102
0.000120
0.000133
0.000140
0.000126
0.000126
0.000137
0.000137
0.000131
0.000117
0.000129
0.000117
0.000118
0.000113
0.000115
0.000118
0.000111
0.000092
0.000088
0.000074
0.000076
0.000068
0.000058
0.000068
0.000048
0.000043
0.000041
0.000039
0.000034
0.000022
0.000014
0.000021
0.000018
0.000018
0.000014
0.000005
0.000008
0.000004
0.000008
0.000007
0.000002
-0.000654
-0.000629
-0.000591
-0.000515
-0.000441
-0.000335
-0.000341
-0.000320
-0.000286
-0.000261
-0.000242
-0.000228
-0.000149
-0.000144
-0.000149
-0.000138
-0.000085
-0.000065
-0.000052
-0.000029
-0.000015
-0.000002
0.000010
0.000018
0.000027
0.000035
0.000045
0.000056
0.000070
0.000075
0.000086
0.000110
0.000115
0.000113
0.000145
0.000140
0.000138
0.000131
0.000134
0.000136
0.000121
0.000130
0.000132
0.000130
0.000127
0.000118
0.000115
0.000114
0.000106
0.000095
0.000084
0.000083
0.000077
0.000077
0.000058
0.000052
0.000047
0.000049
0.000038
0.000038
0.000031
0.000026
0.000023
0.000019
0.000018
0.000017
0.000007
0.000011
0.000011
0.000007
0.000008
0.000008
0.000006
-0.000607
-0.000615
-0.000614
-0.000565
-0.000471
-0.000307
-0.000282
-0.000311
-0.000230
-0.000212
-0.000210
-0.000220
-0.000160
-0.000129
-0.000148
-0.000115
-0.000078
-0.000059
-0.000038
-0.000029
-0.000012
-0.000008
0.000008
0.000020
0.000023
0.000032
0.000043
0.000055
0.000068
0.000080
0.000088
0.000108
0.000027
0.000132
0.000154
0.000149
0.000146
0.000136
0.000134
0.000141
0.000137
0.000149
0.000153
0.000126
0.000110
0.000113
0.000108
0.000116
0.000108
0.000096
0.000086
0.000088
0.000083
0.000076
0.000073
0.000067
0.000049
0.000047
0.000038
0.000034
0.000031
0.000027
0.000023
0.000018
0.000018
0.000014
0.000012
0.000011
0.000008
0.000009
0.000007
0.000007
-0.000006
-0.000510
-0.000551
-0.000550
-0.000538
-0.000446
-0.000318
-0.000277
-0.000232
-0.000215
-0.000184
-0.000196
-0.000166
-0.000133
-0.000159
-0.000153
-0.000132
-0.000077
-0.000041
-0.000026
-0.000023
-0.000014
-0.000007
0.000001
0.000012
0.000019
0.000033
0.000037
0.000055
0.000064
0.000076
0.000074
-0.000105
0.000242
0.000156
0.000143
0.000144
0.000150
0.000145
0.000143
0.000140
0.000144
0.000156
0.000152
0.000129
0.000131
0.000114
0.000109
0.000110
0.000103
0.000094
0.000089
0.000092
0.000082
0.000077
0.000066
0.000062
0.000052
0.000049
0.000033
0.000030
0.000029
0.000028
0.000026
0.000018
0.000014
0.000012
0.000012
0.000009
0.000009
0.000008
0.000007
-0.000003
-0.002169
-0.000449
-0.000493
-0.000510
-0.000508
-0.000400
-0.000326
-0.000307
-0.000228
-0.000223
-0.000201
-0.000178
-0.000127
-0.000143
-0.000151
-0.000159
-0.000121
-0.000074
-0.000046
-0.000018
-0.000029
-0.000024
-0.000009
-0.000004
0.000007
0.000016
0.000029
0.000040
0.000048
0.000061
0.000081
0.000106
0.000205
0.000138
0.000139
0.000134
0.000148
0.000155
0.000158
0.000153
0.000150
0.000169
0.000164
0.000136
0.000140
0.000134
0.000118
0.000112
0.000105
0.000095
0.000085
0.000092
0.000075
0.000081
0.000067
0.000058
0.000055
0.000049
0.000050
0.000038
0.000032
0.000030
0.000026
0.000020
0.000019
0.000015
0.000013
0.000004
-0.000014
0.000005
-0.000001
-0.000014
0.000001
-0.000008
-0.000384
-0.000447
-0.000463
-0.000418
-0.000395
-0.000340
-0.000291
-0.000198
-0.000184
-0.000169
-0.000144
-0.000151
-0.000124
-0.000169
-0.000136
-0.000083
-0.000067
-0.000050
-0.000018
-0.000020
-0.000024
-0.000013
-0.000007
0.000001
0.000011
0.000024
0.000042
0.000054
0.000065
0.000076
0.000117
0.000413
0.000180
0.000135
0.000130
0.000152
0.000172
0.000172
0.000171
0.000173
0.000177
0.000166
0.000133
0.000151
0.000140
0.000133
0.000118
0.000117
0.000107
0.000087
0.000089
0.000091
0.000087
0.000069
0.000045
0.000017
0.000041
0.000040
0.000039
0.000035
0.000029
0.000026
0.000017
0.000011
0.000007
0.000007
0.000004
0.000006
0.000005
0.000004
-0.000000
-0.000005
-0.000075
-0.000358
-0.000410
-0.000420
-0.000422
-0.000399
-0.000377
-0.000253
-0.000199
-0.000190
-0.000173
-0.000173
-0.000142
-0.000149
-0.000132
-0.000116
-0.000096
-0.000079
-0.000058
-0.000035
-0.000021
-0.000019
-0.000023
-0.000013
0.000001
0.000006
0.000019
0.000034
0.000052
0.000064
0.000075
0.000039
-0.000599
0.000016
0.000130
0.000131
0.000160
0.000182
0.000188
0.000194
0.000187
0.000174
0.000168
0.000157
0.000164
0.000155
0.000141
0.000124
0.000110
0.000102
0.000103
0.000097
0.000089
0.000080
0.000052
0.000037
0.000050
0.000047
0.000044
0.000043
0.000037
0.000030
0.000024
0.000018
0.000007
0.000003
0.000007
0.000006
-0.000003
0.000003
0.000002
-0.000033
-0.000035
-0.000028
-0.000351
-0.000370
-0.000367
-0.000362
-0.000403
-0.000336
-0.000268
-0.000213
-0.000177
-0.000177
-0.000156
-0.000112
-0.000107
-0.000131
-0.000109
-0.000099
-0.000080
-0.000065
-0.000050
-0.000030
-0.000014
-0.000019
-0.000021
-0.000008
0.000006
0.000019
0.000027
0.000043
0.000060
0.000094
0.000097
0.000087
0.000129
0.000160
0.000167
0.000194
0.000199
0.000215
0.000217
0.000142
0.000195
0.000190
0.000175
0.000164
0.000165
0.000153
0.000135
0.000114
0.000107
0.000108
0.000101
0.000086
0.000077
0.000067
0.000059
0.000055
0.000050
0.000045
0.000044
0.000040
0.000029
0.000020
-0.000005
0.000005
0.000009
0.000007
0.000005
0.000003
-0.000001
-0.000018
-0.000036
-0.000019
0.001326
-0.000326
-0.000311
-0.000342
-0.000355
-0.000368
-0.000276
-0.000227
-0.000181
-0.000173
-0.000166
-0.000133
-0.000106
-0.000108
-0.000119
-0.000107
-0.000093
-0.000080
-0.000064
-0.000061
-0.000039
-0.000023
-0.000016
-0.000022
-0.000017
-0.000004
0.000010
0.000024
0.000041
0.000055
0.000076
0.000087
0.000097
0.000129
0.000176
0.000168
0.000217
0.000240
0.000256
0.000257
0.000260
0.000259
0.000242
0.000201
0.000193
0.000182
0.000168
0.000142
0.000114
0.000096
0.000093
0.000079
0.000089
0.000084
0.000072
0.000061
0.000056
0.000052
0.000046
0.000042
0.000037
0.000027
-0.000013
0.000005
0.000005
0.000005
0.000003
0.000003
-0.000001
-0.000005
-0.000023
-0.000025
-0.000016
-0.000015
-0.000319
-0.000318
-0.000364
-0.000368
-0.000256
-0.000281
-0.000240
-0.000159
-0.000153
-0.000144
-0.000125
-0.000070
-0.000075
-0.000079
-0.000100
-0.000109
-0.000076
-0.000061
-0.000060
-0.000054
-0.000039
-0.000033
-0.000025
-0.000008
0.000002
0.000014
0.000027
0.000033
0.000052
0.000074
0.000088
0.000099
0.000139
0.000141
0.000171
0.000231
0.000248
0.000274
0.000296
0.000308
0.000250
0.000235
0.000268
0.000233
0.000213
0.000192
0.000163
0.000125
0.000105
0.000101
0.000108
0.000102
0.000086
0.000071
0.000063
0.000054
0.000048
0.000042
0.000036
0.000028
0.000025
0.000010
0.000009
-0.000001
0.000002
0.000003
-0.000002
-0.000009
-0.000015
-0.000018
-0.000016
-0.000015
-0.000017
-0.000287
-0.000325
-0.000357
-0.000358
-0.000294
-0.000237
-0.000225
-0.000178
-0.000149
-0.000150
-0.000089
-0.000066
-0.000074
-0.000087
-0.000094
-0.000091
-0.000102
-0.000084
-0.000071
-0.000051
-0.000027
-0.000032
-0.000032
-0.000015
-0.000010
0.000006
0.000020
0.000040
0.000050
0.000074
0.000085
0.000108
0.000129
0.000176
0.000252
0.000249
0.000276
0.000289
0.000336
0.000375
0.000365
0.000347
0.000316
0.000270
0.000242
0.000210
0.000171
0.000146
0.000112
0.000102
0.000112
0.000098
0.000074
0.000073
0.000060
0.000054
0.000046
0.000013
0.000030
0.000025
0.000018
0.000011
-0.000003
0.000000
-0.000000
-0.000011
-0.000047
-0.000021
-0.000018
-0.000020
-0.000017
-0.000022
-0.000021
-0.000309
-0.000319
-0.000329
-0.000324
-0.000312
-0.000296
-0.000256
-0.000208
-0.000174
-0.000158
-0.000137
-0.000090
-0.000097
-0.000125
-0.000117
-0.000108
-0.000101
-0.000091
-0.000058
-0.000058
-0.000047
-0.000029
-0.000010
-0.000000
-0.000009
0.000004
0.000005
0.000020
0.000048
0.000063
0.000090
0.000115
0.000159
0.000206
0.000284
0.000288
0.000292
0.000336
0.000356
0.000385
0.000359
0.000389
0.000367
0.000305
0.000281
0.000245
0.000201
0.000154
0.000125
0.000110
0.000105
0.000094
0.000092
0.000079
0.000065
0.000050
0.000029
0.000035
0.000028
0.000021
0.000014
0.000008
0.000003
0.000001
-0.000011
-0.000083
-0.000025
-0.000024
-0.000023
-0.000023
-0.000023
-0.000028
0.000725
-0.000310
-0.000300
-0.000298
-0.000307
-0.000283
-0.000255
-0.000228
-0.000202
-0.000193
-0.000148
-0.000138
-0.000124
-0.000110
-0.000105
-0.000101
-0.000130
-0.000089
-0.000112
-0.000079
-0.000037
-0.000041
-0.000046
-0.000037
-0.000021
-0.000028
-0.000024
-0.000004
0.000012
0.000022
0.000060
0.000090
0.000119
0.000174
0.000266
0.000315
0.000318
0.000314
0.000361
0.000376
0.000378
0.000402
0.000413
0.000379
0.000360
0.000249
0.000212
0.000213
0.000164
0.000130
0.000101
0.000095
0.000086
0.000086
0.000074
0.000054
0.000032
0.000036
0.000031
0.000026
0.000021
0.000010
0.000006
-0.000001
-0.000043
-0.000027
-0.000025
-0.000026
-0.000029
-0.000026
-0.000026
-0.000029
-0.000033
-0.000029
-0.000263
-0.000261
-0.000276
-0.000301
-0.000263
-0.000248
-0.000229
-0.000219
-0.000201
-0.000182
-0.000150
-0.000132
-0.000114
-0.000121
-0.000098
-0.000090
-0.000105
-0.000103
-0.000096
-0.000054
-0.000048
-0.000050
0.000881
0.001380
0.000486
-0.000141
-0.000057
0.000081
0.000090
0.000053
0.000092
0.000119
0.000220
0.000294
0.000349
0.000343
0.000326
0.000405
0.000375
0.000419
0.000439
0.000455
0.000445
0.000414
0.000272
0.000205
0.000216
0.000182
0.000140
0.000099
0.000083
0.000083
0.000082
0.000072
0.000058
0.000044
0.000039
0.000027
0.000020
0.000015
0.000008
0.000002
-0.000004
-0.000016
-0.000025
-0.000028
-0.000031
-0.000031
-0.000031
-0.000033
-0.000036
-0.000035
-0.000035
-0.000307
-0.000283
-0.000291
-0.000230
-0.000235
-0.000230
-0.000204
-0.000183
-0.000191
-0.000167
-0.000175
-0.000151
-0.000117
-0.000114
-0.000072
-0.000085
-0.000076
-0.000049
-0.000050
-0.000057
-0.000068
0.001061
0.005242
0.006468
0.002251
0.004251
0.004111
0.001826
0.003661
0.000569
0.000097
0.000195
0.000244
0.000283
0.000335
0.000355
0.000356
0.000399
0.000399
0.000511
0.000523
0.000580
0.000475
0.000400
0.000337
0.000202
0.000167
0.000187
0.000138
0.000100
0.000080
0.000080
0.000081
0.000071
0.000058
0.000041
0.000035
0.000024
0.000015
0.000010
0.000003
-0.000001
-0.000011
-0.000022
-0.000026
-0.000033
-0.000036
-0.000037
-0.000037
-0.000035
-0.000036
-0.000040
-0.000040
-0.000315
-0.000297
-0.000273
-0.000195
-0.000175
-0.000197
-0.000198
-0.000193
-0.000138
-0.000150
-0.000162
-0.000135
-0.000109
-0.000102
-0.000111
-0.000090
-0.000046
-0.000022
-0.000004
0.000079
0.000109
-0.000860
0.001839
0.003241
0.001140
0.005864
0.003152
0.003970
0.006240
0.000235
0.000243
0.000246
0.000261
0.000281
0.000328
0.000352
0.000350
0.000390
0.000497
0.000547
0.000614
0.000825
0.000578
0.000422
0.000334
0.000242
0.000192
0.000151
0.000129
0.000100
0.000085
0.000072
0.000059
0.000054
0.000037
0.000033
0.000027
0.000003
0.000009
0.000005
-0.000001
-0.000024
-0.000019
-0.000025
-0.000033
-0.000039
-0.000040
-0.000051
-0.000038
-0.000037
-0.000038
-0.000040
-0.001100
-0.000303
-0.000282
-0.000267
-0.000214
-0.000192
-0.000171
-0.000157
-0.000180
-0.000115
-0.000114
-0.000116
-0.000135
-0.000112
-0.000115
-0.000043
-0.000020
-0.000366
-0.000025
0.000207
0.000320
0.000274
-0.000117
-0.000095
-0.000395
-0.002034
0.004344
0.004293
0.003086
0.000205
0.000273
0.000267
0.000266
0.000232
0.000224
0.000455
0.000362
0.000347
0.000536
0.000435
0.000527
0.000529
0.000596
0.000492
0.000341
0.000248
0.000200
0.000160
0.000143
0.000120
0.000100
0.000065
-0.000104
-0.000072
0.000026
0.000031
0.000028
0.000014
0.000015
0.000010
0.000001
-0.000005
-0.000018
-0.000027
-0.000034
-0.000043
-0.000042
-0.000054
-0.000233
-0.000054
-0.000045
-0.000043
-0.000044
-0.000045
-0.000291
-0.000261
-0.000211
-0.000217
-0.000179
-0.000180
-0.000168
-0.000125
-0.000087
-0.000112
-0.000106
-0.000152
-0.000136
0.000013
-0.000222
0.000169
0.000128
0.000112
0.000321
-0.000218
-0.000221
-0.000163
-0.000159
-0.000201
-0.000714
0.003177
0.002324
0.000947
0.000969
0.000737
0.000525
0.000188
0.000470
0.001326
0.001860
0.000869
-0.000045
0.001416
0.000033
0.000501
0.000479
0.000439
0.000358
0.000282
0.000231
0.000171
0.000136
0.000130
0.000108
0.000093
0.000057
0.000025
0.000034
0.000035
0.000030
0.000026
0.000022
0.000013
0.000008
-0.000003
-0.000017
-0.000032
-0.000036
-0.000041
-0.000047
-0.000090
-0.000048
-0.000046
-0.000043
-0.000046
-0.000046
-0.000043
-0.000044
-0.000223
-0.000257
-0.000231
-0.000201
-0.000175
-0.000182
-0.000149
-0.000151
-0.000117
-0.000107
-0.000088
-0.000119
-0.000002
-0.000242
-0.000418
0.000375
0.000324
-0.000357
-0.000298
-0.000264
-0.000219
-0.000156
-0.000161
-0.000176
-0.000462
0.002203
0.000384
0.001138
0.001784
0.001440
0.001822
0.002370
0.001546
0.002068
0.002071
0.000886
0.000553
0.002267
-0.000113
-0.001036
0.000732
0.000322
0.000271
0.000213
0.000180
0.000140
0.000135
0.000115
0.000103
0.000077
0.000059
0.000041
0.000034
0.000029
0.000024
0.000021
0.000016
0.000013
-0.000008
-0.000078
-0.000049
-0.000042
-0.000043
-0.000044
-0.000048
-0.000046
-0.000049
-0.000050
-0.000043
-0.000043
-0.000043
-0.000046
-0.000049
-0.000233
-0.000207
-0.000190
-0.000205
-0.000184
-0.000153
-0.000118
-0.000121
-0.000115
-0.000111
-0.000100
-0.000033
-0.000177
-0.000217
-0.000624
-0.000112
-0.000228
-0.000205
-0.000287
-0.000273
-0.000213
-0.000145
-0.000155
-0.000253
-0.001284
-0.001333
0.001888
0.000860
0.000948
0.001057
0.001092
0.001607
0.001618
0.002098
0.002585
0.000818
-0.000043
0.001626
-0.003536
-0.003753
0.003173
0.001130
0.000295
0.000201
0.000160
0.000126
0.000117
0.000106
0.000096
0.000080
0.000061
0.000041
0.000028
0.000022
0.000018
0.000015
0.000010
-0.000004
-0.000163
-0.000100
-0.000092
-0.000045
-0.000046
-0.000046
-0.000049
-0.000050
-0.000044
-0.000042
-0.000040
-0.000041
-0.000043
-0.000050
-0.000596
-0.000204
-0.000185
-0.000195
-0.000166
-0.000150
-0.000131
-0.000124
-0.000114
-0.000120
-0.000103
-0.000135
-0.000175
-0.000167
-0.000153
0.000002
0.000435
-0.000230
-0.000210
-0.000174
-0.000210
-0.000176
-0.000111
-0.000348
-0.000986
-0.001676
-0.001578
-0.000897
0.000285
0.000614
0.000916
0.001338
0.001591
0.001506
0.001243
0.001303
0.000053
-0.001030
-0.001586
-0.003092
-0.002268
0.001726
0.003240
0.000990
0.000180
0.000153
0.000116
0.000109
0.000102
0.000092
0.000079
0.000054
0.000042
0.000028
0.000015
0.000010
0.000004
-0.000001
-0.000030
-0.000045
-0.000054
-0.000050
-0.000045
-0.000045
-0.000053
-0.000049
-0.000043
-0.000039
-0.000045
-0.000046
-0.000044
-0.000047
-0.000049
-0.000111
-0.000146
-0.000177
-0.000162
-0.000169
-0.000121
-0.000140
-0.000146
-0.000127
-0.000133
-0.000138
-0.000170
-0.000182
-0.000152
-0.000131
0.000226
0.000451
-0.000051
-0.000103
-0.000149
-0.000174
-0.000255
-0.000412
-0.001577
-0.000854
0.000175
0.000398
0.000046
0.000286
0.000275
0.000111
0.000549
0.001028
0.000592
-0.000006
0.000817
-0.000124
-0.000068
-0.000274
-0.000647
-0.001925
0.001122
0.011262
0.001919
0.000003
0.000048
0.000101
0.000099
0.000096
0.000085
0.000055
0.000029
0.000033
0.000015
0.000005
-0.000004
-0.000004
-0.000021
-0.000035
-0.000048
-0.000054
-0.000053
-0.000053
-0.000049
-0.000051
-0.000047
-0.000041
-0.000047
-0.000052
-0.000054
-0.000056
-0.000054
-0.000018
-0.000036
-0.000158
-0.000153
-0.000171
-0.000140
-0.000110
-0.000135
-0.000146
-0.000115
-0.000124
-0.000186
-0.000177
-0.000162
-0.000150
-0.000146
0.000058
0.001079
-0.000135
0.000009
-0.000184
-0.000193
-0.000154
0.000092
0.000466
0.000302
0.000133
0.000302
0.000308
0.000250
0.000100
0.000300
0.000305
0.000273
0.000557
0.000079
0.000868
0.000710
0.001126
0.001340
0.004366
0.001182
-0.000346
0.020698
0.003503
-0.000939
-0.000578
-0.000032
0.000017
0.000056
0.000036
0.000025
0.000013
-0.000026
-0.000012
-0.000009
-0.000019
-0.000016
-0.000054
-0.000094
-0.000064
-0.000054
-0.000053
-0.000052
-0.000043
-0.000046
-0.000046
-0.000049
-0.000062
-0.000063
-0.000063
-0.000057
-0.000058
-0.000046
-0.000042
-0.000146
-0.000141
-0.000165
-0.000128
-0.000108
-0.000116
-0.000097
-0.000110
-0.000122
-0.000146
-0.000133
-0.000134
-0.000116
-0.000123
-0.000050
0.001575
0.000011
0.000188
0.000389
0.000807
0.000298
0.000587
0.000908
0.000454
0.000216
0.000120
0.000439
0.000632
0.000916
0.000850
0.000284
0.000342
0.000843
0.001483
0.000645
0.001851
0.003007
0.006613
0.013288
0.000842
0.002857
0.021860
0.001377
-0.001856
-0.001868
-0.000634
-0.000947
-0.000203
-0.000010
-0.000017
-0.000113
-0.000040
-0.000025
-0.000025
-0.000070
-0.000036
-0.000210
-0.000155
-0.000117
-0.000062
-0.000054
-0.000045
-0.000038
-0.000042
-0.000058
-0.000063
-0.000084
-0.000052
-0.000053
-0.000070
-0.000137
-0.000079
-0.000050
-0.000133
-0.000138
-0.000131
-0.000105
-0.000099
-0.000070
-0.000068
-0.000096
-0.000120
-0.000120
-0.000128
-0.000129
-0.000115
-0.000116
-0.000140
-0.000099
0.000128
0.000383
0.000873
-0.000130
-0.000718
-0.000069
0.003070
0.004659
0.002513
0.000974
0.001150
0.001502
0.001507
0.000898
0.000397
0.000010
0.000678
0.001288
0.000797
0.002153
0.001851
0.002173
0.003643
0.003215
0.002661
0.006619
0.001199
-0.001797
-0.002396
-0.002085
-0.001665
-0.001338
-0.000289
-0.000121
-0.000048
-0.000040
-0.000041
-0.000046
-0.000039
-0.000052
-0.000121
-0.000127
-0.000063
-0.000055
-0.000048
-0.000054
-0.000044
-0.000050
-0.000063
-0.000078
-0.000066
-0.000079
-0.000109
-0.000185
-0.000066
-0.000074
-0.000059
-0.000148
-0.000142
-0.000134
-0.000100
-0.000084
-0.000065
-0.000058
-0.000035
-0.000066
-0.000064
-0.000071
-0.000063
-0.000060
-0.000063
-0.000075
-0.000029
0.000016
0.000320
0.001717
0.002195
0.001064
-0.000825
0.001671
0.001147
0.000290
-0.000156
-0.000356
-0.000785
-0.001626
-0.001244
-0.000762
0.000182
-0.000628
0.000122
0.000079
-0.000577
0.006224
0.009272
0.007730
0.011361
0.007710
0.010876
0.001533
0.002210
-0.001936
-0.001182
-0.002276
-0.002253
-0.001150
-0.000405
-0.000044
-0.000035
-0.000050
-0.000045
-0.000046
-0.000050
-0.000054
-0.000057
-0.000055
-0.000059
-0.000059
-0.000069
-0.000051
-0.000054
-0.000065
-0.000068
-0.000084
-0.000219
-0.000325
-0.000107
-0.000069
-0.000071
-0.000082
-0.000143
-0.000120
-0.000125
-0.000095
-0.000069
-0.000065
-0.000073
-0.000056
-0.000049
-0.000029
-0.000041
-0.000024
-0.000048
-0.000075
-0.000025
-0.000041
-0.000035
0.000014
-0.000006
0.000153
0.000508
0.001301
0.000821
-0.000016
-0.002726
-0.004601
-0.002592
-0.005438
-0.007668
-0.004816
-0.002105
-0.000673
-0.001061
-0.000546
0.000255
0.000848
0.001425
-0.000095
0.001168
0.002188
0.002683
0.006934
-0.002647
-0.002788
0.001689
-0.000304
-0.001956
-0.002677
-0.002347
-0.001931
-0.000379
-0.000041
-0.000046
-0.000046
-0.000049
-0.000053
-0.000054
-0.000062
-0.000062
-0.000045
-0.000142
-0.000079
-0.000069
-0.000113
-0.000072
-0.000099
-0.000196
-0.000201
-0.000195
-0.000087
-0.000087
-0.000111
-0.000247
-0.000111
-0.000148
-0.000122
-0.000099
-0.000096
-0.000082
-0.000069
-0.000051
-0.000037
-0.000023
-0.000036
-0.000036
-0.000029
-0.000080
-0.000042
-0.000048
-0.000042
-0.000022
0.000024
0.000209
0.001034
0.002424
0.001755
0.002813
-0.000013
-0.003695
-0.005297
-0.008466
-0.007525
-0.005342
-0.004077
-0.003251
-0.001892
0.000210
0.000399
0.000565
0.000408
-0.000258
0.004248
0.003736
0.002895
-0.002608
-0.003484
-0.003999
0.003629
0.003496
0.006796
-0.002782
-0.002489
-0.001000
-0.001223
-0.000303
-0.000035
-0.000047
-0.000048
-0.000053
-0.000060
-0.000077
-0.000045
-0.000069
-0.000074
-0.000084
-0.000103
-0.000096
-0.000091
-0.000210
-0.000164
-0.000086
-0.000109
-0.000111
-0.000152
-0.000130
-0.000132
-0.000134
-0.000155
-0.000135
-0.000121
-0.000103
-0.000084
-0.000072
-0.000053
-0.000015
-0.000040
-0.000041
-0.000012
-0.000031
-0.000034
-0.000029
-0.000065
-0.000019
0.000099
0.000558
0.001336
0.001422
0.001877
0.001971
0.002594
0.004451
-0.000892
-0.006574
-0.008134
-0.009736
-0.008459
-0.007787
-0.008629
-0.005891
-0.002216
-0.000007
0.000253
0.000463
0.000478
-0.000271
0.005236
0.009084
-0.005880
-0.004431
-0.004076
0.002791
0.020596
0.003887
-0.003243
-0.002806
-0.002111
-0.010844
-0.005747
0.000047
-0.000048
-0.000050
-0.000059
-0.000092
-0.000092
-0.000082
-0.000076
-0.000098
-0.000106
-0.000100
-0.000093
-0.000092
-0.000108
-0.000108
-0.000125
-0.000184
-0.000143
-0.000145
-0.000135
-0.000122
-0.000129
-0.000132
-0.000176
-0.000155
-0.000114
-0.000080
-0.000084
-0.000052
-0.000035
-0.000037
-0.000016
-0.000005
-0.000009
-0.000038
0.000004
0.000034
0.000167
0.001253
0.001123
0.001048
0.001106
0.001327
0.001769
0.001946
0.004331
0.001717
-0.003510
-0.005287
-0.011060
-0.013280
-0.012238
-0.013595
-0.007672
-0.002823
0.000131
0.000357
0.000507
0.000514
0.000128
0.000387
0.000164
0.001756
0.001585
0.002676
0.003577
0.008594
0.005316
-0.001231
-0.003101
-0.007362
-0.008222
-0.005342
-0.002067
0.000011
-0.000034
-0.000104
-0.000116
-0.000159
-0.000146
-0.000150
-0.000102
-0.000109
-0.000103
-0.000103
-0.000082
-0.000084
-0.000076
-0.000204
-0.000141
-0.000139
-0.000164
-0.000136
-0.000118
-0.000144
-0.000149
-0.000203
-0.000190
-0.000132
-0.000097
-0.000075
-0.000064
-0.000038
-0.000019
-0.000031
-0.000003
0.000030
0.000033
0.000038
0.000238
0.001081
0.000851
0.000944
0.000926
0.000865
0.001055
0.001204
0.001695
0.002842
0.003534
0.003453
-0.003720
-0.011079
-0.015468
-0.014872
-0.014495
-0.008254
-0.001793
0.000158
0.000537
0.000657
0.000298
0.000293
0.000291
-0.000235
-0.000399
-0.000630
-0.000569
-0.000693
-0.002016
0.004779
0.000875
-0.000326
-0.002886
-0.005016
-0.003491
-0.002479
-0.001460
-0.001671
-0.000083
-0.000183
-0.000138
-0.000289
-0.000220
-0.000148
-0.000093
-0.000094
-0.000106
-0.000120
-0.000084
-0.000118
-0.000117
-0.000166
-0.000137
-0.000146
-0.000130
-0.000156
-0.000158
-0.000152
-0.000212
-0.000168
-0.000145
-0.000113
-0.000082
-0.000091
-0.000048
-0.000023
-0.000027
-0.000004
-0.000019
0.000338
0.000328
0.001269
0.001313
0.001129
0.000958
0.000906
0.000921
0.000926
0.000898
0.001618
0.002068
0.003906
0.002674
-0.001709
-0.005460
-0.011876
-0.015983
-0.009075
-0.005893
-0.003087
-0.000780
-0.000063
0.000329
0.000271
0.000205
0.000080
-0.000262
-0.000318
-0.000639
-0.000847
-0.000432
-0.000065
-0.000007
0.002717
-0.000727
-0.002700
-0.003733
0.000096
-0.000801
-0.001564
-0.001582
-0.001727
-0.000133
-0.000537
-0.000089
-0.000101
-0.000107
-0.000103
-0.000112
-0.000123
-0.000103
-0.000108
-0.000126
-0.000165
-0.000150
-0.000126
-0.000127
-0.000164
-0.000197
-0.000209
-0.000187
-0.000247
-0.000204
-0.000263
-0.000268
-0.000233
-0.000170
-0.000120
-0.000068
-0.000004
0.000006
-0.000049
0.001689
0.001194
0.001249
0.001212
0.001314
0.000826
0.000738
0.000766
0.000983
0.001014
0.001256
0.001579
0.004272
0.002867
0.000767
-0.005254
-0.009504
-0.010273
-0.009145
-0.005651
-0.004218
-0.001913
-0.001993
-0.000156
0.000418
0.000573
-0.000249
-0.000555
-0.000288
-0.000664
-0.000715
-0.000733
-0.000460
-0.001004
-0.000861
-0.001399
-0.002805
-0.003240
0.001538
0.005341
0.001178
-0.001639
-0.002313
-0.001637
-0.002666
-0.000065
0.000004
-0.000006
-0.000120
-0.000186
-0.000118
-0.000103
-0.000120
-0.000119
-0.000120
-0.000093
-0.000177
-0.000187
-0.000253
-0.000169
-0.000202
-0.000214
-0.000271
-0.000227
-0.000291
-0.000279
-0.000264
-0.000240
-0.000215
-0.000210
-0.000166
0.000116
0.000823
0.000980
0.001238
0.001437
0.001151
0.001232
0.001050
0.000891
0.000834
0.000283
0.000362
0.000253
0.000194
-0.000110
0.000049
0.000105
-0.000002
-0.003581
-0.005267
-0.004784
-0.005879
-0.004023
-0.006825
-0.003041
-0.000507
-0.000877
0.000560
-0.000171
-0.000652
-0.000194
-0.000478
-0.000870
-0.001165
-0.000804
-0.001247
-0.000708
-0.000660
-0.001885
-0.002898
0.000765
0.000809
-0.000142
-0.001854
-0.001432
-0.002150
-0.003401
-0.002152
-0.000289
-0.000382
0.000037
0.000005
-0.000109
-0.000100
-0.000101
-0.000121
-0.000119
-0.000114
-0.000283
-0.000252
-0.000253
-0.000139
-0.000224
-0.000258
-0.000278
-0.000219
-0.000319
-0.000257
-0.000208
-0.000253
-0.000294
-0.000273
-0.000297
-0.000166
-0.000091
-0.000135
0.000145
0.001732
0.001124
0.000020
0.000127
0.000173
-0.000082
-0.000379
-0.000363
-0.000355
-0.000380
-0.000378
-0.000418
-0.000409
-0.000321
0.000414
-0.000194
0.010656
-0.008186
-0.011463
-0.012126
-0.002280
0.000041
-0.000072
0.000614
-0.000270
-0.000101
0.002148
-0.000202
-0.001802
-0.001619
-0.001619
-0.001814
-0.001978
-0.001897
-0.001866
-0.000629
-0.000369
0.000693
-0.000746
-0.000532
-0.000928
-0.002076
-0.001169
0.000193
-0.000498
-0.000056
-0.000038
-0.000114
0.000021
-0.000021
-0.000059
-0.000136
-0.000151
-0.000169
-0.000208
-0.000189
-0.000161
-0.000144
-0.000231
-0.000243
-0.000241
-0.000193
-0.000264
-0.000202
-0.000263
-0.000308
-0.000278
-0.000286
-0.000315
-0.000331
-0.000323
-0.000360
-0.000418
-0.000090
-0.000161
-0.000324
-0.000362
-0.000388
-0.000363
-0.000351
-0.000358
-0.000363
-0.000392
-0.000409
-0.000431
-0.000408
-0.000368
-0.000403
-0.000397
0.000793
0.000039
0.000217
0.000185
0.000093
-0.000019
0.000287
0.000674
0.000506
0.004079
0.006902
0.001189
-0.006096
-0.004830
-0.002521
-0.002514
-0.003666
-0.006743
-0.011348
-0.004698
0.000342
-0.001170
-0.001058
-0.000512
-0.000796
-0.000154
0.000005
-0.000219
-0.000134
-0.000083
-0.000055
-0.000141
-0.000118
-0.000113
-0.000090
-0.000093
-0.000084
-0.000158
-0.000154
-0.000150
-0.000160
-0.000157
-0.000226
-0.000281
-0.000279
-0.000224
-0.000228
-0.000227
-0.000266
-0.000323
-0.000305
-0.000330
-0.000262
-0.000311
-0.000317
-0.000343
-0.000360
-0.000390
-0.000326
-0.000296
-0.000338
-0.000341
-0.000368
-0.000379
-0.000365
-0.000357
-0.000363
-0.000374
-0.000410
-0.000399
-0.000384
-0.000398
-0.000427
-0.000370
-0.000373
-0.000389
-0.000398
-0.000452
-0.000541
0.000019
0.000123
0.000071
0.000265
0.000582
0.000280
-0.000626
-0.004530
-0.003639
-0.004647
-0.004771
-0.013091
-0.018163
-0.015397
-0.004970
-0.001270
-0.001433
-0.000542
-0.000241
-0.000275
-0.000127
-0.000078
-0.000143
-0.000109
-0.000153
-0.000118
-0.000079
-0.000088
-0.000054
-0.000054
-0.000059
-0.000098
-0.000129
-0.000156
-0.000135
-0.000172
-0.000266
-0.000320
-0.000291
-0.000316
-0.000193
-0.000236
-0.000304
-0.000374
-0.000389
-0.000454
-0.000301
-0.000261
-0.000331
-0.000343
-0.000357
-0.000318
-0.000307
-0.000302
-0.000355
-0.000329
-0.000373
-0.000381
-0.000384
-0.000358
-0.000336
-0.000351
-0.000413
-0.000365
-0.000386
-0.000381
-0.000418
-0.000394
-0.000380
-0.000379
-0.000411
-0.000517
-0.000513
-0.000473
-0.000460
-0.000559
-0.000504
-0.000471
-0.000409
-0.000345
-0.000003
-0.006007
-0.006189
-0.008740
-0.015961
-0.014933
-0.010993
-0.000111
-0.000067
-0.000290
-0.000206
-0.000125
-0.000125
-0.000096
-0.000032
-0.000047
-0.000117
-0.000112
-0.000077
-0.000081
-0.000166
-0.000130
-0.000106
-0.000040
-0.000114
-0.000125
-0.000137
-0.000177
-0.000295
-0.000391
-0.000286
-0.000282
-0.000227
-0.000290
-0.000393
-0.000373
-0.000379
-0.000352
-0.000347
-0.000331
-0.000298
-0.000276
-0.000324
-0.000319
-0.000348
-0.000363
-0.000349
-0.000364
-0.000393
-0.000394
-0.000374
-0.000401
-0.000388
-0.000364
-0.000373
-0.000361
-0.000380
-0.000404
-0.000368
-0.000413
-0.000407
-0.000405
-0.000380
-0.000472
-0.000534
-0.000447
-0.000417
-0.000413
-0.000442
-0.000532
-0.000535
-0.000396
-0.000385
-0.000322
0.000054
-0.006487
-0.007396
-0.011388
-0.007823
-0.003903
-0.001322
-0.000301
-0.000030
-0.000060
-0.000066
-0.000144
-0.000106
-0.000022
-0.000038
0.000004
-0.000036
-0.000045
-0.000100
-0.000160
-0.000182
-0.000189
-0.000116
-0.000140
-0.000126
-0.000336
-0.000386
-0.000273
-0.000344
-0.000344
-0.000363
-0.000378
-0.000421
-0.000420
-0.000363
-0.000377
-0.000367
-0.000327
-0.000277
-0.000358
-0.000389
-0.000357
-0.000305
-0.000380
-0.000398
-0.000435
-0.000401
-0.000402
-0.000385
-0.000381
-0.000397
-0.000423
-0.000441
-0.000416
-0.000433
-0.000421
-0.000395
-0.000387
-0.000427
-0.000439
-0.000443
-0.000492
-0.000462
-0.000499
-0.000527
-0.000413
-0.000472
-0.000595
-0.000498
-0.000462
-0.000512
-0.000563
-0.000358
-0.000160
-0.000205
-0.001610
-0.002764
-0.002168
-0.001085
-0.000620
-0.000748
-0.000187
0.000002
-0.000059
-0.000058
-0.000041
-0.000039
-0.000016
0.000013
-0.000084
-0.000076
-0.000048
-0.000072
-0.000097
-0.000085
-0.000083
-0.000227
-0.000144
-0.000297
-0.000208
-0.000182
-0.000323
-0.000315
-0.000403
-0.000429
-0.000421
-0.000392
-0.000382
-0.000357
-0.000344
-0.000348
-0.000350
-0.000401
-0.000374
-0.000241
-0.000295
-0.000331
-0.000415
-0.000470
-0.000483
-0.000430
-0.000430
-0.000409
-0.000416
-0.000463
-0.000472
-0.000474
-0.000499
-0.000522
-0.000443
-0.000426
-0.000419
-0.000455
-0.000465
-0.000477
-0.000536
-0.000537
-0.000458
-0.000513
-0.000578
-0.000605
-0.000493
-0.000431
-0.000575
-0.000581
-0.000328
-0.000205
-0.000247
-0.000519
-0.000909
-0.001754
-0.001496
-0.001571
-0.001435
-0.000623
-0.000327
-0.000163
-0.000050
-0.000040
-0.000070
-0.000026
-0.000051
-0.000096
-0.000060
-0.000035
-0.000019
-0.000101
-0.000086
-0.000111
-0.000141
-0.000162
-0.000158
-0.000156
-0.000208
-0.000362
-0.000367
-0.000378
-0.000401
-0.000386
-0.000350
-0.000346
-0.000344
-0.000354
-0.000388
-0.000367
-0.000390
-0.000391
-0.000293
-0.000320
-0.000333
-0.000434
-0.000364
-0.000456
-0.000387
-0.000399
-0.000398
-0.000411
-0.000417
-0.000461
-0.000489
-0.000550
-0.000538
-0.000557
-0.000522
-0.000483
-0.000505
-0.000546
-0.000515
-0.000561
-0.000485
-0.000535
-0.000444
-0.000427
-0.000472
-0.000415
-0.000437
-0.000453
-0.000452
-0.000355
-0.000336
-0.000366
-0.000577
-0.000598
-0.000611
-0.000791
-0.000736
-0.000407
-0.000337
-0.000172
-0.000101
-0.000134
-0.000074
-0.000058
-0.000066
-0.000019
-0.000020
-0.000068
-0.000032
-0.000065
-0.000139
-0.000105
-0.000165
-0.000124
-0.000124
-0.000145
-0.000146
-0.000157
-0.000312
-0.000328
-0.000342
-0.000411
-0.000362
-0.000368
-0.000323
-0.000401
-0.000410
-0.000397
-0.000337
-0.000340
-0.000337
-0.000305
-0.000300
-0.000346
-0.000394
-0.000300
-0.000411
-0.000380
-0.000377
-0.000406
-0.000415
-0.000465
-0.000495
-0.000507
-0.000583
-0.000550
-0.000594
-0.000554
-0.000536
-0.000529
-0.000572
-0.000565
-0.000547
-0.000470
-0.000592
-0.000577
-0.000536
-0.000536
-0.000453
-0.000483
-0.000430
-0.000376
-0.000373
-0.000346
-0.000252
-0.000447
-0.000469
-0.000405
-0.000332
-0.000260
-0.000238
-0.000094
-0.000052
-0.000065
-0.000025
-0.000065
-0.000054
-0.000039
-0.000015
-0.000080
-0.000140
-0.000147
-0.000064
-0.000095
-0.000089
-0.000138
-0.000160
-0.000136
-0.000139
-0.000173
-0.000148
-0.000341
-0.000292
-0.000330
-0.000410
-0.000402
-0.000377
-0.000357
-0.000452
-0.000429
-0.000327
-0.000291
-0.000329
-0.000290
-0.000291
-0.000402
-0.000399
-0.000409
-0.000407
-0.000423
-0.000386
-0.000373
-0.000409
-0.000511
-0.000512
-0.000564
-0.000563
-0.000573
-0.000522
-0.000581
-0.000575
-0.000554
-0.000564
-0.000544
-0.000580
-0.000553
-0.000527
-0.000505
-0.000546
-0.000538
-0.000473
-0.000436
-0.000451
-0.000439
-0.000399
-0.000331
-0.000310
-0.000395
-0.000395
-0.000533
-0.000233
-0.000164
-0.000174
-0.000190
-0.000161
-0.000081
-0.000014
-0.000034
-0.000062
-0.000080
-0.000091
-0.000135
-0.000096
-0.000122
-0.000084
-0.000058
-0.000068
-0.000115
-0.000139
-0.000152
-0.000161
-0.000137
-0.000201
-0.000157
-0.000356
-0.000320
-0.000354
-0.000347
-0.000414
-0.000400
-0.000368
-0.000353
-0.000330
-0.000313
-0.000337
-0.000286
-0.000232
-0.000256
-0.000320
-0.000391
-0.000378
-0.000337
-0.000352
-0.000392
-0.000354
-0.000409
-0.000508
-0.000544
-0.000551
-0.000518
-0.000537
-0.000510
-0.000515
-0.000536
-0.000598
-0.000604
-0.000611
-0.000587
-0.000616
-0.000537
-0.000530
-0.000563
-0.000508
-0.000446
-0.000416
-0.000375
-0.000416
-0.000413
-0.000336
-0.000426
-0.000508
-0.000338
-0.000223
-0.000176
-0.000140
-0.000209
-0.000196
-0.000238
-0.000143
-0.000073
-0.000069
-0.000050
-0.000049
-0.000103
-0.000067
-0.000057
-0.000028
-0.000037
-0.000092
-0.000113
-0.000202
-0.000125
-0.000156
-0.000156
-0.000152
-0.000153
-0.000176
