-0.000424
-0.000374
-0.000168
0.000632
-0.000132
0.000008
0.000088
0.000438
0.000110
0.000483
0.000759
-0.000603
0.000825
0.000781
0.000750
0.000508
0.000418
0.000403
0.000418
0.000430
0.000352
0.000324
0.000547
0.000802
0.000480
0.000617
0.001639
0.000502
0.000397
0.000353
0.000329
0.000256
0.000280
0.000344
0.000348
0.000362
0.000335
0.000331
0.000272
0.000241
0.000223
0.000173
0.000172
0.000172
0.000177
0.000167
0.000165
0.000147
0.000140
0.000163
0.000121
0.000197
0.000240
0.000241
0.000248
0.000229
0.000184
0.000182
0.000198
0.000222
0.000215
0.000156
0.000093
0.000041
0.000021
0.000003
-0.001158
0.000015
0.000189
0.000273
0.000061
0.000429
0.000195
0.000678
0.000640
0.000736
0.000699
0.000811
0.000707
0.000732
0.000743
0.000733
0.000741
0.000635
0.000617
0.000664
0.000718
0.000647
0.000596
0.000495
0.000525
0.000567
0.000553
0.000505
0.000494
0.000364
0.000705
0.000826
0.000501
0.000471
0.000412
0.000348
0.000359
0.000335
0.000276
0.000232
0.000279
0.000296
0.000315
0.000308
0.000283
0.000266
0.000238
0.000245
0.000201
0.000184
0.000190
0.000200
0.000185
0.000172
0.000157
0.000167
0.000174
0.000155
0.000196
0.000267
0.000248
0.000222
0.000223
0.000187
0.000220
0.000223
0.000244
0.000255
0.000176
0.000219
0.000227
0.000191
0.000202
0.000204
0.000213
0.000208
0.000194
0.000219
0.000273
0.000216
0.000759
0.000764
0.000759
0.000674
0.000619
0.000751
0.000721
0.000666
0.000745
0.000691
0.000681
0.000659
0.000630
0.000644
0.000592
0.000566
0.000494
0.000512
0.000518
0.000530
0.000481
0.000483
0.000456
0.000605
0.000320
-0.001404
-0.000277
0.000335
0.000383
0.000345
0.000352
0.000339
0.000308
0.000290
0.000275
0.000289
0.000279
0.000287
0.000266
0.000252
0.000243
0.000220
0.000247
0.000207
0.000157
0.000197
0.000189
0.000185
0.000191
0.000163
0.000157
0.000208
0.000227
0.000263
0.000220
0.000225
0.000177
0.000219
0.000221
0.000237
0.000293
0.000330
0.000274
0.000303
0.000308
0.000211
0.000198
0.000191
0.000280
0.000275
0.000274
0.000313
0.000256
0.000824
0.000850
0.000767
0.000608
0.000704
0.000723
0.000766
0.000708
0.000709
0.000642
0.000634
0.000610
0.000527
0.000493
0.000506
0.000510
0.000491
0.000524
0.000558
0.000596
0.000531
0.000440
0.000430
0.000323
0.000130
-0.001007
0.000185
0.000345
0.000368
0.000365
0.000317
0.000316
0.000307
0.000283
0.000241
0.000268
0.000253
0.000233
0.000269
0.000269
0.000256
0.000234
0.000261
0.000242
0.000195
0.000187
0.000192
0.000161
0.000133
0.000162
0.000168
0.000190
0.000255
0.000227
0.000229
0.000259
0.000250
0.000187
0.000209
0.000238
0.000345
0.000357
0.000315
0.000285
0.000280
0.000252
0.000202
0.000227
0.000258
0.000256
0.000271
0.000276
0.000214
0.000723
0.000698
0.000741
0.000698
0.000716
0.000689
0.000790
0.000708
0.000758
0.000645
0.000571
0.000563
0.000510
0.000480
0.000521
0.000461
0.000455
0.000511
0.000522
0.000534
0.000470
0.000431
0.000408
0.000280
0.000010
0.000292
0.000326
0.000406
0.000443
0.000467
0.000414
0.000399
0.000384
0.000294
0.000252
0.000230
0.000264
0.000264
0.000283
0.000262
0.000250
0.000245
0.000226
0.000226
0.000202
0.000158
0.000209
0.000187
0.000153
0.000145
0.000182
0.000207
0.000212
0.000271
0.000288
0.000283
0.000265
0.000223
0.000241
0.000262
0.000279
0.000368
0.000303
0.000285
0.000274
0.000239
0.000245
0.000263
0.000236
0.000209
0.000248
0.000284
-0.002169
0.000669
0.000644
0.000671
0.000660
0.000710
0.000689
0.000708
0.000715
0.000714
0.000651
0.000499
0.000514
0.000468
0.000443
0.000430
0.000430
0.000456
0.000492
0.000473
0.000468
0.000483
0.000396
0.000327
0.000358
0.000338
0.000405
0.000285
0.000427
0.000478
0.000427
0.000453
0.000423
0.000391
0.000284
0.000262
0.000257
0.000256
0.000270
0.000256
0.000233
0.000230
0.000205
0.000189
0.000175
0.000205
0.000183
0.000173
0.000176
0.000170
0.000165
0.000175
0.000186
0.000232
0.000236
0.000265
0.000267
0.000278
0.000268
0.000204
0.000235
0.000290
0.000337
0.000299
0.000219
0.000267
0.000223
0.000237
0.000214
0.000236
0.000224
0.000228
0.000283
0.000245
0.000615
0.000614
0.000650
0.000618
0.000668
0.000642
0.000548
0.000686
0.000488
0.000543
0.000501
0.000445
0.000375
0.000385
0.000430
0.000471
0.000469
0.000409
0.000432
0.000392
0.000394
0.000374
0.000355
0.000353
0.000360
0.000180
0.000890
0.000381
0.000428
0.000458
0.000461
0.000450
0.000383
0.000315
0.000252
0.000248
0.000251
0.000242
0.000213
0.000206
0.000219
0.000201
0.000145
0.000149
0.000165
0.000140
0.000147
0.000167
0.000185
0.000162
0.000154
0.000172
0.000225
0.000245
0.000266
0.000243
0.000257
0.000283
0.000210
0.000233
0.000260
0.000309
0.000284
0.000237
0.000265
0.000250
0.000211
0.000261
0.000236
0.000235
0.000205
0.000212
0.000256
0.000597
0.000672
0.000626
0.000703
0.000591
0.000552
0.000643
0.000707
0.000619
0.000454
0.000413
0.000396
0.000383
0.000370
0.000344
0.000384
0.000403
0.000388
0.000430
0.000404
0.000415
0.000392
0.000382
0.000360
0.000365
0.000267
-0.001028
0.000280
0.000420
0.000443
0.000434
0.000393
0.000359
0.000333
0.000267
0.000236
0.000218
0.000219
0.000204
0.000197
0.000219
0.000200
0.000197
0.000201
0.000162
0.000156
0.000143
0.000151
0.000187
0.000131
0.000163
0.000179
0.000223
0.000306
0.000307
0.000241
0.000219
0.000315
0.000270
0.000251
0.000245
0.000317
0.000328
0.000260
0.000234
0.000231
0.000281
0.000294
0.000278
0.000162
0.000222
0.000245
0.000227
0.000661
0.000575
0.000726
0.000659
0.000709
0.000675
0.000597
0.000631
0.000434
0.000391
0.000393
0.000385
0.000378
0.000292
0.000378
0.000400
0.000471
0.000508
0.000471
0.000463
0.000397
0.000428
0.000402
0.000376
0.000280
0.000250
0.000335
0.000347
0.000328
0.000383
0.000391
0.000349
0.000349
0.000316
0.000243
0.000223
0.000222
0.000226
0.000200
0.000181
0.000207
0.000200
0.000203
0.000210
0.000214
0.000168
0.000160
0.000220
0.000189
0.000155
0.000170
0.000199
0.000217
0.000255
0.000252
0.000282
0.000250
0.000272
0.000258
0.000236
0.000206
0.000290
0.000302
0.000274
0.000251
0.000280
0.000244
0.000238
0.000250
0.000224
0.000250
0.000237
0.001326
0.000537
0.000634
0.000733
0.000659
0.000661
0.000740
0.000669
0.000642
0.000516
0.000434
0.000351
0.000373
0.000370
0.000322
0.000380
0.000356
0.000477
0.000487
0.000449
0.000456
0.000370
0.000421
0.000406
0.000374
0.000333
0.000255
0.000251
0.000306
0.000247
0.000346
0.000334
0.000302
0.000298
0.000311
0.000275
0.000221
0.000197
0.000218
0.000216
0.000203
0.000190
0.000197
0.000201
0.000227
0.000219
0.000207
0.000174
0.000159
0.000165
0.000156
0.000160
0.000174
0.000195
0.000220
0.000241
0.000253
0.000254
0.000218
0.000253
0.000201
0.000274
0.000284
0.000315
0.000270
0.000246
0.000263
0.000249
0.000266
0.000279
0.000223
0.000232
0.000250
0.000218
0.000521
0.000532
0.000606
0.000635
0.000659
0.000615
0.000530
0.000539
0.000490
0.000452
0.000435
0.000418
0.000412
0.000365
0.000309
0.000335
0.000422
0.000455
0.000370
0.000380
0.000393
0.000395
0.000419
0.000434
0.000421
0.000392
0.000346
0.000358
0.000315
0.000295
0.000295
0.000271
0.000272
0.000290
0.000262
0.000172
0.000181
0.000200
0.000191
0.000164
0.000174
0.000172
0.000194
0.000229
0.000257
0.000231
0.000196
0.000157
0.000184
0.000174
0.000188
0.000187
0.000176
0.000181
0.000257
0.000272
0.000234
0.000225
0.000276
0.000308
0.000270
0.000312
0.000316
0.000285
0.000251
0.000234
0.000267
0.000308
0.000290
0.000241
0.000172
0.000273
0.000172
0.000501
0.000429
0.000576
0.000566
0.000597
0.000546
0.000453
0.000481
0.000469
0.000463
0.000405
0.000423
0.000440
0.000417
0.000373
0.000488
0.000485
0.000421
0.000358
0.000413
0.000435
0.000407
0.000433
0.000475
0.000481
0.000458
0.000427
0.000414
0.000324
0.000289
0.000302
0.000284
0.000278
0.000286
0.000247
0.000190
0.000167
0.000155
0.000132
0.000124
0.000117
0.000149
0.000186
0.000230
0.000261
0.000249
0.000206
0.000162
0.000162
0.000170
0.000170
0.000145
0.000151
0.000180
0.000229
0.000257
0.000266
0.000264
0.000257
0.000290
0.000260
0.000255
0.000315
0.000316
0.000290
0.000239
0.000268
0.000280
0.000243
0.000293
0.000186
0.000240
0.000173
0.000453
0.000493
0.000489
0.000540
0.000510
0.000507
0.000326
0.000288
0.000388
0.000396
0.000427
0.000403
0.000411
0.000375
0.000390
0.000432
0.000444
0.000375
0.000331
0.000302
0.000346
0.000439
0.000468
0.000437
0.000159
0.000067
0.000334
0.000201
0.000262
0.000308
0.000339
0.000330
0.000269
0.000260
0.000240
0.000193
0.000142
0.000116
0.000086
0.000063
0.000065
0.000096
0.000155
0.000187
0.000251
0.000260
0.000226
0.000196
0.000194
0.000167
0.000153
0.000137
0.000157
0.000176
0.000204
0.000266
0.000256
0.000283
0.000272
0.000287
0.000291
0.000226
0.000277
0.000283
0.000265
0.000255
0.000273
0.000242
0.000272
0.000295
0.000220
0.000211
0.000725
0.000373
0.000500
0.000541
0.000551
0.000639
0.000518
0.000414
0.000313
0.000358
0.000324
0.000378
0.000350
0.000351
0.000370
0.000409
0.000439
0.000450
0.000363
0.000330
0.000368
0.000382
0.000104
-0.001761
-0.002259
-0.002541
-0.013106
-0.008190
-0.007940
-0.004797
-0.000647
-0.000005
-0.000272
0.000105
0.000210
0.000218
0.000179
0.000122
0.000078
0.000040
0.000002
-0.000011
0.000011
0.000090
0.000170
0.000222
0.000221
0.000260
0.000241
0.000212
0.000227
0.000192
0.000172
0.000174
0.000158
0.000223
0.000279
0.000279
0.000274
0.000285
0.000285
0.000304
0.000230
0.000264
0.000254
0.000304
0.000221
0.000264
0.000203
0.000367
0.000400
0.000271
0.000238
0.000128
0.000441
0.000479
0.000464
0.000486
0.000483
0.000441
0.000324
0.000371
0.000371
0.000365
0.000319
0.000306
0.000320
0.000436
0.000452
0.000431
0.000428
0.000420
0.000383
0.000350
-0.000608
-0.004540
-0.013599
-0.015281
-0.012379
-0.011438
-0.009393
-0.010144
-0.022165
-0.031073
-0.015367
-0.012957
-0.008726
-0.002779
0.000113
0.000152
0.000099
0.000041
-0.000013
-0.000076
-0.000101
-0.000087
0.000020
0.000141
0.000182
0.000236
0.000236
0.000203
0.000179
0.000236
0.000236
0.000203
0.000156
0.000215
0.000269
0.000307
0.000308
0.000291
0.000322
0.000302
0.000289
0.000208
0.000188
0.000266
0.000334
0.000316
0.000239
0.000333
0.000371
0.000378
0.000290
0.000197
0.000181
0.000421
0.000435
0.000514
0.000484
0.000342
0.000313
0.000318
0.000338
0.000326
0.000356
0.000321
0.000316
0.000355
0.000307
0.000414
0.000361
0.000365
0.000463
0.000422
-0.000636
-0.006306
-0.004805
-0.004771
-0.018695
-0.014885
-0.011178
-0.011039
-0.008987
-0.008022
-0.015349
-0.030550
-0.005798
-0.003581
-0.000098
0.000132
0.000136
0.000094
0.000021
-0.000070
-0.000161
-0.000184
-0.000200
-0.000048
0.000087
0.000199
0.000237
0.000261
0.000213
0.000190
0.000195
0.000249
0.000236
0.000195
0.000205
0.000271
0.000289
0.000347
0.000346
0.000294
0.000291
0.000276
0.000215
0.000137
0.000297
0.000405
0.000386
0.000292
0.000279
0.000351
0.000421
0.000402
0.000221
0.000171
0.000353
0.000373
0.000425
0.000436
0.000282
0.000283
0.000317
0.000318
0.000366
0.000354
0.000301
0.000301
0.000359
0.000365
0.000366
0.000351
0.000417
0.000560
0.000622
0.000075
-0.000983
-0.009039
-0.009322
-0.009195
-0.011225
-0.009520
-0.010640
-0.009044
-0.009481
-0.007462
-0.001147
-0.002678
-0.003442
0.000041
0.000124
0.000126
0.000058
-0.000008
-0.000124
-0.000226
-0.000306
-0.000502
-0.000124
0.000102
0.000190
0.000258
0.000254
0.000232
0.000206
0.000188
0.000252
0.000261
0.000236
0.000202
0.000218
0.000301
0.000351
0.000337
0.000256
0.000270
0.000293
0.000268
0.000212
0.000314
0.000391
0.000380
0.000313
0.000292
0.000398
0.000496
0.000408
0.000216
-0.001100
0.000177
0.000226
0.000358
0.000331
0.000247
0.000260
0.000268
0.000302
0.000359
0.000355
0.000294
0.000295
0.000362
0.000353
0.000388
0.000135
0.000294
0.000386
0.000302
0.000361
0.000307
0.000016
-0.000451
-0.001836
-0.002423
0.000552
0.000360
-0.001817
0.000457
-0.002803
-0.002999
-0.002831
-0.001679
-0.000278
0.000112
0.000558
-0.000059
-0.000014
-0.000140
-0.000227
-0.000233
-0.000229
-0.000075
0.000096
0.000174
0.000236
0.000241
0.000245
0.000215
0.000202
0.000215
0.000276
0.000261
0.000226
0.000197
0.000249
0.000348
0.000350
0.000269
0.000222
0.000317
0.000293
0.000309
0.000321
0.000387
0.000421
0.000423
0.000414
0.000456
0.000467
0.000402
0.000257
0.000226
0.000224
0.000282
0.000397
0.000209
0.000221
0.000180
0.000151
0.000225
0.000263
0.000329
0.000283
0.000255
0.000268
0.000061
0.000441
0.000310
0.000511
0.000403
0.000374
0.000429
0.000414
0.000495
0.000540
0.000484
-0.000410
-0.000691
0.001901
0.002237
0.002515
0.000287
-0.001698
-0.000249
0.000395
0.001057
0.004924
0.003066
0.001519
0.000193
-0.000081
-0.000131
-0.000131
-0.000080
0.000012
0.000114
0.000152
0.000212
0.000203
0.000262
0.000252
0.000225
0.000218
0.000277
0.000304
0.000267
0.000249
0.000179
0.000302
0.000366
0.000353
0.000258
0.000288
0.000361
0.000329
0.000319
0.000414
0.000478
0.000498
0.000498
0.000388
0.000460
0.000496
0.000384
0.000367
0.000395
0.000344
0.000270
0.000197
0.000058
0.000020
0.000109
0.000195
0.000235
0.000249
0.000267
0.000253
0.000079
0.000644
0.000391
0.000466
0.000301
0.000407
0.000517
0.000613
0.000467
0.000668
0.001191
0.001442
0.001153
0.000997
0.001105
0.003290
0.003793
0.002602
0.002430
0.004617
0.004466
0.005288
0.006316
0.005064
0.004909
0.001016
-0.000061
-0.000057
-0.000031
0.000022
0.000061
0.000127
0.000160
0.000193
0.000197
0.000238
0.000275
0.000221
0.000215
0.000256
0.000295
0.000260
0.000224
0.000216
0.000284
0.000370
0.000363
0.000375
0.000340
0.000383
0.000408
0.000334
0.000461
0.000541
0.000513
0.000427
0.000437
0.000492
0.000520
0.000587
0.000487
0.000460
0.000422
0.000260
0.000179
0.000001
0.000009
0.000102
0.000172
0.000158
0.000238
0.000217
0.000239
-0.001194
-0.000992
-0.000296
0.000273
0.000278
0.000341
0.000545
0.000612
0.000651
0.000870
0.001922
0.002356
-0.002431
0.002008
0.003190
0.003117
0.003993
0.002864
0.003982
0.006077
0.006214
0.007542
0.003232
0.002266
0.003169
0.001440
-0.000251
-0.000024
0.000046
0.000078
0.000094
0.000105
0.000171
0.000192
0.000205
0.000281
0.000304
0.000257
0.000233
0.000242
0.000340
0.000280
0.000257
0.000255
0.000359
0.000421
0.000375
0.000427
0.000378
0.000455
0.000449
0.000479
0.000530
0.000527
0.000550
0.000453
0.000581
0.000654
0.000687
0.000567
-0.000596
0.000439
0.000336
0.000253
0.000207
0.000017
0.000016
0.000085
0.000103
0.000168
0.000212
0.000250
0.000272
-0.000470
-0.001610
0.000708
0.000226
0.000502
0.000735
0.000629
0.000680
0.001005
0.000929
0.000450
-0.001120
0.001530
0.006367
0.006161
0.007526
0.004824
0.003879
0.003308
0.004222
0.001973
0.003045
0.001060
0.000678
0.001236
0.001016
0.000146
0.000030
0.000061
0.000138
0.000154
0.000127
0.000129
0.000178
0.000267
0.000314
0.000348
0.000275
0.000252
0.000330
0.000351
0.000337
0.000240
0.000197
0.000348
0.000415
0.000407
0.000414
0.000417
0.000439
0.000485
0.000503
0.000467
0.000465
0.000562
0.000625
0.000669
0.000619
0.000561
0.000556
0.000487
0.000383
0.000291
0.000195
0.000189
0.000095
-0.000022
-0.000036
-0.000054
0.000126
0.000212
0.000210
0.000347
0.000337
-0.000164
-0.000351
-0.000775
0.000253
0.000778
0.000976
0.000984
0.001235
0.000751
0.000259
0.002247
0.004852
0.006833
0.008283
0.008099
0.007394
0.003105
0.000279
0.000424
0.000090
0.000169
-0.000206
0.000067
0.000225
0.001752
0.000223
0.000002
0.000076
0.000149
0.000245
0.000453
0.000233
0.000241
0.000272
0.000368
0.000430
0.000354
0.000287
0.000333
0.000381
0.000393
0.000304
0.000225
0.000414
0.000396
0.000435
0.000468
0.000432
0.000438
0.000468
0.000466
0.000320
0.000386
0.000763
0.000721
0.000628
0.000555
0.000536
0.000652
0.000558
0.000284
0.000274
0.000262
0.000225
0.000132
0.000000
-0.000024
0.000019
0.000147
0.000166
0.000175
0.000280
0.000347
0.000213
-0.000951
0.000413
0.000772
0.001588
0.001781
0.001661
-0.000291
0.000257
0.001249
0.003651
0.004651
0.004831
0.005997
0.006763
0.006644
0.003069
0.001213
0.000012
-0.000238
-0.000245
-0.000384
-0.000100
-0.000132
0.000294
-0.001204
-0.000524
0.000042
0.000136
0.000318
0.000409
0.000437
0.000436
0.000335
0.000425
0.000437
0.000393
0.000319
0.000371
0.000394
0.000396
0.000388
0.000380
0.000475
0.000502
0.000487
0.000349
0.000458
0.000563
0.000448
0.000426
0.000467
0.000518
0.000686
0.000696
0.000573
0.000573
0.000601
0.000670
0.000621
0.000221
0.000234
0.000289
0.000284
0.000205
0.000112
0.000109
0.000119
0.000158
0.000124
0.000154
0.000229
0.000288
0.000375
0.000098
-0.000678
-0.001187
-0.001611
-0.000095
0.000030
-0.000158
-0.000086
0.000056
0.001495
0.007818
0.004236
0.003548
0.005090
0.004625
0.002773
0.001146
0.000096
-0.000202
-0.000330
-0.000352
-0.000080
-0.000121
-0.000543
-0.001383
-0.000374
-0.000008
0.000140
0.000320
0.000509
0.000284
0.001721
0.001222
0.001174
0.000411
0.000443
0.000418
0.000358
0.000410
0.000422
0.000461
0.000433
0.000503
0.000514
0.000508
0.000429
0.000565
0.000590
0.000502
0.000457
0.000510
0.000574
0.000615
0.000552
0.000543
0.000518
0.000499
0.000632
0.000567
0.000212
0.000184
0.000253
0.000263
0.000258
0.000191
0.000178
0.000183
0.000179
0.000164
0.000176
0.000216
0.000266
0.000350
0.000314
-0.000185
0.000084
-0.000003
-0.000054
-0.000049
-0.000059
-0.000056
-0.000058
0.000002
0.000098
0.000987
0.001021
0.003604
0.005151
0.002194
0.000698
0.000368
-0.000526
-0.000384
-0.000265
0.000261
-0.001657
-0.005622
-0.003371
-0.002682
-0.002147
-0.001880
0.000413
0.000631
0.000745
0.002255
0.000147
0.007559
0.001314
0.000418
0.000400
0.000398
0.000456
0.000521
0.000515
0.000499
0.000520
0.000531
0.000533
0.000569
0.000671
0.000646
0.000602
0.000617
0.000470
0.000515
0.000511
0.000587
0.000539
0.000431
0.000457
0.000557
0.000593
0.000182
0.000187
0.000203
0.000235
0.000238
0.000190
0.000184
0.000154
0.000166
0.000171
0.000175
0.000166
0.000132
0.000087
0.000051
0.000004
-0.000050
-0.000052
-0.000072
-0.000070
-0.000065
-0.000057
-0.000025
-0.000074
-0.000035
0.000393
0.001026
0.002308
0.003507
0.001388
0.002584
-0.004754
-0.003345
-0.000394
-0.000469
-0.000302
-0.005196
-0.004907
-0.006834
-0.009172
-0.011103
-0.012753
-0.004675
-0.002539
-0.000169
0.001156
-0.000601
0.000371
0.002369
0.000925
0.000440
0.000436
0.000473
0.000540
0.000552
0.000586
0.000575
0.000566
0.000616
0.000568
0.000549
0.000535
0.000555
0.000632
0.000494
0.000473
0.000572
0.000632
0.000590
0.000471
0.000475
0.000502
0.000592
0.000199
0.000169
0.000110
0.000197
0.000209
0.000207
0.000157
0.000144
0.000116
0.000123
0.000140
0.000082
0.000045
0.000031
0.000001
-0.000058
-0.000077
-0.000060
-0.000073
-0.000056
-0.000004
-0.000113
-0.000120
-0.000246
0.005608
0.004955
0.003236
0.000645
0.001886
0.002287
-0.001325
-0.007266
-0.005916
-0.004059
-0.004165
-0.003351
-0.010694
-0.007935
-0.007923
-0.010260
-0.013697
-0.019105
-0.017898
-0.014402
-0.004187
-0.000548
-0.000585
-0.006154
-0.002310
-0.002949
0.000652
0.000466
0.000499
0.000535
0.000595
0.000554
0.000604
0.000677
0.000661
0.000587
0.000531
0.000612
0.000581
0.000659
0.000502
0.000526
0.000512
0.000698
0.000683
0.000547
0.000544
0.000587
0.000645
0.000146
0.000086
0.000077
0.000207
0.000207
0.000191
0.000160
0.000116
0.000047
0.000083
0.000087
0.000051
0.000041
0.000035
0.000004
-0.000001
-0.000064
-0.000064
-0.000079
-0.000027
-0.000114
-0.000704
-0.000559
-0.000437
0.002771
0.001783
0.002786
0.003220
0.004503
0.004768
0.001480
-0.007214
-0.006608
-0.005490
-0.005126
-0.005100
-0.003922
-0.013043
-0.012390
-0.011997
-0.019111
-0.020775
-0.020129
-0.019443
-0.014564
-0.003043
-0.001976
-0.004141
-0.004800
-0.004556
-0.004642
0.000358
0.000655
0.000670
0.000624
0.000616
0.000558
0.000634
0.000676
0.000676
0.000664
0.000588
0.000461
0.000594
0.000598
0.000517
0.000430
0.000653
0.000698
0.000641
0.000702
0.000621
0.000569
0.000161
0.000164
0.000184
0.000190
0.000177
0.000182
0.000157
0.000107
0.000082
0.000103
0.000093
0.000048
0.000024
0.000014
0.000017
-0.000008
-0.000034
-0.000046
-0.000086
-0.000103
-0.000629
-0.000538
-0.000618
-0.000483
0.001720
0.003824
0.004788
0.005584
0.002665
0.002013
0.001085
-0.007395
-0.007418
-0.005885
-0.005367
-0.005066
-0.005180
-0.004620
-0.004109
-0.011173
-0.014808
-0.016013
-0.018127
-0.018729
-0.017227
-0.012664
-0.003273
-0.003377
-0.001717
-0.002754
-0.007108
-0.005537
0.000377
0.000705
0.000722
0.000647
0.000579
0.000575
0.000637
0.000654
0.000707
0.000655
0.000439
0.000598
0.000636
0.000464
0.000314
0.000581
0.000785
0.000841
0.000749
0.000708
0.000665
0.000118
0.000146
0.000163
0.000172
0.000158
0.000163
0.000157
0.000116
0.000068
0.000086
0.000095
0.000061
0.000036
-0.000006
0.000010
-0.000007
-0.000012
-0.000054
-0.000417
-0.000424
-0.000519
-0.000572
-0.000710
-0.000634
0.000687
0.003944
0.004527
0.004236
0.002268
0.001311
-0.000535
-0.007251
-0.008843
-0.006372
-0.005267
-0.004939
-0.004762
-0.004923
-0.004733
-0.005016
-0.004605
-0.003728
-0.009806
-0.010496
-0.007327
-0.008594
-0.001990
-0.004253
0.000264
-0.002576
-0.006997
-0.009198
-0.005890
0.000119
0.000650
0.000662
0.000599
0.000605
0.000620
0.000658
0.000680
0.000621
0.000507
0.000724
0.000687
0.000558
0.000429
0.000535
0.000781
0.000795
0.000857
0.000790
0.000641
0.000046
0.000100
0.000170
0.000151
0.000177
0.000188
0.000195
0.000130
0.000061
0.000094
0.000107
0.000095
0.000080
0.000032
0.000019
0.000015
-0.000080
-0.000505
-0.000488
-0.000480
-0.000545
-0.000753
-0.000659
-0.000395
0.002235
0.003975
0.003065
0.003382
0.000576
-0.001002
-0.000617
-0.007817
-0.008548
-0.006226
-0.005068
-0.004761
-0.004675
-0.004501
-0.004822
-0.004674
-0.004755
-0.004566
-0.004565
-0.005403
-0.005200
-0.001260
-0.005968
-0.002354
0.004333
-0.000626
-0.006559
-0.008399
-0.009361
-0.007664
-0.005700
0.000469
0.000613
0.000639
0.000613
0.000643
0.000732
0.000591
0.000591
0.000744
0.000713
0.000707
0.000547
0.000394
0.000594
0.000805
0.000723
0.000808
0.000638
0.000090
0.000108
0.000169
0.000154
0.000140
0.000192
0.000190
0.000128
0.000094
0.000071
0.000065
0.000116
0.000111
0.000090
-0.000075
-0.000129
-0.000573
-0.000653
-0.000602
-0.000610
-0.000635
-0.000672
-0.000565
0.001438
0.006644
0.005925
0.000573
0.000848
0.000882
0.000190
-0.000509
-0.006547
-0.008501
-0.006348
-0.005387
-0.004974
-0.004588
-0.004630
-0.004735
-0.004861
-0.004458
-0.004620
-0.004953
-0.005880
-0.006520
-0.004472
-0.000740
0.001976
0.007468
-0.000421
-0.007104
-0.007953
-0.009276
-0.008437
-0.007895
-0.005583
0.000216
0.000484
0.000599
0.000606
0.000671
0.000543
0.000568
0.000727
0.000734
0.000716
0.000673
0.000449
0.000598
0.000863
0.000814
0.000751
0.000556
0.000081
0.000069
0.000064
0.000116
0.000141
0.000194
0.000205
0.000213
0.000314
0.000032
0.000041
0.000111
0.000072
-0.000238
-0.000583
-0.000597
-0.000663
-0.000572
-0.000634
-0.000679
-0.000602
-0.000540
-0.000628
0.002316
0.008288
0.008398
0.002602
0.000234
-0.000559
0.000513
-0.001096
-0.006331
-0.007121
-0.006852
-0.005958
-0.005195
-0.004752
-0.004325
-0.004590
-0.005107
-0.004945
-0.005174
-0.005324
-0.006124
-0.007319
-0.006913
-0.004884
-0.009451
0.004163
-0.003673
-0.007195
-0.008130
-0.008716
-0.007901
-0.006993
-0.007425
-0.006375
-0.004886
0.000048
0.000449
0.000490
0.000562
0.000498
0.000692
0.000746
0.000816
0.000860
0.000622
0.000612
0.000798
0.000712
0.000816
0.000531
0.000091
0.000099
0.000081
0.000062
0.000155
0.000185
0.000180
0.000173
0.000162
0.000085
0.000152
0.000117
0.000146
-0.000388
-0.000528
-0.000438
-0.000614
-0.000424
-0.000497
-0.000491
-0.000501
-0.000075
-0.000057
-0.000058
0.000065
0.000059
0.000079
0.000243
0.001636
0.000646
-0.000393
-0.007049
-0.006701
-0.006405
-0.005553
-0.004776
-0.004635
-0.004654
-0.004606
-0.005567
-0.005450
-0.005890
-0.005875
-0.005975
-0.008011
-0.006746
-0.004822
-0.003094
-0.006871
-0.005885
-0.008007
-0.008242
-0.006586
-0.005156
-0.005087
-0.005705
-0.006251
-0.006584
-0.004951
-0.004695
-0.002679
0.000622
0.000588
0.000739
0.000714
0.000815
0.000842
0.000789
0.000758
0.000656
0.000638
0.000822
0.000743
0.000077
0.000115
0.000078
0.000120
0.000123
0.000170
0.000184
0.000177
0.000163
0.000081
0.000098
0.000164
0.000115
0.000023
0.000075
-0.000305
-0.000386
0.000013
-0.000000
0.000007
-0.000017
0.000011
0.000007
0.000005
0.000018
0.000018
0.000003
0.000042
0.000048
0.000773
0.001654
-0.005754
-0.005839
-0.005020
-0.004375
-0.004463
-0.004483
-0.004413
-0.004570
-0.004947
-0.005277
-0.005779
-0.005833
-0.005463
-0.005924
-0.005222
-0.002629
-0.001738
-0.000792
-0.003826
-0.007296
-0.005704
-0.002530
-0.001043
-0.000464
-0.001537
-0.002570
-0.001897
-0.000430
-0.001229
-0.001541
0.000363
0.000048
0.000749
0.000641
0.000725
0.000906
0.000866
0.000723
0.000607
0.000787
0.000911
0.000874
0.000137
0.000141
0.000123
0.000094
0.000118
0.000148
0.000163
0.000137
0.000150
0.000072
0.000068
0.000061
0.000061
0.000038
0.000033
0.000030
-0.000079
0.000020
0.000026
0.000039
0.000030
0.000007
-0.000008
-0.000010
0.000012
0.000011
-0.000020
-0.000034
0.000013
0.000040
0.000067
-0.000497
-0.000293
-0.000302
-0.000207
-0.000249
0.000325
-0.002550
-0.003288
-0.004380
-0.004481
-0.004911
-0.005016
-0.005256
-0.005690
-0.003682
-0.001378
-0.000705
-0.002190
-0.002676
-0.002408
0.000203
0.005848
0.004958
0.003481
0.004062
0.004460
0.003941
-0.000487
-0.002313
0.000531
-0.000483
0.001195
0.001064
0.000963
0.001094
0.001266
0.000954
0.000630
0.000710
0.000701
0.000883
0.000966
0.000116
0.000133
0.000145
0.000157
0.000117
0.000128
0.000135
0.000135
0.000161
0.000134
0.000076
0.000064
0.000034
0.000016
0.000018
0.000013
0.000063
0.000048
0.000045
0.000062
0.000049
0.000016
-0.000002
-0.000004
0.000004
0.000000
-0.000034
-0.000057
-0.000027
-0.000006
0.000048
0.000059
0.000034
0.000032
0.000040
0.000028
0.000046
0.000123
0.000035
0.000085
0.000066
-0.000201
-0.000305
-0.000295
-0.003883
-0.003771
-0.002393
-0.002046
-0.004249
-0.006661
-0.006388
-0.001218
-0.000414
0.000535
0.000706
0.000411
0.001205
0.001851
0.001918
0.001464
0.001766
0.001145
0.001115
0.001302
0.001293
0.001111
0.001076
0.001006
0.000915
0.000746
0.000705
0.000987
0.001060
0.000158
0.000155
0.000145
0.000172
0.000177
0.000173
0.000228
0.000259
0.000269
0.000278
0.000190
0.000133
0.000075
0.000001
-0.000001
0.000009
0.000037
0.000063
0.000043
0.000066
0.000050
0.000028
0.000011
0.000011
-0.000005
-0.000019
-0.000041
-0.000078
-0.000066
-0.000008
-0.000007
0.000015
0.000034
0.000001
0.000061
0.000063
0.000062
-0.000004
0.000048
0.000014
0.000057
0.000143
0.000111
0.000144
0.000223
-0.004091
-0.004555
-0.004797
-0.006435
-0.006502
-0.005225
0.001583
0.001800
0.001742
0.001780
0.001645
0.001796
0.001909
0.002124
0.001754
0.001925
0.001801
0.001482
0.001283
0.001293
0.001068
0.001200
0.000835
0.001073
0.000800
0.000671
0.001043
0.001185
0.000186
0.000170
0.000158
0.000138
0.000149
0.000200
0.000237
0.000264
0.000244
0.000285
0.000220
0.000162
0.000170
0.000065
0.000017
0.000017
0.000023
0.000043
0.000059
0.000051
0.000044
0.000023
0.000017
0.000012
-0.000004
-0.000026
-0.000056
-0.000073
-0.000107
-0.000065
-0.000030
-0.000008
0.000040
0.000069
0.000109
0.000092
0.000039
-0.000016
0.000064
0.000072
0.000070
0.000148
0.000153
0.000048
0.000112
0.000828
-0.005577
-0.003831
-0.004447
-0.004772
-0.002101
-0.000417
0.001436
0.001793
0.001678
0.001768
0.001787
0.001683
0.001859
0.001968
0.001723
0.001683
0.001540
0.001463
0.001425
0.001222
0.001099
0.001075
0.001175
0.000926
0.000915
0.001228
0.001297
0.000221
0.000193
0.000183
0.000193
0.000200
0.000217
0.000242
0.000240
0.000306
0.000290
0.000240
0.000206
0.000200
0.000182
0.000053
0.000023
0.000016
0.000015
0.000010
0.000004
-0.000016
-0.000003
0.000030
0.000015
0.000006
-0.000010
-0.000019
-0.000038
-0.000088
-0.000082
-0.000078
0.000007
0.000069
0.000067
0.000054
0.000121
0.000044
0.000005
0.000052
0.000070
0.000107
0.000155
0.000195
0.000257
0.000226
0.000411
0.001699
-0.002119
-0.000733
-0.001364
-0.000620
-0.002993
0.000635
0.001585
0.001748
0.001774
0.001711
0.001701
0.001914
0.001935
0.001688
0.001721
0.001603
0.001548
0.001419
0.001484
0.001294
0.001201
0.001184
0.001069
0.001249
0.001135
0.001176
0.000201
0.000233
0.000225
0.000206
0.000199
0.000194
0.000220
0.000203
0.000239
0.000266
0.000250
0.000252
0.000229
0.000213
0.000109
0.000013
0.000017
0.000007
-0.000010
-0.000016
-0.000026
-0.000038
-0.000010
0.000008
0.000003
0.000005
0.000005
-0.000027
-0.000051
-0.000054
-0.000038
-0.000007
0.000023
0.000055
0.000048
0.000008
0.000066
0.000054
0.000114
0.000144
0.000126
0.000202
0.000383
0.000304
0.000335
0.000483
0.000552
0.001078
0.001075
0.000048
-0.001150
0.000256
0.000922
0.001737
0.001613
0.001518
0.001627
0.001715
0.001857
0.001923
0.001654
0.001523
0.001566
0.001556
0.001543
0.001320
0.001383
0.001195
0.001395
0.001354
0.001178
0.001273
0.001179
0.000193
0.000226
0.000226
0.000223
0.000223
0.000193
0.000219
0.000236
0.000217
0.000272
0.000242
0.000247
0.000253
0.000216
0.000173
0.000030
0.000016
0.000017
-0.000021
-0.000072
-0.000040
-0.000041
-0.000040
-0.000034
-0.000018
0.000035
0.000031
0.000005
0.000052
0.000056
0.000064
0.000022
0.000022
0.000054
-0.000029
-0.000005
0.000118
0.000191
0.000170
0.000250
0.000193
0.000143
0.000217
0.000240
0.000387
0.000525
0.000563
0.000650
0.000885
0.000910
0.000937
0.001051
0.001245
0.001573
0.001612
0.001633
0.001585
0.001632
0.001713
0.001788
0.001744
0.001529
0.001520
0.001808
0.001584
0.001448
0.001504
0.001372
0.001075
0.000952
0.001210
0.001178
0.001321
0.000128
0.000214
0.000234
0.000223
0.000224
0.000221
0.000203
0.000194
0.000206
0.000240
0.000255
0.000264
0.000247
0.000174
0.000087
0.000063
0.000031
0.000016
-0.000048
-0.000079
-0.000027
-0.000043
-0.000070
-0.000046
-0.000013
0.000026
0.000026
0.000035
0.000123
0.000134
0.000069
0.000069
0.000116
0.000151
0.000151
0.000060
0.000169
0.000318
0.000271
0.000182
0.000148
0.000156
0.000124
0.000251
0.000367
0.000490
0.000512
0.000650
0.000861
0.001090
0.001434
0.001477
0.001468
0.001674
0.001810
0.001714
0.001658
0.001677
0.001719
0.001703
0.001674
0.001464
0.001664
0.001805
0.001677
0.001659
0.001463
0.001372
0.001107
0.000999
0.001066
0.001148
0.001216
0.000097
0.000166
0.000222
0.000216
0.000226
0.000187
0.000190
0.000176
0.000193
0.000239
0.000246
0.000276
0.000189
0.000036
0.000032
0.000069
0.000032
-0.000001
-0.000034
-0.000058
-0.000086
-0.000039
-0.000045
-0.000015
0.000006
0.000022
-0.000009
0.000047
0.000064
0.000072
0.000097
0.000068
0.000106
0.000155
0.000030
0.000075
0.000131
0.000194
0.000178
0.000167
0.000183
0.000085
0.000180
0.000235
0.000293
0.000270
0.000369
0.000625
0.001030
0.001284
0.001579
0.001531
0.001529
0.001671
0.001686
0.001740
0.001697
0.001625
0.001432
0.001648
0.001681
0.001630
0.001618
0.001867
0.001866
0.001738
0.001469
0.001169
0.001305
0.001238
0.001345
0.001395
0.001477
0.000134
0.000150
0.000234
0.000237
0.000218
0.000149
0.000159
0.000182
0.000189
0.000229
0.000256
0.000254
0.000150
0.000007
0.000008
0.000045
0.000060
0.000019
-0.000000
-0.000057
-0.000080
-0.000116
0.000000
0.000050
0.000050
0.000046
0.000032
0.000088
0.000035
0.000055
0.000095
0.000091
0.000161
0.000121
0.000176
0.000138
0.000110
0.000116
0.000153
0.000167
0.000133
0.000134
0.000180
0.000274
0.000315
0.000303
0.000404
0.000753
0.001193
0.001423
0.001593
0.001666
0.001568
0.001467
0.001849
0.001745
0.001584
0.001471
0.001507
0.001745
0.001877
0.002001
0.001836
0.001634
0.001578
0.001386
0.001612
0.001281
0.001278
0.001370
0.001466
0.001457
0.001055
