0.000120
0.000080
0.000052
0.000632
0.000039
0.000055
0.000061
0.000438
0.000085
0.000100
0.000113
-0.000603
0.000112
0.000101
0.000092
0.000070
0.000067
0.000086
0.000081
0.000070
0.000056
0.000066
0.000069
0.000079
0.000091
0.000086
0.000082
0.000071
0.000071
0.000077
0.000083
0.000081
0.000068
0.000049
0.000036
0.000058
0.000057
0.000047
0.000053
0.000044
0.000039
0.000038
0.000035
0.000016
0.000023
0.000027
0.000023
0.000022
0.000034
0.000034
0.000025
0.000033
0.000031
0.000031
0.000031
0.000030
0.000029
0.000024
0.000014
0.000006
-0.000006
-0.000011
-0.000007
-0.000006
-0.000002
0.000003
-0.001158
0.000024
0.000023
0.000028
0.000061
0.000016
0.000195
0.000100
0.000076
0.000088
0.000070
0.000098
0.000103
0.000097
0.000104
0.000094
0.000098
0.000108
0.000109
0.000105
0.000116
0.000080
0.000085
0.000085
0.000087
0.000090
0.000079
0.000067
0.000066
0.000062
0.000054
0.000062
0.000077
0.000066
0.000058
0.000063
0.000060
0.000058
0.000065
0.000064
0.000058
0.000054
0.000060
0.000053
0.000043
0.000040
0.000047
0.000045
0.000032
0.000024
0.000024
0.000031
0.000028
0.000028
0.000029
0.000031
0.000031
0.000029
0.000031
0.000028
0.000033
0.000034
0.000034
0.000030
0.000030
0.000028
0.000025
0.000018
0.000025
0.000027
0.000024
0.000022
0.000020
0.000018
0.000022
0.000021
0.000018
0.000014
0.000015
0.000026
0.000107
0.000082
0.000093
0.000104
0.000102
0.000102
0.000097
0.000097
0.000090
0.000087
0.000098
0.000109
0.000108
0.000096
0.000098
0.000084
0.000082
0.000081
0.000079
0.000081
0.000072
0.000053
0.000058
0.000059
0.000057
0.000064
0.000070
0.000066
0.000063
0.000065
0.000059
0.000052
0.000055
0.000054
0.000049
0.000054
0.000054
0.000039
0.000050
0.000048
0.000042
0.000037
0.000026
0.000025
0.000032
0.000037
0.000033
0.000031
0.000029
0.000028
0.000032
0.000027
0.000030
0.000029
0.000027
0.000033
0.000025
0.000034
0.000033
0.000025
0.000032
0.000022
0.000027
0.000028
0.000023
0.000024
0.000016
0.000019
0.000017
0.000018
0.000024
0.000016
0.000031
0.000105
0.000087
0.000089
0.000104
0.000106
0.000104
0.000091
0.000100
0.000105
0.000098
0.000094
0.000102
0.000109
0.000089
0.000097
0.000082
0.000077
0.000084
0.000076
0.000066
0.000063
0.000058
0.000051
0.000061
0.000059
0.000056
0.000066
0.000061
0.000065
0.000062
0.000055
0.000036
0.000046
0.000046
0.000051
0.000044
0.000048
0.000037
0.000045
0.000044
0.000048
0.000038
0.000036
0.000035
0.000033
0.000036
0.000033
0.000031
0.000025
0.000029
0.000025
0.000027
0.000028
0.000030
0.000026
0.000031
0.000029
0.000028
0.000030
0.000028
0.000027
0.000024
0.000026
0.000026
0.000028
0.000023
0.000018
0.000019
0.000021
0.000015
0.000017
0.000021
0.000032
0.000101
0.000091
0.000111
0.000085
0.000101
0.000081
0.000088
0.000086
0.000098
0.000095
0.000085
0.000089
0.000082
0.000088
0.000071
0.000074
0.000076
0.000075
0.000072
0.000061
0.000056
0.000047
0.000053
0.000061
0.000055
0.000052
0.000061
0.000055
0.000062
0.000070
0.000057
0.000039
0.000043
0.000041
0.000050
0.000054
0.000050
0.000050
0.000043
0.000039
0.000041
0.000043
0.000034
0.000035
0.000034
0.000033
0.000036
0.000028
0.000021
0.000026
0.000025
0.000031
0.000028
0.000031
0.000031
0.000028
0.000031
0.000027
0.000027
0.000026
0.000031
0.000022
0.000029
0.000030
0.000019
0.000022
0.000021
0.000022
0.000016
0.000015
0.000024
0.000022
-0.002169
0.000101
0.000118
0.000112
0.000105
0.000098
0.000095
0.000074
0.000096
0.000097
0.000097
0.000085
0.000087
0.000093
0.000086
0.000090
0.000080
0.000072
0.000078
0.000079
0.000069
0.000049
0.000057
0.000053
0.000055
0.000058
0.000053
0.000048
0.000054
0.000054
0.000061
0.000065
0.000059
0.000058
0.000051
0.000052
0.000056
0.000051
0.000050
0.000044
0.000039
0.000039
0.000034
0.000044
0.000031
0.000037
0.000033
0.000033
0.000031
0.000020
0.000022
0.000030
0.000029
0.000036
0.000027
0.000030
0.000029
0.000028
0.000028
0.000027
0.000032
0.000036
0.000024
0.000026
0.000030
0.000025
0.000020
0.000024
0.000030
0.000022
0.000020
0.000024
0.000023
0.000037
0.000123
0.000109
0.000110
0.000090
0.000086
0.000077
0.000100
0.000090
0.000092
0.000099
0.000084
0.000068
0.000083
0.000071
0.000074
0.000075
0.000076
0.000070
0.000072
0.000078
0.000062
0.000056
0.000068
0.000059
0.000059
0.000059
0.000051
0.000056
0.000057
0.000058
0.000066
0.000064
0.000049
0.000052
0.000055
0.000050
0.000054
0.000042
0.000047
0.000046
0.000047
0.000037
0.000043
0.000037
0.000046
0.000038
0.000029
0.000025
0.000019
0.000015
0.000024
0.000021
0.000025
0.000034
0.000028
0.000030
0.000027
0.000026
0.000029
0.000031
0.000034
0.000020
0.000026
0.000023
0.000024
0.000022
0.000032
0.000030
0.000025
0.000022
0.000023
0.000018
0.000049
0.000129
0.000108
0.000113
0.000111
0.000072
0.000098
0.000092
0.000094
0.000097
0.000090
0.000089
0.000075
0.000071
0.000073
0.000068
0.000062
0.000070
0.000077
0.000080
0.000082
0.000083
0.000056
0.000063
0.000072
0.000068
0.000060
0.000053
0.000056
0.000052
0.000055
0.000053
0.000056
0.000053
0.000059
0.000058
0.000055
0.000050
0.000044
0.000036
0.000041
0.000043
0.000045
0.000044
0.000037
0.000032
0.000034
0.000032
0.000027
0.000018
0.000019
0.000021
0.000020
0.000016
0.000025
0.000026
0.000025
0.000029
0.000023
0.000024
0.000024
0.000029
0.000025
0.000021
0.000020
0.000026
0.000028
0.000034
0.000028
0.000024
0.000024
0.000017
0.000026
0.000038
0.000119
0.000102
0.000128
0.000106
0.000070
0.000071
0.000085
0.000102
0.000082
0.000071
0.000088
0.000079
0.000069
0.000067
0.000066
0.000070
0.000075
0.000079
0.000073
0.000077
0.000072
0.000067
0.000065
0.000074
0.000074
0.000068
0.000047
0.000058
0.000051
0.000055
0.000053
0.000054
0.000048
0.000042
0.000052
0.000050
0.000039
0.000052
0.000045
0.000041
0.000042
0.000039
0.000046
0.000040
0.000044
0.000035
0.000032
0.000030
0.000018
0.000015
0.000025
0.000024
0.000024
0.000028
0.000030
0.000029
0.000021
0.000020
0.000024
0.000031
0.000028
0.000025
0.000022
0.000027
0.000027
0.000037
0.000032
0.000027
0.000027
0.000027
0.000020
0.000026
0.001326
0.000115
0.000106
0.000130
0.000120
0.000081
0.000058
0.000088
0.000088
0.000082
0.000083
0.000076
0.000080
0.000063
0.000066
0.000069
0.000081
0.000086
0.000065
0.000065
0.000069
0.000070
0.000063
0.000067
0.000075
0.000075
0.000069
0.000052
0.000047
0.000054
0.000050
0.000050
0.000052
0.000047
0.000036
0.000043
0.000062
0.000053
0.000043
0.000047
0.000044
0.000038
0.000038
0.000043
0.000040
0.000040
0.000040
0.000040
0.000029
0.000022
0.000020
0.000016
0.000022
0.000020
0.000022
0.000026
0.000026
0.000023
0.000026
0.000023
0.000027
0.000029
0.000030
0.000027
0.000030
0.000026
0.000028
0.000033
0.000033
0.000032
0.000032
0.000027
0.000025
0.000026
0.000123
0.000110
0.000123
0.000123
0.000081
0.000078
0.000091
0.000082
0.000074
0.000075
0.000080
0.000070
0.000077
0.000072
0.000065
0.000065
0.000074
0.000065
0.000070
0.000063
0.000070
0.000067
0.000074
0.000078
0.000076
0.000077
0.000064
0.000061
0.000061
0.000058
0.000053
0.000051
0.000043
0.000017
0.000042
0.000044
0.000048
0.000049
0.000045
0.000041
0.000038
0.000040
0.000045
0.000037
0.000042
0.000043
0.000036
0.000034
0.000030
0.000017
0.000022
0.000025
0.000027
0.000024
0.000018
0.000016
0.000022
0.000025
0.000029
0.000027
0.000028
0.000033
0.000031
0.000019
0.000016
0.000021
0.000030
0.000037
0.000028
0.000030
0.000032
0.000026
0.000026
0.000113
0.000117
0.000124
0.000119
0.000085
0.000098
0.000094
0.000083
0.000078
0.000078
0.000085
0.000076
0.000072
0.000074
0.000072
0.000062
0.000074
0.000059
0.000076
0.000069
0.000082
0.000080
0.000076
0.000084
0.000077
0.000091
0.000085
0.000075
0.000074
0.000050
0.000047
0.000046
0.000038
0.000025
0.000030
0.000047
0.000042
0.000048
0.000041
0.000043
0.000042
0.000038
0.000040
0.000043
0.000044
0.000043
0.000034
0.000039
0.000034
0.000028
0.000021
0.000020
0.000026
0.000023
0.000020
0.000019
0.000021
0.000026
0.000027
0.000030
0.000028
0.000029
0.000030
0.000025
0.000025
0.000022
0.000024
0.000035
0.000029
0.000031
0.000033
0.000030
0.000015
0.000123
0.000137
0.000113
0.000101
0.000114
0.000099
0.000083
0.000086
0.000089
0.000084
0.000070
0.000069
0.000076
0.000076
0.000078
0.000080
0.000075
0.000064
0.000067
0.000068
0.000066
0.000087
0.000084
0.000086
0.000082
0.000076
0.000096
0.000071
0.000065
0.000062
0.000055
0.000054
0.000049
0.000043
0.000049
0.000049
0.000047
0.000047
0.000038
0.000040
0.000038
0.000040
0.000038
0.000042
0.000041
0.000038
0.000035
0.000038
0.000042
0.000034
0.000028
0.000028
0.000028
0.000024
0.000019
0.000020
0.000021
0.000028
0.000027
0.000027
0.000026
0.000030
0.000027
0.000027
0.000028
0.000028
0.000026
0.000024
0.000028
0.000032
0.000032
0.000029
0.000725
0.000126
0.000135
0.000139
0.000129
0.000117
0.000100
0.000077
0.000087
0.000089
0.000086
0.000075
0.000079
0.000076
0.000078
0.000074
0.000071
0.000077
0.000063
0.000062
0.000061
0.000069
0.000078
0.000079
0.000069
0.000057
0.000065
0.000060
0.000058
0.000062
0.000054
0.000056
0.000050
0.000056
0.000055
0.000052
0.000055
0.000050
0.000047
0.000046
0.000035
0.000036
0.000038
0.000033
0.000042
0.000041
0.000041
0.000034
0.000040
0.000035
0.000034
0.000018
0.000024
0.000028
0.000030
0.000029
0.000025
0.000024
0.000027
0.000032
0.000026
0.000028
0.000029
0.000027
0.000026
0.000021
0.000019
0.000022
0.000026
0.000034
0.000028
0.000023
0.000026
0.000019
0.000136
0.000134
0.000128
0.000133
0.000124
0.000101
0.000082
0.000089
0.000087
0.000076
0.000082
0.000072
0.000078
0.000087
0.000079
0.000068
0.000078
0.000072
0.000075
0.000060
0.000049
0.000050
-0.000022
-0.000059
-0.000505
-0.000187
-0.000145
-0.000224
0.000040
0.000036
0.000052
0.000044
0.000044
0.000056
0.000049
0.000047
0.000053
0.000047
0.000048
0.000036
0.000032
0.000038
0.000044
0.000041
0.000036
0.000035
0.000032
0.000034
0.000036
0.000030
0.000024
0.000026
0.000026
0.000031
0.000036
0.000031
0.000027
0.000035
0.000034
0.000035
0.000029
0.000028
0.000031
0.000027
0.000019
0.000017
0.000026
0.000032
0.000038
0.000033
0.000030
0.000032
0.000031
0.000150
0.000138
0.000147
0.000129
0.000098
0.000089
0.000093
0.000086
0.000085
0.000088
0.000076
0.000081
0.000083
0.000085
0.000078
0.000077
0.000080
0.000079
0.000073
0.000062
0.000049
-0.000106
-0.001114
-0.000574
-0.001245
-0.000452
-0.000237
-0.000480
-0.000129
0.000019
0.000046
0.000057
0.000048
0.000048
0.000044
0.000042
0.000047
0.000042
0.000044
0.000031
0.000036
0.000041
0.000037
0.000035
0.000032
0.000031
0.000036
0.000033
0.000031
0.000026
0.000023
0.000026
0.000035
0.000032
0.000034
0.000025
0.000029
0.000030
0.000029
0.000030
0.000030
0.000029
0.000033
0.000022
0.000023
0.000030
0.000026
0.000027
0.000026
0.000032
0.000028
0.000033
0.000035
0.000144
0.000136
0.000133
0.000120
0.000098
0.000096
0.000085
0.000079
0.000069
0.000073
0.000085
0.000095
0.000088
0.000085
0.000080
0.000075
0.000074
0.000008
0.000025
0.000019
-0.000027
-0.000350
-0.000646
-0.000823
-0.001936
-0.001074
-0.001991
-0.002121
-0.002931
-0.000198
0.000058
0.000046
0.000044
0.000046
0.000036
0.000040
0.000037
0.000037
0.000041
0.000029
0.000032
0.000037
0.000031
0.000037
0.000034
0.000031
0.000031
0.000031
0.000027
0.000030
0.000025
0.000025
0.000028
0.000027
0.000025
0.000028
0.000027
0.000027
0.000032
0.000032
0.000034
0.000033
0.000034
0.000037
0.000027
0.000032
0.000029
0.000031
0.000032
0.000028
0.000035
0.000035
-0.001100
0.000128
0.000134
0.000134
0.000129
0.000125
0.000091
0.000072
0.000054
0.000073
0.000082
0.000090
0.000087
0.000084
0.000068
0.000041
0.000006
-0.000002
0.000235
0.000180
0.000232
0.000283
0.000354
0.000320
0.000323
0.000078
-0.000305
-0.000478
-0.001367
0.000052
0.000047
0.000054
0.000041
0.000038
0.000039
0.000019
0.000038
0.000044
0.000038
0.000032
0.000033
0.000034
0.000033
0.000036
0.000035
0.000040
0.000031
0.000030
0.000028
0.000028
0.000030
0.000031
0.000028
0.000024
0.000026
0.000025
0.000027
0.000030
0.000029
0.000028
0.000035
0.000037
0.000039
0.000038
0.000031
0.000030
0.000035
0.000028
0.000023
0.000027
0.000034
0.000039
0.000041
0.000053
0.000136
0.000136
0.000123
0.000086
0.000105
0.000102
0.000079
0.000072
0.000075
0.000074
0.000085
0.000077
0.000069
0.000050
0.000143
0.000207
0.000231
0.000271
0.000241
0.000300
0.000338
0.000270
0.000339
0.000345
0.000227
-0.000027
-0.000100
-0.000038
0.000003
0.000004
0.000034
0.000057
0.000033
0.000091
-0.000310
0.000001
0.000048
0.000029
0.000037
0.000029
0.000030
0.000035
0.000039
0.000036
0.000031
0.000032
0.000033
0.000027
0.000028
0.000029
0.000030
0.000025
0.000025
0.000029
0.000029
0.000030
0.000033
0.000031
0.000030
0.000042
0.000031
0.000034
0.000031
0.000034
0.000034
0.000038
0.000037
0.000028
0.000035
0.000038
0.000039
0.000040
0.000046
0.000126
0.000107
0.000106
0.000099
0.000105
0.000108
0.000089
0.000084
0.000092
0.000089
0.000087
0.000086
0.000087
-0.000218
0.000182
0.000150
0.000126
0.000176
0.000127
0.000164
0.000295
0.000395
0.000209
0.000130
0.000241
0.000208
0.000705
0.000299
-0.000145
-0.000133
-0.000484
-0.000235
0.001269
0.001875
0.001087
0.000669
0.000187
0.000031
0.000021
0.000017
0.000012
0.000027
0.000033
0.000036
0.000028
0.000031
0.000029
0.000034
0.000033
0.000034
0.000028
0.000029
0.000027
0.000027
0.000030
0.000029
0.000029
0.000031
0.000028
0.000031
0.000034
0.000035
0.000033
0.000034
0.000025
0.000031
0.000039
0.000037
0.000038
0.000028
0.000035
0.000040
0.000049
0.000091
0.000095
0.000094
0.000100
0.000092
0.000103
0.000091
0.000067
0.000077
0.000093
0.000090
0.000129
0.000037
-0.000163
0.000131
0.000136
0.000095
0.000079
0.000116
0.000103
0.000247
0.000306
0.000045
0.000045
0.000041
0.000301
0.000622
0.001171
-0.000065
0.000334
-0.000098
-0.000361
0.001149
0.002390
0.001917
0.001182
0.000722
0.000056
0.000024
0.000024
0.000018
0.000017
0.000023
0.000028
0.000025
0.000028
0.000032
0.000036
0.000035
0.000029
0.000029
0.000027
0.000029
0.000037
0.000036
0.000037
0.000031
0.000033
0.000038
0.000036
0.000034
0.000034
0.000033
0.000039
0.000037
0.000038
0.000041
0.000040
0.000038
0.000038
0.000044
0.000039
-0.000596
0.000041
0.000080
0.000084
0.000093
0.000088
0.000102
0.000091
0.000071
0.000069
0.000077
0.000086
0.000057
0.000078
0.000159
-0.000022
0.000149
0.000141
0.000107
0.000118
0.000144
0.000285
0.000318
0.000226
0.000100
-0.000058
-0.000631
-0.000459
0.000171
-0.000169
0.000121
0.000279
-0.000054
0.000256
0.002530
0.002994
0.001644
0.001113
0.000125
0.000020
0.000017
0.000013
0.000014
0.000014
0.000024
0.000024
0.000028
0.000033
0.000031
0.000030
0.000032
0.000029
0.000029
0.000031
0.000035
0.000034
0.000032
0.000037
0.000041
0.000029
0.000034
0.000030
0.000037
0.000034
0.000043
0.000041
0.000042
0.000040
0.000034
0.000043
0.000037
0.000033
0.000039
0.000041
0.000020
0.000045
0.000079
0.000089
0.000091
0.000101
0.000104
0.000079
0.000062
0.000079
0.000065
0.000063
0.000072
0.000064
0.000079
0.000143
0.000111
0.000106
0.000133
0.000238
0.000257
0.000064
0.001041
0.000879
0.000324
-0.001063
-0.000886
-0.000197
0.000276
0.000522
0.001517
0.001721
0.000620
0.002779
0.004852
0.003131
0.001434
0.000615
0.000043
0.000016
0.000007
0.000002
0.000008
0.000012
0.000030
0.000033
0.000036
0.000031
0.000032
0.000031
0.000029
0.000031
0.000034
0.000035
0.000036
0.000041
0.000041
0.000036
0.000033
0.000040
0.000034
0.000034
0.000037
0.000042
0.000044
0.000034
0.000047
0.000049
0.000035
0.000037
0.000017
0.000033
0.000042
0.000041
0.000015
0.000061
0.000088
0.000083
0.000100
0.000107
0.000089
0.000074
0.000068
0.000075
0.000062
0.000062
0.000061
-0.000092
-0.000021
0.000178
0.000210
0.000270
-0.000150
0.000208
-0.000178
0.001259
0.001499
0.001055
-0.000461
-0.000613
-0.000896
-0.000596
-0.000407
0.000928
0.001932
0.001470
0.001553
0.002631
0.004989
0.002023
0.000854
0.000043
0.000006
-0.000001
-0.000002
-0.000007
-0.000005
0.000003
0.000017
0.000033
0.000030
0.000028
0.000028
0.000031
0.000028
0.000030
0.000033
0.000034
0.000043
0.000041
0.000039
0.000036
0.000046
0.000036
0.000031
0.000040
0.000041
0.000044
0.000037
0.000046
0.000045
0.000033
0.000043
0.000029
0.000029
0.000045
0.000054
0.000019
0.000062
0.000075
0.000087
0.000095
0.000106
0.000093
0.000069
0.000067
0.000080
0.000064
0.000071
0.000067
0.000007
-0.000057
0.000093
0.000104
0.000100
0.000142
0.000082
0.000127
0.000707
0.001285
0.001248
0.001580
0.000377
-0.000126
-0.000013
0.000061
0.001504
0.003783
0.002793
0.002395
0.002056
0.003304
0.003445
0.001367
0.000121
0.000001
-0.000012
-0.000012
-0.000012
-0.000012
0.000000
0.000011
0.000013
0.000033
0.000036
0.000029
0.000029
0.000031
0.000033
0.000038
0.000037
0.000040
0.000036
0.000042
0.000037
0.000041
0.000032
0.000028
0.000034
0.000042
0.000045
0.000041
0.000043
0.000046
0.000032
0.000027
0.000029
0.000042
0.000043
0.000075
0.000023
0.000074
0.000072
0.000086
0.000090
0.000099
0.000093
0.000068
0.000056
0.000069
0.000072
0.000067
0.000071
0.000050
-0.000036
0.000087
0.000109
0.000153
0.000133
0.000135
0.000108
0.000135
0.000188
0.001089
0.001399
0.001442
0.000431
0.000128
0.000254
0.002030
0.004132
0.005552
0.003471
0.002720
0.004343
0.002737
0.001088
0.000433
0.000814
0.000949
0.000703
-0.000032
-0.000032
-0.000018
0.000003
0.000009
0.000005
0.000031
0.000030
0.000029
0.000036
0.000034
0.000034
0.000038
0.000039
0.000041
0.000046
0.000048
0.000040
0.000040
0.000036
0.000042
0.000055
0.000047
0.000044
0.000039
0.000047
0.000040
0.000030
0.000046
0.000042
0.000019
0.000052
0.000057
0.000054
0.000069
0.000077
0.000084
0.000085
0.000079
0.000065
0.000051
0.000059
0.000081
0.000068
0.000086
0.000106
0.000116
0.000120
0.000124
0.000134
0.000134
0.000127
0.000096
0.000074
0.000367
0.000392
0.000258
0.000213
0.000339
0.000479
0.000557
0.000981
-0.001423
0.002217
0.001585
0.000999
0.000378
0.003025
0.002808
0.000940
0.001962
0.004111
0.004098
0.001582
0.000020
-0.000034
-0.000007
0.000008
-0.000002
0.000003
0.000050
0.000033
0.000039
0.000037
0.000030
0.000036
0.000041
0.000046
0.000046
0.000044
0.000047
0.000046
0.000042
0.000037
0.000038
0.000045
0.000043
0.000043
0.000043
0.000057
0.000037
0.000033
0.000039
0.000028
0.000066
0.000076
0.000068
0.000069
0.000067
0.000082
0.000074
0.000084
0.000066
0.000053
0.000058
0.000089
0.000080
0.000104
0.000113
0.000126
0.000127
0.000128
0.000135
0.000131
0.000130
0.000149
0.000281
0.005592
0.005093
0.001499
0.000192
0.000351
-0.000384
-0.004412
-0.003668
-0.001708
-0.000520
-0.000486
-0.000498
0.000130
0.001354
0.000873
-0.000602
0.000592
0.002921
0.004090
0.005083
0.002423
0.000661
0.000266
0.000003
0.000002
0.000003
0.001514
0.000458
0.000036
0.000044
0.000033
0.000033
0.000040
0.000040
0.000042
0.000044
0.000042
0.000044
0.000045
0.000043
0.000047
0.000049
0.000047
0.000048
0.000044
0.000045
0.000037
0.000036
0.000037
0.000023
0.000086
0.000072
0.000054
0.000056
0.000068
0.000062
0.000074
0.000073
0.000079
0.000058
0.000067
0.000089
0.000094
0.000111
0.000126
0.000129
0.000115
0.000105
0.000099
0.000124
0.000196
0.003123
0.004816
0.006103
0.005316
0.003768
0.001830
0.001506
-0.000416
-0.006055
-0.004100
-0.001714
0.000180
-0.000095
0.000393
0.000180
-0.002137
-0.000049
-0.001053
-0.000268
0.000376
0.003668
0.005426
0.004822
0.003098
0.000489
0.000000
0.000017
0.000120
0.002547
0.002647
0.000368
0.000044
0.000033
0.000034
0.000038
0.000038
0.000044
0.000042
0.000040
0.000047
0.000045
0.000042
0.000039
0.000047
0.000049
0.000051
0.000038
0.000036
0.000037
0.000023
0.000028
0.000026
0.000080
0.000076
0.000066
0.000052
0.000049
0.000063
0.000072
0.000083
0.000089
0.000077
0.000058
0.000073
0.000085
0.000102
0.000107
0.000077
0.000064
0.000073
0.000068
0.000130
0.000769
0.002238
0.003124
0.003613
0.005341
0.006258
0.003402
0.001807
-0.000213
-0.006084
-0.004481
-0.001868
0.000508
0.000068
0.000406
-0.000185
-0.002770
-0.003650
-0.002577
0.000929
0.003198
0.002881
0.004599
0.004917
0.002513
0.001078
0.000125
0.000335
0.002002
0.003309
0.005004
0.002732
0.000325
0.000040
0.000034
0.000041
0.000049
0.000046
0.000042
0.000043
0.000044
0.000044
0.000045
0.000043
0.000044
0.000048
0.000043
0.000031
0.000031
0.000023
0.000018
0.000027
0.000024
0.000052
0.000007
0.000006
0.000020
0.000054
0.000035
0.000062
0.000078
0.000083
0.000084
0.000061
0.000065
0.000078
0.000092
0.000118
0.000105
0.000104
0.000130
0.000087
0.000109
0.000154
0.002069
0.003060
0.003081
0.005241
0.006545
0.005002
0.001950
0.000114
-0.005777
-0.004320
-0.001639
0.000432
0.000339
0.000586
0.000173
-0.000370
-0.000220
-0.000328
-0.002370
-0.001230
-0.001164
0.003300
0.001844
0.000917
0.001396
-0.000233
0.001446
0.004331
0.004507
0.005653
0.005153
0.000984
0.000217
0.000086
0.000045
0.000054
0.000055
0.000038
0.000040
0.000045
0.000042
0.000041
0.000044
0.000044
0.000045
0.000042
0.000027
0.000028
0.000033
0.000033
0.000024
0.000030
0.000116
0.000021
0.000022
-0.000005
0.000014
0.000056
0.000063
0.000085
0.000091
0.000094
0.000081
0.000082
0.000086
0.000092
0.000116
0.000123
0.000129
0.000137
0.000105
0.000107
0.000094
0.000506
0.003084
0.002685
0.004455
0.006789
0.002766
0.001150
0.000112
-0.007138
-0.005361
-0.001268
-0.000064
0.001042
0.001455
0.000877
-0.000113
0.000431
0.000295
-0.001608
-0.001709
-0.001954
-0.001921
-0.001964
-0.001736
-0.000530
0.001230
0.003597
0.002752
0.003966
0.004799
0.005648
0.003474
0.001084
-0.000090
0.000159
0.000040
0.000042
0.000045
0.000045
0.000046
0.000042
0.000041
0.000043
0.000033
0.000034
0.000033
0.000034
0.000032
0.000035
0.000035
0.000028
0.000038
0.000102
0.000022
0.000046
-0.000025
-0.000007
0.000030
0.000054
0.000065
0.000086
0.000095
0.000093
0.000091
0.000072
0.000125
0.000109
0.000153
0.000149
0.000142
0.000132
0.000138
0.000126
0.000066
0.000885
0.002809
0.003789
0.008181
0.004743
0.002190
0.001031
-0.007872
-0.006065
-0.002194
-0.001235
-0.000304
0.000253
0.000908
-0.001891
0.000248
0.000203
-0.001017
-0.001641
-0.002067
-0.002201
-0.002331
-0.002500
-0.001810
-0.002816
0.001536
0.000554
0.002309
0.005866
0.005385
0.004324
0.002575
0.001566
-0.000086
0.000299
0.000347
0.000037
0.000049
0.000048
0.000046
0.000042
0.000037
0.000039
0.000036
0.000038
0.000041
0.000044
0.000037
0.000031
0.000030
0.000035
0.000094
0.000040
0.000035
-0.000004
0.000023
0.000027
0.000067
0.000095
0.000150
0.000077
0.000070
0.000071
0.000116
0.000147
0.000119
0.000130
0.000141
0.000143
0.000162
0.000169
0.000151
0.000131
-0.000214
0.001448
0.002189
0.004461
0.006698
0.006334
0.003368
-0.005829
-0.004612
-0.003055
-0.003347
-0.001556
-0.000508
-0.001723
-0.004058
-0.000719
-0.000447
-0.001280
-0.002156
-0.002235
-0.002343
-0.002256
-0.002563
-0.002449
-0.002338
-0.000436
0.001414
0.004519
0.004296
0.003435
0.003008
0.002860
0.003212
0.000734
0.000568
0.000131
0.000478
0.000125
0.000060
0.000045
0.000042
0.000041
0.000044
0.000039
0.000047
0.000055
0.000044
0.000036
0.000034
0.000031
0.000027
0.000098
0.000080
0.000056
0.000059
0.000041
0.000039
0.000088
0.000086
0.000081
0.000102
0.000119
0.000113
0.000047
0.000126
0.000130
0.000131
0.000125
0.000124
0.000148
0.000154
0.000135
0.000121
0.000163
0.000141
0.000231
0.000284
0.000337
0.000421
0.000584
-0.004315
-0.004265
-0.003393
-0.002461
-0.002476
-0.000392
-0.000304
-0.003377
-0.001447
-0.001083
-0.001365
-0.002002
-0.002887
-0.002680
-0.002342
-0.002486
-0.002749
-0.002474
-0.002079
0.000281
0.003715
0.003294
0.002877
0.002817
0.003126
0.003729
0.003570
0.002616
0.004482
0.009551
0.007223
0.001673
0.000023
0.000055
0.000040
0.000034
0.000035
0.000082
0.000044
0.000042
0.000032
0.000042
0.000037
0.000034
0.000082
0.000110
0.000072
0.000069
0.000085
0.000092
0.000108
0.000091
0.000078
0.000104
0.000122
0.000112
0.000131
0.000121
0.000141
0.000113
0.000083
0.000105
0.000146
0.000172
0.000135
0.000095
0.000111
0.000095
0.000093
0.000087
0.000098
0.000095
0.000086
0.000080
0.000922
-0.003212
-0.003212
-0.003556
-0.000995
-0.000626
-0.001238
-0.002587
-0.002131
-0.001860
-0.002651
-0.003684
-0.003851
-0.002585
-0.002242
-0.002425
-0.002610
-0.002809
-0.002398
0.001611
0.003520
0.002673
0.002423
0.002549
0.002835
0.004142
0.004138
0.007395
0.010115
0.005485
0.000125
0.000013
0.000023
0.000062
0.000043
0.000038
0.000039
0.000041
0.000045
0.000038
0.000043
0.000042
0.000037
0.000061
0.000121
0.000103
0.000074
0.000105
0.000101
0.000086
0.000113
0.000099
0.000110
0.000128
0.000121
0.000101
0.000083
0.000075
0.000141
0.000122
0.000113
0.000116
0.000122
0.000118
0.000109
0.000111
0.000101
0.000099
0.000089
0.000087
0.000096
0.000093
0.000083
0.000073
0.000357
0.000343
0.000289
0.000179
-0.000092
0.000692
-0.003626
-0.002037
-0.001710
-0.002159
-0.002861
-0.002592
-0.002251
-0.002137
-0.002321
-0.002767
-0.002404
-0.001498
-0.000890
0.001522
0.002257
0.000225
0.000015
-0.001964
0.002746
0.005218
0.004909
0.003253
0.000401
0.000002
0.000028
0.000030
0.000021
0.000017
0.000018
0.000023
0.000032
0.000035
0.000040
0.000046
0.000041
0.000044
0.000074
0.000134
0.000086
0.000083
0.000089
0.000098
0.000095
0.000129
0.000121
0.000119
0.000131
0.000115
0.000119
0.000089
0.000088
0.000099
0.000093
0.000113
0.000111
0.000102
0.000108
0.000116
0.000100
0.000103
0.000094
0.000085
0.000089
0.000098
0.000102
0.000088
0.000066
0.000100
0.000089
0.000095
0.000087
0.000086
0.000095
0.000035
-0.000120
-0.000193
-0.000171
-0.000243
-0.000344
-0.000111
-0.001565
-0.001994
-0.002539
-0.001901
-0.001158
-0.001031
-0.000741
-0.000150
0.000006
0.000024
0.000014
0.000137
0.000280
0.000282
0.000149
0.000027
0.000028
0.000030
0.000032
0.000036
0.000030
0.000025
0.000021
0.000024
0.000033
0.000041
0.000037
0.000028
0.000063
0.000072
0.000099
0.000138
0.000104
0.000102
0.000098
0.000122
0.000168
0.000151
0.000137
0.000138
0.000127
0.000124
0.000119
0.000114
0.000092
0.000076
0.000108
0.000102
0.000102
0.000077
0.000103
0.000109
0.000105
0.000069
0.000062
0.000081
0.000096
0.000101
0.000078
0.000091
0.000100
0.000107
0.000097
0.000102
0.000094
0.000103
0.000121
0.000118
0.000094
0.000068
0.000070
0.000087
0.000144
0.000011
-0.002248
-0.002552
-0.001948
-0.000787
-0.000912
-0.001025
0.000103
0.000031
0.000026
0.000022
0.000049
0.000066
0.000038
0.000024
0.000020
0.000026
0.000026
0.000025
0.000022
0.000023
0.000027
0.000029
0.000026
0.000038
0.000037
0.000037
0.000081
0.000085
0.000073
0.000079
0.000110
0.000113
0.000104
0.000087
0.000111
0.000164
0.000152
0.000141
0.000132
0.000125
0.000091
0.000116
0.000107
0.000071
0.000071
0.000112
0.000131
0.000117
0.000085
0.000103
0.000114
0.000105
0.000079
0.000060
0.000074
0.000099
0.000110
0.000102
0.000105
0.000102
0.000108
0.000090
0.000096
0.000092
0.000104
0.000123
0.000116
0.000091
0.000080
0.000078
0.000082
0.000074
0.000099
-0.000031
-0.001478
-0.000472
-0.000714
-0.000404
0.000067
-0.000021
0.000030
0.000029
0.000054
0.000077
0.000030
0.000027
0.000026
0.000021
0.000026
0.000029
0.000030
0.000022
0.000023
0.000034
0.000037
0.000038
0.000037
0.000040
0.000044
0.000056
0.000046
0.000084
0.000079
0.000082
0.000166
0.000127
0.000048
0.000096
0.000148
0.000155
0.000152
0.000123
0.000082
0.000070
0.000101
0.000101
0.000091
0.000091
0.000103
0.000130
0.000120
0.000114
0.000107
0.000116
0.000085
0.000090
0.000103
0.000075
0.000080
0.000092
0.000099
0.000106
0.000098
0.000104
0.000089
0.000100
0.000106
0.000119
0.000123
0.000119
0.000117
0.000106
0.000120
0.000066
0.000065
0.000111
0.000115
-0.000333
0.000393
0.000088
0.000120
0.000074
0.000013
0.000024
0.000038
0.000038
0.000035
0.000026
0.000027
0.000031
0.000026
0.000023
0.000026
0.000031
0.000041
0.000028
0.000026
0.000008
0.000046
0.000053
0.000051
0.000045
0.000040
0.000035
0.000081
0.000083
0.000094
0.000151
0.000142
0.000050
0.000106
0.000161
0.000115
0.000141
0.000133
0.000094
0.000014
0.000047
0.000104
0.000080
0.000098
0.000087
0.000120
0.000109
0.000084
0.000106
0.000114
0.000086
0.000079
0.000115
0.000089
0.000082
0.000093
0.000095
0.000098
0.000091
0.000098
0.000105
0.000110
0.000115
0.000103
0.000117
0.000144
0.000104
0.000098
0.000086
0.000032
0.000058
0.000101
0.000098
0.000080
0.000077
0.000078
0.000058
0.000039
0.000023
0.000040
0.000048
0.000052
0.000033
0.000024
0.000039
0.000030
0.000018
0.000021
0.000029
0.000039
0.000087
0.000044
-0.000023
0.000035
0.000044
0.000058
0.000052
0.000045
0.000037
0.000027
0.000086
0.000088
0.000095
0.000129
0.000121
0.000083
0.000123
0.000181
0.000044
0.000132
0.000115
0.000084
0.000019
0.000032
0.000106
0.000078
0.000069
0.000105
0.000117
0.000104
0.000077
0.000114
0.000096
0.000058
0.000086
0.000129
0.000102
0.000103
0.000146
0.000134
0.000120
0.000111
0.000113
0.000109
0.000108
0.000092
0.000120
0.000138
0.000110
0.000090
0.000084
0.000096
0.000088
0.000110
0.000142
0.000103
0.000072
0.000053
0.000047
0.000065
0.000055
0.000037
0.000050
0.000045
0.000039
0.000043
0.000035
0.000017
0.000018
0.000022
0.000024
0.000033
0.000104
0.000047
0.000032
0.000031
0.000034
0.000033
0.000041
0.000037
0.000033
0.000031
0.000022
0.000085
0.000093
0.000093
0.000111
0.000164
0.000123
0.000128
0.000134
0.000121
0.000103
0.000099
0.000092
0.000041
0.000029
0.000080
0.000073
0.000101
0.000090
0.000069
0.000104
0.000077
0.000083
0.000075
0.000059
0.000107
0.000119
0.000094
0.000122
0.000128
0.000124
0.000132
0.000120
0.000112
0.000107
0.000126
0.000113
0.000119
0.000124
0.000109
0.000095
0.000103
0.000112
0.000127
0.000121
0.000106
0.000068
0.000051
0.000007
-0.000006
0.000041
0.000022
0.000029
0.000035
0.000036
0.000048
0.000035
0.000023
0.000023
0.000049
0.000034
0.000028
0.000032
0.000040
0.000038
0.000027
0.000024
0.000028
0.000048
0.000036
0.000034
0.000033
0.000030
0.000023
0.000091
0.000097
0.000102
0.000106
0.000144
0.000137
0.000140
0.000096
0.000070
0.000039
0.000088
0.000072
0.000073
0.000059
0.000061
0.000060
0.000090
0.000086
0.000082
0.000053
0.000080
0.000072
0.000077
0.000076
0.000090
0.000112
0.000104
0.000124
0.000125
0.000133
0.000119
0.000121
0.000113
0.000113
0.000114
0.000088
0.000106
0.000112
0.000129
0.000163
0.000106
0.000102
0.000108
0.000101
0.000062
0.000050
0.000030
0.000031
0.000013
0.000016
0.000015
0.000008
0.000030
0.000028
0.000038
0.000030
0.000019
0.000027
0.000022
0.000032
0.000049
0.000039
0.000029
0.000032
0.000024
0.000029
0.000028
0.000035
0.000038
0.000032
0.000033
0.000031
0.000022
0.000099
0.000090
0.000111
0.000096
0.000106
0.000136
0.000139
0.000112
0.000113
0.000121
0.000083
0.000054
0.000017
0.000034
0.000060
0.000037
0.000059
0.000062
0.000046
0.000066
0.000064
0.000080
0.000097
0.000087
0.000114
0.000122
0.000128
0.000135
0.000123
0.000120
0.000114
0.000127
0.000129
0.000109
0.000113
0.000109
0.000117
0.000161
0.000136
0.000131
0.000071
0.000075
0.000086
0.000073
0.000049
0.000047
0.000028
0.000049
0.000032
0.000019
0.000009
0.000002
0.000021
0.000032
0.000028
0.000023
0.000018
0.000020
0.000037
0.000034
0.000031
0.000024
0.000026
0.000036
0.000021
0.000024
0.000025
0.000029
0.000029
0.000028
0.000034
0.000031
0.000026
