0.000023
0.000050
0.000004
0.000632
0.000046
-0.000091
-0.000192
0.000438
-0.000368
-0.000333
-0.000314
-0.000603
-0.000669
-0.000716
-0.000578
-0.000554
-0.000578
-0.000611
-0.000561
-0.000606
-0.000626
-0.000462
-0.000515
-0.000526
-0.000494
-0.000474
-0.000470
-0.000456
-0.000434
-0.000411
-0.000390
-0.000410
-0.000376
-0.000374
-0.000345
-0.000327
-0.000341
-0.000323
-0.000342
-0.000322
-0.000316
-0.000367
-0.000405
-0.000424
-0.000533
-0.000494
-0.000367
-0.000462
-0.000570
-0.000522
-0.000464
-0.000418
-0.000468
-0.000512
-0.000534
-0.000495
-0.000468
-0.000507
-0.000395
-0.000508
-0.000485
-0.000416
-0.000275
-0.000249
-0.000358
-0.000444
-0.001158
-0.000415
-0.000412
-0.000435
0.000061
-0.000385
0.000195
-0.000973
-0.000836
-0.000995
-0.000838
-0.000724
-0.001018
-0.000984
-0.000880
-0.000744
-0.000887
-0.000854
-0.000812
-0.000771
-0.000711
-0.000604
-0.000531
-0.000528
-0.000536
-0.000530
-0.000552
-0.000595
-0.000472
-0.000513
-0.000511
-0.000471
-0.000459
-0.000494
-0.000491
-0.000495
-0.000472
-0.000427
-0.000354
-0.000402
-0.000396
-0.000374
-0.000363
-0.000379
-0.000399
-0.000437
-0.000500
-0.000407
-0.000458
-0.000477
-0.000432
-0.000450
-0.000472
-0.000511
-0.000405
-0.000558
-0.000554
-0.000463
-0.000486
-0.000451
-0.000498
-0.000539
-0.000511
-0.000445
-0.000445
-0.000413
-0.000526
-0.000505
-0.000474
-0.000454
-0.000431
-0.000453
-0.000435
-0.000364
-0.000409
-0.000440
-0.000448
-0.000445
-0.000458
-0.000385
-0.001131
-0.000983
-0.001096
-0.000937
-0.000806
-0.000826
-0.000858
-0.000710
-0.000688
-0.000840
-0.000780
-0.000696
-0.000562
-0.000560
-0.000557
-0.000483
-0.000411
-0.000437
-0.000513
-0.000533
-0.000633
-0.000573
-0.000571
-0.000515
-0.000396
-0.000448
-0.000480
-0.000497
-0.000491
-0.000478
-0.000454
-0.000450
-0.000414
-0.000385
-0.000368
-0.000375
-0.000363
-0.000390
-0.000432
-0.000477
-0.000461
-0.000452
-0.000456
-0.000424
-0.000441
-0.000436
-0.000454
-0.000425
-0.000512
-0.000482
-0.000477
-0.000514
-0.000491
-0.000537
-0.000485
-0.000469
-0.000439
-0.000441
-0.000518
-0.000496
-0.000442
-0.000454
-0.000417
-0.000377
-0.000423
-0.000452
-0.000452
-0.000471
-0.000440
-0.000488
-0.000474
-0.000453
-0.000440
-0.001163
-0.001020
-0.000980
-0.000846
-0.000962
-0.000853
-0.000754
-0.000647
-0.000784
-0.000734
-0.000680
-0.000599
-0.000515
-0.000435
-0.000367
-0.000476
-0.000472
-0.000400
-0.000455
-0.000491
-0.000528
-0.000534
-0.000523
-0.000465
-0.000391
-0.000413
-0.000493
-0.000493
-0.000501
-0.000434
-0.000465
-0.000470
-0.000467
-0.000407
-0.000409
-0.000391
-0.000407
-0.000367
-0.000383
-0.000370
-0.000406
-0.000382
-0.000437
-0.000430
-0.000359
-0.000449
-0.000485
-0.000517
-0.000498
-0.000480
-0.000480
-0.000527
-0.000459
-0.000494
-0.000443
-0.000445
-0.000414
-0.000450
-0.000437
-0.000447
-0.000484
-0.000471
-0.000414
-0.000420
-0.000514
-0.000416
-0.000412
-0.000485
-0.000496
-0.000516
-0.000495
-0.000475
-0.000479
-0.001105
-0.001031
-0.000838
-0.000913
-0.000952
-0.000786
-0.000776
-0.000733
-0.000686
-0.000667
-0.000668
-0.000511
-0.000466
-0.000518
-0.000440
-0.000383
-0.000439
-0.000466
-0.000509
-0.000567
-0.000536
-0.000592
-0.000574
-0.000476
-0.000420
-0.000451
-0.000481
-0.000498
-0.000458
-0.000438
-0.000476
-0.000490
-0.000505
-0.000452
-0.000407
-0.000415
-0.000398
-0.000387
-0.000406
-0.000415
-0.000409
-0.000449
-0.000398
-0.000321
-0.000334
-0.000421
-0.000445
-0.000440
-0.000479
-0.000475
-0.000349
-0.000470
-0.000409
-0.000436
-0.000437
-0.000430
-0.000423
-0.000394
-0.000412
-0.000415
-0.000415
-0.000441
-0.000409
-0.000450
-0.000457
-0.000441
-0.000432
-0.000511
-0.000519
-0.000533
-0.000573
-0.000505
-0.002169
-0.001011
-0.000903
-0.000866
-0.000800
-0.000825
-0.000838
-0.000795
-0.000639
-0.000603
-0.000666
-0.000624
-0.000577
-0.000599
-0.000505
-0.000392
-0.000465
-0.000479
-0.000512
-0.000495
-0.000584
-0.000625
-0.000597
-0.000546
-0.000531
-0.000514
-0.000484
-0.000498
-0.000515
-0.000502
-0.000479
-0.000488
-0.000508
-0.000485
-0.000425
-0.000367
-0.000342
-0.000365
-0.000348
-0.000368
-0.000398
-0.000417
-0.000434
-0.000400
-0.000379
-0.000405
-0.000398
-0.000442
-0.000365
-0.000404
-0.000495
-0.000420
-0.000296
-0.000370
-0.000372
-0.000408
-0.000389
-0.000395
-0.000399
-0.000422
-0.000432
-0.000408
-0.000407
-0.000404
-0.000383
-0.000421
-0.000452
-0.000540
-0.000535
-0.000544
-0.000491
-0.000586
-0.000519
-0.000519
-0.000932
-0.000831
-0.000859
-0.000861
-0.000883
-0.000770
-0.000755
-0.000656
-0.000661
-0.000611
-0.000624
-0.000560
-0.000620
-0.000671
-0.000654
-0.000577
-0.000560
-0.000572
-0.000575
-0.000542
-0.000620
-0.000571
-0.000605
-0.000592
-0.000544
-0.000466
-0.000466
-0.000478
-0.000478
-0.000469
-0.000459
-0.000513
-0.000485
-0.000428
-0.000366
-0.000364
-0.000366
-0.000365
-0.000368
-0.000408
-0.000436
-0.000418
-0.000387
-0.000376
-0.000353
-0.000378
-0.000409
-0.000378
-0.000382
-0.000432
-0.000427
-0.000351
-0.000341
-0.000366
-0.000380
-0.000408
-0.000396
-0.000395
-0.000394
-0.000404
-0.000404
-0.000434
-0.000423
-0.000417
-0.000421
-0.000447
-0.000489
-0.000503
-0.000556
-0.000473
-0.000554
-0.000505
-0.000457
-0.000932
-0.000856
-0.000838
-0.000853
-0.000775
-0.000782
-0.000735
-0.000655
-0.000676
-0.000576
-0.000526
-0.000553
-0.000591
-0.000564
-0.000666
-0.000614
-0.000543
-0.000535
-0.000535
-0.000548
-0.000573
-0.000621
-0.000580
-0.000534
-0.000527
-0.000439
-0.000455
-0.000474
-0.000477
-0.000491
-0.000472
-0.000463
-0.000458
-0.000437
-0.000367
-0.000366
-0.000382
-0.000377
-0.000383
-0.000385
-0.000383
-0.000375
-0.000368
-0.000371
-0.000337
-0.000338
-0.000374
-0.000373
-0.000305
-0.000441
-0.000449
-0.000379
-0.000363
-0.000356
-0.000366
-0.000360
-0.000373
-0.000399
-0.000425
-0.000409
-0.000414
-0.000475
-0.000504
-0.000518
-0.000467
-0.000504
-0.000482
-0.000540
-0.000535
-0.000614
-0.000522
-0.000505
-0.000427
-0.000844
-0.000867
-0.000813
-0.000806
-0.000784
-0.000690
-0.000759
-0.000723
-0.000642
-0.000630
-0.000584
-0.000516
-0.000555
-0.000541
-0.000643
-0.000596
-0.000567
-0.000550
-0.000550
-0.000544
-0.000538
-0.000580
-0.000604
-0.000557
-0.000570
-0.000511
-0.000491
-0.000511
-0.000478
-0.000478
-0.000496
-0.000433
-0.000431
-0.000444
-0.000380
-0.000340
-0.000381
-0.000383
-0.000359
-0.000362
-0.000375
-0.000373
-0.000388
-0.000381
-0.000357
-0.000320
-0.000170
-0.000498
-0.000333
-0.000383
-0.000395
-0.000353
-0.000332
-0.000360
-0.000343
-0.000349
-0.000379
-0.000390
-0.000418
-0.000431
-0.000456
-0.000393
-0.000488
-0.000489
-0.000463
-0.000483
-0.000529
-0.000541
-0.000534
-0.000532
-0.000444
-0.000526
0.001326
-0.000780
-0.000766
-0.000778
-0.000759
-0.000733
-0.000543
-0.000622
-0.000714
-0.000631
-0.000561
-0.000547
-0.000494
-0.000589
-0.000583
-0.000621
-0.000600
-0.000615
-0.000582
-0.000536
-0.000540
-0.000404
-0.000455
-0.000575
-0.000602
-0.000575
-0.000553
-0.000525
-0.000518
-0.000480
-0.000455
-0.000404
-0.000413
-0.000429
-0.000432
-0.000382
-0.000350
-0.000330
-0.000320
-0.000333
-0.000338
-0.000375
-0.000368
-0.000339
-0.000348
-0.000312
-0.000024
0.000000
-0.000513
-0.000379
-0.000353
-0.000356
-0.000341
-0.000337
-0.000367
-0.000372
-0.000305
-0.000327
-0.000420
-0.000419
-0.000425
-0.000431
-0.000356
-0.000455
-0.000471
-0.000518
-0.000511
-0.000482
-0.000538
-0.000547
-0.000559
-0.000533
-0.000560
-0.000547
-0.000759
-0.000691
-0.000685
-0.000703
-0.000789
-0.000782
-0.000648
-0.000573
-0.000675
-0.000568
-0.000417
-0.000375
-0.000512
-0.000480
-0.000573
-0.000644
-0.000615
-0.000575
-0.000576
-0.000592
-0.000440
-0.000453
-0.000517
-0.000497
-0.000473
-0.000479
-0.000452
-0.000447
-0.000441
-0.000427
-0.000410
-0.000382
-0.000408
-0.000434
-0.000377
-0.000348
-0.000326
-0.000307
-0.000309
-0.000319
-0.000320
-0.000304
-0.000274
-0.000385
-0.000504
0.000058
-0.000445
-0.000775
-0.000417
-0.000408
-0.000366
-0.000345
-0.000378
-0.000325
-0.000335
-0.000342
-0.000357
-0.000395
-0.000414
-0.000412
-0.000431
-0.000454
-0.000474
-0.000518
-0.000537
-0.000513
-0.000522
-0.000584
-0.000612
-0.000493
-0.000496
-0.000559
-0.000542
-0.000750
-0.000727
-0.000709
-0.000761
-0.000727
-0.000714
-0.000728
-0.000679
-0.000673
-0.000498
-0.000369
-0.000369
-0.000512
-0.000492
-0.000546
-0.000547
-0.000558
-0.000620
-0.000578
-0.000557
-0.000421
-0.000499
-0.000494
-0.000439
-0.000489
-0.000426
-0.000404
-0.000394
-0.000385
-0.000429
-0.000425
-0.000368
-0.000364
-0.000383
-0.000353
-0.000321
-0.000282
-0.000280
-0.000271
-0.000286
-0.000283
-0.000256
-0.000204
-0.000297
-0.000258
-0.000289
-0.000976
-0.001180
-0.000418
-0.000361
-0.000371
-0.000365
-0.000421
-0.000428
-0.000427
-0.000376
-0.000392
-0.000408
-0.000407
-0.000395
-0.000424
-0.000353
-0.000389
-0.000432
-0.000523
-0.000489
-0.000490
-0.000554
-0.000549
-0.000550
-0.000546
-0.000574
-0.000547
-0.000751
-0.000708
-0.000732
-0.000754
-0.000721
-0.000739
-0.000683
-0.000637
-0.000632
-0.000548
-0.000559
-0.000484
-0.000508
-0.000535
-0.000577
-0.000559
-0.000568
-0.000571
-0.000541
-0.000499
-0.000452
-0.000521
-0.000536
-0.000478
-0.000471
-0.000396
-0.000431
-0.000408
-0.000411
-0.000419
-0.000417
-0.000402
-0.000378
-0.000351
-0.000351
-0.000309
-0.000270
-0.000265
-0.000242
-0.000235
-0.000197
-0.000196
-0.000213
-0.000380
-0.000434
-0.000292
-0.001163
-0.000787
-0.000420
-0.000391
-0.000363
-0.000370
-0.000375
-0.000442
-0.000435
-0.000437
-0.000425
-0.000427
-0.000377
-0.000369
-0.000429
-0.000400
-0.000401
-0.000445
-0.000520
-0.000535
-0.000508
-0.000572
-0.000646
-0.000670
-0.000605
-0.000612
0.000725
-0.000693
-0.000683
-0.000718
-0.000737
-0.000648
-0.000569
-0.000580
-0.000620
-0.000594
-0.000688
-0.000615
-0.000437
-0.000479
-0.000482
-0.000581
-0.000569
-0.000567
-0.000592
-0.000537
-0.000389
-0.000490
-0.000531
-0.000492
-0.000488
-0.000524
-0.000472
-0.000433
-0.000437
-0.000447
-0.000415
-0.000396
-0.000409
-0.000384
-0.000352
-0.000341
-0.000296
-0.000235
-0.000227
-0.000200
-0.000154
-0.000117
-0.000108
-0.000118
-0.000207
-0.000227
-0.000201
-0.001676
-0.000441
-0.000342
-0.000378
-0.000354
-0.000338
-0.000371
-0.000377
-0.000391
-0.000421
-0.000406
-0.000394
-0.000375
-0.000422
-0.000450
-0.000447
-0.000419
-0.000502
-0.000505
-0.000491
-0.000618
-0.000540
-0.000595
-0.000569
-0.000564
-0.000543
-0.000481
-0.000652
-0.000689
-0.000680
-0.000731
-0.000690
-0.000645
-0.000579
-0.000544
-0.000606
-0.000673
-0.000728
-0.000556
-0.000553
-0.000525
-0.000518
-0.000569
-0.000582
-0.000637
-0.000574
-0.000528
-0.000554
-0.000555
0.000715
0.001354
-0.000639
-0.000914
-0.000798
-0.000556
-0.000517
-0.000431
-0.000364
-0.000352
-0.000350
-0.000321
-0.000343
-0.000268
-0.000235
-0.000215
-0.000151
-0.000083
-0.000033
-0.000000
-0.000021
-0.000082
-0.000187
-0.000389
-0.000381
-0.000335
-0.000348
-0.000343
-0.000326
-0.000319
-0.000381
-0.000381
-0.000382
-0.000437
-0.000428
-0.000407
-0.000414
-0.000472
-0.000496
-0.000494
-0.000539
-0.000555
-0.000544
-0.000470
-0.000583
-0.000555
-0.000565
-0.000542
-0.000631
-0.000608
-0.000488
-0.000697
-0.000673
-0.000648
-0.000737
-0.000687
-0.000596
-0.000521
-0.000469
-0.000599
-0.000665
-0.000693
-0.000679
-0.000629
-0.000572
-0.000482
-0.000534
-0.000515
-0.000473
-0.000475
-0.000520
-0.000554
0.000314
0.004550
0.008688
0.002005
0.004153
0.000959
-0.000110
-0.003952
-0.003258
-0.000544
-0.000301
-0.000283
-0.000301
-0.000267
-0.000250
-0.000214
-0.000193
-0.000118
-0.000023
0.000138
0.000239
0.000121
0.000014
-0.000083
-0.000166
-0.000241
-0.000324
-0.000375
-0.000391
-0.000370
-0.000346
-0.000370
-0.000399
-0.000369
-0.000423
-0.000423
-0.000427
-0.000445
-0.000479
-0.000560
-0.000614
-0.000605
-0.000604
-0.000575
-0.000494
-0.000517
-0.000583
-0.000641
-0.000647
-0.000767
-0.000662
-0.000560
-0.000637
-0.000654
-0.000638
-0.000597
-0.000662
-0.000513
-0.000509
-0.000535
-0.000618
-0.000575
-0.000561
-0.000605
-0.000552
-0.000524
-0.000474
-0.000443
-0.000215
-0.000061
-0.000056
-0.000095
0.000215
-0.000370
0.000450
0.006577
0.004165
0.001293
0.005776
0.005057
0.004523
-0.000538
-0.000314
-0.000262
-0.000236
-0.000259
-0.000242
-0.000125
-0.000189
-0.000118
-0.000050
0.000072
0.000274
0.000540
0.000279
0.000116
-0.000069
-0.000221
-0.000316
-0.000357
-0.000389
-0.000393
-0.000362
-0.000360
-0.000374
-0.000315
-0.000374
-0.000417
-0.000441
-0.000430
-0.000479
-0.000559
-0.000557
-0.000592
-0.000628
-0.000606
-0.000551
-0.000512
-0.000555
-0.000627
-0.000656
-0.000703
-0.000678
-0.000645
-0.001100
-0.000666
-0.000607
-0.000677
-0.000633
-0.000652
-0.000590
-0.000499
-0.000563
-0.000494
-0.000489
-0.000528
-0.000567
-0.000665
-0.000543
-0.000165
0.000002
-0.000570
-0.000026
0.000580
0.000967
0.002234
0.002323
0.002329
0.002496
0.002324
0.002274
0.002656
0.002435
0.000433
0.000213
-0.000139
-0.000251
-0.000232
-0.000015
0.000598
0.000565
0.000349
-0.000080
-0.000063
-0.000011
0.000082
0.000179
-0.000005
-0.000106
-0.000206
-0.000266
-0.000321
-0.000369
-0.000399
-0.000362
-0.000374
-0.000369
-0.000395
-0.000415
-0.000412
-0.000446
-0.000469
-0.000526
-0.000602
-0.000561
-0.000579
-0.000480
-0.000588
-0.000536
-0.000663
-0.000607
-0.000582
-0.000545
-0.000595
-0.000637
-0.000689
-0.000655
-0.000638
-0.000616
-0.000685
-0.000755
-0.000594
-0.000633
-0.000666
-0.000533
-0.000538
-0.000541
-0.000499
-0.000491
-0.000614
-0.000562
0.000052
-0.000804
-0.000262
0.000245
0.001060
0.001337
0.001800
0.001929
0.001716
0.001755
0.002262
0.003444
0.002299
0.003247
0.000743
0.001047
0.001263
0.001439
0.001604
0.001631
0.001395
0.000769
-0.000357
-0.000471
0.000015
-0.000094
-0.000063
-0.000050
-0.000077
-0.000187
-0.000223
-0.000260
-0.000310
-0.000313
-0.000345
-0.000399
-0.000395
-0.000429
-0.000453
-0.000431
-0.000445
-0.000449
-0.000454
-0.000458
-0.000525
-0.000562
-0.000590
-0.000512
-0.000601
-0.000573
-0.000646
-0.000624
-0.000593
-0.000576
-0.000605
-0.000645
-0.000652
-0.000593
-0.000579
-0.000606
-0.000669
-0.000747
-0.000734
-0.000622
-0.000484
-0.000510
-0.000448
-0.000529
-0.000598
-0.000504
-0.000427
-0.000490
-0.000002
-0.000625
0.000001
0.001291
0.000780
0.000038
-0.000524
0.000584
0.001557
0.000508
0.001329
0.002463
0.002578
0.001070
0.000361
0.000960
0.001924
0.002083
0.002800
0.003602
0.001793
0.000482
-0.000370
-0.000987
-0.000203
0.000250
-0.000098
-0.000167
-0.000166
-0.000199
-0.000208
-0.000250
-0.000244
-0.000328
-0.000347
-0.000380
-0.000410
-0.000446
-0.000513
-0.000510
-0.000487
-0.000478
-0.000469
-0.000485
-0.000521
-0.000523
-0.000530
-0.000549
-0.000702
-0.000648
-0.000555
-0.000555
-0.000626
-0.000649
-0.000617
-0.000675
-0.000651
-0.000626
-0.000484
-0.000563
-0.000600
-0.000585
-0.000702
-0.000668
-0.000650
-0.000521
-0.000501
-0.000376
-0.000486
-0.000507
-0.000398
-0.000384
-0.000139
-0.000520
-0.000531
0.000237
0.000433
-0.000698
-0.000426
-0.000449
-0.000484
-0.000210
0.000097
0.002693
0.002079
0.000587
0.000061
-0.000042
0.000213
0.001787
0.002269
0.002535
0.002106
0.001629
-0.000091
-0.002886
-0.003322
-0.001368
0.000178
0.000079
-0.000223
-0.000240
-0.000209
-0.000200
-0.000170
-0.000301
-0.000345
-0.000369
-0.000354
-0.000414
-0.000467
-0.000432
-0.000459
-0.000487
-0.000506
-0.000484
-0.000543
-0.000521
-0.000533
-0.000562
-0.000690
-0.000637
-0.000578
-0.000531
-0.000618
-0.000783
-0.000676
-0.000712
-0.000638
-0.000515
-0.000576
-0.000539
-0.000608
-0.000596
-0.000544
-0.000566
-0.000646
-0.000609
-0.000519
-0.000460
-0.000413
-0.000402
-0.000399
-0.000373
-0.000338
-0.000404
-0.000460
-0.000482
0.000650
-0.000569
-0.000463
-0.000358
-0.000366
-0.000341
-0.000252
-0.000260
-0.000206
0.000515
0.000035
0.000683
0.000145
-0.000956
0.000603
0.000234
0.001184
0.000209
0.000288
-0.000382
-0.001084
0.000642
0.000117
0.000065
0.000005
-0.000250
-0.000298
-0.000260
-0.000185
-0.000189
-0.000298
-0.000350
-0.000409
-0.000397
-0.000412
-0.000481
-0.000551
-0.000547
-0.000574
-0.000510
-0.000507
-0.000534
-0.000547
-0.000598
-0.000660
-0.000620
-0.000566
-0.000585
-0.000678
-0.000777
-0.000667
-0.000690
-0.000672
-0.000559
-0.000559
-0.000543
-0.000668
-0.000762
-0.000746
-0.000595
-0.000563
-0.000561
-0.000583
-0.000531
-0.000498
-0.000452
-0.000392
-0.000383
-0.000435
-0.000425
-0.000452
-0.000454
-0.000519
-0.000246
-0.000225
-0.000776
-0.000430
-0.000395
-0.000212
-0.000338
-0.000014
-0.000822
-0.000173
0.000273
0.000637
0.001662
0.000833
0.000007
-0.001616
-0.000782
-0.000253
0.000034
-0.000086
0.000004
0.001129
0.000448
0.000115
-0.000248
-0.000186
-0.000310
-0.000311
-0.000290
-0.000261
-0.000313
-0.000384
-0.000406
-0.000437
-0.000514
-0.000586
-0.000646
-0.000554
-0.000559
-0.000544
-0.000502
-0.000571
-0.000602
-0.000580
-0.000569
-0.000531
-0.000547
-0.000618
-0.000699
-0.000623
-0.000552
-0.000584
-0.000562
-0.000589
-0.000552
-0.000596
-0.000747
-0.000674
-0.000686
-0.000528
-0.000536
-0.000526
-0.000562
-0.000439
-0.000480
-0.000479
-0.000394
-0.000386
-0.000459
-0.000468
-0.000474
-0.000449
-0.000516
-0.000103
0.000809
-0.001067
-0.000429
-0.000394
-0.000263
0.000334
-0.001013
-0.000452
0.000221
-0.000062
0.000072
0.001326
-0.000205
0.000089
-0.002329
-0.001168
-0.000047
-0.000272
-0.000410
-0.000786
-0.000166
0.000156
-0.000254
-0.000432
-0.000278
-0.000347
-0.000340
-0.000277
-0.000228
-0.000296
-0.000379
-0.000546
-0.000684
-0.000682
-0.000657
-0.000629
-0.000597
-0.000584
-0.000579
-0.000567
-0.000615
-0.000668
-0.000631
-0.000547
-0.000573
-0.000552
-0.000594
-0.000536
-0.000528
-0.000546
-0.000612
-0.000573
-0.000623
-0.000646
-0.000624
-0.000699
-0.000719
-0.000814
-0.000526
-0.000510
-0.000511
-0.000578
-0.000499
-0.000437
-0.000443
-0.000381
-0.000367
-0.000432
-0.000472
-0.000473
-0.000399
-0.000507
-0.000567
0.000188
-0.000154
0.000805
0.000058
0.000241
-0.000328
-0.000097
-0.000663
-0.000250
-0.000241
-0.000163
-0.000101
0.000333
0.000207
-0.001074
-0.002067
-0.000637
-0.000343
-0.000075
0.000157
0.000477
0.000130
-0.001142
-0.000501
-0.000403
-0.000310
-0.000308
-0.000355
-0.000350
-0.000387
-0.000557
-0.000517
-0.000735
-0.000629
-0.000556
-0.000541
-0.000543
-0.000602
-0.000635
-0.000605
-0.000725
-0.000814
-0.000602
-0.000607
-0.000607
-0.000554
-0.000462
-0.000482
-0.000544
-0.000635
-0.000643
-0.000688
-0.000700
-0.000727
-0.000700
-0.000701
-0.000819
-0.001057
-0.000572
-0.000517
-0.000539
-0.000606
-0.000560
-0.000593
-0.000465
-0.000396
-0.000365
-0.000383
-0.000388
-0.000426
-0.000373
-0.000389
-0.000413
-0.000411
0.000001
0.000007
-0.000316
-0.000337
-0.000388
-0.000274
-0.000396
-0.000285
-0.000323
-0.000291
-0.000277
-0.000267
0.000138
-0.001628
-0.004339
-0.001914
-0.000604
-0.000251
0.001286
0.001414
0.000331
-0.000177
-0.000632
-0.000029
0.000043
-0.000332
-0.000405
-0.000470
-0.000631
-0.000844
-0.000347
-0.000956
-0.000646
-0.000518
-0.000534
-0.000561
-0.000587
-0.000659
-0.000662
-0.000695
-0.000680
-0.000630
-0.000668
-0.000555
-0.000492
-0.000499
-0.000578
-0.000732
-0.000754
-0.000866
-0.000877
-0.000755
-0.000674
-0.000856
-0.000790
-0.000937
-0.001035
-0.000529
-0.000489
-0.000529
-0.000591
-0.000531
-0.000609
-0.000422
-0.000436
-0.000382
-0.000359
-0.000379
-0.000384
-0.000374
-0.000335
-0.000337
-0.000256
-0.000300
-0.000435
-0.000469
-0.000402
-0.000385
-0.000564
-0.000237
-0.000124
-0.000150
-0.000250
-0.000289
-0.001223
-0.002693
-0.002606
-0.005858
-0.001402
-0.002281
0.000558
0.002782
0.000889
0.009069
0.004919
0.009666
-0.000491
-0.008190
-0.012993
0.000505
0.001824
-0.000813
-0.001086
-0.000823
-0.000820
-0.001047
-0.000718
-0.000557
-0.000584
-0.000633
-0.000648
-0.000690
-0.000657
-0.000694
-0.000640
-0.000565
-0.000544
-0.000563
-0.000592
-0.000738
-0.000703
-0.000782
-0.000771
-0.000734
-0.000684
-0.000771
-0.000965
-0.000846
-0.000800
-0.000827
-0.000369
-0.000433
-0.000380
-0.000581
-0.000511
-0.000440
-0.000424
-0.000407
-0.000374
-0.000361
-0.000367
-0.000347
-0.000317
-0.000367
-0.000380
-0.000375
-0.000375
-0.000301
-0.000361
-0.000422
-0.000343
-0.000343
-0.000169
-0.000147
-0.000321
-0.000937
-0.000411
-0.000232
-0.003132
-0.004493
-0.005923
-0.005376
-0.004656
-0.005348
-0.003844
-0.002004
-0.000135
0.001402
0.002928
-0.000690
-0.001205
-0.006794
-0.002196
0.003823
0.000722
-0.001212
-0.001326
-0.001021
-0.001491
-0.000929
-0.000315
-0.000600
-0.000660
-0.000620
-0.000675
-0.000684
-0.000657
-0.000631
-0.000637
-0.000625
-0.000589
-0.000668
-0.000609
-0.000745
-0.000742
-0.000749
-0.000693
-0.000701
-0.000758
-0.000788
-0.000817
-0.000682
-0.000742
-0.000183
-0.000278
-0.000588
-0.000598
-0.000495
-0.000507
-0.000380
-0.000401
-0.000339
-0.000336
-0.000362
-0.000368
-0.000363
-0.000371
-0.000354
-0.000327
-0.000370
-0.000377
-0.000441
-0.000474
-0.000209
-0.000115
0.000147
0.000026
-0.000265
-0.000677
0.000643
0.000039
-0.004407
-0.007131
-0.010862
-0.012192
-0.009217
-0.005470
-0.003514
-0.001227
0.000170
0.000015
0.004695
0.000564
-0.001379
-0.002501
-0.000595
0.004060
-0.001141
0.003034
0.002720
-0.001032
-0.000818
0.001918
0.004833
0.001504
-0.000591
-0.000634
-0.000647
-0.000567
-0.000554
-0.000604
-0.000618
-0.000695
-0.000678
-0.000686
-0.000730
-0.000770
-0.000726
-0.000651
-0.000759
-0.000797
-0.000876
-0.000684
-0.000677
-0.000766
-0.000880
-0.000527
-0.000281
-0.000552
-0.000598
-0.000510
-0.000453
-0.000350
-0.000366
-0.000375
-0.000380
-0.000364
-0.000399
-0.000382
-0.000397
-0.000380
-0.000377
-0.000391
-0.000281
-0.000239
-0.000220
-0.000121
-0.000081
0.000418
0.000193
0.000049
-0.000085
0.000441
-0.000771
-0.005206
-0.009051
-0.012629
-0.013559
-0.011504
-0.005763
-0.001760
-0.001000
-0.000144
0.001302
0.002592
0.005152
0.002171
0.002496
-0.003160
-0.003045
0.000244
0.012785
0.000587
-0.000969
0.004349
0.005638
0.009744
0.015172
-0.000060
-0.000636
-0.000535
-0.000573
-0.000612
-0.000683
-0.000631
-0.000609
-0.000725
-0.000793
-0.000757
-0.000731
-0.000693
-0.000826
-0.000776
-0.000802
-0.000766
-0.000738
-0.000757
-0.000812
-0.000711
-0.000393
-0.000348
-0.000603
-0.000588
-0.000552
-0.000442
-0.000416
-0.000422
-0.000418
-0.000406
-0.000439
-0.000410
-0.000442
-0.000432
-0.000443
-0.000429
-0.000390
-0.000245
-0.000188
-0.000140
-0.000165
0.000037
0.000660
0.001154
0.000537
-0.001028
-0.000127
-0.000622
-0.006208
-0.009176
-0.011892
-0.016645
-0.013742
-0.006422
-0.003435
-0.002408
-0.000687
0.000807
0.001786
0.002173
0.002188
0.002307
0.000281
0.001404
0.005480
0.005874
0.002546
0.004785
0.011063
0.006784
0.000367
-0.003801
-0.003594
0.000153
-0.000154
-0.000632
-0.000702
-0.000661
-0.000618
-0.000801
-0.000908
-0.000735
-0.000795
-0.000728
-0.000709
-0.000827
-0.000741
-0.000751
-0.000775
-0.000761
-0.000712
-0.000744
-0.000710
-0.000476
-0.000439
-0.000445
-0.000608
-0.000554
-0.000472
-0.000516
-0.000487
-0.000412
-0.000410
-0.000450
-0.000398
-0.000414
-0.000463
-0.000443
-0.000426
-0.000368
-0.000183
-0.000194
-0.000198
-0.000191
-0.000072
0.000499
0.001167
0.000469
-0.001357
-0.000211
-0.003000
-0.008914
-0.011576
-0.015882
-0.019879
-0.017026
-0.009781
-0.007736
-0.004547
-0.001315
0.000955
0.001644
0.001840
0.001771
0.002285
0.002888
0.002845
0.002760
-0.000873
0.006475
0.005241
0.008309
0.001747
-0.005653
-0.007814
-0.006690
-0.005617
-0.003311
-0.000700
-0.000590
-0.000648
-0.000745
-0.000865
-0.000745
-0.000643
-0.000783
-0.000798
-0.000763
-0.000762
-0.000738
-0.000782
-0.000827
-0.000723
-0.000755
-0.000799
-0.000779
-0.000505
-0.000525
-0.000436
-0.000527
-0.000434
-0.000537
-0.000645
-0.000510
-0.000431
-0.000460
-0.000440
-0.000391
-0.000414
-0.000469
-0.000221
-0.000362
-0.000126
-0.000132
-0.000176
-0.000187
-0.000245
-0.000235
0.000210
0.001267
0.000200
-0.000376
-0.002881
-0.006047
-0.010041
-0.013391
-0.019313
-0.024597
-0.018334
-0.013335
-0.010839
-0.006141
-0.002640
0.000489
0.001525
0.001618
0.002022
0.002204
0.002361
0.002706
0.003164
0.004152
-0.000751
0.000068
-0.000080
-0.004168
-0.010273
-0.015538
-0.010771
-0.009160
-0.006980
-0.008270
-0.000079
-0.000314
-0.000741
-0.000647
-0.000697
-0.000733
-0.000803
-0.000699
-0.000681
-0.000802
-0.000825
-0.000922
-0.000753
-0.000654
-0.000692
-0.000803
-0.000882
-0.000536
-0.000496
-0.000623
-0.000666
-0.000606
-0.000696
-0.000511
-0.000394
-0.000472
-0.000473
-0.000485
-0.000377
-0.000049
-0.000270
-0.000129
-0.000056
-0.000080
-0.000131
-0.000136
-0.000165
-0.000231
-0.000217
0.000188
0.000644
0.000691
-0.000681
-0.000217
-0.005047
-0.007607
-0.010452
-0.019186
-0.023224
-0.014399
-0.010206
-0.009198
-0.005420
-0.001657
0.000458
0.001357
0.001655
0.002056
0.002158
0.002572
0.002949
0.003362
0.003618
0.004332
-0.000059
-0.001937
-0.004355
-0.014634
-0.015439
-0.008700
-0.007720
-0.005784
-0.004804
-0.003226
-0.005635
0.000134
0.000118
0.000042
-0.000840
-0.000691
-0.000691
-0.000700
-0.000842
-0.000949
-0.000793
-0.000648
-0.000664
-0.000728
-0.000768
-0.000709
-0.000470
-0.000459
-0.000591
-0.000680
-0.000651
-0.000675
-0.000534
-0.000485
-0.000456
-0.000391
-0.000164
-0.000429
-0.000218
-0.000017
-0.000123
-0.000181
-0.000186
-0.000223
-0.000244
-0.000248
-0.000225
-0.000400
-0.000382
-0.000533
-0.000408
-0.000428
-0.000171
-0.000517
-0.000348
-0.011212
-0.016747
-0.016161
-0.009818
-0.012975
-0.009360
-0.005887
-0.002261
0.000325
0.001219
0.001974
0.002668
0.002777
0.003177
0.003050
0.002967
0.003448
0.004806
0.006967
0.000570
-0.004972
-0.012298
-0.009256
-0.002571
0.004533
-0.000071
-0.003380
-0.008200
-0.011006
-0.000625
0.000061
-0.000935
0.000167
0.000050
-0.000675
-0.000733
-0.000821
-0.000751
-0.000712
-0.000625
-0.000630
-0.000741
-0.000659
-0.000684
-0.000474
-0.000448
-0.000552
-0.000621
-0.000691
-0.000601
-0.000550
-0.000488
-0.000492
-0.000510
-0.000572
-0.000319
-0.000176
-0.000248
-0.000083
-0.000287
-0.000294
-0.000460
-0.000544
-0.000297
-0.000544
-0.000674
-0.000674
-0.000591
-0.000596
-0.000587
-0.000639
-0.000674
-0.000651
-0.000899
0.000015
-0.008191
-0.009481
-0.016711
-0.013990
-0.007155
-0.002222
0.000637
0.001836
0.004358
0.006427
0.003359
0.002261
0.001820
0.002368
0.003152
0.006424
0.006623
0.003915
-0.001292
-0.005648
-0.002941
-0.001572
0.001375
-0.000294
0.003499
-0.007505
-0.001732
0.000648
-0.000825
-0.000992
-0.001071
-0.001029
0.000084
-0.000276
-0.000393
-0.000612
-0.000678
-0.000610
-0.000632
-0.000748
-0.000760
-0.000750
-0.000531
-0.000436
-0.000510
-0.000558
-0.000551
-0.000617
-0.000599
-0.000468
-0.000444
-0.000582
-0.000618
-0.000559
-0.000611
-0.000466
-0.000637
-0.000438
-0.000612
-0.000582
-0.000696
-0.000699
-0.000704
-0.000722
-0.000741
-0.000630
-0.000750
-0.000641
-0.000716
-0.000681
-0.000653
-0.000652
-0.000646
-0.000984
-0.000579
-0.000586
-0.000078
-0.000052
-0.000066
0.001508
0.001707
0.004229
0.008164
0.011893
0.000429
-0.004321
-0.001171
0.003452
0.004744
0.001442
-0.001010
-0.000132
-0.002636
-0.001730
-0.000331
0.000166
-0.000165
-0.000307
0.000202
0.000497
-0.000643
-0.000772
-0.000941
-0.000950
-0.000915
-0.000971
-0.000842
-0.000758
-0.000739
-0.000626
-0.000610
-0.000668
-0.000777
-0.000689
-0.000676
-0.000596
-0.000570
-0.000510
-0.000585
-0.000586
-0.000577
-0.000500
-0.000526
-0.000575
-0.000536
-0.000391
-0.000623
-0.000658
-0.000588
-0.000674
-0.000650
-0.000583
-0.000626
-0.000515
-0.000689
-0.000646
-0.000706
-0.000782
-0.000639
-0.000649
-0.000648
-0.000707
-0.000691
-0.000702
-0.000708
-0.000698
-0.000703
-0.000759
-0.000743
-0.000746
-0.000749
-0.000708
0.000084
-0.000046
0.000132
0.000720
0.003198
0.000957
-0.000317
0.000888
0.002521
0.000230
-0.001534
-0.002138
-0.002494
-0.004616
-0.001820
-0.000672
-0.000795
-0.000736
-0.000421
-0.000523
-0.000616
-0.000738
-0.000829
-0.000771
-0.000746
-0.000821
-0.000851
-0.000807
-0.000772
-0.000740
-0.000655
-0.000705
-0.000733
-0.000763
-0.000740
-0.000543
-0.000613
-0.000591
-0.000580
-0.000587
-0.000574
-0.000513
-0.000605
-0.000694
-0.000761
-0.000730
-0.000453
-0.000546
-0.000665
-0.000637
-0.000647
-0.000642
-0.000622
-0.000621
-0.000662
-0.000660
-0.000694
-0.000721
-0.000752
-0.000703
-0.000734
-0.000718
-0.000752
-0.000696
-0.000665
-0.000687
-0.000691
-0.000709
-0.000758
-0.000795
-0.000785
-0.000777
-0.000781
-0.000801
-0.000926
-0.000868
-0.000872
-0.000904
-0.000969
-0.000909
-0.000022
0.000263
-0.001967
-0.001672
-0.002759
-0.005057
-0.005038
-0.000374
-0.000887
-0.000923
-0.000753
-0.000793
-0.000816
-0.000810
-0.000726
-0.000850
-0.000769
-0.000772
-0.000806
-0.000845
-0.000835
-0.000901
-0.000853
-0.000642
-0.000673
-0.000771
-0.000934
-0.000790
-0.000380
-0.000639
-0.000640
-0.000573
-0.000571
-0.000604
-0.000611
-0.000707
-0.000734
-0.000717
-0.000705
-0.000624
-0.000534
-0.000332
-0.000655
-0.000609
-0.000557
-0.000585
-0.000533
-0.000648
-0.000699
-0.000734
-0.000725
-0.000736
-0.000806
-0.000850
-0.000827
-0.000826
-0.000691
-0.000704
-0.000745
-0.000745
-0.000688
-0.000703
-0.000761
-0.000789
-0.000832
-0.000853
-0.000852
-0.000879
-0.000883
-0.000918
-0.000906
-0.000866
-0.000954
-0.000861
0.000003
-0.003205
-0.003678
-0.004764
-0.006351
-0.005982
-0.002177
-0.000666
-0.000826
-0.000889
-0.000947
-0.000889
-0.000744
-0.000636
-0.000702
-0.000700
-0.000921
-0.001018
-0.000880
-0.000952
-0.000866
-0.000793
-0.000781
-0.000848
-0.000980
-0.000856
-0.000807
-0.000564
-0.000677
-0.000706
-0.000661
-0.000605
-0.000673
-0.000694
-0.000710
-0.000714
-0.000705
-0.000715
-0.000740
-0.000724
-0.000533
-0.000664
-0.000554
-0.000623
-0.000715
-0.000709
-0.000662
-0.000638
-0.000574
-0.000683
-0.000790
-0.000774
-0.000853
-0.000828
-0.000728
-0.000791
-0.000732
-0.000764
-0.000748
-0.000777
-0.000791
-0.000869
-0.000900
-0.000908
-0.000884
-0.000905
-0.000892
-0.000881
-0.000824
-0.000852
-0.000968
-0.001051
-0.001009
-0.000943
-0.001040
-0.004978
-0.004975
-0.005037
-0.003042
-0.001096
-0.001915
-0.001245
-0.000835
-0.000928
-0.000760
-0.000769
-0.000658
-0.000759
-0.000903
-0.000953
-0.001055
-0.001016
-0.000925
-0.000852
-0.000876
-0.000837
-0.000860
-0.000845
-0.000860
-0.000818
-0.000644
-0.000709
-0.000672
-0.000557
-0.000582
-0.000731
-0.000700
-0.000660
-0.000671
-0.000679
-0.000692
-0.000661
-0.000717
-0.000551
-0.000399
-0.000578
-0.000566
-0.000750
-0.000873
-0.000754
-0.000723
-0.000759
-0.000772
-0.000783
-0.000821
-0.001035
-0.000864
-0.000834
-0.000821
-0.000879
-0.000815
-0.000790
-0.000858
-0.000882
-0.000916
-0.000995
-0.000997
-0.000945
-0.000929
-0.000970
-0.001036
-0.000914
-0.000985
-0.001073
-0.001156
-0.001149
-0.001071
-0.001142
-0.002351
-0.006627
-0.004299
-0.000752
-0.001188
-0.002337
-0.001454
-0.001342
-0.001133
-0.000837
-0.000784
-0.000723
-0.000756
-0.000880
-0.000900
-0.000948
-0.000952
-0.000893
-0.000854
-0.000888
-0.000988
-0.000947
-0.000806
-0.000800
-0.000786
-0.000650
-0.000707
-0.000707
-0.000589
-0.000638
-0.000684
-0.000719
-0.000587
-0.000667
-0.000649
-0.000653
-0.000700
-0.000652
-0.000635
-0.000363
-0.000524
-0.000496
-0.000616
-0.000751
-0.000814
-0.000718
-0.000755
-0.000754
-0.000795
-0.000943
-0.001064
-0.001035
-0.001075
-0.001083
-0.001007
-0.001027
-0.000950
-0.000993
-0.000938
-0.000992
-0.001076
-0.000985
-0.001071
-0.001005
-0.000866
-0.000851
-0.000892
-0.000885
-0.000980
-0.001168
-0.001208
-0.001252
-0.001284
-0.001336
-0.001879
-0.001440
-0.001101
-0.002054
-0.001244
-0.001339
-0.001267
-0.001094
-0.000782
-0.000770
-0.000717
-0.000794
-0.000930
-0.000903
-0.000843
-0.000956
-0.000985
-0.000977
-0.000913
-0.000875
-0.000901
-0.000847
-0.000871
-0.000753
-0.000688
-0.000692
-0.000678
-0.000707
-0.000717
-0.000653
-0.000643
-0.000580
-0.000658
-0.000680
-0.000666
-0.000645
-0.000645
-0.000634
-0.000576
-0.000521
-0.000558
-0.000539
-0.000697
-0.000672
-0.000658
-0.000646
-0.000768
-0.000831
-0.000996
-0.001036
-0.000964
-0.001053
-0.001050
-0.001122
-0.001055
-0.001053
-0.001050
-0.001028
-0.001108
-0.001105
-0.001047
-0.001063
-0.001079
-0.001004
-0.000980
-0.000986
-0.000947
-0.001004
-0.001123
-0.001096
-0.001161
-0.001156
-0.001138
-0.001170
-0.001115
-0.001071
-0.001071
-0.001193
-0.001067
-0.000979
-0.000857
-0.000942
-0.000886
-0.000797
-0.000821
-0.000809
-0.000799
-0.000880
-0.000969
-0.001027
-0.000865
-0.000879
-0.000865
-0.000921
-0.000828
-0.000807
-0.000724
-0.000679
-0.000668
-0.000689
-0.000691
-0.000653
-0.000672
-0.000707
-0.000633
-0.000628
-0.000687
-0.000677
-0.000633
-0.000675
-0.000533
-0.000570
-0.000651
-0.000584
-0.000573
-0.000647
-0.000740
-0.000657
-0.000624
-0.000751
-0.000927
-0.000887
-0.001005
-0.000752
-0.000941
-0.001057
-0.001094
-0.001064
-0.000949
-0.000961
-0.001028
-0.001107
-0.000983
-0.001053
-0.001079
-0.001157
-0.000969
-0.000987
-0.001086
-0.000957
-0.001040
-0.001062
-0.001106
-0.001057
-0.001100
-0.001109
-0.001154
-0.001134
-0.001124
-0.001141
-0.001150
-0.001078
-0.001017
-0.000966
-0.000814
-0.000816
-0.000888
-0.000867
-0.000861
-0.000781
-0.000819
-0.000902
-0.000996
-0.000990
-0.000900
-0.000903
-0.000807
-0.000796
-0.000707
-0.000648
-0.000629
0.000163
-0.000596
-0.000618
-0.000645
-0.000661
-0.000677
-0.000650
-0.000628
-0.000587
-0.000610
-0.000606
-0.000609
-0.000437
-0.000537
-0.000521
-0.000506
-0.000554
-0.000599
-0.000605
-0.000592
-0.000557
-0.000671
-0.000782
-0.000818
-0.000973
-0.000993
-0.000983
-0.001041
-0.000932
-0.000932
-0.000957
-0.001002
-0.000950
-0.000902
-0.001091
-0.001205
-0.001181
-0.001076
-0.000965
-0.000864
-0.000947
-0.000988
-0.001044
-0.000909
-0.000973
-0.001063
-0.001077
-0.001157
-0.001037
-0.001068
-0.001125
-0.001085
-0.000886
-0.000980
-0.001108
-0.000912
-0.000745
-0.000791
-0.000893
-0.000875
-0.000909
-0.000780
-0.000927
-0.000880
-0.000873
-0.001005
-0.000741
-0.000719
-0.000725
-0.000732
-0.000739
-0.000734
-0.000659
