0.000049
0.000101
0.000026
0.000632
0.000086
-0.000124
-0.000277
0.000438
-0.000603
-0.000573
-0.000572
-0.000603
-0.001413
-0.001654
-0.001460
-0.001455
-0.001545
-0.001672
-0.001577
-0.001703
-0.001790
-0.001334
-0.001517
-0.001579
-0.001483
-0.001432
-0.001424
-0.001390
-0.001328
-0.001263
-0.001211
-0.001271
-0.001166
-0.001163
-0.001072
-0.001018
-0.001061
-0.001007
-0.001049
-0.000976
-0.000954
-0.001090
-0.001178
-0.001216
-0.001496
-0.001352
-0.000995
-0.001245
-0.001508
-0.001374
-0.001210
-0.001078
-0.001187
-0.001281
-0.001324
-0.001219
-0.001142
-0.001219
-0.000945
-0.001204
-0.001138
-0.000971
-0.000635
-0.000583
-0.000834
-0.001030
-0.001158
-0.000946
-0.000947
-0.000993
0.000061
-0.000882
0.000195
-0.001572
-0.001360
-0.001608
-0.001336
-0.001124
-0.001653
-0.001612
-0.001468
-0.001320
-0.001635
-0.001660
-0.001686
-0.001701
-0.001682
-0.001525
-0.001388
-0.001411
-0.001455
-0.001469
-0.001555
-0.001699
-0.001370
-0.001521
-0.001531
-0.001422
-0.001391
-0.001497
-0.001492
-0.001517
-0.001456
-0.001322
-0.001095
-0.001251
-0.001240
-0.001174
-0.001139
-0.001175
-0.001247
-0.001350
-0.001529
-0.001212
-0.001356
-0.001386
-0.001239
-0.001264
-0.001297
-0.001373
-0.001095
-0.001477
-0.001455
-0.001203
-0.001251
-0.001151
-0.001252
-0.001340
-0.001255
-0.001083
-0.001067
-0.000990
-0.001248
-0.001189
-0.001109
-0.001059
-0.001008
-0.001050
-0.001010
-0.000839
-0.000942
-0.001006
-0.001024
-0.001020
-0.001045
-0.000879
-0.001827
-0.001600
-0.001841
-0.001579
-0.001324
-0.001351
-0.001448
-0.001213
-0.001230
-0.001605
-0.001570
-0.001486
-0.001290
-0.001360
-0.001405
-0.001262
-0.001093
-0.001179
-0.001420
-0.001489
-0.001815
-0.001661
-0.001691
-0.001538
-0.001188
-0.001349
-0.001456
-0.001521
-0.001508
-0.001476
-0.001410
-0.001392
-0.001288
-0.001206
-0.001155
-0.001184
-0.001139
-0.001218
-0.001341
-0.001458
-0.001391
-0.001342
-0.001336
-0.001212
-0.001238
-0.001199
-0.001231
-0.001141
-0.001361
-0.001280
-0.001247
-0.001327
-0.001253
-0.001349
-0.001200
-0.001152
-0.001066
-0.001066
-0.001240
-0.001174
-0.001045
-0.001063
-0.000977
-0.000875
-0.000986
-0.001045
-0.001043
-0.001085
-0.001006
-0.001118
-0.001081
-0.001033
-0.000998
-0.001922
-0.001701
-0.001717
-0.001521
-0.001683
-0.001478
-0.001313
-0.001154
-0.001494
-0.001461
-0.001444
-0.001365
-0.001231
-0.001076
-0.000928
-0.001227
-0.001250
-0.001083
-0.001249
-0.001371
-0.001512
-0.001573
-0.001550
-0.001389
-0.001173
-0.001251
-0.001495
-0.001505
-0.001540
-0.001344
-0.001449
-0.001471
-0.001466
-0.001282
-0.001292
-0.001245
-0.001285
-0.001153
-0.001197
-0.001150
-0.001233
-0.001144
-0.001291
-0.001247
-0.001018
-0.001240
-0.001313
-0.001373
-0.001325
-0.001281
-0.001260
-0.001358
-0.001169
-0.001241
-0.001100
-0.001096
-0.001008
-0.001077
-0.001050
-0.001060
-0.001141
-0.001109
-0.000966
-0.000983
-0.001193
-0.000962
-0.000942
-0.001115
-0.001139
-0.001181
-0.001131
-0.001083
-0.001095
-0.001848
-0.001771
-0.001526
-0.001753
-0.001769
-0.001420
-0.001421
-0.001396
-0.001378
-0.001436
-0.001520
-0.001250
-0.001146
-0.001291
-0.001108
-0.000976
-0.001154
-0.001246
-0.001387
-0.001579
-0.001522
-0.001738
-0.001694
-0.001415
-0.001262
-0.001355
-0.001455
-0.001514
-0.001411
-0.001363
-0.001483
-0.001536
-0.001593
-0.001442
-0.001306
-0.001323
-0.001275
-0.001227
-0.001281
-0.001304
-0.001264
-0.001356
-0.001183
-0.000942
-0.000954
-0.001170
-0.001209
-0.001171
-0.001265
-0.001268
-0.000931
-0.001218
-0.001042
-0.001100
-0.001070
-0.001062
-0.001025
-0.000953
-0.000993
-0.000986
-0.000984
-0.001038
-0.000960
-0.001049
-0.001068
-0.001009
-0.000948
-0.001173
-0.001191
-0.001221
-0.001308
-0.001152
-0.002169
-0.001725
-0.001579
-0.001607
-0.001582
-0.001608
-0.001611
-0.001547
-0.001290
-0.001311
-0.001568
-0.001501
-0.001437
-0.001502
-0.001272
-0.000991
-0.001207
-0.001262
-0.001376
-0.001354
-0.001632
-0.001785
-0.001726
-0.001606
-0.001577
-0.001544
-0.001455
-0.001517
-0.001570
-0.001544
-0.001498
-0.001532
-0.001608
-0.001559
-0.001370
-0.001203
-0.001108
-0.001182
-0.001124
-0.001178
-0.001262
-0.001314
-0.001344
-0.001205
-0.001129
-0.001170
-0.001117
-0.001212
-0.000977
-0.001071
-0.001317
-0.001105
-0.000767
-0.000922
-0.000929
-0.001020
-0.000960
-0.000963
-0.000961
-0.001012
-0.001030
-0.000966
-0.000958
-0.000949
-0.000895
-0.000973
-0.001038
-0.001243
-0.001229
-0.001248
-0.001125
-0.001337
-0.001184
-0.001182
-0.001635
-0.001484
-0.001627
-0.001750
-0.001807
-0.001559
-0.001578
-0.001432
-0.001527
-0.001478
-0.001550
-0.001417
-0.001573
-0.001712
-0.001667
-0.001502
-0.001490
-0.001555
-0.001587
-0.001519
-0.001749
-0.001636
-0.001772
-0.001751
-0.001618
-0.001398
-0.001418
-0.001468
-0.001478
-0.001466
-0.001452
-0.001645
-0.001576
-0.001401
-0.001209
-0.001198
-0.001196
-0.001208
-0.001201
-0.001322
-0.001397
-0.001318
-0.001202
-0.001134
-0.001036
-0.001066
-0.001128
-0.001018
-0.001013
-0.001155
-0.001129
-0.000912
-0.000868
-0.000932
-0.000952
-0.001005
-0.000965
-0.000955
-0.000941
-0.000971
-0.000961
-0.001009
-0.000977
-0.000965
-0.000972
-0.001036
-0.001128
-0.001159
-0.001272
-0.001078
-0.001258
-0.001149
-0.001027
-0.001695
-0.001576
-0.001617
-0.001733
-0.001632
-0.001689
-0.001637
-0.001511
-0.001603
-0.001420
-0.001317
-0.001390
-0.001488
-0.001432
-0.001716
-0.001609
-0.001450
-0.001453
-0.001485
-0.001535
-0.001618
-0.001775
-0.001679
-0.001567
-0.001573
-0.001318
-0.001379
-0.001464
-0.001484
-0.001543
-0.001511
-0.001505
-0.001503
-0.001450
-0.001229
-0.001224
-0.001295
-0.001276
-0.001292
-0.001290
-0.001270
-0.001218
-0.001160
-0.001139
-0.001006
-0.000972
-0.001050
-0.001004
-0.000817
-0.001180
-0.001190
-0.000993
-0.000936
-0.000908
-0.000917
-0.000892
-0.000903
-0.000965
-0.001022
-0.000980
-0.000982
-0.001123
-0.001184
-0.001211
-0.001081
-0.001163
-0.001110
-0.001221
-0.001210
-0.001332
-0.001184
-0.001142
-0.000972
-0.001625
-0.001687
-0.001632
-0.001691
-0.001721
-0.001602
-0.001792
-0.001705
-0.001547
-0.001549
-0.001450
-0.001299
-0.001393
-0.001372
-0.001666
-0.001579
-0.001518
-0.001487
-0.001512
-0.001511
-0.001515
-0.001651
-0.001751
-0.001636
-0.001695
-0.001539
-0.001500
-0.001571
-0.001490
-0.001510
-0.001588
-0.001403
-0.001414
-0.001496
-0.001292
-0.001183
-0.001327
-0.001337
-0.001250
-0.001265
-0.001280
-0.001252
-0.001267
-0.001212
-0.001113
-0.001118
-0.000810
-0.001276
-0.000898
-0.001036
-0.001059
-0.000937
-0.000864
-0.000917
-0.000866
-0.000861
-0.000923
-0.000946
-0.001006
-0.001033
-0.001085
-0.000935
-0.001146
-0.001143
-0.001070
-0.001102
-0.001202
-0.001233
-0.001218
-0.001203
-0.000970
-0.001151
0.001326
-0.001626
-0.001607
-0.001660
-0.001678
-0.001708
-0.001301
-0.001504
-0.001719
-0.001544
-0.001381
-0.001363
-0.001242
-0.001476
-0.001494
-0.001613
-0.001591
-0.001650
-0.001576
-0.001467
-0.001497
-0.001136
-0.001296
-0.001657
-0.001752
-0.001706
-0.001663
-0.001607
-0.001605
-0.001501
-0.001452
-0.001305
-0.001346
-0.001426
-0.001472
-0.001342
-0.001250
-0.001192
-0.001171
-0.001223
-0.001242
-0.001354
-0.001319
-0.001192
-0.001226
-0.001180
-0.000486
-0.000312
-0.001294
-0.001037
-0.000960
-0.000960
-0.000907
-0.000881
-0.000932
-0.000934
-0.000759
-0.000804
-0.001020
-0.001011
-0.001017
-0.001025
-0.000845
-0.001068
-0.001097
-0.001197
-0.001173
-0.001106
-0.001232
-0.001245
-0.001219
-0.001198
-0.001239
-0.001229
-0.001715
-0.001580
-0.001564
-0.001638
-0.001846
-0.001864
-0.001562
-0.001398
-0.001644
-0.001413
-0.001062
-0.000958
-0.001309
-0.001259
-0.001504
-0.001701
-0.001647
-0.001545
-0.001562
-0.001633
-0.001234
-0.001287
-0.001477
-0.001441
-0.001389
-0.001434
-0.001379
-0.001390
-0.001396
-0.001371
-0.001339
-0.001280
-0.001395
-0.001547
-0.001371
-0.001294
-0.001222
-0.001174
-0.001205
-0.001271
-0.001265
-0.001192
-0.001085
-0.001295
-0.001237
0.000172
-0.001252
-0.001867
-0.001155
-0.001106
-0.000985
-0.000914
-0.000979
-0.000825
-0.000842
-0.000850
-0.000873
-0.000961
-0.000999
-0.000993
-0.001027
-0.001070
-0.001113
-0.001200
-0.001242
-0.001178
-0.001193
-0.001331
-0.001394
-0.001105
-0.001073
-0.001249
-0.001211
-0.001759
-0.001711
-0.001659
-0.001800
-0.001726
-0.001702
-0.001756
-0.001654
-0.001660
-0.001250
-0.000943
-0.000958
-0.001314
-0.001282
-0.001426
-0.001449
-0.001487
-0.001674
-0.001567
-0.001534
-0.001174
-0.001398
-0.001396
-0.001265
-0.001429
-0.001267
-0.001231
-0.001227
-0.001220
-0.001393
-0.001422
-0.001270
-0.001300
-0.001401
-0.001322
-0.001251
-0.001135
-0.001159
-0.001166
-0.001259
-0.001256
-0.001133
-0.000934
-0.001119
-0.000976
-0.000968
-0.002303
-0.003019
-0.001197
-0.000996
-0.000988
-0.000952
-0.001082
-0.001090
-0.001075
-0.000935
-0.000959
-0.000990
-0.000986
-0.000945
-0.001001
-0.000820
-0.000902
-0.000980
-0.001191
-0.001089
-0.001123
-0.001255
-0.001142
-0.001153
-0.001209
-0.001276
-0.001221
-0.001787
-0.001684
-0.001737
-0.001792
-0.001712
-0.001754
-0.001638
-0.001551
-0.001556
-0.001373
-0.001416
-0.001243
-0.001311
-0.001379
-0.001500
-0.001471
-0.001518
-0.001531
-0.001464
-0.001372
-0.001247
-0.001450
-0.001508
-0.001356
-0.001361
-0.001175
-0.001301
-0.001266
-0.001303
-0.001378
-0.001412
-0.001416
-0.001371
-0.001323
-0.001380
-0.001260
-0.001165
-0.001199
-0.001165
-0.001185
-0.001051
-0.001089
-0.001112
-0.001232
-0.001271
-0.000952
-0.002565
-0.002325
-0.001211
-0.001070
-0.000954
-0.000962
-0.000967
-0.001125
-0.001092
-0.001084
-0.001044
-0.001038
-0.000907
-0.000889
-0.001017
-0.000936
-0.000940
-0.001010
-0.001055
-0.001095
-0.001135
-0.001115
-0.001244
-0.001275
-0.001339
-0.001362
0.000725
-0.001663
-0.001633
-0.001729
-0.001753
-0.001547
-0.001361
-0.001394
-0.001514
-0.001472
-0.001703
-0.001555
-0.001123
-0.001238
-0.001251
-0.001505
-0.001484
-0.001508
-0.001579
-0.001445
-0.001066
-0.001351
-0.001467
-0.001344
-0.001289
-0.001450
-0.001327
-0.001257
-0.001352
-0.001432
-0.001377
-0.001356
-0.001463
-0.001428
-0.001390
-0.001409
-0.001293
-0.001112
-0.001148
-0.001091
-0.000988
-0.000927
-0.000950
-0.000982
-0.001077
-0.001001
-0.000897
-0.003498
-0.001262
-0.001002
-0.001030
-0.000933
-0.000880
-0.000958
-0.000961
-0.000990
-0.001045
-0.000999
-0.000955
-0.000889
-0.000987
-0.001046
-0.001052
-0.000955
-0.001135
-0.001144
-0.001101
-0.001175
-0.001150
-0.001295
-0.001260
-0.001245
-0.001180
-0.000982
-0.001551
-0.001642
-0.001633
-0.001758
-0.001646
-0.001533
-0.001395
-0.001327
-0.001495
-0.001682
-0.001834
-0.001420
-0.001419
-0.001359
-0.001344
-0.001483
-0.001533
-0.001704
-0.001540
-0.001426
-0.001502
-0.001523
0.000243
0.002004
-0.001002
-0.002433
-0.001957
-0.001684
-0.001586
-0.001411
-0.001242
-0.001268
-0.001377
-0.001334
-0.001493
-0.001268
-0.001205
-0.001191
-0.000995
-0.001001
-0.000857
-0.000792
-0.000816
-0.000953
-0.001044
-0.001250
-0.001219
-0.001073
-0.001014
-0.000932
-0.000858
-0.000830
-0.000981
-0.000975
-0.000960
-0.001086
-0.001049
-0.000987
-0.000977
-0.001100
-0.001122
-0.001149
-0.001240
-0.001266
-0.001240
-0.001063
-0.001144
-0.001195
-0.001255
-0.001200
-0.001147
-0.001188
-0.001041
-0.001642
-0.001605
-0.001563
-0.001772
-0.001640
-0.001427
-0.001266
-0.001144
-0.001479
-0.001668
-0.001737
-0.001722
-0.001606
-0.001475
-0.001259
-0.001395
-0.001368
-0.001266
-0.001277
-0.001408
-0.001502
-0.000617
0.002798
0.013037
0.006435
0.006284
-0.002273
-0.005491
-0.008191
-0.006630
-0.001480
-0.001199
-0.001224
-0.001370
-0.001289
-0.001285
-0.001187
-0.001075
-0.001110
-0.001023
-0.000711
-0.000549
-0.000636
-0.000825
-0.000842
-0.000843
-0.000908
-0.001016
-0.001071
-0.001054
-0.000971
-0.000899
-0.000952
-0.001015
-0.000918
-0.001047
-0.001038
-0.001020
-0.001050
-0.001130
-0.001305
-0.001418
-0.001386
-0.001376
-0.001307
-0.001104
-0.001091
-0.001293
-0.001419
-0.001407
-0.001473
-0.001375
-0.001234
-0.001515
-0.001549
-0.001541
-0.001440
-0.001586
-0.001233
-0.001229
-0.001299
-0.001513
-0.001437
-0.001415
-0.001532
-0.001408
-0.001344
-0.001233
-0.001159
-0.000543
-0.000149
-0.000141
-0.000297
0.000331
-0.000608
0.000554
0.007004
0.004103
0.002174
0.010292
0.010296
0.005831
-0.001559
-0.001384
-0.001155
-0.001088
-0.001272
-0.001308
-0.000982
-0.001163
-0.000979
-0.000971
-0.000782
-0.000572
-0.000199
-0.000414
-0.000594
-0.000739
-0.000794
-0.001027
-0.001074
-0.001102
-0.001065
-0.000954
-0.000923
-0.000956
-0.000804
-0.000938
-0.001026
-0.001070
-0.001032
-0.001105
-0.001307
-0.001295
-0.001342
-0.001431
-0.001378
-0.001246
-0.001099
-0.001229
-0.001385
-0.001449
-0.001542
-0.001398
-0.001417
-0.001100
-0.001573
-0.001439
-0.001627
-0.001523
-0.001567
-0.001414
-0.001209
-0.001365
-0.001213
-0.001215
-0.001321
-0.001435
-0.001679
-0.001386
-0.000404
0.000021
-0.001081
0.000454
0.001377
0.002122
0.004962
0.005236
0.005332
0.005400
0.005407
0.004926
0.005236
0.003786
0.000808
-0.000093
-0.000910
-0.001181
-0.001111
-0.000825
0.000621
0.000480
-0.000071
-0.000941
-0.000915
-0.000833
-0.000660
-0.000515
-0.000569
-0.000712
-0.000839
-0.000935
-0.001041
-0.001117
-0.001131
-0.000966
-0.000942
-0.000929
-0.000993
-0.001034
-0.001020
-0.001089
-0.001134
-0.001233
-0.001405
-0.001287
-0.001333
-0.001085
-0.001327
-0.001202
-0.001421
-0.001329
-0.001285
-0.001202
-0.001311
-0.001399
-0.001505
-0.001435
-0.001287
-0.001454
-0.001626
-0.001806
-0.001423
-0.001523
-0.001606
-0.001283
-0.001299
-0.001315
-0.001230
-0.001217
-0.001531
-0.001421
0.000129
-0.001076
0.000704
0.000766
0.003779
0.003804
0.004298
0.004264
0.003828
0.003826
0.005068
0.008239
0.005559
0.007386
0.000886
0.002417
0.003211
0.003399
0.003407
0.003448
0.002751
0.000800
-0.001537
-0.001840
-0.000769
-0.000878
-0.000828
-0.000788
-0.000813
-0.000816
-0.000918
-0.001003
-0.001085
-0.001026
-0.001049
-0.001107
-0.001049
-0.001096
-0.001140
-0.001072
-0.001099
-0.001097
-0.001103
-0.001087
-0.001217
-0.001310
-0.001367
-0.001159
-0.001193
-0.001245
-0.001368
-0.001361
-0.001310
-0.001270
-0.001331
-0.001419
-0.001431
-0.001300
-0.001271
-0.001329
-0.001583
-0.001773
-0.001752
-0.001496
-0.001166
-0.001228
-0.001083
-0.001278
-0.001442
-0.001235
-0.001050
-0.001210
-0.000025
-0.001763
0.000298
0.005529
0.002361
0.000284
0.000229
0.002954
0.003550
0.001067
0.003050
0.005501
0.006124
0.002204
0.000261
0.000764
0.002672
0.003861
0.006293
0.008782
0.002891
-0.000076
-0.001129
-0.002004
-0.000811
0.000134
-0.000864
-0.000993
-0.000952
-0.001010
-0.000971
-0.001052
-0.000935
-0.001140
-0.001129
-0.001118
-0.001157
-0.001178
-0.001298
-0.001258
-0.001187
-0.001159
-0.001142
-0.001162
-0.001217
-0.001224
-0.001234
-0.001225
-0.001154
-0.001279
-0.001225
-0.001232
-0.001380
-0.001425
-0.001359
-0.001487
-0.001522
-0.001382
-0.001065
-0.001239
-0.001319
-0.001387
-0.001664
-0.001602
-0.001558
-0.001259
-0.001213
-0.000915
-0.001176
-0.001232
-0.000972
-0.000933
-0.000340
-0.001340
-0.001075
0.002604
0.001993
-0.000730
-0.000912
-0.000981
-0.000943
-0.000400
0.000033
0.005021
0.004443
0.001302
0.000177
-0.000439
-0.000340
0.001729
0.003450
0.003750
0.004114
0.001833
-0.001132
-0.006222
-0.006569
-0.002872
0.000002
-0.000370
-0.001069
-0.001072
-0.000905
-0.000850
-0.000704
-0.001111
-0.001176
-0.001175
-0.001060
-0.001159
-0.001191
-0.001061
-0.001110
-0.001175
-0.001209
-0.001141
-0.001198
-0.001215
-0.001240
-0.001282
-0.001235
-0.001340
-0.001274
-0.001171
-0.001361
-0.001686
-0.001483
-0.001583
-0.001443
-0.001177
-0.001262
-0.001182
-0.001333
-0.000596
-0.001292
-0.001357
-0.001543
-0.001461
-0.001250
-0.001118
-0.001002
-0.000982
-0.000965
-0.000907
-0.000810
-0.000956
-0.001142
-0.001415
0.004193
0.002435
-0.000696
-0.000941
-0.000857
-0.000786
-0.000532
-0.000544
-0.000351
0.000853
-0.000335
0.001096
-0.000024
-0.001571
0.001017
0.000997
0.001024
-0.000259
0.001752
-0.001037
-0.004371
-0.000955
-0.000561
-0.000185
-0.000443
-0.001110
-0.001214
-0.001038
-0.000749
-0.000731
-0.001084
-0.001162
-0.001191
-0.001126
-0.001090
-0.001139
-0.001264
-0.001297
-0.001363
-0.001204
-0.001191
-0.001251
-0.001273
-0.001379
-0.001477
-0.001358
-0.001246
-0.001246
-0.001381
-0.001673
-0.001462
-0.001509
-0.001477
-0.001221
-0.001219
-0.001182
-0.001453
-0.001688
-0.001681
-0.001402
-0.001342
-0.001346
-0.001399
-0.001275
-0.001197
-0.001091
-0.000954
-0.000936
-0.001040
-0.000995
-0.001069
-0.001099
-0.001612
0.000241
0.002329
-0.001106
-0.000949
-0.000896
-0.000487
-0.000712
-0.000039
-0.001796
-0.000693
-0.000124
0.000727
0.001965
0.000977
0.000883
-0.003236
-0.003228
-0.001886
-0.000282
-0.000317
-0.002596
-0.001647
-0.000145
-0.000037
-0.000861
-0.001013
-0.001208
-0.001162
-0.001134
-0.001090
-0.001212
-0.001218
-0.001168
-0.001161
-0.001248
-0.001335
-0.001391
-0.001289
-0.001305
-0.001272
-0.001172
-0.001324
-0.001385
-0.001317
-0.001275
-0.001180
-0.001203
-0.001241
-0.001523
-0.001362
-0.001207
-0.001273
-0.001223
-0.001280
-0.001200
-0.001279
-0.001616
-0.001462
-0.001489
-0.001237
-0.001278
-0.001257
-0.001346
-0.001064
-0.001155
-0.001164
-0.000956
-0.000929
-0.001080
-0.001099
-0.001122
-0.001078
-0.001362
0.001209
0.009773
0.002473
-0.001388
-0.000052
-0.000616
0.000615
-0.002118
-0.001022
-0.000196
-0.000507
-0.000413
0.001809
-0.001104
-0.000364
-0.003442
-0.002032
0.000100
-0.000709
-0.000968
-0.001859
-0.002718
-0.000683
-0.000663
-0.001187
-0.001069
-0.001302
-0.001261
-0.001071
-0.000951
-0.001125
-0.001214
-0.001191
-0.001359
-0.001440
-0.001466
-0.001434
-0.001374
-0.001347
-0.001337
-0.001298
-0.001399
-0.001476
-0.001369
-0.001218
-0.001268
-0.001200
-0.001300
-0.001173
-0.001153
-0.001194
-0.001332
-0.001246
-0.001344
-0.001393
-0.001344
-0.001504
-0.001552
-0.001728
-0.001238
-0.001199
-0.001215
-0.001381
-0.001194
-0.001057
-0.001070
-0.000894
-0.000867
-0.001015
-0.001111
-0.001121
-0.000950
-0.001229
-0.001029
0.004417
0.003373
0.003877
0.000211
0.000336
-0.000885
-0.000784
-0.001616
-0.000913
-0.000946
-0.000793
-0.000994
0.000234
0.001839
0.002286
-0.002057
-0.000210
-0.000619
-0.000151
-0.000585
-0.000132
0.000469
-0.002525
-0.001304
-0.001296
-0.001170
-0.001133
-0.001238
-0.001195
-0.001155
-0.001101
-0.000845
-0.001433
-0.001381
-0.001269
-0.001229
-0.001243
-0.001379
-0.001433
-0.001297
-0.001499
-0.001481
-0.001325
-0.001347
-0.001341
-0.001214
-0.001011
-0.001054
-0.001164
-0.001369
-0.001374
-0.001459
-0.001502
-0.001558
-0.001505
-0.001502
-0.001727
-0.001757
-0.001335
-0.001213
-0.001285
-0.001438
-0.001342
-0.001398
-0.001093
-0.000930
-0.000868
-0.000900
-0.000927
-0.001009
-0.000883
-0.000929
-0.001008
-0.000732
0.000539
0.000172
-0.000981
-0.001039
-0.001156
-0.001023
-0.001370
-0.000938
-0.001114
-0.001040
-0.001029
-0.001017
0.000600
-0.000860
-0.005585
-0.003150
-0.002580
-0.000088
0.001529
0.002715
0.000110
-0.000782
-0.001278
-0.000173
-0.000379
-0.001227
-0.001233
-0.001295
-0.001176
-0.001408
-0.000668
-0.001494
-0.001329
-0.001153
-0.001202
-0.001265
-0.001324
-0.001377
-0.001483
-0.001558
-0.001513
-0.001390
-0.001471
-0.001222
-0.001079
-0.001089
-0.001257
-0.001412
-0.001613
-0.001627
-0.001669
-0.001594
-0.001438
-0.001805
-0.001649
-0.001700
-0.001605
-0.001243
-0.001152
-0.001242
-0.001394
-0.001268
-0.001435
-0.000994
-0.001031
-0.000903
-0.000860
-0.000900
-0.000908
-0.000899
-0.000835
-0.000869
-0.000686
-0.000831
-0.001242
-0.001416
-0.001267
-0.001244
-0.001426
-0.000634
-0.000440
-0.000477
-0.000897
-0.000952
-0.003217
-0.005497
-0.003031
-0.009805
-0.003784
-0.004172
0.001570
0.003997
0.002850
0.010171
0.005899
0.010120
0.000991
-0.011431
-0.016487
0.000213
0.001054
-0.001406
-0.001726
-0.001167
-0.001069
-0.001744
-0.001344
-0.001250
-0.001263
-0.001417
-0.001442
-0.001541
-0.001492
-0.001577
-0.001416
-0.001232
-0.001192
-0.001230
-0.001289
-0.001595
-0.001509
-0.001649
-0.001583
-0.001471
-0.001445
-0.001642
-0.001912
-0.001793
-0.001649
-0.001616
-0.000873
-0.001010
-0.000907
-0.001364
-0.001209
-0.001022
-0.000996
-0.000957
-0.000891
-0.000859
-0.000877
-0.000829
-0.000753
-0.000904
-0.000995
-0.001011
-0.001035
-0.000871
-0.001078
-0.001300
-0.001137
-0.001009
-0.000577
-0.000856
-0.001231
-0.000984
-0.000809
-0.002437
-0.008947
-0.010173
-0.009612
-0.007759
-0.006666
-0.009171
-0.008732
-0.006373
-0.000312
0.003230
0.004867
-0.000820
-0.003942
-0.007418
-0.002487
0.003488
0.000385
-0.001835
-0.001822
-0.001310
-0.002449
-0.001469
-0.000836
-0.001349
-0.001475
-0.001380
-0.001526
-0.001521
-0.001450
-0.001391
-0.001386
-0.001360
-0.001281
-0.001447
-0.001305
-0.001545
-0.001564
-0.001558
-0.001458
-0.001499
-0.001632
-0.001697
-0.001696
-0.001412
-0.001534
-0.000446
-0.000668
-0.001369
-0.001405
-0.001164
-0.001183
-0.000893
-0.000954
-0.000814
-0.000808
-0.000862
-0.000884
-0.000867
-0.000914
-0.000936
-0.000884
-0.001018
-0.001056
-0.001269
-0.001387
-0.000617
-0.000636
-0.000191
-0.000589
-0.001084
-0.001289
0.001108
-0.001169
-0.012812
-0.017053
-0.016485
-0.016875
-0.013075
-0.007495
-0.007260
-0.001992
0.002000
0.000130
0.003133
-0.000982
-0.003734
-0.005284
-0.002489
0.003232
-0.002341
0.002370
0.002028
-0.001561
-0.002111
0.001888
0.005367
0.001363
-0.001320
-0.001410
-0.001434
-0.001251
-0.001216
-0.001316
-0.001342
-0.001514
-0.001470
-0.001431
-0.001510
-0.001509
-0.001533
-0.001370
-0.001603
-0.001728
-0.001888
-0.001423
-0.001403
-0.001590
-0.001833
-0.001235
-0.000663
-0.001285
-0.001390
-0.001192
-0.001062
-0.000833
-0.000864
-0.000883
-0.000922
-0.000859
-0.000954
-0.000931
-0.001004
-0.000999
-0.001005
-0.001039
-0.000783
-0.000498
-0.000345
-0.000308
-0.000584
0.000284
-0.000371
-0.000756
-0.000743
0.000776
-0.002183
-0.014242
-0.021525
-0.020348
-0.018386
-0.015565
-0.006244
-0.002083
-0.001542
-0.000871
0.000076
0.002377
0.003836
-0.000506
0.001057
-0.004793
-0.004730
-0.001405
0.011555
-0.000425
-0.001346
0.004503
0.004590
0.009112
0.012748
-0.000024
-0.001410
-0.001184
-0.001259
-0.001303
-0.001408
-0.001372
-0.001324
-0.001479
-0.001544
-0.001600
-0.001546
-0.001463
-0.001678
-0.001675
-0.001759
-0.001601
-0.001523
-0.001558
-0.001744
-0.001529
-0.000921
-0.000810
-0.001395
-0.001364
-0.001281
-0.001033
-0.000979
-0.000995
-0.000992
-0.000970
-0.001044
-0.000991
-0.001080
-0.001073
-0.001124
-0.001124
-0.000980
-0.000216
-0.000126
-0.000093
-0.000282
-0.000174
0.000904
0.001632
0.000360
-0.003193
-0.000120
-0.002085
-0.017182
-0.020608
-0.018617
-0.021791
-0.015761
-0.006856
-0.004570
-0.005134
-0.005521
-0.002225
0.000294
0.001788
0.002194
0.002406
-0.000070
0.000204
0.004297
0.003681
0.001185
0.005043
0.010487
0.003982
-0.004142
-0.006844
-0.007921
0.000381
-0.000474
-0.001209
-0.001205
-0.001426
-0.001340
-0.001621
-0.001678
-0.001542
-0.001673
-0.001532
-0.001482
-0.001528
-0.001610
-0.001639
-0.001616
-0.001565
-0.001462
-0.001591
-0.001468
-0.001105
-0.001014
-0.001036
-0.001402
-0.001281
-0.001104
-0.001203
-0.001148
-0.000979
-0.000995
-0.001084
-0.000986
-0.001025
-0.001146
-0.001109
-0.001062
-0.000376
-0.000240
-0.000272
-0.000317
-0.000523
-0.000545
0.000483
0.001158
-0.000474
-0.003451
-0.000254
-0.006646
-0.021069
-0.025019
-0.025190
-0.026110
-0.018076
-0.011412
-0.009168
-0.009026
-0.007022
-0.002257
-0.000437
0.001088
0.001557
0.001607
0.002403
0.002256
0.002220
-0.001337
0.003862
0.003790
0.007525
-0.003287
-0.011594
-0.015711
-0.012866
-0.010112
-0.007627
-0.001206
-0.001195
-0.001347
-0.001502
-0.001559
-0.001511
-0.001348
-0.001640
-0.001668
-0.001591
-0.001589
-0.001580
-0.001630
-0.001505
-0.001469
-0.001587
-0.001628
-0.001551
-0.001165
-0.001200
-0.001003
-0.001210
-0.000997
-0.001245
-0.001499
-0.001200
-0.001025
-0.001103
-0.001056
-0.000960
-0.001026
-0.001075
-0.000593
-0.000408
-0.000201
-0.000321
-0.000482
-0.000591
-0.000710
-0.000882
-0.000098
0.001402
-0.000940
-0.001119
-0.005452
-0.015410
-0.023344
-0.023581
-0.027633
-0.030703
-0.021944
-0.015135
-0.011454
-0.009204
-0.008103
-0.003861
-0.000938
0.000833
0.001455
0.001578
0.001681
0.002022
0.002772
0.003996
-0.000976
-0.002188
-0.004062
-0.009954
-0.019003
-0.024758
-0.017071
-0.014307
-0.013514
-0.016730
-0.000039
-0.000480
-0.001449
-0.001363
-0.001463
-0.001536
-0.001682
-0.001459
-0.001411
-0.001641
-0.001651
-0.001647
-0.001517
-0.001317
-0.001398
-0.001578
-0.001577
-0.001225
-0.001135
-0.001422
-0.001508
-0.001375
-0.001576
-0.001162
-0.000891
-0.001078
-0.001123
-0.001134
-0.000886
-0.000187
-0.000104
-0.000073
-0.000133
-0.000260
-0.000327
-0.000547
-0.000625
-0.000659
-0.000755
0.000046
0.000455
0.000508
-0.001413
-0.001664
-0.013419
-0.020043
-0.022922
-0.030621
-0.029224
-0.017555
-0.011508
-0.010691
-0.009398
-0.008262
-0.004316
-0.000617
0.000928
0.001295
0.001176
0.001886
0.002756
0.003440
0.003085
0.003589
0.000218
-0.005503
-0.010286
-0.022176
-0.019493
-0.009595
-0.011140
-0.010213
-0.010275
-0.005992
-0.007939
0.000304
0.000244
0.000077
-0.001806
-0.001520
-0.001443
-0.001433
-0.001658
-0.001673
-0.001588
-0.001301
-0.001328
-0.001458
-0.001361
-0.001406
-0.001068
-0.001049
-0.001341
-0.001539
-0.001472
-0.001522
-0.001203
-0.001085
-0.001017
-0.000877
-0.000363
-0.000743
-0.000378
-0.000266
-0.000139
-0.000073
-0.000365
-0.000431
-0.000615
-0.000528
-0.000576
-0.000774
-0.000711
-0.001048
-0.000821
-0.001071
-0.000365
-0.001238
-0.001231
-0.023432
-0.026524
-0.020748
-0.012287
-0.016761
-0.013615
-0.011544
-0.010369
-0.006186
-0.001389
0.000724
0.000976
0.000767
0.002398
0.003547
0.002307
0.002472
0.003976
0.006946
0.000284
-0.009373
-0.016125
-0.007133
-0.000946
0.006469
-0.000403
-0.005586
-0.012024
-0.014645
-0.000254
-0.000176
-0.001795
0.000298
0.000058
-0.001366
-0.001415
-0.001525
-0.001505
-0.001427
-0.001245
-0.001251
-0.001473
-0.001308
-0.001354
-0.001074
-0.001011
-0.001250
-0.001400
-0.001556
-0.001352
-0.001234
-0.001091
-0.001102
-0.001131
-0.001254
-0.000685
-0.000393
-0.000597
-0.000152
-0.000041
-0.000567
-0.000868
-0.001007
-0.000513
-0.001076
-0.001444
-0.001437
-0.001243
-0.001253
-0.001227
-0.001315
-0.001382
-0.001330
-0.002338
-0.000048
-0.010650
-0.013050
-0.022808
-0.020620
-0.016890
-0.015621
-0.010076
-0.004858
-0.000537
0.001322
0.002812
0.000854
0.001344
0.001130
0.001954
0.005770
0.006400
0.001451
-0.002135
-0.006554
0.000193
-0.000287
0.002680
0.000650
0.010951
-0.008203
-0.001695
0.000462
-0.001612
-0.001952
-0.002066
-0.001968
0.000138
-0.000542
-0.000751
-0.001207
-0.001339
-0.001210
-0.001250
-0.001475
-0.001503
-0.001482
-0.001201
-0.000986
-0.001153
-0.001253
-0.001238
-0.001382
-0.001340
-0.001046
-0.000994
-0.001299
-0.001361
-0.001235
-0.001356
-0.001032
-0.001405
-0.000833
-0.001169
-0.001276
-0.001513
-0.001512
-0.001515
-0.001553
-0.001601
-0.001340
-0.001577
-0.001346
-0.001481
-0.001401
-0.001347
-0.001336
-0.001334
-0.001652
-0.000982
-0.000835
-0.000099
0.000070
0.000327
-0.007873
-0.004402
-0.001514
0.001921
0.016645
0.015985
0.007158
-0.004962
0.001453
0.002767
-0.000206
-0.002727
-0.001399
-0.004264
-0.001831
0.000032
0.000097
-0.000172
-0.000061
0.001320
0.000216
-0.001298
-0.001487
-0.001818
-0.001840
-0.001775
-0.001878
-0.001696
-0.001475
-0.001416
-0.001225
-0.001201
-0.001319
-0.001514
-0.001358
-0.001325
-0.001347
-0.001286
-0.001151
-0.001304
-0.001318
-0.001294
-0.001117
-0.001180
-0.001284
-0.001196
-0.000863
-0.001352
-0.001387
-0.001283
-0.001479
-0.001426
-0.001280
-0.001363
-0.001111
-0.001493
-0.001394
-0.001518
-0.001663
-0.001338
-0.001352
-0.001365
-0.001478
-0.001445
-0.001470
-0.001474
-0.001446
-0.001464
-0.001587
-0.001554
-0.001554
-0.001554
-0.001467
0.000107
-0.000192
-0.000114
0.000125
0.003850
0.004866
0.001602
-0.001296
-0.002751
-0.003298
-0.005140
-0.004855
-0.005436
-0.010647
-0.004274
-0.001180
-0.001432
-0.001304
-0.000828
-0.000989
-0.001232
-0.001424
-0.001608
-0.001507
-0.001439
-0.001582
-0.001652
-0.001569
-0.001495
-0.001456
-0.001291
-0.001386
-0.001455
-0.001494
-0.001453
-0.001058
-0.001383
-0.001332
-0.001300
-0.001318
-0.001294
-0.001146
-0.001353
-0.001556
-0.001707
-0.001628
-0.001008
-0.001186
-0.001459
-0.001398
-0.001417
-0.001409
-0.001361
-0.001356
-0.001437
-0.001430
-0.001504
-0.001515
-0.001570
-0.001469
-0.001545
-0.001514
-0.001596
-0.001471
-0.001395
-0.001430
-0.001432
-0.001469
-0.001584
-0.001660
-0.001636
-0.001614
-0.001616
-0.001646
-0.001894
-0.001775
-0.001783
-0.001850
-0.001976
-0.001848
0.000089
-0.004428
-0.004175
-0.003443
-0.005894
-0.013056
-0.016747
-0.001069
-0.001641
-0.001777
-0.001453
-0.001556
-0.001579
-0.001577
-0.001424
-0.001668
-0.001509
-0.001512
-0.001576
-0.001636
-0.001607
-0.001734
-0.001659
-0.001269
-0.001321
-0.001554
-0.001775
-0.001542
-0.000737
-0.001434
-0.001440
-0.001282
-0.001283
-0.001353
-0.001369
-0.001582
-0.001646
-0.001603
-0.001571
-0.001389
-0.001185
-0.000733
-0.001437
-0.001336
-0.001223
-0.001286
-0.001150
-0.001408
-0.001518
-0.001554
-0.001535
-0.001565
-0.001703
-0.001818
-0.001768
-0.001755
-0.001462
-0.001478
-0.001556
-0.001546
-0.001422
-0.001436
-0.001584
-0.001646
-0.001723
-0.001759
-0.001749
-0.001805
-0.001813
-0.001891
-0.001851
-0.001766
-0.001922
-0.001723
-0.000081
-0.005976
-0.008599
-0.011037
-0.022467
-0.018224
-0.004994
-0.001300
-0.001627
-0.001744
-0.001848
-0.001742
-0.001480
-0.001259
-0.001376
-0.001374
-0.001813
-0.001968
-0.001707
-0.001839
-0.001671
-0.001557
-0.001599
-0.001680
-0.001795
-0.001730
-0.001570
-0.001092
-0.001519
-0.001584
-0.001492
-0.001359
-0.001508
-0.001553
-0.001590
-0.001600
-0.001571
-0.001597
-0.001649
-0.001608
-0.001180
-0.001469
-0.001227
-0.001370
-0.001574
-0.001549
-0.001439
-0.001380
-0.001229
-0.001467
-0.001693
-0.001653
-0.001829
-0.001771
-0.001546
-0.001679
-0.001534
-0.001592
-0.001551
-0.001603
-0.001630
-0.001814
-0.001859
-0.001884
-0.001821
-0.001856
-0.001768
-0.001805
-0.001681
-0.001727
-0.001954
-0.002112
-0.002023
-0.001872
-0.002186
-0.013438
-0.015509
-0.018155
-0.008209
-0.001983
-0.003146
-0.002402
-0.001659
-0.001781
-0.001501
-0.001529
-0.001308
-0.001520
-0.001792
-0.001884
-0.002059
-0.001977
-0.001812
-0.001670
-0.001716
-0.001647
-0.001650
-0.001277
-0.001451
-0.001527
-0.001244
-0.001593
-0.001514
-0.001251
-0.001309
-0.001638
-0.001568
-0.001477
-0.001501
-0.001519
-0.001542
-0.001466
-0.001593
-0.001224
-0.000883
-0.001278
-0.001246
-0.001643
-0.001899
-0.001645
-0.001570
-0.001644
-0.001666
-0.001667
-0.001764
-0.002228
-0.001852
-0.001778
-0.001739
-0.001847
-0.001704
-0.001635
-0.001784
-0.001831
-0.001865
-0.002056
-0.002005
-0.001939
-0.001889
-0.001964
-0.002110
-0.001853
-0.001994
-0.002168
-0.002322
-0.002293
-0.002115
-0.002231
-0.005718
-0.015437
-0.012357
-0.002921
-0.002158
-0.003611
-0.002694
-0.002573
-0.002175
-0.001629
-0.001550
-0.001446
-0.001517
-0.001713
-0.001789
-0.001872
-0.001861
-0.001744
-0.001665
-0.001672
-0.001918
-0.001584
-0.001507
-0.001547
-0.001537
-0.001266
-0.001586
-0.001585
-0.001318
-0.001430
-0.001531
-0.001614
-0.001312
-0.001491
-0.001443
-0.001404
-0.001555
-0.001447
-0.001410
-0.000809
-0.001164
-0.001085
-0.001289
-0.001642
-0.001780
-0.001560
-0.001634
-0.001626
-0.001711
-0.002031
-0.002261
-0.002082
-0.002296
-0.002302
-0.002125
-0.002173
-0.001989
-0.002079
-0.001950
-0.002062
-0.002225
-0.002018
-0.002200
-0.002047
-0.001765
-0.001692
-0.001755
-0.001759
-0.001964
-0.002325
-0.002367
-0.002478
-0.002519
-0.002650
-0.004017
-0.003298
-0.002246
-0.003339
-0.002420
-0.002492
-0.002405
-0.002158
-0.001575
-0.001525
-0.001423
-0.001584
-0.001685
-0.001768
-0.001673
-0.001865
-0.001883
-0.001863
-0.001781
-0.001725
-0.001773
-0.001666
-0.001701
-0.001469
-0.001345
-0.001548
-0.001517
-0.001580
-0.001609
-0.001459
-0.001440
-0.001297
-0.001470
-0.001484
-0.001482
-0.001431
-0.001432
-0.001404
-0.001277
-0.001153
-0.001225
-0.001178
-0.001524
-0.001465
-0.001431
-0.001397
-0.001659
-0.001789
-0.002122
-0.002079
-0.002038
-0.002230
-0.002204
-0.002374
-0.002231
-0.002220
-0.002209
-0.002160
-0.002322
-0.002282
-0.002104
-0.002174
-0.002215
-0.002044
-0.001978
-0.001980
-0.001897
-0.002010
-0.002227
-0.002151
-0.002290
-0.002277
-0.002235
-0.002297
-0.002208
-0.002165
-0.002137
-0.002377
-0.002155
-0.001983
-0.001725
-0.001882
-0.001757
-0.001573
-0.001607
-0.001606
-0.001595
-0.001744
-0.001865
-0.001895
-0.001602
-0.001694
-0.001672
-0.001807
-0.001631
-0.001587
-0.001418
-0.001333
-0.001497
-0.001547
-0.001551
-0.001462
-0.001504
-0.001580
-0.001414
-0.001397
-0.001507
-0.001509
-0.001410
-0.001499
-0.001182
-0.001258
-0.001437
-0.001289
-0.001257
-0.001416
-0.001614
-0.001433
-0.001351
-0.001620
-0.001992
-0.001858
-0.002138
-0.001590
-0.001998
-0.002240
-0.002313
-0.002255
-0.002001
-0.002020
-0.002157
-0.002324
-0.002044
-0.002180
-0.002219
-0.002369
-0.001968
-0.001990
-0.002191
-0.001913
-0.002074
-0.002101
-0.002181
-0.002081
-0.002161
-0.002169
-0.002269
-0.002246
-0.002205
-0.002288
-0.002278
-0.002169
-0.002021
-0.001926
-0.001644
-0.001631
-0.001672
-0.001690
-0.001698
-0.001559
-0.001620
-0.001694
-0.001886
-0.001871
-0.001740
-0.001590
-0.001579
-0.001560
-0.001395
-0.001272
-0.001230
0.000163
-0.001336
-0.001383
-0.001445
-0.001479
-0.001513
-0.001453
-0.001401
-0.001309
-0.001365
-0.001347
-0.001354
-0.000968
-0.001184
-0.001150
-0.001115
-0.001213
-0.001308
-0.001319
-0.001282
-0.001196
-0.001442
-0.001679
-0.001754
-0.002081
-0.002116
-0.002091
-0.002207
-0.001966
-0.001972
-0.002015
-0.002109
-0.001983
-0.001869
-0.002280
-0.002502
-0.002434
-0.002168
-0.001896
-0.001715
-0.001888
-0.001971
-0.002073
-0.001793
-0.001909
-0.002091
-0.002118
-0.002272
-0.002004
-0.002000
-0.002197
-0.002199
-0.001760
-0.001942
-0.002184
-0.001828
-0.001510
-0.001514
-0.001752
-0.001705
-0.001782
-0.001555
-0.001840
-0.001730
-0.001704
-0.001863
-0.001462
-0.001409
-0.001422
-0.001437
-0.001452
-0.001437
-0.001290
