0.000045
0.000092
0.000024
0.000632
0.000078
-0.000112
-0.000249
0.000438
-0.000547
-0.000520
-0.000520
-0.000603
-0.001292
-0.001516
-0.001343
-0.001339
-0.001425
-0.001543
-0.001456
-0.001574
-0.001654
-0.001236
-0.001402
-0.001460
-0.001372
-0.001326
-0.001319
-0.001287
-0.001230
-0.001171
-0.001121
-0.001179
-0.001083
-0.001080
-0.000994
-0.000946
-0.000985
-0.000937
-0.000976
-0.000908
-0.000889
-0.001016
-0.001098
-0.001135
-0.001397
-0.001264
-0.000932
-0.001165
-0.001412
-0.001285
-0.001133
-0.001010
-0.001115
-0.001204
-0.001243
-0.001146
-0.001073
-0.001146
-0.000887
-0.001132
-0.001072
-0.000912
-0.000598
-0.000547
-0.000784
-0.000969
-0.001158
-0.000891
-0.000891
-0.000937
0.000061
-0.000831
0.000195
-0.001410
-0.001224
-0.001446
-0.001202
-0.001012
-0.001488
-0.001453
-0.001327
-0.001195
-0.001483
-0.001512
-0.001537
-0.001557
-0.001539
-0.001403
-0.001279
-0.001298
-0.001341
-0.001354
-0.001435
-0.001570
-0.001265
-0.001405
-0.001417
-0.001315
-0.001288
-0.001386
-0.001383
-0.001406
-0.001349
-0.001226
-0.001015
-0.001161
-0.001151
-0.001090
-0.001058
-0.001093
-0.001159
-0.001255
-0.001423
-0.001131
-0.001263
-0.001294
-0.001156
-0.001180
-0.001212
-0.001286
-0.001023
-0.001386
-0.001363
-0.001130
-0.001172
-0.001079
-0.001175
-0.001259
-0.001178
-0.001018
-0.001002
-0.000930
-0.001174
-0.001119
-0.001044
-0.000997
-0.000946
-0.000988
-0.000948
-0.000791
-0.000887
-0.000947
-0.000965
-0.000960
-0.000984
-0.000828
-0.001644
-0.001439
-0.001656
-0.001421
-0.001193
-0.001220
-0.001308
-0.001098
-0.001114
-0.001458
-0.001431
-0.001357
-0.001179
-0.001246
-0.001290
-0.001158
-0.001005
-0.001085
-0.001310
-0.001377
-0.001671
-0.001536
-0.001566
-0.001426
-0.001100
-0.001251
-0.001349
-0.001410
-0.001397
-0.001369
-0.001306
-0.001293
-0.001195
-0.001119
-0.001072
-0.001099
-0.001058
-0.001133
-0.001248
-0.001358
-0.001295
-0.001250
-0.001246
-0.001131
-0.001157
-0.001122
-0.001151
-0.001066
-0.001276
-0.001198
-0.001167
-0.001243
-0.001175
-0.001266
-0.001127
-0.001082
-0.001003
-0.001001
-0.001165
-0.001104
-0.000983
-0.001001
-0.000920
-0.000825
-0.000928
-0.000984
-0.000983
-0.001021
-0.000949
-0.001052
-0.001019
-0.000974
-0.000941
-0.001729
-0.001530
-0.001545
-0.001372
-0.001520
-0.001332
-0.001186
-0.001044
-0.001353
-0.001329
-0.001314
-0.001245
-0.001124
-0.000986
-0.000849
-0.001126
-0.001149
-0.000994
-0.001151
-0.001264
-0.001395
-0.001448
-0.001432
-0.001283
-0.001086
-0.001157
-0.001387
-0.001393
-0.001427
-0.001244
-0.001343
-0.001364
-0.001360
-0.001190
-0.001201
-0.001156
-0.001196
-0.001072
-0.001114
-0.001069
-0.001148
-0.001066
-0.001204
-0.001163
-0.000951
-0.001160
-0.001227
-0.001286
-0.001240
-0.001199
-0.001181
-0.001274
-0.001096
-0.001165
-0.001034
-0.001028
-0.000946
-0.001014
-0.000986
-0.000998
-0.001073
-0.001043
-0.000910
-0.000925
-0.001123
-0.000906
-0.000886
-0.001050
-0.001072
-0.001112
-0.001065
-0.001021
-0.001030
-0.001661
-0.001589
-0.001374
-0.001585
-0.001597
-0.001284
-0.001285
-0.001262
-0.001251
-0.001306
-0.001385
-0.001140
-0.001048
-0.001183
-0.001015
-0.000895
-0.001060
-0.001146
-0.001278
-0.001457
-0.001405
-0.001603
-0.001566
-0.001307
-0.001167
-0.001255
-0.001347
-0.001401
-0.001307
-0.001263
-0.001374
-0.001424
-0.001480
-0.001340
-0.001212
-0.001230
-0.001184
-0.001142
-0.001192
-0.001212
-0.001177
-0.001263
-0.001103
-0.000878
-0.000890
-0.001093
-0.001131
-0.001097
-0.001184
-0.001186
-0.000872
-0.001141
-0.000979
-0.001030
-0.001005
-0.000996
-0.000965
-0.000896
-0.000933
-0.000927
-0.000925
-0.000976
-0.000904
-0.000988
-0.001005
-0.000951
-0.000892
-0.001106
-0.001121
-0.001149
-0.001231
-0.001086
-0.002169
-0.001550
-0.001421
-0.001451
-0.001430
-0.001451
-0.001454
-0.001400
-0.001169
-0.001189
-0.001429
-0.001370
-0.001311
-0.001373
-0.001163
-0.000909
-0.001106
-0.001158
-0.001266
-0.001247
-0.001503
-0.001644
-0.001594
-0.001485
-0.001458
-0.001427
-0.001347
-0.001403
-0.001453
-0.001433
-0.001387
-0.001419
-0.001491
-0.001445
-0.001272
-0.001117
-0.001028
-0.001096
-0.001043
-0.001095
-0.001175
-0.001222
-0.001251
-0.001122
-0.001052
-0.001093
-0.001044
-0.001134
-0.000915
-0.001004
-0.001234
-0.001038
-0.000719
-0.000866
-0.000874
-0.000959
-0.000901
-0.000905
-0.000904
-0.000951
-0.000968
-0.000909
-0.000901
-0.000894
-0.000841
-0.000918
-0.000977
-0.001171
-0.001157
-0.001177
-0.001060
-0.001260
-0.001116
-0.001114
-0.001466
-0.001333
-0.001465
-0.001583
-0.001635
-0.001409
-0.001429
-0.001297
-0.001388
-0.001347
-0.001413
-0.001294
-0.001436
-0.001564
-0.001525
-0.001376
-0.001367
-0.001429
-0.001462
-0.001398
-0.001612
-0.001510
-0.001635
-0.001618
-0.001497
-0.001293
-0.001313
-0.001358
-0.001370
-0.001360
-0.001347
-0.001526
-0.001462
-0.001300
-0.001122
-0.001112
-0.001110
-0.001122
-0.001117
-0.001229
-0.001298
-0.001227
-0.001118
-0.001057
-0.000967
-0.000997
-0.001056
-0.000953
-0.000949
-0.001082
-0.001058
-0.000855
-0.000815
-0.000875
-0.000894
-0.000945
-0.000906
-0.000898
-0.000887
-0.000913
-0.000904
-0.000949
-0.000919
-0.000908
-0.000915
-0.000976
-0.001061
-0.001090
-0.001197
-0.001015
-0.001185
-0.001081
-0.000970
-0.001521
-0.001416
-0.001453
-0.001562
-0.001475
-0.001527
-0.001482
-0.001369
-0.001456
-0.001290
-0.001200
-0.001268
-0.001359
-0.001306
-0.001569
-0.001474
-0.001329
-0.001335
-0.001364
-0.001413
-0.001489
-0.001637
-0.001550
-0.001447
-0.001451
-0.001219
-0.001276
-0.001352
-0.001372
-0.001427
-0.001402
-0.001396
-0.001392
-0.001343
-0.001139
-0.001135
-0.001201
-0.001186
-0.001198
-0.001199
-0.001179
-0.001133
-0.001081
-0.001062
-0.000938
-0.000911
-0.000987
-0.000942
-0.000765
-0.001105
-0.001115
-0.000932
-0.000878
-0.000852
-0.000861
-0.000839
-0.000850
-0.000907
-0.000961
-0.000921
-0.000924
-0.001056
-0.001114
-0.001139
-0.001020
-0.001095
-0.001044
-0.001149
-0.001122
-0.001255
-0.001117
-0.001077
-0.000915
-0.001458
-0.001518
-0.001468
-0.001525
-0.001556
-0.001448
-0.001621
-0.001545
-0.001406
-0.001408
-0.001320
-0.001183
-0.001272
-0.001255
-0.001526
-0.001445
-0.001392
-0.001366
-0.001389
-0.001390
-0.001395
-0.001521
-0.001615
-0.001509
-0.001567
-0.001423
-0.001389
-0.001456
-0.001379
-0.001399
-0.001470
-0.001299
-0.001311
-0.001387
-0.001198
-0.001097
-0.001230
-0.001240
-0.001158
-0.001173
-0.001188
-0.001163
-0.001178
-0.001125
-0.001040
-0.001117
-0.001016
-0.001128
-0.000836
-0.000972
-0.000991
-0.000878
-0.000811
-0.000861
-0.000812
-0.000811
-0.000868
-0.000890
-0.000945
-0.000971
-0.001020
-0.000878
-0.001080
-0.001076
-0.001009
-0.001039
-0.001133
-0.001162
-0.001146
-0.001133
-0.000915
-0.001085
0.001326
-0.001460
-0.001445
-0.001494
-0.001513
-0.001541
-0.001177
-0.001361
-0.001557
-0.001401
-0.001255
-0.001240
-0.001132
-0.001346
-0.001362
-0.001477
-0.001458
-0.001510
-0.001443
-0.001346
-0.001375
-0.001045
-0.001193
-0.001524
-0.001620
-0.001574
-0.001538
-0.001487
-0.001488
-0.001390
-0.001345
-0.001211
-0.001246
-0.001324
-0.001366
-0.001244
-0.001160
-0.001104
-0.001084
-0.001136
-0.001150
-0.001257
-0.001224
-0.001107
-0.001068
-0.001063
-0.000619
-0.000679
-0.001162
-0.000964
-0.000897
-0.000899
-0.000850
-0.000825
-0.000875
-0.000877
-0.000715
-0.000757
-0.000959
-0.000951
-0.000957
-0.000964
-0.000792
-0.001005
-0.001033
-0.001127
-0.001106
-0.001042
-0.001161
-0.001173
-0.001150
-0.001129
-0.001168
-0.001158
-0.001545
-0.001422
-0.001409
-0.001479
-0.001665
-0.001683
-0.001412
-0.001265
-0.001491
-0.001279
-0.000967
-0.000871
-0.001190
-0.001149
-0.001372
-0.001556
-0.001509
-0.001418
-0.001435
-0.001502
-0.001134
-0.001182
-0.001359
-0.001327
-0.001282
-0.001326
-0.001277
-0.001286
-0.001292
-0.001271
-0.001243
-0.001187
-0.001292
-0.001434
-0.001270
-0.001196
-0.001132
-0.001086
-0.001114
-0.001175
-0.001169
-0.001105
-0.001000
-0.001078
-0.001189
-0.000603
-0.001132
-0.001437
-0.001017
-0.001032
-0.000922
-0.000857
-0.000919
-0.000775
-0.000790
-0.000798
-0.000823
-0.000903
-0.000940
-0.000934
-0.000965
-0.001008
-0.001047
-0.001131
-0.001169
-0.001110
-0.001124
-0.001254
-0.001312
-0.001041
-0.001014
-0.001178
-0.001143
-0.001584
-0.001540
-0.001494
-0.001624
-0.001557
-0.001535
-0.001583
-0.001497
-0.001501
-0.001132
-0.000854
-0.000869
-0.001198
-0.001168
-0.001300
-0.001323
-0.001362
-0.001531
-0.001436
-0.001406
-0.001079
-0.001286
-0.001285
-0.001166
-0.001320
-0.001171
-0.001138
-0.001136
-0.001130
-0.001291
-0.001317
-0.001178
-0.001204
-0.001298
-0.001223
-0.001158
-0.001048
-0.001071
-0.001075
-0.001161
-0.001159
-0.001045
-0.000806
-0.000927
-0.000872
-0.000920
-0.001653
-0.001860
-0.001028
-0.000930
-0.000925
-0.000892
-0.001014
-0.001023
-0.001009
-0.000879
-0.000904
-0.000931
-0.000927
-0.000890
-0.000943
-0.000773
-0.000851
-0.000923
-0.001122
-0.001025
-0.001059
-0.001183
-0.001077
-0.001088
-0.001141
-0.001204
-0.001151
-0.001608
-0.001516
-0.001565
-0.001611
-0.001543
-0.001579
-0.001478
-0.001402
-0.001408
-0.001244
-0.001286
-0.001130
-0.001193
-0.001259
-0.001368
-0.001344
-0.001386
-0.001403
-0.001342
-0.001259
-0.001146
-0.001334
-0.001387
-0.001248
-0.001253
-0.001082
-0.001202
-0.001174
-0.001209
-0.001280
-0.001310
-0.001312
-0.001271
-0.001226
-0.001278
-0.001168
-0.001077
-0.001109
-0.001073
-0.001089
-0.000967
-0.000998
-0.001004
-0.001010
-0.001059
-0.000930
-0.001882
-0.001510
-0.001087
-0.001001
-0.000894
-0.000902
-0.000908
-0.001056
-0.001026
-0.001018
-0.000982
-0.000976
-0.000852
-0.000836
-0.000957
-0.000880
-0.000883
-0.000952
-0.000995
-0.001034
-0.001069
-0.001053
-0.001175
-0.001207
-0.001263
-0.001283
0.000725
-0.001494
-0.001470
-0.001555
-0.001577
-0.001393
-0.001222
-0.001256
-0.001366
-0.001330
-0.001544
-0.001410
-0.001020
-0.001125
-0.001139
-0.001370
-0.001354
-0.001377
-0.001446
-0.001325
-0.000976
-0.001239
-0.001349
-0.001234
-0.001185
-0.001337
-0.001222
-0.001163
-0.001247
-0.001326
-0.001275
-0.001257
-0.001356
-0.001325
-0.001288
-0.001305
-0.001196
-0.001027
-0.001056
-0.001003
-0.000905
-0.000844
-0.000865
-0.000899
-0.001019
-0.001006
-0.000928
-0.002415
-0.001100
-0.000935
-0.000964
-0.000877
-0.000826
-0.000898
-0.000903
-0.000929
-0.000982
-0.000940
-0.000897
-0.000839
-0.000929
-0.000985
-0.000989
-0.000901
-0.001070
-0.001078
-0.001039
-0.001111
-0.001087
-0.001223
-0.001188
-0.001175
-0.001114
-0.000928
-0.001393
-0.001477
-0.001468
-0.001581
-0.001480
-0.001379
-0.001254
-0.001195
-0.001352
-0.001519
-0.001663
-0.001290
-0.001289
-0.001237
-0.001225
-0.001353
-0.001401
-0.001557
-0.001412
-0.001306
-0.001378
-0.001399
0.000292
0.001914
-0.000947
-0.002187
-0.001810
-0.001478
-0.001413
-0.001301
-0.001153
-0.001178
-0.001278
-0.001239
-0.001385
-0.001172
-0.001113
-0.001097
-0.000912
-0.000911
-0.000772
-0.000711
-0.000737
-0.000868
-0.000957
-0.001170
-0.001043
-0.000994
-0.000948
-0.000873
-0.000805
-0.000780
-0.000922
-0.000915
-0.000901
-0.001021
-0.000988
-0.000929
-0.000919
-0.001036
-0.001058
-0.001082
-0.001168
-0.001193
-0.001168
-0.001002
-0.001083
-0.001129
-0.001184
-0.001132
-0.001085
-0.001124
-0.000983
-0.001472
-0.001442
-0.001405
-0.001592
-0.001473
-0.001281
-0.001139
-0.001029
-0.001334
-0.001505
-0.001574
-0.001563
-0.001459
-0.001341
-0.001145
-0.001271
-0.001251
-0.001157
-0.001169
-0.001291
-0.001378
-0.000497
0.003664
0.012407
0.005726
0.006339
-0.002632
-0.005547
-0.006096
-0.004093
-0.001284
-0.001117
-0.001137
-0.001273
-0.001196
-0.001185
-0.001094
-0.000987
-0.001014
-0.000926
-0.000628
-0.000471
-0.000559
-0.000740
-0.000767
-0.000773
-0.000841
-0.000947
-0.001002
-0.000989
-0.000912
-0.000844
-0.000895
-0.000953
-0.000864
-0.000984
-0.000976
-0.000960
-0.000989
-0.001064
-0.001229
-0.001336
-0.001306
-0.001297
-0.001232
-0.001041
-0.001030
-0.001220
-0.001339
-0.001329
-0.001394
-0.001299
-0.001165
-0.001357
-0.001389
-0.001385
-0.001294
-0.001423
-0.001107
-0.001105
-0.001168
-0.001363
-0.001297
-0.001281
-0.001388
-0.001279
-0.001224
-0.001121
-0.001057
-0.000493
-0.000134
-0.000127
-0.000271
0.000331
-0.000521
0.000614
0.006928
0.004226
0.001253
0.008750
0.007789
0.002072
-0.001507
-0.001300
-0.001082
-0.001013
-0.001187
-0.001221
-0.000929
-0.001083
-0.000897
-0.000881
-0.000700
-0.000490
-0.000122
-0.000343
-0.000522
-0.000672
-0.000735
-0.000957
-0.001006
-0.001032
-0.000999
-0.000896
-0.000868
-0.000898
-0.000755
-0.000881
-0.000964
-0.001007
-0.000972
-0.001042
-0.001231
-0.001221
-0.001265
-0.001349
-0.001299
-0.001175
-0.001037
-0.001160
-0.001307
-0.001368
-0.001457
-0.001320
-0.001337
-0.001100
-0.001406
-0.001291
-0.001458
-0.001364
-0.001405
-0.001269
-0.001087
-0.001225
-0.001092
-0.001096
-0.001196
-0.001299
-0.001525
-0.001259
-0.000367
0.000016
-0.000925
0.000410
0.001200
0.001901
0.004559
0.004739
0.004815
0.004620
0.004811
0.004524
0.003647
0.002627
0.000433
-0.000234
-0.000922
-0.001107
-0.001028
-0.000873
0.000346
0.000179
-0.000261
-0.000882
-0.000833
-0.000755
-0.000587
-0.000448
-0.000511
-0.000650
-0.000774
-0.000870
-0.000972
-0.001046
-0.001060
-0.000907
-0.000887
-0.000874
-0.000934
-0.000972
-0.000960
-0.001025
-0.001068
-0.001162
-0.001325
-0.001214
-0.001256
-0.001022
-0.001251
-0.001133
-0.001341
-0.001255
-0.001213
-0.001135
-0.001237
-0.001321
-0.001421
-0.001354
-0.001216
-0.001302
-0.001454
-0.001617
-0.001278
-0.001365
-0.001439
-0.001152
-0.001165
-0.001182
-0.001108
-0.001088
-0.001384
-0.001287
0.000116
-0.000942
0.000721
0.000660
0.003504
0.003432
0.003871
0.003886
0.003457
0.003416
0.004324
0.007040
0.004823
0.005842
0.000460
0.001917
0.002709
0.002611
0.002615
0.002768
0.002344
0.000465
-0.001813
-0.001605
-0.000785
-0.000812
-0.000754
-0.000719
-0.000746
-0.000758
-0.000853
-0.000934
-0.001013
-0.000959
-0.000981
-0.001037
-0.000984
-0.001030
-0.001072
-0.001009
-0.001034
-0.001033
-0.001038
-0.001023
-0.001146
-0.001234
-0.001288
-0.001089
-0.001125
-0.001175
-0.001291
-0.001285
-0.001237
-0.001198
-0.001257
-0.001340
-0.001351
-0.001227
-0.001199
-0.001254
-0.001416
-0.001586
-0.001569
-0.001341
-0.001047
-0.001102
-0.000974
-0.001145
-0.001293
-0.001108
-0.000944
-0.001085
-0.000025
-0.001610
0.000365
0.005085
0.002150
0.000260
0.000313
0.002670
0.003446
0.001027
0.002586
0.004660
0.005256
0.001733
-0.000136
0.000125
0.001989
0.003128
0.005421
0.007946
0.002322
0.000064
-0.001247
-0.002054
-0.001109
-0.000166
-0.000876
-0.000920
-0.000877
-0.000938
-0.000903
-0.000980
-0.000872
-0.001066
-0.001056
-0.001049
-0.001086
-0.001107
-0.001219
-0.001184
-0.001117
-0.001091
-0.001075
-0.001094
-0.001147
-0.001153
-0.001163
-0.001150
-0.001022
-0.001205
-0.001157
-0.001162
-0.001303
-0.001345
-0.001283
-0.001404
-0.001441
-0.001305
-0.001004
-0.001170
-0.001245
-0.001242
-0.001489
-0.001433
-0.001394
-0.001128
-0.001087
-0.000822
-0.001053
-0.001105
-0.000873
-0.000838
-0.000308
-0.001214
-0.000977
0.002568
0.001956
-0.000644
-0.000811
-0.000873
-0.000832
-0.000358
0.000033
0.004504
0.003832
0.001017
-0.000261
-0.000904
-0.000738
0.001265
0.002726
0.002889
0.004054
0.001753
-0.000057
-0.004189
-0.005336
-0.002658
-0.000344
-0.000487
-0.000998
-0.000996
-0.000842
-0.000793
-0.000656
-0.001038
-0.001098
-0.001099
-0.000994
-0.001087
-0.001121
-0.000998
-0.001046
-0.001106
-0.001140
-0.001076
-0.001130
-0.001145
-0.001169
-0.001209
-0.001152
-0.001263
-0.001203
-0.001105
-0.001284
-0.001592
-0.001400
-0.001495
-0.001362
-0.001112
-0.001191
-0.001116
-0.001259
-0.000596
-0.001152
-0.001214
-0.001380
-0.001306
-0.001121
-0.001002
-0.000898
-0.000879
-0.000867
-0.000813
-0.000728
-0.000857
-0.001028
-0.001316
0.004088
0.002582
-0.000572
-0.000848
-0.000766
-0.000700
-0.000474
-0.000496
-0.000289
0.000561
-0.000433
0.000490
-0.000440
-0.001633
0.000314
0.000615
0.000895
0.000090
0.000646
-0.000722
-0.002609
-0.000234
-0.000614
-0.000481
-0.000572
-0.001049
-0.001130
-0.000967
-0.000698
-0.000683
-0.001013
-0.001088
-0.001118
-0.001057
-0.001026
-0.001074
-0.001194
-0.001224
-0.001286
-0.001137
-0.001124
-0.001180
-0.001201
-0.001300
-0.001394
-0.001283
-0.001176
-0.001177
-0.001305
-0.001579
-0.001380
-0.001425
-0.001394
-0.001152
-0.001151
-0.001116
-0.001373
-0.001594
-0.001586
-0.001252
-0.001198
-0.001203
-0.001253
-0.001142
-0.001072
-0.000979
-0.000854
-0.000839
-0.000931
-0.000891
-0.000957
-0.000985
-0.001489
0.000203
0.002588
-0.000977
-0.000840
-0.000798
-0.000438
-0.000633
-0.000084
-0.001419
-0.000588
-0.000167
0.000433
0.001575
0.000541
-0.000238
-0.002067
-0.001193
-0.000569
-0.000221
-0.000583
-0.001284
-0.000215
-0.000128
-0.000258
-0.000942
-0.001011
-0.001127
-0.001085
-0.001060
-0.001017
-0.001133
-0.001143
-0.001096
-0.001091
-0.001176
-0.001261
-0.001315
-0.001217
-0.001232
-0.001200
-0.001105
-0.001248
-0.001306
-0.001243
-0.001204
-0.001115
-0.001137
-0.001173
-0.001439
-0.001286
-0.001140
-0.001203
-0.001155
-0.001209
-0.001133
-0.001208
-0.001527
-0.001380
-0.001407
-0.001105
-0.001138
-0.001123
-0.001203
-0.000952
-0.001035
-0.001042
-0.000858
-0.000832
-0.000965
-0.000985
-0.001001
-0.000966
-0.001244
0.001059
0.009466
0.002589
-0.001213
0.000023
-0.000553
0.000360
-0.001582
-0.000820
-0.000192
-0.000505
-0.000475
0.001278
-0.001091
-0.000574
-0.002718
-0.001302
-0.000063
-0.000695
-0.000700
-0.001185
-0.001717
-0.000445
-0.000763
-0.001133
-0.001046
-0.001219
-0.001177
-0.001001
-0.000888
-0.001057
-0.001160
-0.001149
-0.001287
-0.001363
-0.001387
-0.001355
-0.001299
-0.001272
-0.001263
-0.001224
-0.001321
-0.001388
-0.001289
-0.001150
-0.001197
-0.001133
-0.001229
-0.001108
-0.001089
-0.001127
-0.001258
-0.001177
-0.001270
-0.001317
-0.001269
-0.001421
-0.001466
-0.001633
-0.001101
-0.001071
-0.001086
-0.001237
-0.001068
-0.000946
-0.000955
-0.000799
-0.000773
-0.000905
-0.000989
-0.001000
-0.000851
-0.001100
-0.000926
0.004264
0.003300
0.003789
0.000165
0.000229
-0.000738
-0.000694
-0.001365
-0.000844
-0.000904
-0.000778
-0.000991
0.000022
0.000890
0.001329
-0.002220
-0.000928
-0.000731
-0.000704
-0.000593
-0.000032
0.000356
-0.002189
-0.001183
-0.001193
-0.001101
-0.001061
-0.001156
-0.001122
-0.001092
-0.001206
-0.001134
-0.001392
-0.001306
-0.001200
-0.001163
-0.001175
-0.001303
-0.001355
-0.001226
-0.001418
-0.001367
-0.001250
-0.001273
-0.001267
-0.001146
-0.000956
-0.000996
-0.001100
-0.001294
-0.001295
-0.001378
-0.001419
-0.001473
-0.001422
-0.001419
-0.001633
-0.001658
-0.001188
-0.001077
-0.001144
-0.001283
-0.001196
-0.001247
-0.000973
-0.000829
-0.000773
-0.000806
-0.000825
-0.000901
-0.000792
-0.000828
-0.000905
-0.000655
0.000543
0.000171
-0.000910
-0.000946
-0.001042
-0.000938
-0.001243
-0.000857
-0.001023
-0.000958
-0.000952
-0.000945
-0.000338
-0.001968
-0.005084
-0.002349
-0.001052
-0.000876
0.000700
0.001711
0.000107
-0.000396
-0.000898
-0.000129
-0.000118
-0.000661
-0.001144
-0.001223
-0.001129
-0.001477
-0.001021
-0.001664
-0.001276
-0.001089
-0.001137
-0.001196
-0.001252
-0.001303
-0.001402
-0.001472
-0.001430
-0.001314
-0.001390
-0.001155
-0.001019
-0.001029
-0.001187
-0.001332
-0.001524
-0.001486
-0.001578
-0.001507
-0.001359
-0.001707
-0.001559
-0.001606
-0.001383
-0.001104
-0.001026
-0.001110
-0.001243
-0.001129
-0.001273
-0.000883
-0.000918
-0.000805
-0.000764
-0.000798
-0.000806
-0.000799
-0.000744
-0.000781
-0.000618
-0.000749
-0.001121
-0.001279
-0.001154
-0.001143
-0.001251
-0.000560
-0.000383
-0.000409
-0.000777
-0.000829
-0.002806
-0.004917
-0.003830
-0.007107
-0.002668
-0.003327
0.000438
0.002947
0.001249
0.008739
0.004368
0.009244
-0.001002
-0.008750
-0.013562
0.000370
0.001359
-0.001363
-0.001676
-0.001516
-0.001512
-0.001739
-0.001314
-0.001181
-0.001194
-0.001340
-0.001364
-0.001457
-0.001410
-0.001490
-0.001337
-0.001164
-0.001126
-0.001162
-0.001218
-0.001507
-0.001427
-0.001559
-0.001497
-0.001393
-0.001367
-0.001553
-0.001811
-0.001699
-0.001561
-0.001530
-0.000778
-0.000900
-0.000808
-0.001216
-0.001073
-0.000910
-0.000888
-0.000848
-0.000790
-0.000760
-0.000778
-0.000734
-0.000663
-0.000803
-0.000889
-0.000905
-0.000931
-0.000784
-0.000979
-0.001180
-0.001000
-0.000840
-0.000451
-0.000684
-0.001071
-0.000864
-0.000655
-0.002010
-0.007493
-0.008448
-0.008017
-0.006316
-0.005592
-0.006711
-0.005161
-0.003193
-0.000289
0.000992
0.002420
-0.001155
-0.001582
-0.007254
-0.002633
0.003409
0.000477
-0.001685
-0.001966
-0.001749
-0.002379
-0.001840
-0.000782
-0.001275
-0.001394
-0.001305
-0.001442
-0.001437
-0.001371
-0.001315
-0.001310
-0.001285
-0.001210
-0.001368
-0.001233
-0.001461
-0.001479
-0.001474
-0.001380
-0.001421
-0.001546
-0.001604
-0.001605
-0.001337
-0.001452
-0.000391
-0.000590
-0.001221
-0.001252
-0.001032
-0.001052
-0.000796
-0.000849
-0.000723
-0.000717
-0.000764
-0.000782
-0.000765
-0.000808
-0.000836
-0.000791
-0.000915
-0.000950
-0.001140
-0.001244
-0.000418
-0.000429
-0.000123
-0.000497
-0.000901
-0.001063
0.000972
-0.001177
-0.011115
-0.014851
-0.013886
-0.013635
-0.010382
-0.006433
-0.004526
-0.002049
-0.000976
-0.000156
0.004247
0.000127
-0.001719
-0.002890
-0.001077
0.003701
-0.001285
0.002650
0.002128
-0.001810
-0.002666
0.000959
0.004481
0.001385
-0.001248
-0.001332
-0.001355
-0.001182
-0.001150
-0.001244
-0.001269
-0.001431
-0.001389
-0.001353
-0.001427
-0.001428
-0.001450
-0.001296
-0.001518
-0.001656
-0.001801
-0.001348
-0.001329
-0.001505
-0.001739
-0.001096
-0.000587
-0.001142
-0.001234
-0.001058
-0.000942
-0.000743
-0.000770
-0.000781
-0.000820
-0.000763
-0.000843
-0.000825
-0.000894
-0.000892
-0.000899
-0.000925
-0.000705
-0.000388
-0.000140
-0.000126
-0.000415
0.000280
-0.000327
-0.000652
-0.000713
0.000344
-0.002348
-0.012342
-0.019005
-0.017448
-0.015313
-0.012461
-0.006537
-0.002374
-0.002036
-0.001243
0.000080
0.001561
0.004593
0.001531
0.001956
-0.003568
-0.003509
-0.000007
0.012500
-0.000074
-0.001761
0.003575
0.005190
0.009615
0.014313
-0.000001
-0.001332
-0.001119
-0.001190
-0.001232
-0.001332
-0.001297
-0.001252
-0.001390
-0.001456
-0.001514
-0.001462
-0.001383
-0.001587
-0.001599
-0.001678
-0.001517
-0.001442
-0.001476
-0.001651
-0.001449
-0.000819
-0.000716
-0.001240
-0.001213
-0.001136
-0.000918
-0.000869
-0.000884
-0.000884
-0.000866
-0.000925
-0.000877
-0.000956
-0.000949
-0.001001
-0.001003
-0.000860
-0.000075
0.000053
0.000113
-0.000081
-0.000080
0.000784
0.001361
0.000223
-0.003115
-0.000453
-0.002221
-0.014993
-0.017981
-0.015280
-0.018618
-0.014469
-0.007313
-0.004377
-0.003437
-0.002048
-0.000439
0.000549
0.001048
0.001499
0.001517
-0.000094
0.000706
0.004886
0.005398
0.001836
0.004176
0.010533
0.006046
-0.000386
-0.004812
-0.004406
0.000299
-0.000268
-0.001139
-0.001139
-0.001348
-0.001267
-0.001533
-0.001558
-0.001459
-0.001582
-0.001449
-0.001402
-0.001441
-0.001525
-0.001554
-0.001529
-0.001482
-0.001384
-0.001507
-0.001391
-0.000982
-0.000902
-0.000916
-0.001243
-0.001138
-0.000983
-0.001071
-0.001018
-0.000870
-0.000885
-0.000962
-0.000877
-0.000909
-0.001018
-0.000986
-0.000923
-0.000158
-0.000062
-0.000093
-0.000148
-0.000353
-0.000416
0.000448
0.000787
-0.000824
-0.003377
-0.000254
-0.005708
-0.018210
-0.022097
-0.021424
-0.022270
-0.019067
-0.010856
-0.008739
-0.005652
-0.002630
-0.000186
0.000242
0.000743
0.000972
0.001055
0.001899
0.001765
0.001757
-0.000931
0.005769
0.004590
0.007625
0.000957
-0.007158
-0.008615
-0.007308
-0.006224
-0.003805
-0.000771
-0.001127
-0.001266
-0.001408
-0.001477
-0.001430
-0.001275
-0.001553
-0.001578
-0.001506
-0.001505
-0.001497
-0.001545
-0.001421
-0.001392
-0.001504
-0.001543
-0.001459
-0.001036
-0.001067
-0.000891
-0.001072
-0.000887
-0.001109
-0.001330
-0.001067
-0.000914
-0.000981
-0.000937
-0.000852
-0.000911
-0.000916
-0.000480
-0.000160
0.000027
-0.000152
-0.000292
-0.000398
-0.000509
-0.000682
-0.000032
0.001084
-0.001113
-0.001204
-0.004520
-0.013760
-0.021139
-0.020984
-0.024075
-0.026754
-0.018920
-0.014263
-0.012029
-0.007149
-0.003872
-0.000932
0.000174
0.000645
0.000786
0.000986
0.001198
0.001570
0.002209
0.003220
-0.000717
-0.000443
-0.000815
-0.005387
-0.010926
-0.015910
-0.010833
-0.008843
-0.007316
-0.009151
-0.000013
-0.000445
-0.001357
-0.001290
-0.001385
-0.001456
-0.001596
-0.001382
-0.001336
-0.001554
-0.001564
-0.001561
-0.001437
-0.001248
-0.001325
-0.001490
-0.001448
-0.001090
-0.001010
-0.001262
-0.001340
-0.001223
-0.001403
-0.001035
-0.000796
-0.000958
-0.000994
-0.000998
-0.000774
-0.000175
0.000142
0.000107
0.000078
-0.000052
-0.000174
-0.000339
-0.000429
-0.000475
-0.000568
0.000093
0.000383
0.000243
-0.001635
-0.001557
-0.011589
-0.017775
-0.020559
-0.027020
-0.025938
-0.015448
-0.010947
-0.010526
-0.006565
-0.002648
-0.000861
0.000198
0.000409
0.000472
0.000540
0.001250
0.002133
0.002543
0.002846
0.003200
0.000092
-0.002407
-0.004885
-0.014924
-0.014404
-0.006057
-0.006620
-0.005257
-0.005077
-0.003747
-0.005984
0.000255
0.000209
0.000072
-0.001733
-0.001443
-0.001366
-0.001356
-0.001570
-0.001585
-0.001505
-0.001233
-0.001259
-0.001382
-0.001272
-0.001333
-0.000950
-0.000931
-0.001194
-0.001368
-0.001310
-0.001355
-0.001073
-0.000970
-0.000909
-0.000783
-0.000323
-0.000612
-0.000176
-0.000099
0.000022
0.000095
-0.000193
-0.000228
-0.000406
-0.000328
-0.000412
-0.000649
-0.000583
-0.000873
-0.000655
-0.000906
-0.000318
-0.001057
-0.001146
-0.020768
-0.023378
-0.018568
-0.010689
-0.014094
-0.010668
-0.007014
-0.003574
-0.001164
-0.000158
0.000262
-0.000132
-0.000258
0.001417
0.002805
0.002031
0.002226
0.003738
0.005772
0.000520
-0.005236
-0.011542
-0.004801
-0.000814
0.005791
0.000687
-0.002696
-0.007312
-0.010940
-0.001119
-0.000702
-0.001821
0.000282
0.000055
-0.001293
-0.001340
-0.001446
-0.001427
-0.001353
-0.001180
-0.001186
-0.001397
-0.001241
-0.001285
-0.000959
-0.000900
-0.001112
-0.001247
-0.001383
-0.001206
-0.001101
-0.000976
-0.000983
-0.001012
-0.001115
-0.000608
-0.000351
-0.000519
-0.000111
0.000184
-0.000382
-0.000728
-0.000843
-0.000416
-0.000945
-0.001307
-0.001297
-0.001118
-0.001135
-0.001113
-0.001194
-0.001254
-0.001208
-0.002054
-0.000062
-0.009654
-0.010650
-0.018160
-0.015360
-0.008299
-0.003825
-0.000898
-0.001269
-0.000174
-0.000191
0.000806
-0.000593
0.001098
0.001271
0.002022
0.005176
0.005648
0.002838
-0.001542
-0.004766
-0.000170
-0.001549
0.001277
0.000149
0.010426
-0.006140
-0.001672
-0.000110
-0.001692
-0.001865
-0.001966
-0.001872
0.000131
-0.000514
-0.000712
-0.001145
-0.001270
-0.001148
-0.001186
-0.001399
-0.001425
-0.001406
-0.001070
-0.000880
-0.001025
-0.001116
-0.001102
-0.001233
-0.001195
-0.000934
-0.000888
-0.001162
-0.001210
-0.001101
-0.001211
-0.000921
-0.001252
-0.000700
-0.001005
-0.001148
-0.001363
-0.001364
-0.001366
-0.001402
-0.001444
-0.001211
-0.001419
-0.001219
-0.001342
-0.001270
-0.001220
-0.001211
-0.001213
-0.001338
-0.000719
-0.000616
-0.000059
0.000015
0.000074
-0.000037
-0.001553
-0.001819
-0.000167
0.013384
0.013406
0.008543
-0.002889
0.002277
0.003191
0.000872
-0.002426
-0.001605
-0.004166
-0.002496
-0.001125
-0.000618
-0.000966
-0.001022
0.000248
-0.000257
-0.001283
-0.001416
-0.001726
-0.001747
-0.001685
-0.001783
-0.001613
-0.001399
-0.001343
-0.001163
-0.001140
-0.001252
-0.001436
-0.001288
-0.001258
-0.001201
-0.001146
-0.001024
-0.001162
-0.001173
-0.001152
-0.000996
-0.001054
-0.001148
-0.001068
-0.000771
-0.001196
-0.001210
-0.001143
-0.001323
-0.001277
-0.001149
-0.001227
-0.001003
-0.001346
-0.001262
-0.001372
-0.001492
-0.001199
-0.001212
-0.001233
-0.001334
-0.001305
-0.001333
-0.001339
-0.001315
-0.001332
-0.001444
-0.001413
-0.001416
-0.001418
-0.001340
0.000156
-0.000106
-0.000107
-0.000064
0.003144
0.004126
0.001663
0.000399
0.000035
-0.000846
-0.002614
-0.003905
-0.006116
-0.009979
-0.003933
-0.001325
-0.001584
-0.001473
-0.001150
-0.001179
-0.001201
-0.001353
-0.001526
-0.001429
-0.001367
-0.001502
-0.001568
-0.001489
-0.001420
-0.001380
-0.001224
-0.001315
-0.001381
-0.001417
-0.001379
-0.001004
-0.001231
-0.001187
-0.001160
-0.001173
-0.001152
-0.001024
-0.001209
-0.001391
-0.001524
-0.001454
-0.000901
-0.001045
-0.001300
-0.001251
-0.001268
-0.001263
-0.001221
-0.001219
-0.001295
-0.001288
-0.001356
-0.001351
-0.001398
-0.001315
-0.001375
-0.001363
-0.001443
-0.001333
-0.001266
-0.001300
-0.001303
-0.001338
-0.001439
-0.001512
-0.001492
-0.001473
-0.001477
-0.001507
-0.001731
-0.001629
-0.001637
-0.001701
-0.001817
-0.001700
0.000092
-0.000777
-0.002885
-0.003333
-0.005919
-0.010751
-0.014097
-0.000935
-0.001598
-0.001688
-0.001384
-0.001489
-0.001507
-0.001496
-0.001350
-0.001580
-0.001430
-0.001433
-0.001494
-0.001553
-0.001527
-0.001647
-0.001575
-0.001204
-0.001254
-0.001478
-0.001689
-0.001463
-0.000700
-0.001278
-0.001284
-0.001145
-0.001144
-0.001208
-0.001222
-0.001412
-0.001468
-0.001431
-0.001404
-0.001242
-0.001060
-0.000656
-0.001284
-0.001196
-0.001098
-0.001154
-0.001032
-0.001265
-0.001365
-0.001387
-0.001370
-0.001407
-0.001514
-0.001640
-0.001597
-0.001589
-0.001324
-0.001341
-0.001413
-0.001406
-0.001295
-0.001302
-0.001442
-0.001500
-0.001573
-0.001609
-0.001602
-0.001655
-0.001662
-0.001739
-0.001702
-0.001627
-0.001767
-0.001581
0.000060
-0.005112
-0.008030
-0.008732
-0.019023
-0.015244
-0.004326
-0.001191
-0.001540
-0.001653
-0.001752
-0.001650
-0.001401
-0.001191
-0.001304
-0.001301
-0.001716
-0.001868
-0.001619
-0.001747
-0.001587
-0.001476
-0.001518
-0.001595
-0.001718
-0.001676
-0.001491
-0.001038
-0.001356
-0.001413
-0.001332
-0.001213
-0.001346
-0.001385
-0.001419
-0.001427
-0.001403
-0.001427
-0.001473
-0.001437
-0.001056
-0.001314
-0.001097
-0.001227
-0.001407
-0.001388
-0.001291
-0.001241
-0.001106
-0.001322
-0.001523
-0.001492
-0.001653
-0.001601
-0.001400
-0.001520
-0.001393
-0.001447
-0.001411
-0.001459
-0.001483
-0.001651
-0.001693
-0.001720
-0.001664
-0.001701
-0.001612
-0.001657
-0.001545
-0.001591
-0.001801
-0.001946
-0.001861
-0.001723
-0.001939
-0.011426
-0.012884
-0.014604
-0.006622
-0.001775
-0.002727
-0.002242
-0.001567
-0.001667
-0.001419
-0.001447
-0.001238
-0.001437
-0.001696
-0.001783
-0.001951
-0.001875
-0.001719
-0.001582
-0.001627
-0.001562
-0.001554
-0.001057
-0.001370
-0.001449
-0.001181
-0.001421
-0.001350
-0.001115
-0.001167
-0.001460
-0.001399
-0.001319
-0.001339
-0.001355
-0.001377
-0.001309
-0.001423
-0.001094
-0.000790
-0.001145
-0.001116
-0.001470
-0.001696
-0.001474
-0.001413
-0.001479
-0.001501
-0.001500
-0.001592
-0.002012
-0.001673
-0.001609
-0.001574
-0.001676
-0.001547
-0.001484
-0.001624
-0.001666
-0.001688
-0.001872
-0.001817
-0.001774
-0.001731
-0.001800
-0.001940
-0.001706
-0.001836
-0.001998
-0.002144
-0.002119
-0.001954
-0.002063
-0.005029
-0.012713
-0.009627
-0.002278
-0.001963
-0.003265
-0.002538
-0.002436
-0.002046
-0.001522
-0.001466
-0.001367
-0.001434
-0.001619
-0.001692
-0.001772
-0.001763
-0.001653
-0.001579
-0.001584
-0.001816
-0.001448
-0.001425
-0.001468
-0.001459
-0.001202
-0.001413
-0.001414
-0.001176
-0.001274
-0.001366
-0.001440
-0.001171
-0.001327
-0.001270
-0.001238
-0.001389
-0.001293
-0.001261
-0.000724
-0.001041
-0.000969
-0.001141
-0.001471
-0.001596
-0.001403
-0.001472
-0.001466
-0.001543
-0.001831
-0.002033
-0.001847
-0.002075
-0.002085
-0.001928
-0.001970
-0.001808
-0.001892
-0.001774
-0.001876
-0.002027
-0.001840
-0.002012
-0.001876
-0.001621
-0.001550
-0.001610
-0.001618
-0.001815
-0.002151
-0.002183
-0.002298
-0.002341
-0.002436
-0.003495
-0.002865
-0.002069
-0.003044
-0.002254
-0.002331
-0.002261
-0.002039
-0.001487
-0.001442
-0.001346
-0.001497
-0.001586
-0.001670
-0.001582
-0.001768
-0.001783
-0.001766
-0.001689
-0.001635
-0.001680
-0.001580
-0.001614
-0.001394
-0.001276
-0.001382
-0.001355
-0.001408
-0.001435
-0.001302
-0.001285
-0.001158
-0.001309
-0.001312
-0.001322
-0.001277
-0.001281
-0.001256
-0.001142
-0.001033
-0.001098
-0.001057
-0.001367
-0.001316
-0.001287
-0.001257
-0.001494
-0.001613
-0.001910
-0.001844
-0.001840
-0.002017
-0.001990
-0.002152
-0.002025
-0.002016
-0.002006
-0.001964
-0.002112
-0.002076
-0.001909
-0.001988
-0.002030
-0.001876
-0.001818
-0.001822
-0.001750
-0.001859
-0.002062
-0.001995
-0.002127
-0.002116
-0.002078
-0.002102
-0.002054
-0.002016
-0.001994
-0.002228
-0.002023
-0.001869
-0.001629
-0.001776
-0.001660
-0.001487
-0.001519
-0.001518
-0.001508
-0.001650
-0.001766
-0.001794
-0.001518
-0.001605
-0.001585
-0.001712
-0.001546
-0.001505
-0.001345
-0.001264
-0.001334
-0.001380
-0.001383
-0.001304
-0.001343
-0.001410
-0.001261
-0.001245
-0.001339
-0.001347
-0.001260
-0.001338
-0.001056
-0.001126
-0.001285
-0.001154
-0.001126
-0.001270
-0.001449
-0.001288
-0.001216
-0.001459
-0.001795
-0.001666
-0.001930
-0.001437
-0.001807
-0.002030
-0.002099
-0.002044
-0.001817
-0.001838
-0.001963
-0.002115
-0.001866
-0.001992
-0.002030
-0.002170
-0.001810
-0.001834
-0.002020
-0.001770
-0.001920
-0.001949
-0.002026
-0.001935
-0.002010
-0.002021
-0.002110
-0.002091
-0.002049
-0.002137
-0.002126
-0.002035
-0.001904
-0.001816
-0.001550
-0.001539
-0.001578
-0.001599
-0.001606
-0.001474
-0.001533
-0.001604
-0.001787
-0.001773
-0.001651
-0.001499
-0.001496
-0.001479
-0.001322
-0.001206
-0.001167
0.000163
-0.001192
-0.001234
-0.001289
-0.001320
-0.001351
-0.001297
-0.001250
-0.001167
-0.001220
-0.001204
-0.001210
-0.000867
-0.001059
-0.001031
-0.001000
-0.001088
-0.001173
-0.001185
-0.001155
-0.001080
-0.001302
-0.001514
-0.001583
-0.001878
-0.001913
-0.001892
-0.002000
-0.001784
-0.001788
-0.001831
-0.001918
-0.001807
-0.001708
-0.002078
-0.002281
-0.002223
-0.001981
-0.001727
-0.001579
-0.001746
-0.001823
-0.001921
-0.001665
-0.001775
-0.001944
-0.001969
-0.002110
-0.001863
-0.001852
-0.002044
-0.002049
-0.001642
-0.001825
-0.002063
-0.001724
-0.001424
-0.001427
-0.001656
-0.001615
-0.001688
-0.001470
-0.001740
-0.001638
-0.001615
-0.001767
-0.001386
-0.001336
-0.001348
-0.001362
-0.001377
-0.001362
-0.001224
