0.000359
0.000665
0.000821
0.000632
0.000846
0.000831
0.000708
0.000438
0.000990
0.000943
0.000849
-0.000603
0.000780
0.000701
0.000455
0.000447
0.000401
0.000388
0.000335
0.000258
0.000184
0.000154
0.000328
0.000438
0.000427
0.000426
0.000363
0.000337
0.000348
0.000430
0.000441
0.000457
0.000356
0.000460
0.000523
0.000493
0.000521
0.000446
0.000513
0.000612
0.000665
0.000588
0.000547
0.000518
0.000533
0.000526
0.000478
0.000511
0.000520
0.000523
0.000576
0.000532
0.000549
0.000507
0.000494
0.000512
0.000471
0.000407
0.000365
0.000427
0.000402
0.000397
0.000391
0.000457
0.000451
0.000560
-0.001158
0.000422
0.000755
0.000522
0.000061
0.000478
0.000195
0.000844
0.000770
0.000723
0.000716
0.000632
0.000800
0.000777
0.000698
0.000684
0.000711
0.000638
0.000600
0.000720
0.000639
0.000568
0.000567
0.000561
0.000474
0.000579
0.000581
0.000489
0.000397
0.000426
0.000539
0.000505
0.000482
0.000456
0.000403
0.000388
0.000407
0.000473
0.000488
0.000485
0.000497
0.000505
0.000503
0.000488
0.000553
0.000535
0.000530
0.000595
0.000591
0.000494
0.000522
0.000496
0.000578
0.000473
0.000416
0.000478
0.000521
0.000294
0.000283
0.000355
0.000335
0.000375
0.000436
0.000457
0.000462
0.000494
0.000417
0.000421
0.000394
0.000393
0.000388
0.000481
0.000437
0.000386
0.000329
0.000312
0.000347
0.000342
0.000394
0.000440
0.000796
0.000785
0.000724
0.000616
0.000698
0.000711
0.000739
0.000703
0.000804
0.000658
0.000645
0.000577
0.000605
0.000708
0.000663
0.000653
0.000629
0.000642
0.000572
0.000600
0.000488
0.000470
0.000455
0.000469
0.000515
0.000528
0.000485
0.000420
0.000472
0.000383
0.000456
0.000504
0.000487
0.000493
0.000502
0.000497
0.000544
0.000589
0.000620
0.000653
0.000569
0.000581
0.000511
0.000506
0.000619
0.000639
0.000558
0.000439
0.000428
0.000460
0.000469
0.000363
0.000330
0.000323
0.000342
0.000359
0.000439
0.000463
0.000425
0.000340
0.000412
0.000420
0.000441
0.000443
0.000497
0.000413
0.000288
0.000252
0.000372
0.000338
0.000352
0.000322
0.000440
0.000866
0.000748
0.000725
0.000698
0.000721
0.000757
0.000801
0.000708
0.000750
0.000654
0.000575
0.000528
0.000489
0.000610
0.000599
0.000565
0.000596
0.000680
0.000616
0.000583
0.000528
0.000489
0.000437
0.000404
0.000495
0.000538
0.000494
0.000517
0.000421
0.000388
0.000459
0.000539
0.000437
0.000492
0.000431
0.000481
0.000554
0.000531
0.000644
0.000667
0.000647
0.000576
0.000574
0.000510
0.000608
0.000624
0.000560
0.000447
0.000447
0.000455
0.000420
0.000352
0.000334
0.000370
0.000368
0.000382
0.000434
0.000443
0.000402
0.000378
0.000453
0.000463
0.000446
0.000384
0.000465
0.000363
0.000393
0.000341
0.000354
0.000335
0.000346
0.000332
0.000465
0.000833
0.000828
0.000718
0.000618
0.000631
0.000691
0.000803
0.000786
0.000776
0.000644
0.000584
0.000548
0.000479
0.000642
0.000654
0.000663
0.000662
0.000672
0.000637
0.000603
0.000543
0.000514
0.000463
0.000430
0.000457
0.000479
0.000515
0.000474
0.000475
0.000469
0.000494
0.000473
0.000463
0.000515
0.000479
0.000532
0.000498
0.000498
0.000570
0.000545
0.000631
0.000580
0.000554
0.000545
0.000538
0.000499
0.000521
0.000485
0.000406
0.000409
0.000481
0.000387
0.000341
0.000339
0.000356
0.000323
0.000384
0.000421
0.000394
0.000370
0.000430
0.000463
0.000422
0.000383
0.000413
0.000346
0.000312
0.000378
0.000400
0.000353
0.000356
0.000344
-0.002169
0.000758
0.000747
0.000653
0.000449
0.000498
0.000666
0.000787
0.000786
0.000765
0.000727
0.000533
0.000492
0.000471
0.000571
0.000635
0.000613
0.000624
0.000695
0.000666
0.000593
0.000555
0.000562
0.000510
0.000494
0.000435
0.000498
0.000465
0.000506
0.000549
0.000526
0.000515
0.000487
0.000545
0.000550
0.000513
0.000529
0.000490
0.000474
0.000432
0.000549
0.000620
0.000651
0.000629
0.000598
0.000517
0.000450
0.000488
0.000409
0.000423
0.000449
0.000473
0.000392
0.000367
0.000351
0.000352
0.000351
0.000398
0.000419
0.000437
0.000438
0.000456
0.000425
0.000405
0.000340
0.000386
0.000359
0.000304
0.000343
0.000431
0.000366
0.000369
0.000414
0.000514
0.000730
0.000581
0.000574
0.000547
0.000556
0.000743
0.000733
0.000786
0.000787
0.000699
0.000596
0.000498
0.000560
0.000627
0.000674
0.000635
0.000623
0.000605
0.000650
0.000562
0.000507
0.000520
0.000538
0.000499
0.000458
0.000485
0.000527
0.000510
0.000578
0.000518
0.000561
0.000528
0.000514
0.000541
0.000563
0.000480
0.000521
0.000470
0.000481
0.000525
0.000592
0.000558
0.000516
0.000547
0.000346
0.000445
0.000411
0.000375
0.000379
0.000394
0.000427
0.000414
0.000425
0.000344
0.000382
0.000349
0.000371
0.000446
0.000449
0.000402
0.000461
0.000442
0.000387
0.000368
0.000409
0.000397
0.000326
0.000327
0.000459
0.000421
0.000391
0.000418
0.000571
0.000603
0.000642
0.000630
0.000670
0.000676
0.000651
0.000750
0.000786
0.000725
0.000656
0.000588
0.000582
0.000584
0.000559
0.000615
0.000613
0.000624
0.000609
0.000616
0.000556
0.000477
0.000473
0.000536
0.000525
0.000471
0.000463
0.000533
0.000558
0.000585
0.000515
0.000530
0.000562
0.000539
0.000554
0.000553
0.000535
0.000548
0.000520
0.000489
0.000559
0.000547
0.000506
0.000586
0.000544
0.000402
0.000312
0.000312
0.000336
0.000272
0.000384
0.000388
0.000368
0.000370
0.000375
0.000366
0.000349
0.000333
0.000430
0.000423
0.000437
0.000450
0.000394
0.000421
0.000413
0.000452
0.000432
0.000361
0.000373
0.000314
0.000377
0.000402
0.000330
0.000513
0.000623
0.000791
0.000714
0.000773
0.000620
0.000772
0.000802
0.000809
0.000632
0.000655
0.000632
0.000633
0.000630
0.000548
0.000592
0.000605
0.000592
0.000591
0.000673
0.000644
0.000535
0.000457
0.000502
0.000545
0.000494
0.000509
0.000527
0.000605
0.000623
0.000595
0.000507
0.000554
0.000532
0.000538
0.000512
0.000570
0.000561
0.000537
0.000533
0.000584
0.000537
0.000517
0.000554
0.000598
0.000533
0.000384
0.000364
0.000304
0.000259
0.000410
0.000424
0.000396
0.000427
0.000383
0.000367
0.000333
0.000357
0.000396
0.000458
0.000327
0.000380
0.000357
0.000375
0.000433
0.000393
0.000393
0.000391
0.000395
0.000272
0.000337
0.000418
0.000368
0.001326
0.000577
0.000736
0.000603
0.000628
0.000787
0.000772
0.000719
0.000753
0.000562
0.000660
0.000660
0.000525
0.000580
0.000610
0.000687
0.000622
0.000623
0.000595
0.000604
0.000616
0.000586
0.000602
0.000519
0.000538
0.000506
0.000503
0.000487
0.000586
0.000651
0.000552
0.000516
0.000475
0.000495
0.000511
0.000490
0.000486
0.000505
0.000479
0.000502
0.000531
0.000543
0.000536
0.000590
0.000549
0.000637
0.000557
0.000278
0.000158
0.000407
0.000424
0.000510
0.000490
0.000376
0.000400
0.000365
0.000324
0.000381
0.000407
0.000444
0.000393
0.000399
0.000339
0.000408
0.000387
0.000383
0.000406
0.000371
0.000382
0.000376
0.000371
0.000542
0.000478
0.000593
0.000643
0.000684
0.000740
0.000763
0.000795
0.000690
0.000636
0.000642
0.000555
0.000521
0.000625
0.000588
0.000569
0.000610
0.000623
0.000663
0.000594
0.000623
0.000568
0.000601
0.000614
0.000596
0.000602
0.000540
0.000571
0.000548
0.000574
0.000611
0.000572
0.000514
0.000471
0.000453
0.000470
0.000487
0.000540
0.000494
0.000461
0.000478
0.000453
0.000473
0.000525
0.000514
0.000476
0.000552
0.000594
0.000621
0.000596
0.000532
0.000471
0.000499
0.000545
0.000548
0.000408
0.000377
0.000384
0.000396
0.000422
0.000445
0.000362
0.000447
0.000399
0.000366
0.000409
0.000385
0.000353
0.000369
0.000364
0.000436
0.000431
0.000367
0.000491
0.000382
0.000529
0.000627
0.000546
0.000586
0.000613
0.000709
0.000680
0.000612
0.000559
0.000581
0.000500
0.000628
0.000584
0.000652
0.000589
0.000587
0.000669
0.000623
0.000608
0.000608
0.000604
0.000620
0.000647
0.000628
0.000602
0.000607
0.000596
0.000501
0.000539
0.000525
0.000487
0.000408
0.000398
0.000500
0.000512
0.000485
0.000428
0.000397
0.000182
0.000404
0.000423
0.000461
0.000509
0.000504
0.000538
0.000576
0.000615
0.000635
0.000575
0.000497
0.000502
0.000375
0.000466
0.000498
0.000419
0.000445
0.000414
0.000422
0.000426
0.000373
0.000420
0.000397
0.000376
0.000307
0.000362
0.000365
0.000380
0.000398
0.000421
0.000334
0.000323
0.000425
0.000348
0.000476
0.000552
0.000467
0.000371
0.000552
0.000674
0.000630
0.000519
0.000513
0.000602
0.000511
0.000509
0.000523
0.000647
0.000579
0.000564
0.000609
0.000587
0.000633
0.000655
0.000602
0.000574
0.000646
0.000623
0.000603
0.000632
0.000620
0.000507
0.000528
0.000549
0.000494
0.000488
0.000373
0.000412
0.000422
0.000473
0.000486
0.000412
0.000405
0.000371
0.000396
0.000498
0.000501
0.000433
0.000513
0.000584
0.000601
0.000613
0.000619
0.000558
0.000516
0.000464
0.000452
0.000524
0.000446
0.000459
0.000421
0.000405
0.000426
0.000480
0.000450
0.000434
0.000334
0.000284
0.000378
0.000435
0.000481
0.000444
0.000440
0.000340
0.000360
0.000325
0.000326
0.000725
0.000515
0.000439
0.000290
0.000465
0.000567
0.000508
0.000577
0.000472
0.000550
0.000527
0.000476
0.000510
0.000508
0.000556
0.000508
0.000565
0.000510
0.000542
0.000568
0.000570
0.000574
0.000500
0.000323
0.000323
0.000121
0.000289
0.000562
0.000562
0.000510
0.000562
0.000534
0.000397
0.000379
0.000391
0.000437
0.000472
0.000463
0.000440
0.000395
0.000350
0.000409
0.000452
0.000454
0.000503
0.000613
0.000684
0.000631
0.000618
0.000587
0.000524
0.000476
0.000420
0.000400
0.000425
0.000499
0.000486
0.000433
0.000448
0.000465
0.000460
0.000433
0.000409
0.000356
0.000336
0.000387
0.000468
0.000451
0.000463
0.000309
0.000290
0.000241
0.000353
0.000403
0.000602
0.000403
0.000186
0.000446
0.000484
0.000509
0.000554
0.000589
0.000596
0.000579
0.000498
0.000500
0.000529
0.000517
0.000495
0.000546
0.000618
0.000524
0.000512
0.000509
0.000553
0.000167
-0.002127
-0.004396
-0.009472
-0.009993
-0.001601
0.000032
0.000424
0.000520
0.000524
0.000479
0.000393
0.000369
0.000463
0.000459
0.000430
0.000403
0.000370
0.000364
0.000336
0.000363
0.000404
0.000477
0.000622
0.000662
0.000667
0.000524
0.000595
0.000546
0.000474
0.000461
0.000441
0.000414
0.000499
0.000467
0.000467
0.000430
0.000447
0.000482
0.000417
0.000428
0.000395
0.000348
0.000431
0.000468
0.000397
0.000289
0.000268
0.000300
0.000326
0.000377
0.000397
0.000578
0.000492
0.000400
0.000408
0.000385
0.000528
0.000574
0.000554
0.000517
0.000451
0.000461
0.000534
0.000569
0.000509
0.000491
0.000553
0.000595
0.000537
0.000525
0.000478
0.000205
-0.002591
-0.007359
-0.002747
-0.000868
-0.002529
-0.006199
-0.007665
-0.004460
-0.000004
0.000392
0.000345
0.000344
0.000372
0.000396
0.000439
0.000421
0.000355
0.000325
0.000269
0.000141
0.000056
0.000313
0.000459
0.000604
0.000661
0.000623
0.000581
0.000553
0.000589
0.000490
0.000445
0.000415
0.000379
0.000419
0.000479
0.000479
0.000462
0.000481
0.000483
0.000425
0.000463
0.000464
0.000425
0.000521
0.000482
0.000466
0.000259
0.000264
0.000244
0.000352
0.000452
0.000390
0.000494
0.000505
0.000460
0.000453
0.000374
0.000451
0.000433
0.000449
0.000403
0.000443
0.000376
0.000434
0.000495
0.000508
0.000481
0.000468
0.000410
0.000268
0.000343
0.000245
-0.000660
-0.001601
-0.004546
-0.005217
-0.008080
-0.010544
-0.006843
-0.004572
-0.004161
-0.003241
-0.000083
0.000270
0.000294
0.000351
0.000415
0.000412
0.000408
0.000350
0.000294
0.000257
-0.000045
-0.000207
0.000238
0.000497
0.000623
0.000675
0.000622
0.000618
0.000569
0.000467
0.000479
0.000464
0.000431
0.000383
0.000425
0.000445
0.000430
0.000484
0.000501
0.000536
0.000527
0.000566
0.000474
0.000436
0.000478
0.000529
0.000544
0.000414
0.000205
0.000453
0.000401
0.000387
-0.001100
0.000522
0.000424
0.000461
0.000445
0.000458
0.000240
0.000281
0.000321
0.000432
0.000440
0.000413
0.000381
0.000433
0.000482
0.000498
0.000168
0.000590
0.000627
0.001025
0.001364
0.001219
0.000967
0.000841
0.000330
0.000026
0.000979
0.001874
0.001770
-0.004348
-0.001304
0.000190
0.000307
0.000219
0.000101
0.000009
-0.000028
0.000206
0.000376
0.000335
0.000346
0.000268
0.000217
0.000426
0.000597
0.000562
0.000564
0.000626
0.000529
0.000489
0.000486
0.000469
0.000472
0.000463
0.000432
0.000390
0.000529
0.000554
0.000539
0.000632
0.000591
0.000551
0.000476
0.000521
0.000476
0.000453
0.000562
0.000647
0.000680
0.000504
0.000472
0.000424
0.000639
0.000442
0.000529
0.000562
0.000405
0.000314
0.000279
0.000174
0.000155
0.000145
0.000371
0.000405
0.000431
0.000378
0.000412
0.000240
0.001133
0.000985
0.000729
0.000970
0.000823
0.001182
0.001397
0.001182
0.000905
0.000896
0.000682
0.001424
0.004449
0.001282
0.000320
-0.002111
-0.001468
-0.000560
-0.000115
-0.004142
-0.003144
-0.002614
-0.000560
0.000326
0.000380
0.000376
0.000413
0.000400
0.000403
0.000500
0.000571
0.000541
0.000510
0.000511
0.000475
0.000477
0.000460
0.000535
0.000511
0.000483
0.000492
0.000532
0.000573
0.000522
0.000587
0.000580
0.000605
0.000539
0.000493
0.000458
0.000480
0.000643
0.000691
0.000608
0.000460
0.000395
0.000523
0.000590
0.000452
0.000531
0.000553
0.000372
0.000393
0.000327
0.000303
0.000198
0.000165
0.000371
0.000329
0.000348
0.000377
0.000155
0.001391
0.000906
0.000702
0.000329
0.000472
0.000658
0.000754
0.000777
0.001319
0.001707
0.001910
0.000983
0.000143
-0.001159
0.001242
0.002126
0.002707
0.000360
-0.000137
-0.000523
-0.003286
-0.004801
-0.002720
-0.001788
-0.000606
0.000225
0.000426
0.000393
0.000363
0.000313
0.000462
0.000502
0.000534
0.000540
0.000504
0.000524
0.000473
0.000504
0.000565
0.000556
0.000577
0.000565
0.000557
0.000518
0.000528
0.000558
0.000567
0.000576
0.000563
0.000538
0.000491
0.000474
0.000529
0.000626
0.000642
0.000479
0.000466
0.000509
0.000537
0.000581
0.000493
0.000520
0.000425
0.000392
0.000339
0.000330
0.000326
0.000321
0.000247
0.000391
0.000366
0.000087
0.000338
0.001286
0.001551
0.000572
0.000218
0.000479
0.000615
0.000781
0.000673
0.001675
0.002568
0.002848
-0.002118
-0.006111
-0.001768
0.001594
0.002615
0.002111
-0.000902
-0.001025
0.000029
-0.000706
-0.001747
-0.002396
-0.003156
-0.001521
-0.001407
0.000309
0.000379
0.000318
0.000350
0.000430
0.000560
0.000517
0.000561
0.000561
0.000522
0.000490
0.000485
0.000557
0.000552
0.000581
0.000579
0.000592
0.000584
0.000565
0.000599
0.000523
0.000581
0.000597
0.000629
0.000653
0.000433
0.000506
0.000621
0.000752
0.000687
0.000590
0.000574
0.000484
-0.000596
0.000461
0.000493
0.000399
0.000360
0.000327
0.000385
0.000369
0.000249
0.000337
0.000365
0.000177
-0.002495
-0.001691
-0.000481
0.001533
0.000746
0.000438
0.000563
0.000655
0.000793
0.000906
0.001447
0.000060
0.000630
0.001105
0.000177
-0.000878
0.002842
0.003791
0.000531
-0.001449
-0.001366
-0.002278
-0.001489
-0.001371
-0.004710
-0.002885
-0.001537
-0.002322
0.000057
0.000332
0.000359
0.000404
0.000581
0.000512
0.000443
0.000460
0.000574
0.000606
0.000547
0.000462
0.000603
0.000633
0.000591
0.000588
0.000563
0.000632
0.000645
0.000597
0.000604
0.000665
0.000585
0.000589
0.000563
0.000501
0.000551
0.000503
0.000712
0.000806
0.000664
0.000628
0.000588
0.000467
0.000470
0.000484
0.000338
0.000340
0.000383
0.000383
0.000417
0.000388
0.000395
0.000361
0.000232
-0.002158
-0.006328
-0.009463
-0.000125
0.001410
0.000626
0.000600
0.000529
0.000924
0.000644
-0.000557
-0.001079
0.002341
0.004279
0.003465
0.001646
0.004175
0.004505
0.000358
-0.002409
-0.002817
-0.003834
-0.001936
-0.001419
-0.004004
-0.003760
-0.002156
-0.002724
-0.000062
0.000339
0.000281
0.000646
0.002693
0.000632
0.000345
0.000378
0.000536
0.000608
0.000583
0.000462
0.000637
0.000697
0.000620
0.000618
0.000633
0.000594
0.000651
0.000706
0.000648
0.000552
0.000563
0.000673
0.000711
0.000561
0.000436
0.000480
0.000724
0.000706
0.000684
0.000714
0.000636
0.000596
0.000417
0.000365
0.000326
0.000369
0.000275
0.000350
0.000404
0.000450
0.000396
0.000324
0.000292
-0.000479
-0.007310
-0.021423
-0.002318
0.000887
0.001617
0.000905
0.000750
0.000975
0.001131
0.001464
0.003994
0.005513
0.005856
0.005391
0.002114
0.000953
0.001809
0.000406
-0.002691
-0.003125
-0.004529
-0.002548
-0.002206
-0.002957
-0.003110
-0.005118
-0.002720
0.000012
0.000423
0.000405
-0.000203
0.000280
0.000866
0.000700
0.000522
0.000492
0.000595
0.000627
0.000550
0.000610
0.000663
0.000654
0.000577
0.000683
0.000652
0.000619
0.000759
0.000776
0.000628
0.000532
0.000695
0.000764
0.000698
0.000563
0.000667
0.000748
0.000789
0.000792
0.000688
0.000550
0.000595
0.000430
0.000373
0.000377
0.000369
0.000341
0.000300
0.000380
0.000344
0.000393
0.000326
0.000247
0.000041
-0.004704
-0.009065
-0.012133
-0.003955
-0.001388
0.001297
0.000343
0.000631
-0.000583
-0.000210
0.002014
0.005137
0.006154
0.005972
0.002928
0.000052
0.000294
-0.001155
-0.002169
-0.003109
-0.002650
-0.003273
-0.002197
-0.002404
-0.003199
-0.004336
-0.000859
0.000287
0.000527
0.000478
-0.000739
-0.001782
0.000632
0.000714
0.000538
0.000681
0.000679
0.000679
0.000663
0.000621
0.000731
0.000754
0.000706
0.000688
0.000656
0.000645
0.000702
0.000693
0.000700
0.000776
0.000786
0.000736
0.000764
0.000752
0.000787
0.000769
0.000807
0.000695
0.000628
0.000581
0.000632
0.000399
0.000351
0.000348
0.000275
0.000274
0.000196
0.000277
0.000343
0.000325
0.000307
0.000213
0.000156
-0.001672
-0.006684
-0.012673
-0.010377
-0.000366
0.000178
0.000049
-0.001080
-0.000071
-0.000028
0.000049
0.001539
0.004007
0.005253
0.003322
0.000611
0.000435
-0.000946
-0.002108
-0.001115
-0.001908
-0.003672
-0.004504
-0.002332
-0.007191
-0.004610
-0.001998
-0.001902
-0.001521
-0.000746
-0.000260
-0.001699
0.000079
0.000900
0.000686
0.000818
0.000757
0.000710
0.000856
0.000725
0.000696
0.000707
0.000584
0.000668
0.000674
0.000724
0.000745
0.000760
0.000827
0.000830
0.000662
0.000790
0.000991
0.000863
0.000722
0.000745
0.000883
0.000880
0.000801
0.000543
0.000615
0.000354
0.000271
0.000233
0.000237
0.000190
0.000182
0.000237
0.000265
0.000299
0.000315
0.000211
0.000168
-0.000011
0.000425
0.000811
0.000221
0.000204
0.000122
0.000092
0.000060
0.000042
-0.000032
-0.000050
0.000775
0.002053
0.003184
0.002438
0.000796
0.000947
0.001623
0.001622
-0.000582
-0.000165
-0.000008
-0.000109
-0.002708
-0.005781
-0.005067
-0.005707
-0.007723
-0.010125
-0.009060
-0.002845
-0.001704
-0.000380
0.000200
0.000919
0.000921
0.005428
0.001675
0.000936
0.000785
0.000780
0.000688
0.000796
0.000758
0.000766
0.000805
0.000807
0.000846
0.000877
0.000768
0.000689
0.000801
0.000784
0.000724
0.000605
0.000698
0.000809
0.000803
0.000639
0.000613
0.000651
0.000229
0.000217
0.000202
0.000100
0.000180
0.000176
0.000202
0.000228
0.000299
0.000290
0.000226
0.000167
0.000153
0.000196
0.000228
0.000205
0.000173
0.000116
0.000096
0.000076
0.000047
0.000179
0.000935
0.006499
0.004845
0.002265
-0.001335
-0.003396
-0.001538
-0.000903
-0.000396
-0.002559
-0.000775
-0.000155
-0.000213
-0.000153
-0.008943
-0.008443
-0.010986
-0.009955
-0.014640
-0.013929
-0.010937
-0.005574
-0.002593
0.000297
0.000875
-0.000102
0.005019
0.009275
0.001687
0.000876
0.000898
0.000857
0.000852
0.000822
0.000840
0.000844
0.000727
0.000880
0.000831
0.000795
0.000634
0.000665
0.000744
0.000734
0.000605
0.000709
0.000712
0.000715
0.000702
0.000707
0.000575
0.000254
0.000174
0.000160
0.000115
0.000176
0.000204
0.000210
0.000231
0.000268
0.000268
0.000218
0.000109
0.000115
0.000187
0.000212
0.000149
0.000172
0.000128
0.000090
0.000107
0.000256
0.007164
0.008578
0.009003
0.007642
0.002684
-0.001749
-0.002085
-0.002688
-0.001560
-0.000885
-0.002351
-0.000726
-0.000193
-0.000083
0.000033
-0.000074
-0.013534
-0.014685
-0.011475
-0.014278
-0.013898
-0.012234
-0.009619
-0.003275
-0.001461
0.000051
-0.001264
0.001224
0.009820
0.003826
0.001284
0.000875
0.000808
0.000861
0.000751
0.000877
0.000856
0.000749
0.000931
0.000880
0.000755
0.000657
0.000715
0.000784
0.000767
0.000655
0.000657
0.000570
0.000659
0.000795
0.000657
0.000576
0.000208
0.000168
0.000190
0.000195
0.000253
0.000250
0.000268
0.000237
0.000287
0.000251
0.000216
0.000092
0.000091
0.000165
0.000208
0.000109
0.000100
0.000146
0.000091
0.000084
0.000969
0.006131
0.008088
0.006143
0.007617
0.011182
0.002949
-0.001140
-0.001355
-0.002219
-0.001871
-0.003144
-0.001120
-0.000120
0.000003
0.000044
0.000084
-0.000011
-0.000068
-0.012120
-0.013649
-0.015213
-0.013016
-0.010118
-0.003768
-0.002575
-0.000441
0.001370
0.003318
0.006127
0.000780
-0.002841
0.000842
0.000842
0.000925
0.000880
0.000819
0.000880
0.000740
0.000863
0.000857
0.000752
0.000582
0.000609
0.000790
0.000762
0.000595
0.000649
0.000587
0.000634
0.000793
0.000842
0.000517
0.000196
0.000322
0.000235
0.000286
0.000250
0.000199
0.000300
0.000255
0.000253
0.000243
0.000218
0.000133
0.000125
0.000158
0.000203
0.000134
0.000066
0.000025
-0.000091
-0.000082
0.000507
0.004220
0.007094
0.008159
0.011513
0.013478
0.006131
0.000160
-0.001001
-0.002260
-0.002675
-0.004595
-0.001916
-0.000364
-0.000095
-0.000051
-0.000021
0.000176
0.000324
-0.000485
-0.001419
-0.002109
-0.008669
-0.005084
-0.003514
-0.003241
-0.000776
0.000158
0.002502
0.002870
-0.003166
-0.006207
-0.006066
0.000386
0.000629
0.000834
0.000910
0.000918
0.000774
0.000777
0.000759
0.000769
0.000755
0.000722
0.000572
0.000768
0.000783
0.000626
0.000432
0.000678
0.000921
0.000804
0.000561
0.000330
0.000361
0.000282
0.000282
0.000276
0.000260
0.000339
0.000260
0.000198
0.000244
0.000255
0.000193
0.000137
0.000121
0.000225
0.000159
0.000032
-0.000087
-0.000079
-0.000079
0.000149
0.001728
0.005356
0.009556
0.011438
0.013695
0.004417
0.000313
-0.002498
-0.003350
-0.003926
-0.006332
-0.003641
-0.001137
-0.000388
-0.000111
0.000062
0.000171
0.000236
-0.000138
-0.001770
-0.003551
-0.005255
-0.005061
-0.005008
0.000307
-0.003875
-0.000990
0.004660
0.000413
-0.004858
-0.007453
-0.009313
-0.007774
-0.004899
0.000515
0.000880
0.000981
0.000797
0.000704
0.000791
0.000846
0.000782
0.000858
0.000700
0.000743
0.000750
0.000724
0.000573
0.000731
0.000896
0.000685
0.000413
0.000346
0.000308
0.000308
0.000293
0.000324
0.000261
0.000250
0.000205
0.000239
0.000257
0.000281
0.000262
0.000230
0.000177
0.000184
-0.000132
-0.000222
-0.000150
-0.000083
-0.000061
-0.000042
0.000321
0.002974
0.009636
0.011608
0.011579
0.004289
-0.001837
-0.004229
-0.003618
-0.003374
-0.005216
-0.003691
-0.001535
-0.000509
-0.000099
0.000145
0.000217
0.000268
-0.000467
-0.002087
-0.003818
-0.004651
-0.004383
-0.004056
-0.003790
0.000051
0.000358
0.004226
-0.003281
-0.007895
-0.008398
-0.009177
-0.008498
-0.007349
-0.004502
0.000410
0.000813
0.000740
0.000755
0.000966
0.000922
0.000857
0.000850
0.000645
0.000699
0.000848
0.000895
0.000729
0.000734
0.000776
0.000716
0.000530
0.000297
0.000301
0.000298
0.000252
0.000175
0.000183
0.000258
0.000366
0.000593
0.000182
0.000138
0.000276
0.000162
-0.000168
-0.000199
-0.000235
-0.000246
-0.000204
-0.000169
-0.000220
-0.000226
-0.000192
-0.001062
0.008023
0.010033
0.010708
0.004416
0.000160
-0.003332
-0.005672
-0.004177
-0.005022
-0.003950
-0.002276
-0.000481
-0.000081
-0.000120
0.000158
0.000185
-0.000484
-0.001439
-0.003822
-0.003820
-0.003600
-0.004352
-0.004591
-0.003954
-0.004981
-0.003414
-0.006867
-0.008090
-0.008353
-0.009074
-0.008490
-0.007501
-0.007373
-0.005907
-0.003847
0.000436
0.000682
0.000866
0.000888
0.000874
0.000900
0.000885
0.000848
0.000926
0.000899
0.000748
0.000604
0.000566
0.000753
0.000759
0.000353
0.000298
0.000289
0.000241
0.000139
0.000095
0.000129
0.000145
0.000136
0.000284
0.000351
0.000290
-0.000000
-0.000172
-0.000196
-0.000233
-0.000140
-0.000136
-0.000148
-0.000172
-0.000186
0.000166
0.000303
0.000186
0.000206
0.000922
0.000634
0.000151
0.001129
-0.003743
-0.003226
-0.003762
-0.002398
-0.001489
-0.000302
-0.000076
0.000192
0.000246
0.000101
-0.000245
-0.000716
-0.002249
-0.002828
-0.003237
-0.003801
-0.004078
-0.004696
-0.004387
-0.000197
-0.006451
-0.008444
-0.008327
-0.008895
-0.008784
-0.007896
-0.007371
-0.006524
-0.006739
-0.004372
-0.000582
0.000900
0.000934
0.000862
0.000949
0.000901
0.000770
0.000873
0.000934
0.000880
0.000488
0.000516
0.000718
0.000580
0.000359
0.000325
0.000316
0.000233
0.000164
0.000062
0.000050
0.000103
0.000090
0.000205
0.000228
0.000300
0.000315
0.000276
0.000344
-0.000073
0.000196
0.000286
0.000274
0.000282
0.000228
0.000204
0.000153
0.000163
0.000064
0.000114
0.000195
0.000129
0.000003
0.000477
0.001010
-0.002080
-0.001142
-0.000673
-0.000105
0.000090
0.000176
0.000219
0.000054
-0.000057
0.000227
-0.001470
-0.002661
-0.002014
-0.002736
-0.004178
-0.005135
-0.005507
-0.005907
-0.004946
-0.008036
-0.008673
-0.008509
-0.007564
-0.008190
-0.005479
-0.006008
-0.004590
0.000507
-0.000383
0.001901
0.002072
0.001401
0.000881
0.000806
0.000831
0.000854
0.000783
0.000638
0.000407
0.000571
0.000702
0.000673
0.000409
0.000254
0.000300
0.000217
0.000109
0.000129
0.000077
0.000073
0.000204
0.000211
0.000259
0.000231
0.000209
0.000236
0.000199
0.000206
0.000253
0.000234
0.000258
0.000230
0.000208
0.000206
0.000200
0.000174
0.000105
0.000157
0.000184
0.000187
0.000166
0.000186
0.000053
-0.000059
-0.000116
-0.000118
0.000070
0.000358
-0.000175
0.000585
0.000283
0.000296
0.000451
-0.000291
-0.001815
-0.002008
-0.002109
-0.002972
-0.004456
-0.005196
-0.007080
-0.005980
-0.006007
-0.007269
-0.005818
-0.004964
-0.005439
-0.004516
-0.002225
0.001000
0.001402
0.001370
0.002186
0.002140
0.002172
0.001657
0.001560
0.001736
0.001469
0.000797
0.000385
0.000544
0.000531
0.000567
0.000694
0.000392
0.000338
0.000276
0.000168
0.000136
0.000173
0.000147
0.000184
0.000283
0.000234
0.000210
0.000264
0.000235
0.000259
0.000215
0.000279
0.000272
0.000278
0.000307
0.000261
0.000215
0.000214
0.000223
0.000198
0.000131
0.000111
0.000123
0.000194
0.000163
0.000187
0.000194
0.000223
0.000197
0.000159
0.000118
0.000095
0.000059
0.000248
0.000367
0.000653
0.000630
0.001185
0.000593
0.000746
-0.001663
-0.004208
-0.007085
-0.005670
-0.006399
-0.007854
-0.006323
-0.003890
-0.002401
-0.002276
-0.001818
-0.000605
0.000520
0.001631
0.002324
0.001873
0.001440
0.002132
0.002075
0.001982
0.001679
0.001752
0.001528
0.000963
0.000686
0.000688
0.000468
0.000535
0.000779
0.000348
0.000157
0.000111
0.000183
0.000136
0.000214
0.000316
0.000274
0.000210
0.000223
0.000245
0.000265
0.000230
0.000222
0.000271
0.000248
0.000317
0.000326
0.000336
0.000256
0.000231
0.000187
0.000202
0.000186
0.000119
0.000078
0.000128
0.000196
0.000192
0.000210
0.000211
0.000208
0.000192
0.000170
0.000157
0.000115
0.000111
0.000114
0.000119
0.000120
0.000242
0.000303
0.000242
0.000348
0.000922
-0.002916
-0.004844
-0.005955
-0.008169
-0.007352
-0.006225
-0.002268
-0.000184
-0.000510
0.000132
0.000438
0.001341
0.001863
0.002146
0.002430
0.001529
0.001522
0.001667
0.001659
0.001536
0.001569
0.001898
0.001285
0.000962
0.000776
0.000577
0.000540
0.000742
0.000264
0.000077
-0.000022
0.000071
0.000218
0.000272
0.000380
0.000306
0.000254
0.000279
0.000172
0.000278
0.000191
0.000246
0.000234
0.000205
0.000241
0.000319
0.000303
0.000249
0.000256
0.000238
0.000266
0.000211
0.000131
0.000056
0.000090
0.000166
0.000217
0.000203
0.000170
0.000174
0.000199
0.000177
0.000199
0.000220
0.000179
0.000145
0.000152
0.000213
0.000279
0.000319
0.000294
0.000274
0.000312
0.000945
-0.003572
-0.004290
-0.005210
-0.005158
-0.006017
-0.005700
-0.001171
0.002162
0.002191
0.001917
0.001553
0.001912
0.002237
0.002447
0.001596
0.001388
0.001261
0.001162
0.001817
0.001780
0.001592
0.001302
0.000932
0.000959
0.000889
0.000676
0.000806
0.000005
0.000046
-0.000072
0.000137
0.000188
0.000294
0.000390
0.000332
0.000229
0.000115
0.000130
0.000138
0.000120
0.000237
0.000233
0.000220
0.000273
0.000324
0.000342
0.000248
0.000279
0.000250
0.000230
0.000241
0.000140
0.000065
0.000074
0.000134
0.000201
0.000211
0.000112
0.000127
0.000213
0.000179
0.000237
0.000183
0.000146
0.000158
0.000192
0.000223
0.000245
0.000361
0.000421
0.000387
0.000398
0.000416
0.000895
-0.000855
0.000019
-0.000517
-0.003305
-0.008640
-0.006752
0.001725
0.002085
0.002003
0.001779
0.002085
0.002373
0.002413
0.001984
0.001604
0.001567
0.001581
0.001651
0.001811
0.001558
0.001464
0.001258
0.001248
0.001029
0.000793
0.000909
0.000082
-0.000003
-0.000032
0.000133
0.000323
0.000353
0.000378
0.000401
0.000302
0.000221
0.000238
0.000058
0.000172
0.000422
0.000389
0.000262
0.000290
0.000285
0.000301
0.000263
0.000252
0.000231
0.000223
0.000244
0.000198
0.000160
0.000071
0.000124
0.000176
0.000249
0.000195
0.000220
0.000236
0.000230
0.000193
0.000191
0.000253
0.000242
0.000211
0.000294
0.000331
0.000505
0.000600
0.000508
0.000416
0.000477
0.000569
0.000713
0.000844
0.000768
-0.000296
-0.006351
0.000053
0.001873
0.002052
0.002146
0.001856
0.001515
0.002039
0.002175
0.001578
0.001644
0.001764
0.001734
0.001836
0.001444
0.001584
0.001804
0.001717
0.001368
0.001084
0.001010
0.000986
0.000251
0.000149
0.000059
0.000153
0.000305
0.000423
0.000439
0.000467
0.000422
0.000365
0.000317
-0.000001
0.000061
0.000283
0.000307
0.000258
0.000192
0.000173
0.000208
0.000232
0.000227
0.000227
0.000230
0.000228
0.000233
0.000165
0.000127
0.000151
0.000162
0.000187
0.000286
0.000253
0.000264
0.000239
0.000219
0.000261
0.000317
0.000428
0.000312
0.000355
0.000455
0.000448
0.000416
0.000384
0.000457
0.000446
0.000541
0.000626
0.000913
0.001390
0.000301
0.001689
0.001899
0.002181
0.002233
0.002255
0.002082
0.001686
0.002050
0.002002
0.002045
0.002197
0.001977
0.001865
0.001551
0.001647
0.001926
0.001899
0.001584
0.001300
0.001010
0.000910
0.000647
0.000353
0.000275
0.000179
0.000160
0.000340
0.000467
0.000478
0.000418
0.000454
0.000402
0.000383
0.000125
0.000022
0.000142
0.000259
0.000212
0.000189
0.000090
0.000170
0.000173
0.000207
0.000245
0.000249
0.000290
0.000293
0.000195
0.000165
0.000088
0.000061
0.000225
0.000304
0.000274
0.000272
0.000338
0.000332
0.000345
0.000345
0.000404
0.000298
0.000277
0.000324
0.000285
0.000340
0.000386
0.000436
0.000387
0.000457
0.000615
0.000825
0.001301
0.001607
0.001936
0.002029
0.002226
0.002104
0.002226
0.002321
0.001902
0.001863
0.002084
0.002263
0.002122
0.001835
0.001620
0.001598
0.001809
0.001833
0.001663
0.001284
0.001357
0.001065
0.000881
0.000735
0.000436
0.000343
0.000351
0.000281
0.000386
0.000382
0.000363
0.000325
0.000343
0.000369
0.000369
0.000141
0.000104
0.000037
0.000132
0.000178
0.000123
0.000049
0.000063
0.000165
0.000220
0.000261
0.000288
0.000301
0.000319
0.000242
0.000093
-0.000006
-0.000081
0.000112
0.000255
0.000293
0.000334
0.000307
0.000303
0.000275
0.000233
0.000324
0.000336
0.000187
0.000215
0.000207
0.000319
0.000390
0.000348
0.000389
0.000326
0.000332
0.000672
0.001083
0.001700
0.001967
0.002108
0.002020
0.002045
0.002243
0.002344
0.002095
0.001930
0.002152
0.001992
0.001647
0.001595
0.001752
0.001918
0.001630
0.001387
0.001354
0.001543
0.001407
0.001151
0.000972
0.001109
0.000423
0.000386
0.000418
0.000339
0.000337
0.000295
0.000275
0.000270
0.000333
0.000381
0.000376
0.000312
0.000154
0.000098
0.000100
0.000156
0.000070
0.000054
-0.000012
0.000214
0.000244
0.000270
0.000271
0.000310
0.000306
0.000280
0.000107
0.000029
0.000027
0.000033
0.000165
0.000367
0.000384
0.000350
0.000305
0.000260
0.000158
0.000197
0.000266
0.000116
0.000198
0.000254
0.000296
0.000255
0.000351
0.000430
0.000592
0.000563
0.000611
0.000973
0.001683
0.002151
0.001971
0.001893
0.002074
0.002182
0.002145
0.002162
0.002202
0.001986
0.001864
0.001902
0.001629
0.001549
0.001311
0.001154
0.001178
0.001183
0.001493
0.001283
0.001262
0.001074
0.001145
