0.000867
0.000548
0.000273
0.000632
0.000421
0.000101
-0.000065
0.000438
-0.000176
-0.000146
0.000375
-0.000603
0.000995
0.001031
0.001157
0.000627
0.000627
0.000677
0.000601
0.000590
0.000766
0.001063
0.001078
0.001032
0.001191
0.001133
0.001162
0.001262
0.001382
0.001064
0.001143
0.000983
0.001007
0.001057
0.001118
0.001016
0.000989
0.000896
0.000776
0.000928
0.001039
0.001001
0.000969
0.000837
0.000870
0.000852
0.000666
0.000565
0.000511
0.000485
-0.000055
-0.004938
-0.000030
0.000526
0.003317
0.000653
0.000557
0.000521
0.000546
0.000545
0.000485
0.000479
0.000563
0.000610
0.000255
0.000230
-0.001158
-0.000236
-0.000535
-0.000533
0.000061
-0.000556
0.000195
0.000987
0.000932
0.000901
0.000954
0.000927
0.000776
0.000665
0.000716
0.000827
0.000682
0.000687
0.001119
0.001187
0.001272
0.001209
0.001027
0.000793
0.000870
0.000844
0.000901
0.001004
0.001097
0.001017
0.001026
0.001042
0.001043
0.001083
0.001230
0.001317
0.001208
0.001144
0.001248
0.001092
0.000900
0.001037
0.000934
0.000973
0.000959
0.000724
0.000698
0.000803
0.000833
0.000842
0.000848
0.000827
0.000663
0.000705
0.000654
0.000552
0.000503
0.000486
-0.000231
0.000248
0.000502
0.000673
0.000629
0.000657
0.000624
0.000505
0.000532
0.000446
0.000421
0.000294
0.000340
0.000414
0.000459
0.000448
0.000396
0.000459
0.000419
0.000425
0.000514
0.000479
0.000962
0.000985
0.001015
0.000866
0.000711
0.000606
0.000723
0.000599
0.000423
0.000639
0.000664
0.000788
0.001024
0.001085
0.001042
0.000946
0.000792
0.000683
0.000926
0.000874
0.000949
0.000942
0.001025
0.001017
0.001032
0.001105
0.001104
0.001159
0.001244
0.001207
0.001365
0.001251
0.001004
0.000891
0.000895
0.000944
0.000885
0.000927
0.000894
0.000886
0.000913
0.000876
0.000869
0.000835
0.000725
0.000797
0.000783
0.000646
0.000507
0.000503
0.000509
0.000449
0.000425
0.000256
0.000344
0.000526
0.000570
0.000448
0.000498
0.000483
0.000466
0.000482
0.000433
0.000357
0.000456
0.000394
0.000469
0.000530
0.000450
0.000499
0.000480
0.000450
0.000411
0.000813
0.000905
0.000948
0.000758
0.000601
0.000233
0.000502
0.000518
0.000740
0.000864
0.000579
0.000667
0.000558
0.000894
0.000826
0.000709
0.000648
0.000378
0.000739
0.000904
0.000841
0.000975
0.000934
0.001006
0.000852
0.000991
0.001043
0.001095
0.001203
0.000978
0.001274
0.001232
0.000960
0.000815
0.000829
0.001002
0.001097
0.001077
0.001023
0.001049
0.001020
0.001012
0.000943
0.000830
0.000712
0.000756
0.000786
0.000668
0.000689
0.000545
0.000543
0.000524
0.000473
0.000526
0.000483
0.000431
0.000508
0.000451
0.000495
0.000499
0.000514
0.000454
0.000436
0.000403
0.000475
0.000427
0.000561
0.000551
0.000442
0.000439
0.000473
0.000533
0.000627
0.000862
0.000897
0.000972
0.000764
0.000483
0.000278
0.000297
0.000428
0.000713
0.000860
0.000890
0.000609
0.000713
0.000547
0.000528
0.000385
0.000203
0.000415
0.000434
0.000816
0.000918
0.001010
0.000967
0.000876
0.001764
-0.000248
0.000929
0.001168
0.001207
0.001072
0.001189
0.001211
0.000892
0.000623
0.000565
0.001162
0.001117
0.001170
0.001040
0.000983
0.000982
0.001081
0.001102
0.000920
0.000631
0.000735
0.000817
0.000723
0.000696
0.000509
0.000367
0.000513
0.000517
0.000514
0.000480
0.000531
0.000490
0.000508
0.000527
0.000510
0.000439
0.000426
0.000448
0.000448
0.000493
0.000467
0.000471
0.000480
0.000461
0.000384
0.000456
0.000592
-0.002169
0.000782
0.000910
0.000861
0.000778
0.000444
0.000493
0.000352
0.000562
0.000775
0.000916
0.000807
0.000623
0.000376
0.000411
0.000453
0.000103
0.000171
0.000457
0.000595
0.000715
0.000827
0.000850
0.000657
0.000681
0.000416
-0.000221
0.000856
0.001071
0.001080
0.000942
0.001005
0.001066
0.000869
0.000685
0.000742
0.000902
0.001185
0.001257
0.001173
0.000993
0.000883
0.000906
0.001038
0.001105
0.000858
0.000673
0.000719
0.000692
0.000737
0.000625
0.000598
0.000444
0.000578
0.000514
0.000494
0.000575
0.000661
0.000612
0.000529
0.000426
0.000484
0.000471
0.000490
0.000370
0.000412
0.000429
0.000428
0.000457
0.000486
0.000563
0.000567
0.000505
0.000573
0.000881
0.000846
0.000833
0.000926
0.000838
0.000767
0.000712
0.000698
0.000831
0.000881
0.000731
0.000660
0.000524
0.000475
0.000177
0.000243
0.000098
0.000249
0.000581
0.000628
0.000688
0.000694
0.000793
0.000611
0.000339
0.000732
0.000789
0.000962
0.001141
0.001025
0.000966
0.001016
0.001047
0.000934
0.000902
0.001158
0.001242
0.001184
0.001293
0.001064
0.000934
0.000942
0.000993
0.000964
0.000902
0.000774
0.000591
0.000736
0.000700
0.000716
0.000798
0.000625
0.000603
0.000670
0.000647
0.000664
0.000724
0.000823
0.000728
0.000461
0.000545
0.000533
0.000442
0.000438
0.000555
0.000460
0.000403
0.000471
0.000456
0.000426
0.000434
0.000406
0.000571
0.000881
0.000856
0.000933
0.000897
0.000829
0.000842
0.000881
0.000826
0.000855
0.000766
0.000704
0.000661
0.000616
0.000500
0.000464
0.000431
0.000428
0.000516
0.000589
0.000700
0.000533
0.000566
0.000492
0.000549
0.000721
0.000790
0.000848
0.001096
0.000946
0.001131
0.000994
0.001033
0.001131
0.000919
0.000959
0.001083
0.001229
0.001328
0.001264
0.001182
0.000913
0.000972
0.000865
0.000911
0.000967
0.000714
0.000625
0.000502
0.000593
0.000701
0.000755
0.000652
0.000641
0.000724
0.000551
0.000791
0.000707
0.000929
0.000780
0.000545
0.000531
0.000506
0.000467
0.000464
0.000566
0.000492
0.000472
0.000444
0.000516
0.000411
0.000441
0.000720
0.000712
0.000820
0.000857
0.000972
0.000827
0.000829
0.000839
0.000984
0.000896
0.000823
0.000625
0.000524
0.000617
0.000608
0.000611
0.000645
0.000520
0.000419
0.000546
0.000707
0.000743
0.000569
0.000422
0.000672
0.000542
0.000734
0.000841
0.000931
0.001048
0.001129
0.001046
0.000887
0.000828
0.001086
0.001184
0.001049
0.001159
0.001272
0.001260
0.001291
0.001211
0.000949
0.001016
0.000969
0.000964
0.000960
0.000895
0.000634
0.000708
0.000669
0.000629
0.000616
0.000472
0.000443
0.000565
0.000660
0.000704
0.000683
0.000732
0.000631
0.000552
0.000540
0.000454
0.000457
0.000480
0.000552
0.000487
0.000444
0.000466
0.000388
0.000460
0.000508
0.000490
0.001326
0.000866
0.000779
0.000884
0.000923
0.000871
0.000838
0.000932
0.000828
0.000608
0.000544
0.000456
0.000536
0.000612
0.000666
0.000659
0.000722
0.000570
0.000688
0.000685
0.000709
0.000626
0.000457
0.000379
0.000565
0.000753
0.000875
0.001055
0.001172
0.001250
0.001228
0.001139
0.001087
0.001194
0.001290
0.000489
0.002284
0.001410
0.001273
0.001316
0.001145
0.000865
0.000814
0.000681
0.000834
0.000963
0.000864
0.000710
0.000730
0.000657
0.000606
0.000497
0.000485
0.000400
0.000403
0.000544
0.000606
0.000651
0.000597
0.000602
0.000628
0.000563
0.000538
0.000489
0.000511
0.000512
0.000445
0.000492
0.000486
0.000578
0.000490
0.000622
0.000528
0.000541
0.000791
0.000755
0.000841
0.000892
0.000923
0.000985
0.000821
0.000801
0.000596
0.000530
0.000494
0.000568
0.000656
0.000628
0.000493
0.000646
0.000639
0.000700
0.000756
0.000710
0.000756
0.000638
0.000435
0.000459
0.000731
0.000794
0.001074
0.001215
0.001264
0.001229
0.001172
0.001211
0.001361
0.001317
0.000030
0.002786
0.002391
0.000886
0.002769
0.001426
0.000893
0.000849
0.000697
0.000776
0.000863
0.000749
0.000643
0.000583
0.000545
0.000579
0.000560
0.000546
0.000471
0.000398
0.000468
0.000541
0.000541
0.000624
0.000529
0.000603
0.000535
0.000547
0.000438
0.000485
0.000433
0.000490
0.000591
0.000569
0.000719
0.000636
0.000673
0.000705
0.000651
0.000864
0.000824
0.000815
0.000877
0.000990
0.000927
0.000806
0.000684
0.000643
0.000545
0.000522
0.000527
0.000594
0.000542
0.000459
0.000517
0.000587
0.000715
0.000784
0.000697
0.000740
0.000779
0.000652
0.000743
0.000763
0.000838
0.001041
0.001198
0.001023
0.001306
0.001217
0.001276
0.001547
0.001307
0.001046
-0.004233
-0.002450
0.000101
0.003179
0.001725
0.000975
0.000775
0.000645
0.000674
0.000643
0.000647
0.000612
0.000568
0.000543
0.000600
0.000538
0.000516
0.000473
0.000507
0.000552
0.000515
0.000606
0.000611
0.000414
0.000568
0.000598
0.000502
0.000438
0.000449
0.000438
0.000459
0.000670
0.000752
0.000603
0.000608
0.000613
0.000582
0.000565
0.000906
0.000863
0.000799
0.000871
0.000936
0.000896
0.000627
0.000634
0.000653
0.000535
0.000557
0.000521
0.000431
0.000393
0.000337
0.000593
0.000804
0.000798
0.000656
0.000744
0.000767
0.000805
0.000635
0.000688
0.000823
0.000838
0.000985
0.001089
0.001031
0.000930
0.001315
0.001463
0.001589
0.001560
0.001471
0.000965
0.000687
-0.001807
-0.001264
-0.000107
0.000767
0.000737
0.000661
0.000646
0.000520
0.000870
0.000774
0.000627
0.000638
0.000622
0.000591
0.000617
0.000651
0.000590
0.000573
0.000577
0.000640
0.000525
0.000489
0.000520
0.000612
0.000514
0.000470
0.000479
0.000505
0.000704
0.000789
0.000649
0.000647
0.000627
0.000541
0.000405
0.000725
0.000806
0.000787
0.000837
0.000850
0.000897
0.000813
0.000628
0.000549
0.000458
0.000435
0.000535
0.000436
0.000568
0.000409
0.000418
0.000632
0.000646
0.000659
0.000860
0.000741
0.000743
0.000737
0.000187
-0.000783
-0.001295
-0.000407
0.000511
0.001129
0.001038
0.001081
0.001439
0.001620
0.001428
0.001569
0.001587
0.001339
0.001191
0.000775
-0.000766
-0.000515
0.000696
0.000608
0.000586
0.000598
0.000694
0.000741
0.000713
0.000714
0.000637
0.000672
0.000551
0.000520
0.000485
0.000635
0.000698
0.000618
0.000603
0.000555
0.000471
0.000405
0.000523
0.000530
0.000527
0.000593
0.000622
0.000748
0.000693
0.000745
0.000668
0.000588
0.000444
0.000494
0.000333
0.000860
0.000859
0.000733
0.000803
0.000913
0.000831
0.000685
0.000550
0.000457
0.000425
0.000541
0.000590
0.000552
0.000462
0.000515
0.000527
0.000644
0.000777
0.000771
0.000955
0.000738
0.000056
-0.001296
-0.008873
-0.020528
-0.014851
-0.008511
-0.001162
0.001154
0.001098
0.001309
0.001539
0.001603
0.001527
0.001610
0.001572
0.001324
0.001367
0.001215
0.000932
0.000723
0.000538
0.000682
0.000739
0.000701
0.000781
0.000671
0.000683
0.000665
0.000544
0.000564
0.000531
0.000553
0.000562
0.000766
0.000771
0.000558
0.000536
0.000395
0.000435
0.000483
0.000461
0.000615
0.000640
0.000818
0.000873
0.000716
0.000752
0.000726
0.000650
0.000556
0.000469
0.000401
0.000828
0.000845
0.000785
0.000702
0.000729
0.000650
0.000579
0.000519
0.000548
0.000452
0.000537
0.000580
0.000568
0.000499
0.000522
0.000563
0.000648
0.000708
0.000804
0.000821
0.000061
-0.001116
-0.000245
0.000890
-0.017158
-0.012378
-0.045222
-0.035146
-0.003649
0.000898
0.001760
0.001628
0.001619
0.001487
0.001606
0.001708
0.001557
0.001480
0.001429
0.001059
0.000619
0.000512
0.000670
0.000856
0.000895
0.000781
0.000689
0.000766
0.000659
0.000577
0.000603
0.000553
0.000562
0.000572
0.000795
0.000778
0.000518
0.000450
0.000307
0.000330
0.000470
0.000497
0.000656
0.000643
0.000732
0.000846
0.000771
0.000853
0.000954
0.000880
0.000807
0.000694
0.000401
0.000859
0.000821
0.000473
0.000517
0.000523
0.000521
0.000476
0.000579
0.000538
0.000436
0.000477
0.000452
0.000558
0.000529
0.000538
0.000639
0.000583
0.000450
0.000822
0.000794
-0.003897
-0.003921
-0.002037
-0.004894
-0.012854
-0.002650
-0.011053
-0.034586
-0.024344
0.001293
0.002002
0.001846
0.001857
0.001737
0.001758
0.001831
0.001823
0.001625
0.001483
0.000952
0.000572
0.000352
0.000748
0.000933
0.000968
0.000849
0.000750
0.000620
0.000680
0.000622
0.000596
0.000587
0.000604
0.000600
0.000698
0.000661
0.000453
0.000399
0.000418
0.000396
0.000541
0.000535
0.000535
0.000744
0.000774
0.000915
0.000901
0.000924
0.000639
0.000835
0.000659
0.000737
-0.001100
0.000802
0.000727
0.000592
0.000610
0.000516
0.000562
0.000565
0.000685
0.000565
0.000565
0.000428
0.000463
0.000450
0.000547
0.000414
0.000231
-0.000263
0.000780
0.002125
0.001434
0.001092
0.000670
0.000516
0.000608
0.000928
0.003871
-0.008427
-0.017951
-0.000246
0.002082
0.002141
0.002017
0.001848
0.001815
0.001813
0.002059
0.002122
0.001787
0.001471
0.000977
0.000721
0.000712
0.000931
0.000962
0.000889
0.000820
0.000682
0.000643
0.000695
0.000609
0.000670
0.000701
0.000529
0.000501
0.000560
0.000670
0.000621
0.000514
0.000498
0.000510
0.000511
0.000486
0.000597
0.000604
0.000736
0.000810
0.000819
0.000648
0.000582
0.000643
0.000638
0.000716
0.000499
0.000847
0.000813
0.000626
0.000555
0.000472
0.000553
0.000642
0.000679
0.000675
0.000461
0.000429
0.000413
0.000556
0.000250
0.000743
0.000128
0.000612
0.001691
0.001066
0.000952
0.001189
0.001084
0.000264
0.000638
0.001842
0.003340
-0.000942
0.000514
-0.001013
0.001677
0.001887
0.001856
0.001757
0.001867
0.001887
0.003031
0.002923
0.001594
0.001455
0.001127
0.000812
0.000840
0.000888
0.000881
0.000862
0.000712
0.000617
0.000508
0.000579
0.000690
0.000716
0.000689
0.000624
0.000549
0.000518
0.000671
0.000665
0.000501
0.000516
0.000470
0.000687
0.000813
0.000607
0.000772
0.000912
0.000803
0.000683
0.000662
0.000633
0.000787
0.000674
0.000709
0.000547
0.000781
0.000730
0.000714
0.000552
0.000495
0.000534
0.000643
0.000628
0.000532
0.000477
0.000367
0.000443
0.000036
-0.001387
0.002128
0.000633
0.000964
0.000687
0.000778
0.001028
0.001220
0.001251
0.000333
0.000671
0.001014
-0.008119
-0.007991
-0.005520
-0.003509
-0.006662
-0.006392
-0.002446
0.002262
0.006780
0.014528
0.015618
0.012749
0.005037
0.002507
0.001415
0.001037
0.000835
0.000855
0.000806
0.000836
0.000843
0.000680
0.000632
0.000585
0.000647
0.000732
0.000744
0.000639
0.000531
0.000350
0.000744
0.000637
0.000543
0.000440
0.000584
0.000604
0.000655
0.000839
0.000751
0.000717
0.000668
0.000818
0.000906
0.000753
0.000839
0.000847
0.000682
0.000628
0.000776
0.000592
0.000552
0.000563
0.000498
0.000464
0.000542
0.000555
0.000503
0.000506
0.000376
-0.000185
-0.001636
-0.001066
0.002015
0.000028
0.000204
0.000555
0.000598
0.000698
0.001264
0.001265
0.000587
0.000529
-0.003729
-0.011209
-0.009901
-0.006017
-0.000531
-0.002681
-0.006701
-0.005940
-0.002700
-0.000796
0.005745
0.009575
0.016553
0.017148
0.009190
0.004002
0.002125
0.003560
0.001128
0.000962
0.001026
0.000914
0.000870
0.000656
0.000607
0.000653
0.000784
0.000771
0.000801
0.000675
0.000487
0.000797
0.000749
0.000678
0.000535
0.000630
0.000595
0.000722
0.000780
0.000692
0.000848
0.000800
0.000951
0.000979
0.000872
0.000911
0.000822
0.000712
-0.000596
0.000766
0.000589
0.000510
0.000504
0.000519
0.000482
0.000512
0.000520
0.000535
0.000499
0.000450
-0.000721
-0.003356
-0.001932
0.000138
-0.000765
0.000171
0.000436
0.000534
0.000740
0.001337
0.000868
-0.000197
-0.000995
-0.003744
-0.009593
-0.013237
-0.010076
-0.005799
-0.009913
-0.012605
-0.013935
-0.009422
-0.007163
-0.000258
0.002264
0.008375
0.011665
0.005800
0.002808
0.003268
0.004114
0.006310
0.001291
0.001159
0.000924
0.000858
0.000778
0.000680
0.000722
0.000899
0.000843
0.000889
0.000813
0.000736
0.000700
0.000810
0.000794
0.000679
0.000659
0.000624
0.000785
0.000794
0.000797
0.000800
0.000769
0.001074
0.001030
0.000959
0.000869
0.000925
0.000582
0.000361
0.000714
0.000617
0.000467
0.000519
0.000601
0.000538
0.000517
0.000508
0.000578
0.000602
0.000324
0.000332
-0.000584
-0.004602
-0.003397
-0.002314
0.000154
0.000354
0.000642
0.000856
0.000723
-0.001590
-0.000825
-0.001297
-0.002662
-0.007914
-0.012923
-0.011439
-0.010752
-0.014361
-0.015727
-0.015855
-0.013706
-0.011525
-0.004990
-0.002295
0.000999
0.003619
0.002812
0.001710
0.002865
0.005399
0.003890
0.006450
0.010035
0.001459
0.000918
0.000818
0.000823
0.000757
0.000953
0.000915
0.000827
0.000804
0.000742
0.000741
0.000734
0.000726
0.000870
0.000959
0.000935
0.000879
0.000926
0.000985
0.000861
0.000678
0.000975
0.001051
0.000871
0.000977
0.000794
0.000596
0.000426
0.000707
0.000600
0.000551
0.000543
0.000543
0.000606
0.000546
0.000516
0.000546
0.000528
0.000363
0.000351
0.000336
-0.000644
-0.001392
-0.000536
-0.000135
0.000547
0.000633
0.000649
0.000367
-0.001275
-0.001182
-0.001069
-0.003256
-0.007856
-0.011271
-0.013875
-0.011439
-0.012546
-0.014863
-0.013377
-0.014459
-0.011871
-0.008575
-0.005941
-0.004272
-0.000796
-0.000995
0.001541
0.000163
0.000334
-0.005540
0.001425
0.005901
0.011960
0.001916
0.000770
0.000810
0.000968
0.000817
0.000832
0.000803
0.000783
0.000761
0.000818
0.000763
0.000897
0.000937
0.000990
0.000914
0.000670
0.000856
0.001090
0.000798
0.000832
0.000971
0.001083
0.000842
0.000822
0.000849
0.000852
0.000721
0.000611
0.000716
0.000636
0.000549
0.000550
0.000559
0.000511
0.000500
0.000491
0.000445
0.000346
0.000317
0.000424
0.000199
-0.001999
-0.004103
0.000204
0.000821
0.000609
0.000033
-0.000630
-0.000807
-0.002055
-0.003139
-0.003912
-0.010548
-0.011076
-0.011667
-0.009622
-0.009675
-0.011542
-0.010831
-0.013421
-0.011235
-0.008598
-0.006145
-0.005010
-0.001075
-0.003477
-0.001295
-0.001712
-0.009492
-0.007377
-0.000199
0.003950
0.007321
0.011597
0.002460
0.000905
0.000987
0.001019
0.000944
0.000919
0.000847
0.000682
0.000821
0.000780
0.001010
0.000931
0.000939
0.000951
0.000806
0.000871
0.000964
0.000824
0.000843
0.000873
0.000816
0.000571
0.000716
0.000808
0.000945
0.000971
0.000672
0.000695
0.000684
0.000570
0.000516
0.000522
0.000453
0.000474
0.000482
0.000438
0.000357
0.000306
0.000354
0.000338
-0.000208
-0.003016
-0.000139
0.000267
0.000107
0.002256
0.007712
0.006500
0.004037
0.000418
-0.002398
-0.002669
-0.009852
-0.011510
-0.008447
-0.007133
-0.009470
-0.007268
-0.008396
-0.009559
-0.008488
-0.006924
-0.004714
-0.003685
-0.004702
-0.004242
-0.009159
-0.011832
-0.002512
0.002278
0.001444
-0.000024
0.003955
0.010068
0.003449
0.000948
0.000808
0.000818
0.000899
0.000871
0.000907
0.000944
0.000951
0.001086
0.001078
0.001006
0.001000
0.000765
0.000911
0.000925
0.001009
0.001075
0.000917
0.000938
0.000806
0.000744
0.000762
0.001139
0.001239
0.000715
0.000705
0.000739
0.000591
0.000584
0.000543
0.000535
0.000437
0.000407
0.000401
0.000327
0.000274
0.000237
0.000179
0.000178
-0.000029
0.000067
0.000026
-0.000023
-0.000366
-0.000820
0.009445
0.010085
0.005607
0.002182
-0.000523
-0.002048
-0.005063
-0.003655
-0.000964
-0.001284
-0.004655
-0.004154
-0.003697
-0.003891
-0.004780
-0.009836
-0.009951
-0.008734
-0.009440
-0.015424
-0.012460
-0.001230
0.000451
0.001351
-0.000404
0.000148
0.010471
0.020817
0.002543
0.000714
0.000848
0.000934
0.001017
0.000981
0.000990
0.000817
0.001097
0.001167
0.001196
0.001129
0.000927
0.000840
0.001035
0.001178
0.001305
0.001184
0.001042
0.000939
0.000867
0.000948
0.001024
0.001233
0.000678
0.000759
0.000781
0.000693
0.000549
0.000551
0.000547
0.000461
0.000398
0.000335
0.000288
0.000231
0.000175
0.000133
0.000113
0.000095
0.000022
-0.000004
-0.000059
-0.000033
0.000016
0.000182
0.002503
-0.003822
-0.005776
-0.005708
-0.004697
-0.002168
-0.003102
-0.002804
-0.002841
-0.004957
-0.005703
-0.005049
-0.005715
-0.004894
-0.014662
-0.009068
-0.010853
-0.008678
-0.015443
-0.018034
-0.015231
-0.011795
-0.002795
-0.001696
-0.002115
0.001042
0.014172
-0.001862
0.001769
0.000803
0.000856
0.000955
0.001022
0.001137
0.001012
0.001263
0.000968
0.001129
0.001095
0.001010
0.000930
0.000930
0.001121
0.001305
0.001161
0.001112
0.000983
0.001070
0.000763
0.000859
0.000993
0.000575
0.000714
0.000793
0.000742
0.000582
0.000555
0.000541
0.000466
0.000367
0.000280
0.000252
0.000224
0.000163
0.000119
0.000086
-0.000004
-0.000012
-0.000037
-0.000028
0.000031
0.000582
0.019788
0.013249
0.002500
-0.005919
-0.005940
-0.005811
-0.004189
-0.003773
-0.003342
-0.003893
-0.005479
-0.005804
-0.006482
-0.006801
-0.005818
-0.004563
-0.013369
-0.014814
-0.012851
-0.015928
-0.017223
-0.017199
-0.016782
-0.014827
-0.008509
-0.002270
-0.002078
0.000919
-0.003883
-0.006017
0.001199
0.000891
0.001130
0.001140
0.001124
0.001127
0.001298
0.001079
0.000984
0.001103
0.000968
0.000955
0.001054
0.001016
0.001030
0.001006
0.000946
0.000950
0.001062
0.000857
0.000831
0.000618
0.000726
0.000671
0.000871
0.000677
0.000561
0.000496
0.000474
0.000403
0.000313
0.000254
0.000221
0.000229
0.000167
0.000122
0.000052
0.000002
-0.000028
-0.000014
-0.000228
-0.000047
0.016692
0.028898
0.022754
0.014369
-0.000201
-0.005469
-0.004822
-0.006253
-0.004453
-0.003127
-0.003816
-0.006128
-0.006391
-0.006549
-0.006660
-0.005847
-0.005634
-0.004433
-0.004575
-0.016102
-0.017079
-0.019129
-0.017620
-0.018199
-0.019122
-0.016337
-0.004855
-0.001299
-0.001420
-0.007207
-0.006449
-0.003103
0.001024
0.000934
0.001122
0.001087
0.001145
0.001116
0.000972
0.000955
0.001072
0.001108
0.000887
0.000975
0.000871
0.000956
0.000945
0.001108
0.000997
0.001013
0.000932
0.000852
0.000452
0.000766
0.000747
0.000920
0.000708
0.000658
0.000451
0.000440
0.000412
0.000309
0.000276
0.000220
0.000199
0.000158
0.000089
0.000037
-0.000006
0.000008
-0.000709
-0.002084
-0.001568
0.005423
0.027364
0.024228
0.019527
0.008659
-0.004142
-0.005828
-0.006853
-0.005279
-0.003215
-0.002669
-0.007124
-0.007691
-0.006759
-0.006276
-0.006056
-0.005527
-0.005061
-0.005434
-0.005291
-0.004898
-0.004330
-0.015070
-0.016044
-0.016686
-0.016327
-0.005783
-0.001461
-0.001919
-0.005996
-0.004983
-0.005216
-0.002792
0.000996
0.001004
0.000984
0.001124
0.001133
0.001099
0.001073
0.000998
0.000913
0.000911
0.000994
0.000989
0.000957
0.000945
0.001017
0.000961
0.001092
0.001133
0.000886
0.000345
0.000551
0.000631
0.000842
0.000829
0.000663
0.000450
0.000365
0.000334
0.000380
0.000281
0.000216
0.000154
0.000134
0.000068
0.000006
0.000024
-0.000651
-0.001503
-0.002069
-0.002192
0.001968
0.022462
0.023975
0.021545
0.012849
-0.002282
-0.006957
-0.005117
-0.004671
-0.003165
-0.003292
-0.007330
-0.010614
-0.006707
-0.006083
-0.005809
-0.005242
-0.004927
-0.005430
-0.005356
-0.005734
-0.005365
-0.003955
-0.003013
-0.002618
-0.014353
-0.015563
0.000776
-0.002861
-0.004696
-0.004972
-0.004658
-0.004200
-0.003349
-0.002368
0.000806
0.001040
0.001134
0.001182
0.001171
0.000952
0.000820
0.001071
0.000966
0.000934
0.000961
0.001053
0.000858
0.001045
0.001030
0.001123
0.000913
0.000355
0.000491
0.000502
0.000761
0.000728
0.000709
0.000527
0.000359
0.000338
0.000350
0.000237
0.000184
0.000106
0.000127
0.000025
-0.000162
-0.000594
-0.001821
-0.001987
-0.001886
-0.002051
-0.000970
0.008416
0.019245
0.020016
0.011453
-0.001515
-0.004599
-0.006042
-0.003868
-0.003816
-0.003365
-0.005509
-0.005742
-0.004903
-0.004701
-0.004686
-0.004575
-0.003967
-0.004566
-0.005118
-0.005240
-0.005087
-0.004436
-0.002960
-0.002496
-0.001971
-0.013805
0.000908
-0.001135
-0.003865
-0.004256
-0.004329
-0.003897
-0.003675
-0.003219
-0.001910
0.000782
0.001124
0.001106
0.000998
0.001042
0.001096
0.001095
0.001018
0.001040
0.001110
0.001111
0.000658
0.000907
0.000908
0.000919
0.001078
0.000504
0.000568
0.000476
0.000617
0.000631
0.000723
0.000720
0.000663
0.000787
0.001054
0.000126
0.000093
0.000004
-0.000442
-0.001286
-0.001083
-0.001147
-0.001792
-0.001975
-0.002062
-0.001965
-0.001542
0.001895
0.014272
0.019719
0.013707
0.002765
-0.003524
-0.005263
-0.003004
-0.003852
-0.002027
-0.004536
-0.004675
-0.003931
-0.003155
-0.003520
-0.003630
-0.004489
-0.004664
-0.005123
-0.005136
-0.004873
-0.003730
-0.002689
-0.002166
-0.001732
-0.001306
-0.002539
-0.001681
-0.003980
-0.003896
-0.003940
-0.003125
-0.002916
-0.002881
-0.003041
-0.002232
-0.001704
0.000957
0.000977
0.001123
0.001012
0.001072
0.001148
0.001199
0.001211
0.000973
0.000680
0.000869
0.000869
0.000813
0.000871
0.000756
0.000638
0.000523
0.000505
0.000658
0.000828
0.000735
0.000765
0.000660
0.000681
0.000789
0.000820
0.000332
0.000050
-0.001177
-0.001031
-0.001159
-0.000729
-0.001167
-0.001507
-0.001330
-0.001465
0.000456
0.001512
0.002199
0.002213
0.002257
0.001317
0.000328
0.000191
-0.001091
-0.000515
-0.004726
-0.005493
-0.003526
-0.002708
-0.003313
-0.003903
-0.004340
-0.004833
-0.005025
-0.004650
-0.005094
-0.003297
-0.002722
-0.001718
-0.001542
-0.001221
-0.001087
-0.000196
-0.003138
-0.003317
-0.002847
-0.002394
-0.002767
-0.002895
-0.002899
-0.002589
-0.002609
-0.002164
-0.001908
-0.000903
0.001246
0.001268
0.001081
0.001014
0.001090
0.000969
0.000931
0.000978
0.001003
0.000886
0.000804
0.000824
0.000711
0.000675
0.000486
0.000606
0.000736
0.000827
0.000767
0.000688
0.000661
0.000804
0.000548
0.000416
0.000410
0.000450
0.000447
-0.000380
-0.000029
0.000584
0.000568
0.000588
0.000631
0.000722
0.000739
0.000740
0.000822
0.000733
0.000856
0.000899
0.001789
0.001297
0.001401
-0.003626
-0.005014
-0.002300
-0.003063
-0.003447
-0.003884
-0.004115
-0.004766
-0.004423
-0.004428
-0.004476
-0.002642
-0.002281
-0.000978
-0.001108
-0.000535
-0.000676
-0.000489
-0.001255
-0.002903
-0.002773
-0.002753
-0.002557
-0.002853
-0.001814
-0.001975
-0.000705
0.001018
0.001103
0.002478
0.003778
0.003273
0.001314
0.001170
0.001040
0.001187
0.001149
0.000990
0.001223
0.001071
0.001017
0.001102
0.000702
0.000687
0.000457
0.000524
0.000603
0.000878
0.000816
0.000760
0.000773
0.000803
0.000704
0.000759
0.000090
-0.000047
0.000213
0.000404
0.000531
0.000614
0.000579
0.000636
0.000788
0.000738
0.000726
0.000651
0.000677
0.000823
0.000862
0.000878
0.000873
0.002882
0.004504
0.002066
-0.000504
-0.005255
0.000215
0.000906
0.001232
-0.002634
-0.003153
-0.003656
-0.003822
-0.004087
-0.002900
-0.001188
-0.000782
-0.000682
-0.000008
-0.000092
-0.001296
-0.001485
0.000733
-0.002581
-0.002721
-0.001977
-0.001594
-0.000734
0.003408
0.011917
0.011193
0.006762
0.007457
0.004294
0.002248
0.001316
0.000969
0.001068
0.001467
0.001638
0.001116
0.001210
0.001334
0.001294
0.001127
0.000793
0.000661
0.000712
0.000550
0.000669
0.000851
0.000972
0.001005
0.000912
0.000809
0.000808
0.000852
0.000466
-0.000099
0.000117
0.000543
0.000570
0.000693
0.000683
0.000583
0.000630
0.000761
0.000711
0.000541
0.000670
0.000818
0.000837
0.000854
0.000921
0.001368
0.003196
0.001084
0.000537
-0.000681
-0.000523
0.000513
0.000790
0.001300
0.001233
0.001288
0.001250
0.001250
0.001217
0.001250
-0.000452
-0.000585
-0.000388
-0.001276
-0.002730
-0.004022
-0.004441
-0.001023
-0.001850
-0.000221
0.003080
0.008246
0.013794
0.000871
0.001960
0.002049
0.002040
0.001625
0.001119
0.001330
0.001668
0.001684
0.001881
0.001730
0.001399
0.001139
0.001130
0.000901
0.001145
0.000781
0.000807
0.000922
0.000895
0.000691
0.000873
0.001104
0.001093
0.001009
0.000846
0.000599
0.000566
0.000502
0.000514
0.000280
0.000781
0.000747
0.000695
0.000729
0.000719
0.000621
0.000613
0.000629
0.000481
0.000535
0.000844
0.000775
0.000729
0.000742
0.000395
0.001622
0.001812
0.000397
-0.003526
0.000117
0.000733
0.000963
0.001065
0.001320
0.001395
0.001261
0.001311
0.001231
0.001181
0.001274
-0.000379
-0.001843
-0.003474
-0.005160
-0.005657
-0.005377
-0.001280
0.000480
0.010697
0.017633
0.005575
-0.000504
0.001680
0.001778
0.001852
0.001565
0.001563
0.001637
0.001046
0.001286
0.001800
0.001609
0.001761
0.001610
0.001017
0.000960
0.001009
0.000998
0.000622
0.000914
0.000929
0.000686
0.000693
0.000793
0.000891
0.000879
0.000915
0.000716
0.000802
0.000731
0.000594
0.000713
0.000336
0.000672
0.000852
0.000811
0.000526
0.000620
0.000581
0.000574
0.000692
0.000586
0.000564
0.000693
0.000744
0.000636
0.000637
0.000456
0.000951
0.001910
-0.001440
-0.002698
0.000607
0.000858
0.001117
0.001192
0.001342
0.001233
0.001283
0.001326
0.001224
0.001179
0.001090
0.001804
-0.002438
-0.005327
-0.004537
-0.005323
-0.005509
-0.003948
0.004405
0.011038
-0.007158
0.001249
0.001787
0.002035
0.001959
0.001855
0.001991
0.001761
0.001295
0.000996
0.001248
0.001401
0.001911
0.001839
0.001645
0.001120
0.001011
0.001184
0.001256
0.000815
0.000889
0.000855
0.000695
0.000724
0.000641
0.000796
0.001086
0.000727
0.000959
0.000525
0.000542
0.000889
0.000751
0.000418
0.000662
0.000816
0.000771
0.000772
0.000658
0.000623
0.000408
0.000690
0.000707
0.000604
0.000752
0.000657
0.000542
0.000586
0.000659
0.000676
-0.001362
-0.001707
0.000716
0.000614
0.000671
0.001087
0.001242
0.001313
0.001264
0.001266
0.001274
0.001228
0.001248
0.001065
0.001130
0.002989
0.000653
0.005864
-0.002385
-0.000941
0.002712
0.005937
-0.008934
0.001532
0.002049
0.002135
0.002113
0.001943
0.002006
0.002000
0.001646
0.001272
0.001156
0.001016
0.001482
0.001676
0.001527
0.001466
0.001209
0.001221
0.001459
0.001520
0.000874
0.000932
0.000982
0.000755
0.000629
0.000760
0.000678
0.000971
0.000487
0.000870
0.000395
0.000695
0.000954
0.000948
0.000654
0.000496
0.000712
0.000743
0.000743
0.000798
0.000745
0.000603
0.000646
0.000550
0.000700
0.000800
0.000794
0.000565
0.000555
0.000608
0.000739
0.000303
0.000839
0.001210
0.000859
0.000613
0.000965
0.001205
0.001247
0.001254
0.001269
0.001257
0.001359
0.001434
0.001182
0.001197
0.001232
0.002609
0.003716
0.011653
0.006424
0.005250
-0.004895
-0.002707
0.001961
0.002044
0.001986
0.002188
0.002027
0.001854
0.001920
0.001929
0.001482
0.001348
0.001116
0.001063
0.001620
0.001279
0.001332
0.001048
0.001546
0.001462
0.001170
0.000972
0.000907
0.001049
0.000875
0.000905
0.000705
0.000439
0.000552
0.000321
0.000740
0.000612
0.000814
0.001042
0.001098
0.000878
0.000220
0.000514
0.000626
0.000598
0.000721
0.000766
0.000654
0.000618
0.000653
0.000645
0.000685
0.000714
0.000597
0.000629
0.000792
0.000841
0.000970
0.001127
0.001330
0.001133
0.000504
0.000861
0.001203
0.001390
0.001471
0.001289
0.001250
0.001472
0.001211
0.000977
0.001272
0.001313
0.001513
0.002125
0.001147
0.010681
-0.003356
0.000701
0.001839
0.001970
0.001803
0.001915
0.001977
0.002018
0.001791
0.001921
0.002057
0.001828
0.001585
0.001633
0.001154
0.001114
0.001455
0.001209
0.001069
0.001264
0.001283
0.001461
0.001114
0.001042
0.000669
0.000796
0.000817
0.000413
0.000226
0.000593
0.000539
0.000683
0.001022
0.000745
0.000575
0.001073
0.000692
0.000352
0.000361
0.000532
0.000615
0.000591
0.000971
0.000830
0.000601
0.000751
0.000546
0.000717
0.000852
0.000785
0.000710
0.000889
0.000874
0.001025
0.001062
0.001287
0.001154
0.000669
0.000746
0.001482
0.001467
0.001254
0.001089
0.001070
0.001295
0.001232
0.001239
0.001287
0.001587
0.001739
0.001629
0.001761
0.002215
0.001911
0.001600
0.001811
0.001934
0.001955
0.001921
0.001820
0.001942
0.001844
0.002046
0.002196
0.002113
0.001542
0.001355
0.001096
0.001359
0.001632
0.001574
0.001440
0.001170
0.001369
0.001438
0.000628
0.000957
0.000613
0.000578
0.000524
0.000182
0.000273
0.000637
0.000473
0.000661
0.000332
0.000779
0.000799
0.000801
0.000758
0.000421
0.000510
0.000743
0.000759
0.000566
0.000846
0.000893
0.000868
0.000675
0.000437
0.000697
0.000891
0.000941
0.000742
0.000881
0.000852
0.001006
0.001047
0.001211
0.001139
0.001029
0.000885
0.000987
0.001322
0.001015
0.000405
0.000591
0.001157
0.001387
0.001280
0.001455
0.001643
0.001841
0.001853
0.001851
0.001907
0.002081
0.002025
0.001911
0.002082
0.001940
0.001879
0.001861
0.001993
0.002258
0.002087
0.001873
0.001841
0.001664
0.001228
0.001195
0.001280
0.001537
0.001860
0.001514
0.001502
0.001369
0.001361
0.000895
0.000926
0.000614
0.000692
0.000181
0.000119
0.000257
0.000261
0.000308
0.000448
0.000782
0.000831
0.000745
0.000661
0.000828
0.001034
0.000656
0.000797
0.000889
0.000935
0.000962
0.001045
0.001001
0.000973
0.001129
0.001157
0.001035
0.000969
0.000906
0.000910
0.000818
0.000824
0.000986
0.000831
0.000929
0.000809
0.000930
0.000637
0.000612
0.000621
0.000460
0.000209
0.001121
0.001351
0.001430
0.001481
0.001686
0.002025
0.002221
0.002219
0.002013
0.002097
0.002139
0.002047
0.002020
0.002066
0.002255
0.001971
0.002057
0.002077
0.001823
0.001946
0.001813
0.001720
0.001438
0.001356
0.001572
0.001584
0.001455
0.001310
0.001148
0.001387
0.001488
