-0.000725
-0.000884
-0.000782
0.000632
-0.000664
-0.000807
-0.000886
0.000438
-0.000859
-0.000896
-0.000819
-0.000603
-0.000834
-0.000780
-0.000911
-0.000707
-0.000765
-0.000759
-0.000761
-0.000777
-0.000670
-0.000697
-0.000625
-0.000728
-0.000689
-0.000736
-0.000715
-0.000649
-0.000635
-0.000615
-0.000548
-0.000577
-0.000547
-0.000574
-0.000617
-0.000656
-0.000601
-0.000520
-0.000560
-0.000568
-0.000512
-0.000540
-0.000520
-0.000614
-0.000561
-0.000651
-0.000560
-0.000629
-0.000601
-0.000603
-0.000503
-0.000604
-0.000529
-0.000567
-0.000600
-0.000617
-0.000597
-0.000588
-0.000599
-0.000624
-0.000503
-0.000338
-0.000057
0.000134
0.000246
0.000207
-0.001158
0.000221
0.000281
0.000169
0.000061
-0.000072
0.000195
-0.000931
-0.000941
-0.000971
-0.000933
-0.000906
-0.000950
-0.000916
-0.000878
-0.000921
-0.000946
-0.000941
-0.000927
-0.000894
-0.000817
-0.000758
-0.000757
-0.000709
-0.000673
-0.000618
-0.000594
-0.000641
-0.000694
-0.000658
-0.000637
-0.000606
-0.000635
-0.000601
-0.000448
-0.000580
-0.000541
-0.000488
-0.000555
-0.000556
-0.000606
-0.000559
-0.000577
-0.000606
-0.000559
-0.000558
-0.000590
-0.000544
-0.000538
-0.000538
-0.000487
-0.000558
-0.000616
-0.000573
-0.000555
-0.000658
-0.000629
-0.000583
-0.000637
-0.000542
-0.000505
-0.000706
-0.000617
-0.000580
-0.000589
-0.000583
-0.000504
-0.000577
-0.000500
-0.000564
-0.000563
-0.000535
-0.000536
-0.000550
-0.000582
-0.000602
-0.000654
-0.000573
-0.000608
-0.000451
-0.000825
-0.000957
-0.000919
-0.000918
-0.000957
-0.000951
-0.000959
-0.000954
-0.000939
-0.001008
-0.000933
-0.000875
-0.000846
-0.000757
-0.000689
-0.000661
-0.000689
-0.000653
-0.000719
-0.000668
-0.000609
-0.000688
-0.000752
-0.000657
-0.000573
-0.000663
-0.000584
-0.000551
-0.000670
-0.000657
-0.000625
-0.000472
-0.000510
-0.000625
-0.000603
-0.000548
-0.000511
-0.000534
-0.000565
-0.000583
-0.000529
-0.000523
-0.000523
-0.000602
-0.000579
-0.000598
-0.000561
-0.000623
-0.000518
-0.000649
-0.000619
-0.000647
-0.000527
-0.000560
-0.000614
-0.000606
-0.000572
-0.000550
-0.000486
-0.000686
-0.000551
-0.000516
-0.000489
-0.000484
-0.000505
-0.000536
-0.000496
-0.000639
-0.000655
-0.000675
-0.000656
-0.000584
-0.000616
-0.000758
-0.000898
-0.000860
-0.000904
-0.000906
-0.000954
-0.000967
-0.000908
-0.000986
-0.000927
-0.000930
-0.000988
-0.000882
-0.000672
-0.000752
-0.000617
-0.000683
-0.000678
-0.000683
-0.000665
-0.000630
-0.000747
-0.000681
-0.000656
-0.000670
-0.000614
-0.000561
-0.000506
-0.000554
-0.000538
-0.000583
-0.000498
-0.000525
-0.000551
-0.000582
-0.000521
-0.000399
-0.000591
-0.000598
-0.000586
-0.000573
-0.000540
-0.000631
-0.000654
-0.000595
-0.000531
-0.000505
-0.000566
-0.000629
-0.000606
-0.000446
-0.000543
-0.000520
-0.000567
-0.000577
-0.000532
-0.000517
-0.000629
-0.000516
-0.000611
-0.000529
-0.000536
-0.000594
-0.000621
-0.000557
-0.000564
-0.000633
-0.000638
-0.000626
-0.000616
-0.000612
-0.000632
-0.000600
-0.000745
-0.000855
-0.000830
-0.000879
-0.000951
-0.000915
-0.000951
-0.000912
-0.000859
-0.000943
-0.000890
-0.000999
-0.000887
-0.000687
-0.000647
-0.000658
-0.000642
-0.000649
-0.000650
-0.000648
-0.000664
-0.000626
-0.000641
-0.000632
-0.000556
-0.000616
-0.000608
-0.000635
-0.000610
-0.000536
-0.000573
-0.000569
-0.000565
-0.000582
-0.000500
-0.000458
-0.000235
-0.000391
-0.000484
-0.000498
-0.000530
-0.000566
-0.000591
-0.000386
-0.000580
-0.000499
-0.000492
-0.000558
-0.000553
-0.000579
-0.000572
-0.000559
-0.000560
-0.000508
-0.000543
-0.000519
-0.000545
-0.000536
-0.000482
-0.000507
-0.000558
-0.000596
-0.000662
-0.000675
-0.000652
-0.000602
-0.000579
-0.000680
-0.000706
-0.000633
-0.000645
-0.000635
-0.002169
-0.000709
-0.000817
-0.000848
-0.000798
-0.000867
-0.000938
-0.000813
-0.000703
-0.000942
-0.000976
-0.000984
-0.000874
-0.000875
-0.000781
-0.000680
-0.000658
-0.000777
-0.000687
-0.000680
-0.000639
-0.000580
-0.000658
-0.000606
-0.000574
-0.000515
-0.000602
-0.000610
-0.000597
-0.000591
-0.000548
-0.000528
-0.000568
-0.000567
-0.000473
-0.000417
-0.000331
-0.000227
-0.000197
-0.000432
-0.000447
-0.000421
-0.000572
-0.000636
-0.000572
-0.000487
-0.000518
-0.000445
-0.000459
-0.000457
-0.000516
-0.000486
-0.000562
-0.000485
-0.000504
-0.000502
-0.000492
-0.000430
-0.000444
-0.000504
-0.000527
-0.000560
-0.000581
-0.000684
-0.000589
-0.000600
-0.000687
-0.000670
-0.000607
-0.000653
-0.000688
-0.000694
-0.000712
-0.000678
-0.000788
-0.000803
-0.000839
-0.000863
-0.000881
-0.000879
-0.000974
-0.000843
-0.000927
-0.000922
-0.000826
-0.000781
-0.000870
-0.000889
-0.000755
-0.000711
-0.000767
-0.000756
-0.000651
-0.000603
-0.000642
-0.000570
-0.000527
-0.000556
-0.000578
-0.000562
-0.000621
-0.000658
-0.000583
-0.000539
-0.000511
-0.000565
-0.000531
-0.000447
-0.000400
-0.000331
-0.000375
-0.000457
-0.000453
-0.000359
-0.000341
-0.000470
-0.000589
-0.000635
-0.000578
-0.000511
-0.000427
-0.000403
-0.000418
-0.000495
-0.000499
-0.000459
-0.000482
-0.000453
-0.000516
-0.000457
-0.000486
-0.000517
-0.000567
-0.000564
-0.000573
-0.000568
-0.000497
-0.000495
-0.000546
-0.000732
-0.000610
-0.000579
-0.000595
-0.000702
-0.000683
-0.000729
-0.000695
-0.000747
-0.000675
-0.000855
-0.000866
-0.000743
-0.000890
-0.000992
-0.000934
-0.000881
-0.000713
-0.000739
-0.000770
-0.000824
-0.000836
-0.000823
-0.000795
-0.000796
-0.000762
-0.000600
-0.000589
-0.000673
-0.000516
-0.000585
-0.000525
-0.000594
-0.000635
-0.000662
-0.000678
-0.000555
-0.000534
-0.000556
-0.000462
-0.000477
-0.000388
-0.000376
-0.000389
-0.000380
-0.000412
-0.000313
-0.000336
-0.000374
-0.000423
-0.000462
-0.000537
-0.000538
-0.000453
-0.000397
-0.000367
-0.000415
-0.000460
-0.000457
-0.000452
-0.000467
-0.000470
-0.000518
-0.000435
-0.000452
-0.000478
-0.000511
-0.000514
-0.000508
-0.000604
-0.000792
-0.000771
-0.000721
-0.000616
-0.000580
-0.000567
-0.000663
-0.000706
-0.000701
-0.000724
-0.000673
-0.000734
-0.000783
-0.000848
-0.000934
-0.000806
-0.000922
-0.000920
-0.000912
-0.000879
-0.000748
-0.000599
-0.000696
-0.000724
-0.000767
-0.000859
-0.000665
-0.000636
-0.000825
-0.000786
-0.000702
-0.000561
-0.000555
-0.000608
-0.000578
-0.000661
-0.000751
-0.000702
-0.000682
-0.000550
-0.000546
-0.000538
-0.000490
-0.000417
-0.000353
-0.000362
-0.000414
-0.000377
-0.000316
-0.000364
-0.000353
-0.000410
-0.000406
-0.000426
-0.000457
-0.000467
-0.000472
-0.000479
-0.000414
-0.000438
-0.000392
-0.000402
-0.000450
-0.000474
-0.000456
-0.000475
-0.000481
-0.000477
-0.000480
-0.000490
-0.000523
-0.000558
-0.000610
-0.000667
-0.000772
-0.000670
-0.000561
-0.000629
-0.000655
-0.000723
-0.000737
-0.000727
-0.000771
0.001326
-0.000699
-0.000769
-0.000871
-0.000965
-0.000834
-0.000920
-0.000971
-0.000820
-0.000854
-0.000836
-0.000663
-0.000648
-0.000795
-0.000866
-0.000684
-0.000800
-0.000772
-0.000651
-0.000578
-0.000574
-0.000585
-0.000535
-0.000545
-0.000576
-0.000674
-0.000664
-0.000624
-0.000665
-0.000574
-0.000547
-0.000502
-0.000475
-0.000459
-0.000373
-0.000318
-0.000355
-0.000356
-0.000336
-0.000311
-0.000374
-0.000399
-0.000412
-0.000395
-0.000438
-0.000423
-0.000473
-0.000518
-0.000520
-0.000498
-0.000397
-0.000419
-0.000451
-0.000473
-0.000496
-0.000529
-0.000494
-0.000518
-0.000517
-0.000527
-0.000545
-0.000583
-0.000615
-0.000636
-0.000642
-0.000617
-0.000661
-0.000700
-0.000732
-0.000742
-0.000811
-0.000830
-0.000837
-0.000815
-0.000828
-0.000799
-0.000873
-0.000925
-0.000813
-0.000791
-0.000941
-0.000923
-0.000896
-0.000910
-0.000742
-0.000657
-0.000736
-0.000755
-0.000899
-0.000835
-0.000804
-0.000639
-0.000758
-0.000687
-0.000630
-0.000646
-0.000581
-0.000485
-0.000487
-0.000456
-0.000544
-0.000520
-0.000575
-0.000613
-0.000516
-0.000348
-0.000362
-0.000327
-0.000297
-0.000300
-0.000369
-0.000283
-0.000243
-0.000290
-0.000408
-0.000382
-0.000385
-0.000379
-0.000446
-0.000491
-0.000496
-0.000504
-0.000450
-0.000414
-0.000432
-0.000425
-0.000488
-0.000494
-0.000517
-0.000535
-0.000484
-0.000529
-0.000564
-0.000598
-0.000639
-0.000646
-0.000575
-0.000640
-0.000667
-0.000641
-0.000706
-0.000810
-0.000844
-0.000866
-0.000862
-0.000894
-0.000875
-0.000867
-0.000829
-0.000759
-0.000813
-0.000787
-0.000816
-0.000851
-0.000825
-0.000762
-0.000801
-0.000745
-0.000773
-0.000782
-0.000755
-0.000799
-0.000552
-0.000617
-0.000643
-0.000616
-0.000614
-0.000609
-0.000621
-0.000586
-0.000419
-0.000490
-0.000530
-0.000457
-0.000505
-0.000573
-0.000590
-0.000488
-0.000352
-0.000349
-0.000334
-0.000293
-0.000270
-0.000316
-0.000264
-0.000317
-0.000337
-0.000324
-0.000356
-0.000389
-0.000415
-0.000398
-0.000474
-0.000495
-0.000483
-0.000471
-0.000415
-0.000416
-0.000417
-0.000412
-0.000450
-0.000547
-0.000517
-0.000564
-0.000519
-0.000554
-0.000621
-0.000655
-0.000672
-0.000660
-0.000611
-0.000649
-0.000715
-0.000753
-0.000901
-0.000873
-0.000876
-0.000905
-0.000891
-0.000892
-0.000893
-0.000872
-0.000767
-0.000837
-0.000771
-0.000915
-0.000809
-0.000894
-0.000845
-0.000767
-0.000749
-0.000804
-0.000752
-0.000763
-0.000782
-0.000717
-0.000725
-0.000614
-0.000563
-0.000540
-0.000593
-0.000568
-0.000448
-0.000487
-0.000435
-0.000467
-0.000496
-0.000544
-0.000570
-0.000550
-0.000515
-0.000434
-0.000385
-0.000372
-0.000349
-0.000263
-0.000294
-0.000234
-0.000221
-0.000363
-0.000354
-0.000339
-0.000376
-0.000399
-0.000411
-0.000474
-0.000477
-0.000442
-0.000417
-0.000413
-0.000393
-0.000430
-0.000432
-0.000513
-0.000545
-0.000719
-0.000699
-0.000626
-0.000621
-0.000606
-0.000633
-0.000686
-0.000663
-0.000716
-0.000730
-0.000812
-0.000860
-0.000925
-0.000897
-0.000881
-0.000836
-0.000928
0.000725
-0.000816
-0.000877
-0.000941
-0.000935
-0.000851
-0.000773
-0.000743
-0.000764
-0.000854
-0.000757
-0.000745
-0.000797
-0.000667
-0.000629
-0.000747
-0.000673
-0.000547
-0.000561
-0.000611
-0.000556
-0.000676
-0.000830
-0.000427
-0.000707
-0.001162
-0.001142
-0.000722
-0.000628
-0.000725
-0.000574
-0.000547
-0.000426
-0.000416
-0.000375
-0.000362
-0.000336
-0.000260
-0.000262
-0.000233
-0.000310
-0.000287
-0.000277
-0.000328
-0.000374
-0.000408
-0.000476
-0.000436
-0.000416
-0.000414
-0.000427
-0.000433
-0.000429
-0.000478
-0.000506
-0.000705
-0.000795
-0.000697
-0.000733
-0.000694
-0.000688
-0.000699
-0.000700
-0.000683
-0.000744
-0.000771
-0.000855
-0.000877
-0.000771
-0.000825
-0.000922
-0.000929
-0.000981
-0.000788
-0.000959
-0.000934
-0.000927
-0.000910
-0.000896
-0.000791
-0.000726
-0.000802
-0.000816
-0.000691
-0.000735
-0.000681
-0.000604
-0.000592
-0.000648
-0.000650
-0.000391
-0.000362
-0.000544
-0.000692
-0.000771
-0.001223
-0.003032
-0.002263
-0.006695
-0.009283
-0.005309
-0.003867
-0.002753
-0.001539
-0.000580
-0.000425
-0.000443
-0.000407
-0.000423
-0.000364
-0.000318
-0.000283
-0.000216
-0.000120
-0.000088
-0.000140
-0.000189
-0.000278
-0.000344
-0.000438
-0.000427
-0.000450
-0.000457
-0.000418
-0.000403
-0.000458
-0.000509
-0.000570
-0.000663
-0.000724
-0.000756
-0.000748
-0.000764
-0.000827
-0.000755
-0.000770
-0.000819
-0.000835
-0.000863
-0.000831
-0.000868
-0.000804
-0.000865
-0.000881
-0.001072
-0.001138
-0.000870
-0.000822
-0.000955
-0.000977
-0.000891
-0.000838
-0.000799
-0.000714
-0.000693
-0.000763
-0.000760
-0.000735
-0.000643
-0.000574
-0.000591
-0.000606
-0.000622
-0.000399
-0.000363
-0.000453
-0.000868
-0.001559
-0.000166
-0.000528
-0.001584
-0.002002
-0.001328
-0.001549
-0.006363
-0.004582
-0.003061
-0.000619
-0.000449
-0.000406
-0.000375
-0.000362
-0.000383
-0.000339
-0.000300
-0.000259
-0.000129
-0.000013
0.000062
-0.000049
-0.000196
-0.000282
-0.000380
-0.000404
-0.000431
-0.000475
-0.000418
-0.000422
-0.000495
-0.000575
-0.000572
-0.000593
-0.000645
-0.000738
-0.000750
-0.000771
-0.000795
-0.000791
-0.000807
-0.000859
-0.000859
-0.000834
-0.000824
-0.000828
-0.000879
-0.000939
-0.001016
-0.001201
-0.001112
-0.000867
-0.000974
-0.000967
-0.000930
-0.000840
-0.000767
-0.000736
-0.000705
-0.000667
-0.000725
-0.000667
-0.000592
-0.000585
-0.000574
-0.000573
-0.000470
-0.000507
-0.000159
-0.000116
-0.000109
-0.001812
-0.000741
-0.001857
-0.003484
-0.002735
-0.003197
-0.004471
-0.001878
0.003140
-0.004218
-0.000817
-0.000600
-0.000487
-0.000418
-0.000311
-0.000322
-0.000312
-0.000295
-0.000268
-0.000253
-0.000113
0.000138
0.000407
0.000100
-0.000140
-0.000233
-0.000441
-0.000437
-0.000460
-0.000493
-0.000457
-0.000455
-0.000512
-0.000583
-0.000601
-0.000560
-0.000665
-0.000732
-0.000829
-0.000794
-0.000808
-0.000801
-0.000825
-0.000850
-0.000837
-0.000830
-0.000917
-0.001012
-0.000958
-0.000994
-0.001171
-0.001075
-0.001005
-0.001100
-0.000959
-0.000959
-0.000947
-0.000826
-0.000831
-0.000778
-0.000696
-0.000701
-0.000650
-0.000582
-0.000594
-0.000531
-0.000552
-0.000518
-0.000217
-0.000055
-0.000202
0.000321
0.000871
0.000384
-0.000423
-0.000604
-0.000779
-0.002316
-0.000075
0.000707
0.002718
0.006189
-0.000584
-0.000514
-0.000520
-0.000390
-0.000344
-0.000362
-0.000240
-0.000182
-0.000242
-0.000216
-0.000265
-0.000144
0.000036
0.000133
0.000008
-0.000154
-0.000293
-0.000432
-0.000491
-0.000536
-0.000523
-0.000483
-0.000489
-0.000538
-0.000591
-0.000633
-0.000635
-0.000646
-0.000778
-0.000889
-0.000865
-0.000776
-0.000724
-0.000787
-0.000830
-0.000845
-0.000892
-0.001007
-0.001073
-0.001004
-0.001091
-0.001049
-0.000943
-0.000865
-0.000916
-0.000913
-0.000922
-0.000900
-0.000844
-0.000829
-0.000817
-0.000771
-0.000727
-0.000663
-0.000572
-0.000580
-0.000550
-0.000511
-0.000107
-0.002162
-0.000360
0.000213
0.001719
0.000473
-0.000364
-0.000375
-0.000229
-0.000398
-0.000590
0.000167
0.001570
0.005976
0.002770
0.001956
-0.000116
-0.000366
-0.000331
-0.000469
-0.001175
0.000897
0.002162
0.001108
-0.000035
-0.000021
-0.000229
-0.000138
-0.000097
-0.000139
-0.000237
-0.000337
-0.000404
-0.000479
-0.000542
-0.000579
-0.000537
-0.000516
-0.000539
-0.000616
-0.000641
-0.000648
-0.000683
-0.000722
-0.000651
-0.000768
-0.000910
-0.000854
-0.000889
-0.000910
-0.000865
-0.000979
-0.001098
-0.000964
-0.001095
-0.001048
-0.000981
-0.000962
-0.000923
-0.000918
-0.000882
-0.000913
-0.000894
-0.000780
-0.000729
-0.000779
-0.000686
-0.000671
-0.000657
-0.000609
-0.000565
-0.000536
-0.000190
-0.004519
-0.001089
-0.000035
0.001490
0.000482
-0.000980
-0.000874
-0.000532
-0.000418
-0.000473
-0.000566
0.002351
-0.000007
0.000579
0.002601
0.006806
0.004236
0.004916
0.002668
0.002377
0.002090
0.002588
0.003296
0.002507
0.003378
0.001237
-0.000171
-0.000217
-0.000278
-0.000276
-0.000314
-0.000366
-0.000460
-0.000487
-0.000583
-0.000607
-0.000554
-0.000529
-0.000595
-0.000636
-0.000638
-0.000667
-0.000707
-0.000699
-0.000734
-0.000840
-0.000875
-0.000876
-0.000897
-0.000923
-0.000956
-0.001000
-0.001073
-0.001049
-0.001064
-0.000975
-0.000911
-0.000868
-0.000937
-0.000905
-0.000900
-0.000844
-0.000798
-0.000792
-0.000755
-0.000700
-0.000712
-0.000618
-0.000611
-0.000590
-0.000559
-0.000249
-0.000794
-0.004215
-0.000521
0.002003
-0.001515
-0.000717
-0.000489
-0.000801
-0.000440
-0.000415
-0.000503
0.001197
0.000151
-0.001313
-0.001666
-0.000198
0.001023
0.002502
0.001755
-0.000472
0.000897
0.000728
0.000851
0.000836
0.001797
0.002718
0.001937
0.000737
-0.000493
-0.000099
-0.000289
-0.000469
-0.000501
-0.000523
-0.000510
-0.000551
-0.000601
-0.000572
-0.000595
-0.000622
-0.000684
-0.000671
-0.000698
-0.000710
-0.000746
-0.000817
-0.000788
-0.000779
-0.000867
-0.000908
-0.000919
-0.000951
-0.001000
-0.001002
-0.001000
-0.000963
-0.000929
-0.000875
-0.000910
-0.001065
-0.000596
-0.000914
-0.000655
-0.000481
-0.000660
-0.000748
-0.000677
-0.000698
-0.000584
-0.000591
-0.000567
-0.000550
-0.000523
-0.000693
-0.004234
-0.002036
0.001635
-0.000802
-0.000687
-0.000525
-0.000728
-0.000396
-0.000508
-0.000552
0.000274
-0.001237
-0.000727
-0.001262
-0.000662
0.000130
-0.000572
0.000850
0.000267
-0.001010
-0.001640
0.000080
0.001055
0.000565
0.001099
0.000953
0.000229
-0.000710
-0.000205
0.000134
-0.000663
-0.000831
-0.000595
-0.000572
-0.000632
-0.000631
-0.000635
-0.000682
-0.000706
-0.000697
-0.000710
-0.000653
-0.000775
-0.000798
-0.000869
-0.000875
-0.000855
-0.000904
-0.000929
-0.000792
-0.000861
-0.000923
-0.000970
-0.000971
-0.000956
-0.000891
-0.000940
-0.001035
-0.001021
-0.000877
-0.000881
-0.000624
-0.000616
-0.000477
-0.000712
-0.000678
-0.000647
-0.000605
-0.000604
-0.000540
-0.000545
-0.000536
-0.000789
-0.003460
-0.005541
0.000871
-0.001931
-0.002051
-0.001627
-0.000887
-0.000657
0.000597
0.000614
0.000333
0.000930
0.000837
0.000046
0.000502
0.000364
-0.000131
-0.000262
-0.000241
-0.000318
-0.001228
-0.002186
0.002445
0.000779
-0.000257
-0.000276
-0.000093
-0.000982
-0.000892
-0.000578
-0.000990
0.001347
-0.000726
-0.000717
-0.000704
-0.000687
-0.000694
-0.000706
-0.000818
-0.000745
-0.000743
-0.000801
-0.000838
-0.000863
-0.000949
-0.000965
-0.000940
-0.000917
-0.000817
-0.000813
-0.000848
-0.000915
-0.000963
-0.000960
-0.001025
-0.000989
-0.000936
-0.000933
-0.000898
-0.000840
-0.000782
-0.000623
-0.000659
-0.000706
-0.000636
-0.000479
-0.000601
-0.000596
-0.000583
-0.000531
-0.000555
-0.000493
-0.000486
-0.001129
-0.002790
0.002995
-0.001210
-0.000592
-0.000200
0.000581
0.001141
0.002902
0.001473
0.004080
0.002591
0.002674
0.000969
0.002066
0.001023
-0.000246
-0.000449
-0.000337
-0.000442
-0.000591
-0.000935
0.004564
0.001488
-0.000090
-0.000303
-0.001596
-0.001689
-0.000674
0.000116
0.002349
0.000064
0.001151
-0.000592
-0.000759
-0.000633
-0.000766
-0.000771
-0.000781
-0.000819
-0.000796
-0.000820
-0.000911
-0.000973
-0.000995
-0.000975
-0.000872
-0.000831
-0.000815
-0.000792
-0.000924
-0.000972
-0.000907
-0.001052
-0.001139
-0.001032
-0.000933
-0.000844
-0.000877
-0.000693
-0.000803
-0.000582
-0.000663
-0.000783
-0.000739
-0.000526
-0.000527
-0.000627
-0.000574
-0.000583
-0.000547
-0.000558
-0.000556
-0.000572
-0.001726
-0.003463
-0.000258
0.000268
0.000312
0.000595
0.000706
0.003705
0.003203
0.004244
0.002786
0.002199
0.001578
0.000082
0.001102
0.001634
0.002699
-0.000383
-0.000682
-0.000632
-0.000949
0.003142
0.002473
-0.000767
-0.001112
-0.001315
-0.001245
-0.001924
-0.000479
0.000330
-0.000444
-0.000071
0.001971
-0.000428
-0.000725
-0.000795
-0.000859
-0.000800
-0.000811
-0.000853
-0.000893
-0.000940
-0.000931
-0.000933
-0.000882
-0.000872
-0.000819
-0.000836
-0.000974
-0.000984
-0.000904
-0.000900
-0.001094
-0.001283
-0.001285
-0.001157
-0.001015
-0.001102
-0.000657
-0.000835
-0.000846
-0.000830
-0.000719
-0.000764
-0.000403
-0.000437
-0.000684
-0.000616
-0.000620
-0.000499
-0.000576
-0.000597
-0.000535
-0.000634
-0.002038
-0.000288
0.000094
-0.000042
0.000753
0.001062
0.001565
0.002713
0.004425
0.005822
0.003848
0.002031
-0.000069
-0.000227
0.000572
0.002748
0.000164
0.000208
-0.000451
-0.000175
0.000680
0.000561
0.001726
0.000769
-0.000873
0.000385
0.000203
0.000150
-0.000071
0.000196
-0.000659
0.000212
0.000190
-0.000532
-0.000816
-0.000847
-0.000836
-0.000810
-0.000872
-0.000892
-0.000899
-0.000838
-0.000817
-0.000857
-0.000829
-0.000852
-0.000977
-0.001003
-0.000815
-0.000899
-0.001199
-0.001269
-0.001211
-0.001099
-0.001138
-0.001132
-0.000968
-0.000644
-0.000724
-0.000787
-0.000817
-0.000808
-0.000705
-0.000596
-0.000394
-0.000581
-0.000650
-0.000586
-0.000583
-0.000596
-0.000634
-0.000668
-0.000623
-0.000655
-0.000647
-0.000499
-0.000555
-0.000713
-0.000710
0.000055
0.000343
0.000771
0.001596
0.000727
-0.000978
-0.002404
-0.003835
-0.002752
0.000565
-0.005031
-0.004479
-0.000452
-0.000084
-0.000708
0.001182
0.008227
0.013505
0.006299
0.003155
-0.002685
0.001574
0.001903
0.000446
0.000724
-0.002355
-0.002776
0.000205
-0.000724
-0.000878
-0.000844
-0.000823
-0.000864
-0.000904
-0.000801
-0.000845
-0.000818
-0.000769
-0.000802
-0.000825
-0.000951
-0.000995
-0.001047
-0.001147
-0.001209
-0.001195
-0.001111
-0.000882
-0.000984
-0.001025
-0.000893
-0.000697
-0.000658
-0.000737
-0.000765
-0.000802
-0.000703
-0.000668
-0.000656
-0.000579
-0.000667
-0.000608
-0.000612
-0.000583
-0.000536
-0.000689
-0.000664
-0.000662
-0.000637
-0.000724
-0.000589
-0.000635
-0.000616
-0.000788
-0.000947
0.000530
-0.001900
-0.006724
-0.011811
-0.011510
-0.009043
-0.004415
-0.005860
-0.006997
-0.003168
-0.001957
-0.001429
-0.000586
0.000994
0.006751
0.011891
0.002695
-0.000121
-0.001846
-0.000762
0.001404
0.000054
-0.002148
-0.005715
-0.006919
-0.003793
-0.000431
-0.000803
-0.000799
-0.000816
-0.000852
-0.000795
-0.000852
-0.000862
-0.000867
-0.000795
-0.000847
-0.000924
-0.001120
-0.001280
-0.001198
-0.001247
-0.001233
-0.001192
-0.001123
-0.001018
-0.001053
-0.001115
-0.001042
-0.000969
-0.000669
-0.000687
-0.000849
-0.000851
-0.000746
-0.000599
-0.000667
-0.000621
-0.000609
-0.000605
-0.000662
-0.000622
-0.000514
-0.000592
-0.000627
-0.000553
-0.000625
-0.000667
-0.000562
-0.000577
-0.000139
0.003755
0.002054
-0.000114
-0.001855
-0.005754
-0.010675
-0.009223
-0.006942
-0.005031
-0.009110
-0.009594
-0.003128
-0.001737
-0.001719
-0.000002
-0.000693
0.002173
0.007110
-0.006683
-0.002665
-0.001832
0.003535
-0.001171
-0.009565
-0.005256
-0.002384
-0.003430
-0.005940
-0.001985
-0.001838
-0.000820
-0.000838
-0.000823
-0.000828
-0.000812
-0.000792
-0.000808
-0.000871
-0.001027
-0.001093
-0.001187
-0.001445
-0.001506
-0.001552
-0.001278
-0.001243
-0.001141
-0.001164
-0.001078
-0.001212
-0.001173
-0.001193
-0.000740
-0.000757
-0.000871
-0.000794
-0.000735
-0.000689
-0.000667
-0.000621
-0.000589
-0.000669
-0.000697
-0.000703
-0.000727
-0.000691
-0.000670
-0.000712
-0.000695
-0.000615
-0.000485
-0.000334
0.002081
0.005439
0.002474
0.000160
-0.003247
-0.007538
-0.007684
-0.008280
-0.006622
-0.012370
-0.017418
-0.012966
-0.004184
-0.001282
-0.002281
-0.001517
-0.001139
0.000935
0.001704
0.005385
0.004339
0.007649
0.001681
-0.011488
-0.016852
-0.008114
-0.003103
-0.002976
-0.001887
-0.000381
-0.009441
-0.014995
0.000202
-0.000839
-0.000856
-0.001085
-0.000876
-0.000949
-0.001078
-0.001191
-0.000981
-0.001276
-0.001478
-0.001509
-0.001465
-0.001338
-0.001274
-0.001207
-0.001089
-0.001275
-0.001245
-0.001127
-0.001284
-0.000732
-0.000741
-0.000856
-0.000849
-0.000779
-0.000693
-0.000671
-0.000692
-0.000621
-0.000683
-0.000705
-0.000676
-0.000767
-0.000787
-0.000698
-0.000734
-0.000764
-0.000484
-0.000433
-0.000293
0.000520
0.005338
0.003782
0.001745
-0.002261
-0.010770
-0.010928
-0.009815
-0.012116
-0.014987
-0.011856
-0.010980
-0.001547
-0.001444
-0.002917
-0.003305
-0.000537
0.001135
0.000853
0.001171
0.001510
0.001819
0.000634
-0.003486
-0.006502
-0.011168
-0.002650
-0.000805
0.006712
-0.002332
-0.017946
-0.008316
-0.003255
0.000280
-0.000101
-0.000905
-0.001062
-0.000960
-0.001186
-0.001340
-0.001154
-0.001391
-0.001292
-0.001389
-0.001271
-0.001235
-0.001218
-0.001127
-0.001344
-0.001202
-0.001079
-0.001040
-0.001214
-0.000865
-0.000773
-0.000984
-0.000817
-0.000862
-0.000771
-0.000757
-0.000754
-0.000727
-0.000657
-0.000735
-0.000744
-0.000793
-0.000718
-0.000692
-0.000693
-0.000494
-0.000463
-0.000463
-0.000556
-0.000503
0.001441
0.002585
-0.000079
-0.006253
-0.015962
-0.014148
-0.013856
-0.017652
-0.017835
-0.017181
-0.009041
-0.000923
-0.001249
-0.002131
-0.000856
0.000653
0.000340
-0.000323
0.000157
0.001075
0.000889
0.001351
0.001810
0.001540
-0.000505
0.005841
0.012682
0.013641
-0.000425
-0.007454
-0.004597
-0.003019
-0.002249
-0.001621
0.000166
-0.001008
-0.000990
-0.001075
-0.001269
-0.001202
-0.001085
-0.001207
-0.001323
-0.001267
-0.001167
-0.001070
-0.001233
-0.001227
-0.001171
-0.001040
-0.001052
-0.001147
-0.000880
-0.000885
-0.001042
-0.000830
-0.000737
-0.000861
-0.000938
-0.000865
-0.000686
-0.000681
-0.000700
-0.000765
-0.000764
-0.000683
-0.000681
-0.000582
-0.000498
-0.000587
-0.000613
-0.000714
-0.000761
-0.000750
0.000288
0.000105
-0.004658
-0.012367
-0.010363
-0.013533
-0.014360
-0.012469
-0.012780
-0.007490
-0.002289
-0.003378
-0.001796
-0.000515
0.000817
-0.000726
-0.002158
-0.000062
0.001145
0.001209
0.001486
0.001531
0.002360
0.002311
0.000195
0.019950
0.015792
0.001173
-0.004289
-0.002512
-0.000268
0.001810
-0.000382
0.001378
0.000197
-0.000354
-0.001011
-0.000956
-0.000909
-0.000986
-0.001201
-0.001244
-0.001009
-0.001221
-0.001157
-0.001304
-0.001185
-0.001079
-0.001073
-0.001116
-0.001058
-0.000821
-0.000926
-0.001026
-0.000791
-0.000635
-0.001165
-0.000913
-0.000691
-0.000448
-0.000675
-0.000638
-0.000754
-0.000561
-0.000473
-0.000461
-0.000556
-0.000618
-0.000646
-0.000738
-0.000827
-0.000921
-0.001061
-0.000782
0.000272
-0.001928
-0.003585
-0.011461
-0.012119
-0.009784
-0.013419
-0.012997
-0.008906
-0.005024
-0.002625
-0.002174
-0.001059
-0.001948
-0.000064
0.000234
0.000627
0.001548
0.001485
0.001089
0.001436
0.002183
0.002273
0.002671
-0.000765
0.004792
0.000577
-0.002672
-0.000089
0.011363
0.004813
0.002956
0.000990
-0.001467
-0.001625
0.000216
0.000033
-0.000031
-0.001169
-0.001257
-0.001012
-0.000939
-0.001141
-0.001170
-0.001020
-0.001127
-0.001049
-0.000998
-0.001077
-0.001102
-0.000937
-0.001032
-0.000966
-0.001149
-0.001079
-0.000908
-0.000879
-0.000884
-0.000861
-0.000719
-0.000755
-0.000822
-0.000674
-0.000598
-0.000589
-0.000529
-0.000714
-0.000733
-0.000811
-0.000804
-0.000886
-0.000951
-0.000932
-0.000869
-0.001177
-0.001356
-0.001709
-0.002638
-0.000962
-0.008294
-0.010113
-0.005397
-0.003568
-0.003210
-0.002603
-0.002141
-0.000841
-0.000753
-0.000293
0.000139
0.001185
0.001362
0.000848
0.001362
0.001248
0.002435
0.003174
0.002521
0.003433
-0.001124
-0.002174
0.005738
0.007799
0.010106
0.005683
0.002291
0.000688
-0.001147
-0.002543
-0.001035
-0.000563
0.000269
-0.000013
-0.000942
-0.000953
-0.001011
-0.001082
-0.001069
-0.001001
-0.000987
-0.000990
-0.001012
-0.001009
-0.000827
-0.000999
-0.000959
-0.001126
-0.001107
-0.000874
-0.000855
-0.000922
-0.000832
-0.000937
-0.001072
-0.000713
-0.000186
-0.000371
-0.000111
-0.000146
-0.000646
-0.000505
-0.000623
-0.000622
-0.000846
-0.001292
-0.001366
-0.001297
-0.001268
-0.001250
-0.001191
-0.001151
-0.001110
-0.001433
-0.000201
-0.006203
-0.004536
-0.003406
-0.002886
-0.002038
-0.001159
-0.000541
-0.000655
-0.000809
0.000184
-0.001422
-0.001786
-0.003570
-0.001516
0.001105
0.001972
0.000512
0.000417
-0.000703
0.000872
0.008947
0.007617
0.004754
0.006999
0.003525
0.002612
0.000232
-0.000156
0.000664
0.001181
0.000189
-0.001022
0.000103
-0.000287
-0.000684
-0.000908
-0.000902
-0.000899
-0.000999
-0.001172
-0.001169
-0.000840
-0.000756
-0.001083
-0.000986
-0.000867
-0.000931
-0.000832
-0.000889
-0.000842
-0.000761
-0.001031
-0.001229
-0.000992
-0.001102
-0.001138
-0.001149
-0.000765
-0.001274
-0.001213
-0.001220
-0.001102
-0.001096
-0.001182
-0.001326
-0.001327
-0.001404
-0.001304
-0.001306
-0.001219
-0.001147
-0.001181
-0.001213
-0.000390
-0.000570
-0.000506
-0.000264
-0.000042
-0.000006
-0.000370
-0.000568
-0.000614
-0.001911
-0.003875
-0.003171
-0.001890
-0.000944
-0.003315
-0.001535
-0.004041
-0.003256
-0.003129
-0.001756
0.004161
-0.000653
-0.000779
-0.001538
-0.003002
-0.000113
0.000684
-0.000213
-0.000792
-0.000906
-0.001073
-0.001062
-0.000991
-0.001041
-0.001096
-0.000956
-0.000849
-0.000908
-0.001072
-0.001129
-0.001120
-0.000904
-0.000739
-0.001110
-0.001080
-0.000678
-0.000951
-0.000764
-0.000848
-0.001044
-0.000961
-0.001144
-0.000712
-0.001258
-0.001200
-0.001234
-0.001266
-0.000998
-0.001070
-0.001043
-0.001124
-0.000900
-0.001041
-0.001141
-0.001193
-0.001259
-0.001385
-0.001251
-0.001320
-0.001400
-0.001372
-0.001450
-0.001295
-0.001232
-0.001357
-0.001398
-0.001410
-0.001382
-0.001391
-0.000092
-0.000076
0.000004
-0.000241
-0.000314
-0.000557
-0.000506
0.012853
-0.005287
-0.007425
-0.012710
-0.013037
-0.012916
-0.012785
-0.004085
-0.001477
-0.001528
-0.001779
-0.001567
-0.000636
-0.000715
-0.000926
-0.000991
-0.001006
-0.000971
-0.000969
-0.000988
-0.001160
-0.001026
-0.001100
-0.001031
-0.000993
-0.000907
-0.001050
-0.001130
-0.001059
-0.000956
-0.001149
-0.001219
-0.001029
-0.000662
-0.000891
-0.000984
-0.001208
-0.001374
-0.001314
-0.001084
-0.001005
-0.001223
-0.001207
-0.001245
-0.001243
-0.001000
-0.001080
-0.001270
-0.001197
-0.001097
-0.001100
-0.001168
-0.001295
-0.001267
-0.001370
-0.001277
-0.001470
-0.001304
-0.001296
-0.001316
-0.001398
-0.001427
-0.001525
-0.001437
-0.001339
-0.001418
-0.001645
-0.001479
-0.001394
-0.001387
-0.001364
-0.001287
-0.001404
0.000319
-0.007761
-0.020806
-0.024199
-0.020647
-0.021537
-0.019298
-0.000452
-0.000138
-0.001475
-0.001524
-0.000981
-0.000940
-0.000927
-0.001112
-0.001177
-0.000974
-0.000903
-0.001145
-0.001187
-0.001240
-0.001013
-0.001034
-0.001075
-0.000979
-0.000918
-0.000914
-0.001046
-0.000955
-0.001032
-0.001067
-0.001053
-0.001004
-0.001157
-0.001280
-0.001242
-0.001380
-0.001386
-0.001186
-0.001157
-0.000978
-0.000785
-0.001149
-0.001218
-0.001187
-0.001256
-0.001210
-0.001293
-0.001268
-0.001150
-0.001137
-0.001110
-0.001418
-0.001403
-0.001399
-0.001436
-0.001265
-0.001349
-0.001422
-0.001384
-0.001403
-0.001330
-0.001436
-0.001681
-0.001673
-0.001680
-0.001654
-0.001387
-0.001399
-0.001633
-0.001365
-0.001488
-0.001480
-0.001445
0.000987
-0.025071
-0.028931
-0.022703
-0.017121
-0.012022
-0.009365
-0.002230
-0.001727
-0.001709
-0.001190
-0.001497
-0.001415
-0.001055
-0.001171
-0.001068
-0.001257
-0.001439
-0.001318
-0.001155
-0.001042
-0.000991
-0.001126
-0.001078
-0.001009
-0.001030
-0.000875
-0.001104
-0.001166
-0.001204
-0.001129
-0.001213
-0.001372
-0.001349
-0.001477
-0.001397
-0.001206
-0.001353
-0.001366
-0.001258
-0.000888
-0.001071
-0.000998
-0.001265
-0.001396
-0.001456
-0.001233
-0.001251
-0.001193
-0.001115
-0.001161
-0.001380
-0.001526
-0.001545
-0.001340
-0.001454
-0.001356
-0.001313
-0.001488
-0.001493
-0.001451
-0.001542
-0.001584
-0.001514
-0.001476
-0.001374
-0.001457
-0.001653
-0.001839
-0.001731
-0.001571
-0.001498
-0.001471
-0.001357
-0.002009
-0.018215
-0.019843
-0.018513
-0.012490
-0.002575
-0.001700
-0.001764
-0.001230
-0.001566
-0.001687
-0.001436
-0.001249
-0.001253
-0.001411
-0.001735
-0.001541
-0.001428
-0.001127
-0.001114
-0.001098
-0.001158
-0.001136
-0.001080
-0.000945
-0.000989
-0.001249
-0.001289
-0.001233
-0.001196
-0.001268
-0.001326
-0.001467
-0.001377
-0.001225
-0.001292
-0.001316
-0.001350
-0.001374
-0.001415
-0.000932
-0.001137
-0.001192
-0.001244
-0.001475
-0.001416
-0.001337
-0.001232
-0.001137
-0.001231
-0.001486
-0.001600
-0.001568
-0.001320
-0.001290
-0.001595
-0.001547
-0.001589
-0.001635
-0.001610
-0.001661
-0.001813
-0.001739
-0.001505
-0.001252
-0.001526
-0.002234
-0.002000
-0.002022
-0.001736
-0.001858
-0.001710
-0.001694
-0.001723
-0.004194
-0.011117
-0.010267
-0.003263
-0.001301
-0.001803
-0.001912
-0.001778
-0.001747
-0.001593
-0.001336
-0.001287
-0.001134
-0.001304
-0.001484
-0.001549
-0.001507
-0.001224
-0.001227
-0.001324
-0.001395
-0.001217
-0.001081
-0.001128
-0.001107
-0.001199
-0.001394
-0.001332
-0.001251
-0.001302
-0.001318
-0.001250
-0.001153
-0.001279
-0.001261
-0.001284
-0.001309
-0.001416
-0.001454
-0.000999
-0.001104
-0.001100
-0.001162
-0.001330
-0.001370
-0.001252
-0.001252
-0.001120
-0.001182
-0.001450
-0.001768
-0.001709
-0.001691
-0.001740
-0.001756
-0.001749
-0.001734
-0.001753
-0.001760
-0.001697
-0.001582
-0.001572
-0.001516
-0.001743
-0.001596
-0.001832
-0.001630
-0.001371
-0.001626
-0.001878
-0.001878
-0.002075
-0.001909
-0.002149
-0.002847
-0.002404
-0.001882
-0.000915
-0.001663
-0.001756
-0.001788
-0.001688
-0.001656
-0.001526
-0.001385
-0.001255
-0.001237
-0.001306
-0.001455
-0.001233
-0.001082
-0.001057
-0.001353
-0.001177
-0.001178
-0.001256
-0.001193
-0.001074
-0.001182
-0.001136
-0.000935
-0.001275
-0.001303
-0.001104
-0.001185
-0.001141
-0.001175
-0.001125
-0.001167
-0.001333
-0.001371
-0.001319
-0.001123
-0.001026
-0.001098
-0.001161
-0.001349
-0.001221
-0.001226
-0.001257
-0.001215
-0.001239
-0.001349
-0.001682
-0.001709
-0.001770
-0.001814
-0.001770
-0.001728
-0.001799
-0.001963
-0.002014
-0.001989
-0.001724
-0.002008
-0.002202
-0.002223
-0.002282
-0.001914
-0.001951
-0.001937
-0.001834
-0.001748
-0.001660
-0.001908
-0.001965
-0.001975
-0.001872
-0.001745
-0.001785
-0.001883
-0.001625
-0.001585
-0.001634
-0.001633
-0.001559
-0.001378
-0.001377
-0.001309
-0.001138
-0.001143
-0.001068
-0.001044
-0.001146
-0.001186
-0.001043
-0.001061
-0.001149
-0.001296
-0.001110
-0.001209
-0.001236
-0.001281
-0.001027
-0.001208
-0.001322
-0.001287
-0.001145
-0.001212
-0.001317
-0.001229
-0.001365
-0.001333
-0.001329
-0.001197
-0.001213
-0.001077
-0.001116
-0.001201
-0.001305
-0.001187
-0.001165
-0.001174
-0.001227
-0.001447
-0.001690
-0.001748
-0.001518
-0.001481
-0.001617
-0.001676
-0.001625
-0.001876
-0.001846
-0.001907
-0.002099
-0.001698
-0.002063
-0.001963
-0.001888
-0.002064
-0.001795
-0.001851
-0.002217
-0.002008
-0.001619
-0.001683
-0.001865
-0.002146
-0.001715
-0.001785
-0.001786
-0.001628
-0.001768
-0.001638
-0.001585
-0.001663
-0.001530
-0.001411
-0.001372
-0.001584
-0.001482
-0.001207
-0.001055
-0.000991
-0.001166
-0.001092
-0.001157
-0.001119
-0.001104
-0.001242
-0.001209
-0.001144
-0.001258
-0.001135
0.000024
-0.001083
-0.001209
-0.001218
-0.001099
-0.001151
-0.001247
-0.001301
-0.001396
-0.001172
-0.001286
-0.001163
-0.001027
-0.001182
-0.001093
-0.000981
-0.001108
-0.001178
-0.001174
-0.001121
-0.001174
-0.001240
-0.001459
-0.001612
-0.001587
-0.001357
-0.001594
-0.001575
-0.001622
-0.001774
-0.001837
-0.001760
-0.001721
-0.001718
-0.002078
-0.001982
-0.002099
-0.001750
-0.001632
-0.001934
-0.002273
-0.002081
-0.001603
-0.001565
-0.001867
-0.002054
-0.001896
-0.001808
-0.001648
-0.001341
-0.001559
-0.001900
-0.001750
-0.001726
-0.001698
-0.001444
-0.001228
-0.001181
-0.001270
-0.001398
-0.001341
-0.001071
-0.000926
-0.000886
-0.001114
-0.001252
-0.001149
-0.001112
-0.001201
-0.001259
-0.001284
-0.001178
-0.000942
