0.000174
0.000171
0.000156
0.000632
0.000169
0.000109
0.000050
0.000438
0.000023
0.000059
0.000065
-0.000603
0.000122
0.000141
0.000127
0.000119
0.000084
0.000086
0.000083
0.000078
0.000092
0.000104
0.000098
0.000096
0.000091
0.000081
0.000078
0.000095
0.000094
0.000093
0.000096
0.000121
0.000122
0.000111
0.000122
0.000115
0.000123
0.000118
0.000119
0.000133
0.000150
0.000174
0.000158
0.000159
0.000154
0.000122
0.000119
0.000148
0.000127
0.000168
0.000115
0.000097
0.000123
0.000144
0.000108
0.000130
0.000136
0.000125
0.000131
0.000159
0.000146
0.000113
0.000134
0.000142
0.000191
0.000240
-0.001158
0.000215
0.000240
0.000238
0.000061
0.000141
0.000195
0.000129
0.000117
0.000097
0.000123
0.000118
0.000114
0.000124
0.000120
0.000126
0.000126
0.000125
0.000133
0.000139
0.000134
0.000115
0.000100
0.000100
0.000111
0.000120
0.000114
0.000097
0.000083
0.000090
0.000089
0.000101
0.000092
0.000092
0.000095
0.000105
0.000102
0.000095
0.000108
0.000119
0.000120
0.000117
0.000116
0.000110
0.000112
0.000137
0.000163
0.000168
0.000208
0.000179
0.000177
0.000177
0.000128
0.000119
0.000123
0.000115
0.000126
0.000118
0.000120
0.000121
0.000147
0.000122
0.000146
0.000158
0.000132
0.000144
0.000159
0.000160
0.000170
0.000177
0.000230
0.000165
0.000170
0.000181
0.000221
0.000188
0.000179
0.000076
0.000104
0.000241
0.000133
0.000117
0.000112
0.000106
0.000109
0.000122
0.000113
0.000117
0.000127
0.000122
0.000128
0.000138
0.000120
0.000098
0.000093
0.000066
0.000088
0.000089
0.000099
0.000094
0.000079
0.000076
0.000074
0.000076
0.000096
0.000109
0.000105
0.000104
0.000110
0.000114
0.000096
0.000093
0.000098
0.000110
0.000125
0.000127
0.000116
0.000109
0.000140
0.000162
0.000191
0.000244
0.000223
0.000202
0.000194
0.000133
0.000140
0.000136
0.000139
0.000119
0.000168
0.000153
0.000143
0.000146
0.000127
0.000148
0.000166
0.000150
0.000140
0.000123
0.000144
0.000162
0.000166
0.000157
0.000183
0.000128
0.000188
0.000185
0.000162
0.000145
0.000144
0.000138
0.000229
0.000108
0.000126
0.000124
0.000117
0.000104
0.000110
0.000114
0.000123
0.000128
0.000122
0.000131
0.000130
0.000109
0.000115
0.000082
0.000076
0.000082
0.000092
0.000087
0.000089
0.000072
0.000079
0.000078
0.000075
0.000077
0.000106
0.000115
0.000098
0.000099
0.000125
0.000109
0.000099
0.000094
0.000124
0.000119
0.000126
0.000128
0.000127
0.000132
0.000160
0.000210
0.000210
0.000187
0.000203
0.000146
0.000128
0.000164
0.000097
0.000173
0.000157
0.000204
0.000155
0.000151
0.000154
0.000160
0.000154
0.000169
0.000146
0.000144
0.000123
0.000151
0.000155
0.000162
0.000155
0.000176
0.000143
0.000143
0.000137
0.000212
0.000161
0.000152
0.000112
0.000222
0.000130
0.000135
0.000141
0.000114
0.000112
0.000110
0.000107
0.000135
0.000127
0.000113
0.000113
0.000128
0.000089
0.000103
0.000092
0.000107
0.000084
0.000088
0.000077
0.000073
0.000073
0.000093
0.000093
0.000080
0.000082
0.000096
0.000102
0.000112
0.000119
0.000112
0.000099
0.000077
0.000083
0.000109
0.000098
0.000111
0.000118
0.000120
0.000097
0.000122
0.000148
0.000150
0.000181
0.000189
0.000202
0.000175
0.000130
0.000133
0.000168
0.000134
0.000118
0.000123
0.000145
0.000146
0.000163
0.000130
0.000158
0.000176
0.000161
0.000155
0.000140
0.000156
0.000189
0.000198
0.000179
0.000150
0.000151
0.000143
0.000212
0.000148
0.000167
0.000148
-0.002169
0.000122
0.000116
0.000128
0.000129
0.000100
0.000100
0.000106
0.000106
0.000114
0.000114
0.000096
0.000078
0.000091
0.000115
0.000124
0.000112
0.000083
0.000080
0.000077
0.000083
0.000088
0.000086
0.000088
0.000088
0.000077
0.000094
0.000105
0.000096
0.000114
0.000107
0.000096
0.000083
0.000080
0.000091
0.000091
0.000085
0.000109
0.000100
0.000071
0.000071
0.000096
0.000153
0.000157
0.000149
0.000175
0.000198
0.000179
0.000152
0.000115
0.000116
0.000125
0.000103
0.000140
0.000159
0.000167
0.000155
0.000164
0.000195
0.000140
0.000163
0.000137
0.000147
0.000172
0.000166
0.000167
0.000149
0.000136
0.000203
0.000150
0.000168
0.000175
0.000170
0.000183
0.000110
0.000122
0.000112
0.000109
0.000111
0.000102
0.000082
0.000078
0.000100
0.000101
0.000074
0.000074
0.000094
0.000102
0.000127
0.000120
0.000092
0.000079
0.000091
0.000088
0.000093
0.000089
0.000091
0.000093
0.000088
0.000101
0.000103
0.000094
0.000107
0.000103
0.000092
0.000089
0.000085
0.000100
0.000104
0.000099
0.000095
0.000074
0.000068
0.000069
0.000092
0.000144
0.000137
0.000149
0.000176
0.000187
0.000184
0.000142
0.000103
0.000118
0.000143
0.000114
0.000136
0.000133
0.000167
0.000164
0.000176
0.000149
0.000149
0.000166
0.000141
0.000142
0.000145
0.000171
0.000193
0.000211
0.000167
0.000164
0.000151
0.000158
0.000196
0.000201
0.000227
0.000112
0.000120
0.000121
0.000088
0.000083
0.000083
0.000072
0.000079
0.000096
0.000101
0.000080
0.000083
0.000075
0.000091
0.000111
0.000111
0.000100
0.000090
0.000104
0.000118
0.000113
0.000105
0.000101
0.000095
0.000090
0.000085
0.000090
0.000099
0.000098
0.000094
0.000090
0.000077
0.000090
0.000092
0.000101
0.000099
0.000091
0.000073
0.000059
0.000060
0.000109
0.000156
0.000146
0.000178
0.000178
0.000178
0.000183
0.000156
0.000163
0.000144
0.000148
0.000139
0.000093
0.000120
0.000154
0.000155
0.000179
0.000211
0.000189
0.000166
0.000135
0.000137
0.000131
0.000197
0.000214
0.000163
0.000191
0.000166
0.000156
0.000173
0.000175
0.000187
0.000148
0.000101
0.000108
0.000105
0.000114
0.000098
0.000093
0.000073
0.000078
0.000087
0.000088
0.000079
0.000087
0.000078
0.000086
0.000096
0.000101
0.000102
0.000097
0.000097
0.000102
0.000124
0.000117
0.000102
0.000098
0.000099
0.000112
0.000103
0.000094
0.000096
0.000092
0.000096
0.000104
0.000090
0.000086
0.000092
0.000093
0.000083
0.000083
0.000073
0.000070
0.000122
0.000137
0.000166
0.000198
0.000204
0.000179
0.000181
0.000147
0.000157
0.000134
0.000155
0.000134
0.000129
0.000100
0.000153
0.000173
0.000195
0.000211
0.000187
0.000179
0.000141
0.000142
0.000137
0.000137
0.000181
0.000157
0.000150
0.000179
0.000158
0.000159
0.000163
0.000153
0.001326
0.000123
0.000115
0.000120
0.000116
0.000094
0.000086
0.000075
0.000073
0.000070
0.000088
0.000079
0.000076
0.000086
0.000078
0.000080
0.000087
0.000086
0.000083
0.000081
0.000103
0.000094
0.000099
0.000103
0.000117
0.000123
0.000142
0.000124
0.000112
0.000092
0.000096
0.000102
0.000091
0.000090
0.000084
0.000089
0.000093
0.000087
0.000088
0.000079
0.000076
0.000115
0.000130
0.000165
0.000197
0.000211
0.000204
0.000218
0.000189
0.000170
0.000144
0.000141
0.000143
0.000132
0.000136
0.000160
0.000218
0.000205
0.000177
0.000192
0.000167
0.000171
0.000168
0.000168
0.000157
0.000174
0.000167
0.000177
0.000218
0.000195
0.000190
0.000186
0.000207
0.000158
0.000112
0.000111
0.000108
0.000089
0.000094
0.000087
0.000068
0.000055
0.000064
0.000078
0.000083
0.000073
0.000083
0.000099
0.000092
0.000092
0.000096
0.000080
0.000081
0.000077
0.000078
0.000105
0.000106
0.000109
0.000115
0.000133
0.000112
0.000117
0.000100
0.000091
0.000100
0.000096
0.000098
0.000096
0.000087
0.000088
0.000088
0.000082
0.000075
0.000051
0.000050
0.000130
0.000150
0.000189
0.000209
0.000216
0.000222
0.000223
0.000183
0.000135
0.000132
0.000160
0.000155
0.000132
0.000169
0.000231
0.000222
0.000191
0.000201
0.000197
0.000187
0.000170
0.000185
0.000177
0.000186
0.000185
0.000191
0.000216
0.000257
0.000182
0.000235
0.000244
0.000177
0.000094
0.000103
0.000084
0.000083
0.000105
0.000084
0.000070
0.000059
0.000061
0.000066
0.000077
0.000079
0.000082
0.000097
0.000101
0.000089
0.000092
0.000082
0.000080
0.000072
0.000095
0.000089
0.000089
0.000108
0.000119
0.000123
0.000120
0.000133
0.000108
0.000087
0.000095
0.000104
0.000100
0.000098
0.000083
0.000091
0.000086
0.000083
0.000068
0.000035
0.000035
0.000077
0.000131
0.000182
0.000196
0.000207
0.000213
0.000247
0.000189
0.000137
0.000126
0.000156
0.000172
0.000171
0.000181
0.000216
0.000246
0.000212
0.000193
0.000206
0.000210
0.000198
0.000198
0.000198
0.000204
0.000236
0.000220
0.000253
0.000225
0.000186
0.000222
0.000242
0.000193
0.000101
0.000101
0.000079
0.000070
0.000090
0.000077
0.000072
0.000064
0.000058
0.000060
0.000066
0.000087
0.000080
0.000075
0.000077
0.000083
0.000096
0.000099
0.000097
0.000082
0.000096
0.000093
0.000092
0.000094
0.000126
0.000145
0.000124
0.000127
0.000112
0.000100
0.000100
0.000107
0.000102
0.000102
0.000089
0.000088
0.000084
0.000073
0.000043
0.000006
-0.000051
0.000009
0.000122
0.000152
0.000189
0.000201
0.000226
0.000266
0.000214
0.000183
0.000173
0.000203
0.000201
0.000206
0.000205
0.000200
0.000231
0.000220
0.000223
0.000227
0.000232
0.000217
0.000223
0.000212
0.000230
0.000230
0.000263
0.000251
0.000206
0.000225
0.000212
0.000268
0.000725
0.000091
0.000097
0.000090
0.000082
0.000077
0.000067
0.000071
0.000071
0.000061
0.000053
0.000078
0.000086
0.000081
0.000079
0.000077
0.000094
0.000096
0.000105
0.000114
0.000112
0.000098
-0.000007
-0.000709
-0.001179
-0.001171
-0.001049
-0.000506
-0.000146
0.000115
0.000107
0.000101
0.000108
0.000107
0.000107
0.000089
0.000088
0.000079
0.000060
0.000028
-0.000032
-0.000110
-0.000050
0.000061
0.000172
0.000182
0.000205
0.000223
0.000241
0.000232
0.000183
0.000166
0.000208
0.000220
0.000213
0.000212
0.000222
0.000191
0.000201
0.000236
0.000236
0.000257
0.000253
0.000248
0.000262
0.000250
0.000241
0.000255
0.000255
0.000189
0.000207
0.000212
0.000236
0.000159
0.000104
0.000099
0.000087
0.000080
0.000070
0.000059
0.000070
0.000076
0.000063
0.000058
0.000066
0.000074
0.000078
0.000067
0.000078
0.000089
0.000109
0.000130
0.000125
0.000121
-0.000086
-0.002670
-0.011289
-0.012387
-0.013474
-0.013968
-0.009703
-0.003253
-0.001642
-0.000025
0.000111
0.000114
0.000108
0.000107
0.000105
0.000096
0.000087
0.000052
-0.000013
-0.000130
-0.000244
-0.000227
-0.000020
0.000138
0.000169
0.000204
0.000209
0.000237
0.000230
0.000187
0.000158
0.000195
0.000220
0.000225
0.000217
0.000220
0.000216
0.000219
0.000285
0.000257
0.000270
0.000277
0.000229
0.000281
0.000255
0.000239
0.000265
0.000277
0.000237
0.000232
0.000237
0.000231
0.000130
0.000072
0.000087
0.000062
0.000069
0.000068
0.000063
0.000067
0.000071
0.000061
0.000057
0.000045
0.000060
0.000071
0.000070
0.000074
0.000094
0.000110
0.000140
0.000134
-0.000149
-0.002339
-0.003814
-0.002261
-0.006762
-0.006362
-0.007552
-0.006975
-0.011247
-0.004743
-0.002367
0.000030
0.000098
0.000102
0.000100
0.000094
0.000090
0.000074
0.000068
-0.000042
-0.000300
-0.000349
-0.000355
-0.000083
0.000101
0.000164
0.000220
0.000222
0.000243
0.000252
0.000222
0.000186
0.000210
0.000220
0.000202
0.000219
0.000224
0.000220
0.000236
0.000258
0.000262
0.000263
0.000271
0.000299
0.000301
0.000289
0.000225
0.000266
0.000273
0.000268
0.000231
0.000259
0.000275
0.000134
0.000073
0.000075
0.000070
0.000068
0.000063
0.000061
0.000064
0.000057
0.000066
0.000053
0.000050
0.000065
0.000069
0.000075
0.000071
0.000089
-0.000164
0.000007
0.000070
-0.001506
-0.002278
-0.004972
-0.009568
-0.003659
-0.003806
-0.006546
-0.010311
-0.008710
-0.009500
-0.002192
0.000080
0.000097
0.000095
0.000084
0.000088
0.000094
0.000089
0.000077
-0.000020
-0.000221
-0.000451
-0.000459
-0.000130
0.000109
0.000180
0.000206
0.000212
0.000247
0.000262
0.000223
0.000184
0.000200
0.000214
0.000220
0.000182
0.000207
0.000246
0.000266
0.000228
0.000270
0.000283
0.000275
0.000291
0.000303
0.000284
0.000288
0.000277
0.000208
0.000267
0.000299
0.000310
0.000277
-0.001100
0.000097
0.000083
0.000075
0.000068
0.000068
0.000066
0.000063
0.000061
0.000074
0.000073
0.000068
0.000058
0.000068
0.000070
-0.000277
-0.000169
-0.000569
-0.000567
0.000188
0.000238
0.000159
-0.000055
-0.000625
-0.000278
0.000191
0.001054
-0.005532
-0.005848
-0.001517
0.000087
0.000070
0.000090
0.000117
0.000261
0.000411
0.000382
0.000205
0.000090
0.000041
-0.000121
-0.000295
-0.000237
0.000044
0.000124
0.000188
0.000211
0.000230
0.000246
0.000249
0.000228
0.000186
0.000170
0.000179
0.000228
0.000197
0.000208
0.000265
0.000284
0.000255
0.000281
0.000267
0.000261
0.000290
0.000287
0.000307
0.000332
0.000245
0.000262
0.000294
0.000336
0.000330
0.000280
0.000271
0.000091
0.000092
0.000072
0.000066
0.000070
0.000075
0.000062
0.000060
0.000073
0.000082
0.000071
0.000060
0.000061
-0.000330
-0.003378
0.001386
0.000460
0.000405
0.000096
0.000195
0.000199
0.000083
0.000124
0.000253
0.000646
0.002323
-0.001809
0.000704
0.001451
0.000249
-0.000308
0.000202
0.001240
0.004022
0.006745
0.007154
0.002948
0.000914
0.000460
0.000070
-0.000050
-0.000068
0.000076
0.000153
0.000198
0.000225
0.000242
0.000255
0.000254
0.000255
0.000213
0.000192
0.000216
0.000249
0.000250
0.000257
0.000274
0.000274
0.000211
0.000313
0.000333
0.000292
0.000278
0.000275
0.000295
0.000385
0.000374
0.000409
0.000324
0.000356
0.000263
0.000308
0.000393
0.000105
0.000080
0.000064
0.000066
0.000067
0.000070
0.000065
0.000056
0.000063
0.000066
0.000059
0.000061
0.000106
-0.000009
-0.000064
0.000572
-0.000114
0.000080
0.000130
0.000199
0.000198
0.000180
0.000184
0.000293
0.000188
-0.000519
-0.000598
0.000398
0.001669
0.000285
0.003174
0.006041
0.005887
0.008271
0.011268
0.013981
0.011540
0.009970
0.006612
0.001348
0.000047
0.000045
0.000124
0.000176
0.000197
0.000206
0.000245
0.000286
0.000293
0.000286
0.000253
0.000210
0.000236
0.000293
0.000262
0.000250
0.000236
0.000270
0.000335
0.000331
0.000297
0.000313
0.000348
0.000317
0.000299
0.000393
0.000426
0.000437
0.000407
0.000406
0.000348
0.000317
0.000317
0.000108
0.000084
0.000060
0.000061
0.000065
0.000081
0.000075
0.000055
0.000052
0.000058
0.000059
0.000100
0.000033
0.000434
0.001846
-0.001491
-0.000076
0.000123
0.000094
0.000157
0.000189
0.000257
0.000378
0.000332
-0.002434
-0.004754
-0.001534
0.003633
0.005466
0.003724
0.004609
0.005997
0.006911
0.005987
0.005842
0.007879
0.011687
0.011547
0.010116
0.005386
0.000437
0.000133
0.000201
0.000171
0.000222
0.000218
0.000283
0.000283
0.000284
0.000302
0.000295
0.000259
0.000253
0.000291
0.000283
0.000283
0.000258
0.000319
0.000326
0.000342
0.000352
0.000365
0.000402
0.000382
0.000325
0.000399
0.000433
0.000419
0.000456
0.000445
0.000430
0.000350
-0.000596
0.000109
0.000104
0.000074
0.000056
0.000069
0.000080
0.000074
0.000060
0.000051
0.000059
0.000061
0.000042
0.000040
0.000198
0.004670
-0.000717
-0.000029
0.000156
0.000155
0.000195
0.000196
0.000153
0.001756
0.000813
-0.001386
-0.005172
-0.003700
0.000286
0.005259
0.001391
0.006039
0.004013
0.001956
0.001473
0.000024
0.002213
0.004764
0.004779
0.005839
0.003823
0.001224
0.001247
0.001825
0.000321
0.000566
0.000279
0.000330
0.000332
0.000318
0.000334
0.000345
0.000316
0.000283
0.000292
0.000296
0.000289
0.000310
0.000346
0.000353
0.000308
0.000338
0.000405
0.000355
0.000409
0.000420
0.000472
0.000433
0.000402
0.000464
0.000420
0.000402
0.000400
0.000406
0.000089
0.000084
0.000069
0.000055
0.000062
0.000069
0.000065
0.000060
0.000051
0.000050
0.000053
0.000053
0.000051
0.000479
0.006816
-0.001549
-0.000047
0.000167
0.000206
0.000188
0.000141
0.006411
0.003956
-0.000116
0.001703
0.000899
0.000089
0.000107
0.000275
0.000296
0.000166
0.000384
0.000382
-0.000147
-0.000259
0.000672
0.000186
0.000754
0.001397
0.002403
0.002103
0.003368
0.004357
0.000927
0.000737
0.001340
0.000309
0.000353
0.000360
0.000305
0.000351
0.000319
0.000261
0.000269
0.000312
0.000317
0.000352
0.000352
0.000417
0.000360
0.000341
0.000416
0.000428
0.000466
0.000531
0.000505
0.000538
0.000473
0.000491
0.000453
0.000371
0.000350
0.000373
0.000070
0.000067
0.000062
0.000037
0.000040
0.000066
0.000070
0.000065
0.000057
0.000059
0.000061
0.000083
0.000032
0.000212
0.003564
0.005479
0.000018
0.000083
0.000156
0.000164
0.006464
0.011603
0.012118
0.011241
0.010965
0.008218
0.003127
0.000594
0.000131
-0.000107
-0.000360
-0.000401
-0.000336
-0.000681
0.000361
0.000264
-0.000069
-0.000107
0.000388
0.001172
0.001414
0.001523
0.002033
0.000890
0.001068
0.016218
0.001829
0.000292
0.000360
0.000401
0.000375
0.000372
0.000305
0.000305
0.000366
0.000362
0.000352
0.000405
0.000450
0.000424
0.000321
0.000411
0.000396
0.000534
0.000453
0.000557
0.000535
0.000534
0.000507
0.000437
0.000376
0.000385
0.000404
0.000087
0.000096
0.000078
0.000040
0.000059
0.000043
0.000068
0.000066
0.000046
-0.000057
-0.000893
-0.001643
-0.001953
-0.000148
0.002404
0.005239
0.000675
0.000053
0.002417
0.006428
0.007760
0.010472
0.016530
0.017121
0.018088
0.015053
0.007929
0.002144
-0.000115
-0.000159
-0.000815
-0.001046
-0.000624
-0.000088
0.000415
-0.000857
-0.000406
0.000068
0.000170
0.000320
-0.000061
-0.000203
0.000571
-0.000056
0.000281
0.008679
0.002790
0.001102
0.000352
0.000411
0.000362
0.000352
0.000393
0.000378
0.000437
0.000357
0.000319
0.000368
0.000407
0.000443
0.000381
0.000390
0.000405
0.000459
0.000544
0.000526
0.000576
0.000611
0.000526
0.000422
0.000353
0.000412
0.000476
0.000090
0.000102
0.000115
0.000061
0.000057
0.000044
0.000060
0.000064
-0.000086
-0.001165
-0.004306
-0.007112
-0.011628
-0.007639
0.002171
0.002812
-0.000975
0.005979
0.010154
0.007837
0.004736
0.008538
0.009985
0.013212
0.017498
0.015547
0.007721
0.001705
0.000012
-0.000211
0.000043
-0.001388
-0.001856
0.000126
0.000157
-0.001723
-0.002004
-0.001264
-0.001006
-0.001044
-0.001958
-0.003026
-0.001459
-0.001170
-0.000294
-0.001054
0.005771
0.000000
0.001177
0.000347
0.000334
0.000332
0.000419
0.000369
0.000383
0.000373
0.000359
0.000360
0.000361
0.000490
0.000505
0.000425
0.000396
0.000413
0.000546
0.000589
0.000544
0.000482
0.000540
0.000389
0.000396
0.000368
0.000469
0.000118
0.000139
0.000108
0.000077
0.000084
0.000041
0.000063
0.000061
-0.000311
-0.003906
-0.000626
0.001206
0.005756
0.005347
0.001060
-0.000372
0.000976
0.009591
0.008010
0.001158
-0.003143
0.002372
0.003269
0.004277
0.008150
0.009347
0.002250
0.001468
0.001977
0.000379
-0.001600
-0.004830
-0.002925
-0.002402
-0.001381
-0.002623
-0.009381
-0.005975
-0.005905
-0.009769
-0.011818
-0.011882
-0.005833
-0.003376
-0.001166
-0.001046
0.001122
-0.001519
-0.001679
0.001355
0.000309
0.000393
0.000405
0.000381
0.000410
0.000427
0.000424
0.000390
0.000467
0.000543
0.000489
0.000451
0.000452
0.000391
0.000405
0.000517
0.000510
0.000548
0.000458
0.000365
0.000441
0.000447
0.000552
0.000160
0.000142
0.000119
0.000114
0.000061
0.000047
0.000056
0.000064
-0.000054
-0.001664
-0.001990
0.001788
0.007592
0.004743
0.002025
0.000544
0.001704
0.003814
0.004163
-0.001133
-0.000124
0.000286
0.001016
-0.000591
-0.002718
-0.003308
-0.003247
-0.002801
-0.001119
0.000366
-0.001063
-0.009042
-0.006314
-0.005568
-0.004570
-0.002569
-0.014619
-0.009704
-0.008449
-0.009645
-0.016242
-0.017967
-0.014856
-0.013264
-0.004861
-0.001956
-0.003647
-0.001198
0.000103
-0.001010
0.000958
0.000427
0.000506
0.000497
0.000259
0.000433
0.000501
0.000497
0.000507
0.000559
0.000539
0.000466
0.000501
0.000523
0.000548
0.000467
0.000500
0.000457
0.000466
0.000431
0.000448
0.000583
0.000569
0.000144
0.000175
0.000143
0.000113
0.000065
0.000064
0.000054
0.000054
0.000051
-0.000046
-0.000070
-0.000369
0.000240
0.000199
0.000747
0.000489
-0.000335
0.001420
-0.000453
-0.000161
0.000462
0.012627
0.002956
0.000269
-0.001868
-0.002976
-0.003854
-0.003160
-0.002299
-0.000105
-0.004075
-0.014263
-0.008758
-0.006786
-0.007353
-0.004760
-0.002088
-0.013929
-0.011776
-0.012956
-0.018299
-0.017164
-0.016037
-0.016475
-0.013328
-0.007572
-0.012236
-0.007179
-0.004370
-0.004999
-0.006493
0.000385
0.000532
0.000554
0.000309
0.000440
0.000419
0.000500
0.000538
0.000555
0.000533
0.000386
0.000482
0.000502
0.000556
0.000590
0.000520
0.000521
0.000528
0.000510
0.000605
0.000624
0.000540
0.000176
0.000192
0.000098
0.000131
0.000082
0.000060
0.000075
0.000050
0.000049
0.000054
0.000025
0.000030
0.000029
0.000058
0.000064
0.000009
-0.000004
0.000037
-0.000061
0.000003
0.006586
0.013557
0.011763
0.003321
-0.000330
-0.002576
-0.003542
-0.003465
-0.003298
-0.001183
-0.008424
-0.015571
-0.010531
-0.005923
-0.004600
-0.004204
-0.005184
-0.003711
-0.002862
-0.014628
-0.016904
-0.017783
-0.016369
-0.017433
-0.017679
-0.013664
-0.004655
-0.009269
-0.006618
-0.007636
-0.009885
-0.006636
0.000143
0.000594
0.000579
0.000258
0.000353
0.000484
0.000497
0.000532
0.000482
0.000456
0.000562
0.000522
0.000626
0.000581
0.000661
0.000651
0.000627
0.000670
0.000647
0.000494
0.000455
0.000162
0.000185
0.000132
0.000148
0.000092
0.000039
0.000044
0.000024
0.000040
0.000050
0.000033
0.000026
0.000021
0.000014
0.000019
0.000015
-0.000003
0.000005
0.000001
0.000078
0.001203
0.009200
0.014530
0.007454
0.001486
-0.001802
-0.004157
-0.005378
-0.004721
-0.002362
-0.010673
-0.015104
-0.010983
-0.005203
-0.005099
-0.004567
-0.004765
-0.004935
-0.005170
-0.005516
-0.004683
-0.005971
-0.012236
-0.011846
-0.008598
-0.013159
-0.004268
-0.007432
-0.006830
-0.009834
-0.010989
-0.013047
-0.007298
0.000169
0.000298
0.000345
0.000272
0.000351
0.000471
0.000499
0.000514
0.000654
0.000617
0.000639
0.000777
0.000645
0.000684
0.000674
0.000721
0.000606
0.000598
0.000482
0.000430
0.000180
0.000192
0.000130
0.000101
0.000121
0.000057
0.000026
0.000008
0.000016
0.000034
0.000032
0.000025
0.000023
0.000019
0.000021
0.000027
0.000022
0.000006
0.000006
-0.000021
-0.000536
0.002380
0.009572
0.009343
0.000571
-0.000632
-0.003699
-0.005927
-0.005718
-0.004710
-0.012620
-0.014326
-0.009916
-0.005578
-0.005838
-0.004731
-0.004394
-0.004449
-0.005085
-0.006663
-0.007317
-0.006923
-0.007047
-0.005039
-0.005388
-0.003333
-0.007836
-0.005183
-0.010532
-0.011737
-0.012008
-0.011343
-0.011476
-0.009463
-0.006345
0.000025
0.000306
0.000461
0.000507
0.000568
0.000640
0.000597
0.000625
0.000650
0.000748
0.000642
0.000670
0.000655
0.000605
0.000553
0.000555
0.000469
0.000360
0.000255
0.000214
0.000189
0.000102
0.000137
0.000097
0.000040
0.000037
0.000023
0.000038
0.000042
0.000032
0.000032
0.000042
0.000066
0.000027
0.000030
0.000022
0.000009
0.000011
-0.000508
-0.002625
0.002008
0.009175
0.001531
-0.001001
-0.003437
-0.005278
-0.004984
-0.004273
-0.011999
-0.014879
-0.016007
-0.005205
-0.005096
-0.004173
-0.004261
-0.005459
-0.006021
-0.006715
-0.007437
-0.008304
-0.008110
-0.006946
-0.005407
-0.003465
-0.003580
-0.006073
-0.011088
-0.011411
-0.011116
-0.008232
-0.009788
-0.011055
-0.010200
-0.004971
0.000389
0.000501
0.000470
0.000571
0.000601
0.000579
0.000672
0.000549
0.000577
0.000644
0.000602
0.000517
0.000510
0.000568
0.000552
0.000523
0.000256
0.000203
0.000184
0.000178
0.000126
0.000164
0.000195
0.000200
0.000234
0.000294
0.000018
0.000012
0.000039
0.000106
0.000030
0.000022
0.000025
0.000028
0.000029
0.000028
0.000026
0.000017
-0.000501
-0.000557
0.009650
0.006989
-0.000275
-0.002425
-0.003698
-0.004733
-0.005872
-0.009718
-0.011175
-0.009180
-0.005600
-0.004195
-0.004034
-0.004634
-0.005923
-0.006785
-0.007577
-0.009061
-0.009190
-0.009713
-0.008324
-0.005928
-0.004918
-0.004262
-0.004593
-0.009445
-0.011101
-0.008607
-0.006739
-0.008533
-0.009706
-0.010429
-0.008021
-0.006425
-0.004774
0.000252
0.000412
0.000469
0.000557
0.000450
0.000419
0.000479
0.000545
0.000633
0.000574
0.000634
0.000605
0.000586
0.000651
0.000628
0.000210
0.000230
0.000213
0.000160
0.000177
0.000210
0.000185
0.000184
0.000147
0.000190
0.000242
0.000194
-0.000015
0.000034
0.000033
0.000027
0.000024
0.000022
0.000022
0.000025
0.000022
0.000268
0.000399
0.000391
0.000547
0.000631
0.000444
0.000362
0.001272
-0.007205
-0.008839
-0.009937
-0.006212
-0.003296
-0.004882
-0.004717
-0.004770
-0.006241
-0.006506
-0.008008
-0.009839
-0.010159
-0.009584
-0.008099
-0.007164
-0.006268
-0.005083
-0.003273
-0.004983
-0.011920
-0.010737
-0.006355
-0.006651
-0.008575
-0.008731
-0.007027
-0.007483
-0.007658
-0.006145
-0.003679
-0.001110
0.000692
0.000504
0.000496
0.000523
0.000547
0.000592
0.000655
0.000750
0.000751
0.000769
0.000796
0.000887
0.000193
0.000224
0.000159
0.000158
0.000136
0.000147
0.000188
0.000176
0.000137
0.000148
0.000186
0.000217
0.000268
0.000250
0.000302
0.000005
0.000246
0.000301
0.000286
0.000237
0.000210
0.000188
0.000210
0.000220
0.000212
0.000174
0.000180
0.000148
-0.000277
-0.000073
-0.000728
-0.005024
-0.005167
-0.003283
-0.006829
-0.006732
-0.004366
-0.005855
-0.007183
-0.008073
-0.009343
-0.009074
-0.009100
-0.008497
-0.006728
-0.005391
-0.005085
-0.004854
-0.003973
-0.006671
-0.008928
-0.008169
-0.007475
-0.006927
-0.005909
-0.005097
-0.005381
-0.005357
-0.000865
0.000986
0.003349
0.008829
0.002016
0.000653
0.000693
0.000630
0.000699
0.000675
0.000791
0.000784
0.000846
0.000908
0.000809
0.000150
0.000190
0.000142
0.000140
0.000135
0.000163
0.000177
0.000182
0.000158
0.000182
0.000210
0.000215
0.000220
0.000229
0.000236
0.000194
0.000203
0.000216
0.000177
0.000162
0.000124
0.000157
0.000191
0.000212
0.000201
0.000173
0.000181
0.000161
0.000128
0.000023
0.000002
-0.000208
-0.000227
-0.000209
-0.000355
-0.000386
-0.000395
-0.003190
-0.004594
-0.006987
-0.007972
-0.008929
-0.007920
-0.006328
-0.005706
-0.004916
-0.005158
-0.005769
-0.006528
-0.005838
-0.003737
-0.005188
-0.005161
-0.005488
-0.002026
0.000460
0.002633
0.003857
0.004847
0.003085
0.000740
0.001264
0.001080
0.000901
0.000870
0.000835
0.000864
0.000764
0.000793
0.000743
0.000749
0.000729
0.000628
0.000171
0.000209
0.000244
0.000199
0.000170
0.000169
0.000201
0.000195
0.000190
0.000146
0.000199
0.000230
0.000268
0.000247
0.000225
0.000179
0.000168
0.000209
0.000147
0.000081
0.000082
0.000193
0.000182
0.000189
0.000202
0.000200
0.000164
0.000115
0.000167
0.000080
0.000150
0.000250
0.000311
0.000355
0.000409
0.000412
0.000355
0.000104
-0.000263
-0.000195
-0.000236
-0.000069
0.000047
-0.000017
-0.004486
-0.005076
-0.006111
-0.008158
-0.006871
-0.008457
-0.006939
0.000418
-0.003013
0.000425
0.005211
0.007607
0.003434
0.003746
0.001507
0.001198
0.000624
0.001201
0.001086
0.001094
0.001029
0.001035
0.001017
0.000892
0.000812
0.000753
0.000725
0.000712
0.000627
0.000238
0.000207
0.000240
0.000238
0.000187
0.000189
0.000209
0.000230
0.000212
0.000194
0.000200
0.000227
0.000215
0.000227
0.000234
0.000251
0.000205
0.000160
0.000151
0.000088
0.000060
0.000121
0.000175
0.000167
0.000145
0.000200
0.000109
0.000131
0.000152
0.000103
0.000113
0.000227
0.000315
0.000313
0.000353
0.000408
0.000419
0.000410
0.000354
0.000418
0.000507
0.000685
0.000839
0.001041
0.000691
-0.005476
-0.007048
-0.009606
-0.008893
-0.009573
-0.009680
0.006505
0.001153
0.005289
0.003696
0.000433
0.001692
0.001655
0.001456
0.000799
0.000765
0.000751
0.001120
0.001093
0.000813
0.000980
0.000966
0.000910
0.000800
0.000767
0.000763
0.000655
0.000520
0.000258
0.000188
0.000213
0.000257
0.000216
0.000196
0.000222
0.000208
0.000192
0.000208
0.000172
0.000170
0.000216
0.000106
0.000229
0.000291
0.000258
0.000217
0.000206
0.000132
0.000129
0.000090
0.000146
0.000151
0.000136
0.000174
0.000065
0.000193
0.000185
0.000109
0.000168
0.000253
0.000352
0.000368
0.000364
0.000466
0.000386
0.000365
0.000274
0.000247
0.000313
0.000552
0.000658
0.000870
0.000878
0.001690
-0.007113
-0.007662
-0.007460
-0.009124
-0.009218
-0.006430
0.000669
-0.000597
0.001387
0.001530
0.001567
0.001652
0.001201
0.000821
0.000565
0.000593
0.000908
0.000991
0.000706
0.000911
0.000887
0.000881
0.000903
0.000824
0.000714
0.000501
0.000497
0.000253
0.000184
0.000182
0.000323
0.000264
0.000179
0.000221
0.000218
0.000238
0.000217
0.000229
0.000194
0.000219
0.000233
0.000203
0.000227
0.000277
0.000306
0.000257
0.000230
0.000119
0.000093
0.000164
0.000158
0.000131
0.000103
0.000079
0.000198
0.000196
0.000196
0.000170
0.000259
0.000354
0.000346
0.000393
0.000376
0.000206
0.000200
0.000182
0.000141
0.000182
0.000383
0.000548
0.000690
0.000830
0.000923
0.001094
-0.003841
-0.002770
-0.002323
-0.004631
-0.005045
-0.008549
-0.000126
0.001334
0.001439
0.001545
0.001418
0.001076
0.000841
0.000702
0.000554
0.000756
0.000964
0.001021
0.000840
0.000868
0.000917
0.000944
0.000920
0.000772
0.000609
0.000198
0.000259
0.000253
0.000253
0.000257
0.000280
0.000220
0.000197
0.000248
0.000214
0.000210
0.000261
0.000254
0.000235
0.000264
0.000236
0.000204
0.000242
0.000220
0.000249
0.000236
0.000160
0.000083
0.000171
0.000171
0.000115
0.000163
0.000075
0.000134
0.000201
0.000172
0.000200
0.000288
0.000323
0.000331
0.000370
0.000328
0.000177
0.000146
0.000239
0.000364
0.000349
0.000393
0.000457
0.000625
0.000856
0.000924
0.000830
0.000656
0.000835
0.000455
-0.000565
-0.007133
-0.003091
0.001010
0.001224
0.001211
0.001247
0.001168
0.001168
0.001257
0.001277
0.000825
0.000595
0.000991
0.000930
0.000819
0.001044
0.000902
0.000825
0.000921
0.000493
0.000495
0.000252
0.000278
0.000277
0.000289
0.000284
0.000352
0.000287
0.000304
0.000284
0.000224
0.000209
0.000247
0.000252
0.000222
0.000258
0.000235
0.000215
0.000202
0.000266
0.000243
0.000184
0.000178
0.000143
0.000143
0.000212
0.000160
0.000200
0.000221
0.000234
0.000291
0.000201
0.000236
0.000350
0.000316
0.000361
0.000384
0.000344
0.000251
0.000309
0.000412
0.000511
0.000409
0.000352
0.000477
0.000700
0.000859
0.000773
0.000793
0.000750
0.000638
0.000647
-0.000653
-0.000842
0.001087
0.001079
0.001023
0.001219
0.001358
0.001481
0.001565
0.001536
0.001144
0.001140
0.001013
0.000787
0.000958
0.000888
0.000809
0.000821
0.000850
0.000976
0.000817
0.000570
0.000382
0.000259
0.000239
0.000218
0.000244
0.000316
0.000347
0.000334
0.000293
0.000262
0.000241
0.000233
0.000248
0.000190
0.000227
0.000211
0.000205
0.000200
0.000254
0.000230
0.000209
0.000149
0.000154
0.000140
0.000224
0.000247
0.000272
0.000270
0.000336
0.000338
0.000274
0.000235
0.000290
0.000337
0.000395
0.000436
0.000371
0.000381
0.000411
0.000519
0.000467
0.000366
0.000476
0.000651
0.000824
0.000651
0.000660
0.000772
0.000764
0.000615
0.000622
0.000789
0.001342
0.001566
0.001228
0.001268
0.001555
0.001570
0.001478
0.001634
0.001472
0.001127
0.001046
0.001142
0.001211
0.001125
0.000879
0.000729
0.000888
0.000922
0.001010
0.001068
0.000752
0.000472
0.000256
0.000243
0.000249
0.000231
0.000290
0.000208
0.000270
0.000239
0.000237
0.000240
0.000221
0.000184
0.000210
0.000222
0.000230
0.000236
0.000225
0.000227
0.000242
0.000177
0.000163
0.000169
0.000186
0.000239
0.000252
0.000312
0.000292
0.000280
0.000302
0.000268
0.000284
0.000331
0.000375
0.000452
0.000479
0.000386
0.000308
0.000308
0.000233
0.000420
0.000401
0.000564
0.000631
0.000707
0.000598
0.000626
0.000843
0.000885
0.000846
0.000724
0.001077
0.001362
0.001604
0.001744
0.001634
0.001704
0.001530
0.001397
0.001437
0.001439
0.001129
0.001000
0.001073
0.001211
0.001362
0.001143
0.000778
0.000861
0.001016
0.001142
0.001087
0.000774
0.000873
0.000271
0.000249
0.000245
0.000268
0.000240
0.000164
0.000201
0.000214
0.000258
0.000275
0.000246
0.000217
0.000204
0.000208
0.000255
0.000228
0.000259
0.000243
0.000257
0.000180
0.000176
0.000210
0.000259
0.000294
0.000315
0.000286
0.000345
0.000335
0.000306
0.000332
0.000392
0.000452
0.000415
0.000382
0.000318
0.000301
0.000249
0.000219
0.000330
0.000559
0.000610
0.000577
0.000625
0.000720
0.000639
0.000587
0.000693
0.000817
0.000712
0.000629
0.000891
0.001326
0.001593
0.001843
0.001774
0.001299
0.001349
0.001170
0.001365
0.001336
0.001272
0.001256
0.001124
0.001336
0.001226
0.001086
0.000800
0.000932
0.001083
0.001158
0.001067
0.001012
0.000802
