0.000012
0.000016
0.000016
0.000632
0.000017
0.000009
0.000009
0.000438
0.000006
0.000006
0.000009
-0.000603
0.000008
0.000010
0.000008
0.000008
0.000007
0.000008
0.000010
0.000008
0.000008
0.000010
0.000008
0.000011
0.000010
0.000009
0.000010
0.000011
0.000011
0.000009
0.000010
0.000011
0.000012
0.000009
0.000009
0.000008
0.000003
0.000002
-0.000005
-0.000007
-0.000011
-0.000014
-0.000013
-0.000011
-0.000012
-0.000014
-0.000016
-0.000016
-0.000008
-0.000009
-0.000007
-0.000012
-0.000007
-0.000012
-0.000009
-0.000011
-0.000011
-0.000005
-0.000013
-0.000010
-0.000011
-0.000011
-0.000012
-0.000013
-0.000014
-0.000019
-0.001158
-0.000018
-0.000014
-0.000016
0.000061
-0.000018
0.000195
0.000012
0.000009
0.000010
0.000009
0.000010
0.000010
0.000012
0.000012
0.000012
0.000009
0.000012
0.000010
0.000011
0.000008
0.000014
0.000007
0.000008
0.000010
0.000009
0.000009
0.000009
0.000009
0.000009
0.000008
0.000007
0.000012
0.000009
0.000009
0.000011
0.000010
0.000010
0.000009
0.000011
0.000007
0.000008
0.000007
0.000005
0.000002
-0.000009
-0.000013
-0.000012
-0.000015
-0.000017
-0.000012
-0.000016
-0.000016
-0.000014
-0.000011
-0.000014
-0.000012
-0.000009
-0.000008
-0.000009
-0.000008
-0.000010
-0.000011
-0.000012
-0.000012
-0.000013
-0.000009
-0.000013
-0.000012
-0.000013
-0.000009
-0.000011
-0.000010
-0.000014
-0.000016
-0.000014
-0.000013
-0.000006
-0.000007
-0.000017
0.000011
0.000012
0.000009
0.000009
0.000007
0.000011
0.000011
0.000009
0.000011
0.000009
0.000009
0.000009
0.000008
0.000009
0.000008
0.000006
0.000007
0.000009
0.000011
0.000009
0.000010
0.000011
0.000007
0.000010
0.000007
0.000009
0.000010
0.000011
0.000011
0.000011
0.000005
0.000010
0.000009
0.000009
0.000008
0.000002
0.000004
0.000004
-0.000008
-0.000012
-0.000015
-0.000016
-0.000015
-0.000017
-0.000019
-0.000018
-0.000015
-0.000014
-0.000014
-0.000015
-0.000016
-0.000013
-0.000009
-0.000011
-0.000009
-0.000006
-0.000011
-0.000012
-0.000012
-0.000007
-0.000003
-0.000013
-0.000013
-0.000012
-0.000009
-0.000010
-0.000012
-0.000011
-0.000010
-0.000007
-0.000011
-0.000012
-0.000019
0.000012
0.000012
0.000011
0.000008
0.000007
0.000008
0.000008
0.000008
0.000012
0.000010
0.000010
0.000008
0.000010
0.000007
0.000008
0.000008
0.000007
0.000010
0.000009
0.000009
0.000008
0.000009
0.000009
0.000005
0.000008
0.000010
0.000009
0.000009
0.000011
0.000013
0.000008
0.000008
0.000009
0.000010
0.000009
0.000007
0.000009
0.000006
-0.000002
-0.000011
-0.000014
-0.000016
-0.000019
-0.000013
-0.000011
-0.000016
-0.000012
-0.000015
-0.000015
-0.000011
-0.000017
-0.000006
-0.000010
-0.000011
-0.000009
-0.000009
-0.000012
-0.000016
-0.000006
-0.000011
-0.000008
-0.000009
-0.000015
-0.000009
-0.000010
-0.000010
-0.000012
-0.000009
-0.000011
-0.000010
-0.000009
-0.000011
-0.000013
0.000011
0.000010
0.000009
0.000007
0.000011
0.000010
0.000009
0.000010
0.000009
0.000008
0.000007
0.000008
0.000007
0.000010
0.000008
0.000009
0.000009
0.000007
0.000009
0.000008
0.000011
0.000011
0.000011
0.000010
0.000008
0.000008
0.000010
0.000009
0.000012
0.000011
0.000009
0.000008
0.000011
0.000009
0.000009
0.000009
0.000010
0.000007
0.000002
-0.000007
-0.000014
-0.000015
-0.000018
-0.000013
-0.000015
-0.000014
-0.000015
-0.000014
-0.000011
-0.000009
-0.000008
-0.000010
-0.000008
-0.000008
-0.000010
-0.000012
-0.000012
-0.000017
-0.000012
-0.000014
-0.000014
-0.000012
-0.000013
-0.000014
-0.000013
-0.000007
-0.000009
-0.000013
-0.000013
-0.000010
-0.000011
-0.000011
-0.002169
0.000011
0.000009
0.000009
0.000009
0.000008
0.000014
0.000007
0.000009
0.000008
0.000008
0.000007
0.000006
0.000008
0.000008
0.000010
0.000011
0.000007
0.000008
0.000007
0.000010
0.000010
0.000009
0.000011
0.000010
0.000011
0.000010
0.000011
0.000009
0.000012
0.000013
0.000014
0.000010
0.000014
0.000012
0.000013
0.000012
0.000011
0.000008
0.000004
-0.000002
-0.000012
-0.000014
-0.000013
-0.000013
-0.000012
-0.000016
-0.000016
-0.000015
-0.000014
-0.000013
-0.000011
-0.000009
-0.000009
-0.000010
-0.000011
-0.000011
-0.000011
-0.000015
-0.000010
-0.000010
-0.000012
-0.000014
-0.000012
-0.000008
-0.000012
-0.000011
-0.000009
-0.000012
-0.000012
-0.000012
-0.000009
-0.000011
-0.000011
0.000009
0.000010
0.000012
0.000008
0.000008
0.000010
0.000008
0.000007
0.000008
0.000007
0.000005
0.000007
0.000006
0.000009
0.000012
0.000011
0.000008
0.000008
0.000009
0.000011
0.000012
0.000010
0.000010
0.000010
0.000011
0.000009
0.000007
0.000009
0.000012
0.000012
0.000013
0.000012
0.000012
0.000014
0.000013
0.000014
0.000010
0.000010
0.000004
-0.000002
-0.000008
-0.000016
-0.000011
-0.000017
-0.000015
-0.000014
-0.000013
-0.000012
-0.000012
-0.000014
-0.000012
-0.000009
-0.000006
-0.000009
-0.000011
-0.000014
-0.000014
-0.000014
-0.000011
-0.000013
-0.000013
-0.000013
-0.000009
-0.000014
-0.000014
-0.000014
-0.000013
-0.000013
-0.000013
-0.000011
-0.000014
-0.000015
-0.000020
0.000010
0.000010
0.000009
0.000009
0.000009
0.000009
0.000008
0.000006
0.000007
0.000006
0.000006
0.000007
0.000005
0.000008
0.000010
0.000009
0.000009
0.000008
0.000009
0.000009
0.000010
0.000011
0.000011
0.000011
0.000010
0.000011
0.000010
0.000009
0.000010
0.000015
0.000013
0.000013
0.000013
0.000015
0.000016
0.000015
0.000012
0.000011
0.000003
-0.000000
-0.000006
-0.000015
-0.000011
-0.000015
-0.000014
-0.000012
-0.000014
-0.000012
-0.000012
-0.000015
-0.000013
-0.000011
-0.000009
-0.000009
-0.000006
-0.000014
-0.000011
-0.000012
-0.000013
-0.000012
-0.000010
-0.000006
-0.000006
-0.000010
-0.000014
-0.000013
-0.000014
-0.000013
-0.000010
-0.000016
-0.000013
-0.000011
-0.000011
0.000011
0.000011
0.000010
0.000009
0.000009
0.000010
0.000007
0.000007
0.000010
0.000007
0.000006
0.000006
0.000006
0.000008
0.000010
0.000009
0.000011
0.000009
0.000009
0.000009
0.000011
0.000011
0.000010
0.000010
0.000011
0.000011
0.000013
0.000010
0.000009
0.000013
0.000016
0.000019
0.000017
0.000016
0.000016
0.000017
0.000010
0.000011
0.000008
0.000002
-0.000007
-0.000010
-0.000011
-0.000018
-0.000018
-0.000014
-0.000014
-0.000012
-0.000014
-0.000017
-0.000012
-0.000012
-0.000010
-0.000006
-0.000008
-0.000006
-0.000014
-0.000012
-0.000012
-0.000013
-0.000012
-0.000011
-0.000012
-0.000010
-0.000008
-0.000013
-0.000014
-0.000013
-0.000013
-0.000013
-0.000010
-0.000014
0.001326
0.000011
0.000010
0.000011
0.000009
0.000010
0.000011
0.000011
0.000006
0.000006
0.000005
0.000005
0.000006
0.000005
0.000007
0.000009
0.000010
0.000010
0.000007
0.000006
0.000008
0.000009
0.000012
0.000012
0.000011
0.000011
0.000013
0.000014
0.000013
0.000012
0.000013
0.000016
0.000020
0.000017
0.000021
0.000017
0.000019
0.000015
0.000016
0.000012
0.000003
-0.000005
-0.000007
-0.000013
-0.000015
-0.000018
-0.000016
-0.000019
-0.000016
-0.000012
-0.000012
-0.000006
-0.000011
-0.000008
-0.000004
-0.000012
-0.000013
-0.000014
-0.000009
-0.000012
-0.000012
-0.000007
-0.000016
-0.000014
-0.000011
-0.000009
-0.000016
-0.000013
-0.000016
-0.000015
-0.000016
-0.000015
-0.000015
-0.000010
0.000012
0.000011
0.000010
0.000011
0.000012
0.000009
0.000008
0.000005
0.000005
0.000004
0.000004
0.000005
0.000006
0.000005
0.000009
0.000010
0.000009
0.000009
0.000007
0.000007
0.000008
0.000007
0.000009
0.000011
0.000011
0.000012
0.000015
0.000015
0.000013
0.000014
0.000016
0.000021
0.000021
0.000022
0.000018
0.000019
0.000019
0.000015
0.000012
0.000006
-0.000000
-0.000013
-0.000013
-0.000020
-0.000019
-0.000016
-0.000020
-0.000018
-0.000011
-0.000012
-0.000011
-0.000012
-0.000010
-0.000009
-0.000011
-0.000011
-0.000011
-0.000012
-0.000013
-0.000015
-0.000016
-0.000012
-0.000012
-0.000012
-0.000014
-0.000016
-0.000014
-0.000017
-0.000018
-0.000017
-0.000014
-0.000016
-0.000014
0.000011
0.000012
0.000008
0.000010
0.000009
0.000009
0.000007
0.000005
0.000004
0.000005
0.000004
0.000002
0.000005
0.000005
0.000007
0.000009
0.000008
0.000009
0.000010
0.000006
0.000007
0.000008
0.000009
0.000009
0.000012
0.000016
0.000015
0.000014
0.000013
0.000011
0.000015
0.000020
0.000023
0.000023
0.000021
0.000021
0.000021
0.000016
0.000015
0.000005
-0.000001
-0.000008
-0.000018
-0.000015
-0.000015
-0.000017
-0.000020
-0.000019
-0.000016
-0.000014
-0.000015
-0.000012
-0.000012
-0.000014
-0.000012
-0.000012
-0.000013
-0.000012
-0.000015
-0.000016
-0.000014
-0.000014
-0.000010
-0.000014
-0.000012
-0.000013
-0.000015
-0.000018
-0.000012
-0.000016
-0.000016
-0.000016
-0.000012
0.000014
0.000012
0.000009
0.000009
0.000009
0.000008
0.000008
0.000006
0.000004
0.000003
0.000003
0.000004
0.000004
0.000003
0.000005
0.000009
0.000009
0.000009
0.000010
0.000010
0.000007
0.000009
0.000012
-0.000001
-0.000014
-0.000007
-0.000013
0.000006
0.000014
0.000012
0.000016
0.000019
0.000023
0.000023
0.000020
0.000021
0.000021
0.000020
0.000015
0.000007
-0.000003
-0.000011
-0.000014
-0.000018
-0.000014
-0.000020
-0.000015
-0.000020
-0.000016
-0.000010
-0.000013
-0.000014
-0.000015
-0.000013
-0.000014
-0.000014
-0.000013
-0.000016
-0.000017
-0.000013
-0.000013
-0.000014
-0.000014
-0.000013
-0.000016
-0.000015
-0.000012
-0.000018
-0.000011
-0.000017
-0.000016
-0.000020
0.000725
0.000010
0.000012
0.000010
0.000012
0.000008
0.000007
0.000007
0.000008
0.000005
0.000003
0.000003
0.000003
0.000003
0.000004
0.000005
0.000005
0.000007
0.000010
0.000010
0.000009
0.000009
-0.000097
-0.000287
-0.000326
-0.001210
-0.002986
-0.002044
-0.000816
-0.000054
0.000016
0.000020
0.000025
0.000022
0.000025
0.000021
0.000023
0.000021
0.000020
0.000016
0.000008
-0.000005
-0.000012
-0.000017
-0.000019
-0.000018
-0.000018
-0.000020
-0.000019
-0.000016
-0.000011
-0.000008
-0.000013
-0.000016
-0.000011
-0.000017
-0.000011
-0.000015
-0.000016
-0.000018
-0.000013
-0.000016
-0.000017
-0.000016
-0.000018
-0.000017
-0.000018
-0.000014
-0.000017
-0.000017
-0.000014
-0.000017
-0.000014
-0.000009
0.000014
0.000012
0.000009
0.000009
0.000010
0.000007
0.000008
0.000007
0.000005
0.000005
0.000004
0.000003
0.000003
0.000004
0.000003
0.000005
0.000007
0.000011
0.000011
0.000010
-0.000144
-0.002037
-0.004882
-0.004112
-0.004166
-0.003707
-0.005630
-0.005736
-0.001412
-0.000101
0.000019
0.000024
0.000027
0.000027
0.000027
0.000024
0.000021
0.000024
0.000011
0.000005
-0.000008
-0.000015
-0.000016
-0.000018
-0.000017
-0.000021
-0.000019
-0.000020
-0.000019
-0.000014
-0.000011
-0.000010
-0.000015
-0.000014
-0.000017
-0.000011
-0.000015
-0.000012
-0.000017
-0.000016
-0.000018
-0.000017
-0.000013
-0.000019
-0.000015
-0.000016
-0.000016
-0.000018
-0.000016
-0.000016
-0.000016
-0.000020
-0.000007
0.000014
0.000012
0.000008
0.000009
0.000008
0.000009
0.000008
0.000006
0.000004
0.000003
0.000003
0.000003
0.000004
0.000003
0.000003
0.000005
0.000005
0.000008
0.000008
-0.000183
-0.001548
-0.002318
-0.002781
-0.004846
-0.004535
-0.006748
-0.004249
-0.001914
-0.000647
-0.000761
-0.000117
0.000025
0.000029
0.000026
0.000026
0.000024
0.000024
0.000023
0.000016
0.000006
-0.000007
-0.000015
-0.000017
-0.000021
-0.000022
-0.000021
-0.000019
-0.000019
-0.000018
-0.000014
-0.000013
-0.000012
-0.000011
-0.000013
-0.000015
-0.000012
-0.000013
-0.000015
-0.000016
-0.000016
-0.000017
-0.000019
-0.000021
-0.000018
-0.000017
-0.000015
-0.000021
-0.000021
-0.000018
-0.000017
-0.000018
-0.000018
-0.000011
0.000016
0.000012
0.000010
0.000011
0.000009
0.000007
0.000006
0.000005
0.000004
0.000003
0.000002
0.000002
0.000004
0.000003
0.000003
0.000004
-0.000030
0.000011
0.000013
-0.000757
-0.000496
-0.002409
-0.003520
-0.001691
-0.001227
-0.004499
-0.004619
-0.005425
-0.001746
0.000017
0.000028
0.000032
0.000034
0.000024
0.000028
0.000025
0.000025
0.000023
0.000016
0.000010
-0.000004
-0.000012
-0.000016
-0.000022
-0.000021
-0.000021
-0.000018
-0.000019
-0.000023
-0.000018
-0.000013
-0.000015
-0.000016
-0.000014
-0.000013
-0.000015
-0.000009
-0.000018
-0.000018
-0.000018
-0.000017
-0.000018
-0.000019
-0.000016
-0.000019
-0.000019
-0.000020
-0.000020
-0.000022
-0.000021
-0.000020
-0.000018
-0.001100
0.000018
0.000013
0.000011
0.000008
0.000009
0.000007
0.000007
0.000006
0.000005
0.000003
0.000004
0.000004
0.000003
0.000003
-0.000014
-0.000015
-0.000047
-0.000090
0.000063
-0.000033
0.000026
-0.000107
-0.000190
-0.000133
-0.000147
-0.000087
-0.000400
-0.002302
-0.000765
0.000017
0.000023
0.000029
0.000052
0.000095
0.000129
0.000147
0.000142
0.000038
0.000022
0.000014
0.000000
-0.000014
-0.000018
-0.000018
-0.000019
-0.000022
-0.000018
-0.000016
-0.000020
-0.000016
-0.000015
-0.000011
-0.000015
-0.000014
-0.000011
-0.000017
-0.000018
-0.000020
-0.000019
-0.000018
-0.000018
-0.000015
-0.000019
-0.000017
-0.000018
-0.000022
-0.000020
-0.000018
-0.000021
-0.000022
-0.000021
-0.000021
-0.000020
0.000022
0.000016
0.000010
0.000009
0.000009
0.000010
0.000007
0.000006
0.000005
0.000004
0.000002
0.000004
0.000003
-0.000018
0.000170
0.000738
0.000011
0.000083
-0.000015
-0.000004
0.000008
-0.000010
-0.000008
-0.000088
-0.000076
0.000113
-0.000137
-0.002016
-0.000522
-0.000666
-0.000231
-0.000256
0.000517
0.001607
0.002529
0.002570
0.002164
0.000565
0.000313
0.000109
0.000009
-0.000010
-0.000020
-0.000022
-0.000020
-0.000021
-0.000018
-0.000019
-0.000019
-0.000020
-0.000015
-0.000012
-0.000014
-0.000018
-0.000017
-0.000020
-0.000018
-0.000017
-0.000016
-0.000020
-0.000021
-0.000017
-0.000016
-0.000017
-0.000021
-0.000023
-0.000020
-0.000026
-0.000025
-0.000018
-0.000018
-0.000017
-0.000020
0.000019
0.000017
0.000012
0.000009
0.000010
0.000010
0.000009
0.000006
0.000007
0.000005
0.000004
0.000004
-0.000007
-0.000065
0.000476
-0.000759
-0.000349
-0.000093
0.000005
-0.000008
-0.000009
-0.000012
-0.000017
-0.000027
0.000063
-0.000390
-0.000579
0.000596
-0.000686
-0.005815
-0.000949
0.001205
0.002050
0.004275
0.005225
0.005624
0.005455
0.003524
0.004209
0.001234
0.000092
-0.000005
-0.000017
-0.000020
-0.000021
-0.000018
-0.000017
-0.000019
-0.000023
-0.000021
-0.000017
-0.000009
-0.000015
-0.000019
-0.000015
-0.000017
-0.000014
-0.000015
-0.000024
-0.000039
-0.000072
-0.000024
-0.000023
-0.000020
-0.000020
-0.000024
-0.000025
-0.000022
-0.000020
-0.000020
-0.000022
-0.000018
-0.000015
0.000020
0.000018
0.000014
0.000012
0.000010
0.000012
0.000010
0.000006
0.000005
0.000004
0.000005
0.000005
0.000002
0.000179
0.000943
-0.002624
-0.000257
-0.000022
-0.000008
-0.000011
-0.000009
-0.000014
0.000084
0.000104
0.000816
0.001928
0.000665
0.001773
0.000579
-0.000214
0.000912
0.002111
0.001960
0.004954
0.005731
0.006630
0.007678
0.006499
0.007320
0.004988
0.000763
0.000174
0.000039
-0.000018
-0.000023
-0.000021
-0.000024
-0.000025
-0.000023
-0.000026
-0.000019
-0.000018
-0.000020
-0.000019
-0.000016
-0.000018
-0.000018
-0.000017
-0.000021
-0.000021
-0.000022
-0.000021
-0.000024
-0.000022
-0.000020
-0.000021
-0.000023
-0.000021
-0.000022
-0.000021
-0.000021
-0.000022
-0.000596
0.000024
0.000017
0.000014
0.000012
0.000010
0.000011
0.000010
0.000009
0.000006
0.000005
0.000005
0.000001
0.000006
0.000199
0.005738
-0.000880
-0.000281
-0.000010
-0.000008
-0.000008
-0.000009
-0.000034
0.008058
0.002706
0.005380
0.007126
0.006241
0.005323
0.002244
0.000443
0.001398
0.002352
0.002164
0.003882
0.003451
0.005219
0.008373
0.007589
0.008760
0.005890
0.001656
0.001357
0.000666
0.000056
-0.000031
-0.000034
-0.000028
-0.000026
-0.000025
-0.000026
-0.000024
-0.000020
-0.000020
-0.000027
-0.000020
-0.000020
-0.000022
-0.000022
-0.000023
-0.000022
-0.000022
-0.000024
-0.000023
-0.000022
-0.000023
-0.000025
-0.000021
-0.000021
-0.000023
-0.000019
-0.000020
-0.000019
-0.000017
0.000016
0.000015
0.000011
0.000013
0.000009
0.000009
0.000009
0.000010
0.000006
0.000006
0.000003
0.000002
0.000007
0.000268
0.001510
-0.000722
-0.000262
-0.000014
-0.000008
-0.000009
-0.000007
0.007016
0.012263
0.007039
0.008021
0.011860
0.012055
0.012058
0.009307
0.002498
0.001453
0.003001
0.000811
0.001635
0.000347
0.001460
0.003824
0.005825
0.006050
0.004901
0.001826
0.001331
0.001274
0.000672
0.000353
0.000256
-0.000056
-0.000026
-0.000023
-0.000021
-0.000022
-0.000023
-0.000017
-0.000017
-0.000020
-0.000020
-0.000024
-0.000023
-0.000023
-0.000022
-0.000021
-0.000023
-0.000027
-0.000024
-0.000025
-0.000023
-0.000025
-0.000025
-0.000023
-0.000020
-0.000015
-0.000018
-0.000015
0.000014
0.000015
0.000012
0.000012
0.000009
0.000009
0.000011
0.000009
0.000006
0.000006
0.000004
0.000002
0.000003
0.000099
0.001608
0.003014
0.000149
0.000014
-0.000004
-0.000021
0.004173
0.005681
0.005492
0.004491
0.005669
0.007997
0.008659
0.009813
0.008875
0.002944
0.000319
0.000288
-0.000063
-0.000285
-0.000790
-0.000013
0.000359
0.001190
0.001328
0.001483
0.000555
0.000690
0.001293
0.000641
0.000975
0.005668
0.000284
-0.000052
-0.000022
-0.000029
-0.000025
-0.000026
-0.000023
-0.000019
-0.000025
-0.000027
-0.000024
-0.000026
-0.000024
-0.000025
-0.000023
-0.000024
-0.000025
-0.000030
-0.000028
-0.000025
-0.000025
-0.000024
-0.000022
-0.000018
-0.000021
-0.000016
-0.000018
0.000010
0.000014
0.000014
0.000011
0.000008
0.000007
0.000011
0.000009
0.000009
0.000006
0.000005
-0.000022
-0.000341
0.000013
0.001242
0.007506
0.001911
0.000021
0.002128
0.004386
0.004094
0.003631
0.003900
0.004565
0.004722
0.005767
0.005985
0.007182
0.004914
0.002067
0.000943
-0.000109
-0.000154
-0.000185
-0.000705
-0.000276
-0.000142
-0.000081
0.000130
0.000461
0.000561
0.001007
0.000746
0.001478
0.001351
0.005056
0.002868
0.000556
-0.000028
-0.000024
-0.000024
-0.000023
-0.000028
-0.000025
-0.000024
-0.000021
-0.000025
-0.000025
-0.000026
-0.000026
-0.000025
-0.000024
-0.000025
-0.000029
-0.000028
-0.000024
-0.000026
-0.000026
-0.000027
-0.000018
-0.000016
-0.000016
-0.000016
0.000017
0.000015
0.000013
0.000007
0.000007
0.000007
0.000010
0.000009
0.000010
0.000007
0.000002
-0.000241
-0.000452
-0.000051
0.000507
0.001182
0.001808
0.003812
0.005245
0.003519
0.002778
0.002212
0.002482
0.003378
0.003675
0.004351
0.004216
0.002774
0.000949
0.000419
0.001327
-0.000250
-0.000688
-0.000199
-0.000203
-0.001364
-0.000173
0.000050
-0.000027
0.000241
0.000349
0.000648
-0.000331
0.000195
0.000698
0.000724
0.004057
0.004366
0.000535
-0.000027
-0.000022
-0.000023
-0.000026
-0.000025
-0.000022
-0.000024
-0.000025
-0.000023
-0.000026
-0.000026
-0.000029
-0.000030
-0.000024
-0.000027
-0.000026
-0.000026
-0.000026
-0.000026
-0.000024
-0.000019
-0.000015
-0.000015
-0.000018
0.000022
0.000018
0.000015
0.000013
0.000008
0.000009
0.000010
0.000008
0.000008
0.000000
-0.000180
-0.000170
0.000789
0.000246
0.000033
0.000150
0.001203
0.001658
0.002564
0.000535
-0.001043
0.000625
0.001326
0.002185
0.002479
0.003043
0.002721
0.001453
0.001133
0.002064
-0.000144
-0.002440
-0.001867
-0.000671
-0.000550
-0.001035
-0.000139
0.000083
0.000656
0.001727
0.001737
0.000125
0.001686
0.000573
-0.000511
-0.001322
0.002419
0.005595
0.003618
0.000472
-0.000021
-0.000026
-0.000030
-0.000029
-0.000028
-0.000024
-0.000021
-0.000025
-0.000028
-0.000031
-0.000026
-0.000024
-0.000026
-0.000027
-0.000022
-0.000022
-0.000024
-0.000022
-0.000024
-0.000015
-0.000017
-0.000022
-0.000021
0.000020
0.000016
0.000018
0.000015
0.000007
0.000006
0.000009
0.000010
0.000009
-0.000007
-0.000011
-0.000008
0.000156
0.000025
0.000013
0.000037
0.000017
0.000097
-0.000049
0.000004
-0.000013
0.000056
0.000526
0.007295
0.002041
-0.000198
-0.000892
-0.001210
-0.001958
-0.004451
-0.005309
-0.003813
-0.002389
-0.002537
-0.001628
-0.001843
-0.000098
0.000016
0.000719
0.001570
0.000766
-0.000364
-0.000865
-0.001631
0.000773
-0.000209
0.001052
0.005577
0.004006
0.004327
0.000595
-0.000024
-0.000030
-0.000029
-0.000019
-0.000023
-0.000024
-0.000027
-0.000029
-0.000026
-0.000026
-0.000026
-0.000027
-0.000007
-0.000024
-0.000019
-0.000019
-0.000020
-0.000021
-0.000019
-0.000019
-0.000018
-0.000018
0.000019
0.000015
0.000016
0.000012
0.000009
0.000008
0.000008
0.000006
0.000009
0.000009
0.000007
0.000009
0.000011
0.000010
0.000009
0.000007
0.000003
0.000006
-0.000001
0.000001
0.000133
0.005888
0.007204
0.010130
0.008386
0.002255
-0.000529
-0.001013
-0.001896
-0.006842
-0.007489
-0.005143
-0.003898
-0.002413
-0.001977
-0.003357
-0.001720
-0.000164
0.000029
0.000769
-0.000355
-0.000178
-0.000467
-0.000812
-0.001944
0.001405
0.000916
0.005873
0.005882
0.006784
0.004982
0.000678
-0.000033
-0.000035
-0.000025
-0.000024
-0.000020
-0.000026
-0.000026
-0.000023
-0.000025
-0.000026
-0.000023
0.000018
-0.000022
-0.000020
-0.000020
-0.000020
-0.000020
-0.000018
-0.000019
-0.000021
-0.000016
0.000016
0.000020
0.000018
0.000011
0.000009
0.000011
0.000010
0.000008
0.000010
0.000007
0.000008
0.000010
0.000009
0.000011
0.000010
0.000007
0.000008
0.000007
0.000008
0.000010
0.002173
0.003441
0.004134
0.005700
0.011243
0.009220
0.002347
-0.000364
-0.001459
-0.006327
-0.009137
-0.005840
-0.002384
-0.000615
-0.000321
-0.000923
-0.003789
-0.001762
-0.000499
-0.000703
-0.001060
0.000164
-0.001177
-0.000936
-0.001146
-0.002214
-0.001185
0.006121
0.006732
0.006486
0.004349
0.000287
0.000186
-0.000032
-0.000030
-0.000016
-0.000018
-0.000027
-0.000024
-0.000030
-0.000037
-0.000021
-0.000023
-0.000022
-0.000029
-0.000025
-0.000024
-0.000023
-0.000019
-0.000023
-0.000014
-0.000019
-0.000015
0.000021
0.000018
0.000018
0.000017
0.000012
0.000007
0.000006
0.000007
0.000009
0.000010
0.000010
0.000011
0.000012
0.000013
0.000009
0.000013
0.000010
0.000015
0.000003
0.000042
0.000888
0.002931
0.003712
0.004731
0.008848
0.013375
0.007765
0.001344
-0.001233
-0.006101
-0.008947
-0.006791
-0.001486
0.001175
0.000052
-0.002112
-0.004337
-0.004260
-0.000926
-0.002025
-0.002346
-0.002330
-0.000569
-0.000057
-0.000339
-0.002608
0.000253
0.003811
0.005545
0.004099
0.000268
-0.000865
-0.000880
-0.000075
0.000144
-0.000015
-0.000019
-0.000019
-0.000025
-0.000035
-0.000044
0.000000
-0.000023
-0.000031
-0.000025
0.000022
-0.000017
-0.000025
-0.000023
-0.000024
-0.000017
-0.000018
-0.000017
0.000019
0.000018
0.000019
0.000018
0.000014
0.000005
0.000006
0.000005
0.000004
0.000004
0.000008
0.000011
0.000012
0.000012
0.000011
0.000016
0.000017
0.000006
0.000002
-0.000002
-0.000040
0.001906
0.003697
0.004611
0.008470
0.014884
0.010763
0.003203
-0.000603
-0.007426
-0.009911
-0.005516
-0.000640
0.000598
-0.000463
-0.002626
-0.003303
-0.004174
-0.001541
-0.002602
-0.003940
-0.005239
-0.005624
-0.004454
-0.003694
-0.000485
-0.001971
0.000131
0.001419
0.000581
-0.001822
-0.001530
-0.001744
-0.000737
-0.000094
0.000093
-0.000026
-0.000023
-0.000027
-0.000031
-0.000009
-0.000023
-0.000020
-0.000021
-0.000026
-0.000028
-0.000008
-0.000023
-0.000019
-0.000021
-0.000020
-0.000017
-0.000011
0.000020
0.000019
0.000019
0.000016
0.000004
0.000007
0.000007
0.000007
0.000007
0.000007
0.000010
0.000011
0.000012
0.000016
0.000019
0.000013
0.000014
0.000009
0.000006
0.000008
-0.000075
-0.000137
0.002008
0.004144
0.006534
0.011028
0.014907
0.004484
0.000584
-0.007621
-0.009385
-0.005847
-0.003043
-0.000518
0.000371
-0.000563
-0.003636
-0.003269
-0.002688
-0.003751
-0.005139
-0.005507
-0.006460
-0.004638
-0.004211
-0.003267
-0.000226
-0.000366
-0.000449
-0.000739
-0.001107
-0.001198
-0.000972
-0.000577
-0.000145
0.000079
0.000142
0.000021
-0.000025
-0.000025
-0.000024
-0.000026
-0.000024
-0.000025
-0.000026
-0.000025
-0.000023
-0.000023
-0.000020
-0.000024
-0.000024
-0.000022
-0.000013
0.000017
0.000021
0.000017
0.000014
0.000013
0.000016
0.000016
0.000014
0.000022
0.000005
0.000006
0.000009
0.000018
0.000015
0.000012
0.000014
0.000015
0.000019
0.000019
0.000018
0.000014
-0.000034
0.000406
0.002697
0.004413
0.008175
0.012237
0.010208
0.002869
-0.007844
-0.007486
-0.006991
-0.005341
-0.002336
0.000142
-0.001640
-0.004154
-0.006804
-0.005735
-0.004640
-0.006498
-0.006560
-0.005996
-0.004993
-0.004443
-0.004794
-0.004116
0.000009
0.000075
-0.000598
-0.000657
-0.000626
0.000072
0.000377
0.000338
0.000225
0.000274
0.000183
-0.000016
0.000066
0.000169
-0.000026
-0.000027
-0.000020
-0.000024
-0.000022
-0.000025
-0.000022
-0.000026
-0.000023
-0.000026
-0.000023
-0.000022
0.000017
0.000021
0.000018
0.000017
0.000019
0.000017
0.000013
0.000013
0.000012
0.000015
0.000018
0.000025
0.000010
0.000014
0.000018
0.000014
0.000010
0.000014
0.000016
0.000017
0.000010
0.000038
0.000038
0.000083
0.000132
0.000241
0.000311
0.000385
0.000528
-0.006673
-0.007772
-0.008177
-0.005563
-0.005124
-0.001316
-0.000885
-0.003293
-0.006034
-0.005582
-0.004794
-0.006275
-0.007066
-0.006077
-0.005133
-0.004759
-0.004864
-0.005165
-0.002678
0.000086
-0.000506
0.000788
0.001092
0.001751
0.003163
0.002834
0.002923
0.002278
0.001985
0.003692
0.007281
0.005160
0.000232
-0.000027
-0.000020
-0.000025
-0.000023
-0.000023
-0.000026
-0.000029
-0.000028
-0.000031
-0.000024
-0.000012
0.000017
0.000024
0.000018
0.000017
0.000014
0.000013
0.000015
0.000012
0.000012
0.000014
0.000014
0.000018
0.000027
0.000025
0.000022
0.000005
0.000025
0.000027
0.000027
0.000026
0.000026
0.000025
0.000024
0.000025
0.000027
0.000024
0.000020
0.000143
0.000912
-0.000235
0.000491
-0.005748
-0.004925
-0.004635
-0.001173
-0.000654
-0.003201
-0.004802
-0.005517
-0.005226
-0.006287
-0.006582
-0.006581
-0.006150
-0.005589
-0.004685
-0.005050
-0.003968
-0.002863
0.001803
0.005171
0.005654
0.005390
0.007960
0.010117
0.009445
0.008516
0.009247
0.009000
0.007000
0.006564
0.005139
0.000627
-0.000019
-0.000024
-0.000019
-0.000025
-0.000023
-0.000028
-0.000030
-0.000029
0.000004
-0.000017
0.000013
0.000019
0.000018
0.000014
0.000014
0.000014
0.000014
0.000014
0.000011
0.000012
0.000015
0.000016
0.000018
0.000017
0.000016
0.000017
0.000017
0.000017
0.000020
0.000019
0.000019
0.000019
0.000024
0.000026
0.000024
0.000022
0.000022
0.000040
0.000058
0.000096
-0.000004
-0.000005
-0.000046
-0.000186
-0.000268
-0.000289
-0.000080
-0.002699
-0.004295
-0.005036
-0.005909
-0.006425
-0.006348
-0.006439
-0.006278
-0.005739
-0.005566
-0.004515
-0.003422
-0.002048
0.004601
0.009194
0.010546
0.012254
0.013423
0.014694
0.012368
0.008019
0.004367
0.001646
0.000763
0.000154
-0.000028
-0.000029
-0.000035
-0.000033
-0.000034
-0.000030
-0.000029
-0.000028
-0.000032
-0.000028
-0.000023
0.000013
0.000020
0.000023
0.000018
0.000014
0.000015
0.000014
0.000011
0.000009
0.000012
0.000010
0.000017
0.000021
0.000017
0.000017
0.000014
0.000014
0.000014
0.000020
0.000013
0.000012
0.000015
0.000022
0.000022
0.000023
0.000023
0.000018
0.000015
0.000021
-0.000046
-0.000030
0.000005
0.000004
0.000005
0.000005
0.000005
0.000003
-0.000127
-0.000231
-0.000351
-0.000280
-0.000332
-0.000506
0.000515
-0.005737
-0.006647
-0.005471
-0.004623
-0.002716
-0.001801
-0.001730
0.007076
0.009356
0.009087
0.007742
0.007391
0.005018
0.001517
0.000169
0.000042
-0.000020
-0.000043
-0.000041
-0.000040
-0.000034
-0.000034
-0.000038
-0.000036
-0.000030
-0.000027
-0.000024
-0.000021
-0.000015
0.000020
0.000021
0.000021
0.000019
0.000014
0.000016
0.000013
0.000014
0.000008
0.000010
0.000013
0.000015
0.000021
0.000020
0.000021
0.000018
0.000015
0.000015
0.000018
0.000017
0.000012
0.000014
0.000018
0.000018
0.000020
0.000021
0.000017
0.000002
-0.000017
0.000006
0.000011
0.000014
0.000007
0.000005
0.000008
-0.000030
0.000000
0.000007
0.000005
0.000002
-0.000002
-0.000006
-0.000010
-0.000019
0.001051
-0.006665
-0.005939
-0.004632
-0.002394
-0.001856
-0.001956
0.005012
0.007030
0.005001
0.004212
0.002781
0.000329
0.000042
-0.000030
-0.000028
-0.000034
-0.000039
-0.000038
-0.000037
-0.000029
-0.000035
-0.000036
-0.000032
-0.000030
-0.000028
-0.000022
-0.000021
-0.000016
0.000018
0.000014
0.000017
0.000017
0.000015
0.000013
0.000011
0.000014
0.000008
0.000008
0.000012
0.000013
0.000017
0.000020
0.000020
0.000025
0.000023
0.000018
0.000021
0.000018
0.000015
0.000014
0.000016
0.000017
0.000019
0.000020
0.000000
-0.000006
0.000008
0.000017
0.000017
0.000017
0.000012
0.000009
-0.000001
-0.000007
0.000007
0.000007
0.000003
0.000002
-0.000002
0.000002
-0.000006
-0.000015
-0.000014
0.000895
-0.004699
-0.004179
-0.001787
-0.001505
-0.001403
-0.000275
0.003975
-0.000686
0.000036
0.000039
-0.000035
0.000003
-0.000019
-0.000019
-0.000016
-0.000026
-0.000031
-0.000035
-0.000028
-0.000035
-0.000032
-0.000032
-0.000031
-0.000025
-0.000022
-0.000017
-0.000015
0.000018
0.000016
0.000011
0.000020
0.000015
0.000013
0.000012
0.000016
0.000014
0.000010
0.000012
0.000013
0.000015
0.000016
0.000015
0.000020
0.000021
0.000020
0.000021
0.000022
0.000014
0.000013
0.000015
0.000020
0.000020
0.000019
0.000009
0.000011
0.000019
0.000019
0.000018
0.000017
0.000013
0.000008
0.000002
0.000004
0.000006
0.000006
0.000002
0.000004
0.000003
0.000004
-0.000003
-0.000010
-0.000011
-0.000014
0.000193
-0.002456
-0.000857
-0.000156
0.000123
0.003013
0.004400
0.000293
-0.000037
0.000017
-0.000001
-0.000027
-0.000029
-0.000027
-0.000018
-0.000012
-0.000027
-0.000027
-0.000032
-0.000025
-0.000028
-0.000029
-0.000030
-0.000030
-0.000023
-0.000021
-0.000008
0.000021
0.000018
0.000017
0.000016
0.000017
0.000011
0.000010
0.000014
0.000015
0.000013
0.000015
0.000013
0.000014
0.000020
0.000017
0.000018
0.000023
0.000022
0.000022
0.000020
0.000014
0.000011
0.000017
0.000018
0.000021
0.000018
0.000018
0.000017
0.000023
0.000022
0.000020
0.000018
0.000018
0.000010
0.000007
0.000006
0.000005
0.000003
0.000003
0.000005
0.000002
0.000000
-0.000001
-0.000006
-0.000008
-0.000009
-0.000010
-0.000045
0.000102
0.000649
0.001785
0.004343
0.000437
-0.000005
-0.000025
-0.000033
-0.000033
-0.000031
-0.000033
-0.000039
-0.000027
-0.000021
-0.000020
-0.000016
-0.000043
-0.000023
-0.000030
-0.000028
-0.000027
-0.000036
-0.000019
-0.000022
-0.000010
0.000021
0.000019
0.000021
0.000020
0.000024
0.000016
0.000012
0.000015
0.000015
0.000015
0.000014
0.000012
0.000013
0.000016
0.000018
0.000017
0.000018
0.000025
0.000017
0.000017
0.000013
0.000011
0.000013
0.000018
0.000017
0.000020
0.000022
0.000021
0.000028
0.000021
0.000020
0.000022
0.000020
0.000013
0.000008
0.000007
0.000005
0.000004
0.000002
0.000003
0.000002
0.000001
-0.000002
-0.000005
-0.000007
-0.000007
-0.000008
-0.000006
0.000022
0.000135
0.001556
0.000554
0.000014
-0.000028
-0.000029
-0.000035
-0.000038
-0.000035
-0.000044
-0.000043
-0.000040
-0.000030
-0.000021
-0.000030
-0.000027
-0.000019
-0.000029
-0.000030
-0.000031
-0.000032
-0.000030
-0.000029
-0.000019
0.000015
0.000020
0.000019
0.000019
0.000022
0.000016
0.000016
0.000015
0.000015
0.000016
0.000015
0.000015
0.000012
0.000020
0.000016
0.000019
0.000019
0.000022
0.000016
0.000017
0.000014
0.000016
0.000014
0.000019
0.000021
0.000024
0.000026
0.000029
0.000026
0.000022
0.000020
0.000022
0.000024
0.000019
0.000010
0.000008
0.000006
0.000005
0.000003
0.000003
0.000003
0.000000
-0.000001
-0.000003
-0.000006
-0.000007
-0.000007
-0.000005
-0.000006
0.000014
0.000053
-0.000011
-0.000030
-0.000032
-0.000038
-0.000040
-0.000044
-0.000040
-0.000041
-0.000043
-0.000034
-0.000027
-0.000023
-0.000029
-0.000031
-0.000029
-0.000028
-0.000031
-0.000033
-0.000038
-0.000034
-0.000030
-0.000025
0.000021
0.000020
0.000019
0.000018
0.000021
0.000017
0.000016
0.000013
0.000015
0.000015
0.000011
0.000012
0.000015
0.000020
0.000020
0.000019
0.000018
0.000020
0.000018
0.000014
0.000020
0.000019
0.000018
0.000024
0.000021
0.000022
0.000021
0.000027
0.000022
0.000023
0.000021
0.000022
0.000023
0.000020
0.000013
0.000008
0.000006
0.000004
0.000002
0.000002
0.000005
0.000032
0.000022
-0.000002
-0.000006
-0.000006
-0.000002
-0.000007
-0.000006
-0.000006
-0.000012
-0.000021
-0.000034
-0.000036
-0.000041
-0.000040
-0.000043
-0.000037
-0.000037
-0.000037
-0.000033
-0.000022
-0.000022
-0.000035
-0.000038
-0.000035
-0.000023
-0.000029
-0.000037
-0.000035
-0.000041
-0.000035
-0.000030
0.000020
0.000018
0.000018
0.000019
0.000016
0.000018
0.000011
0.000013
0.000016
0.000019
0.000016
0.000013
0.000016
0.000018
0.000019
0.000017
0.000021
0.000024
0.000023
0.000020
0.000014
0.000021
0.000023
0.000023
0.000025
0.000023
0.000027
0.000030
0.000026
0.000025
0.000026
0.000024
0.000024
0.000022
0.000016
0.000008
0.000004
0.000002
0.000002
0.000001
0.000002
0.000007
0.000002
-0.000002
-0.000005
-0.000007
-0.000007
-0.000008
-0.000007
-0.000007
-0.000009
-0.000026
-0.000027
-0.000019
-0.000040
-0.000041
-0.000034
-0.000032
-0.000034
-0.000036
-0.000035
-0.000035
-0.000029
-0.000035
-0.000037
-0.000039
-0.000027
-0.000033
-0.000041
-0.000035
-0.000035
-0.000033
-0.000023
