0.000676
0.000690
0.000616
0.000632
0.000870
0.000628
0.000404
0.000438
0.000075
0.000249
0.000561
-0.000603
0.000861
0.001122
0.001092
0.001056
0.000868
0.000822
0.000637
0.000507
0.000558
0.000745
0.000938
0.000870
0.000738
0.000599
0.000524
0.000666
0.000689
0.000652
0.000627
0.000773
0.000893
0.000756
0.000810
0.000750
0.000699
0.000712
0.000775
0.000719
0.000801
0.000799
0.000705
0.000593
0.000558
0.000580
0.000430
0.000447
0.000416
0.000549
0.000541
0.000439
0.000377
0.000438
0.000463
0.000465
0.000531
0.000456
0.000496
0.000561
0.000509
0.000457
0.000521
0.000591
0.000550
0.000505
-0.001158
0.000413
0.000536
0.000487
0.000061
0.000746
0.000195
0.000687
0.000621
0.000626
0.000703
0.000698
0.000810
0.000848
0.000861
0.000849
0.000946
0.000822
0.000946
0.000927
0.000914
0.001019
0.000922
0.000919
0.000894
0.000952
0.000915
0.000788
0.000838
0.000952
0.000931
0.000994
0.000841
0.000812
0.000885
0.000910
0.000865
0.000845
0.000752
0.000968
0.000874
0.000846
0.000744
0.000712
0.000757
0.000746
0.000731
0.000742
0.000762
0.000723
0.000697
0.000662
0.000607
0.000395
0.000381
0.000462
0.000454
0.000585
0.000540
0.000484
0.000523
0.000551
0.000503
0.000492
0.000493
0.000508
0.000589
0.000517
0.000428
0.000504
0.000561
0.000374
0.000494
0.000455
0.000450
0.000439
0.000381
0.000280
0.000290
0.000668
0.000642
0.000691
0.000696
0.000599
0.000686
0.000681
0.000740
0.000817
0.000961
0.000738
0.000903
0.000869
0.000882
0.000780
0.000858
0.000904
0.000930
0.000901
0.000855
0.000841
0.000856
0.000835
0.000824
0.000938
0.000948
0.000866
0.000917
0.000942
0.001045
0.001014
0.001009
0.000805
0.000907
0.000981
0.000937
0.000866
0.000691
0.000771
0.000738
0.000785
0.000880
0.000957
0.000852
0.000787
0.000747
0.000621
0.000501
0.000467
0.000409
0.000395
0.000590
0.000615
0.000490
0.000530
0.000562
0.000594
0.000477
0.000489
0.000489
0.000477
0.000413
0.000444
0.000479
0.000565
0.000466
0.000392
0.000401
0.000439
0.000326
0.000325
0.000398
0.000378
0.000686
0.000670
0.000703
0.000641
0.000552
0.000569
0.000606
0.000771
0.000828
0.000975
0.000884
0.000822
0.000896
0.000767
0.000872
0.000834
0.000764
0.000793
0.000882
0.000897
0.000838
0.000898
0.000866
0.000773
0.000817
0.000887
0.000917
0.000917
0.000876
0.001000
0.001009
0.000909
0.000802
0.000820
0.000962
0.000899
0.000862
0.000830
0.000677
0.000678
0.000528
0.000652
0.000817
0.000724
0.000809
0.000819
0.000679
0.000621
0.000398
0.000536
0.000592
0.000631
0.000574
0.000477
0.000502
0.000555
0.000566
0.000499
0.000419
0.000390
0.000404
0.000463
0.000415
0.000535
0.000519
0.000529
0.000284
0.000413
0.000401
0.000345
0.000348
0.000348
0.000362
0.000574
0.000595
0.000671
0.000715
0.000612
0.000612
0.000602
0.000706
0.000777
0.000883
0.000912
0.000752
0.000715
0.000774
0.000871
0.000833
0.000852
0.000821
0.000891
0.000815
0.000798
0.000899
0.000891
0.000826
0.000813
0.000811
0.000850
0.000939
0.000931
0.000966
0.000927
0.000791
0.000663
0.000672
0.000988
0.000761
0.000972
0.000925
0.000681
0.000501
0.000498
0.000508
0.000634
0.000710
0.000468
0.000829
0.000722
0.000574
0.000448
0.000568
0.000480
0.000474
0.000543
0.000459
0.000504
0.000509
0.000513
0.000440
0.000430
0.000425
0.000467
0.000425
0.000366
0.000510
0.000522
0.000526
0.000373
0.000322
0.000335
0.000373
0.000379
0.000409
0.000394
-0.002169
0.000598
0.000686
0.000677
0.000642
0.000537
0.000622
0.000583
0.000684
0.000881
0.000849
0.000630
0.000717
0.000852
0.000819
0.000891
0.001006
0.000722
0.000744
0.000781
0.000681
0.000819
0.000940
0.000863
0.000899
0.000758
0.000927
0.000945
0.000870
0.000841
0.000928
0.000917
0.000801
0.000878
0.000912
0.000969
0.000927
0.000963
0.000804
0.000524
0.000448
0.000390
0.000460
0.000445
0.000271
0.000731
0.000771
0.000592
0.000451
0.000336
0.000349
0.000411
0.000476
0.000538
0.000476
0.000455
0.000458
0.000357
0.000410
0.000476
0.000563
0.000455
0.000327
0.000418
0.000528
0.000442
0.000307
0.000346
0.000332
0.000426
0.000442
0.000436
0.000450
0.000674
0.000639
0.000631
0.000595
0.000642
0.000507
0.000572
0.000556
0.000617
0.000653
0.000709
0.000670
0.000544
0.000642
0.000770
0.000891
0.000916
0.000770
0.000782
0.000800
0.000738
0.000786
0.000836
0.000939
0.000847
0.000745
0.000806
0.000861
0.000818
0.000892
0.000896
0.000975
0.000886
0.000844
0.000846
0.000959
0.000871
0.000933
0.000811
0.000526
0.000422
0.000457
0.000492
0.000549
0.000512
0.000611
0.000659
0.000576
0.000464
0.000389
0.000452
0.000478
0.000425
0.000441
0.000348
0.000421
0.000467
0.000437
0.000547
0.000608
0.000597
0.000463
0.000403
0.000384
0.000518
0.000510
0.000457
0.000253
0.000316
0.000336
0.000368
0.000409
0.000405
0.000558
0.000587
0.000594
0.000672
0.000596
0.000634
0.000602
0.000581
0.000618
0.000653
0.000629
0.000650
0.000617
0.000623
0.000702
0.000816
0.000913
0.000835
0.000746
0.000799
0.000764
0.000874
0.000830
0.000928
0.000920
0.000853
0.000784
0.000885
0.000888
0.001005
0.000954
0.000887
0.000892
0.000941
0.000895
0.000920
0.000888
0.000855
0.000870
0.000623
0.000513
0.000515
0.000662
0.000706
0.000684
0.000680
0.000675
0.000608
0.000526
0.000585
0.000535
0.000500
0.000428
0.000415
0.000374
0.000393
0.000450
0.000424
0.000603
0.000598
0.000581
0.000493
0.000418
0.000501
0.000554
0.000478
0.000342
0.000205
0.000230
0.000288
0.000313
0.000414
0.000407
0.000326
0.000645
0.000630
0.000687
0.000675
0.000624
0.000537
0.000514
0.000538
0.000724
0.000608
0.000703
0.000672
0.000642
0.000702
0.000832
0.000682
0.000650
0.000777
0.000803
0.000907
0.000942
0.000902
0.000948
0.000871
0.000950
0.000864
0.000884
0.000917
0.000930
0.000829
0.000923
0.000921
0.000865
0.000918
0.000939
0.000916
0.000903
0.000893
0.000843
0.000654
0.000652
0.000702
0.000729
0.000827
0.000704
0.000711
0.000624
0.000638
0.000520
0.000476
0.000411
0.000360
0.000372
0.000248
0.000316
0.000418
0.000487
0.000593
0.000546
0.000517
0.000512
0.000513
0.000521
0.000400
0.000432
0.000322
0.000225
0.000292
0.000354
0.000323
0.000357
0.000345
0.001326
0.000759
0.000715
0.000674
0.000678
0.000603
0.000597
0.000540
0.000552
0.000574
0.000629
0.000659
0.000625
0.000608
0.000622
0.000723
0.000796
0.000746
0.000727
0.000704
0.000893
0.000937
0.000925
0.000902
0.000920
0.001040
0.000941
0.000788
0.000922
0.000859
0.000773
0.000841
0.000887
0.000812
0.000929
0.000799
0.000902
0.000837
0.000954
0.000862
0.000659
0.000635
0.000671
0.000760
0.000797
0.000782
0.000712
0.000706
0.000690
0.000486
0.000399
0.000274
0.000383
0.000455
0.000372
0.000442
0.000421
0.000640
0.000614
0.000588
0.000532
0.000522
0.000487
0.000451
0.000356
0.000396
0.000368
0.000291
0.000326
0.000351
0.000462
0.000512
0.000488
0.000391
0.000781
0.000688
0.000716
0.000616
0.000575
0.000595
0.000640
0.000490
0.000508
0.000593
0.000684
0.000548
0.000509
0.000664
0.000717
0.000689
0.000784
0.000778
0.000758
0.000804
0.000883
0.000858
0.000911
0.000941
0.001013
0.001011
0.000878
0.001005
0.000912
0.000565
0.000753
0.000808
0.000842
0.000890
0.000795
0.000800
0.000825
0.000874
0.000746
0.000624
0.000543
0.000598
0.000636
0.000772
0.000786
0.000716
0.000758
0.000758
0.000679
0.000442
0.000248
0.000359
0.000430
0.000418
0.000467
0.000353
0.000658
0.000619
0.000558
0.000559
0.000558
0.000507
0.000460
0.000467
0.000502
0.000412
0.000452
0.000376
0.000444
0.000509
0.000482
0.000586
0.000366
0.000748
0.000614
0.000573
0.000554
0.000612
0.000696
0.000540
0.000448
0.000447
0.000565
0.000561
0.000562
0.000504
0.000529
0.000610
0.000754
0.000828
0.000837
0.000772
0.000827
0.000843
0.000887
0.000908
0.001007
0.000946
0.000922
0.000761
0.000912
0.000872
0.000671
0.000804
0.000831
0.000803
0.000960
0.000888
0.000837
0.000822
0.000839
0.000708
0.000692
0.000589
0.000618
0.000685
0.000606
0.000701
0.000703
0.000700
0.000720
0.000659
0.000455
0.000285
0.000319
0.000381
0.000497
0.000536
0.000419
0.000510
0.000587
0.000528
0.000517
0.000526
0.000546
0.000541
0.000563
0.000498
0.000552
0.000503
0.000504
0.000418
0.000499
0.000543
0.000488
0.000251
0.000613
0.000657
0.000567
0.000553
0.000607
0.000680
0.000511
0.000444
0.000420
0.000486
0.000527
0.000524
0.000509
0.000460
0.000540
0.000659
0.000728
0.000845
0.000847
0.000789
0.000803
0.000803
0.000876
0.000932
0.000848
0.000849
0.000958
0.000831
0.000911
0.000885
0.000890
0.001008
0.000958
0.000972
0.000987
0.000892
0.000850
0.000753
0.000741
0.000691
0.000641
0.000532
0.000548
0.000652
0.000715
0.000699
0.000740
0.000782
0.000522
0.000480
0.000383
0.000417
0.000512
0.000609
0.000535
0.000567
0.000563
0.000591
0.000545
0.000578
0.000533
0.000574
0.000532
0.000481
0.000497
0.000658
0.000692
0.000494
0.000412
0.000532
0.000533
0.000507
0.000725
0.000650
0.000682
0.000609
0.000663
0.000649
0.000587
0.000467
0.000456
0.000434
0.000412
0.000519
0.000507
0.000492
0.000495
0.000486
0.000569
0.000687
0.000811
0.000857
0.000803
0.000839
0.000727
-0.000804
-0.001885
-0.001190
-0.000092
0.000430
0.000676
0.000922
0.000945
0.000976
0.001062
0.001109
0.001008
0.001031
0.000976
0.000985
0.000810
0.000746
0.000610
0.000579
0.000444
0.000554
0.000589
0.000643
0.000705
0.000779
0.000682
0.000642
0.000583
0.000463
0.000432
0.000488
0.000612
0.000585
0.000531
0.000605
0.000680
0.000630
0.000530
0.000510
0.000556
0.000603
0.000570
0.000589
0.000659
0.000608
0.000463
0.000405
0.000465
0.000427
0.000519
0.000182
0.000713
0.000681
0.000643
0.000680
0.000593
0.000501
0.000489
0.000502
0.000508
0.000487
0.000466
0.000537
0.000569
0.000483
0.000478
0.000555
0.000643
0.000803
0.000848
0.000819
0.000299
-0.002853
-0.015702
-0.026453
-0.033411
-0.026387
-0.013469
-0.010243
-0.000363
0.000868
0.000934
0.001042
0.001175
0.001010
0.001084
0.000961
0.000977
0.000955
0.000637
0.000558
0.000591
0.000570
0.000600
0.000686
0.000677
0.000734
0.000739
0.000737
0.000649
0.000632
0.000507
0.000465
0.000482
0.000525
0.000581
0.000620
0.000545
0.000642
0.000683
0.000625
0.000512
0.000612
0.000501
0.000467
0.000639
0.000596
0.000503
0.000510
0.000487
0.000459
0.000505
0.000510
0.000280
0.000616
0.000692
0.000707
0.000668
0.000463
0.000493
0.000451
0.000462
0.000449
0.000450
0.000469
0.000488
0.000577
0.000525
0.000575
0.000625
0.000793
0.000831
0.000726
0.000095
-0.006035
-0.004343
-0.007380
-0.015148
-0.015787
-0.010151
-0.013849
-0.042645
-0.035292
-0.006915
0.000120
0.001069
0.001139
0.001106
0.001023
0.000995
0.001064
0.000800
0.000540
0.000619
0.000484
0.000321
0.000514
0.000679
0.000772
0.000750
0.000802
0.000745
0.000702
0.000666
0.000527
0.000465
0.000401
0.000493
0.000471
0.000587
0.000525
0.000619
0.000672
0.000626
0.000664
0.000685
0.000775
0.000673
0.000487
0.000415
0.000517
0.000524
0.000542
0.000661
0.000681
0.000650
0.000221
0.000607
0.000726
0.000710
0.000602
0.000489
0.000415
0.000462
0.000459
0.000420
0.000372
0.000432
0.000469
0.000489
0.000566
0.000546
0.000622
0.000657
0.000517
0.000472
-0.004300
-0.002642
-0.010574
-0.016713
-0.019128
-0.023178
-0.021699
-0.018203
-0.048686
-0.066778
-0.029661
-0.002391
0.001114
0.001136
0.001062
0.001075
0.001140
0.001089
0.000832
0.000609
0.000499
0.000353
0.000083
0.000412
0.000637
0.000690
0.000647
0.000700
0.000748
0.000721
0.000657
0.000565
0.000479
0.000396
0.000372
0.000433
0.000626
0.000502
0.000636
0.000670
0.000598
0.000686
0.000686
0.000662
0.000570
0.000564
0.000667
0.000661
0.000564
0.000514
0.000783
0.000773
0.000667
-0.001100
0.000671
0.000627
0.000653
0.000496
0.000514
0.000463
0.000440
0.000422
0.000483
0.000466
0.000422
0.000486
0.000511
0.000463
0.000844
0.000520
-0.001769
-0.001622
0.000922
0.000740
0.000457
0.000228
-0.000692
-0.001015
-0.001089
0.002307
-0.001653
-0.018882
-0.005146
0.000506
0.001024
0.000994
0.000881
0.001402
0.001889
0.002088
0.001351
0.001102
0.000960
0.000681
0.000625
0.000437
0.000497
0.000680
0.000673
0.000632
0.000607
0.000683
0.000658
0.000636
0.000539
0.000538
0.000449
0.000345
0.000334
0.000499
0.000610
0.000623
0.000737
0.000736
0.000635
0.000435
0.000565
0.000485
0.000632
0.000717
0.000654
0.000798
0.000675
0.000837
0.000703
0.000627
0.000551
0.000588
0.000581
0.000570
0.000525
0.000485
0.000439
0.000422
0.000462
0.000500
0.000436
0.000413
0.000435
0.000528
0.000743
-0.001573
-0.001981
0.000998
0.000828
0.000557
0.000739
0.000734
0.000691
0.000629
0.000570
0.000930
0.004439
0.004306
-0.002521
0.009560
0.005032
0.001401
0.000157
0.000614
0.009276
0.019809
0.019355
0.007571
0.001987
0.001277
0.000815
0.000766
0.000633
0.000609
0.000728
0.000762
0.000649
0.000520
0.000515
0.000622
0.000635
0.000562
0.000552
0.000476
0.000363
0.000395
0.000407
0.000638
0.000588
0.000737
0.000750
0.000669
0.000498
0.000460
0.000601
0.000725
0.000679
0.000771
0.000959
0.000911
0.000685
0.000696
0.000757
0.000763
0.000551
0.000571
0.000494
0.000484
0.000459
0.000490
0.000429
0.000408
0.000401
0.000421
0.000400
0.000391
0.000632
-0.004424
-0.003161
0.000630
-0.000435
0.000389
0.000458
0.000695
0.000792
0.000806
0.000925
0.000941
0.000953
-0.001605
0.002004
0.009878
0.011553
0.006697
0.011474
0.018108
0.014299
0.015856
0.023435
0.026506
0.025761
0.016671
0.008291
0.002392
0.000890
0.000824
0.000762
0.000828
0.000900
0.000919
0.000599
0.000599
0.000698
0.000648
0.000631
0.000581
0.000529
0.000463
0.000318
0.000539
0.000625
0.000569
0.000692
0.000688
0.000648
0.000570
0.000664
0.000752
0.000815
0.000839
0.000915
0.000985
0.000812
0.000771
0.000873
0.000839
0.000773
0.000607
0.000503
0.000434
0.000465
0.000446
0.000484
0.000421
0.000363
0.000375
0.000403
0.000353
0.000634
-0.001355
-0.007438
-0.002146
-0.003191
0.000009
0.000472
0.000516
0.000784
0.000927
0.001015
0.000781
0.000839
-0.003699
-0.008024
-0.003262
0.004305
0.008149
0.010734
0.009217
0.012222
0.014459
0.013118
0.016041
0.019006
0.024534
0.023954
0.024518
0.009091
-0.001991
0.005429
0.000838
0.000815
0.000885
0.000991
0.000974
0.000762
0.000688
0.000660
0.000648
0.000627
0.000598
0.000585
0.000516
0.000540
0.000587
0.000634
0.000645
0.000722
0.000620
0.000645
0.000798
0.000855
0.000808
0.000974
0.000873
0.000793
0.000812
0.000856
0.000956
0.001049
-0.000596
0.000620
0.000509
0.000482
0.000459
0.000435
0.000459
0.000402
0.000396
0.000377
0.000342
0.000343
0.000284
-0.000121
-0.006168
0.003258
-0.004467
-0.000555
0.000395
0.000612
0.000923
0.000946
0.000511
0.006095
0.001686
-0.003191
-0.004269
-0.002667
0.000148
0.004339
0.000873
0.007679
0.010313
0.011845
0.009591
0.010567
0.013023
0.019215
0.021670
0.021977
0.013582
0.006510
0.006538
0.004748
0.000778
0.000364
0.000733
0.001038
0.000931
0.000728
0.000785
0.000661
0.000720
0.000689
0.000677
0.000731
0.000641
0.000638
0.000761
0.000748
0.000614
0.000742
0.000774
0.000798
0.000784
0.000979
0.000966
0.000872
0.000895
0.000937
0.000910
0.000859
0.000900
0.000856
0.000417
0.000390
0.000356
0.000438
0.000441
0.000468
0.000436
0.000335
0.000354
0.000377
0.000317
0.000292
0.000147
-0.005163
-0.001921
0.001368
-0.000535
0.000383
0.000685
0.000993
0.000412
0.010165
0.016280
0.009796
0.009031
0.007644
0.002998
0.007227
0.002227
-0.001939
-0.000443
0.003842
0.004278
0.004244
0.004883
0.007485
0.013414
0.016704
0.017794
0.013341
0.005711
0.005756
0.004417
0.003295
0.008308
-0.001566
0.000718
0.001002
0.000832
0.000657
0.000729
0.000695
0.000789
0.000737
0.000776
0.000852
0.000787
0.000782
0.000891
0.000679
0.000845
0.000817
0.000929
0.000822
0.000965
0.001059
0.001036
0.000946
0.000916
0.000948
0.000772
0.000866
0.000767
0.000399
0.000484
0.000355
0.000413
0.000413
0.000458
0.000416
0.000369
0.000326
0.000306
0.000359
0.000341
0.000327
-0.001458
-0.008866
0.016598
0.000355
0.000564
0.000617
0.000510
0.009815
0.016419
0.025104
0.025141
0.018325
0.015401
0.010503
0.011616
0.006984
-0.001425
-0.000774
0.000032
-0.000261
0.000400
-0.000197
0.002278
0.006639
0.011457
0.013219
0.010331
0.002922
0.004845
0.004458
0.006470
0.006317
0.019781
0.003044
0.000956
0.000872
0.000907
0.000663
0.000674
0.000822
0.000728
0.000821
0.000929
0.000829
0.000894
0.000925
0.000796
0.000763
0.000902
0.000999
0.001079
0.000813
0.001003
0.001070
0.000955
0.000975
0.001042
0.000950
0.000888
0.000827
0.000267
0.000506
0.000395
0.000444
0.000376
0.000408
0.000414
0.000336
0.000302
0.000307
0.000287
0.000263
0.000321
-0.000103
-0.004991
0.010735
0.006380
0.000681
0.001261
0.007240
0.014150
0.018993
0.032377
0.029484
0.024929
0.026201
0.019133
0.010301
0.006827
-0.000332
-0.001424
-0.001864
-0.001948
-0.001491
-0.001129
0.000396
0.001744
0.005412
0.008222
0.004630
0.000644
0.001099
0.000150
0.002169
0.002924
0.014834
0.021034
0.002292
0.000820
0.000704
0.000832
0.000778
0.000883
0.000782
0.000840
0.000765
0.000951
0.000934
0.000845
0.000981
0.000894
0.000931
0.000992
0.001047
0.000761
0.001013
0.001097
0.001233
0.001182
0.001012
0.000916
0.000944
0.000890
0.000478
0.000417
0.000425
0.000370
0.000387
0.000284
0.000343
0.000336
0.000309
0.000265
0.000257
0.000286
0.000255
0.000008
-0.006550
0.005914
0.002444
0.002238
0.004654
0.013477
0.011840
0.018878
0.017392
0.020512
0.025522
0.028814
0.018221
0.007271
0.004638
-0.000133
-0.000717
-0.000923
-0.002179
-0.000305
-0.000296
-0.002297
-0.000150
0.000014
0.002222
-0.000416
-0.004417
-0.002934
-0.000755
-0.000340
0.001848
0.005803
0.014747
0.006259
0.001389
0.000636
0.000772
0.000794
0.000808
0.000720
0.000658
0.000823
0.001013
0.000820
0.000887
0.001079
0.001007
0.001070
0.000833
0.000829
0.000907
0.000963
0.001169
0.001173
0.001142
0.001098
0.000942
0.000897
0.001017
0.000472
0.000453
0.000390
0.000332
0.000347
0.000328
0.000293
0.000295
0.000241
0.000204
0.000206
0.000215
0.000157
0.000063
0.000296
-0.000012
-0.000387
-0.000248
-0.000697
-0.002689
-0.001881
0.004422
-0.001517
0.001345
0.008153
0.010604
0.007034
0.001888
0.004566
0.005187
0.002678
-0.008643
-0.006309
-0.001409
-0.001545
-0.002897
-0.006084
-0.003136
-0.004163
-0.005406
-0.006193
-0.007703
-0.004402
-0.003318
-0.001829
0.000993
0.004539
0.005251
-0.000314
0.000872
0.000894
0.000829
0.000798
0.000726
0.000789
0.000871
0.000995
0.000977
0.001028
0.001114
0.001099
0.001029
0.001035
0.000663
0.000719
0.000780
0.001061
0.001023
0.000980
0.000970
0.001020
0.001115
0.001166
0.000461
0.000420
0.000395
0.000344
0.000191
0.000256
0.000231
0.000290
0.000254
0.000182
0.000170
0.000170
0.000104
0.000101
0.000075
0.000088
-0.000027
-0.000023
-0.000029
0.000121
0.000395
0.000373
0.003451
0.008476
0.001641
-0.002779
-0.003409
-0.003931
-0.004935
-0.008066
-0.009955
-0.010579
-0.009182
-0.008822
-0.004314
-0.005588
-0.007756
-0.006313
-0.005932
-0.006745
-0.011911
-0.011825
-0.011830
-0.008999
-0.004317
-0.003674
-0.002815
0.001110
0.000027
-0.004958
0.000588
0.000876
0.000969
0.000919
0.000829
0.000945
0.001073
0.000988
0.000949
0.001013
0.001029
0.001125
0.001138
0.001212
0.001092
0.000776
0.000837
0.000780
0.000876
0.000888
0.000985
0.001119
0.001196
0.000552
0.000514
0.000423
0.000282
0.000224
0.000185
0.000165
0.000162
0.000215
0.000180
0.000198
0.000177
0.000112
0.000094
0.000079
0.000063
-0.000037
-0.000019
0.000010
0.000215
0.001103
0.020075
0.012148
0.012933
0.007752
0.002993
-0.002437
-0.003848
-0.004567
-0.009224
-0.011332
-0.012361
-0.009239
-0.007471
-0.004947
-0.008221
-0.008922
-0.010428
-0.007935
-0.011300
-0.015972
-0.012551
-0.011644
-0.014535
-0.011898
-0.007289
-0.005979
-0.002745
-0.003206
-0.006140
-0.009319
0.001186
0.001067
0.001014
0.001186
0.000819
0.000687
0.000890
0.001011
0.001044
0.001089
0.001026
0.001011
0.001125
0.001115
0.000968
0.001137
0.001141
0.001185
0.000987
0.001024
0.001100
0.000957
0.000679
0.000533
0.000434
0.000420
0.000228
0.000144
0.000124
0.000126
0.000158
0.000229
0.000202
0.000187
0.000165
0.000088
0.000067
0.000047
-0.000049
-0.000044
-0.000016
-0.000796
0.016250
0.026893
0.019826
0.013082
0.012908
0.007030
0.001914
-0.002511
-0.003246
-0.012706
-0.014347
-0.011614
-0.008839
-0.005839
-0.005188
-0.004982
-0.006323
-0.009173
-0.007131
-0.011204
-0.014162
-0.012695
-0.010817
-0.013130
-0.013198
-0.013683
-0.009474
-0.003361
-0.002084
-0.004990
-0.010729
-0.008333
0.001067
0.001201
0.001211
0.000540
0.000531
0.000577
0.000971
0.000993
0.001029
0.000981
0.000944
0.001006
0.001121
0.001330
0.001350
0.001282
0.001342
0.001245
0.001054
0.001094
0.000825
0.000624
0.000552
0.000568
0.000457
0.000267
0.000134
0.000101
0.000051
0.000131
0.000199
0.000191
0.000205
0.000192
0.000097
0.000084
0.000041
-0.000038
-0.000028
-0.000262
-0.000532
0.003183
0.023996
0.022573
0.014270
0.015156
0.016151
0.006313
-0.003322
-0.004760
-0.013052
-0.013993
-0.013600
-0.007956
-0.005451
-0.004538
-0.005529
-0.007367
-0.006797
-0.005987
-0.006582
-0.006847
-0.005884
-0.009772
-0.007521
-0.005793
-0.013504
-0.005515
-0.004669
-0.004407
-0.009241
-0.012424
-0.018082
-0.008565
0.000747
0.000863
0.000411
0.000235
0.000560
0.000724
0.000855
0.000996
0.000910
0.001085
0.001142
0.001284
0.001272
0.001441
0.001399
0.001317
0.001063
0.000943
0.001012
0.000593
0.000695
0.000588
0.000604
0.000556
0.000322
0.000167
0.000099
0.000023
0.000026
0.000094
0.000199
0.000192
0.000154
0.000119
0.000098
0.000041
-0.000013
-0.000142
-0.000214
-0.000352
-0.000355
0.007991
0.020368
0.016361
0.013705
0.014726
0.012336
0.000746
-0.004400
-0.013995
-0.014940
-0.013384
-0.007580
-0.006364
-0.005672
-0.008284
-0.010606
-0.006817
-0.006799
-0.009642
-0.009232
-0.009895
-0.011744
-0.011142
-0.009192
-0.003961
-0.012902
-0.006812
-0.012257
-0.010165
-0.013634
-0.012715
-0.013328
-0.007325
-0.004542
0.000414
0.000542
0.000576
0.000636
0.000977
0.000913
0.001043
0.001180
0.001267
0.001290
0.001417
0.001461
0.001415
0.001187
0.001177
0.001047
0.000939
0.000684
0.000744
0.000681
0.000673
0.000639
0.000275
0.000227
0.000097
0.000045
0.000068
0.000150
0.000180
0.000204
0.000183
0.000140
0.000099
0.000116
-0.000111
-0.000168
-0.000224
-0.000259
-0.000454
0.000122
0.008889
0.014418
0.012816
0.014033
0.011516
0.001146
-0.003097
-0.014076
-0.015484
-0.013802
-0.010522
-0.007440
-0.007502
-0.008667
-0.012060
-0.011456
-0.011052
-0.014115
-0.012796
-0.012424
-0.015034
-0.015701
-0.010926
-0.006845
-0.004403
-0.008603
-0.009928
-0.008359
-0.008631
-0.007495
-0.009736
-0.006080
-0.004821
-0.003133
0.000462
0.000630
0.000492
0.000992
0.001079
0.001195
0.001196
0.001192
0.001172
0.001230
0.001308
0.001213
0.001150
0.001126
0.000921
0.000965
0.000880
0.000807
0.000767
0.000759
0.000612
0.000575
0.000604
0.000606
0.000527
0.000889
0.000055
0.000071
0.000152
0.000225
-0.000014
-0.000068
-0.000094
-0.000122
-0.000171
-0.000219
-0.000235
-0.000249
-0.000224
0.001627
0.010525
0.009720
0.010698
0.006535
-0.000499
-0.005300
-0.016352
-0.013686
-0.011508
-0.008533
-0.008019
-0.007575
-0.009433
-0.013508
-0.013176
-0.012234
-0.012961
-0.014685
-0.016369
-0.015562
-0.013981
-0.012030
-0.008105
-0.002679
-0.003322
-0.008716
-0.008201
-0.003927
-0.003170
-0.002480
-0.000453
-0.002302
-0.004722
-0.003154
-0.001812
0.000820
0.000979
0.001114
0.001086
0.001270
0.001112
0.000958
0.001145
0.001119
0.001037
0.001187
0.001158
0.001138
0.001043
0.001013
0.000831
0.000817
0.000766
0.000706
0.000680
0.000670
0.000644
0.000640
0.000584
0.000578
0.000678
0.000867
0.000061
-0.000001
-0.000071
-0.000115
-0.000107
-0.000139
-0.000181
-0.000207
-0.000206
0.000768
0.000941
0.001355
0.002309
0.002352
0.000845
0.000402
0.000386
-0.010609
-0.009672
-0.009713
-0.007695
-0.010534
-0.008876
-0.009759
-0.012550
-0.013637
-0.014480
-0.013835
-0.014873
-0.017485
-0.017833
-0.017792
-0.011727
-0.007087
-0.002812
-0.001310
-0.003340
-0.000665
-0.000559
-0.000186
0.001077
0.001729
-0.000492
-0.000249
-0.000691
-0.001353
-0.000031
0.001916
0.002514
0.001772
0.001478
0.001147
0.001071
0.001214
0.000963
0.000938
0.001188
0.001167
0.001066
0.001156
0.001111
0.000781
0.000903
0.000747
0.000686
0.000605
0.000620
0.000658
0.000569
0.000543
0.000512
0.000493
0.000434
0.000752
0.000820
0.000939
-0.000076
0.000779
0.000880
0.000727
0.000792
0.000569
0.000496
0.000420
0.000494
0.000622
0.000741
0.000706
0.000608
0.000029
-0.000772
0.000168
-0.006126
-0.006647
-0.011114
-0.010154
-0.009893
-0.010133
-0.013742
-0.014682
-0.014031
-0.015457
-0.017581
-0.017675
-0.017594
-0.013399
-0.007518
-0.004014
-0.002668
-0.001087
-0.000153
0.001042
0.002139
0.006340
0.004600
0.005131
0.005033
0.005262
0.004199
0.006854
0.009557
0.014614
0.015221
0.007018
0.001424
0.001214
0.001026
0.001046
0.001174
0.001239
0.001233
0.001342
0.001545
0.001201
0.000661
0.000759
0.000689
0.000635
0.000493
0.000556
0.000611
0.000579
0.000529
0.000520
0.000570
0.000679
0.000507
0.000504
0.000715
0.000450
0.000452
0.000576
0.000592
0.000580
0.000375
0.000514
0.000443
0.000534
0.000596
0.000649
0.000462
0.000514
0.000441
0.000340
0.000711
0.000101
0.000097
-0.000237
-0.000368
-0.000319
0.000728
-0.007281
-0.010646
-0.014421
-0.013104
-0.015656
-0.015966
-0.015633
-0.014671
-0.009456
-0.008252
-0.004689
-0.003952
-0.004985
0.001266
0.005005
0.009602
0.009977
0.011438
0.013373
0.011875
0.011783
0.010702
0.009040
0.010907
0.008901
0.002992
0.001487
0.001391
0.001491
0.001497
0.001337
0.001184
0.001298
0.001488
0.001396
0.000978
0.000783
0.000849
0.000800
0.000676
0.000484
0.000540
0.000666
0.000542
0.000512
0.000473
0.000502
0.000634
0.000607
0.000512
0.000635
0.000777
0.000505
0.000480
0.000409
0.000411
0.000335
0.000509
0.000505
0.000475
0.000557
0.000506
0.000325
0.000449
0.000480
0.000528
0.000574
0.000457
0.000531
0.000619
0.000735
0.000737
0.001070
0.001097
0.000620
0.000300
0.000232
-0.000072
-0.000915
0.001305
-0.013372
-0.011247
-0.009814
-0.008243
-0.006463
-0.007235
-0.005264
0.003838
0.010006
0.008655
0.012178
0.013278
0.010765
0.003894
0.003118
0.002454
0.002704
0.002425
0.001957
0.001479
0.001544
0.001707
0.001670
0.001549
0.001264
0.001241
0.001388
0.001234
0.001088
0.000748
0.000908
0.000802
0.000837
0.000466
0.000521
0.000666
0.000642
0.000515
0.000376
0.000441
0.000790
0.000662
0.000699
0.000683
0.000828
0.000684
0.000484
0.000539
0.000471
0.000329
0.000529
0.000525
0.000555
0.000518
0.000503
0.000263
0.000279
0.000586
0.000546
0.000449
0.000381
0.000276
0.000241
0.000449
0.000517
0.000660
0.000925
0.001040
0.001055
0.001131
0.001174
0.001533
0.001519
0.002901
-0.013171
-0.012384
-0.010600
-0.008288
-0.008013
-0.008581
0.009411
0.012341
0.005708
0.004853
0.003979
0.002472
0.001830
0.001829
0.001897
0.001715
0.001654
0.001247
0.000998
0.001022
0.001552
0.001646
0.001371
0.001369
0.001417
0.001316
0.001182
0.000861
0.000835
0.000907
0.000839
0.000788
0.000495
0.000483
0.000570
0.000655
0.000517
0.000432
0.000425
0.000613
0.000743
0.000646
0.000590
0.000819
0.000662
0.000571
0.000665
0.000631
0.000537
0.000446
0.000530
0.000510
0.000483
0.000498
0.000267
0.000349
0.000498
0.000641
0.000411
0.000390
0.000359
0.000578
0.000725
0.000741
0.000557
0.000837
0.000853
0.001031
0.000946
0.001215
0.001326
0.001354
0.001087
0.003101
-0.009631
-0.010101
-0.008621
-0.010629
-0.010509
-0.005835
0.003890
0.002220
0.002114
0.002087
0.001941
0.002084
0.001775
0.001470
0.001558
0.001415
0.001027
0.000649
0.001017
0.001298
0.001408
0.001456
0.001703
0.001672
0.001429
0.001049
0.000530
0.000730
0.000820
0.000920
0.001059
0.000758
0.000555
0.000656
0.000680
0.000581
0.000528
0.000434
0.000604
0.000931
0.000767
0.000501
0.000696
0.000780
0.000763
0.000811
0.000763
0.000496
0.000386
0.000485
0.000539
0.000565
0.000442
0.000417
0.000399
0.000560
0.000735
0.000648
0.000841
0.000921
0.000684
0.000699
0.000755
0.000729
0.000624
0.000515
0.000782
0.000982
0.001333
0.001470
0.001211
0.001145
0.001212
0.000884
-0.007526
-0.006652
-0.004416
-0.002417
-0.002929
-0.014127
-0.002235
0.001643
0.001946
0.001905
0.002013
0.001663
0.001364
0.001377
0.001285
0.001192
0.000708
0.001040
0.001315
0.001341
0.001693
0.001912
0.001728
0.001371
0.000586
0.000366
0.000750
0.000878
0.001030
0.001077
0.000861
0.000523
0.000637
0.000678
0.000636
0.000489
0.000508
0.000561
0.000801
0.000893
0.000682
0.000670
0.000727
0.000639
0.000760
0.000673
0.000600
0.000353
0.000417
0.000573
0.000671
0.000592
0.000577
0.000489
0.000771
0.000765
0.000898
0.000998
0.001136
0.001168
0.000747
0.000796
0.000704
0.000444
0.000344
0.000839
0.000948
0.001111
0.001280
0.001275
0.001256
0.001115
0.000994
-0.000225
0.003863
0.006065
0.000977
-0.002203
-0.003826
0.001272
0.001651
0.001890
0.001914
0.001678
0.001650
0.001471
0.001520
0.001641
0.001603
0.000813
0.000882
0.001178
0.001685
0.001752
0.001790
0.001902
0.001185
0.000851
0.000356
0.000763
0.000936
0.001022
0.001013
0.000937
0.000544
0.000733
0.000485
0.000734
0.000572
0.000424
0.000437
0.000761
0.000946
0.000771
0.000658
0.000679
0.000823
0.000737
0.000651
0.000508
0.000413
0.000277
0.000659
0.000733
0.000820
0.000915
0.000667
0.001032
0.000841
0.001022
0.001076
0.001108
0.001083
0.001054
0.000588
0.000440
0.000786
0.001008
0.001045
0.000750
0.000804
0.001120
0.001249
0.001272
0.001090
0.001048
0.000937
0.000396
0.000748
0.000320
-0.000496
0.001280
0.001627
0.001506
0.001504
0.001762
0.001672
0.001835
0.001856
0.001723
0.002016
0.001705
0.000818
0.000853
0.001389
0.001656
0.001642
0.001797
0.001796
0.001395
0.001049
0.000823
0.000835
0.000910
0.000961
0.000862
0.000745
0.000704
0.000738
0.000540
0.000758
0.000570
0.000458
0.000471
0.000603
0.000827
0.000714
0.000583
0.000630
0.000813
0.000714
0.000553
0.000529
0.000456
0.000359
0.000648
0.000704
0.000984
0.001034
0.000989
0.000971
0.000926
0.001122
0.001073
0.001118
0.001108
0.001111
0.000833
0.001064
0.001188
0.001353
0.000957
0.000768
0.000868
0.001192
0.001019
0.001126
0.001070
0.001167
0.001219
0.000809
0.000734
0.001045
0.001242
0.001959
0.001897
0.001832
0.001725
0.001725
0.001666
0.001824
0.002066
0.001597
0.001751
0.001645
0.001326
0.001276
0.001248
0.001603
0.001623
0.001561
0.001775
0.001608
0.001536
0.001371
0.000976
0.000873
0.000825
0.000755
0.000815
0.000757
0.000576
0.000405
0.000542
0.000720
0.000428
0.000454
0.000695
0.000848
0.000791
0.000610
0.000574
0.000749
0.000804
0.000594
0.000537
0.000481
0.000339
0.000668
0.000852
0.000814
0.001007
0.000971
0.000916
0.000970
0.001038
0.001146
0.001199
0.001146
0.001084
0.001071
0.001066
0.001132
0.000920
0.000726
0.000882
0.000701
0.001087
0.001203
0.000921
0.000972
0.001252
0.001230
0.001039
0.000929
0.001395
0.001669
0.001934
0.002024
0.002106
0.001911
0.001809
0.001643
0.001843
0.002061
0.001629
0.001614
0.001578
0.001630
0.001579
0.001435
0.001525
0.001499
0.001773
0.001858
0.001935
0.001671
0.001512
0.000933
0.000811
0.000862
0.000897
0.000428
0.000280
0.000536
0.000424
0.000724
0.000868
0.000503
0.000640
0.000711
0.000822
0.000839
0.000641
0.000645
0.000755
0.000817
0.000696
0.000562
0.000691
0.000716
0.000801
0.000879
0.000720
0.001022
0.000992
0.000979
0.001126
0.001145
0.001148
0.001123
0.001040
0.001104
0.001080
0.000778
0.000804
0.001005
0.000596
0.000882
0.000736
0.001106
0.001287
0.001190
0.001390
0.001365
0.001383
0.001224
0.001025
0.001248
0.001687
0.001852
0.002290
0.002304
0.001963
0.001892
0.001628
0.001836
0.002010
0.001720
0.001739
0.001689
0.001851
0.001471
0.001533
0.001495
0.001807
0.002067
0.001939
0.001742
0.001665
0.001276
