0.000947 0.005000
0.003102 0.005000
-0.001222 0.005000
0.000016 0.005000
-0.000892 0.005000
-0.003659 0.005000
-0.000818 0.005000
0.000863 0.005000
-0.000406 0.005000
0.002481 0.005000
-0.001525 0.005000
-0.002234 0.005000
-0.007202 0.005000
-0.001323 0.005000
-0.000224 0.005000
0.001329 0.005000
0.002962 0.005000
-0.002982 0.005000
-0.002083 0.005000
-0.001598 0.005000
0.003035 0.005000
-0.001550 0.005000
-0.001858 0.005000
0.002097 0.005000
0.002729 0.005000
-0.001524 0.005000
0.000706 0.005000
-0.004310 0.005000
-0.000414 0.005000
0.001672 0.005000
0.000930 0.005000
0.000382 0.005000
0.000831 0.005000
0.001328 0.005000
-0.003196 0.005000
-0.002290 0.005000
-0.001024 0.005000
0.001346 0.005000
0.003267 0.005000
0.000022 0.005000
-0.000389 0.005000
0.001224 0.005000
-0.000413 0.005000
0.000659 0.005000
0.001887 0.005000
0.000595 0.005000
0.002920 0.005000
0.000309 0.005000
0.000275 0.005000
0.002363 0.005000
0.003116 0.005000
0.001458 0.005000
0.002067 0.005000
-0.001160 0.005000
0.002407 0.005000
0.001585 0.005000
-0.000968 0.005000
-0.000330 0.005000
0.001480 0.005000
-0.002315 0.005000
-0.002029 0.005000
-0.000889 0.005000
-0.001996 0.005000
0.002950 0.005000
-0.000178 0.005000
0.000898 0.005000
-0.001158 0.005000
-0.002272 0.005000
0.002580 0.005000
0.004532 0.005000
0.000061 0.005000
0.000843 0.005000
0.000195 0.005000
-0.001000 0.005000
0.002282 0.005000
0.000772 0.005000
0.004844 0.005000
0.003321 0.005000
0.002027 0.005000
-0.001499 0.005000
0.004042 0.005000
-0.001236 0.005000
0.001712 0.005000
-0.002774 0.005000
-0.001551 0.005000
0.001872 0.005000
-0.002384 0.005000
0.003970 0.005000
-0.002140 0.005000
-0.000113 0.005000
0.003232 0.005000
-0.003095 0.005000
-0.000372 0.005000
-0.000285 0.005000
0.002447 0.005000
-0.002052 0.005000
-0.001274 0.005000
-0.002411 0.005000
0.000280 0.005000
0.000021 0.005000
-0.003199 0.005000
-0.000132 0.005000
0.002580 0.005000
-0.000749 0.005000
-0.002294 0.005000
-0.000515 0.005000
-0.000781 0.005000
-0.001358 0.005000
0.003058 0.005000
-0.003113 0.005000
-0.000807 0.005000
-0.001421 0.005000
0.000807 0.005000
0.000415 0.005000
0.001874 0.005000
-0.002573 0.005000
-0.003165 0.005000
0.002515 0.005000
-0.002581 0.005000
-0.005294 0.005000
0.001554 0.005000
-0.000029 0.005000
0.002996 0.005000
-0.000181 0.005000
0.002840 0.005000
-0.002028 0.005000
-0.002160 0.005000
-0.002535 0.005000
0.002848 0.005000
-0.001571 0.005000
-0.000573 0.005000
-0.000483 0.005000
-0.000354 0.005000
0.001382 0.005000
-0.000419 0.005000
0.000351 0.005000
0.002151 0.005000
-0.000645 0.005000
-0.000212 0.005000
-0.002850 0.005000
0.001219 0.005000
0.002117 0.005000
-0.001453 0.005000
-0.000677 0.005000
0.001077 0.005000
-0.001083 0.005000
-0.000165 0.005000
-0.001176 0.005000
0.001335 0.005000
0.000503 0.005000
0.003403 0.005000
-0.000155 0.005000
-0.001584 0.005000
-0.002265 0.005000
-0.000527 0.005000
-0.003988 0.005000
0.001350 0.005000
0.002374 0.005000
0.003621 0.005000
-0.000711 0.005000
-0.000695 0.005000
0.002643 0.005000
0.004322 0.005000
0.000964 0.005000
-0.001129 0.005000
-0.000063 0.005000
-0.001401 0.005000
0.005338 0.005000
0.003227 0.005000
-0.000759 0.005000
-0.000840 0.005000
0.000444 0.005000
-0.001602 0.005000
-0.000766 0.005000
-0.000477 0.005000
-0.000387 0.005000
-0.001498 0.005000
0.004115 0.005000
-0.000432 0.005000
-0.000225 0.005000
0.001945 0.005000
-0.001488 0.005000
-0.006842 0.005000
-0.001282 0.005000
-0.000150 0.005000
0.000171 0.005000
-0.001370 0.005000
0.002984 0.005000
0.002926 0.005000
-0.001469 0.005000
-0.000413 0.005000
-0.004513 0.005000
0.001227 0.005000
0.000306 0.005000
-0.002882 0.005000
-0.000856 0.005000
-0.000241 0.005000
0.000936 0.005000
0.000498 0.005000
-0.000093 0.005000
0.001274 0.005000
-0.001426 0.005000
0.000497 0.005000
-0.002638 0.005000
-0.001564 0.005000
0.004531 0.005000
-0.001171 0.005000
-0.002754 0.005000
0.001251 0.005000
-0.001926 0.005000
-0.001233 0.005000
-0.001246 0.005000
0.003001 0.005000
-0.001498 0.005000
0.002921 0.005000
-0.002809 0.005000
-0.000409 0.005000
-0.001844 0.005000
-0.002098 0.005000
-0.003388 0.005000
0.002434 0.005000
-0.001956 0.005000
0.000041 0.005000
0.004307 0.005000
0.001647 0.005000
0.001121 0.005000
0.000085 0.005000
-0.003847 0.005000
-0.001635 0.005000
0.003936 0.005000
-0.000459 0.005000
0.001510 0.005000
-0.000801 0.005000
-0.001264 0.005000
0.003305 0.005000
0.003636 0.005000
-0.002881 0.005000
-0.001600 0.005000
-0.001157 0.005000
0.000012 0.005000
0.002927 0.005000
-0.000491 0.005000
-0.000195 0.005000
-0.000674 0.005000
0.001800 0.005000
0.000001 0.005000
0.001574 0.005000
-0.000331 0.005000
-0.001394 0.005000
-0.001300 0.005000
0.001547 0.005000
0.001059 0.005000
0.001879 0.005000
0.000869 0.005000
0.000438 0.005000
0.001570 0.005000
0.001259 0.005000
-0.002381 0.005000
-0.001535 0.005000
-0.000764 0.005000
-0.000010 0.005000
-0.000950 0.005000
-0.002643 0.005000
0.002640 0.005000
0.002297 0.005000
0.003545 0.005000
0.002583 0.005000
-0.000227 0.005000
0.000237 0.005000
-0.000558 0.005000
-0.000637 0.005000
0.001663 0.005000
-0.001539 0.005000
0.000044 0.005000
-0.001468 0.005000
0.002191 0.005000
-0.001426 0.005000
-0.001553 0.005000
-0.000675 0.005000
-0.000458 0.005000
0.000612 0.005000
-0.002042 0.005000
0.001294 0.005000
0.001779 0.005000
0.001250 0.005000
0.000472 0.005000
0.002697 0.005000
0.001453 0.005000
-0.003726 0.005000
-0.000851 0.005000
0.001060 0.005000
-0.000909 0.005000
-0.000649 0.005000
0.002947 0.005000
-0.000424 0.005000
0.000756 0.005000
0.002690 0.005000
0.000655 0.005000
0.003818 0.005000
-0.002433 0.005000
0.005703 0.005000
-0.002327 0.005000
-0.001085 0.005000
0.001746 0.005000
0.003935 0.005000
-0.000162 0.005000
0.004453 0.005000
0.001152 0.005000
-0.003603 0.005000
0.001469 0.005000
-0.001080 0.005000
-0.002621 0.005000
-0.001158 0.005000
-0.000461 0.005000
-0.001615 0.005000
-0.002048 0.005000
-0.001691 0.005000
0.001197 0.005000
0.000858 0.005000
0.002304 0.005000
-0.000457 0.005000
0.001036 0.005000
0.002859 0.005000
0.001868 0.005000
0.002956 0.005000
-0.001807 0.005000
0.001878 0.005000
-0.004729 0.005000
-0.000327 0.005000
-0.000116 0.005000
0.002430 0.005000
0.000564 0.005000
0.000538 0.005000
-0.000123 0.005000
0.000745 0.005000
-0.000836 0.005000
0.000378 0.005000
0.001668 0.005000
-0.000103 0.005000
0.004310 0.005000
-0.001508 0.005000
-0.004234 0.005000
0.001587 0.005000
-0.001524 0.005000
0.003022 0.005000
-0.001065 0.005000
-0.001788 0.005000
0.001107 0.005000
0.004399 0.005000
0.001698 0.005000
-0.001557 0.005000
-0.003102 0.005000
-0.001166 0.005000
0.001280 0.005000
0.001228 0.005000
0.001009 0.005000
-0.002910 0.005000
-0.000059 0.005000
-0.000472 0.005000
0.000876 0.005000
0.000919 0.005000
0.000178 0.005000
-0.002958 0.005000
-0.001777 0.005000
-0.002169 0.005000
0.001526 0.005000
0.000241 0.005000
-0.000876 0.005000
-0.005345 0.005000
-0.001851 0.005000
0.001286 0.005000
-0.004780 0.005000
0.003930 0.005000
-0.000814 0.005000
-0.000247 0.005000
-0.000288 0.005000
0.000180 0.005000
-0.003349 0.005000
-0.002652 0.005000
0.002724 0.005000
0.000153 0.005000
-0.000002 0.005000
0.000145 0.005000
-0.000407 0.005000
0.001715 0.005000
0.003941 0.005000
0.001451 0.005000
0.005549 0.005000
-0.000703 0.005000
0.002337 0.005000
-0.003791 0.005000
-0.001131 0.005000
0.001185 0.005000
-0.000746 0.005000
-0.001994 0.005000
-0.001992 0.005000
-0.001506 0.005000
0.002482 0.005000
0.002732 0.005000
0.001238 0.005000
0.002128 0.005000
-0.000481 0.005000
-0.000696 0.005000
-0.002618 0.005000
0.002011 0.005000
0.003944 0.005000
0.003156 0.005000
-0.001709 0.005000
-0.001712 0.005000
-0.001708 0.005000
-0.002369 0.005000
-0.001063 0.005000
0.000499 0.005000
0.002380 0.005000
0.000097 0.005000
-0.000487 0.005000
0.000158 0.005000
0.001310 0.005000
0.002081 0.005000
-0.000573 0.005000
0.001103 0.005000
-0.000969 0.005000
0.001385 0.005000
0.001138 0.005000
0.000119 0.005000
0.001102 0.005000
-0.002183 0.005000
-0.001997 0.005000
0.000075 0.005000
0.002562 0.005000
0.000193 0.005000
0.000343 0.005000
-0.001384 0.005000
-0.001988 0.005000
0.002370 0.005000
0.001101 0.005000
0.000956 0.005000
0.000220 0.005000
0.000244 0.005000
-0.000160 0.005000
-0.003343 0.005000
0.001287 0.005000
-0.000712 0.005000
0.001212 0.005000
-0.002704 0.005000
0.002380 0.005000
0.002793 0.005000
-0.000778 0.005000
-0.002329 0.005000
0.000816 0.005000
-0.000812 0.005000
-0.000586 0.005000
-0.000701 0.005000
-0.001820 0.005000
-0.001727 0.005000
0.001172 0.005000
-0.002595 0.005000
-0.002114 0.005000
-0.000099 0.005000
0.000264 0.005000
0.003671 0.005000
0.000348 0.005000
-0.000759 0.005000
0.000037 0.005000
-0.004579 0.005000
-0.000344 0.005000
-0.004661 0.005000
0.000358 0.005000
0.001272 0.005000
-0.003297 0.005000
0.003575 0.005000
-0.000578 0.005000
-0.000185 0.005000
-0.003254 0.005000
-0.000074 0.005000
0.000896 0.005000
0.001333 0.005000
0.000779 0.005000
-0.001760 0.005000
0.000236 0.005000
-0.001571 0.005000
-0.005213 0.005000
-0.001811 0.005000
-0.000077 0.005000
0.001954 0.005000
-0.000196 0.005000
-0.000338 0.005000
-0.000188 0.005000
-0.000611 0.005000
0.003002 0.005000
-0.000171 0.005000
-0.000149 0.005000
-0.000034 0.005000
-0.000802 0.005000
0.003320 0.005000
0.002514 0.005000
-0.001717 0.005000
0.000812 0.005000
-0.000554 0.005000
-0.000755 0.005000
0.002394 0.005000
0.001246 0.005000
-0.002096 0.005000
0.001516 0.005000
-0.000171 0.005000
-0.000740 0.005000
-0.001141 0.005000
0.001456 0.005000
0.000601 0.005000
0.002024 0.005000
-0.000768 0.005000
-0.000008 0.005000
0.002505 0.005000
0.002403 0.005000
0.002425 0.005000
0.000845 0.005000
-0.002347 0.005000
-0.000847 0.005000
-0.003378 0.005000
0.003615 0.005000
-0.001139 0.005000
0.000024 0.005000
-0.000428 0.005000
0.003069 0.005000
0.002149 0.005000
0.001713 0.005000
-0.002062 0.005000
-0.002146 0.005000
-0.000785 0.005000
0.001775 0.005000
0.000983 0.005000
0.005194 0.005000
-0.002604 0.005000
0.000411 0.005000
-0.002520 0.005000
-0.000523 0.005000
-0.006058 0.005000
-0.001497 0.005000
0.000849 0.005000
0.001867 0.005000
0.001870 0.005000
-0.001862 0.005000
0.000494 0.005000
-0.004335 0.005000
-0.002081 0.005000
0.000727 0.005000
0.004037 0.005000
0.001868 0.005000
-0.000185 0.005000
0.000397 0.005000
-0.003027 0.005000
0.000056 0.005000
-0.002012 0.005000
0.001324 0.005000
0.001112 0.005000
0.001103 0.005000
-0.002519 0.005000
0.001521 0.005000
0.001322 0.005000
-0.000541 0.005000
0.001024 0.005000
-0.001536 0.005000
0.002200 0.005000
0.002300 0.005000
0.000659 0.005000
-0.000972 0.005000
0.000600 0.005000
0.000884 0.005000
-0.001618 0.005000
-0.000148 0.005000
-0.000433 0.005000
0.001061 0.005000
0.000317 0.005000
0.000061 0.005000
-0.000105 0.005000
-0.000521 0.005000
0.002941 0.005000
-0.001880 0.005000
0.003494 0.005000
-0.001570 0.005000
-0.001670 0.005000
0.000796 0.005000
0.000080 0.005000
-0.002746 0.005000
0.000721 0.005000
0.000398 0.005000
0.000090 0.005000
0.001873 0.005000
0.001407 0.005000
0.002150 0.005000
0.002624 0.005000
-0.002328 0.005000
0.001147 0.005000
0.000924 0.005000
0.000181 0.005000
0.001320 0.005000
0.004581 0.005000
0.004147 0.005000
-0.002061 0.005000
-0.003941 0.005000
0.000718 0.005000
0.004197 0.005000
-0.002614 0.005000
0.001427 0.005000
-0.002778 0.005000
0.001573 0.005000
-0.000628 0.005000
0.002109 0.005000
-0.001737 0.005000
-0.000460 0.005000
0.000858 0.005000
0.000179 0.005000
0.000179 0.005000
0.000899 0.005000
-0.000508 0.005000
0.000253 0.005000
-0.003007 0.005000
-0.001490 0.005000
0.001649 0.005000
0.000394 0.005000
0.001869 0.005000
-0.003298 0.005000
-0.002736 0.005000
0.000741 0.005000
-0.001294 0.005000
-0.000690 0.005000
0.003142 0.005000
0.000698 0.005000
0.001408 0.005000
0.001339 0.005000
-0.000563 0.005000
-0.000930 0.005000
0.000681 0.005000
-0.003642 0.005000
-0.000076 0.005000
-0.000401 0.005000
-0.002424 0.005000
-0.000153 0.005000
-0.002087 0.005000
-0.001945 0.005000
-0.000224 0.005000
0.001504 0.005000
-0.001656 0.005000
0.001449 0.005000
0.000150 0.005000
0.001665 0.005000
-0.000746 0.005000
-0.001972 0.005000
0.002517 0.005000
-0.000504 0.005000
-0.001592 0.005000
-0.000135 0.005000
-0.000424 0.005000
0.000567 0.005000
-0.000196 0.005000
-0.001941 0.005000
0.001326 0.005000
0.000193 0.005000
-0.004701 0.005000
-0.001598 0.005000
-0.000961 0.005000
-0.002988 0.005000
0.000262 0.005000
0.000587 0.005000
-0.000148 0.005000
-0.001477 0.005000
-0.001487 0.005000
-0.000498 0.005000
0.002374 0.005000
-0.002317 0.005000
-0.000741 0.005000
-0.003677 0.005000
-0.005524 0.005000
0.001271 0.005000
0.002676 0.005000
0.002982 0.005000
0.000319 0.005000
0.000079 0.005000
-0.003334 0.005000
0.001659 0.005000
-0.002129 0.005000
0.001061 0.005000
0.002110 0.005000
-0.000956 0.005000
0.002605 0.005000
0.001064 0.005000
-0.001451 0.005000
-0.003117 0.005000
0.000330 0.005000
-0.002847 0.005000
-0.003799 0.005000
0.002898 0.005000
-0.004567 0.005000
0.001515 0.005000
0.000610 0.005000
0.001621 0.005000
-0.005841 0.005000
-0.000946 0.005000
-0.001662 0.005000
0.000622 0.005000
-0.000192 0.005000
-0.002805 0.005000
0.001433 0.005000
0.002690 0.005000
-0.001341 0.005000
-0.000390 0.005000
-0.000803 0.005000
-0.000411 0.005000
-0.001133 0.005000
0.000844 0.005000
0.002387 0.005000
0.000469 0.005000
-0.001700 0.005000
0.000365 0.005000
0.000279 0.005000
-0.000106 0.005000
0.000830 0.005000
-0.001105 0.005000
-0.000822 0.005000
0.000200 0.005000
-0.001506 0.005000
0.003097 0.005000
0.001006 0.005000
0.000458 0.005000
-0.000587 0.005000
-0.002630 0.005000
0.000374 0.005000
0.000980 0.005000
-0.002665 0.005000
-0.000803 0.005000
0.001131 0.005000
0.000402 0.005000
-0.000689 0.005000
-0.000757 0.005000
-0.001181 0.005000
-0.000099 0.005000
0.002344 0.005000
0.000552 0.005000
0.001696 0.005000
0.000362 0.005000
-0.000262 0.005000
-0.000193 0.005000
-0.003641 0.005000
-0.004585 0.005000
-0.003227 0.005000
0.001966 0.005000
0.000446 0.005000
0.000746 0.005000
0.003261 0.005000
-0.001692 0.005000
0.001374 0.005000
-0.000749 0.005000
-0.002574 0.005000
0.000362 0.005000
-0.001842 0.005000
-0.002164 0.005000
-0.001373 0.005000
-0.002508 0.005000
-0.000369 0.005000
0.002705 0.005000
0.000859 0.005000
0.001786 0.005000
-0.003567 0.005000
-0.004206 0.005000
0.000961 0.005000
-0.001397 0.005000
-0.001273 0.005000
0.000033 0.005000
-0.001045 0.005000
0.000581 0.005000
0.001851 0.005000
0.000381 0.005000
-0.002223 0.005000
0.000574 0.005000
0.001462 0.005000
0.001564 0.005000
-0.002066 0.005000
-0.001152 0.005000
-0.001868 0.005000
-0.000068 0.005000
-0.001211 0.005000
0.001612 0.005000
-0.001737 0.005000
-0.000690 0.005000
-0.000378 0.005000
-0.000436 0.005000
-0.001837 0.005000
0.001439 0.005000
0.001220 0.005000
-0.000070 0.005000
-0.001555 0.005000
0.000498 0.005000
-0.002183 0.005000
0.001593 0.005000
0.000291 0.005000
0.001302 0.005000
-0.003377 0.005000
0.004145 0.005000
-0.000588 0.005000
0.000341 0.005000
-0.000203 0.005000
-0.002931 0.005000
-0.002240 0.005000
0.000574 0.005000
0.000241 0.005000
0.001672 0.005000
0.000770 0.005000
-0.003550 0.005000
-0.000642 0.005000
0.000414 0.005000
-0.000594 0.005000
0.000930 0.005000
-0.002842 0.005000
-0.004073 0.005000
-0.000464 0.005000
0.003982 0.005000
0.000591 0.005000
0.001349 0.005000
-0.001774 0.005000
-0.003599 0.005000
-0.002633 0.005000
0.001015 0.005000
-0.000958 0.005000
0.000315 0.005000
0.002153 0.005000
0.001575 0.005000
0.000772 0.005000
-0.000691 0.005000
0.000498 0.005000
0.000248 0.005000
-0.000041 0.005000
-0.000428 0.005000
-0.003229 0.005000
0.002248 0.005000
-0.000215 0.005000
-0.001231 0.005000
-0.000656 0.005000
0.002237 0.005000
-0.001979 0.005000
-0.003530 0.005000
-0.002276 0.005000
0.003018 0.005000
0.001119 0.005000
0.000357 0.005000
0.002162 0.005000
0.000424 0.005000
0.004121 0.005000
-0.003937 0.005000
0.000557 0.005000
-0.000128 0.005000
-0.001057 0.005000
0.000337 0.005000
0.001153 0.005000
-0.001052 0.005000
0.000666 0.005000
-0.001030 0.005000
0.001093 0.005000
0.003101 0.005000
-0.000863 0.005000
-0.002726 0.005000
0.001856 0.005000
0.000966 0.005000
0.000638 0.005000
-0.000715 0.005000
0.000197 0.005000
0.001149 0.005000
0.002623 0.005000
0.000552 0.005000
-0.000145 0.005000
0.000607 0.005000
-0.000444 0.005000
-0.002631 0.005000
0.003171 0.005000
0.000439 0.005000
-0.002050 0.005000
0.000672 0.005000
-0.000036 0.005000
-0.000770 0.005000
0.001865 0.005000
0.001517 0.005000
0.001898 0.005000
0.000700 0.005000
-0.001897 0.005000
0.002621 0.005000
-0.001519 0.005000
-0.000084 0.005000
-0.002636 0.005000
0.000628 0.005000
-0.001056 0.005000
0.000435 0.005000
0.001226 0.005000
-0.002503 0.005000
0.001184 0.005000
0.001487 0.005000
-0.001401 0.005000
-0.001938 0.005000
-0.000371 0.005000
0.000728 0.005000
0.000819 0.005000
0.000561 0.005000
-0.004172 0.005000
-0.000570 0.005000
-0.002077 0.005000
-0.002169 0.005000
0.001765 0.005000
-0.001661 0.005000
-0.001312 0.005000
-0.000683 0.005000
-0.001179 0.005000
0.002326 0.005000
-0.001832 0.005000
0.003622 0.005000
0.003165 0.005000
0.002849 0.005000
-0.002061 0.005000
-0.003378 0.005000
-0.000545 0.005000
-0.000311 0.005000
0.000215 0.005000
-0.000267 0.005000
-0.000820 0.005000
-0.000118 0.005000
-0.001283 0.005000
-0.001440 0.005000
0.002540 0.005000
0.002725 0.005000
-0.002872 0.005000
-0.000571 0.005000
-0.002775 0.005000
-0.000389 0.005000
-0.000309 0.005000
-0.001020 0.005000
0.000650 0.005000
-0.000373 0.005000
0.001290 0.005000
0.002451 0.005000
0.001652 0.005000
0.000786 0.005000
-0.001787 0.005000
-0.000344 0.005000
0.003728 0.005000
-0.000271 0.005000
0.000477 0.005000
-0.000009 0.005000
-0.001766 0.005000
-0.001378 0.005000
-0.000445 0.005000
0.000438 0.005000
0.000725 0.005000
0.000294 0.005000
0.002563 0.005000
-0.001410 0.005000
0.001957 0.005000
0.004078 0.005000
0.002668 0.005000
0.002378 0.005000
-0.000218 0.005000
-0.003760 0.005000
0.000657 0.005000
-0.000278 0.005000
-0.001404 0.005000
0.001491 0.005000
0.003429 0.005000
0.000403 0.005000
0.005473 0.005000
0.002672 0.005000
-0.004328 0.005000
-0.001612 0.005000
0.000320 0.005000
0.001219 0.005000
0.002694 0.005000
-0.001693 0.005000
0.002300 0.005000
0.000186 0.005000
0.007277 0.005000
0.000660 0.005000
-0.002325 0.005000
-0.002273 0.005000
0.000685 0.005000
0.001082 0.005000
0.001998 0.005000
-0.004859 0.005000
-0.005193 0.005000
0.000041 0.005000
0.000411 0.005000
-0.000055 0.005000
-0.001575 0.005000
0.002682 0.005000
-0.000480 0.005000
-0.003623 0.005000
0.002519 0.005000
0.002467 0.005000
0.001862 0.005000
0.002155 0.005000
0.002210 0.005000
0.000923 0.005000
-0.003517 0.005000
-0.001678 0.005000
-0.002452 0.005000
0.000476 0.005000
-0.000570 0.005000
-0.002229 0.005000
0.000684 0.005000
-0.000968 0.005000
-0.001424 0.005000
-0.000945 0.005000
-0.000257 0.005000
-0.000193 0.005000
0.000152 0.005000
0.001312 0.005000
-0.000607 0.005000
-0.000604 0.005000
0.000007 0.005000
0.001113 0.005000
0.000036 0.005000
0.001348 0.005000
-0.000864 0.005000
-0.000220 0.005000
-0.002980 0.005000
-0.001943 0.005000
0.000373 0.005000
0.000134 0.005000
0.000765 0.005000
-0.000331 0.005000
0.004072 0.005000
-0.000947 0.005000
-0.000222 0.005000
-0.001562 0.005000
0.005810 0.005000
-0.003911 0.005000
-0.000955 0.005000
0.001369 0.005000
-0.001142 0.005000
0.001104 0.005000
0.000038 0.005000
0.000187 0.005000
-0.000521 0.005000
-0.002075 0.005000
0.000145 0.005000
0.002721 0.005000
0.002640 0.005000
0.001155 0.005000
0.002826 0.005000
0.000496 0.005000
-0.003333 0.005000
0.000934 0.005000
-0.001419 0.005000
-0.003156 0.005000
0.000014 0.005000
-0.004034 0.005000
0.004080 0.005000
-0.000975 0.005000
-0.002375 0.005000
0.001369 0.005000
-0.002578 0.005000
0.001813 0.005000
0.001783 0.005000
-0.000325 0.005000
0.000141 0.005000
0.004283 0.005000
-0.000822 0.005000
0.001224 0.005000
-0.001859 0.005000
-0.002142 0.005000
-0.000263 0.005000
-0.001313 0.005000
-0.000591 0.005000
0.000485 0.005000
-0.000236 0.005000
0.002148 0.005000
-0.001011 0.005000
0.000880 0.005000
0.001525 0.005000
-0.001621 0.005000
-0.000100 0.005000
-0.000252 0.005000
0.002285 0.005000
-0.000505 0.005000
-0.000291 0.005000
-0.000822 0.005000
0.000670 0.005000
-0.001646 0.005000
-0.001221 0.005000
0.000349 0.005000
-0.001868 0.005000
0.003262 0.005000
-0.001519 0.005000
-0.001557 0.005000
-0.000934 0.005000
0.001951 0.005000
0.002216 0.005000
-0.001926 0.005000
0.000273 0.005000
-0.001881 0.005000
-0.000135 0.005000
0.000489 0.005000
-0.003478 0.005000
-0.005083 0.005000
-0.000023 0.005000
0.002147 0.005000
-0.001750 0.005000
0.000743 0.005000
0.003490 0.005000
-0.001667 0.005000
-0.001759 0.005000
-0.000991 0.005000
0.000071 0.005000
-0.002472 0.005000
-0.002562 0.005000
-0.002274 0.005000
-0.003955 0.005000
-0.000051 0.005000
-0.000047 0.005000
-0.001529 0.005000
-0.004009 0.005000
-0.001610 0.005000
0.005713 0.005000
0.000646 0.005000
-0.003196 0.005000
0.000634 0.005000
0.007416 0.005000
0.001441 0.005000
-0.009942 0.005000
-0.006319 0.005000
-0.004303 0.005000
0.002646 0.005000
0.001477 0.005000
-0.000239 0.005000
0.001268 0.005000
0.000870 0.005000
-0.000805 0.005000
0.000949 0.005000
-0.001276 0.005000
0.001145 0.005000
-0.001176 0.005000
0.002854 0.005000
-0.001133 0.005000
0.001353 0.005000
0.001253 0.005000
-0.001681 0.005000
0.000812 0.005000
-0.000185 0.005000
-0.001076 0.005000
-0.000171 0.005000
-0.001452 0.005000
-0.000040 0.005000
-0.001881 0.005000
-0.002378 0.005000
0.001598 0.005000
-0.000685 0.005000
-0.002835 0.005000
-0.001264 0.005000
0.000539 0.005000
-0.001424 0.005000
0.000933 0.005000
-0.001427 0.005000
0.000912 0.005000
0.000729 0.005000
0.001602 0.005000
-0.000697 0.005000
-0.002062 0.005000
0.004518 0.005000
-0.001710 0.005000
0.000458 0.005000
0.002236 0.005000
-0.003452 0.005000
0.000131 0.005000
0.000849 0.005000
0.000125 0.005000
-0.002289 0.005000
-0.000360 0.005000
-0.000026 0.005000
0.001481 0.005000
-0.000489 0.005000
-0.001548 0.005000
-0.000153 0.005000
-0.001483 0.005000
-0.005039 0.005000
-0.001436 0.005000
0.001045 0.005000
0.000753 0.005000
-0.000273 0.005000
0.000320 0.005000
-0.002714 0.005000
-0.001089 0.005000
0.002133 0.005000
0.002109 0.005000
-0.000201 0.005000
0.000586 0.005000
-0.000881 0.005000
0.003587 0.005000
-0.001029 0.005000
-0.003769 0.005000
0.002004 0.005000
0.000598 0.005000
0.002108 0.005000
-0.008010 0.005000
-0.003403 0.005000
0.000426 0.005000
0.001382 0.005000
-0.000777 0.005000
-0.000328 0.005000
-0.002684 0.005000
0.001446 0.005000
-0.002201 0.005000
-0.000511 0.005000
0.002147 0.005000
-0.000224 0.005000
0.003269 0.005000
0.001343 0.005000
-0.002500 0.005000
-0.002654 0.005000
-0.003519 0.005000
-0.000642 0.005000
-0.000593 0.005000
-0.000426 0.005000
-0.000729 0.005000
0.001547 0.005000
-0.000717 0.005000
-0.001771 0.005000
0.003369 0.005000
0.001486 0.005000
0.001019 0.005000
0.000537 0.005000
0.001131 0.005000
-0.000903 0.005000
0.002553 0.005000
0.001128 0.005000
-0.000578 0.005000
0.000180 0.005000
-0.000006 0.005000
0.001695 0.005000
-0.001322 0.005000
-0.000596 0.005000
0.001636 0.005000
0.000072 0.005000
-0.002260 0.005000
0.000588 0.005000
-0.000914 0.005000
0.002498 0.005000
-0.001100 0.005000
0.001095 0.005000
-0.001317 0.005000
0.001305 0.005000
-0.000991 0.005000
-0.001248 0.005000
0.000079 0.005000
0.003080 0.005000
0.000548 0.005000
0.002037 0.005000
-0.002344 0.005000
0.000446 0.005000
-0.002793 0.005000
-0.000375 0.005000
0.001198 0.005000
-0.000051 0.005000
-0.000618 0.005000
0.002418 0.005000
-0.000496 0.005000
-0.001834 0.005000
0.000329 0.005000
-0.000985 0.005000
-0.000012 0.005000
0.000517 0.005000
-0.001207 0.005000
-0.001059 0.005000
-0.009469 0.005000
0.002455 0.005000
0.005456 0.005000
-0.001909 0.005000
-0.002296 0.005000
0.002686 0.005000
-0.000888 0.005000
0.000913 0.005000
0.004680 0.005000
0.000137 0.005000
-0.000108 0.005000
0.002895 0.005000
0.000840 0.005000
-0.001297 0.005000
0.004366 0.005000
-0.002397 0.005000
-0.000665 0.005000
-0.000658 0.005000
0.000647 0.005000
-0.000492 0.005000
-0.000440 0.005000
-0.001419 0.005000
-0.004152 0.005000
0.000464 0.005000
0.001826 0.005000
0.001365 0.005000
0.001404 0.005000
-0.000412 0.005000
-0.001474 0.005000
-0.000662 0.005000
-0.000867 0.005000
-0.001108 0.005000
0.002560 0.005000
-0.001446 0.005000
-0.001168 0.005000
-0.000244 0.005000
0.001356 0.005000
-0.001372 0.005000
0.000994 0.005000
-0.000057 0.005000
0.001057 0.005000
-0.000241 0.005000
-0.001421 0.005000
0.000281 0.005000
-0.001172 0.005000
-0.000774 0.005000
-0.003304 0.005000
-0.000414 0.005000
-0.003001 0.005000
-0.001429 0.005000
-0.000830 0.005000
-0.002507 0.005000
0.000669 0.005000
-0.002419 0.005000
-0.002538 0.005000
0.001259 0.005000
-0.001574 0.005000
-0.000890 0.005000
-0.001577 0.005000
-0.001235 0.005000
-0.001411 0.005000
0.000325 0.005000
-0.003478 0.005000
0.002861 0.005000
0.003546 0.005000
-0.000841 0.005000
-0.000998 0.005000
0.001685 0.005000
-0.000025 0.005000
-0.000022 0.005000
0.004011 0.005000
-0.000746 0.005000
-0.002194 0.005000
-0.000826 0.005000
0.004513 0.005000
-0.007020 0.005000
0.001934 0.005000
-0.000791 0.005000
-0.002995 0.005000
-0.002955 0.005000
0.004764 0.005000
0.003037 0.005000
0.003551 0.005000
0.001194 0.005000
0.001793 0.005000
-0.000218 0.005000
0.000875 0.005000
-0.001848 0.005000
-0.002183 0.005000
-0.000294 0.005000
0.000737 0.005000
0.002213 0.005000
-0.001087 0.005000
-0.001492 0.005000
0.001768 0.005000
0.000773 0.005000
0.000765 0.005000
-0.001987 0.005000
-0.000264 0.005000
-0.000022 0.005000
-0.000297 0.005000
-0.000698 0.005000
-0.000017 0.005000
0.000148 0.005000
-0.000235 0.005000
0.002611 0.005000
0.000603 0.005000
-0.001509 0.005000
0.000006 0.005000
-0.001655 0.005000
0.002813 0.005000
-0.000286 0.005000
0.000057 0.005000
-0.003137 0.005000
0.002071 0.005000
-0.003886 0.005000
0.000367 0.005000
-0.001135 0.005000
0.001181 0.005000
0.001826 0.005000
0.000487 0.005000
0.000344 0.005000
0.002007 0.005000
-0.002382 0.005000
0.001128 0.005000
0.003082 0.005000
-0.001107 0.005000
-0.001246 0.005000
0.001128 0.005000
0.000935 0.005000
0.000439 0.005000
-0.000574 0.005000
-0.000094 0.005000
-0.001304 0.005000
0.000189 0.005000
-0.002738 0.005000
-0.001511 0.005000
0.001569 0.005000
0.000701 0.005000
0.000965 0.005000
-0.002094 0.005000
-0.003748 0.005000
-0.003054 0.005000
-0.003073 0.005000
-0.001291 0.005000
-0.001842 0.005000
-0.000586 0.005000
-0.000540 0.005000
0.000685 0.005000
0.003239 0.005000
0.001848 0.005000
-0.001855 0.005000
0.002357 0.005000
-0.003786 0.005000
0.002489 0.005000
-0.002244 0.005000
0.003277 0.005000
0.006780 0.005000
0.003418 0.005000
-0.002772 0.005000
0.001566 0.005000
0.001481 0.005000
0.000038 0.005000
0.001593 0.005000
0.000125 0.005000
-0.000007 0.005000
0.001516 0.005000
-0.001037 0.005000
-0.001240 0.005000
0.001380 0.005000
-0.002008 0.005000
0.001400 0.005000
-0.000493 0.005000
-0.002508 0.005000
-0.002439 0.005000
0.000102 0.005000
0.000606 0.005000
0.000396 0.005000
-0.001702 0.005000
-0.002069 0.005000
0.000464 0.005000
-0.001146 0.005000
-0.002577 0.005000
-0.001832 0.005000
-0.001783 0.005000
0.001584 0.005000
0.001579 0.005000
-0.001182 0.005000
0.000559 0.005000
-0.000359 0.005000
-0.002489 0.005000
0.000494 0.005000
-0.000843 0.005000
0.000295 0.005000
0.000955 0.005000
-0.003819 0.005000
-0.004193 0.005000
0.000359 0.005000
-0.004085 0.005000
-0.001348 0.005000
-0.000602 0.005000
-0.001496 0.005000
-0.001346 0.005000
0.002004 0.005000
-0.002347 0.005000
0.000564 0.005000
-0.003175 0.005000
0.000558 0.005000
-0.003334 0.005000
0.001825 0.005000
-0.003496 0.005000
0.003318 0.005000
-0.000539 0.005000
0.000431 0.005000
-0.002032 0.005000
-0.000094 0.005000
-0.000652 0.005000
0.000301 0.005000
0.002087 0.005000
0.000537 0.005000
-0.002410 0.005000
-0.000510 0.005000
-0.000677 0.005000
0.000881 0.005000
-0.000579 0.005000
-0.003994 0.005000
0.000002 0.005000
0.001772 0.005000
0.000876 0.005000
-0.000463 0.005000
-0.000281 0.005000
-0.002401 0.005000
0.000316 0.005000
0.003048 0.005000
0.001103 0.005000
0.000447 0.005000
-0.002688 0.005000
-0.000961 0.005000
0.001410 0.005000
-0.000598 0.005000
-0.001689 0.005000
-0.001042 0.005000
-0.000849 0.005000
-0.001541 0.005000
0.001342 0.005000
0.000874 0.005000
0.000969 0.005000
-0.001158 0.005000
-0.001045 0.005000
-0.000636 0.005000
0.000287 0.005000
0.002843 0.005000
-0.001111 0.005000
-0.003062 0.005000
-0.001405 0.005000
-0.001843 0.005000
0.002401 0.005000
0.000795 0.005000
-0.004414 0.005000
-0.001088 0.005000
-0.001142 0.005000
-0.000494 0.005000
0.001164 0.005000
0.000646 0.005000
0.000502 0.005000
-0.000630 0.005000
-0.000596 0.005000
-0.004955 0.005000
-0.003742 0.005000
0.001649 0.005000
-0.000734 0.005000
-0.002706 0.005000
-0.002502 0.005000
0.001266 0.005000
0.000229 0.005000
0.002572 0.005000
-0.005186 0.005000
0.001747 0.005000
0.005552 0.005000
-0.000231 0.005000
0.003403 0.005000
-0.006413 0.005000
-0.008344 0.005000
-0.001916 0.005000
0.001415 0.005000
-0.001989 0.005000
0.001624 0.005000
-0.000748 0.005000
-0.002403 0.005000
-0.000573 0.005000
-0.001830 0.005000
0.002468 0.005000
-0.003500 0.005000
0.000991 0.005000
-0.002430 0.005000
0.000486 0.005000
0.002094 0.005000
0.000116 0.005000
-0.001162 0.005000
-0.001156 0.005000
-0.000582 0.005000
-0.000068 0.005000
0.000159 0.005000
0.003372 0.005000
0.004038 0.005000
-0.000607 0.005000
0.002418 0.005000
0.000733 0.005000
-0.004077 0.005000
-0.002040 0.005000
0.002783 0.005000
-0.001128 0.005000
0.002644 0.005000
0.000605 0.005000
0.004446 0.005000
-0.000557 0.005000
0.002595 0.005000
-0.001396 0.005000
-0.001316 0.005000
-0.001991 0.005000
-0.000355 0.005000
0.001290 0.005000
0.000250 0.005000
-0.000623 0.005000
-0.000941 0.005000
-0.000626 0.005000
-0.003427 0.005000
-0.001404 0.005000
0.002759 0.005000
0.000859 0.005000
0.001358 0.005000
-0.002867 0.005000
0.000162 0.005000
0.001333 0.005000
-0.001898 0.005000
0.001506 0.005000
0.000816 0.005000
0.001519 0.005000
-0.000586 0.005000
-0.002615 0.005000
-0.001219 0.005000
-0.000243 0.005000
-0.004645 0.005000
0.000280 0.005000
-0.003435 0.005000
0.000899 0.005000
-0.003738 0.005000
0.003430 0.005000
0.000315 0.005000
0.000709 0.005000
-0.000004 0.005000
-0.002729 0.005000
-0.002265 0.005000
-0.001224 0.005000
-0.000191 0.005000
-0.002958 0.005000
0.000604 0.005000
-0.005176 0.005000
-0.002172 0.005000
0.000441 0.005000
0.002338 0.005000
0.002188 0.005000
-0.000402 0.005000
0.001061 0.005000
0.001847 0.005000
-0.002764 0.005000
-0.001052 0.005000
-0.000572 0.005000
-0.000016 0.005000
-0.001875 0.005000
0.000223 0.005000
-0.002400 0.005000
-0.001602 0.005000
-0.002580 0.005000
-0.001307 0.005000
0.000502 0.005000
0.000907 0.005000
0.001260 0.005000
0.003242 0.005000
-0.001409 0.005000
-0.001045 0.005000
-0.001265 0.005000
0.002124 0.005000
0.002484 0.005000
0.001783 0.005000
0.000442 0.005000
0.000283 0.005000
-0.002040 0.005000
-0.002397 0.005000
0.000587 0.005000
-0.002638 0.005000
-0.000009 0.005000
-0.001464 0.005000
-0.001026 0.005000
-0.001022 0.005000
0.000612 0.005000
-0.000673 0.005000
0.001298 0.005000
0.000797 0.005000
-0.000727 0.005000
0.000723 0.005000
-0.001399 0.005000
-0.000541 0.005000
-0.002113 0.005000
-0.001670 0.005000
0.000618 0.005000
0.000523 0.005000
-0.000254 0.005000
-0.000941 0.005000
0.002474 0.005000
0.000747 0.005000
0.000632 0.005000
0.000987 0.005000
0.000137 0.005000
-0.001254 0.005000
0.002067 0.005000
0.003692 0.005000
-0.002360 0.005000
-0.003578 0.005000
-0.002913 0.005000
-0.002676 0.005000
-0.002004 0.005000
0.003714 0.005000
0.001279 0.005000
0.002536 0.005000
0.005361 0.005000
0.001143 0.005000
-0.001798 0.005000
0.003202 0.005000
0.004033 0.005000
0.000953 0.005000
-0.001816 0.005000
-0.000710 0.005000
0.002154 0.005000
0.001632 0.005000
0.001915 0.005000
0.010815 0.005000
0.001995 0.005000
0.000942 0.005000
-0.002257 0.005000
0.003546 0.005000
0.003210 0.005000
-0.001519 0.005000
0.002257 0.005000
-0.000551 0.005000
0.000954 0.005000
-0.000878 0.005000
0.002143 0.005000
-0.002063 0.005000
-0.000520 0.005000
0.002708 0.005000
0.003234 0.005000
0.001018 0.005000
-0.001741 0.005000
-0.000920 0.005000
-0.002813 0.005000
0.000315 0.005000
0.000840 0.005000
0.000942 0.005000
0.000012 0.005000
-0.000699 0.005000
0.000379 0.005000
-0.001465 0.005000
0.002731 0.005000
0.001646 0.005000
0.002031 0.005000
-0.002275 0.005000
-0.001475 0.005000
0.001626 0.005000
0.002897 0.005000
0.001145 0.005000
0.001043 0.005000
-0.000531 0.005000
-0.001212 0.005000
-0.000080 0.005000
0.001115 0.005000
-0.000108 0.005000
0.000155 0.005000
-0.000611 0.005000
-0.002559 0.005000
-0.001733 0.005000
-0.000424 0.005000
-0.000142 0.005000
0.002258 0.005000
-0.001371 0.005000
-0.000932 0.005000
-0.004917 0.005000
0.001804 0.005000
-0.001499 0.005000
-0.002400 0.005000
-0.004230 0.005000
-0.000290 0.005000
-0.001428 0.005000
0.001965 0.005000
0.001740 0.005000
-0.002037 0.005000
-0.000116 0.005000
-0.003177 0.005000
0.000956 0.005000
-0.000076 0.005000
-0.001169 0.005000
0.000375 0.005000
-0.000250 0.005000
0.001083 0.005000
-0.000235 0.005000
0.002669 0.005000
0.001292 0.005000
0.001522 0.005000
-0.001559 0.005000
-0.001392 0.005000
-0.000835 0.005000
-0.003675 0.005000
-0.000824 0.005000
-0.001305 0.005000
0.001588 0.005000
0.001935 0.005000
-0.000679 0.005000
-0.000889 0.005000
0.002237 0.005000
-0.000120 0.005000
0.000235 0.005000
0.002092 0.005000
0.000191 0.005000
0.007093 0.005000
0.001644 0.005000
0.003581 0.005000
-0.000929 0.005000
0.000257 0.005000
0.003527 0.005000
0.001379 0.005000
0.001511 0.005000
-0.003149 0.005000
0.000046 0.005000
0.001258 0.005000
0.000546 0.005000
0.001589 0.005000
0.001641 0.005000
-0.002020 0.005000
-0.001316 0.005000
-0.002143 0.005000
-0.000521 0.005000
-0.000342 0.005000
-0.003131 0.005000
-0.000280 0.005000
-0.001175 0.005000
-0.002646 0.005000
0.000505 0.005000
0.001163 0.005000
0.001529 0.005000
-0.000731 0.005000
-0.000018 0.005000
0.002444 0.005000
-0.000799 0.005000
-0.000250 0.005000
0.002574 0.005000
0.000386 0.005000
0.000213 0.005000
-0.002512 0.005000
-0.000111 0.005000
0.003306 0.005000
0.000610 0.005000
-0.000921 0.005000
0.000807 0.005000
-0.001015 0.005000
-0.000458 0.005000
-0.002914 0.005000
0.000129 0.005000
-0.002814 0.005000
0.001439 0.005000
-0.000002 0.005000
0.000309 0.005000
0.000046 0.005000
-0.003808 0.005000
0.000191 0.005000
0.001701 0.005000
-0.000536 0.005000
-0.000288 0.005000
0.000357 0.005000
0.000842 0.005000
-0.001290 0.005000
-0.001576 0.005000
0.002794 0.005000
0.001621 0.005000
-0.002631 0.005000
-0.001387 0.005000
0.002440 0.005000
0.000343 0.005000
-0.001286 0.005000
-0.000143 0.005000
0.001719 0.005000
-0.000878 0.005000
0.001928 0.005000
-0.000959 0.005000
0.002695 0.005000
0.001078 0.005000
-0.000887 0.005000
0.003423 0.005000
0.001223 0.005000
-0.000318 0.005000
0.000896 0.005000
0.001024 0.005000
-0.001042 0.005000
0.000877 0.005000
0.000909 0.005000
-0.000055 0.005000
0.000154 0.005000
0.003445 0.005000
-0.000664 0.005000
-0.002206 0.005000
-0.000743 0.005000
-0.002266 0.005000
-0.000457 0.005000
-0.000897 0.005000
-0.001609 0.005000
0.001352 0.005000
0.001666 0.005000
-0.003428 0.005000
-0.000756 0.005000
-0.002666 0.005000
-0.000200 0.005000
-0.001676 0.005000
-0.000206 0.005000
-0.001578 0.005000
-0.001155 0.005000
-0.002461 0.005000
0.000496 0.005000
0.001815 0.005000
-0.001020 0.005000
-0.000783 0.005000
-0.000018 0.005000
0.001628 0.005000
0.001264 0.005000
0.004518 0.005000
0.004164 0.005000
0.001790 0.005000
-0.000276 0.005000
-0.000015 0.005000
0.002268 0.005000
-0.000655 0.005000
-0.001401 0.005000
0.000848 0.005000
0.000971 0.005000
0.000440 0.005000
0.001938 0.005000
-0.000387 0.005000
0.000402 0.005000
0.001199 0.005000
0.000905 0.005000
0.000677 0.005000
-0.000995 0.005000
0.000067 0.005000
0.000962 0.005000
0.000646 0.005000
-0.000450 0.005000
-0.001544 0.005000
-0.002514 0.005000
0.000344 0.005000
-0.000894 0.005000
-0.004250 0.005000
-0.000866 0.005000
-0.001748 0.005000
0.001346 0.005000
0.000946 0.005000
-0.001086 0.005000
0.004606 0.005000
0.000456 0.005000
-0.001330 0.005000
0.005470 0.005000
0.002351 0.005000
0.007529 0.005000
0.015351 0.005000
0.018806 0.005642
0.017885 0.005365
-0.006024 0.005000
0.003916 0.005000
0.001615 0.005000
-0.000693 0.005000
0.000586 0.005000
0.000704 0.005000
0.000024 0.005000
0.004477 0.005000
-0.000127 0.005000
0.002941 0.005000
-0.000732 0.005000
-0.000506 0.005000
-0.001545 0.005000
-0.000417 0.005000
-0.000470 0.005000
0.000990 0.005000
-0.001843 0.005000
-0.000991 0.005000
0.000341 0.005000
0.001122 0.005000
0.000752 0.005000
0.000070 0.005000
0.000918 0.005000
-0.001076 0.005000
0.002672 0.005000
-0.000509 0.005000
0.000410 0.005000
-0.000143 0.005000
0.001748 0.005000
0.000267 0.005000
0.001456 0.005000
0.000922 0.005000
0.000969 0.005000
-0.000757 0.005000
-0.000660 0.005000
-0.000883 0.005000
-0.001947 0.005000
0.002531 0.005000
0.003415 0.005000
0.002038 0.005000
-0.000548 0.005000
0.000435 0.005000
0.001388 0.005000
-0.001001 0.005000
0.002555 0.005000
-0.000214 0.005000
-0.001976 0.005000
-0.001516 0.005000
-0.000713 0.005000
-0.003631 0.005000
-0.001298 0.005000
0.000508 0.005000
-0.000194 0.005000
0.002914 0.005000
0.002804 0.005000
-0.000850 0.005000
-0.000963 0.005000
-0.000987 0.005000
-0.005397 0.005000
-0.004260 0.005000
-0.006676 0.005000
0.003774 0.005000
0.006373 0.005000
-0.004399 0.005000
0.005791 0.005000
0.009189 0.005000
0.009368 0.005000
0.002595 0.005000
0.010627 0.005000
0.005703 0.005000
0.014811 0.005000
0.014648 0.005000
0.014018 0.005000
-0.006996 0.005000
-0.000053 0.005000
0.012025 0.005000
0.004440 0.005000
-0.001341 0.005000
-0.000665 0.005000
-0.003975 0.005000
0.001025 0.005000
0.002241 0.005000
0.000525 0.005000
0.001406 0.005000
0.002961 0.005000
-0.001475 0.005000
0.000689 0.005000
0.001113 0.005000
-0.001099 0.005000
0.001673 0.005000
-0.001125 0.005000
-0.000087 0.005000
0.000679 0.005000
0.000718 0.005000
0.001712 0.005000
-0.001162 0.005000
0.000339 0.005000
-0.002829 0.005000
-0.001117 0.005000
0.000097 0.005000
-0.000162 0.005000
0.000102 0.005000
0.000967 0.005000
-0.000626 0.005000
-0.000416 0.005000
0.001392 0.005000
0.001177 0.005000
0.000360 0.005000
0.002328 0.005000
-0.001497 0.005000
0.002642 0.005000
-0.000225 0.005000
-0.001042 0.005000
-0.000786 0.005000
-0.001496 0.005000
-0.001308 0.005000
0.001496 0.005000
0.000244 0.005000
0.002540 0.005000
0.000007 0.005000
0.000431 0.005000
0.003021 0.005000
-0.001434 0.005000
-0.000160 0.005000
-0.001782 0.005000
-0.000595 0.005000
-0.000000 0.005000
-0.000189 0.005000
-0.001452 0.005000
-0.001343 0.005000
-0.002044 0.005000
-0.001809 0.005000
-0.004980 0.005000
-0.014770 0.005000
-0.000412 0.005000
0.001238 0.005000
-0.002698 0.005000
0.003924 0.005000
0.003682 0.005000
0.003406 0.005000
0.007485 0.005000
0.007974 0.005000
0.005059 0.005000
0.016164 0.005000
0.014591 0.005000
0.011127 0.005000
-0.006053 0.005000
0.012402 0.005000
-0.002302 0.005000
0.009657 0.005000
0.003169 0.005000
0.000601 0.005000
-0.001603 0.005000
-0.000531 0.005000
0.000755 0.005000
-0.003354 0.005000
0.000717 0.005000
-0.001140 0.005000
0.000416 0.005000
0.001504 0.005000
0.000677 0.005000
-0.001209 0.005000
0.000529 0.005000
-0.001336 0.005000
0.000492 0.005000
-0.000174 0.005000
0.000906 0.005000
-0.000265 0.005000
-0.001117 0.005000
0.002232 0.005000
0.001431 0.005000
-0.000528 0.005000
-0.000114 0.005000
-0.000324 0.005000
0.001221 0.005000
0.000666 0.005000
0.000415 0.005000
0.000505 0.005000
0.000966 0.005000
0.003282 0.005000
-0.000221 0.005000
-0.000360 0.005000
-0.001259 0.005000
0.000670 0.005000
-0.000666 0.005000
0.001644 0.005000
-0.002544 0.005000
-0.001178 0.005000
0.003262 0.005000
0.000923 0.005000
0.001041 0.005000
-0.001879 0.005000
0.001687 0.005000
-0.000380 0.005000
0.002003 0.005000
0.001323 0.005000
-0.001005 0.005000
-0.001343 0.005000
-0.000015 0.005000
-0.003361 0.005000
-0.002269 0.005000
0.000349 0.005000
-0.001442 0.005000
0.002034 0.005000
-0.000314 0.005000
-0.004843 0.005000
-0.008204 0.005000
-0.011972 0.005000
-0.014740 0.005000
-0.015931 0.005000
0.003512 0.005000
0.003685 0.005000
0.009080 0.005000
0.010045 0.005000
0.010397 0.005000
0.005248 0.005000
0.002971 0.005000
0.002581 0.005000
0.004590 0.005000
0.012096 0.005000
-0.000632 0.005000
-0.006079 0.005000
-0.005006 0.005000
0.003726 0.005000
-0.000565 0.005000
-0.000304 0.005000
0.000345 0.005000
0.000599 0.005000
-0.006081 0.005000
-0.025332 0.007599
0.000216 0.005000
-0.001435 0.005000
-0.003082 0.005000
-0.001697 0.005000
0.000219 0.005000
0.001569 0.005000
-0.000083 0.005000
0.001043 0.005000
-0.000175 0.005000
-0.002905 0.005000
-0.000059 0.005000
-0.001113 0.005000
0.000146 0.005000
-0.001550 0.005000
-0.001141 0.005000
0.001604 0.005000
-0.002298 0.005000
0.000073 0.005000
0.000725 0.005000
0.001278 0.005000
-0.000053 0.005000
0.005995 0.005000
-0.000003 0.005000
0.001392 0.005000
-0.001562 0.005000
0.001567 0.005000
-0.002181 0.005000
0.001816 0.005000
-0.001994 0.005000
0.000187 0.005000
0.001731 0.005000
0.000151 0.005000
-0.001253 0.005000
0.003570 0.005000
0.000721 0.005000
0.002452 0.005000
-0.001487 0.005000
-0.001566 0.005000
-0.004429 0.005000
-0.000364 0.005000
0.001703 0.005000
0.000732 0.005000
-0.001303 0.005000
-0.000349 0.005000
-0.000682 0.005000
0.001491 0.005000
-0.000954 0.005000
-0.001490 0.005000
-0.005948 0.005000
-0.008800 0.005000
-0.003623 0.005000
-0.002339 0.005000
-0.006867 0.005000
-0.000068 0.005000
0.004805 0.005000
0.005304 0.005000
-0.000082 0.005000
0.001446 0.005000
0.001047 0.005000
-0.003184 0.005000
-0.000756 0.005000
-0.000105 0.005000
0.000695 0.005000
-0.001549 0.005000
0.005309 0.005000
0.010173 0.005000
-0.000527 0.005000
0.010357 0.005000
0.000512 0.005000
-0.001615 0.005000
-0.014360 0.005000
-0.017261 0.005178
-0.003447 0.005000
-0.000632 0.005000
-0.000064 0.005000
0.000814 0.005000
-0.001934 0.005000
-0.000521 0.005000
-0.000931 0.005000
-0.000494 0.005000
0.000196 0.005000
0.000521 0.005000
-0.000160 0.005000
0.000820 0.005000
-0.000291 0.005000
-0.000112 0.005000
-0.001125 0.005000
-0.003292 0.005000
0.000649 0.005000
0.001689 0.005000
0.000822 0.005000
0.000122 0.005000
-0.001763 0.005000
0.000353 0.005000
0.001552 0.005000
0.000078 0.005000
-0.001062 0.005000
0.000840 0.005000
0.000899 0.005000
-0.001328 0.005000
0.003151 0.005000
0.000608 0.005000
0.001462 0.005000
-0.000857 0.005000
0.000946 0.005000
-0.000253 0.005000
0.001071 0.005000
-0.001807 0.005000
0.002916 0.005000
-0.001865 0.005000
0.001588 0.005000
0.001235 0.005000
-0.001409 0.005000
-0.002240 0.005000
0.000100 0.005000
0.001119 0.005000
-0.000462 0.005000
0.001883 0.005000
0.002303 0.005000
-0.000264 0.005000
0.001285 0.005000
-0.013384 0.005000
-0.006632 0.005000
-0.001575 0.005000
-0.007626 0.005000
-0.011657 0.005000
0.006201 0.005000
0.001719 0.005000
-0.000762 0.005000
-0.001820 0.005000
-0.003375 0.005000
0.001290 0.005000
-0.001848 0.005000
-0.001007 0.005000
-0.002633 0.005000
-0.004132 0.005000
-0.000320 0.005000
0.000994 0.005000
0.000258 0.005000
0.002066 0.005000
0.004780 0.005000
0.001738 0.005000
-0.003833 0.005000
-0.016714 0.005014
-0.005657 0.005000
-0.000314 0.005000
-0.002492 0.005000
-0.001660 0.005000
0.001054 0.005000
-0.002024 0.005000
-0.000682 0.005000
-0.002991 0.005000
0.000861 0.005000
-0.000879 0.005000
0.000062 0.005000
0.000555 0.005000
-0.000688 0.005000
-0.000453 0.005000
-0.000388 0.005000
0.000603 0.005000
0.000547 0.005000
0.000998 0.005000
0.000142 0.005000
-0.001451 0.005000
0.000013 0.005000
-0.000700 0.005000
0.000141 0.005000
0.001483 0.005000
-0.001656 0.005000
0.001773 0.005000
-0.000180 0.005000
-0.000716 0.005000
-0.000294 0.005000
0.000161 0.005000
-0.001503 0.005000
-0.002682 0.005000
-0.001229 0.005000
-0.000280 0.005000
-0.001497 0.005000
-0.000835 0.005000
0.000772 0.005000
-0.000827 0.005000
0.000045 0.005000
-0.001966 0.005000
-0.002667 0.005000
-0.001254 0.005000
-0.002073 0.005000
0.000197 0.005000
-0.000444 0.005000
-0.000062 0.005000
-0.002452 0.005000
-0.001603 0.005000
0.000505 0.005000
-0.002219 0.005000
-0.008913 0.005000
-0.009838 0.005000
-0.004340 0.005000
0.002511 0.005000
-0.014838 0.005000
0.003826 0.005000
0.004608 0.005000
-0.000991 0.005000
-0.003962 0.005000
-0.000129 0.005000
-0.000296 0.005000
0.000306 0.005000
-0.002459 0.005000
0.000828 0.005000
0.000700 0.005000
-0.003398 0.005000
-0.002278 0.005000
0.001113 0.005000
-0.002652 0.005000
0.000913 0.005000
-0.001335 0.005000
-0.002954 0.005000
-0.012497 0.005000
-0.004286 0.005000
-0.001893 0.005000
-0.004106 0.005000
0.007489 0.005000
0.007496 0.005000
0.006248 0.005000
0.001572 0.005000
0.000017 0.005000
0.000219 0.005000
0.000742 0.005000
-0.000519 0.005000
-0.000928 0.005000
-0.000560 0.005000
-0.000763 0.005000
-0.000049 0.005000
-0.002056 0.005000
-0.000846 0.005000
0.001001 0.005000
0.000181 0.005000
-0.001580 0.005000
-0.001035 0.005000
-0.000149 0.005000
0.001703 0.005000
-0.000024 0.005000
0.000315 0.005000
-0.002125 0.005000
0.003475 0.005000
0.001419 0.005000
-0.003672 0.005000
-0.000866 0.005000
0.001335 0.005000
0.000176 0.005000
-0.000256 0.005000
0.001225 0.005000
-0.001736 0.005000
0.001228 0.005000
-0.003430 0.005000
0.000094 0.005000
-0.000023 0.005000
-0.004142 0.005000
0.002273 0.005000
-0.001917 0.005000
-0.001515 0.005000
-0.000161 0.005000
-0.000487 0.005000
-0.001616 0.005000
0.001151 0.005000
0.003528 0.005000
0.000901 0.005000
-0.002729 0.005000
-0.005669 0.005000
-0.006505 0.005000
-0.013874 0.005000
-0.006193 0.005000
-0.000354 0.005000
0.003409 0.005000
0.003688 0.005000
-0.000415 0.005000
0.002988 0.005000
0.002303 0.005000
0.000196 0.005000
0.002751 0.005000
0.001006 0.005000
-0.001170 0.005000
-0.001042 0.005000
-0.000224 0.005000
-0.002158 0.005000
-0.004129 0.005000
-0.001871 0.005000
0.000178 0.005000
0.000019 0.005000
-0.006255 0.005000
-0.012910 0.005000
-0.005849 0.005000
-0.000178 0.005000
0.010638 0.005000
0.011922 0.005000
0.004820 0.005000
0.002322 0.005000
0.006597 0.005000
0.004426 0.005000
0.000386 0.005000
0.000804 0.005000
0.000223 0.005000
-0.001795 0.005000
-0.000716 0.005000
0.000365 0.005000
0.000597 0.005000
0.001629 0.005000
-0.000079 0.005000
-0.001451 0.005000
0.000740 0.005000
0.001423 0.005000
0.000939 0.005000
-0.001192 0.005000
-0.001358 0.005000
-0.001346 0.005000
0.000078 0.005000
-0.001021 0.005000
-0.001966 0.005000
0.000969 0.005000
-0.000903 0.005000
-0.001740 0.005000
-0.000329 0.005000
0.000712 0.005000
0.000159 0.005000
-0.000070 0.005000
-0.000192 0.005000
0.001588 0.005000
-0.001317 0.005000
-0.004841 0.005000
-0.001367 0.005000
0.000686 0.005000
-0.001675 0.005000
-0.000632 0.005000
-0.001323 0.005000
0.002567 0.005000
-0.000563 0.005000
-0.000412 0.005000
-0.000882 0.005000
-0.000626 0.005000
-0.001522 0.005000
0.000834 0.005000
0.001645 0.005000
-0.001055 0.005000
-0.009607 0.005000
-0.013456 0.005000
-0.003322 0.005000
0.001748 0.005000
-0.000134 0.005000
0.001510 0.005000
0.003601 0.005000
-0.000340 0.005000
0.000326 0.005000
-0.004855 0.005000
-0.001142 0.005000
-0.001999 0.005000
-0.002823 0.005000
-0.001808 0.005000
-0.002197 0.005000
-0.002689 0.005000
-0.001117 0.005000
-0.001213 0.005000
0.003293 0.005000
0.001227 0.005000
-0.005415 0.005000
-0.003900 0.005000
0.003709 0.005000
0.012870 0.005000
0.001693 0.005000
0.002051 0.005000
0.010893 0.005000
0.003290 0.005000
0.003811 0.005000
0.001938 0.005000
-0.001292 0.005000
0.000733 0.005000
0.000192 0.005000
-0.000612 0.005000
-0.002581 0.005000
0.000524 0.005000
-0.002616 0.005000
0.002127 0.005000
0.000847 0.005000
-0.000058 0.005000
0.000273 0.005000
-0.000285 0.005000
-0.001365 0.005000
0.001160 0.005000
0.000136 0.005000
0.002091 0.005000
-0.000314 0.005000
-0.001147 0.005000
-0.000371 0.005000
-0.000309 0.005000
0.000178 0.005000
-0.001689 0.005000
-0.001851 0.005000
0.000332 0.005000
0.001192 0.005000
-0.000110 0.005000
0.000402 0.005000
0.000269 0.005000
-0.000146 0.005000
0.002691 0.005000
-0.000948 0.005000
0.000115 0.005000
-0.000396 0.005000
0.001647 0.005000
-0.000025 0.005000
0.002038 0.005000
-0.001537 0.005000
-0.000129 0.005000
-0.000181 0.005000
-0.001640 0.005000
-0.002257 0.005000
-0.001448 0.005000
-0.002470 0.005000
0.002019 0.005000
-0.002082 0.005000
0.002488 0.005000
-0.002652 0.005000
-0.000672 0.005000
0.000835 0.005000
0.001684 0.005000
-0.002401 0.005000
-0.002559 0.005000
-0.005429 0.005000
-0.001327 0.005000
-0.002381 0.005000
-0.001969 0.005000
0.000590 0.005000
-0.001652 0.005000
-0.001895 0.005000
-0.001537 0.005000
0.000002 0.005000
0.000830 0.005000
0.001050 0.005000
-0.000338 0.005000
0.005570 0.005000
0.021528 0.006458
0.006991 0.005000
0.002580 0.005000
0.010958 0.005000
0.006686 0.005000
0.010106 0.005000
0.010716 0.005000
0.004291 0.005000
-0.000970 0.005000
-0.002076 0.005000
-0.001080 0.005000
-0.001762 0.005000
-0.000452 0.005000
-0.002152 0.005000
0.000168 0.005000
0.000187 0.005000
-0.000953 0.005000
0.000289 0.005000
-0.000819 0.005000
-0.002000 0.005000
0.001103 0.005000
0.001109 0.005000
0.001937 0.005000
-0.002254 0.005000
-0.000052 0.005000
-0.001113 0.005000
-0.000881 0.005000
0.000865 0.005000
0.001955 0.005000
-0.001251 0.005000
0.001217 0.005000
-0.000588 0.005000
-0.000249 0.005000
-0.000342 0.005000
0.000172 0.005000
-0.000130 0.005000
-0.001520 0.005000
-0.000836 0.005000
-0.002041 0.005000
-0.001711 0.005000
-0.003098 0.005000
-0.001686 0.005000
-0.001229 0.005000
-0.000898 0.005000
-0.000033 0.005000
0.000697 0.005000
-0.001977 0.005000
0.001951 0.005000
-0.000273 0.005000
-0.002327 0.005000
-0.000573 0.005000
-0.000888 0.005000
-0.000418 0.005000
0.001056 0.005000
-0.000142 0.005000
-0.000282 0.005000
-0.000606 0.005000
0.000114 0.005000
0.000173 0.005000
-0.002252 0.005000
-0.003052 0.005000
-0.004061 0.005000
-0.003585 0.005000
-0.001062 0.005000
0.000310 0.005000
-0.001934 0.005000
-0.002756 0.005000
-0.000043 0.005000
0.000706 0.005000
0.000276 0.005000
0.001976 0.005000
-0.004973 0.005000
0.000410 0.005000
0.012175 0.005000
0.000118 0.005000
-0.002247 0.005000
0.000460 0.005000
0.000853 0.005000
0.000321 0.005000
0.000193 0.005000
0.001441 0.005000
0.000207 0.005000
-0.000605 0.005000
-0.000479 0.005000
0.000213 0.005000
-0.000917 0.005000
-0.000995 0.005000
-0.000492 0.005000
0.000084 0.005000
-0.000888 0.005000
0.000165 0.005000
-0.000971 0.005000
-0.000219 0.005000
-0.000884 0.005000
-0.000021 0.005000
-0.003224 0.005000
-0.002369 0.005000
0.001681 0.005000
0.001906 0.005000
-0.003000 0.005000
-0.000222 0.005000
-0.001517 0.005000
-0.001274 0.005000
0.001379 0.005000
-0.000448 0.005000
-0.000060 0.005000
0.000726 0.005000
-0.000073 0.005000
0.002707 0.005000
0.000634 0.005000
-0.000831 0.005000
-0.001625 0.005000
0.001033 0.005000
0.002661 0.005000
0.001466 0.005000
0.001241 0.005000
0.002574 0.005000
-0.000705 0.005000
0.002459 0.005000
-0.000559 0.005000
0.000919 0.005000
0.000127 0.005000
0.000387 0.005000
0.000048 0.005000
-0.000883 0.005000
-0.000295 0.005000
-0.000286 0.005000
-0.002127 0.005000
0.001345 0.005000
0.001529 0.005000
-0.000127 0.005000
0.000867 0.005000
-0.000349 0.005000
0.001201 0.005000
0.000162 0.005000
0.000322 0.005000
0.000848 0.005000
-0.001632 0.005000
0.002024 0.005000
-0.000103 0.005000
0.002051 0.005000
0.001442 0.005000
-0.002872 0.005000
-0.009006 0.005000
-0.018243 0.005473
-0.024056 0.007217
-0.001102 0.005000
0.002290 0.005000
-0.000196 0.005000
0.001938 0.005000
-0.000178 0.005000
0.001220 0.005000
-0.000275 0.005000
-0.000729 0.005000
-0.000550 0.005000
-0.000078 0.005000
0.000948 0.005000
0.000189 0.005000
-0.000648 0.005000
-0.000645 0.005000
-0.000873 0.005000
-0.000691 0.005000
0.000665 0.005000
0.000212 0.005000
-0.002577 0.005000
-0.001498 0.005000
-0.001036 0.005000
0.002723 0.005000
-0.000759 0.005000
-0.002672 0.005000
0.001463 0.005000
0.000239 0.005000
-0.000262 0.005000
0.000310 0.005000
0.000582 0.005000
0.000272 0.005000
0.001087 0.005000
0.000005 0.005000
0.000371 0.005000
-0.000956 0.005000
-0.000044 0.005000
-0.002261 0.005000
0.000878 0.005000
0.002127 0.005000
0.000560 0.005000
-0.000035 0.005000
-0.002157 0.005000
0.000371 0.005000
-0.000132 0.005000
-0.000023 0.005000
0.001150 0.005000
-0.002063 0.005000
0.001365 0.005000
0.002444 0.005000
-0.001006 0.005000
0.000677 0.005000
-0.001105 0.005000
-0.001762 0.005000
-0.001244 0.005000
-0.001418 0.005000
0.000617 0.005000
0.000241 0.005000
-0.000830 0.005000
0.000033 0.005000
0.000153 0.005000
0.000850 0.005000
-0.000309 0.005000
0.000031 0.005000
0.002129 0.005000
-0.002045 0.005000
0.000389 0.005000
0.000674 0.005000
0.000777 0.005000
0.001310 0.005000
-0.000677 0.005000
-0.011339 0.005000
-0.025583 0.007675
-0.024529 0.007359
-0.022517 0.006755
0.001074 0.005000
-0.001603 0.005000
0.000830 0.005000
-0.001720 0.005000
0.001887 0.005000
0.000129 0.005000
0.000064 0.005000
-0.001368 0.005000
0.001088 0.005000
-0.001287 0.005000
0.001004 0.005000
0.000116 0.005000
-0.000780 0.005000
0.000064 0.005000
-0.000639 0.005000
0.001800 0.005000
-0.000099 0.005000
0.000075 0.005000
-0.001905 0.005000
-0.000738 0.005000
0.001315 0.005000
-0.000349 0.005000
0.001222 0.005000
-0.001641 0.005000
0.000836 0.005000
0.000926 0.005000
0.001141 0.005000
-0.000306 0.005000
0.001079 0.005000
-0.000408 0.005000
0.000793 0.005000
-0.000390 0.005000
0.000956 0.005000
-0.000144 0.005000
-0.000548 0.005000
-0.001095 0.005000
-0.000363 0.005000
0.000984 0.005000
0.001382 0.005000
-0.001245 0.005000
0.000221 0.005000
0.000057 0.005000
-0.002196 0.005000
-0.000310 0.005000
-0.000017 0.005000
-0.000897 0.005000
-0.000759 0.005000
0.000822 0.005000
-0.000650 0.005000
-0.001019 0.005000
-0.002070 0.005000
-0.000056 0.005000
-0.000661 0.005000
0.000109 0.005000
-0.001539 0.005000
-0.000347 0.005000
0.001496 0.005000
0.000259 0.005000
0.000534 0.005000
-0.000716 0.005000
-0.000635 0.005000
0.000611 0.005000
0.001623 0.005000
-0.001001 0.005000
-0.002658 0.005000
0.000541 0.005000
0.002601 0.005000
-0.000205 0.005000
-0.012789 0.005000
-0.024936 0.007481
-0.032692 0.009808
-0.022958 0.006887
-0.011109 0.005000
-0.001398 0.005000
-0.000950 0.005000
-0.000241 0.005000
-0.000078 0.005000
0.000614 0.005000
-0.000279 0.005000
0.000831 0.005000
0.000153 0.005000
0.000978 0.005000
0.000484 0.005000
-0.000866 0.005000
-0.002023 0.005000
-0.000091 0.005000
-0.001244 0.005000
0.000794 0.005000
0.000886 0.005000
-0.000743 0.005000
-0.000456 0.005000
-0.000451 0.005000
-0.001497 0.005000
0.001101 0.005000
-0.000757 0.005000
0.000603 0.005000
0.000350 0.005000
0.001398 0.005000
-0.000666 0.005000
-0.000784 0.005000
-0.000451 0.005000
0.000858 0.005000
-0.001397 0.005000
-0.000165 0.005000
-0.000183 0.005000
0.000710 0.005000
0.001449 0.005000
0.000225 0.005000
0.000413 0.005000
0.001949 0.005000
-0.000125 0.005000
0.000276 0.005000
-0.002159 0.005000
-0.000445 0.005000
-0.001104 0.005000
-0.000575 0.005000
0.000171 0.005000
-0.000178 0.005000
0.002429 0.005000
-0.001730 0.005000
-0.002204 0.005000
-0.002269 0.005000
0.002243 0.005000
0.001024 0.005000
0.002568 0.005000
-0.001146 0.005000
-0.001288 0.005000
0.000409 0.005000
-0.000947 0.005000
-0.000396 0.005000
0.002041 0.005000
-0.001609 0.005000
0.000027 0.005000
-0.000891 0.005000
0.000228 0.005000
-0.001198 0.005000
-0.001016 0.005000
0.000319 0.005000
-0.002153 0.005000
-0.001873 0.005000
0.000397 0.005000
-0.001141 0.005000
-0.006487 0.005000
-0.017054 0.005116
-0.010433 0.005000
0.000860 0.005000
-0.000012 0.005000
0.000488 0.005000
-0.001019 0.005000
0.001223 0.005000
0.003103 0.005000
-0.000249 0.005000
-0.002096 0.005000
-0.000721 0.005000
0.001711 0.005000
-0.002275 0.005000
-0.000388 0.005000
-0.001511 0.005000
0.001898 0.005000
-0.000706 0.005000
-0.002508 0.005000
-0.000641 0.005000
-0.001362 0.005000
-0.001682 0.005000
0.000187 0.005000
-0.000755 0.005000
-0.000077 0.005000
-0.001244 0.005000
-0.000625 0.005000
0.002751 0.005000
-0.001927 0.005000
0.000035 0.005000
0.001505 0.005000
0.000285 0.005000
0.000052 0.005000
-0.001746 0.005000
0.000209 0.005000
0.000341 0.005000
-0.000874 0.005000
0.000627 0.005000
0.001740 0.005000
-0.000566 0.005000
-0.000015 0.005000
0.001875 0.005000
-0.000245 0.005000
-0.003543 0.005000
0.003396 0.005000
0.001134 0.005000
-0.001175 0.005000
0.002470 0.005000
-0.000215 0.005000
-0.000309 0.005000
-0.003470 0.005000
-0.001247 0.005000
0.000120 0.005000
0.000571 0.005000
-0.000121 0.005000
-0.000404 0.005000
0.001426 0.005000
-0.000311 0.005000
-0.000769 0.005000
0.000486 0.005000
-0.001880 0.005000
-0.000633 0.005000
0.000138 0.005000
0.000653 0.005000
-0.003605 0.005000
-0.004479 0.005000
-0.000454 0.005000
-0.002551 0.005000
0.000044 0.005000
-0.000809 0.005000
-0.001849 0.005000
-0.003209 0.005000
-0.000054 0.005000
0.000524 0.005000
-0.001557 0.005000
-0.001445 0.005000
0.000996 0.005000
-0.002020 0.005000
0.000398 0.005000
0.000363 0.005000
-0.000721 0.005000
0.000135 0.005000
0.000710 0.005000
-0.001798 0.005000
-0.000318 0.005000
0.000522 0.005000
-0.000373 0.005000
0.002280 0.005000
0.001793 0.005000
-0.000121 0.005000
0.000204 0.005000
-0.000834 0.005000
-0.001418 0.005000
-0.000280 0.005000
-0.001343 0.005000
-0.000167 0.005000
-0.002997 0.005000
0.000426 0.005000
0.000759 0.005000
0.001107 0.005000
0.000702 0.005000
-0.000869 0.005000
0.000035 0.005000
-0.000050 0.005000
0.000114 0.005000
-0.001443 0.005000
0.001598 0.005000
-0.001575 0.005000
0.000588 0.005000
0.000918 0.005000
0.000135 0.005000
-0.000308 0.005000
-0.000663 0.005000
-0.000446 0.005000
0.000090 0.005000
-0.000986 0.005000
0.000704 0.005000
0.000508 0.005000
0.000804 0.005000
0.000444 0.005000
-0.001088 0.005000
-0.000622 0.005000
0.000389 0.005000
-0.000498 0.005000
0.000880 0.005000
-0.000223 0.005000
-0.003091 0.005000
-0.002207 0.005000
0.001122 0.005000
0.000489 0.005000
-0.000384 0.005000
-0.000397 0.005000
-0.000829 0.005000
-0.000339 0.005000
-0.000102 0.005000
-0.000099 0.005000
0.000049 0.005000
0.001257 0.005000
-0.000248 0.005000
-0.001832 0.005000
-0.000662 0.005000
0.000815 0.005000
0.000292 0.005000
0.001240 0.005000
0.000701 0.005000
-0.002101 0.005000
-0.000445 0.005000
-0.002210 0.005000
-0.000895 0.005000
-0.002156 0.005000
0.000208 0.005000
-0.000139 0.005000
-0.000136 0.005000
-0.002396 0.005000
0.001419 0.005000
0.000001 0.005000
-0.000783 0.005000
0.002491 0.005000
-0.001707 0.005000
-0.000446 0.005000
-0.000750 0.005000
-0.002058 0.005000
-0.001306 0.005000
0.000132 0.005000
-0.001067 0.005000
-0.002548 0.005000
0.000678 0.005000
-0.001501 0.005000
-0.001405 0.005000
0.000153 0.005000
0.002577 0.005000
-0.001840 0.005000
0.001181 0.005000
0.001244 0.005000
-0.000193 0.005000
0.000899 0.005000
-0.000713 0.005000
0.001403 0.005000
-0.001359 0.005000
-0.000673 0.005000
-0.000412 0.005000
-0.000137 0.005000
0.000382 0.005000
-0.000836 0.005000
0.002453 0.005000
0.000949 0.005000
0.002470 0.005000
-0.002105 0.005000
-0.000200 0.005000
-0.000502 0.005000
-0.001208 0.005000
0.000923 0.005000
-0.000686 0.005000
-0.002095 0.005000
0.003054 0.005000
0.002887 0.005000
-0.000594 0.005000
0.000213 0.005000
0.001068 0.005000
0.001765 0.005000
-0.000036 0.005000
0.000552 0.005000
0.000157 0.005000
-0.003020 0.005000
-0.001834 0.005000
-0.000324 0.005000
0.002753 0.005000
0.000355 0.005000
-0.002358 0.005000
-0.000522 0.005000
-0.000062 0.005000
0.001486 0.005000
-0.001596 0.005000
0.000105 0.005000
0.000412 0.005000
-0.000794 0.005000
-0.001893 0.005000
-0.000883 0.005000
0.000988 0.005000
-0.000505 0.005000
0.000718 0.005000
0.001099 0.005000
-0.001832 0.005000
0.000769 0.005000
0.001278 0.005000
0.001001 0.005000
-0.003546 0.005000
0.000409 0.005000
-0.001087 0.005000
-0.001700 0.005000
-0.002564 0.005000
-0.000723 0.005000
-0.000246 0.005000
-0.001453 0.005000
0.000842 0.005000
-0.001635 0.005000
-0.001833 0.005000
0.000605 0.005000
0.000331 0.005000
0.001973 0.005000
-0.000655 0.005000
0.001071 0.005000
0.002666 0.005000
-0.001553 0.005000
-0.003105 0.005000
-0.000972 0.005000
0.000075 0.005000
0.000255 0.005000
-0.000497 0.005000
0.001549 0.005000
-0.001688 0.005000
0.000128 0.005000
-0.000099 0.005000
0.000072 0.005000
0.000094 0.005000
0.000308 0.005000
0.000846 0.005000
0.001829 0.005000
0.000424 0.005000
-0.001419 0.005000
0.000426 0.005000
-0.000007 0.005000
-0.003016 0.005000
-0.000691 0.005000
0.001162 0.005000
-0.000667 0.005000
-0.000569 0.005000
-0.001855 0.005000
0.001961 0.005000
0.000717 0.005000
-0.000478 0.005000
0.001458 0.005000
-0.000895 0.005000
0.001327 0.005000
0.002044 0.005000
0.000898 0.005000
-0.002663 0.005000
-0.002941 0.005000
-0.000190 0.005000
0.000615 0.005000
-0.000020 0.005000
0.001932 0.005000
0.002685 0.005000
-0.001905 0.005000
0.000660 0.005000
0.000050 0.005000
-0.001394 0.005000
-0.000617 0.005000
0.000181 0.005000
-0.001835 0.005000
-0.000625 0.005000
-0.001388 0.005000
0.001387 0.005000
-0.000565 0.005000
0.001464 0.005000
0.000034 0.005000
-0.002922 0.005000
-0.000178 0.005000
0.000552 0.005000
-0.000411 0.005000
-0.001278 0.005000
0.001059 0.005000
-0.001643 0.005000
-0.000210 0.005000
-0.002503 0.005000
-0.000714 0.005000
-0.004639 0.005000
0.001890 0.005000
-0.001000 0.005000
0.000526 0.005000
-0.000018 0.005000
-0.001908 0.005000
-0.001723 0.005000
-0.000243 0.005000
-0.001176 0.005000
-0.000370 0.005000
0.002118 0.005000
0.000256 0.005000
-0.001160 0.005000
0.000503 0.005000
-0.001256 0.005000
0.001259 0.005000
0.000055 0.005000
0.001222 0.005000
-0.000585 0.005000
0.000286 0.005000
0.000226 0.005000
-0.000580 0.005000
0.000808 0.005000
-0.001206 0.005000
0.000364 0.005000
-0.001864 0.005000
-0.002053 0.005000
-0.000323 0.005000
-0.000573 0.005000
-0.000009 0.005000
-0.000979 0.005000
0.000188 0.005000
-0.000317 0.005000
0.001668 0.005000
0.002232 0.005000
-0.000515 0.005000
-0.002451 0.005000
-0.000457 0.005000
0.000252 0.005000
-0.000078 0.005000
-0.000378 0.005000
-0.000213 0.005000
0.002215 0.005000
0.001402 0.005000
0.002052 0.005000
0.000212 0.005000
0.001246 0.005000
0.001283 0.005000
0.001069 0.005000
-0.000682 0.005000
-0.000928 0.005000
-0.000931 0.005000
0.000261 0.005000
-0.001071 0.005000
0.003085 0.005000
0.000029 0.005000
-0.001484 0.005000
0.000672 0.005000
-0.001437 0.005000
-0.003775 0.005000
-0.002649 0.005000
0.001302 0.005000
-0.001559 0.005000
0.000159 0.005000
-0.002977 0.005000
0.000632 0.005000
-0.001617 0.005000
0.000036 0.005000
-0.000668 0.005000
0.001563 0.005000
0.000714 0.005000
-0.000938 0.005000
-0.000609 0.005000
-0.000908 0.005000
0.001513 0.005000
-0.001020 0.005000
-0.001476 0.005000
0.000580 0.005000
-0.001157 0.005000
-0.000972 0.005000
-0.001237 0.005000
0.000851 0.005000
0.001734 0.005000
-0.002180 0.005000
-0.001901 0.005000
