0.000947 0.002000
0.000033 0.002000
0.001247 0.002000
-0.000459 0.002000
0.000290 0.002000
0.002437 0.002000
0.000790 0.002000
0.000577 0.002000
0.001082 0.002000
0.001032 0.002000
-0.000014 0.002000
0.000579 0.002000
-0.000297 0.002000
0.000836 0.002000
-0.001137 0.002000
0.000541 0.002000
-0.000502 0.002000
0.000656 0.002000
0.001589 0.002000
-0.000422 0.002000
0.002126 0.002000
0.001252 0.002000
0.000783 0.002000
0.000672 0.002000
0.001609 0.002000
-0.000562 0.002000
-0.000074 0.002000
0.003420 0.002000
0.000907 0.002000
-0.000669 0.002000
0.000199 0.002000
0.001653 0.002000
0.000268 0.002000
0.000591 0.002000
0.000956 0.002000
0.000549 0.002000
0.002482 0.002000
0.000984 0.002000
0.002151 0.002000
0.001808 0.002000
0.001665 0.002000
0.000018 0.002000
-0.001976 0.002000
-0.000733 0.002000
0.001238 0.002000
-0.001293 0.002000
0.001777 0.002000
-0.002163 0.002000
0.000077 0.002000
0.000764 0.002000
-0.001546 0.002000
0.001017 0.002000
-0.001249 0.002000
0.001057 0.002000
0.000160 0.002000
0.001340 0.002000
-0.000005 0.002000
-0.000154 0.002000
0.000957 0.002000
0.000770 0.002000
-0.000904 0.002000
0.001017 0.002000
0.001742 0.002000
0.000366 0.002000
0.002542 0.002000
0.001321 0.002000
-0.001158 0.002000
0.001823 0.002000
-0.000491 0.002000
0.000909 0.002000
0.000061 0.002000
0.000873 0.002000
0.000195 0.002000
0.001076 0.002000
0.000378 0.002000
0.002235 0.002000
0.001191 0.002000
0.000359 0.002000
-0.001650 0.002000
-0.000142 0.002000
-0.000396 0.002000
0.000609 0.002000
0.000112 0.002000
0.001854 0.002000
-0.000346 0.002000
0.000166 0.002000
0.001513 0.002000
0.001414 0.002000
0.001054 0.002000
-0.000208 0.002000
0.002445 0.002000
-0.000961 0.002000
0.002552 0.002000
0.000862 0.002000
0.001977 0.002000
0.001147 0.002000
0.000135 0.002000
0.000394 0.002000
0.001188 0.002000
0.000636 0.002000
0.000712 0.002000
0.002901 0.002000
-0.000805 0.002000
0.002386 0.002000
0.000865 0.002000
0.000005 0.002000
0.000852 0.002000
0.000757 0.002000
0.001042 0.002000
0.000694 0.002000
0.001589 0.002000
0.000165 0.002000
0.000945 0.002000
0.000037 0.002000
-0.000314 0.002000
0.002424 0.002000
0.000687 0.002000
0.001843 0.002000
-0.000452 0.002000
-0.000478 0.002000
0.000357 0.002000
0.000456 0.002000
0.000467 0.002000
-0.000235 0.002000
0.000889 0.002000
0.000648 0.002000
0.000354 0.002000
-0.001063 0.002000
-0.000473 0.002000
0.000458 0.002000
-0.000901 0.002000
0.001706 0.002000
0.000888 0.002000
0.001519 0.002000
0.000041 0.002000
0.000859 0.002000
-0.000114 0.002000
0.000505 0.002000
0.003055 0.002000
-0.000825 0.002000
-0.000074 0.002000
0.002777 0.002000
0.001308 0.002000
0.001142 0.002000
0.000083 0.002000
0.000405 0.002000
0.001439 0.002000
0.000898 0.002000
-0.000176 0.002000
-0.000903 0.002000
-0.001016 0.002000
-0.000836 0.002000
0.000869 0.002000
0.001541 0.002000
0.000496 0.002000
-0.000909 0.002000
-0.000063 0.002000
0.001230 0.002000
0.001545 0.002000
0.002229 0.002000
0.000183 0.002000
0.000204 0.002000
0.000076 0.002000
0.001555 0.002000
0.001538 0.002000
-0.000380 0.002000
0.000460 0.002000
-0.002105 0.002000
-0.000606 0.002000
0.002274 0.002000
0.000108 0.002000
0.000671 0.002000
0.002105 0.002000
0.002412 0.002000
0.001390 0.002000
-0.000614 0.002000
0.002878 0.002000
0.000652 0.002000
0.000732 0.002000
0.000208 0.002000
-0.001526 0.002000
-0.000385 0.002000
0.000964 0.002000
0.000604 0.002000
-0.001069 0.002000
0.001946 0.002000
0.000891 0.002000
-0.000989 0.002000
0.000902 0.002000
-0.001055 0.002000
0.000497 0.002000
0.000625 0.002000
0.000327 0.002000
0.002041 0.002000
-0.000208 0.002000
-0.000270 0.002000
0.001028 0.002000
-0.001869 0.002000
0.000733 0.002000
-0.000928 0.002000
0.000896 0.002000
-0.001684 0.002000
0.000362 0.002000
0.000946 0.002000
-0.000435 0.002000
0.000139 0.002000
-0.000408 0.002000
0.002468 0.002000
0.000102 0.002000
0.002056 0.002000
-0.000257 0.002000
0.000454 0.002000
0.002065 0.002000
-0.000743 0.002000
0.002833 0.002000
0.000213 0.002000
0.001447 0.002000
-0.000335 0.002000
0.002966 0.002000
-0.000104 0.002000
-0.000754 0.002000
0.001378 0.002000
0.000610 0.002000
0.001063 0.002000
0.000141 0.002000
-0.000079 0.002000
-0.000249 0.002000
-0.000164 0.002000
0.000194 0.002000
0.000319 0.002000
-0.000493 0.002000
0.000068 0.002000
0.001014 0.002000
0.000559 0.002000
0.000363 0.002000
0.000180 0.002000
0.000425 0.002000
0.000416 0.002000
0.000250 0.002000
0.000324 0.002000
0.000396 0.002000
0.001805 0.002000
0.000724 0.002000
0.000236 0.002000
0.001263 0.002000
0.002534 0.002000
-0.000426 0.002000
0.000395 0.002000
0.000871 0.002000
0.001426 0.002000
-0.000101 0.002000
0.001562 0.002000
0.001897 0.002000
0.001315 0.002000
0.001956 0.002000
0.001604 0.002000
-0.000896 0.002000
0.002221 0.002000
0.001737 0.002000
-0.001434 0.002000
0.000319 0.002000
-0.000096 0.002000
0.004056 0.002000
0.000256 0.002000
0.000226 0.002000
0.000958 0.002000
-0.001115 0.002000
0.001859 0.002000
-0.000340 0.002000
0.000510 0.002000
0.000464 0.002000
0.000509 0.002000
0.001128 0.002000
0.000712 0.002000
0.000749 0.002000
0.000278 0.002000
-0.000137 0.002000
0.003442 0.002000
0.000410 0.002000
-0.000582 0.002000
-0.000898 0.002000
0.003081 0.002000
0.002077 0.002000
0.001526 0.002000
0.003247 0.002000
0.001118 0.002000
0.000703 0.002000
0.001110 0.002000
0.001139 0.002000
-0.001343 0.002000
-0.001221 0.002000
-0.000140 0.002000
-0.000649 0.002000
0.000683 0.002000
0.002153 0.002000
-0.000046 0.002000
0.000207 0.002000
-0.000274 0.002000
0.001773 0.002000
0.001843 0.002000
0.002868 0.002000
-0.000357 0.002000
0.003058 0.002000
0.001461 0.002000
0.000325 0.002000
0.001263 0.002000
0.000144 0.002000
0.001594 0.002000
0.000763 0.002000
0.002097 0.002000
0.001527 0.002000
0.001712 0.002000
0.000965 0.002000
0.001121 0.002000
-0.000518 0.002000
0.001397 0.002000
0.000947 0.002000
0.000580 0.002000
0.000908 0.002000
0.000606 0.002000
0.000230 0.002000
-0.000267 0.002000
0.000384 0.002000
0.001887 0.002000
0.000951 0.002000
0.001468 0.002000
-0.000339 0.002000
-0.000189 0.002000
0.001537 0.002000
-0.000596 0.002000
0.001345 0.002000
0.001743 0.002000
0.001246 0.002000
-0.000493 0.002000
-0.001151 0.002000
0.001711 0.002000
0.003784 0.002000
0.001426 0.002000
0.000836 0.002000
0.000610 0.002000
-0.001375 0.002000
0.000628 0.002000
0.000594 0.002000
-0.000651 0.002000
0.001314 0.002000
0.001229 0.002000
0.000380 0.002000
0.002511 0.002000
0.000964 0.002000
0.001326 0.002000
0.001828 0.002000
-0.000484 0.002000
-0.001180 0.002000
0.000573 0.002000
0.001379 0.002000
0.000400 0.002000
0.001288 0.002000
0.002662 0.002000
-0.000905 0.002000
0.001652 0.002000
0.000884 0.002000
0.002080 0.002000
-0.000527 0.002000
-0.000432 0.002000
-0.002169 0.002000
0.000660 0.002000
0.001967 0.002000
0.001261 0.002000
0.000397 0.002000
0.001591 0.002000
0.002002 0.002000
0.001560 0.002000
-0.000378 0.002000
0.001204 0.002000
0.000222 0.002000
0.000948 0.002000
0.001957 0.002000
0.000774 0.002000
0.001392 0.002000
0.001337 0.002000
0.002230 0.002000
0.001877 0.002000
0.000078 0.002000
0.001472 0.002000
-0.001048 0.002000
-0.001078 0.002000
-0.000089 0.002000
0.000959 0.002000
-0.000807 0.002000
0.001747 0.002000
0.000585 0.002000
0.000784 0.002000
-0.001467 0.002000
0.000112 0.002000
-0.001118 0.002000
0.000188 0.002000
0.000564 0.002000
0.000472 0.002000
-0.000707 0.002000
0.001160 0.002000
-0.000199 0.002000
0.000518 0.002000
0.001378 0.002000
0.001061 0.002000
0.001444 0.002000
0.000701 0.002000
-0.001098 0.002000
0.000665 0.002000
-0.000253 0.002000
0.001016 0.002000
0.000693 0.002000
0.001426 0.002000
0.000574 0.002000
0.000835 0.002000
-0.000083 0.002000
-0.000278 0.002000
-0.000221 0.002000
-0.000156 0.002000
-0.000333 0.002000
0.000842 0.002000
-0.001294 0.002000
0.000780 0.002000
0.000530 0.002000
0.001627 0.002000
-0.000347 0.002000
0.000438 0.002000
0.000754 0.002000
0.000911 0.002000
0.000623 0.002000
-0.000902 0.002000
-0.000859 0.002000
0.001007 0.002000
0.001083 0.002000
-0.001096 0.002000
0.001518 0.002000
0.001456 0.002000
0.000248 0.002000
0.001345 0.002000
0.002048 0.002000
0.001764 0.002000
0.000544 0.002000
0.001414 0.002000
0.001565 0.002000
0.001054 0.002000
-0.001283 0.002000
0.002013 0.002000
-0.000282 0.002000
0.000124 0.002000
0.001828 0.002000
0.000890 0.002000
0.001089 0.002000
0.001031 0.002000
0.000185 0.002000
0.000482 0.002000
0.000695 0.002000
0.001003 0.002000
0.000316 0.002000
0.000661 0.002000
-0.000282 0.002000
0.001084 0.002000
-0.000787 0.002000
0.000834 0.002000
0.001807 0.002000
0.000505 0.002000
0.001494 0.002000
-0.000334 0.002000
0.002409 0.002000
0.000200 0.002000
0.000101 0.002000
0.000782 0.002000
-0.000034 0.002000
-0.000330 0.002000
0.000867 0.002000
-0.000116 0.002000
0.000937 0.002000
0.000985 0.002000
0.001285 0.002000
0.003489 0.002000
0.001659 0.002000
0.002640 0.002000
-0.001179 0.002000
-0.000197 0.002000
0.000368 0.002000
0.000358 0.002000
0.001723 0.002000
0.001866 0.002000
-0.000806 0.002000
-0.000321 0.002000
0.000122 0.002000
-0.000198 0.002000
0.000154 0.002000
-0.000915 0.002000
0.000497 0.002000
0.002904 0.002000
0.000831 0.002000
0.000473 0.002000
-0.000466 0.002000
0.001078 0.002000
0.001200 0.002000
0.001275 0.002000
0.000004 0.002000
0.003216 0.002000
0.000597 0.002000
0.000595 0.002000
0.001891 0.002000
0.003023 0.002000
-0.000305 0.002000
0.000833 0.002000
0.000456 0.002000
-0.000953 0.002000
0.001519 0.002000
-0.000030 0.002000
-0.000904 0.002000
0.001628 0.002000
0.000334 0.002000
0.001159 0.002000
0.000589 0.002000
-0.000367 0.002000
0.001707 0.002000
-0.000955 0.002000
0.000865 0.002000
-0.000017 0.002000
0.000480 0.002000
0.001468 0.002000
0.000235 0.002000
-0.000263 0.002000
0.001027 0.002000
-0.000484 0.002000
0.001162 0.002000
-0.000450 0.002000
0.000032 0.002000
0.000210 0.002000
0.001997 0.002000
-0.000457 0.002000
0.001847 0.002000
0.000451 0.002000
0.000929 0.002000
0.002938 0.002000
0.000598 0.002000
0.000404 0.002000
0.001414 0.002000
0.000785 0.002000
0.001961 0.002000
-0.000500 0.002000
0.000036 0.002000
-0.000622 0.002000
-0.001634 0.002000
0.000456 0.002000
-0.000771 0.002000
0.001004 0.002000
0.000357 0.002000
-0.001007 0.002000
-0.000660 0.002000
-0.000862 0.002000
-0.001765 0.002000
0.000065 0.002000
-0.000655 0.002000
-0.000821 0.002000
0.001340 0.002000
0.000354 0.002000
0.002437 0.002000
0.000504 0.002000
-0.000211 0.002000
0.001086 0.002000
0.000655 0.002000
0.000809 0.002000
0.001619 0.002000
0.000176 0.002000
-0.000211 0.002000
0.001314 0.002000
0.001816 0.002000
0.000356 0.002000
-0.000642 0.002000
0.002789 0.002000
-0.000021 0.002000
0.000978 0.002000
0.000693 0.002000
0.000409 0.002000
0.000034 0.002000
-0.000288 0.002000
-0.000768 0.002000
0.000861 0.002000
0.000865 0.002000
0.000233 0.002000
0.000721 0.002000
-0.000609 0.002000
0.001711 0.002000
0.000778 0.002000
0.001436 0.002000
0.001377 0.002000
0.000132 0.002000
0.002651 0.002000
0.000487 0.002000
0.000904 0.002000
0.001400 0.002000
-0.000727 0.002000
0.000468 0.002000
0.001625 0.002000
0.001107 0.002000
0.000265 0.002000
0.000117 0.002000
0.002312 0.002000
0.001139 0.002000
0.002216 0.002000
-0.000299 0.002000
-0.000523 0.002000
0.001387 0.002000
-0.001306 0.002000
-0.000758 0.002000
0.000528 0.002000
-0.000695 0.002000
0.000263 0.002000
-0.000099 0.002000
0.001965 0.002000
0.000717 0.002000
-0.000787 0.002000
0.000476 0.002000
-0.000239 0.002000
0.002123 0.002000
-0.000695 0.002000
0.002158 0.002000
-0.000285 0.002000
-0.000795 0.002000
0.002430 0.002000
0.001432 0.002000
0.000933 0.002000
0.002300 0.002000
0.001254 0.002000
-0.000666 0.002000
0.000353 0.002000
-0.000525 0.002000
0.001565 0.002000
0.000862 0.002000
-0.000591 0.002000
-0.000123 0.002000
0.001600 0.002000
-0.000072 0.002000
0.000672 0.002000
0.001086 0.002000
0.001837 0.002000
0.001545 0.002000
-0.001466 0.002000
0.000075 0.002000
-0.000366 0.002000
-0.000308 0.002000
0.000575 0.002000
-0.000241 0.002000
0.000291 0.002000
-0.000767 0.002000
0.002419 0.002000
0.001869 0.002000
0.001809 0.002000
0.001985 0.002000
0.000180 0.002000
0.001576 0.002000
-0.000941 0.002000
0.001326 0.002000
-0.000490 0.002000
0.000910 0.002000
-0.000695 0.002000
-0.001053 0.002000
0.001227 0.002000
-0.000653 0.002000
0.000046 0.002000
0.002312 0.002000
0.001830 0.002000
0.000842 0.002000
0.001056 0.002000
0.000281 0.002000
-0.000164 0.002000
-0.001316 0.002000
0.000109 0.002000
0.001058 0.002000
0.002199 0.002000
0.001180 0.002000
0.000872 0.002000
0.001636 0.002000
0.000870 0.002000
0.001135 0.002000
0.000618 0.002000
0.001002 0.002000
-0.000143 0.002000
0.000272 0.002000
0.000809 0.002000
0.001644 0.002000
0.000410 0.002000
0.000073 0.002000
-0.000297 0.002000
-0.001394 0.002000
0.000158 0.002000
0.000133 0.002000
-0.000192 0.002000
0.000175 0.002000
0.000890 0.002000
0.000973 0.002000
-0.000307 0.002000
-0.002137 0.002000
-0.000407 0.002000
0.000642 0.002000
0.000053 0.002000
0.000883 0.002000
0.001196 0.002000
0.001264 0.002000
-0.001094 0.002000
0.000563 0.002000
0.000174 0.002000
0.000919 0.002000
-0.000480 0.002000
0.001399 0.002000
-0.000586 0.002000
0.001022 0.002000
0.003117 0.002000
0.000359 0.002000
0.001327 0.002000
0.000876 0.002000
0.000251 0.002000
-0.000364 0.002000
0.000711 0.002000
0.000990 0.002000
0.003220 0.002000
-0.001715 0.002000
0.000082 0.002000
0.001189 0.002000
0.000347 0.002000
0.001342 0.002000
-0.001830 0.002000
-0.000314 0.002000
0.002068 0.002000
0.001078 0.002000
0.002341 0.002000
0.000375 0.002000
0.000827 0.002000
0.000071 0.002000
0.001882 0.002000
0.001207 0.002000
0.001036 0.002000
-0.000994 0.002000
0.001549 0.002000
0.000369 0.002000
-0.001241 0.002000
-0.000288 0.002000
0.001104 0.002000
0.001046 0.002000
0.001503 0.002000
0.001478 0.002000
0.002030 0.002000
0.000520 0.002000
-0.000539 0.002000
0.000613 0.002000
-0.000572 0.002000
0.000310 0.002000
0.000284 0.002000
0.001007 0.002000
-0.000123 0.002000
0.000674 0.002000
0.000938 0.002000
-0.000870 0.002000
0.000115 0.002000
0.000862 0.002000
0.001369 0.002000
0.001771 0.002000
-0.001070 0.002000
0.000822 0.002000
0.001211 0.002000
0.002111 0.002000
-0.000064 0.002000
0.001125 0.002000
-0.000323 0.002000
-0.000190 0.002000
-0.000206 0.002000
0.002236 0.002000
-0.000821 0.002000
0.001615 0.002000
0.001419 0.002000
0.001232 0.002000
-0.000541 0.002000
0.000060 0.002000
0.000909 0.002000
-0.000636 0.002000
-0.000007 0.002000
-0.000309 0.002000
0.001168 0.002000
0.001791 0.002000
-0.000413 0.002000
0.001320 0.002000
0.001938 0.002000
0.002080 0.002000
-0.000906 0.002000
0.000744 0.002000
0.003551 0.002000
-0.000171 0.002000
-0.000072 0.002000
0.002009 0.002000
0.001723 0.002000
0.000943 0.002000
0.004243 0.002000
0.000428 0.002000
-0.002416 0.002000
0.000669 0.002000
-0.000416 0.002000
-0.000786 0.002000
-0.004862 0.002000
-0.001256 0.002000
0.001066 0.002000
0.000879 0.002000
0.000276 0.002000
0.000219 0.002000
0.002236 0.002000
-0.000399 0.002000
0.000700 0.002000
0.000002 0.002000
0.001829 0.002000
-0.001225 0.002000
0.001705 0.002000
-0.000200 0.002000
0.001656 0.002000
0.002571 0.002000
0.000589 0.002000
0.002385 0.002000
0.002421 0.002000
0.000132 0.002000
0.003024 0.002000
0.001530 0.002000
-0.000706 0.002000
0.000161 0.002000
0.000674 0.002000
0.001084 0.002000
0.001169 0.002000
0.001553 0.002000
-0.000667 0.002000
-0.000696 0.002000
-0.000176 0.002000
-0.000866 0.002000
0.001252 0.002000
0.000959 0.002000
0.000698 0.002000
0.000582 0.002000
0.000650 0.002000
0.000899 0.002000
0.000499 0.002000
0.003443 0.002000
0.001729 0.002000
0.000656 0.002000
0.001259 0.002000
0.000249 0.002000
0.001050 0.002000
0.000566 0.002000
0.001118 0.002000
0.002620 0.002000
-0.000451 0.002000
0.001171 0.002000
0.000624 0.002000
0.000636 0.002000
0.000907 0.002000
0.000924 0.002000
0.002524 0.002000
-0.000690 0.002000
0.000940 0.002000
0.001433 0.002000
0.001152 0.002000
0.000426 0.002000
-0.000348 0.002000
-0.001086 0.002000
0.001864 0.002000
0.000134 0.002000
0.001347 0.002000
-0.002268 0.002000
0.000943 0.002000
-0.000906 0.002000
0.000350 0.002000
0.000091 0.002000
-0.000409 0.002000
-0.000346 0.002000
-0.000290 0.002000
0.001892 0.002000
0.001182 0.002000
-0.000923 0.002000
0.001032 0.002000
0.001048 0.002000
0.001986 0.002000
0.001162 0.002000
-0.001420 0.002000
0.001778 0.002000
0.001529 0.002000
0.000217 0.002000
0.000370 0.002000
0.001024 0.002000
-0.000206 0.002000
0.000589 0.002000
0.000790 0.002000
0.000407 0.002000
0.000042 0.002000
0.003242 0.002000
-0.001232 0.002000
-0.000509 0.002000
0.002032 0.002000
0.000321 0.002000
0.001254 0.002000
-0.000426 0.002000
0.001297 0.002000
-0.000057 0.002000
-0.000520 0.002000
0.000135 0.002000
0.000142 0.002000
0.001270 0.002000
-0.000562 0.002000
0.000484 0.002000
0.000056 0.002000
0.001562 0.002000
-0.000438 0.002000
-0.000016 0.002000
0.001645 0.002000
-0.000601 0.002000
0.001087 0.002000
-0.000390 0.002000
0.000393 0.002000
-0.000476 0.002000
-0.000095 0.002000
0.001583 0.002000
0.001038 0.002000
0.001687 0.002000
0.000803 0.002000
0.000875 0.002000
0.001920 0.002000
-0.000105 0.002000
0.000368 0.002000
0.000178 0.002000
-0.000745 0.002000
-0.000139 0.002000
0.000569 0.002000
0.001213 0.002000
0.002346 0.002000
-0.000937 0.002000
0.001444 0.002000
0.001788 0.002000
-0.001236 0.002000
0.000622 0.002000
-0.000435 0.002000
-0.001912 0.002000
0.000272 0.002000
0.000759 0.002000
0.002366 0.002000
-0.001932 0.002000
0.001442 0.002000
-0.001246 0.002000
0.001892 0.002000
-0.000135 0.002000
-0.000621 0.002000
0.000725 0.002000
0.001963 0.002000
0.001677 0.002000
0.000441 0.002000
0.000602 0.002000
0.000683 0.002000
0.001052 0.002000
0.001389 0.002000
0.001229 0.002000
-0.001904 0.002000
0.000795 0.002000
0.000041 0.002000
0.000637 0.002000
0.001332 0.002000
-0.000049 0.002000
0.000429 0.002000
0.000697 0.002000
0.001320 0.002000
-0.001176 0.002000
0.000930 0.002000
0.001904 0.002000
-0.002314 0.002000
0.000719 0.002000
-0.000757 0.002000
0.001549 0.002000
0.001972 0.002000
-0.001172 0.002000
-0.001578 0.002000
-0.000359 0.002000
0.001289 0.002000
-0.000008 0.002000
0.000203 0.002000
0.002144 0.002000
0.001736 0.002000
-0.001041 0.002000
0.002345 0.002000
0.002064 0.002000
0.002240 0.002000
0.000397 0.002000
0.001846 0.002000
0.000853 0.002000
0.000410 0.002000
0.001565 0.002000
-0.001552 0.002000
0.002462 0.002000
0.000838 0.002000
0.001470 0.002000
0.000662 0.002000
-0.001495 0.002000
0.000278 0.002000
0.000572 0.002000
0.000424 0.002000
0.001856 0.002000
0.001083 0.002000
0.001672 0.002000
0.002673 0.002000
0.000293 0.002000
-0.000074 0.002000
0.001548 0.002000
0.000723 0.002000
-0.000615 0.002000
-0.000093 0.002000
0.003201 0.002000
-0.000764 0.002000
0.000990 0.002000
-0.000202 0.002000
0.003911 0.002000
0.001823 0.002000
-0.000356 0.002000
-0.000733 0.002000
0.002544 0.002000
0.000650 0.002000
-0.000290 0.002000
0.001437 0.002000
0.001603 0.002000
0.000696 0.002000
0.000980 0.002000
-0.000392 0.002000
0.000975 0.002000
0.001928 0.002000
0.000886 0.002000
0.000127 0.002000
-0.001489 0.002000
0.001748 0.002000
0.002790 0.002000
0.000876 0.002000
0.000114 0.002000
0.000480 0.002000
0.000779 0.002000
0.001664 0.002000
0.000590 0.002000
0.000556 0.002000
-0.000232 0.002000
-0.000902 0.002000
0.001015 0.002000
0.002284 0.002000
-0.000718 0.002000
-0.004495 0.002000
-0.004375 0.002000
0.015704 0.004711
0.012589 0.003777
0.003868 0.002000
0.001810 0.002000
0.001934 0.002000
0.000931 0.002000
0.000112 0.002000
0.001811 0.002000
-0.000511 0.002000
0.000637 0.002000
0.002059 0.002000
-0.000033 0.002000
-0.000295 0.002000
-0.001276 0.002000
-0.000982 0.002000
0.000216 0.002000
0.001113 0.002000
0.001179 0.002000
-0.000192 0.002000
-0.001122 0.002000
-0.000244 0.002000
-0.000010 0.002000
0.002703 0.002000
0.003134 0.002000
0.001858 0.002000
0.000984 0.002000
-0.000101 0.002000
0.002636 0.002000
-0.001002 0.002000
0.000897 0.002000
-0.000468 0.002000
0.000087 0.002000
0.001875 0.002000
0.000224 0.002000
-0.000872 0.002000
0.001518 0.002000
-0.000579 0.002000
-0.000777 0.002000
0.001498 0.002000
0.000900 0.002000
0.002271 0.002000
0.002016 0.002000
0.001497 0.002000
0.001391 0.002000
-0.001470 0.002000
0.002313 0.002000
-0.001953 0.002000
-0.000794 0.002000
0.001774 0.002000
0.001178 0.002000
0.000370 0.002000
0.002237 0.002000
-0.000550 0.002000
-0.000120 0.002000
0.001422 0.002000
-0.000495 0.002000
0.003216 0.002000
0.002229 0.002000
-0.000080 0.002000
-0.000662 0.002000
0.000732 0.002000
0.000395 0.002000
0.000301 0.002000
-0.000104 0.002000
0.002363 0.002000
0.000257 0.002000
0.002456 0.002000
0.000946 0.002000
0.000292 0.002000
-0.003303 0.002000
-0.000266 0.002000
0.007508 0.002252
0.013189 0.003957
-0.007175 0.002153
-0.008876 0.002663
0.016568 0.004970
0.021810 0.006543
0.006658 0.002000
0.001405 0.002000
0.002411 0.002000
0.001222 0.002000
-0.000493 0.002000
0.000124 0.002000
-0.000923 0.002000
0.000484 0.002000
0.001680 0.002000
0.000030 0.002000
-0.000926 0.002000
0.002255 0.002000
-0.000588 0.002000
0.000773 0.002000
-0.001081 0.002000
-0.001697 0.002000
-0.000265 0.002000
-0.001766 0.002000
-0.002856 0.002000
0.002053 0.002000
0.000632 0.002000
0.002404 0.002000
-0.001181 0.002000
0.000855 0.002000
-0.000287 0.002000
-0.000581 0.002000
0.000172 0.002000
-0.000068 0.002000
-0.000255 0.002000
0.000300 0.002000
-0.000134 0.002000
0.001758 0.002000
0.001978 0.002000
-0.002363 0.002000
-0.003092 0.002000
0.003946 0.002000
0.000557 0.002000
0.000807 0.002000
-0.002005 0.002000
-0.001553 0.002000
0.001017 0.002000
0.000218 0.002000
-0.000339 0.002000
0.002726 0.002000
0.002074 0.002000
0.000558 0.002000
0.000860 0.002000
0.000876 0.002000
0.000265 0.002000
0.000495 0.002000
0.000798 0.002000
-0.000890 0.002000
-0.000496 0.002000
0.000010 0.002000
-0.000893 0.002000
0.001139 0.002000
-0.001996 0.002000
0.001204 0.002000
0.001514 0.002000
-0.000594 0.002000
-0.000040 0.002000
-0.000800 0.002000
0.001556 0.002000
0.001001 0.002000
-0.001802 0.002000
-0.005373 0.002000
-0.003394 0.002000
-0.008236 0.002471
0.001898 0.002000
0.012479 0.003744
0.005677 0.002000
-0.014036 0.004211
0.016257 0.004877
0.019505 0.005852
0.002560 0.002000
-0.000317 0.002000
0.000077 0.002000
0.000181 0.002000
0.002781 0.002000
-0.002267 0.002000
-0.000266 0.002000
0.000750 0.002000
0.000773 0.002000
0.000790 0.002000
0.000046 0.002000
0.001188 0.002000
0.003882 0.002000
0.000160 0.002000
0.001769 0.002000
0.001251 0.002000
0.002736 0.002000
0.002255 0.002000
0.003146 0.002000
0.000571 0.002000
-0.000220 0.002000
0.000306 0.002000
0.001264 0.002000
0.001959 0.002000
0.000323 0.002000
0.000271 0.002000
-0.000094 0.002000
-0.001630 0.002000
-0.002341 0.002000
0.002109 0.002000
0.002740 0.002000
0.000995 0.002000
0.000910 0.002000
-0.000437 0.002000
0.000898 0.002000
0.000977 0.002000
0.000659 0.002000
-0.000419 0.002000
-0.000715 0.002000
-0.003170 0.002000
0.000706 0.002000
-0.001116 0.002000
-0.001100 0.002000
-0.001269 0.002000
0.001028 0.002000
0.001227 0.002000
-0.000714 0.002000
-0.001390 0.002000
-0.000247 0.002000
0.000532 0.002000
-0.001045 0.002000
0.000318 0.002000
0.000008 0.002000
0.000903 0.002000
-0.000377 0.002000
0.001321 0.002000
-0.001714 0.002000
0.000728 0.002000
0.000738 0.002000
-0.003762 0.002000
-0.004288 0.002000
-0.000892 0.002000
0.000745 0.002000
0.000867 0.002000
0.001509 0.002000
-0.000631 0.002000
-0.006470 0.002000
-0.009126 0.002738
-0.003338 0.002000
-0.006683 0.002005
-0.016695 0.005009
0.009950 0.002985
-0.000341 0.002000
-0.000535 0.002000
0.001396 0.002000
0.000442 0.002000
-0.002483 0.002000
-0.000248 0.002000
0.001700 0.002000
-0.000826 0.002000
0.000814 0.002000
0.001279 0.002000
-0.000429 0.002000
0.000075 0.002000
-0.000007 0.002000
0.000796 0.002000
0.000093 0.002000
0.000409 0.002000
-0.001094 0.002000
0.000929 0.002000
0.001081 0.002000
0.001298 0.002000
-0.002586 0.002000
0.001418 0.002000
0.000409 0.002000
0.000964 0.002000
0.000986 0.002000
0.002249 0.002000
-0.000494 0.002000
0.000387 0.002000
0.000043 0.002000
0.000479 0.002000
0.002220 0.002000
-0.001190 0.002000
0.000638 0.002000
0.003287 0.002000
0.001680 0.002000
0.001168 0.002000
-0.000987 0.002000
-0.001381 0.002000
-0.000926 0.002000
-0.001197 0.002000
-0.001193 0.002000
0.001993 0.002000
0.000300 0.002000
0.001297 0.002000
-0.000149 0.002000
0.000954 0.002000
0.000419 0.002000
0.001247 0.002000
-0.000376 0.002000
0.001947 0.002000
0.001004 0.002000
0.001790 0.002000
0.000366 0.002000
0.001493 0.002000
0.002049 0.002000
0.001915 0.002000
0.001232 0.002000
-0.000009 0.002000
-0.001093 0.002000
-0.007358 0.002207
-0.004645 0.002000
0.000859 0.002000
0.000066 0.002000
0.002789 0.002000
0.001443 0.002000
0.000378 0.002000
0.001528 0.002000
-0.002899 0.002000
-0.008910 0.002673
-0.004033 0.002000
-0.022921 0.006876
0.020791 0.006237
-0.006625 0.002000
-0.000576 0.002000
-0.002305 0.002000
0.000684 0.002000
-0.000079 0.002000
0.000265 0.002000
0.000897 0.002000
0.000661 0.002000
0.001236 0.002000
0.000424 0.002000
-0.000956 0.002000
-0.000773 0.002000
0.001115 0.002000
0.001241 0.002000
0.001254 0.002000
0.000431 0.002000
-0.003156 0.002000
0.000431 0.002000
0.000165 0.002000
0.002652 0.002000
-0.000015 0.002000
0.001962 0.002000
0.001869 0.002000
0.000758 0.002000
-0.000545 0.002000
0.003541 0.002000
-0.000606 0.002000
0.001898 0.002000
0.000805 0.002000
0.000537 0.002000
0.002442 0.002000
-0.000675 0.002000
0.001104 0.002000
0.001317 0.002000
0.001106 0.002000
-0.000933 0.002000
-0.000811 0.002000
-0.001874 0.002000
-0.002011 0.002000
-0.000205 0.002000
-0.001784 0.002000
0.001230 0.002000
-0.000491 0.002000
0.001146 0.002000
-0.000693 0.002000
0.001917 0.002000
0.000123 0.002000
0.001938 0.002000
-0.001188 0.002000
0.001696 0.002000
0.000294 0.002000
0.000791 0.002000
0.002935 0.002000
0.003140 0.002000
0.002741 0.002000
0.003566 0.002000
0.002137 0.002000
0.000131 0.002000
-0.003586 0.002000
0.000442 0.002000
0.002453 0.002000
0.002384 0.002000
0.002752 0.002000
0.001589 0.002000
0.001779 0.002000
-0.000979 0.002000
-0.000607 0.002000
0.001021 0.002000
0.000596 0.002000
-0.002055 0.002000
0.004975 0.002000
-0.001490 0.002000
-0.003562 0.002000
-0.014859 0.004458
-0.006236 0.002000
-0.004828 0.002000
-0.003240 0.002000
0.001757 0.002000
0.005921 0.002000
0.019684 0.005905
0.021921 0.006576
0.010327 0.003098
0.006921 0.002076
0.000675 0.002000
0.001045 0.002000
0.000085 0.002000
0.000535 0.002000
-0.000019 0.002000
-0.000418 0.002000
0.001799 0.002000
-0.000419 0.002000
0.002814 0.002000
0.000273 0.002000
0.001805 0.002000
0.002649 0.002000
0.001594 0.002000
0.000085 0.002000
0.001065 0.002000
-0.001318 0.002000
0.001019 0.002000
-0.000333 0.002000
0.000935 0.002000
0.002536 0.002000
-0.001336 0.002000
-0.001244 0.002000
0.000090 0.002000
0.000748 0.002000
-0.000254 0.002000
0.000184 0.002000
-0.000344 0.002000
-0.000075 0.002000
-0.002658 0.002000
-0.001442 0.002000
0.000673 0.002000
0.000209 0.002000
0.002121 0.002000
0.000706 0.002000
0.000230 0.002000
0.000955 0.002000
-0.000548 0.002000
0.000153 0.002000
0.001114 0.002000
-0.000904 0.002000
-0.000574 0.002000
0.000907 0.002000
0.000575 0.002000
0.001031 0.002000
0.000536 0.002000
0.002068 0.002000
0.001196 0.002000
0.000258 0.002000
-0.005262 0.002000
0.001526 0.002000
0.006193 0.002000
0.004030 0.002000
-0.000558 0.002000
0.000741 0.002000
0.001427 0.002000
-0.000912 0.002000
0.000349 0.002000
-0.000394 0.002000
-0.000926 0.002000
-0.000328 0.002000
-0.011444 0.003433
-0.006564 0.002000
0.001444 0.002000
0.007273 0.002182
0.003281 0.002000
0.012161 0.003648
0.006410 0.002000
0.003507 0.002000
0.010756 0.003227
0.017565 0.005270
0.036610 0.010983
0.029872 0.008962
0.017348 0.005204
0.009359 0.002808
-0.002941 0.002000
-0.000488 0.002000
0.001813 0.002000
0.000897 0.002000
0.002450 0.002000
0.000051 0.002000
-0.001167 0.002000
0.000572 0.002000
0.002655 0.002000
0.000832 0.002000
0.001598 0.002000
0.000704 0.002000
0.000087 0.002000
0.002981 0.002000
-0.002151 0.002000
0.001676 0.002000
-0.000522 0.002000
0.000132 0.002000
-0.000566 0.002000
0.002209 0.002000
0.001679 0.002000
0.000040 0.002000
0.000405 0.002000
0.000072 0.002000
-0.001393 0.002000
-0.000035 0.002000
-0.000843 0.002000
-0.001247 0.002000
0.001687 0.002000
-0.000723 0.002000
-0.000920 0.002000
-0.001011 0.002000
0.000856 0.002000
-0.000596 0.002000
-0.000858 0.002000
0.000193 0.002000
0.000480 0.002000
-0.000646 0.002000
-0.001233 0.002000
-0.001319 0.002000
0.002066 0.002000
0.001572 0.002000
-0.000253 0.002000
0.002222 0.002000
-0.000530 0.002000
0.001100 0.002000
0.000188 0.002000
-0.000139 0.002000
-0.000044 0.002000
0.006742 0.002023
0.000924 0.002000
0.000166 0.002000
0.000963 0.002000
-0.000131 0.002000
0.000377 0.002000
-0.000299 0.002000
0.007823 0.002347
-0.000965 0.002000
-0.012466 0.003740
-0.017154 0.005146
-0.017709 0.005313
-0.017730 0.005319
-0.001623 0.002000
0.001093 0.002000
0.003799 0.002000
0.001385 0.002000
-0.005129 0.002000
-0.002196 0.002000
0.000239 0.002000
0.005804 0.002000
0.021086 0.006326
0.005776 0.002000
0.003422 0.002000
0.001477 0.002000
0.000640 0.002000
-0.000039 0.002000
0.001250 0.002000
0.001609 0.002000
0.000817 0.002000
0.001545 0.002000
0.000715 0.002000
-0.001807 0.002000
0.002433 0.002000
-0.000022 0.002000
0.002450 0.002000
-0.000116 0.002000
0.001619 0.002000
0.003448 0.002000
-0.000152 0.002000
0.000457 0.002000
0.002492 0.002000
0.002294 0.002000
-0.000658 0.002000
0.001440 0.002000
0.002648 0.002000
-0.000775 0.002000
0.001027 0.002000
0.001028 0.002000
-0.000350 0.002000
0.000741 0.002000
0.000002 0.002000
-0.001969 0.002000
0.001156 0.002000
0.000248 0.002000
-0.000300 0.002000
0.000543 0.002000
-0.000860 0.002000
-0.000205 0.002000
0.000928 0.002000
0.000747 0.002000
0.001186 0.002000
-0.000599 0.002000
0.000077 0.002000
0.000620 0.002000
-0.001225 0.002000
0.002196 0.002000
0.001407 0.002000
0.000634 0.002000
0.000449 0.002000
0.000425 0.002000
0.003375 0.002000
-0.012748 0.003824
0.005669 0.002000
0.003417 0.002000
0.001056 0.002000
-0.000278 0.002000
-0.000838 0.002000
-0.001132 0.002000
-0.011615 0.003484
-0.003136 0.002000
-0.005817 0.002000
-0.009574 0.002872
-0.012793 0.003838
-0.010765 0.003230
-0.011468 0.003440
-0.000784 0.002000
0.001279 0.002000
-0.000689 0.002000
0.000159 0.002000
-0.005837 0.002000
-0.002276 0.002000
-0.003273 0.002000
0.000351 0.002000
0.015956 0.004787
-0.008485 0.002546
-0.011355 0.003407
-0.000061 0.002000
-0.000096 0.002000
0.002442 0.002000
0.001269 0.002000
0.000009 0.002000
0.000009 0.002000
0.002647 0.002000
0.000015 0.002000
0.000954 0.002000
-0.001401 0.002000
0.001832 0.002000
-0.000093 0.002000
0.000789 0.002000
0.000111 0.002000
0.002864 0.002000
0.001311 0.002000
0.002288 0.002000
-0.001887 0.002000
0.001775 0.002000
-0.001109 0.002000
-0.001393 0.002000
0.000611 0.002000
-0.002476 0.002000
-0.000855 0.002000
0.001211 0.002000
0.000361 0.002000
0.001504 0.002000
0.000815 0.002000
-0.001759 0.002000
-0.000867 0.002000
-0.000503 0.002000
0.000466 0.002000
-0.001656 0.002000
0.001411 0.002000
0.000966 0.002000
0.002130 0.002000
-0.001509 0.002000
0.001454 0.002000
0.000835 0.002000
-0.000480 0.002000
0.001445 0.002000
-0.000325 0.002000
0.001222 0.002000
0.001045 0.002000
0.001087 0.002000
0.000994 0.002000
0.003087 0.002000
0.002402 0.002000
-0.015558 0.004667
0.001988 0.002000
0.002970 0.002000
-0.001267 0.002000
0.001517 0.002000
-0.000136 0.002000
-0.008730 0.002619
-0.010552 0.003165
-0.012817 0.003845
-0.007797 0.002339
-0.006378 0.002000
-0.009364 0.002809
0.003782 0.002000
0.002685 0.002000
0.003726 0.002000
0.000203 0.002000
0.000718 0.002000
0.001313 0.002000
-0.001270 0.002000
0.000100 0.002000
0.000409 0.002000
0.013279 0.003984
0.015083 0.004525
-0.007491 0.002247
-0.032480 0.009744
-0.007946 0.002384
-0.001959 0.002000
0.001599 0.002000
0.000343 0.002000
0.002576 0.002000
-0.000387 0.002000
0.003405 0.002000
-0.000717 0.002000
0.001689 0.002000
0.000776 0.002000
0.001138 0.002000
0.000245 0.002000
-0.000068 0.002000
-0.002100 0.002000
0.002210 0.002000
0.001282 0.002000
0.000038 0.002000
-0.002621 0.002000
0.000497 0.002000
0.002428 0.002000
0.001185 0.002000
0.000649 0.002000
-0.001146 0.002000
-0.000454 0.002000
0.001713 0.002000
0.000003 0.002000
0.000431 0.002000
0.000069 0.002000
0.000386 0.002000
0.000119 0.002000
0.002415 0.002000
-0.001920 0.002000
0.000162 0.002000
-0.000840 0.002000
-0.004917 0.002000
-0.000069 0.002000
0.001175 0.002000
0.001841 0.002000
0.000365 0.002000
-0.000371 0.002000
-0.000219 0.002000
0.000023 0.002000
0.001162 0.002000
0.001701 0.002000
-0.000454 0.002000
-0.000248 0.002000
0.001205 0.002000
-0.000707 0.002000
0.002974 0.002000
-0.023534 0.007060
-0.001090 0.002000
0.002413 0.002000
-0.001057 0.002000
-0.010106 0.003032
-0.013171 0.003951
-0.015611 0.004683
-0.013761 0.004128
-0.013118 0.003935
-0.008369 0.002511
-0.005802 0.002000
0.002059 0.002000
0.002491 0.002000
0.000980 0.002000
0.004176 0.002000
0.001145 0.002000
0.000246 0.002000
0.003605 0.002000
0.003411 0.002000
0.004936 0.002000
0.005000 0.002000
0.012937 0.003881
-0.018477 0.005543
-0.046993 0.014098
-0.011523 0.003457
0.000659 0.002000
0.000689 0.002000
-0.001691 0.002000
0.003576 0.002000
-0.000465 0.002000
-0.000818 0.002000
0.006444 0.002000
0.001365 0.002000
0.002820 0.002000
0.001431 0.002000
0.001243 0.002000
0.000376 0.002000
0.002012 0.002000
-0.002592 0.002000
0.000414 0.002000
0.001978 0.002000
-0.000000 0.002000
0.001022 0.002000
-0.000537 0.002000
0.000949 0.002000
0.000653 0.002000
0.002298 0.002000
0.001552 0.002000
0.000441 0.002000
-0.000102 0.002000
-0.000936 0.002000
-0.002164 0.002000
-0.001911 0.002000
-0.001228 0.002000
0.000459 0.002000
-0.000979 0.002000
-0.000064 0.002000
-0.000111 0.002000
0.002014 0.002000
-0.000832 0.002000
-0.000893 0.002000
0.000053 0.002000
0.001182 0.002000
0.000223 0.002000
-0.000311 0.002000
0.001101 0.002000
-0.000264 0.002000
-0.000168 0.002000
0.002647 0.002000
0.001935 0.002000
-0.000123 0.002000
0.000017 0.002000
0.002585 0.002000
-0.004471 0.002000
0.000016 0.002000
-0.000481 0.002000
-0.001643 0.002000
-0.006642 0.002000
-0.009796 0.002939
-0.012490 0.003747
-0.012585 0.003776
-0.014849 0.004455
-0.013244 0.003973
-0.010770 0.003231
-0.003172 0.002000
-0.001247 0.002000
0.000666 0.002000
0.001472 0.002000
0.002225 0.002000
-0.001669 0.002000
0.000813 0.002000
-0.000658 0.002000
-0.001883 0.002000
-0.000668 0.002000
-0.000168 0.002000
-0.022432 0.006730
-0.029374 0.008812
-0.000110 0.002000
0.002016 0.002000
0.002913 0.002000
0.000544 0.002000
0.003797 0.002000
0.006259 0.002000
-0.000145 0.002000
-0.000816 0.002000
0.016187 0.004856
0.002952 0.002000
0.000231 0.002000
0.000464 0.002000
0.000153 0.002000
-0.000692 0.002000
0.000476 0.002000
0.001087 0.002000
0.000766 0.002000
0.002952 0.002000
0.001426 0.002000
0.000588 0.002000
0.000038 0.002000
0.000163 0.002000
-0.001251 0.002000
0.000185 0.002000
0.003696 0.002000
-0.001515 0.002000
-0.000887 0.002000
0.000560 0.002000
-0.000343 0.002000
0.001288 0.002000
-0.000812 0.002000
-0.000858 0.002000
0.000480 0.002000
-0.000526 0.002000
-0.001001 0.002000
0.000923 0.002000
0.001695 0.002000
0.001232 0.002000
-0.000227 0.002000
-0.000244 0.002000
0.001919 0.002000
0.001935 0.002000
0.000558 0.002000
0.001032 0.002000
0.001714 0.002000
0.000566 0.002000
-0.000694 0.002000
0.001182 0.002000
0.001326 0.002000
0.000937 0.002000
0.000754 0.002000
0.002167 0.002000
0.001634 0.002000
0.000275 0.002000
0.000281 0.002000
-0.001426 0.002000
0.001093 0.002000
0.000191 0.002000
-0.001350 0.002000
-0.002995 0.002000
-0.002105 0.002000
-0.001013 0.002000
-0.001542 0.002000
0.002028 0.002000
0.000459 0.002000
-0.022730 0.006819
-0.017153 0.005146
-0.001338 0.002000
-0.000600 0.002000
-0.004363 0.002000
-0.027808 0.008342
-0.027695 0.008308
-0.027677 0.008303
-0.018091 0.005427
-0.028289 0.008487
-0.049022 0.014707
0.000160 0.002000
0.001539 0.002000
0.004001 0.002000
0.005745 0.002000
0.002804 0.002000
0.005552 0.002000
0.037490 0.011247
0.001298 0.002000
-0.001292 0.002000
0.001199 0.002000
-0.001087 0.002000
-0.000031 0.002000
-0.000979 0.002000
0.002338 0.002000
-0.000482 0.002000
0.000583 0.002000
0.001747 0.002000
0.000961 0.002000
0.000502 0.002000
0.000183 0.002000
0.001175 0.002000
0.003798 0.002000
0.001557 0.002000
-0.001689 0.002000
-0.002113 0.002000
-0.000973 0.002000
0.001587 0.002000
0.000083 0.002000
-0.000293 0.002000
0.000679 0.002000
0.001439 0.002000
0.000196 0.002000
-0.000017 0.002000
-0.001240 0.002000
-0.000667 0.002000
0.000367 0.002000
-0.001192 0.002000
0.002170 0.002000
-0.000984 0.002000
0.002049 0.002000
0.000631 0.002000
-0.000480 0.002000
0.003122 0.002000
0.000700 0.002000
0.001140 0.002000
-0.000458 0.002000
0.000482 0.002000
0.000355 0.002000
0.002534 0.002000
0.000555 0.002000
-0.000245 0.002000
0.000486 0.002000
-0.001414 0.002000
-0.001008 0.002000
0.002423 0.002000
0.006680 0.002004
0.015981 0.004794
0.017239 0.005172
0.013546 0.004064
0.006502 0.002000
-0.007217 0.002165
-0.019695 0.005908
-0.026882 0.008065
-0.026034 0.007810
-0.022849 0.006855
-0.019419 0.005826
-0.018933 0.005680
-0.018525 0.005558
-0.026352 0.007906
-0.018125 0.005438
-0.026187 0.007856
-0.034996 0.010499
-0.039657 0.011897
-0.032444 0.009733
-0.023489 0.007047
-0.005485 0.002000
0.008370 0.002511
0.005863 0.002000
-0.010276 0.003083
0.023618 0.007085
0.042528 0.012758
0.000880 0.002000
-0.001835 0.002000
-0.000670 0.002000
0.000280 0.002000
0.002990 0.002000
0.001894 0.002000
0.000381 0.002000
0.000319 0.002000
0.000547 0.002000
-0.001548 0.002000
0.002058 0.002000
0.000498 0.002000
-0.000913 0.002000
0.001024 0.002000
-0.002211 0.002000
0.002095 0.002000
0.000519 0.002000
0.001951 0.002000
-0.000076 0.002000
-0.000239 0.002000
-0.000205 0.002000
0.003935 0.002000
-0.002013 0.002000
0.000889 0.002000
0.000465 0.002000
0.000333 0.002000
0.001045 0.002000
0.000228 0.002000
0.002334 0.002000
0.000157 0.002000
0.002069 0.002000
0.000780 0.002000
-0.000335 0.002000
-0.000230 0.002000
0.000805 0.002000
-0.001155 0.002000
0.001139 0.002000
0.000693 0.002000
0.001246 0.002000
0.000797 0.002000
0.002245 0.002000
0.000287 0.002000
0.002355 0.002000
0.000058 0.002000
-0.011702 0.003511
-0.004148 0.002000
0.003517 0.002000
0.005354 0.002000
0.017831 0.005349
0.018270 0.005481
0.021476 0.006443
0.014565 0.004369
-0.005288 0.002000
-0.023884 0.007165
-0.025793 0.007738
-0.030257 0.009077
-0.033637 0.010091
-0.037817 0.011345
-0.018647 0.005594
-0.018673 0.005602
-0.005087 0.002000
-0.018982 0.005695
-0.029427 0.008828
-0.032271 0.009681
-0.045319 0.013596
-0.031433 0.009430
-0.021425 0.006427
-0.005502 0.002000
-0.001050 0.002000
0.000314 0.002000
-0.018335 0.005501
0.003065 0.002000
0.035720 0.010716
0.020266 0.006080
-0.001260 0.002000
-0.002612 0.002000
0.000227 0.002000
-0.000664 0.002000
-0.000208 0.002000
0.000774 0.002000
0.000931 0.002000
0.000287 0.002000
0.000310 0.002000
0.000576 0.002000
-0.002955 0.002000
0.000666 0.002000
0.000744 0.002000
-0.000813 0.002000
0.000184 0.002000
0.002279 0.002000
-0.000255 0.002000
0.000819 0.002000
0.001926 0.002000
-0.000679 0.002000
-0.000390 0.002000
0.000505 0.002000
-0.000736 0.002000
-0.000276 0.002000
-0.001348 0.002000
-0.000584 0.002000
0.000365 0.002000
0.000496 0.002000
0.000181 0.002000
0.000153 0.002000
0.001303 0.002000
0.001152 0.002000
0.000446 0.002000
0.001220 0.002000
-0.000775 0.002000
0.001572 0.002000
-0.000346 0.002000
-0.000557 0.002000
0.001594 0.002000
0.001220 0.002000
-0.000398 0.002000
0.000158 0.002000
-0.001106 0.002000
-0.014866 0.004460
-0.016263 0.004879
-0.003116 0.002000
0.004841 0.002000
0.013715 0.004114
0.020616 0.006185
0.026724 0.008017
0.007389 0.002217
-0.008209 0.002463
-0.022721 0.006816
-0.027559 0.008268
-0.029606 0.008882
-0.032684 0.009805
-0.025790 0.007737
-0.016221 0.004866
-0.014594 0.004378
-0.008853 0.002656
-0.011754 0.003526
-0.010795 0.003238
-0.014208 0.004262
-0.028107 0.008432
-0.020838 0.006251
-0.015880 0.004764
-0.015192 0.004558
-0.006695 0.002009
-0.011399 0.003420
-0.016942 0.005083
0.008767 0.002630
0.013726 0.004118
-0.013971 0.004191
-0.044466 0.013340
0.000449 0.002000
-0.000629 0.002000
-0.000147 0.002000
0.001506 0.002000
0.000069 0.002000
-0.000175 0.002000
0.001971 0.002000
0.000591 0.002000
0.001467 0.002000
0.000192 0.002000
-0.000568 0.002000
0.000488 0.002000
0.000626 0.002000
0.000700 0.002000
-0.000132 0.002000
0.000426 0.002000
-0.000654 0.002000
-0.000546 0.002000
0.000949 0.002000
0.000949 0.002000
-0.001220 0.002000
0.001153 0.002000
0.001186 0.002000
0.000107 0.002000
-0.001931 0.002000
0.003247 0.002000
0.001423 0.002000
0.000204 0.002000
0.003410 0.002000
0.000303 0.002000
-0.002475 0.002000
0.000005 0.002000
0.000615 0.002000
0.000344 0.002000
0.001739 0.002000
0.002106 0.002000
-0.001171 0.002000
0.000282 0.002000
0.001636 0.002000
-0.001263 0.002000
0.000536 0.002000
-0.000814 0.002000
-0.010736 0.003221
-0.016637 0.004991
-0.015989 0.004797
-0.000308 0.002000
0.008959 0.002688
0.015879 0.004764
0.026282 0.007884
0.004345 0.002000
-0.014393 0.004318
-0.028658 0.008597
-0.027246 0.008174
-0.022674 0.006802
-0.020299 0.006090
-0.026627 0.007988
-0.020930 0.006279
-0.016168 0.004850
-0.010045 0.003014
-0.012716 0.003815
-0.010553 0.003166
-0.015529 0.004659
-0.023862 0.007159
-0.005374 0.002000
-0.003932 0.002000
0.000109 0.002000
-0.014760 0.004428
-0.030827 0.009248
-0.015746 0.004724
-0.005257 0.002000
-0.025459 0.007638
-0.039470 0.011841
-0.017310 0.005193
-0.005378 0.002000
-0.001536 0.002000
-0.001346 0.002000
0.003956 0.002000
0.000114 0.002000
0.000139 0.002000
-0.000660 0.002000
0.000397 0.002000
0.000777 0.002000
-0.000471 0.002000
-0.000444 0.002000
-0.001521 0.002000
-0.000911 0.002000
-0.000434 0.002000
-0.002472 0.002000
-0.000614 0.002000
0.001526 0.002000
0.000006 0.002000
-0.000152 0.002000
0.000987 0.002000
-0.000045 0.002000
-0.000321 0.002000
-0.000054 0.002000
-0.001440 0.002000
0.001594 0.002000
0.000637 0.002000
0.000055 0.002000
0.000494 0.002000
0.001010 0.002000
0.000724 0.002000
-0.001456 0.002000
0.002634 0.002000
0.001615 0.002000
0.000703 0.002000
0.000587 0.002000
-0.002114 0.002000
-0.000477 0.002000
0.000839 0.002000
-0.000371 0.002000
-0.000491 0.002000
-0.000343 0.002000
0.001538 0.002000
-0.007105 0.002132
-0.015904 0.004771
-0.016394 0.004918
-0.001995 0.002000
0.014062 0.004219
0.017997 0.005399
0.021839 0.006552
0.001111 0.002000
-0.012791 0.003837
-0.016072 0.004822
-0.026119 0.007836
-0.008352 0.002506
-0.012973 0.003892
-0.024863 0.007459
-0.022479 0.006744
-0.021705 0.006512
-0.024265 0.007280
-0.019661 0.005898
-0.014219 0.004266
-0.010595 0.003179
-0.018304 0.005491
-0.015621 0.004686
-0.012715 0.003815
-0.014570 0.004371
-0.014549 0.004365
0.001319 0.002000
-0.006651 0.002000
0.001873 0.002000
-0.025832 0.007750
-0.012387 0.003716
-0.005722 0.002000
-0.000147 0.002000
0.001074 0.002000
0.001669 0.002000
-0.000444 0.002000
0.000462 0.002000
-0.000521 0.002000
-0.001304 0.002000
-0.001716 0.002000
-0.001872 0.002000
-0.001466 0.002000
-0.000960 0.002000
0.000696 0.002000
-0.000920 0.002000
-0.002059 0.002000
0.000226 0.002000
0.000340 0.002000
-0.000797 0.002000
-0.001962 0.002000
0.000105 0.002000
-0.000740 0.002000
-0.000787 0.002000
0.000401 0.002000
0.002727 0.002000
-0.001134 0.002000
0.001720 0.002000
-0.000156 0.002000
0.001746 0.002000
-0.000564 0.002000
-0.000236 0.002000
-0.000310 0.002000
-0.000523 0.002000
-0.000551 0.002000
0.001296 0.002000
-0.000648 0.002000
0.000827 0.002000
0.002775 0.002000
-0.000382 0.002000
-0.001291 0.002000
0.001147 0.002000
0.000098 0.002000
-0.000906 0.002000
0.001121 0.002000
0.000355 0.002000
-0.010045 0.003013
-0.015785 0.004736
-0.002688 0.002000
0.006407 0.002000
0.023197 0.006959
0.020790 0.006237
-0.004795 0.002000
0.002815 0.002000
-0.006746 0.002024
-0.018678 0.005604
-0.018842 0.005652
-0.013225 0.003967
-0.018338 0.005502
-0.024796 0.007439
-0.023564 0.007069
-0.019638 0.005891
-0.017931 0.005379
-0.009578 0.002873
-0.004931 0.002000
-0.005787 0.002000
-0.012619 0.003786
-0.015141 0.004542
-0.016228 0.004868
-0.014573 0.004372
0.000079 0.002000
0.000626 0.002000
-0.003154 0.002000
-0.008139 0.002442
-0.011353 0.003406
-0.002313 0.002000
0.000020 0.002000
0.000518 0.002000
0.001873 0.002000
0.001000 0.002000
0.001488 0.002000
-0.000206 0.002000
-0.000402 0.002000
0.000010 0.002000
0.000295 0.002000
-0.000501 0.002000
0.000165 0.002000
-0.000313 0.002000
0.001129 0.002000
-0.002098 0.002000
0.001257 0.002000
0.001420 0.002000
-0.001093 0.002000
-0.000426 0.002000
-0.001187 0.002000
-0.000566 0.002000
0.001703 0.002000
0.001265 0.002000
0.001832 0.002000
0.000111 0.002000
0.000029 0.002000
-0.000225 0.002000
0.002090 0.002000
-0.000938 0.002000
0.000376 0.002000
0.000682 0.002000
-0.000492 0.002000
0.000515 0.002000
0.002066 0.002000
0.000480 0.002000
0.000803 0.002000
0.000589 0.002000
0.000182 0.002000
0.001571 0.002000
0.000893 0.002000
0.001491 0.002000
0.000208 0.002000
-0.000215 0.002000
0.001503 0.002000
0.000741 0.002000
-0.016474 0.004942
-0.013956 0.004187
0.003447 0.002000
0.014118 0.004235
0.012431 0.003729
-0.005784 0.002000
0.010560 0.003168
-0.010616 0.003185
-0.024680 0.007404
-0.012257 0.003677
-0.010497 0.003149
-0.016384 0.004915
-0.018596 0.005579
-0.016547 0.004964
-0.017461 0.005238
-0.025161 0.007548
-0.012464 0.003739
-0.013107 0.003932
-0.012919 0.003876
-0.008804 0.002641
-0.006301 0.002000
-0.017024 0.005107
-0.010630 0.003189
-0.008777 0.002633
-0.001692 0.002000
-0.012360 0.003708
-0.006656 0.002000
-0.008224 0.002467
-0.004336 0.002000
0.001512 0.002000
0.004907 0.002000
0.005204 0.002000
0.002109 0.002000
0.005069 0.002000
0.003553 0.002000
0.001591 0.002000
0.001276 0.002000
0.001399 0.002000
-0.000398 0.002000
0.000704 0.002000
-0.001751 0.002000
0.001729 0.002000
0.000484 0.002000
0.002830 0.002000
-0.000508 0.002000
0.001445 0.002000
-0.002304 0.002000
0.001216 0.002000
0.000075 0.002000
-0.000471 0.002000
0.000731 0.002000
0.001489 0.002000
-0.000311 0.002000
0.000877 0.002000
0.000867 0.002000
0.000715 0.002000
0.001266 0.002000
-0.000997 0.002000
0.000865 0.002000
-0.000157 0.002000
0.000700 0.002000
-0.000186 0.002000
-0.000177 0.002000
-0.000473 0.002000
0.003116 0.002000
0.000074 0.002000
0.001596 0.002000
0.001305 0.002000
0.000144 0.002000
0.001252 0.002000
0.000993 0.002000
0.000617 0.002000
0.000006 0.002000
-0.000457 0.002000
0.000421 0.002000
0.001862 0.002000
-0.001598 0.002000
0.003445 0.002000
0.003021 0.002000
-0.006744 0.002023
-0.023828 0.007149
-0.013446 0.004034
-0.017311 0.005193
-0.009654 0.002896
-0.009207 0.002762
-0.014490 0.004347
-0.019899 0.005970
-0.017377 0.005213
-0.021565 0.006469
-0.014779 0.004434
-0.013652 0.004096
-0.012582 0.003774
-0.005542 0.002000
-0.003903 0.002000
-0.008757 0.002627
-0.008671 0.002601
-0.008699 0.002610
-0.014861 0.004458
-0.003552 0.002000
-0.002833 0.002000
-0.004431 0.002000
-0.003079 0.002000
0.004250 0.002000
0.002519 0.002000
0.011254 0.003376
0.008730 0.002619
0.006864 0.002059
0.004290 0.002000
0.002519 0.002000
0.006568 0.002000
0.004919 0.002000
0.000333 0.002000
-0.000077 0.002000
0.001495 0.002000
-0.000958 0.002000
-0.002978 0.002000
-0.001437 0.002000
0.001137 0.002000
0.000988 0.002000
0.000603 0.002000
0.001352 0.002000
-0.000082 0.002000
0.001107 0.002000
0.001185 0.002000
0.002068 0.002000
-0.000252 0.002000
-0.000005 0.002000
-0.000408 0.002000
0.000554 0.002000
0.000937 0.002000
0.002082 0.002000
-0.000161 0.002000
-0.000123 0.002000
0.002022 0.002000
0.000541 0.002000
0.000901 0.002000
-0.000073 0.002000
-0.000572 0.002000
0.000249 0.002000
-0.001029 0.002000
0.000976 0.002000
0.000025 0.002000
-0.000292 0.002000
-0.001621 0.002000
0.001741 0.002000
0.000930 0.002000
0.001803 0.002000
0.000256 0.002000
0.001032 0.002000
0.001591 0.002000
-0.000020 0.002000
-0.002074 0.002000
-0.008714 0.002614
-0.000373 0.002000
-0.013048 0.003915
-0.029671 0.008901
-0.006577 0.002000
-0.006067 0.002000
-0.019170 0.005751
-0.022576 0.006773
-0.019061 0.005718
-0.015098 0.004529
-0.016163 0.004849
-0.008287 0.002486
-0.005498 0.002000
-0.001782 0.002000
-0.007092 0.002128
-0.006553 0.002000
-0.008311 0.002493
-0.008585 0.002576
-0.006923 0.002077
-0.017084 0.005125
0.009762 0.002928
-0.001731 0.002000
0.002822 0.002000
0.013893 0.004168
0.019223 0.005767
0.017825 0.005347
0.020653 0.006196
0.011158 0.003347
0.015563 0.004669
0.014877 0.004463
0.005731 0.002000
0.005644 0.002000
0.001595 0.002000
0.000884 0.002000
0.001248 0.002000
-0.000915 0.002000
-0.000214 0.002000
-0.000085 0.002000
-0.000173 0.002000
-0.001501 0.002000
0.000870 0.002000
0.001673 0.002000
0.001921 0.002000
0.000186 0.002000
-0.001290 0.002000
-0.000352 0.002000
0.000996 0.002000
0.001314 0.002000
-0.000126 0.002000
0.001247 0.002000
-0.001539 0.002000
-0.001776 0.002000
-0.000370 0.002000
-0.000322 0.002000
0.000191 0.002000
0.000895 0.002000
-0.000939 0.002000
0.000100 0.002000
0.001003 0.002000
0.002709 0.002000
0.001384 0.002000
-0.000119 0.002000
-0.002763 0.002000
0.002151 0.002000
-0.001975 0.002000
0.004621 0.002000
0.000625 0.002000
0.000574 0.002000
0.001769 0.002000
0.001793 0.002000
0.000594 0.002000
-0.000623 0.002000
0.001538 0.002000
-0.000772 0.002000
-0.006506 0.002000
-0.002881 0.002000
0.000895 0.002000
-0.000537 0.002000
0.000836 0.002000
0.000476 0.002000
0.000190 0.002000
-0.014423 0.004327
-0.011958 0.003587
-0.016708 0.005012
-0.008323 0.002497
-0.000589 0.002000
-0.004536 0.002000
-0.005052 0.002000
-0.007390 0.002217
-0.008636 0.002591
-0.011917 0.003575
-0.024347 0.007304
-0.026282 0.007885
-0.037039 0.011112
0.004606 0.002000
0.021652 0.006495
0.027378 0.008213
0.033837 0.010151
0.022711 0.006813
0.028786 0.008636
0.028146 0.008444
0.012766 0.003830
0.003009 0.002000
0.000260 0.002000
-0.001236 0.002000
-0.000013 0.002000
-0.001708 0.002000
-0.000641 0.002000
-0.000852 0.002000
0.001221 0.002000
0.000816 0.002000
0.000165 0.002000
-0.000765 0.002000
0.000981 0.002000
-0.002784 0.002000
-0.000717 0.002000
-0.000021 0.002000
-0.000114 0.002000
0.001293 0.002000
-0.001397 0.002000
-0.001331 0.002000
0.000668 0.002000
0.003751 0.002000
0.000993 0.002000
-0.000829 0.002000
-0.001168 0.002000
-0.001012 0.002000
0.000883 0.002000
0.000351 0.002000
0.000191 0.002000
0.000614 0.002000
-0.000206 0.002000
0.000189 0.002000
0.002047 0.002000
-0.000488 0.002000
0.001579 0.002000
-0.000131 0.002000
0.003489 0.002000
0.000058 0.002000
-0.000323 0.002000
0.001858 0.002000
0.000595 0.002000
0.000917 0.002000
0.001419 0.002000
-0.000155 0.002000
0.000167 0.002000
-0.000250 0.002000
-0.000805 0.002000
-0.002048 0.002000
0.000581 0.002000
-0.000722 0.002000
0.001105 0.002000
-0.000724 0.002000
-0.000216 0.002000
0.000943 0.002000
-0.000068 0.002000
-0.000061 0.002000
-0.000725 0.002000
0.001056 0.002000
-0.000516 0.002000
-0.000525 0.002000
-0.004817 0.002000
-0.009204 0.002761
-0.022900 0.006870
-0.030143 0.009043
-0.030319 0.009096
-0.022032 0.006610
-0.010376 0.003113
0.014403 0.004321
0.002861 0.002000
0.006507 0.002000
0.010373 0.003112
0.013388 0.004016
0.010548 0.003164
0.000838 0.002000
0.000494 0.002000
-0.002934 0.002000
-0.000859 0.002000
-0.001582 0.002000
-0.000122 0.002000
0.001810 0.002000
0.002972 0.002000
-0.001356 0.002000
0.001364 0.002000
-0.000481 0.002000
-0.000259 0.002000
-0.001078 0.002000
0.000494 0.002000
0.000344 0.002000
0.000788 0.002000
0.001613 0.002000
0.000855 0.002000
-0.001693 0.002000
-0.001735 0.002000
0.000517 0.002000
-0.000439 0.002000
-0.001041 0.002000
0.000782 0.002000
0.000268 0.002000
0.000446 0.002000
0.000855 0.002000
-0.000496 0.002000
0.000518 0.002000
0.000712 0.002000
0.001427 0.002000
0.002096 0.002000
0.001756 0.002000
-0.001231 0.002000
0.000648 0.002000
0.000337 0.002000
0.001049 0.002000
-0.000195 0.002000
-0.000276 0.002000
-0.001489 0.002000
-0.000404 0.002000
-0.001662 0.002000
-0.000125 0.002000
-0.002000 0.002000
0.000107 0.002000
-0.000839 0.002000
0.000704 0.002000
0.001852 0.002000
0.001705 0.002000
0.001050 0.002000
-0.000401 0.002000
0.000269 0.002000
-0.001213 0.002000
0.000276 0.002000
0.000158 0.002000
0.000056 0.002000
0.000676 0.002000
-0.000262 0.002000
0.000582 0.002000
0.000242 0.002000
-0.001158 0.002000
-0.032842 0.009853
-0.029316 0.008795
-0.027999 0.008400
-0.025075 0.007522
-0.011923 0.003577
-0.006524 0.002000
0.028114 0.008434
-0.000075 0.002000
0.001749 0.002000
0.003641 0.002000
0.004529 0.002000
0.001719 0.002000
-0.000220 0.002000
0.000828 0.002000
-0.000205 0.002000
0.000229 0.002000
0.000647 0.002000
0.001329 0.002000
-0.001830 0.002000
0.000616 0.002000
-0.000015 0.002000
-0.000205 0.002000
0.000671 0.002000
-0.000894 0.002000
-0.000747 0.002000
-0.001035 0.002000
-0.003216 0.002000
0.000459 0.002000
-0.000167 0.002000
0.000557 0.002000
0.000016 0.002000
0.000055 0.002000
-0.002035 0.002000
0.000542 0.002000
-0.000653 0.002000
0.001169 0.002000
0.000087 0.002000
0.000074 0.002000
0.000172 0.002000
-0.000434 0.002000
0.001067 0.002000
0.000086 0.002000
0.000763 0.002000
0.000634 0.002000
-0.000979 0.002000
0.000784 0.002000
0.002526 0.002000
0.001163 0.002000
-0.000137 0.002000
0.001288 0.002000
0.001215 0.002000
0.001376 0.002000
0.001145 0.002000
0.001082 0.002000
0.000963 0.002000
0.000144 0.002000
0.002416 0.002000
-0.000061 0.002000
0.001321 0.002000
0.000363 0.002000
0.001717 0.002000
0.001218 0.002000
-0.001013 0.002000
0.002329 0.002000
-0.000447 0.002000
0.000108 0.002000
-0.001299 0.002000
0.000412 0.002000
0.001198 0.002000
0.001225 0.002000
-0.000219 0.002000
0.000963 0.002000
-0.001278 0.002000
-0.001397 0.002000
-0.016666 0.005000
-0.012193 0.003658
-0.009175 0.002752
-0.003949 0.002000
-0.003102 0.002000
-0.003096 0.002000
0.001815 0.002000
0.003264 0.002000
-0.001130 0.002000
-0.001178 0.002000
-0.000573 0.002000
0.000011 0.002000
-0.001234 0.002000
-0.001592 0.002000
-0.001896 0.002000
0.001619 0.002000
0.000318 0.002000
-0.000629 0.002000
0.000081 0.002000
0.000374 0.002000
0.001019 0.002000
0.001159 0.002000
0.000459 0.002000
0.001259 0.002000
-0.002063 0.002000
-0.000686 0.002000
0.000548 0.002000
-0.000933 0.002000
0.001489 0.002000
0.000606 0.002000
-0.000315 0.002000
-0.000339 0.002000
0.000050 0.002000
0.000180 0.002000
-0.000305 0.002000
-0.000544 0.002000
0.000188 0.002000
0.000801 0.002000
-0.000435 0.002000
0.000042 0.002000
-0.000664 0.002000
-0.001334 0.002000
0.000801 0.002000
0.000217 0.002000
-0.001571 0.002000
-0.000578 0.002000
0.000424 0.002000
0.001922 0.002000
-0.000540 0.002000
0.001661 0.002000
0.001395 0.002000
-0.002008 0.002000
0.001681 0.002000
0.000030 0.002000
-0.000348 0.002000
0.000807 0.002000
-0.000133 0.002000
0.001041 0.002000
-0.000927 0.002000
0.000653 0.002000
0.000105 0.002000
0.000780 0.002000
0.002072 0.002000
0.000637 0.002000
0.000739 0.002000
0.001596 0.002000
-0.000413 0.002000
0.000061 0.002000
0.000521 0.002000
0.000744 0.002000
0.001298 0.002000
0.001258 0.002000
-0.002175 0.002000
0.000137 0.002000
-0.004335 0.002000
-0.006140 0.002000
-0.002163 0.002000
-0.001482 0.002000
-0.000649 0.002000
0.001579 0.002000
0.001953 0.002000
-0.001434 0.002000
-0.002233 0.002000
-0.000750 0.002000
0.000946 0.002000
-0.000828 0.002000
-0.000395 0.002000
-0.002720 0.002000
-0.001054 0.002000
0.000217 0.002000
0.001986 0.002000
-0.001401 0.002000
0.001176 0.002000
0.001554 0.002000
0.000924 0.002000
-0.001754 0.002000
-0.002948 0.002000
0.001200 0.002000
0.001402 0.002000
-0.001244 0.002000
-0.000835 0.002000
0.000447 0.002000
-0.001020 0.002000
-0.001471 0.002000
-0.000505 0.002000
-0.000025 0.002000
0.000790 0.002000
0.000089 0.002000
-0.000259 0.002000
0.000681 0.002000
-0.000309 0.002000
0.000378 0.002000
0.000863 0.002000
-0.002409 0.002000
0.000545 0.002000
-0.000079 0.002000
-0.000350 0.002000
-0.001969 0.002000
0.000968 0.002000
0.001069 0.002000
0.001893 0.002000
0.000231 0.002000
-0.000281 0.002000
0.000080 0.002000
-0.000435 0.002000
0.000042 0.002000
-0.000280 0.002000
0.001052 0.002000
-0.001699 0.002000
0.001344 0.002000
0.000551 0.002000
-0.000047 0.002000
0.001294 0.002000
-0.000383 0.002000
0.000480 0.002000
0.000860 0.002000
0.001028 0.002000
0.001079 0.002000
-0.000255 0.002000
-0.001067 0.002000
0.000387 0.002000
0.000503 0.002000
0.000101 0.002000
-0.000416 0.002000
-0.001518 0.002000
-0.001198 0.002000
0.001293 0.002000
0.001296 0.002000
0.001138 0.002000
0.000450 0.002000
0.002136 0.002000
0.003429 0.002000
-0.000931 0.002000
0.000120 0.002000
-0.001129 0.002000
0.000860 0.002000
0.000204 0.002000
-0.001052 0.002000
0.001571 0.002000
0.000401 0.002000
0.000135 0.002000
0.000819 0.002000
0.001219 0.002000
-0.000697 0.002000
-0.000643 0.002000
0.000477 0.002000
-0.001040 0.002000
-0.002089 0.002000
-0.000207 0.002000
0.000248 0.002000
-0.001577 0.002000
0.001298 0.002000
-0.000841 0.002000
-0.000616 0.002000
0.000037 0.002000
-0.000185 0.002000
-0.001571 0.002000
0.000229 0.002000
-0.001964 0.002000
0.000186 0.002000
-0.000315 0.002000
0.000053 0.002000
0.000619 0.002000
-0.000148 0.002000
0.001101 0.002000
0.000159 0.002000
0.000971 0.002000
0.000621 0.002000
0.001459 0.002000
0.002051 0.002000
-0.000431 0.002000
-0.000238 0.002000
0.001813 0.002000
0.003775 0.002000
0.000827 0.002000
-0.000523 0.002000
0.001997 0.002000
0.001279 0.002000
0.001556 0.002000
-0.000101 0.002000
0.001744 0.002000
-0.000540 0.002000
0.001041 0.002000
0.002044 0.002000
-0.001018 0.002000
-0.000897 0.002000
0.000613 0.002000
0.000271 0.002000
-0.001824 0.002000
-0.000228 0.002000
-0.001400 0.002000
0.001522 0.002000
-0.001471 0.002000
0.000290 0.002000
-0.000095 0.002000
-0.000777 0.002000
-0.000737 0.002000
-0.000873 0.002000
-0.002019 0.002000
0.002015 0.002000
0.000902 0.002000
0.000377 0.002000
0.001214 0.002000
0.002712 0.002000
0.001548 0.002000
-0.001342 0.002000
-0.001107 0.002000
-0.000361 0.002000
-0.001999 0.002000
-0.000705 0.002000
0.000079 0.002000
-0.001185 0.002000
-0.001031 0.002000
-0.002874 0.002000
0.001272 0.002000
-0.001039 0.002000
0.000067 0.002000
0.000941 0.002000
-0.002742 0.002000
0.000092 0.002000
-0.001278 0.002000
0.000028 0.002000
0.000092 0.002000
-0.000250 0.002000
0.002299 0.002000
0.000214 0.002000
-0.000427 0.002000
0.000521 0.002000
0.000392 0.002000
-0.001158 0.002000
-0.000061 0.002000
-0.000270 0.002000
-0.001523 0.002000
-0.000071 0.002000
-0.000479 0.002000
-0.000994 0.002000
-0.000164 0.002000
0.000432 0.002000
0.000254 0.002000
0.001360 0.002000
0.001932 0.002000
0.001640 0.002000
0.001964 0.002000
-0.001202 0.002000
0.000232 0.002000
0.001330 0.002000
-0.001607 0.002000
-0.000424 0.002000
0.000900 0.002000
0.002582 0.002000
0.004012 0.002000
-0.000570 0.002000
-0.000646 0.002000
0.001222 0.002000
-0.000699 0.002000
0.002974 0.002000
0.002360 0.002000
-0.001139 0.002000
-0.000316 0.002000
-0.000053 0.002000
-0.000509 0.002000
0.002228 0.002000
-0.000888 0.002000
0.000277 0.002000
0.000430 0.002000
-0.001419 0.002000
0.001387 0.002000
-0.000497 0.002000
-0.002815 0.002000
0.000547 0.002000
-0.001660 0.002000
-0.001188 0.002000
-0.000746 0.002000
0.000862 0.002000
-0.000454 0.002000
-0.001124 0.002000
-0.000242 0.002000
-0.000940 0.002000
-0.000283 0.002000
-0.000875 0.002000
0.000447 0.002000
-0.000045 0.002000
0.002044 0.002000
0.000100 0.002000
-0.001516 0.002000
0.001190 0.002000
0.000835 0.002000
0.002394 0.002000
0.001379 0.002000
0.000086 0.002000
-0.000168 0.002000
0.001507 0.002000
-0.001283 0.002000
-0.000407 0.002000
-0.000670 0.002000
0.001826 0.002000
-0.000978 0.002000
-0.002142 0.002000
-0.000523 0.002000
-0.000972 0.002000
0.000749 0.002000
0.000577 0.002000
0.000176 0.002000
-0.001493 0.002000
-0.001548 0.002000
-0.000297 0.002000
0.001643 0.002000
-0.000486 0.002000
0.001055 0.002000
0.000611 0.002000
-0.000559 0.002000
-0.001174 0.002000
-0.000919 0.002000
0.002547 0.002000
-0.001488 0.002000
-0.001250 0.002000
0.000764 0.002000
0.001274 0.002000
0.001729 0.002000
0.001888 0.002000
0.000495 0.002000
0.002320 0.002000
0.002274 0.002000
-0.000227 0.002000
0.000807 0.002000
0.002650 0.002000
0.001392 0.002000
-0.000176 0.002000
0.000321 0.002000
0.000772 0.002000
0.000361 0.002000
0.000195 0.002000
0.000088 0.002000
-0.000109 0.002000
-0.000461 0.002000
0.001702 0.002000
-0.000947 0.002000
0.001524 0.002000
0.001019 0.002000
0.000153 0.002000
-0.000181 0.002000
0.001153 0.002000
-0.000109 0.002000
-0.000195 0.002000
0.001232 0.002000
-0.000694 0.002000
-0.000348 0.002000
-0.001054 0.002000
-0.000162 0.002000
0.000279 0.002000
-0.001190 0.002000
-0.000973 0.002000
-0.000209 0.002000
-0.000317 0.002000
0.000250 0.002000
-0.000312 0.002000
-0.000886 0.002000
-0.001235 0.002000
0.000905 0.002000
0.000191 0.002000
-0.000774 0.002000
-0.000701 0.002000
-0.001359 0.002000
0.002189 0.002000
0.001105 0.002000
0.000399 0.002000
-0.000305 0.002000
-0.001374 0.002000
-0.000252 0.002000
-0.000376 0.002000
-0.001331 0.002000
0.000256 0.002000
0.000299 0.002000
-0.001508 0.002000
0.000694 0.002000
0.001259 0.002000
-0.000504 0.002000
-0.000525 0.002000
-0.000212 0.002000
0.000286 0.002000
-0.002028 0.002000
-0.000747 0.002000
0.002306 0.002000
-0.001206 0.002000
-0.000726 0.002000
0.000322 0.002000
0.001092 0.002000
-0.000620 0.002000
0.001987 0.002000
0.002846 0.002000
-0.002060 0.002000
0.000009 0.002000
-0.001186 0.002000
0.001571 0.002000
0.000837 0.002000
0.000953 0.002000
0.000390 0.002000
0.000543 0.002000
0.000952 0.002000
0.001945 0.002000
0.000018 0.002000
0.000277 0.002000
0.000471 0.002000
-0.001420 0.002000
0.001893 0.002000
-0.000637 0.002000
-0.001117 0.002000
0.001150 0.002000
0.001205 0.002000
-0.000340 0.002000
-0.000295 0.002000
-0.000142 0.002000
-0.001182 0.002000
-0.000589 0.002000
-0.000900 0.002000
-0.000055 0.002000
0.000493 0.002000
0.000665 0.002000
0.000681 0.002000
-0.001428 0.002000
0.000313 0.002000
0.000101 0.002000
0.000797 0.002000
-0.000150 0.002000
0.000612 0.002000
-0.000585 0.002000
0.000287 0.002000
-0.002392 0.002000
0.000673 0.002000
0.000382 0.002000
0.001525 0.002000
0.000426 0.002000
-0.000082 0.002000
0.000676 0.002000
-0.001305 0.002000
0.000121 0.002000
-0.001370 0.002000
0.000571 0.002000
0.000387 0.002000
0.000685 0.002000
-0.000437 0.002000
-0.000798 0.002000
-0.000918 0.002000
-0.000359 0.002000
0.000695 0.002000
