-0.000469
-0.000552
-0.000380
0.000632
-0.000430
-0.000529
-0.000355
0.000438
-0.000115
0.000279
0.000514
-0.000603
0.000625
0.000586
0.000514
0.000423
0.000402
0.000288
0.000194
0.000136
0.000197
0.000090
-0.000168
0.000225
0.000615
0.000168
0.000322
0.000208
0.000303
0.000321
0.000327
0.000380
0.000279
0.000341
0.000291
0.000285
0.000348
0.000350
0.000406
0.000396
0.000323
0.000278
0.000304
0.000349
0.000323
0.000341
0.000316
0.000275
0.000275
0.000252
0.000198
0.000167
0.000198
0.000275
0.000322
0.000234
0.000178
0.000165
0.000226
0.000020
0.000330
0.000142
-0.000046
-0.000034
0.000158
0.000289
-0.001158
0.000324
-0.000055
-0.000363
0.000061
-0.000437
0.000195
0.000449
0.000514
0.000538
0.000414
0.000470
0.000492
0.000488
0.000520
0.000547
0.000456
0.000533
0.000543
0.000540
0.000566
0.000505
0.000480
0.000508
0.000455
0.000420
0.000355
0.000407
0.000611
0.000302
0.000120
0.000162
0.000269
0.000322
0.000326
0.000292
0.000325
0.000333
0.000292
0.000275
0.000301
0.000297
0.000344
0.000335
0.000365
0.000370
0.000385
0.000326
0.000306
0.000276
0.000260
0.000278
0.000326
0.000272
0.000222
0.000218
0.000245
0.000224
0.000233
0.000216
0.000293
0.000334
0.000296
0.000308
0.000295
0.000306
0.000248
0.000305
0.000333
-0.000155
-0.000027
0.000232
0.000241
0.000221
0.000271
0.000323
0.000332
0.000303
0.000259
0.000380
0.000483
0.000470
0.000526
0.000470
0.000407
0.000355
0.000377
0.000549
0.000552
0.000456
0.000544
0.000551
0.000488
0.000492
0.000476
0.000454
0.000457
0.000453
0.000465
0.000377
0.000418
0.000447
0.000152
0.000196
0.000315
0.000202
0.000314
0.000336
0.000335
0.000331
0.000320
0.000295
0.000257
0.000249
0.000292
0.000291
0.000318
0.000377
0.000378
0.000356
0.000351
0.000298
0.000298
0.000231
0.000267
0.000352
0.000364
0.000241
0.000226
0.000222
0.000240
0.000221
0.000215
0.000258
0.000275
0.000236
0.000261
0.000275
0.000271
0.000265
-0.000116
0.000064
-0.000096
0.000133
0.000226
0.000215
0.000201
0.000299
0.000326
0.000350
0.000304
0.000261
0.000289
0.000434
0.000461
0.000433
0.000421
0.000366
0.000346
0.000413
0.000476
0.000479
0.000503
0.000479
0.000513
0.000524
0.000464
0.000456
0.000405
0.000442
0.000482
0.000377
0.000409
0.000375
0.000033
-0.000000
0.000124
0.000144
0.000168
0.000321
0.000387
0.000348
0.000314
0.000326
0.000249
0.000338
0.000317
0.000334
0.000328
0.000348
0.000369
0.000372
0.000318
0.000359
0.000378
0.000335
0.000327
0.000266
0.000344
0.000273
0.000277
0.000210
0.000232
0.000260
0.000240
0.000217
0.000246
0.000310
0.000223
0.000204
0.000212
0.000208
0.000249
0.000197
-0.000259
0.000129
0.000252
0.000292
0.000327
0.000297
0.000200
0.000193
0.000250
0.000291
0.000310
0.000337
0.000416
0.000457
0.000453
0.000418
0.000407
0.000330
0.000416
0.000464
0.000415
0.000449
0.000453
0.000520
0.000464
0.000436
0.000382
0.000428
0.000434
0.000381
0.000375
0.000359
0.000388
0.000284
0.000260
0.000049
0.000155
0.000286
0.000323
0.000301
0.000326
0.000369
0.000359
0.000310
0.000340
0.000341
0.000334
0.000323
0.000340
0.000344
0.000330
0.000309
0.000373
0.000404
0.000347
0.000349
0.000320
0.000279
0.000310
0.000232
0.000249
0.000233
0.000263
0.000260
0.000201
0.000232
0.000239
0.000248
0.000237
0.000196
0.000224
0.000267
0.000279
0.000244
0.000272
0.000261
0.000334
0.000243
0.000270
0.000320
0.000217
0.000233
0.000302
0.000337
-0.002169
0.000463
0.000440
0.000437
0.000448
0.000431
0.000439
0.000493
0.000502
0.000367
0.000494
0.000432
0.000411
0.000383
0.000405
0.000410
0.000412
0.000371
0.000369
0.000351
0.000333
0.000341
0.000338
0.000275
0.000226
0.000261
0.000257
0.000300
0.000301
0.000323
0.000341
0.000340
0.000322
0.000326
0.000303
0.000346
0.000361
0.000373
0.000383
0.000309
0.000307
0.000304
0.000367
0.000355
0.000330
0.000337
0.000283
0.000304
0.000282
0.000227
0.000196
0.000258
0.000284
0.000247
0.000214
0.000266
0.000252
0.000235
0.000224
0.000269
0.000314
0.000303
0.000280
0.000264
0.000319
0.000310
0.000276
0.000252
0.000291
0.000259
0.000268
0.000268
0.000305
0.000288
0.000477
0.000453
0.000444
0.000427
0.000422
0.000516
0.000517
0.000510
0.000500
0.000433
0.000431
0.000361
0.000360
0.000357
0.000396
0.000376
0.000333
0.000276
0.000280
0.000261
0.000269
0.000273
0.000294
0.000318
0.000282
0.000283
0.000297
0.000310
0.000313
0.000350
0.000310
0.000305
0.000279
0.000309
0.000293
0.000289
0.000332
0.000325
0.000270
0.000278
0.000310
0.000389
0.000376
0.000274
0.000401
0.000413
0.000331
0.000308
0.000271
0.000184
0.000264
0.000269
0.000208
0.000197
0.000277
0.000323
0.000261
0.000216
0.000284
0.000342
0.000289
0.000280
0.000225
0.000182
0.000193
0.000193
0.000254
0.000218
0.000253
0.000255
0.000290
0.000279
0.000245
0.000426
0.000389
0.000420
0.000427
0.000466
0.000452
0.000494
0.000524
0.000531
0.000415
0.000362
0.000377
0.000317
0.000398
0.000357
0.000332
0.000225
0.000242
0.000313
0.000299
0.000130
0.000160
0.000264
0.000293
0.000333
0.000327
0.000326
0.000372
0.000340
0.000335
0.000319
0.000324
0.000286
0.000273
0.000276
0.000283
0.000302
0.000331
0.000268
0.000288
0.000248
0.000302
0.000336
0.000301
0.000405
0.000393
0.000341
0.000358
0.000302
0.000233
0.000257
0.000253
0.000256
0.000241
0.000290
0.000259
0.000259
0.000243
0.000309
0.000356
0.000292
0.000293
0.000208
0.000177
0.000235
0.000285
0.000237
0.000270
0.000325
0.000290
0.000252
0.000318
0.000239
0.000346
0.000287
0.000425
0.000422
0.000460
0.000548
0.000461
0.000431
0.000487
0.000378
0.000324
0.000338
0.000385
0.000345
0.000363
0.000320
0.000297
0.000244
0.000230
0.000192
0.000121
0.000156
0.000187
0.000266
0.000333
0.000367
0.000265
0.000264
0.000276
0.000306
0.000320
0.000303
0.000260
0.000293
0.000281
0.000290
0.000325
0.000332
0.000319
0.000289
0.000268
0.000244
0.000316
0.000341
0.000352
0.000374
0.000326
0.000323
0.000280
0.000251
0.000246
0.000263
0.000307
0.000306
0.000324
0.000239
0.000282
0.000287
0.000273
0.000302
0.000253
0.000249
0.000228
0.000200
0.000258
0.000240
0.000270
0.000252
0.000303
0.000338
0.000361
0.000332
0.001326
0.000390
0.000299
0.000423
0.000479
0.000463
0.000463
0.000451
0.000368
0.000365
0.000303
0.000235
0.000263
0.000358
0.000341
0.000332
0.000354
0.000336
0.000280
0.000226
0.000214
0.000202
0.000223
0.000208
0.000219
0.000299
0.000302
0.000336
0.000351
0.000365
0.000336
0.000315
0.000297
0.000279
0.000292
0.000304
0.000273
0.000267
0.000277
0.000267
0.000233
0.000173
0.000168
0.000261
0.000330
0.000345
0.000333
0.000328
0.000272
0.000307
0.000256
0.000237
0.000300
0.000298
0.000282
0.000239
0.000245
0.000292
0.000315
0.000326
0.000294
0.000294
0.000220
0.000233
0.000179
0.000228
0.000252
0.000249
0.000295
0.000307
0.000279
0.000297
0.000321
0.000355
0.000378
0.000281
0.000436
0.000492
0.000476
0.000471
0.000435
0.000333
0.000241
0.000231
0.000302
0.000338
0.000299
0.000300
0.000306
0.000323
0.000292
0.000281
0.000205
0.000220
0.000204
0.000298
0.000331
0.000230
0.000326
0.000360
0.000360
0.000274
0.000342
0.000361
0.000295
0.000240
0.000252
0.000284
0.000239
0.000223
0.000275
0.000265
0.000245
0.000179
0.000150
0.000108
0.000192
0.000268
0.000366
0.000368
0.000333
0.000326
0.000272
0.000322
0.000195
0.000260
0.000260
0.000298
0.000283
0.000226
0.000301
0.000373
0.000390
0.000340
0.000338
0.000357
0.000243
0.000241
0.000211
0.000295
0.000270
0.000305
0.000346
0.000341
0.000334
0.000421
0.000424
0.000346
0.000400
0.000433
0.000456
0.000475
0.000425
0.000345
0.000316
0.000198
0.000279
0.000314
0.000357
0.000352
0.000268
0.000291
0.000287
0.000268
0.000270
0.000280
0.000245
0.000225
0.000246
0.000367
0.000412
0.000403
0.000395
0.000373
0.000350
0.000304
0.000311
0.000291
0.000250
0.000255
0.000259
0.000241
0.000259
0.000210
0.000229
0.000213
0.000146
0.000115
0.000129
0.000189
0.000303
0.000351
0.000389
0.000316
0.000355
0.000364
0.000311
0.000209
0.000175
0.000286
0.000321
0.000313
0.000207
0.000263
0.000351
0.000246
0.000277
0.000326
0.000399
0.000209
0.000124
0.000174
0.000299
0.000294
0.000320
0.000345
0.000322
0.000380
0.000399
0.000488
0.000385
0.000446
0.000428
0.000411
0.000479
0.000419
0.000271
0.000213
0.000277
0.000307
0.000292
0.000362
0.000365
0.000301
0.000259
0.000252
0.000282
0.000337
0.000328
0.000290
0.000229
0.000297
0.000348
0.000443
0.000476
0.000420
0.000418
0.000366
0.000320
0.000320
0.000313
0.000267
0.000231
0.000262
0.000276
0.000266
0.000222
0.000225
0.000140
0.000102
0.000095
0.000129
0.000261
0.000326
0.000406
0.000420
0.000404
0.000413
0.000370
0.000285
0.000233
0.000176
0.000286
0.000361
0.000327
0.000276
0.000245
0.000344
0.000232
0.000232
0.000274
0.000352
0.000192
0.000156
0.000250
0.000368
0.000354
0.000366
0.000303
0.000371
0.000372
0.000468
0.000725
0.000414
0.000462
0.000439
0.000438
0.000419
0.000356
0.000287
0.000187
0.000218
0.000282
0.000313
0.000313
0.000308
0.000250
0.000234
0.000235
0.000271
0.000309
0.000343
0.000314
0.000249
0.000254
-0.000787
-0.001761
-0.001952
-0.000702
-0.000057
0.000202
0.000195
0.000304
0.000337
0.000280
0.000224
0.000230
0.000239
0.000232
0.000218
0.000165
0.000129
0.000062
0.000057
0.000165
0.000296
0.000308
0.000391
0.000418
0.000392
0.000386
0.000376
0.000273
0.000256
0.000223
0.000242
0.000337
0.000312
0.000254
0.000261
0.000338
0.000262
0.000214
0.000207
0.000322
0.000207
0.000105
0.000249
0.000340
0.000345
0.000371
0.000316
0.000307
0.000328
0.000392
0.000474
0.000417
0.000452
0.000413
0.000414
0.000389
0.000365
0.000310
0.000293
0.000255
0.000235
0.000284
0.000303
0.000307
0.000234
0.000254
0.000271
0.000295
0.000292
0.000257
0.000284
0.000268
-0.001064
-0.009581
-0.011679
-0.013436
-0.016040
-0.010466
-0.005029
-0.003997
-0.000104
0.000237
0.000243
0.000251
0.000197
0.000198
0.000189
0.000196
0.000165
0.000141
0.000059
-0.000009
-0.000005
0.000282
0.000320
0.000350
0.000409
0.000360
0.000312
0.000324
0.000273
0.000250
0.000247
0.000221
0.000312
0.000322
0.000315
0.000293
0.000311
0.000336
0.000253
0.000275
0.000248
0.000110
0.000140
0.000227
0.000298
0.000375
0.000365
0.000374
0.000286
0.000302
0.000376
0.000414
0.000426
0.000401
0.000464
0.000379
0.000378
0.000351
0.000385
0.000313
0.000115
0.000174
0.000246
0.000306
0.000248
0.000185
0.000230
0.000271
0.000304
0.000313
0.000258
0.000264
-0.000035
-0.001417
-0.000897
-0.000755
-0.001206
-0.000899
-0.002092
-0.007038
-0.003019
-0.007470
-0.001662
0.000154
0.000228
0.000219
0.000189
0.000152
0.000153
0.000165
0.000116
0.000018
-0.000096
-0.000181
0.000037
0.000180
0.000335
0.000382
0.000360
0.000317
0.000283
0.000270
0.000263
0.000305
0.000278
0.000321
0.000338
0.000319
0.000281
0.000290
0.000306
0.000300
0.000332
0.000204
0.000171
0.000271
0.000210
0.000331
0.000345
0.000368
0.000388
0.000251
0.000264
0.000342
0.000400
0.000408
0.000410
0.000415
0.000384
0.000312
0.000271
0.000302
0.000272
0.000122
0.000214
0.000246
0.000276
0.000241
0.000175
0.000276
0.000272
0.000253
0.000218
0.000395
0.000414
-0.001180
-0.005152
-0.013512
-0.012260
-0.007860
-0.005576
-0.004596
-0.003040
-0.005156
-0.000220
0.001038
0.000321
0.000208
0.000213
0.000179
0.000149
0.000152
0.000170
0.000111
0.000021
-0.000158
-0.000330
0.000011
0.000191
0.000316
0.000361
0.000390
0.000305
0.000325
0.000322
0.000283
0.000311
0.000328
0.000326
0.000324
0.000325
0.000317
0.000287
0.000320
0.000330
0.000394
0.000205
0.000203
0.000287
0.000323
0.000380
0.000383
0.000352
0.000350
0.000337
0.000348
0.000379
-0.001100
0.000403
0.000370
0.000368
0.000358
0.000273
0.000273
0.000301
0.000305
0.000265
0.000224
0.000288
0.000278
0.000238
0.000229
0.000421
0.000205
-0.000331
0.000400
0.000170
0.000196
0.000252
0.000252
-0.000385
-0.000672
-0.000548
0.000231
0.002714
0.000944
0.001068
0.002103
0.001831
0.000846
0.000151
0.000264
0.000346
0.000195
0.000167
0.000146
0.000132
0.000070
-0.000026
-0.000052
0.000075
0.000229
0.000266
0.000362
0.000366
0.000355
0.000350
0.000359
0.000294
0.000302
0.000304
0.000314
0.000323
0.000320
0.000383
0.000341
0.000288
0.000302
0.000327
0.000257
0.000213
0.000341
0.000263
0.000263
0.000348
0.000280
0.000331
0.000361
0.000324
0.000335
0.000479
0.000427
0.000394
0.000336
0.000262
0.000281
0.000322
0.000323
0.000317
0.000311
0.000271
0.000274
0.000277
0.000218
0.000449
-0.001035
-0.000424
-0.000204
0.000380
0.000307
0.000237
0.000329
0.000386
0.000429
0.000433
0.000401
0.000912
0.002978
-0.002897
0.006467
0.002827
0.002370
0.002168
0.000924
0.002170
0.004115
0.002557
0.001228
0.000221
0.000114
0.000102
0.000059
0.000046
0.000114
0.000222
0.000276
0.000322
0.000326
0.000372
0.000328
0.000321
0.000317
0.000279
0.000261
0.000333
0.000381
0.000373
0.000441
0.000408
0.000325
0.000354
0.000313
0.000286
0.000243
0.000336
0.000305
0.000275
0.000343
0.000405
0.000301
0.000248
0.000388
0.000462
0.000533
0.000433
0.000406
0.000373
0.000239
0.000303
0.000314
0.000336
0.000367
0.000345
0.000326
0.000272
0.000235
0.000430
-0.000195
-0.001113
-0.001272
-0.000369
0.000150
0.000362
0.000334
0.000300
0.000352
0.000423
0.000556
0.000392
-0.001270
-0.004159
-0.004041
0.005220
0.008785
0.005735
0.003094
0.006086
0.007135
0.008623
0.007293
0.002356
0.000924
0.000253
0.000209
0.000110
0.000094
0.000155
0.000245
0.000342
0.000355
0.000362
0.000370
0.000375
0.000343
0.000322
0.000341
0.000299
0.000322
0.000318
0.000419
0.000447
0.000441
0.000260
0.000395
0.000344
0.000377
0.000282
0.000349
0.000278
0.000298
0.000406
0.000404
0.000398
0.000424
0.000505
0.000442
0.000417
0.000438
0.000425
0.000337
0.000348
0.000330
0.000313
0.000332
0.000390
0.000350
0.000359
0.000306
0.000458
0.000180
-0.000002
-0.001302
-0.000445
-0.000619
0.000111
0.000398
0.000398
0.000403
0.000418
0.000312
0.000263
-0.001536
-0.011073
-0.005649
-0.007122
-0.002463
0.001918
0.007047
0.002562
0.003773
0.005699
0.005651
0.009550
0.004778
0.001276
0.000422
0.000267
0.000167
0.000146
0.000199
0.000300
0.000406
0.000440
0.000419
0.000363
0.000348
0.000352
0.000292
0.000349
0.000331
0.000299
0.000317
0.000428
0.000413
0.000408
0.000370
0.000380
0.000415
0.000424
0.000399
0.000365
0.000357
0.000336
0.000330
0.000456
0.000686
0.000601
0.000577
0.000591
-0.000596
0.000453
0.000375
0.000364
0.000351
0.000330
0.000383
0.000343
0.000350
0.000352
0.000347
0.000369
0.000313
0.000222
0.000168
-0.000660
0.002533
-0.000321
0.000060
0.000348
0.000500
0.000475
0.000281
0.001898
-0.007315
-0.003630
0.000955
0.003808
0.005264
0.006376
0.004088
0.002969
0.000311
-0.000229
0.001714
0.001083
0.006001
0.006617
0.002931
0.000849
0.000113
0.000162
0.000097
0.000216
0.000322
0.000393
0.000434
0.000517
0.000417
0.000424
0.000378
0.000332
0.000356
0.000338
0.000265
0.000224
0.000330
0.000416
0.000418
0.000353
0.000281
0.000319
0.000424
0.000466
0.000491
0.000494
0.000419
0.000366
0.000597
0.000735
0.000669
0.000577
0.000499
0.000562
0.000386
0.000384
0.000361
0.000329
0.000334
0.000333
0.000326
0.000328
0.000307
0.000304
0.000349
0.000321
0.000280
0.000258
0.000587
0.000725
0.000043
-0.000214
0.000142
0.000471
0.000325
-0.003275
0.001185
0.004647
0.008054
0.010144
0.009246
0.012495
0.013468
0.009083
0.001863
0.000000
-0.001135
-0.000205
0.000047
0.001629
0.004560
0.004558
0.001817
0.000359
-0.000309
0.000158
0.000195
0.000338
0.001020
-0.000491
0.003105
0.002451
0.002171
0.000589
0.000356
0.000344
0.000355
0.000265
0.000199
0.000211
0.000376
0.000401
0.000362
0.000279
0.000369
0.000260
0.000447
0.000532
0.000583
0.000486
0.000515
0.000612
0.000589
0.000643
0.000570
0.000483
0.000578
0.000455
0.000399
0.000360
0.000305
0.000344
0.000366
0.000335
0.000323
0.000331
0.000288
0.000330
0.000356
0.000328
0.000240
0.000155
0.001647
0.002848
-0.000440
0.000123
0.000349
0.000672
-0.001341
0.001297
0.004124
0.006858
0.009416
0.007087
0.006590
0.009115
0.014526
0.007250
0.000557
-0.000261
-0.000200
-0.000247
0.000155
0.002724
0.002134
0.000694
0.002441
0.001986
0.000389
0.000051
0.000655
0.006684
0.017370
0.003271
0.001597
0.002711
0.000834
0.001122
0.000293
0.000268
0.000311
0.000236
0.000225
0.000365
0.000356
0.000384
0.000330
0.000547
0.000253
0.000418
0.000494
0.000487
0.000585
0.000555
0.000545
0.000534
0.000533
0.000551
0.000618
0.000651
0.000382
0.000352
0.000356
0.000301
0.000297
0.000295
0.000284
0.000314
0.000372
0.000303
0.000318
0.000335
0.000366
0.000270
0.000213
-0.000211
-0.000144
0.000831
0.000061
0.000166
0.000488
-0.000791
0.001761
0.003445
0.005383
0.006205
-0.002214
-0.000050
0.003778
0.009190
0.011147
0.001430
-0.000269
-0.000014
-0.000404
-0.000064
0.001911
-0.000083
-0.000654
0.000922
0.002333
-0.000803
-0.001348
0.000353
0.003235
0.015601
0.002638
0.000972
0.002999
-0.002059
0.000193
0.000269
0.000311
0.000304
0.000175
0.000278
0.000028
0.000459
0.000418
0.000536
0.000441
0.000362
0.000422
0.000505
0.000521
0.000523
0.000507
0.000493
0.000454
0.000567
0.000578
0.000566
0.000693
0.000382
0.000337
0.000354
0.000367
0.000321
0.000316
0.000263
0.000228
0.000311
0.000301
0.000299
0.000300
0.000304
0.000273
0.000211
0.000116
0.000310
0.000304
0.000099
0.000131
-0.000422
0.000004
0.000023
0.000050
0.000103
-0.000007
-0.000078
-0.000084
-0.000121
0.002548
0.008947
0.003145
-0.000376
-0.000825
0.000012
0.000217
-0.000779
-0.002671
-0.003053
-0.007305
-0.002254
-0.003434
-0.001026
0.000386
0.000655
0.010019
0.000838
-0.005490
0.000869
-0.003462
-0.000097
0.000265
0.000324
0.000343
0.000369
0.000391
0.000156
0.000493
0.000503
0.000524
0.000466
0.000181
0.000357
0.000452
0.000576
0.000555
0.000538
0.000505
0.000451
0.000573
0.000614
0.000565
0.000583
0.000370
0.000365
0.000371
0.000367
0.000302
0.000323
0.000354
0.000291
0.000312
0.000297
0.000290
0.000288
0.000303
0.000283
0.000268
0.000269
0.000269
0.000223
0.000180
0.000137
0.000083
0.000036
0.000029
0.000081
0.000169
0.000116
0.000395
0.001245
0.001664
0.002103
0.001781
-0.009619
-0.006142
-0.000619
-0.000887
-0.002247
-0.006017
-0.004669
-0.004507
-0.010050
-0.010535
-0.011556
-0.003951
-0.001748
-0.001398
0.001976
0.000414
-0.004077
-0.006391
0.000586
0.000265
0.000295
0.000379
0.000479
0.000568
0.000539
0.000455
0.000532
0.000588
0.000534
0.000582
0.000149
0.000416
0.000504
0.000642
0.000592
0.000643
0.000614
0.000531
0.000506
0.000592
0.000627
0.000603
0.000377
0.000399
0.000409
0.000353
0.000316
0.000325
0.000339
0.000269
0.000267
0.000233
0.000273
0.000264
0.000269
0.000232
0.000211
0.000194
0.000280
0.000259
0.000209
0.000181
0.000153
0.000143
0.000216
-0.003003
0.000672
0.002206
0.001927
0.007394
0.008705
0.005647
-0.006915
-0.012119
-0.011026
-0.007150
-0.006591
-0.003953
-0.011050
-0.008309
-0.009621
-0.011819
-0.013723
-0.013228
-0.012355
-0.011895
-0.011942
-0.000643
0.000840
-0.003457
-0.004795
-0.004152
0.000036
0.000349
0.000465
0.000548
0.000592
0.000566
0.000556
0.000563
0.000678
0.000678
0.000639
0.000382
0.000416
0.000627
0.000621
0.000638
0.000627
0.000605
0.000492
0.000391
0.000528
0.000553
0.000533
0.000328
0.000368
0.000370
0.000339
0.000317
0.000294
0.000332
0.000280
0.000159
0.000240
0.000308
0.000311
0.000273
0.000243
0.000226
0.000185
0.000194
0.000277
0.000253
0.000246
0.000423
0.000631
0.000632
0.000506
-0.000980
0.000290
0.000539
0.003881
0.007737
0.007269
-0.007512
-0.013976
-0.012131
-0.010490
-0.010285
-0.009400
-0.004819
-0.012385
-0.012710
-0.012190
-0.013868
-0.011830
-0.010793
-0.011240
-0.005134
-0.013649
-0.002365
0.000677
-0.002933
-0.004966
-0.004839
0.000341
0.000535
0.000616
0.000555
0.000627
0.000665
0.000696
0.000676
0.000484
0.000604
0.000538
0.000469
0.000500
0.000621
0.000506
0.000567
0.000668
0.000537
0.000372
0.000575
0.000578
0.000552
0.000349
0.000383
0.000394
0.000411
0.000343
0.000295
0.000303
0.000246
0.000213
0.000234
0.000203
0.000276
0.000245
0.000258
0.000241
0.000105
0.000133
0.000240
0.000319
0.000416
0.000274
0.000214
0.000152
-0.000072
-0.000017
0.000281
0.000437
0.002287
0.008722
0.005496
-0.009437
-0.016114
-0.014099
-0.010816
-0.009668
-0.009298
-0.008148
-0.005840
-0.005732
-0.013481
-0.011928
-0.011107
-0.009914
-0.010261
-0.010663
-0.007525
-0.005206
-0.005167
-0.002489
-0.006004
-0.008320
-0.004759
0.000513
0.000487
0.000526
0.000579
0.000694
0.000665
0.000567
0.000482
0.000545
0.000560
0.000556
0.000537
0.000531
0.000535
0.000615
0.000666
0.000582
0.000520
0.000505
0.000581
0.000632
0.000346
0.000305
0.000403
0.000407
0.000386
0.000284
0.000302
0.000317
0.000257
0.000174
0.000141
0.000245
0.000236
0.000247
0.000265
0.000205
0.000176
0.000376
0.000344
0.000239
0.000275
0.000499
0.000144
0.000192
0.000240
0.000151
0.000513
0.003633
0.009170
0.001786
-0.011959
-0.016471
-0.014689
-0.011355
-0.010459
-0.008350
-0.008384
-0.007196
-0.007800
-0.007031
-0.005847
-0.005192
-0.009845
-0.009669
-0.008046
-0.008784
-0.004748
-0.008775
-0.004601
-0.007028
-0.009188
-0.008673
-0.005166
0.000632
0.000509
0.000593
0.000662
0.000591
0.000544
0.000587
0.000572
0.000573
0.000509
0.000613
0.000586
0.000644
0.000652
0.000671
0.000666
0.000673
0.000663
0.000666
0.000580
0.000344
0.000284
0.000349
0.000369
0.000302
0.000289
0.000297
0.000303
0.000314
0.000264
0.000198
0.000215
0.000238
0.000233
0.000268
0.000262
0.000360
0.000268
0.000307
0.000328
0.000301
0.000613
0.001192
0.001975
0.000440
0.000068
0.002015
0.005450
0.008016
-0.004177
-0.015511
-0.016844
-0.011532
-0.010654
-0.009955
-0.008489
-0.007837
-0.008215
-0.008147
-0.009467
-0.007802
-0.007737
-0.005327
-0.002808
-0.002715
-0.001342
-0.002167
-0.002973
-0.004555
-0.005241
-0.005819
-0.005836
-0.005324
-0.005014
-0.003460
0.000495
0.000707
0.000661
0.000578
0.000603
0.000629
0.000585
0.000448
0.000461
0.000554
0.000646
0.000772
0.000696
0.000801
0.000696
0.000530
0.000617
0.000452
0.000318
0.000185
0.000290
0.000275
0.000349
0.000328
0.000290
0.000310
0.000308
0.000297
0.000226
0.000242
0.000284
0.000353
0.000415
0.000101
0.000635
0.000316
0.000299
0.000286
0.000282
0.000342
0.001436
0.004149
0.003363
0.004383
0.005756
0.005458
0.002239
-0.010938
-0.017427
-0.015646
-0.013676
-0.010021
-0.009461
-0.010353
-0.007952
-0.008911
-0.008441
-0.009526
-0.007485
-0.007602
-0.004727
-0.003076
-0.002818
-0.001911
-0.004168
-0.003693
-0.004261
-0.005884
-0.006412
-0.004794
-0.004860
-0.004393
-0.004654
-0.002769
0.000501
0.000698
0.000541
0.000598
0.000643
0.000582
0.000497
0.000325
0.000537
0.000607
0.000668
0.000715
0.000775
0.000660
0.000499
0.000492
0.000491
0.000205
0.000279
0.000274
0.000297
0.000406
0.000463
0.000489
0.000560
0.000572
0.000199
0.000149
0.000308
0.000478
0.000252
0.000306
-0.000568
0.000688
0.000390
0.000305
0.000306
0.000320
0.000317
0.001349
0.003763
0.008952
0.009217
0.008974
0.005157
0.001716
-0.014825
-0.016124
-0.013903
-0.010783
-0.008642
-0.009019
-0.009322
-0.008798
-0.008494
-0.008784
-0.008892
-0.007129
-0.005254
-0.002171
-0.001628
-0.001943
-0.002486
-0.001861
-0.002668
-0.004022
-0.007724
-0.006550
-0.004727
-0.003911
-0.003379
-0.003689
-0.002630
-0.002270
-0.002091
0.000582
0.000555
0.000612
0.000603
0.000610
0.000468
0.000601
0.000530
0.000564
0.000749
0.000635
0.000603
0.000528
0.000493
0.000540
0.000329
0.000337
0.000359
0.000338
0.000445
0.000492
0.000427
0.000417
0.000472
0.000456
0.000526
0.000256
-0.000008
0.000271
0.000356
0.000139
-0.000264
0.000229
0.000212
0.000227
0.000220
0.000514
0.000563
0.000574
0.000496
0.000871
0.001384
0.001515
0.002634
-0.012775
-0.012036
-0.010189
-0.007397
-0.007214
-0.009425
-0.010305
-0.009863
-0.009106
-0.008946
-0.007734
-0.006938
-0.005945
-0.002808
-0.001647
-0.001881
-0.001830
-0.001591
-0.000913
-0.000394
-0.007074
-0.006625
-0.003988
-0.003127
-0.002769
-0.002071
-0.001673
-0.001656
-0.001465
-0.000058
-0.000130
-0.000420
0.000815
0.000744
0.000606
0.000414
0.000493
0.000494
0.000649
0.000681
0.000546
0.000624
0.000563
0.000439
0.000245
0.000370
0.000356
0.000423
0.000456
0.000454
0.000419
0.000391
0.000453
0.000479
0.000463
0.000458
0.000471
0.000497
0.000572
0.000187
0.000173
0.000537
0.000559
0.000529
0.000499
0.000389
0.000405
0.000427
0.000441
0.000452
0.000445
0.000874
0.005799
0.005003
0.001548
-0.006325
-0.006243
-0.005837
-0.006943
-0.009360
-0.009820
-0.011301
-0.009363
-0.007668
-0.007186
-0.005599
-0.003152
-0.002053
-0.001525
-0.001486
-0.001167
-0.001161
-0.001320
-0.004161
-0.005199
-0.002649
-0.001639
-0.001342
-0.000984
-0.000800
-0.000029
0.003728
0.007730
0.004366
0.001210
0.001833
0.001295
0.000755
0.000529
0.000640
0.000573
0.000552
0.000663
0.000585
0.000736
0.000684
0.000504
0.000184
0.000317
0.000374
0.000398
0.000394
0.000404
0.000405
0.000391
0.000445
0.000528
0.000560
0.000489
0.000342
0.000334
0.000481
0.000719
0.000527
0.000461
0.000377
0.000359
0.000378
0.000416
0.000393
0.000433
0.000435
0.000468
0.000459
0.000678
0.004848
0.007243
0.003957
0.000411
0.001164
0.000928
0.000008
-0.000189
0.000355
-0.007920
-0.007373
-0.007010
-0.005747
-0.005339
-0.002584
-0.001223
-0.001532
-0.001608
-0.001326
-0.002225
-0.002322
-0.002106
-0.000603
0.002423
0.003057
0.003267
0.002950
0.001618
0.004977
0.012276
0.003524
-0.000598
0.000240
0.003737
0.004467
0.001085
0.000818
0.000721
0.000829
0.000709
0.000676
0.000783
0.000729
0.000632
0.000258
0.000174
0.000294
0.000335
0.000272
0.000413
0.000439
0.000453
0.000315
0.000358
0.000547
0.000529
0.000474
0.000368
0.000287
0.000491
0.000441
0.000419
0.000467
0.000379
0.000385
0.000337
0.000369
0.000397
0.000427
0.000373
0.000445
0.000303
0.000292
0.001708
0.003640
0.001058
0.000812
0.000509
0.000367
0.000419
0.000474
0.000598
0.000363
0.000128
0.000048
0.000088
0.000293
0.000346
0.000390
-0.001000
-0.002323
-0.002562
-0.003758
-0.002498
-0.002656
-0.002286
0.005336
0.007270
0.008656
0.005027
0.008620
0.012026
0.002391
0.001183
0.000902
0.000990
0.001186
0.001321
0.001234
0.001142
0.000895
0.000804
0.000805
0.000831
0.000775
0.000810
0.000691
0.000583
0.000361
0.000343
0.000296
0.000317
0.000402
0.000671
0.000576
0.000361
0.000473
0.000627
0.000571
0.000542
0.000376
0.000361
0.000531
0.000429
0.000392
0.000422
0.000453
0.000398
0.000374
0.000351
0.000383
0.000372
0.000383
0.000380
0.000356
0.000412
0.000590
0.000485
0.000406
0.000457
0.000412
0.000353
0.000517
0.000554
0.000541
0.000607
0.000596
0.000557
0.000465
0.000542
0.000534
0.000584
0.000887
-0.002155
-0.003095
-0.002678
-0.002913
-0.003120
-0.002802
0.002123
0.001569
0.001896
0.003334
0.004649
0.001909
0.001327
0.001067
0.001113
0.000949
0.001148
0.001018
0.001060
0.001073
0.001054
0.000978
0.000939
0.000958
0.000807
0.000751
0.000534
0.000455
0.000346
0.000363
0.000301
0.000360
0.000410
0.000652
0.000682
0.000458
0.000394
0.000570
0.000683
0.000595
0.000410
0.000442
0.000461
0.000379
0.000362
0.000368
0.000315
0.000286
0.000300
0.000363
0.000369
0.000391
0.000367
0.000328
0.000403
0.000370
0.000136
0.000386
0.000362
0.000426
0.000450
0.000419
0.000526
0.000650
0.000600
0.000624
0.000607
0.000537
0.000523
0.000537
0.000543
0.000674
0.000756
0.001154
-0.003143
-0.001774
-0.001359
-0.001777
-0.001426
0.000568
0.001078
0.001027
0.001174
0.001177
0.001210
0.001148
0.001172
0.001230
0.001023
0.001054
0.000960
0.001046
0.001212
0.001198
0.000992
0.000994
0.000984
0.000762
0.000670
0.000677
0.000604
0.000353
0.000257
0.000305
0.000386
0.000420
0.000654
0.000467
0.000482
0.000459
0.000604
0.000622
0.000591
0.000566
0.000249
0.000460
0.000476
0.000415
0.000443
0.000441
0.000327
0.000281
0.000416
0.000468
0.000391
0.000377
0.000372
0.000337
0.000202
0.000320
0.000344
0.000155
0.000266
0.000508
0.000470
0.000431
0.000554
0.000648
0.000597
0.000586
0.000544
0.000571
0.000550
0.000621
0.000786
0.000693
0.000735
0.001262
0.000337
0.001413
0.002490
0.003659
0.002486
0.000796
0.001101
0.001132
0.001083
0.001070
0.001211
0.001206
0.001076
0.000942
0.000886
0.000965
0.001103
0.001136
0.000971
0.001055
0.001019
0.000828
0.000710
0.000796
0.000619
0.000745
0.000425
0.000398
0.000456
0.000492
0.000474
0.000526
0.000580
0.000613
0.000455
0.000520
0.000374
0.000563
0.000637
0.000586
0.000485
0.000488
0.000378
0.000410
0.000569
0.000346
0.000252
0.000400
0.000458
0.000490
0.000470
0.000436
0.000370
0.000289
0.000364
0.000391
0.000439
0.000404
0.000533
0.000471
0.000472
0.000620
0.000641
0.000647
0.000632
0.000576
0.000668
0.000614
0.000718
0.000696
0.000662
0.000804
0.000906
0.000928
0.001138
0.003143
0.000806
0.000957
0.001286
0.001284
0.001113
0.001032
0.001210
0.001167
0.001124
0.001035
0.001003
0.000930
0.000964
0.001071
0.000935
0.001183
0.001107
0.001040
0.001000
0.000474
0.000721
0.000668
0.000724
0.000482
0.000440
0.000475
0.000430
0.000473
0.000484
0.000660
0.000577
0.000431
0.000378
0.000403
0.000502
0.000802
0.000670
0.000586
0.000438
0.000373
0.000388
0.000457
0.000273
0.000308
0.000290
0.000425
0.000547
0.000434
0.000375
0.000275
0.000312
0.000441
0.000504
0.000496
0.000505
0.000474
0.000537
0.000614
0.000693
0.000815
0.000825
0.000699
0.000637
0.000713
0.000719
0.000646
0.000757
0.000888
0.000883
0.000733
0.000836
0.001103
0.001250
0.001259
0.001260
0.001150
0.001066
0.001068
0.001174
0.001184
0.001001
0.001117
0.001014
0.001012
0.000954
0.000847
0.000995
0.001188
0.001171
0.001054
0.001000
0.000839
0.000802
0.000823
0.000565
0.000747
0.000519
0.000546
0.000476
0.000442
0.000466
0.000536
0.000593
0.000621
0.000527
0.000432
0.000421
0.000605
0.000807
0.000700
0.000547
0.000423
0.000435
0.000390
0.000422
0.000500
0.000467
0.000490
0.000453
0.000532
0.000540
0.000420
0.000380
0.000544
0.000550
0.000583
0.000620
0.000640
0.000589
0.000670
0.000722
0.000663
0.000697
0.000761
0.000680
0.000631
0.000674
0.000671
0.000708
0.000902
0.000866
0.000743
0.000767
0.000795
0.001088
0.001228
0.001189
0.001202
0.001121
0.001163
0.001107
0.000924
0.000817
0.000682
0.001070
0.000959
0.000845
0.000877
0.001060
0.000894
0.001034
0.001039
0.001068
0.000985
0.000811
0.000517
0.000766
0.000757
0.000681
0.000451
0.000612
0.000504
0.000471
0.000468
0.000471
0.000584
0.000535
0.000453
0.000331
0.000367
0.000577
0.000695
0.000483
0.000414
0.000474
0.000549
0.000417
0.000376
0.000406
0.000497
0.000536
0.000579
0.000600
0.000587
0.000474
0.000562
0.000687
0.000633
0.000632
0.000621
0.000661
0.000731
0.000732
0.000721
0.000667
0.000549
0.000596
0.000633
0.000597
0.000580
0.000699
0.000649
0.000814
0.000729
0.000703
0.000835
0.001016
0.001133
0.001158
0.001257
0.001233
0.001133
0.001116
0.000819
0.000774
0.000803
0.000553
0.000309
0.000801
0.000996
0.000944
0.000930
0.000791
0.001032
0.001145
0.001065
0.000892
0.000922
0.000740
0.000659
0.000677
0.000842
0.000306
0.000370
0.000546
0.000609
0.000449
0.000423
0.000593
0.000591
0.000546
0.000306
0.000350
0.000479
0.000533
0.000547
0.000548
0.000540
0.000488
0.000451
0.000399
0.000501
0.000551
0.000586
0.000562
0.000650
0.000669
0.000742
0.000501
0.000835
0.000711
0.000540
0.000730
0.000737
0.000807
0.000890
0.000763
0.000598
0.000588
0.000586
0.000559
0.000400
0.000290
0.000483
0.000559
0.000618
0.000614
0.000819
0.000850
0.000974
0.001077
0.001129
0.001009
0.001152
0.001041
0.000854
0.000895
0.000949
0.000950
0.000545
0.000608
0.000896
0.001252
0.001286
0.000950
0.000839
0.001138
0.001161
0.001001
0.000995
0.000856
0.000685
0.000511
0.000632
0.000741
