-0.000381
-0.000393
-0.000419
0.000632
-0.000421
-0.000377
-0.000285
0.000438
-0.000244
-0.000244
-0.000219
-0.000603
-0.000176
-0.000170
-0.000143
-0.000119
-0.000085
-0.000103
-0.000117
-0.000112
-0.000111
-0.000101
-0.000090
-0.000090
-0.000074
-0.000082
-0.000067
-0.000060
-0.000060
-0.000057
-0.000042
-0.000039
-0.000027
-0.000041
-0.000031
-0.000035
-0.000030
-0.000027
-0.000043
-0.000038
-0.000022
-0.000030
-0.000049
-0.000064
-0.000066
-0.000065
-0.000056
-0.000068
-0.000076
-0.000091
-0.000100
-0.000121
-0.000129
-0.000139
-0.000152
-0.000148
-0.000140
-0.000143
-0.000156
-0.000194
-0.000188
-0.000142
-0.000095
-0.000021
0.000043
0.000050
-0.001158
0.000045
0.000044
0.000000
0.000061
-0.000033
0.000195
-0.000317
-0.000372
-0.000390
-0.000403
-0.000430
-0.000387
-0.000358
-0.000303
-0.000279
-0.000253
-0.000206
-0.000188
-0.000179
-0.000166
-0.000150
-0.000113
-0.000094
-0.000100
-0.000103
-0.000098
-0.000084
-0.000084
-0.000074
-0.000058
-0.000068
-0.000060
-0.000062
-0.000046
-0.000042
-0.000037
-0.000025
-0.000030
-0.000024
-0.000029
-0.000025
-0.000028
-0.000033
-0.000031
-0.000012
-0.000027
-0.000018
-0.000022
-0.000018
-0.000032
-0.000049
-0.000050
-0.000069
-0.000091
-0.000105
-0.000096
-0.000098
-0.000103
-0.000095
-0.000104
-0.000128
-0.000129
-0.000115
-0.000115
-0.000126
-0.000161
-0.000159
-0.000170
-0.000187
-0.000219
-0.000193
-0.000190
-0.000205
-0.000203
-0.000213
-0.000218
-0.000195
-0.000199
-0.000152
-0.000259
-0.000329
-0.000363
-0.000397
-0.000407
-0.000387
-0.000380
-0.000331
-0.000275
-0.000226
-0.000171
-0.000148
-0.000156
-0.000149
-0.000118
-0.000122
-0.000101
-0.000106
-0.000103
-0.000091
-0.000083
-0.000060
-0.000068
-0.000063
-0.000059
-0.000058
-0.000059
-0.000044
-0.000039
-0.000042
-0.000034
-0.000023
-0.000027
-0.000019
-0.000016
-0.000025
-0.000016
-0.000028
-0.000006
-0.000023
-0.000017
-0.000024
-0.000019
-0.000040
-0.000053
-0.000063
-0.000069
-0.000083
-0.000079
-0.000104
-0.000091
-0.000102
-0.000107
-0.000107
-0.000116
-0.000122
-0.000138
-0.000128
-0.000133
-0.000155
-0.000155
-0.000161
-0.000164
-0.000179
-0.000190
-0.000193
-0.000189
-0.000226
-0.000238
-0.000225
-0.000208
-0.000210
-0.000183
-0.000209
-0.000277
-0.000323
-0.000360
-0.000374
-0.000380
-0.000351
-0.000315
-0.000247
-0.000203
-0.000151
-0.000152
-0.000144
-0.000123
-0.000126
-0.000095
-0.000107
-0.000106
-0.000095
-0.000088
-0.000075
-0.000081
-0.000070
-0.000067
-0.000059
-0.000060
-0.000051
-0.000046
-0.000030
-0.000037
-0.000038
-0.000035
-0.000037
-0.000030
-0.000010
-0.000014
-0.000009
-0.000021
-0.000007
-0.000004
-0.000008
-0.000009
-0.000037
-0.000058
-0.000059
-0.000041
-0.000053
-0.000068
-0.000094
-0.000088
-0.000090
-0.000092
-0.000096
-0.000100
-0.000108
-0.000100
-0.000109
-0.000129
-0.000145
-0.000150
-0.000151
-0.000157
-0.000170
-0.000187
-0.000190
-0.000196
-0.000197
-0.000221
-0.000237
-0.000229
-0.000217
-0.000209
-0.000182
-0.000139
-0.000206
-0.000282
-0.000324
-0.000354
-0.000366
-0.000348
-0.000304
-0.000232
-0.000196
-0.000180
-0.000150
-0.000141
-0.000136
-0.000112
-0.000105
-0.000100
-0.000084
-0.000075
-0.000074
-0.000074
-0.000079
-0.000063
-0.000060
-0.000063
-0.000056
-0.000055
-0.000047
-0.000038
-0.000036
-0.000031
-0.000033
-0.000028
-0.000010
0.000002
0.000014
0.000009
-0.000006
0.000002
-0.000002
0.000006
-0.000026
-0.000041
-0.000033
-0.000051
-0.000033
-0.000044
-0.000063
-0.000070
-0.000080
-0.000071
-0.000077
-0.000075
-0.000089
-0.000081
-0.000103
-0.000102
-0.000123
-0.000127
-0.000147
-0.000145
-0.000174
-0.000181
-0.000200
-0.000207
-0.000217
-0.000214
-0.000265
-0.000239
-0.000218
-0.000230
-0.000224
-0.002169
-0.000125
-0.000145
-0.000236
-0.000287
-0.000320
-0.000355
-0.000325
-0.000222
-0.000225
-0.000206
-0.000170
-0.000151
-0.000140
-0.000126
-0.000116
-0.000115
-0.000096
-0.000093
-0.000075
-0.000066
-0.000072
-0.000064
-0.000058
-0.000060
-0.000048
-0.000050
-0.000049
-0.000048
-0.000044
-0.000028
-0.000027
-0.000036
-0.000026
-0.000015
0.000014
0.000013
0.000021
0.000012
0.000004
0.000011
0.000003
-0.000027
-0.000046
-0.000044
-0.000049
-0.000040
-0.000021
-0.000052
-0.000059
-0.000071
-0.000060
-0.000063
-0.000063
-0.000066
-0.000071
-0.000085
-0.000103
-0.000102
-0.000119
-0.000127
-0.000150
-0.000163
-0.000189
-0.000154
-0.000166
-0.000162
-0.000201
-0.000233
-0.000218
-0.000218
-0.000234
-0.000235
-0.000224
-0.000135
-0.000146
-0.000194
-0.000230
-0.000309
-0.000311
-0.000246
-0.000210
-0.000198
-0.000167
-0.000149
-0.000158
-0.000141
-0.000138
-0.000119
-0.000095
-0.000096
-0.000089
-0.000078
-0.000070
-0.000066
-0.000070
-0.000063
-0.000062
-0.000060
-0.000047
-0.000054
-0.000055
-0.000044
-0.000038
-0.000029
-0.000033
-0.000020
0.000008
0.000020
0.000024
0.000028
0.000017
0.000021
0.000013
0.000008
-0.000006
-0.000016
-0.000018
-0.000018
-0.000012
-0.000027
-0.000079
-0.000069
-0.000061
-0.000057
-0.000055
-0.000053
-0.000067
-0.000068
-0.000084
-0.000105
-0.000131
-0.000142
-0.000126
-0.000150
-0.000182
-0.000205
-0.000154
-0.000212
-0.000197
-0.000188
-0.000191
-0.000196
-0.000167
-0.000239
-0.000241
-0.000242
-0.000145
-0.000156
-0.000190
-0.000221
-0.000241
-0.000245
-0.000228
-0.000186
-0.000152
-0.000132
-0.000140
-0.000139
-0.000137
-0.000126
-0.000112
-0.000100
-0.000098
-0.000091
-0.000076
-0.000076
-0.000073
-0.000066
-0.000055
-0.000054
-0.000052
-0.000061
-0.000050
-0.000039
-0.000029
-0.000021
-0.000028
-0.000020
-0.000008
0.000008
0.000032
0.000039
0.000035
0.000039
0.000035
0.000028
0.000036
0.000045
0.000026
-0.000004
0.000017
-0.000000
-0.000049
-0.000017
-0.000045
-0.000040
-0.000049
-0.000051
-0.000048
-0.000058
-0.000072
-0.000074
-0.000096
-0.000105
-0.000120
-0.000118
-0.000159
-0.000165
-0.000184
-0.000208
-0.000171
-0.000172
-0.000192
-0.000214
-0.000218
-0.000206
-0.000250
-0.000255
-0.000238
-0.000161
-0.000156
-0.000179
-0.000208
-0.000230
-0.000215
-0.000211
-0.000183
-0.000146
-0.000141
-0.000135
-0.000115
-0.000112
-0.000111
-0.000118
-0.000101
-0.000087
-0.000093
-0.000088
-0.000084
-0.000068
-0.000061
-0.000056
-0.000054
-0.000060
-0.000054
-0.000056
-0.000041
-0.000030
-0.000018
-0.000024
0.000000
0.000002
0.000020
0.000025
0.000042
0.000047
0.000064
0.000047
0.000049
0.000064
0.000064
0.000050
0.000044
0.000025
0.000004
-0.000007
-0.000002
-0.000029
-0.000037
-0.000038
-0.000049
-0.000049
-0.000050
-0.000070
-0.000084
-0.000101
-0.000118
-0.000129
-0.000137
-0.000152
-0.000169
-0.000182
-0.000188
-0.000161
-0.000181
-0.000214
-0.000235
-0.000239
-0.000228
-0.000245
-0.000250
0.001326
-0.000185
-0.000164
-0.000183
-0.000226
-0.000210
-0.000203
-0.000199
-0.000150
-0.000126
-0.000139
-0.000118
-0.000108
-0.000117
-0.000109
-0.000116
-0.000105
-0.000094
-0.000094
-0.000081
-0.000082
-0.000059
-0.000064
-0.000064
-0.000071
-0.000060
-0.000050
-0.000052
-0.000036
-0.000029
-0.000024
-0.000008
0.000001
0.000011
0.000026
0.000052
0.000058
0.000061
0.000071
0.000077
0.000072
0.000094
0.000094
0.000063
0.000064
0.000047
0.000036
0.000014
0.000005
-0.000028
-0.000022
-0.000034
-0.000041
-0.000052
-0.000064
-0.000089
-0.000085
-0.000099
-0.000121
-0.000124
-0.000126
-0.000146
-0.000156
-0.000204
-0.000211
-0.000197
-0.000226
-0.000241
-0.000253
-0.000245
-0.000239
-0.000261
-0.000269
-0.000271
-0.000213
-0.000181
-0.000186
-0.000191
-0.000202
-0.000200
-0.000187
-0.000152
-0.000118
-0.000136
-0.000117
-0.000100
-0.000090
-0.000086
-0.000107
-0.000111
-0.000105
-0.000086
-0.000094
-0.000094
-0.000071
-0.000074
-0.000067
-0.000044
-0.000039
-0.000036
-0.000038
-0.000044
-0.000032
-0.000021
-0.000003
0.000004
0.000014
0.000040
0.000041
0.000064
0.000075
0.000098
0.000100
0.000111
0.000143
0.000137
0.000119
0.000094
0.000080
0.000067
0.000044
0.000024
-0.000005
-0.000015
-0.000027
-0.000032
-0.000052
-0.000059
-0.000076
-0.000087
-0.000110
-0.000120
-0.000142
-0.000151
-0.000146
-0.000179
-0.000193
-0.000204
-0.000196
-0.000230
-0.000239
-0.000268
-0.000267
-0.000267
-0.000283
-0.000276
-0.000268
-0.000222
-0.000194
-0.000157
-0.000150
-0.000190
-0.000179
-0.000152
-0.000135
-0.000114
-0.000110
-0.000116
-0.000096
-0.000089
-0.000091
-0.000104
-0.000086
-0.000094
-0.000090
-0.000088
-0.000091
-0.000066
-0.000052
-0.000047
-0.000035
-0.000028
-0.000031
-0.000023
-0.000013
-0.000021
-0.000019
0.000009
0.000027
0.000031
0.000035
0.000061
0.000080
0.000095
0.000137
0.000153
0.000175
0.000171
0.000160
0.000152
0.000119
0.000110
0.000086
0.000050
0.000023
0.000015
-0.000020
-0.000025
-0.000029
-0.000042
-0.000060
-0.000081
-0.000096
-0.000104
-0.000138
-0.000133
-0.000147
-0.000170
-0.000204
-0.000221
-0.000199
-0.000196
-0.000237
-0.000250
-0.000235
-0.000273
-0.000290
-0.000287
-0.000274
-0.000299
-0.000220
-0.000206
-0.000160
-0.000160
-0.000157
-0.000158
-0.000133
-0.000133
-0.000136
-0.000114
-0.000110
-0.000090
-0.000075
-0.000081
-0.000100
-0.000087
-0.000084
-0.000071
-0.000064
-0.000066
-0.000053
-0.000049
-0.000038
-0.000022
-0.000028
-0.000029
-0.000031
-0.000036
-0.000032
-0.000011
0.000012
0.000037
0.000043
0.000061
0.000066
0.000111
0.000137
0.000168
0.000186
0.000204
0.000232
0.000240
0.000204
0.000177
0.000150
0.000109
0.000080
0.000066
0.000013
-0.000018
-0.000007
-0.000018
-0.000027
-0.000054
-0.000090
-0.000117
-0.000124
-0.000156
-0.000141
-0.000173
-0.000191
-0.000202
-0.000212
-0.000205
-0.000238
-0.000257
-0.000279
-0.000304
-0.000306
-0.000301
-0.000295
-0.000294
0.000725
-0.000193
-0.000201
-0.000168
-0.000145
-0.000137
-0.000133
-0.000120
-0.000122
-0.000132
-0.000121
-0.000106
-0.000094
-0.000073
-0.000071
-0.000088
-0.000081
-0.000082
-0.000080
-0.000077
-0.000067
-0.000089
-0.000096
0.000382
0.000436
0.000131
-0.000061
-0.000123
-0.000053
-0.000050
-0.000011
0.000004
0.000042
0.000052
0.000071
0.000109
0.000162
0.000208
0.000224
0.000244
0.000278
0.000284
0.000311
0.000276
0.000233
0.000180
0.000133
0.000101
0.000074
0.000042
0.000005
-0.000003
-0.000040
-0.000046
-0.000051
-0.000073
-0.000101
-0.000145
-0.000179
-0.000191
-0.000194
-0.000201
-0.000197
-0.000215
-0.000231
-0.000252
-0.000277
-0.000304
-0.000354
-0.000302
-0.000301
-0.000312
-0.000307
-0.000270
-0.000185
-0.000199
-0.000170
-0.000147
-0.000131
-0.000127
-0.000122
-0.000125
-0.000124
-0.000118
-0.000106
-0.000093
-0.000087
-0.000076
-0.000074
-0.000080
-0.000087
-0.000096
-0.000094
-0.000096
-0.000103
0.000644
0.002410
0.003088
0.000110
-0.000956
-0.001665
-0.002025
-0.000173
-0.000022
0.000005
0.000047
0.000062
0.000096
0.000105
0.000174
0.000233
0.000264
0.000287
0.000355
0.000415
0.000439
0.000394
0.000327
0.000226
0.000155
0.000116
0.000075
0.000046
0.000022
-0.000008
-0.000038
-0.000060
-0.000074
-0.000092
-0.000109
-0.000143
-0.000152
-0.000197
-0.000210
-0.000202
-0.000226
-0.000259
-0.000243
-0.000275
-0.000288
-0.000321
-0.000324
-0.000310
-0.000303
-0.000349
-0.000444
-0.000352
-0.000197
-0.000183
-0.000161
-0.000138
-0.000110
-0.000114
-0.000116
-0.000112
-0.000113
-0.000118
-0.000106
-0.000100
-0.000080
-0.000077
-0.000071
-0.000082
-0.000080
-0.000072
-0.000070
-0.000090
0.000436
0.003881
0.002465
0.000404
0.001824
0.008149
0.011187
0.001968
0.000385
0.000542
0.000022
0.000061
0.000077
0.000123
0.000146
0.000166
0.000254
0.000307
0.000345
0.000419
0.000521
0.000567
0.000482
0.000375
0.000275
0.000183
0.000126
0.000078
0.000032
0.000008
-0.000018
-0.000043
-0.000067
-0.000070
-0.000080
-0.000106
-0.000149
-0.000171
-0.000198
-0.000221
-0.000252
-0.000255
-0.000252
-0.000257
-0.000274
-0.000296
-0.000304
-0.000313
-0.000339
-0.000415
-0.000433
-0.000485
-0.000348
-0.000168
-0.000161
-0.000143
-0.000118
-0.000099
-0.000101
-0.000106
-0.000087
-0.000103
-0.000097
-0.000092
-0.000093
-0.000079
-0.000075
-0.000077
-0.000079
-0.000037
-0.000014
0.000000
-0.000082
0.000840
-0.000559
-0.001450
-0.000587
0.000606
-0.000655
0.001127
0.007585
0.004941
-0.000447
0.000017
0.000074
0.000091
0.000136
0.000137
0.000171
0.000231
0.000294
0.000360
0.000494
0.000645
0.000866
0.000548
0.000393
0.000283
0.000197
0.000100
0.000051
0.000015
0.000001
-0.000029
-0.000052
-0.000066
-0.000098
-0.000092
-0.000111
-0.000147
-0.000176
-0.000200
-0.000228
-0.000236
-0.000287
-0.000258
-0.000255
-0.000286
-0.000321
-0.000331
-0.000350
-0.000482
-0.000513
-0.000466
-0.000435
-0.001100
-0.000155
-0.000157
-0.000142
-0.000123
-0.000105
-0.000093
-0.000097
-0.000096
-0.000088
-0.000085
-0.000079
-0.000076
-0.000086
-0.000076
-0.000068
0.000002
-0.000227
0.000046
0.000189
-0.000004
-0.000078
-0.000091
-0.000222
-0.000186
0.000176
0.001074
0.001852
0.004836
-0.000056
0.000026
0.000015
0.000065
0.000113
0.000184
0.000244
0.000351
0.000343
0.000300
0.000322
0.000435
0.000559
0.000560
0.000422
0.000335
0.000246
0.000168
0.000086
0.000025
-0.000011
-0.000016
-0.000035
-0.000065
-0.000085
-0.000102
-0.000115
-0.000119
-0.000165
-0.000209
-0.000235
-0.000267
-0.000274
-0.000287
-0.000290
-0.000320
-0.000325
-0.000356
-0.000370
-0.000379
-0.000408
-0.000449
-0.000382
-0.000339
-0.000331
-0.000147
-0.000147
-0.000139
-0.000130
-0.000114
-0.000102
-0.000102
-0.000101
-0.000085
-0.000078
-0.000080
-0.000076
-0.000076
-0.000038
-0.001395
-0.000295
-0.000389
-0.000029
-0.000128
-0.000172
-0.000197
-0.000135
0.000080
0.000467
0.001132
0.004373
0.005726
0.001739
0.000933
0.000108
0.000064
-0.000013
0.000127
0.000804
0.002136
0.003703
0.002507
0.001000
0.000395
0.000365
0.000409
0.000388
0.000312
0.000246
0.000203
0.000131
0.000059
-0.000009
-0.000027
-0.000025
-0.000043
-0.000074
-0.000098
-0.000118
-0.000138
-0.000160
-0.000183
-0.000202
-0.000272
-0.000283
-0.000317
-0.000305
-0.000320
-0.000311
-0.000325
-0.000328
-0.000346
-0.000375
-0.000365
-0.000338
-0.000339
-0.000307
-0.000364
-0.000154
-0.000155
-0.000135
-0.000123
-0.000105
-0.000096
-0.000103
-0.000104
-0.000092
-0.000086
-0.000078
-0.000070
-0.000025
-0.000593
-0.001227
-0.001263
-0.000295
-0.000071
-0.000456
-0.000445
-0.000100
-0.000042
0.000448
0.000545
0.001622
0.001554
0.000693
0.002963
0.003322
0.000752
0.000633
0.000660
0.001176
0.001535
0.002983
0.004045
0.004008
0.003721
0.002092
0.000595
0.000370
0.000276
0.000245
0.000203
0.000110
0.000043
0.000004
-0.000030
-0.000039
-0.000055
-0.000066
-0.000075
-0.000114
-0.000115
-0.000137
-0.000150
-0.000192
-0.000264
-0.000274
-0.000369
-0.000485
-0.000334
-0.000327
-0.000312
-0.000318
-0.000352
-0.000393
-0.000385
-0.000315
-0.000299
-0.000296
-0.000360
-0.000324
-0.000151
-0.000143
-0.000136
-0.000120
-0.000112
-0.000102
-0.000109
-0.000098
-0.000095
-0.000100
-0.000079
-0.000036
-0.000042
0.000163
0.001069
-0.000873
-0.000695
-0.000123
-0.000088
-0.000104
-0.000074
0.000177
0.001481
0.001344
-0.000668
-0.000919
-0.000312
0.000785
0.001222
0.001379
0.001463
0.001321
0.000559
0.001618
0.002109
0.001180
0.002590
0.004115
0.003163
0.001235
0.000337
0.000189
0.000118
0.000103
0.000038
0.000017
-0.000013
-0.000054
-0.000071
-0.000064
-0.000066
-0.000080
-0.000102
-0.000113
-0.000149
-0.000201
-0.000241
-0.000261
-0.000334
-0.000431
-0.000384
-0.000387
-0.000336
-0.000344
-0.000351
-0.000340
-0.000337
-0.000388
-0.000262
-0.000251
-0.000286
-0.000314
-0.000596
-0.000162
-0.000146
-0.000140
-0.000127
-0.000125
-0.000114
-0.000113
-0.000103
-0.000099
-0.000103
-0.000085
-0.000062
-0.000048
0.000176
0.002301
-0.001217
-0.000425
-0.000072
-0.000053
-0.000061
-0.000037
0.000010
0.000154
0.000052
-0.000753
-0.000697
-0.000762
0.000281
0.000822
-0.000357
-0.000224
-0.000625
-0.001509
-0.000592
0.002947
0.001136
0.000505
0.001940
0.002079
0.001059
0.000272
0.000083
0.000040
0.000038
-0.000075
-0.000022
-0.000042
-0.000060
-0.000061
-0.000070
-0.000074
-0.000093
-0.000123
-0.000244
-0.000242
-0.000257
-0.000270
-0.000295
-0.000302
-0.000366
-0.000362
-0.000321
-0.000326
-0.000340
-0.000344
-0.000338
-0.000312
-0.000294
-0.000300
-0.000302
-0.000370
-0.000356
-0.000328
-0.000181
-0.000163
-0.000151
-0.000143
-0.000125
-0.000109
-0.000114
-0.000096
-0.000103
-0.000100
-0.000067
-0.000061
-0.000052
0.000224
-0.000930
-0.009469
-0.000532
-0.000136
-0.000085
-0.000203
-0.000624
0.000928
0.000959
0.001222
0.000537
0.000744
-0.000130
-0.000211
-0.000134
-0.000427
-0.000189
-0.000098
-0.000491
-0.000814
0.002625
0.001649
0.000298
0.000725
0.000841
0.001451
0.000255
0.000116
0.000003
0.000824
0.000083
-0.000176
-0.000086
-0.000067
-0.000083
-0.000092
-0.000117
-0.000180
-0.000277
-0.000313
-0.000276
-0.000285
-0.000285
-0.000317
-0.000367
-0.000373
-0.000312
-0.000315
-0.000308
-0.000377
-0.000339
-0.000298
-0.000318
-0.000325
-0.000324
-0.000352
-0.000308
-0.000278
-0.000264
-0.000148
-0.000160
-0.000121
-0.000149
-0.000137
-0.000132
-0.000111
-0.000097
-0.000101
-0.000087
-0.000077
-0.000063
-0.000041
0.000158
0.001793
-0.000798
-0.002232
0.000108
-0.000051
0.000085
0.000783
0.002432
0.000980
0.000384
0.001501
0.002301
0.002550
0.001618
0.000093
-0.000363
0.000326
-0.000005
-0.000213
-0.000803
0.001143
0.000665
0.000103
-0.000341
0.000204
0.001260
0.000519
0.000137
-0.000073
0.000516
-0.000220
0.000354
-0.000120
-0.000132
-0.000204
-0.000200
-0.000165
-0.000286
-0.000243
-0.000286
-0.000299
-0.000319
-0.000387
-0.000402
-0.000342
-0.000297
-0.000305
-0.000295
-0.000292
-0.000383
-0.000350
-0.000304
-0.000317
-0.000403
-0.000363
-0.000345
-0.000324
-0.000291
-0.000298
-0.000158
-0.000136
-0.000137
-0.000140
-0.000171
-0.000150
-0.000113
-0.000115
-0.000108
-0.000075
-0.000066
-0.000064
-0.000065
0.000005
0.000995
0.002218
-0.000208
0.000376
0.000119
0.000243
0.001164
0.002403
0.003045
0.002162
0.001630
0.001770
0.001484
0.001613
0.000632
0.000759
0.002512
0.000956
0.000074
0.000827
0.003064
0.000160
0.000078
0.000005
0.000141
0.000432
0.000201
-0.000037
-0.000170
0.000796
0.000542
0.000282
0.001426
-0.000029
-0.000159
-0.000185
-0.000240
-0.000271
-0.000265
-0.000314
-0.000340
-0.000388
-0.000353
-0.000345
-0.000295
-0.000284
-0.000287
-0.000291
-0.000336
-0.000302
-0.000302
-0.000327
-0.000373
-0.000411
-0.000429
-0.000419
-0.000349
-0.000343
-0.000348
-0.000190
-0.000186
-0.000156
-0.000135
-0.000182
-0.000148
-0.000122
-0.000119
-0.000091
-0.000080
-0.000076
-0.000083
-0.000084
-0.000071
0.000108
0.001322
0.000245
0.000634
0.000561
0.000555
0.000799
0.001314
0.001744
0.002042
0.002850
0.003590
0.002300
0.001234
0.000196
-0.000161
0.001357
0.001749
0.001317
0.001426
0.000294
-0.000560
0.000088
0.002375
0.002115
0.001684
0.000886
0.000432
0.000467
0.000477
0.000865
-0.000240
-0.000224
-0.000504
-0.000136
-0.000232
-0.000260
-0.000292
-0.000268
-0.000319
-0.000342
-0.000353
-0.000332
-0.000303
-0.000379
-0.000304
-0.000272
-0.000300
-0.000344
-0.000325
-0.000364
-0.000448
-0.000447
-0.000437
-0.000503
-0.000432
-0.000392
-0.000362
-0.000239
-0.000199
-0.000226
-0.000206
-0.000205
-0.000182
-0.000165
-0.000168
-0.000155
-0.000145
-0.000127
-0.000132
-0.000149
-0.000139
-0.000163
-0.000175
-0.000051
-0.000026
0.000269
0.000372
-0.000465
-0.000174
-0.000009
0.000411
0.000281
0.000749
0.000517
-0.000102
-0.000812
-0.001752
-0.000433
0.000697
0.001288
0.002353
-0.000307
0.000301
-0.000566
0.004574
0.011327
0.010040
0.009876
0.008896
0.000550
0.001471
0.002053
0.000257
-0.000641
-0.002533
-0.002487
0.000703
-0.000347
-0.000304
-0.000314
-0.000307
-0.000324
-0.000347
-0.000396
-0.000321
-0.000340
-0.000349
-0.000270
-0.000275
-0.000313
-0.000350
-0.000351
-0.000446
-0.000565
-0.000489
-0.000531
-0.000445
-0.000429
-0.000392
-0.000364
-0.000368
-0.000195
-0.000235
-0.000232
-0.000207
-0.000195
-0.000184
-0.000194
-0.000185
-0.000178
-0.000160
-0.000168
-0.000156
-0.000167
-0.000194
-0.000177
-0.000158
-0.000155
-0.000132
-0.000146
-0.000211
-0.000175
-0.000182
-0.000089
0.002619
-0.001492
-0.005898
-0.005814
-0.004555
-0.004882
-0.002822
-0.000884
0.000595
0.001501
0.003023
0.003367
0.003329
0.001891
0.006620
0.002501
0.009661
0.008951
0.002058
0.002148
-0.000371
0.000175
-0.000561
-0.004701
-0.006066
-0.002591
-0.001525
-0.000666
-0.000308
-0.000305
-0.000283
-0.000314
-0.000297
-0.000301
-0.000331
-0.000280
-0.000274
-0.000300
-0.000334
-0.000364
-0.000450
-0.000574
-0.000472
-0.000424
-0.000438
-0.000426
-0.000426
-0.000431
-0.000529
-0.000444
-0.000196
-0.000234
-0.000256
-0.000241
-0.000224
-0.000223
-0.000214
-0.000187
-0.000184
-0.000177
-0.000186
-0.000190
-0.000167
-0.000196
-0.000172
-0.000151
-0.000161
-0.000171
-0.000178
-0.000228
-0.000125
0.002099
0.003964
0.004131
0.000874
-0.003680
-0.005447
-0.006067
-0.007069
-0.005400
-0.002924
-0.000746
0.001292
0.003320
0.003798
0.002129
0.000792
0.001094
0.006396
0.005908
0.001106
0.002396
0.006512
-0.008109
-0.015386
-0.005095
-0.001618
-0.003121
-0.004630
-0.001609
-0.005000
-0.000656
-0.000278
-0.000269
-0.000276
-0.000262
-0.000261
-0.000235
-0.000228
-0.000313
-0.000363
-0.000411
-0.000482
-0.000573
-0.000521
-0.000471
-0.000488
-0.000529
-0.000458
-0.000392
-0.000462
-0.000481
-0.000404
-0.000222
-0.000232
-0.000222
-0.000278
-0.000243
-0.000230
-0.000254
-0.000214
-0.000186
-0.000193
-0.000188
-0.000198
-0.000191
-0.000198
-0.000198
-0.000204
-0.000190
-0.000167
-0.000244
-0.000257
0.000239
0.001101
0.002778
0.003846
0.001934
-0.002479
-0.005724
-0.007287
-0.008002
-0.010086
-0.006295
-0.004117
-0.000018
0.002538
0.003319
0.001049
0.002137
0.003693
0.004195
0.006260
0.006303
0.006355
-0.003792
-0.022549
-0.024597
-0.011996
-0.003569
-0.003239
-0.001378
-0.002951
-0.012989
-0.013553
0.000124
-0.000277
-0.000306
-0.000315
-0.000336
-0.000289
-0.000270
-0.000382
-0.000387
-0.000507
-0.000479
-0.000445
-0.000477
-0.000561
-0.000524
-0.000383
-0.000370
-0.000441
-0.000500
-0.000422
-0.000399
-0.000237
-0.000240
-0.000276
-0.000300
-0.000282
-0.000288
-0.000270
-0.000245
-0.000220
-0.000218
-0.000189
-0.000201
-0.000222
-0.000224
-0.000204
-0.000205
-0.000165
-0.000175
-0.000258
-0.000281
-0.000232
0.000973
0.002598
0.003690
0.000470
-0.004894
-0.006905
-0.009337
-0.011734
-0.010954
-0.010444
-0.007701
0.001278
0.002096
0.002597
0.001907
0.003552
0.003458
0.003023
0.001825
0.002333
0.005123
-0.000193
-0.007169
-0.008472
-0.018175
-0.005427
-0.001515
0.006071
-0.000984
-0.014776
-0.005106
-0.002952
0.000121
0.000401
-0.000272
-0.000316
-0.000300
-0.000291
-0.000411
-0.000434
-0.000413
-0.000345
-0.000413
-0.000538
-0.000639
-0.000432
-0.000361
-0.000414
-0.000429
-0.000430
-0.000435
-0.000446
-0.000290
-0.000280
-0.000332
-0.000347
-0.000326
-0.000304
-0.000279
-0.000275
-0.000267
-0.000225
-0.000215
-0.000218
-0.000251
-0.000238
-0.000208
-0.000196
-0.000174
-0.000240
-0.000254
-0.000256
-0.000410
-0.000244
0.000568
0.002921
0.000945
-0.002594
-0.006203
-0.007403
-0.014177
-0.015171
-0.013177
-0.005800
0.005431
0.004188
0.003500
0.003459
0.003998
0.002202
0.002218
0.003059
0.005604
0.005738
0.005821
0.005474
0.004759
-0.001357
-0.003452
0.010465
0.014339
-0.007085
-0.007191
-0.003313
-0.002277
-0.001621
0.002177
-0.000015
-0.000263
-0.000272
-0.000324
-0.000410
-0.000335
-0.000348
-0.000423
-0.000512
-0.000533
-0.000505
-0.000423
-0.000434
-0.000416
-0.000392
-0.000403
-0.000368
-0.000459
-0.000304
-0.000316
-0.000340
-0.000380
-0.000380
-0.000350
-0.000331
-0.000324
-0.000278
-0.000221
-0.000224
-0.000247
-0.000252
-0.000252
-0.000243
-0.000215
-0.000214
-0.000266
-0.000311
-0.000295
-0.000292
-0.000356
-0.000005
0.001221
0.000370
-0.001605
-0.000619
-0.006128
-0.013740
-0.010865
-0.007105
-0.003187
0.001270
0.001897
0.003213
0.003947
0.004502
0.002063
0.002005
0.004241
0.005418
0.005584
0.005531
0.004747
0.004601
0.005807
0.000363
0.013467
0.002059
-0.001102
-0.002290
-0.001718
-0.001759
-0.001406
0.001781
0.002189
0.000011
-0.000142
-0.000278
-0.000294
-0.000301
-0.000384
-0.000477
-0.000596
-0.000549
-0.000518
-0.000497
-0.000496
-0.000476
-0.000391
-0.000414
-0.000443
-0.000473
-0.000331
-0.000336
-0.000394
-0.000434
-0.000387
-0.000410
-0.000395
-0.000342
-0.000184
-0.000240
-0.000183
-0.000265
-0.000238
-0.000253
-0.000245
-0.000255
-0.000263
-0.000275
-0.000305
-0.000345
-0.000339
-0.000440
-0.000337
0.000310
0.000857
0.000401
-0.002787
-0.005419
-0.007726
-0.005549
-0.003713
-0.002012
0.000401
0.001253
0.000957
0.001746
0.002069
0.004700
0.004957
0.004467
0.005432
0.005732
0.005282
0.005207
0.005239
0.006127
0.006134
-0.000115
0.005591
-0.001118
-0.001644
-0.001260
0.001207
0.000187
0.003499
0.004917
-0.000509
-0.001074
0.000048
-0.000003
-0.000003
-0.000588
-0.000680
-0.000571
-0.000472
-0.000471
-0.000517
-0.000473
-0.000488
-0.000439
-0.000421
-0.000437
-0.000391
-0.000341
-0.000377
-0.000409
-0.000462
-0.000436
-0.000404
-0.000408
-0.000427
-0.000440
-0.000321
-0.000321
-0.000366
-0.000207
-0.000283
-0.000291
-0.000251
-0.000337
-0.000286
-0.000330
-0.000390
-0.000389
-0.000453
-0.000568
-0.000459
-0.000703
-0.000995
-0.000885
-0.001745
-0.000747
-0.000873
-0.001181
-0.000154
0.000489
0.001199
0.001288
0.002958
0.003659
0.004672
0.004395
0.004076
0.005290
0.005509
0.005685
0.006267
0.005628
0.005361
0.006025
0.005761
0.000464
-0.001816
-0.002139
-0.001138
0.003160
0.006609
0.006449
0.003269
-0.000044
-0.000019
0.000818
-0.000917
-0.001063
0.000087
-0.000046
-0.000442
-0.000392
-0.000464
-0.000478
-0.000464
-0.000455
-0.000411
-0.000425
-0.000457
-0.000430
-0.000378
-0.000346
-0.000389
-0.000439
-0.000447
-0.000397
-0.000380
-0.000459
-0.000447
-0.000471
-0.000513
-0.000445
-0.000175
-0.000202
-0.000114
-0.000167
-0.000406
-0.000329
-0.000284
-0.000272
-0.000437
-0.000671
-0.000662
-0.000591
-0.000595
-0.000591
-0.000508
-0.000611
-0.000585
-0.000932
-0.000271
0.000156
0.000395
0.001621
0.002946
0.003858
0.004132
0.004049
0.004058
0.004304
0.004659
0.004100
0.003590
0.002390
0.002922
0.004453
0.005189
0.004486
0.004705
-0.000443
-0.001214
0.001804
0.008577
0.012782
0.008427
0.002310
0.001252
0.001292
0.000042
-0.000662
-0.000230
0.000187
0.000166
0.000055
-0.000105
-0.000262
-0.000472
-0.000454
-0.000431
-0.000463
-0.000510
-0.000493
-0.000335
-0.000270
-0.000366
-0.000365
-0.000359
-0.000401
-0.000428
-0.000433
-0.000430
-0.000406
-0.000475
-0.000544
-0.000517
-0.000477
-0.000473
-0.000575
-0.000486
-0.000578
-0.000596
-0.000586
-0.000598
-0.000581
-0.000619
-0.000610
-0.000687
-0.000679
-0.000636
-0.000605
-0.000638
-0.000733
-0.000733
-0.000706
0.000016
0.000065
0.000216
0.000169
0.000010
-0.000181
0.004277
0.004354
0.003931
0.003385
0.003339
0.001533
-0.003946
-0.001560
0.001394
0.001154
0.003432
0.002908
-0.000972
-0.002657
0.003055
0.006026
0.003864
0.000506
-0.002053
0.000392
-0.000172
-0.000297
-0.000438
-0.000525
-0.000428
-0.000555
-0.000561
-0.000511
-0.000481
-0.000454
-0.000419
-0.000435
-0.000534
-0.000506
-0.000549
-0.000372
-0.000273
-0.000390
-0.000423
-0.000401
-0.000398
-0.000390
-0.000389
-0.000453
-0.000414
-0.000432
-0.000429
-0.000588
-0.000517
-0.000579
-0.000599
-0.000612
-0.000514
-0.000561
-0.000554
-0.000597
-0.000544
-0.000611
-0.000606
-0.000682
-0.000684
-0.000613
-0.000666
-0.000682
-0.000721
-0.000718
-0.000808
-0.000671
-0.000690
-0.000660
-0.000739
-0.000754
-0.000783
-0.000006
-0.000026
0.000086
0.000146
0.000172
-0.000108
-0.000505
0.001035
-0.001112
-0.002236
-0.002089
-0.007441
-0.012023
-0.010765
-0.002837
-0.001372
-0.000887
0.000198
-0.000064
-0.000113
-0.000227
-0.000351
-0.000429
-0.000525
-0.000463
-0.000509
-0.000515
-0.000506
-0.000503
-0.000483
-0.000473
-0.000455
-0.000461
-0.000546
-0.000508
-0.000291
-0.000412
-0.000429
-0.000440
-0.000423
-0.000343
-0.000362
-0.000420
-0.000487
-0.000556
-0.000571
-0.000499
-0.000555
-0.000597
-0.000611
-0.000617
-0.000540
-0.000609
-0.000563
-0.000648
-0.000663
-0.000567
-0.000603
-0.000673
-0.000672
-0.000654
-0.000665
-0.000645
-0.000694
-0.000720
-0.000676
-0.000691
-0.000635
-0.000628
-0.000635
-0.000737
-0.000820
-0.000880
-0.000800
-0.000722
-0.000734
-0.000833
-0.000884
-0.000829
-0.000910
0.000061
-0.001051
-0.004126
-0.014708
-0.019426
-0.019240
-0.017832
-0.000532
0.000057
-0.000207
-0.000391
-0.000542
-0.000451
-0.000420
-0.000456
-0.000507
-0.000467
-0.000444
-0.000493
-0.000482
-0.000484
-0.000486
-0.000477
-0.000507
-0.000487
-0.000505
-0.000500
-0.000504
-0.000351
-0.000416
-0.000431
-0.000407
-0.000424
-0.000413
-0.000453
-0.000549
-0.000623
-0.000614
-0.000589
-0.000557
-0.000414
-0.000539
-0.000487
-0.000560
-0.000623
-0.000597
-0.000620
-0.000628
-0.000657
-0.000576
-0.000612
-0.000662
-0.000745
-0.000697
-0.000627
-0.000617
-0.000719
-0.000711
-0.000704
-0.000634
-0.000683
-0.000649
-0.000689
-0.000796
-0.000809
-0.000831
-0.000773
-0.000681
-0.000733
-0.000860
-0.000923
-0.000929
-0.000915
-0.000784
0.000525
-0.011368
-0.020660
-0.018940
-0.016436
-0.007375
-0.004154
-0.001518
-0.000797
-0.000579
-0.000441
-0.000619
-0.000606
-0.000449
-0.000400
-0.000458
-0.000539
-0.000487
-0.000507
-0.000499
-0.000488
-0.000539
-0.000534
-0.000520
-0.000481
-0.000493
-0.000447
-0.000415
-0.000498
-0.000489
-0.000575
-0.000564
-0.000602
-0.000670
-0.000677
-0.000665
-0.000639
-0.000620
-0.000596
-0.000509
-0.000419
-0.000501
-0.000451
-0.000640
-0.000643
-0.000686
-0.000620
-0.000583
-0.000646
-0.000629
-0.000635
-0.000728
-0.000778
-0.000735
-0.000515
-0.000752
-0.000713
-0.000796
-0.000859
-0.000807
-0.000778
-0.000714
-0.000909
-0.000801
-0.000751
-0.000747
-0.000820
-0.000838
-0.001007
-0.000923
-0.000926
-0.000980
-0.000906
-0.000785
-0.002071
-0.010857
-0.012848
-0.008929
-0.005314
-0.002090
-0.003227
-0.001492
-0.000583
-0.000585
-0.000609
-0.000647
-0.000517
-0.000432
-0.000454
-0.000590
-0.000570
-0.000563
-0.000519
-0.000536
-0.000593
-0.000554
-0.000477
-0.000481
-0.000494
-0.000472
-0.000483
-0.000557
-0.000518
-0.000626
-0.000624
-0.000644
-0.000687
-0.000657
-0.000648
-0.000675
-0.000642
-0.000571
-0.000573
-0.000506
-0.000455
-0.000535
-0.000591
-0.000564
-0.000579
-0.000679
-0.000568
-0.000574
-0.000629
-0.000650
-0.000804
-0.000906
-0.000837
-0.000762
-0.000699
-0.000700
-0.000890
-0.000987
-0.000916
-0.000862
-0.000907
-0.000915
-0.000897
-0.000758
-0.000798
-0.000968
-0.000989
-0.001041
-0.001028
-0.000985
-0.001089
-0.000981
-0.000984
-0.000907
-0.002295
-0.006005
-0.003661
-0.001831
-0.002440
-0.001796
-0.001101
-0.000913
-0.000749
-0.000641
-0.000607
-0.000550
-0.000525
-0.000493
-0.000562
-0.000504
-0.000496
-0.000476
-0.000545
-0.000627
-0.000519
-0.000436
-0.000473
-0.000476
-0.000524
-0.000595
-0.000590
-0.000549
-0.000553
-0.000593
-0.000640
-0.000568
-0.000545
-0.000637
-0.000689
-0.000678
-0.000631
-0.000600
-0.000565
-0.000509
-0.000501
-0.000571
-0.000621
-0.000687
-0.000727
-0.000558
-0.000646
-0.000621
-0.000614
-0.000780
-0.000945
-0.000940
-0.000923
-0.000866
-0.000953
-0.000988
-0.000928
-0.000925
-0.000931
-0.000935
-0.000926
-0.000875
-0.000798
-0.000897
-0.000914
-0.000901
-0.000938
-0.000827
-0.000914
-0.000998
-0.001098
-0.001067
-0.000964
-0.001081
-0.001356
-0.001308
-0.001295
-0.001374
-0.000947
-0.000878
-0.000907
-0.000701
-0.000640
-0.000643
-0.000613
-0.000594
-0.000650
-0.000561
-0.000545
-0.000461
-0.000406
-0.000502
-0.000454
-0.000425
-0.000440
-0.000518
-0.000641
-0.000603
-0.000612
-0.000625
-0.000568
-0.000545
-0.000542
-0.000519
-0.000527
-0.000505
-0.000547
-0.000639
-0.000591
-0.000520
-0.000631
-0.000618
-0.000567
-0.000568
-0.000540
-0.000566
-0.000682
-0.000705
-0.000661
-0.000637
-0.000657
-0.000634
-0.000728
-0.000887
-0.000915
-0.000865
-0.000989
-0.000941
-0.000963
-0.001052
-0.001014
-0.001067
-0.001104
-0.001051
-0.000986
-0.001002
-0.001347
-0.001240
-0.001043
-0.000951
-0.001052
-0.000946
-0.001071
-0.000969
-0.000962
-0.000958
-0.001029
-0.000998
-0.001041
-0.000992
-0.000959
-0.000721
-0.000643
-0.000642
-0.000612
-0.000625
-0.000573
-0.000698
-0.000560
-0.000571
-0.000565
-0.000470
-0.000499
-0.000448
-0.000449
-0.000426
-0.000518
-0.000542
-0.000719
-0.000693
-0.000499
-0.000569
-0.000594
-0.000502
-0.000478
-0.000522
-0.000496
-0.000482
-0.000475
-0.000565
-0.000606
-0.000619
-0.000625
-0.000618
-0.000529
-0.000573
-0.000527
-0.000559
-0.000596
-0.000672
-0.000699
-0.000656
-0.000648
-0.000660
-0.000703
-0.000802
-0.000983
-0.000836
-0.000793
-0.000821
-0.000913
-0.000900
-0.000958
-0.001016
-0.001086
-0.001043
-0.000916
-0.001092
-0.001019
-0.001182
-0.001167
-0.000954
-0.000931
-0.001153
-0.001148
-0.000952
-0.001034
-0.001007
-0.001062
-0.001004
-0.000957
-0.000871
-0.000798
-0.000809
-0.000659
-0.000668
-0.000649
-0.000623
-0.000635
-0.000623
-0.000630
-0.000614
-0.000584
-0.000504
-0.000449
-0.000478
-0.000503
-0.000486
-0.000508
-0.000525
-0.000549
-0.000574
-0.000492
-0.000487
-0.000509
-0.000470
-0.000475
-0.000522
-0.000533
-0.000572
-0.000452
-0.000546
-0.000659
-0.000685
-0.000620
-0.000592
-0.000547
-0.000496
-0.000517
-0.000512
-0.000495
-0.000519
-0.000617
-0.000559
-0.000658
-0.000580
-0.000618
-0.000693
-0.000818
-0.000894
-0.000752
-0.000710
-0.000708
-0.000762
-0.000850
-0.000892
-0.000988
-0.001075
-0.000988
-0.001133
-0.001037
-0.000991
-0.001073
-0.000984
-0.000941
-0.000910
-0.000963
-0.000818
-0.000926
-0.001004
-0.001073
-0.001051
-0.001034
-0.000936
-0.000815
-0.000785
-0.000852
-0.000746
-0.000664
-0.000691
-0.000643
-0.000621
-0.000493
-0.000583
-0.000608
-0.000549
-0.000462
-0.000468
-0.000530
-0.000505
-0.000557
-0.000523
-0.000501
-0.000562
-0.000516
-0.000454
-0.000492
-0.000406
