0.000885
0.000857
0.000849
0.000632
0.000893
0.000872
0.000791
0.000438
0.000690
0.000717
0.000764
-0.000603
0.001085
0.001189
0.000904
0.000814
0.000696
0.000659
0.000626
0.000649
0.000746
0.000886
0.000851
0.000910
0.000796
0.000661
0.000923
0.000965
0.000897
0.000774
0.000765
0.000940
0.000941
0.000843
0.000771
0.000720
0.000491
0.000640
0.000589
0.000574
0.000529
0.000535
0.000500
0.000458
0.000458
0.000444
0.000369
0.000371
0.000431
0.000397
0.000436
0.000301
0.000288
0.000314
0.000321
0.000316
0.000319
-0.000048
0.000632
0.000326
0.000440
0.000470
0.000553
0.000470
0.000386
0.000306
-0.001158
0.000352
0.000475
0.000401
0.000061
0.000587
0.000195
0.000815
0.000713
0.000751
0.000635
0.000748
0.000743
0.000781
0.000670
0.000770
0.000854
0.000854
0.000992
0.000953
0.000981
0.000937
0.000768
0.000700
0.000742
0.000763
0.000714
0.000666
0.000802
0.000887
0.000771
0.000677
0.000782
0.000753
0.000906
0.000915
0.000808
0.000886
0.000820
0.000966
0.000919
0.000887
0.000865
0.000735
0.000634
0.000657
0.000681
0.000621
0.000595
0.000557
0.000522
0.000546
0.000534
0.000444
0.000415
0.000521
0.000425
0.000416
0.000295
0.000357
0.000357
0.000332
0.000357
0.000359
0.000338
0.000170
0.000251
0.000297
0.000337
0.000407
0.000336
0.000352
0.000343
0.000332
0.000396
0.000382
0.000369
0.000269
0.000233
0.000546
0.000706
0.000688
0.000726
0.000593
0.000540
0.000710
0.000679
0.000726
0.000880
0.000790
0.000873
0.000974
0.000938
0.000854
0.000646
0.000588
0.000591
0.000689
0.000734
0.000786
0.000599
0.000598
0.000711
0.000850
0.000948
0.000898
0.000849
0.000871
0.000954
0.000838
0.000858
0.000818
0.000836
0.000949
0.000962
0.000956
0.000880
0.000722
0.000654
0.000690
0.000722
0.000681
0.000553
0.000533
0.000575
0.000526
0.000490
0.000419
0.000372
0.000402
0.000558
0.000465
0.000392
0.000355
0.000336
0.000325
0.000335
0.000337
0.000328
0.000275
0.000313
0.000317
0.000344
0.000335
0.000381
0.000274
0.000234
0.000302
0.000328
0.000310
0.000239
0.000265
0.000523
0.000628
0.000721
0.000566
0.000454
0.000464
0.000702
0.000754
0.000738
0.000833
0.000813
0.000889
0.000876
0.000880
0.000715
0.000596
0.000576
0.000628
0.000563
0.000610
0.000591
0.000591
0.000540
0.000697
0.000830
0.000768
0.000774
0.000822
0.000884
0.000949
0.000913
0.000880
0.000868
0.001004
0.001032
0.001029
0.001013
0.001027
0.000873
0.000562
0.000524
0.000498
0.000527
0.000656
0.000585
0.000462
0.000502
0.000503
0.000394
0.000416
0.000457
0.000440
0.000370
0.000337
0.000313
0.000318
0.000263
0.000355
0.000357
0.000407
0.000296
0.000339
0.000302
0.000319
0.000365
0.000391
0.000292
0.000313
0.000344
0.000347
0.000308
0.000361
0.000314
0.000416
0.000743
0.000705
0.000695
0.000586
0.000600
0.000651
0.000734
0.000728
0.000776
0.000788
0.000743
0.000736
0.000737
0.000774
0.000640
0.000609
0.000632
0.000554
0.000545
0.000559
0.000687
0.000670
0.000702
0.000694
0.000714
0.000682
0.000770
0.000903
0.000923
0.000857
0.000861
0.000845
0.000868
0.001001
0.000871
0.000778
0.000852
0.000957
0.000693
0.000358
0.000419
0.000411
0.000518
0.000577
0.000404
0.000457
0.000476
0.000470
0.000373
0.000406
0.000425
0.000401
0.000329
0.000353
0.000353
0.000348
0.000337
0.000351
0.000296
0.000361
0.000291
0.000328
0.000324
0.000427
0.000447
0.000393
0.000336
0.000393
0.000351
0.000353
0.000369
0.000343
-0.002169
0.000682
0.000630
0.000730
0.000610
0.000611
0.000630
0.000582
0.000667
0.000736
0.000783
0.000645
0.000583
0.000763
0.000802
0.000826
0.000746
0.000562
0.000571
0.000643
0.000648
0.000740
0.000738
0.000688
0.000714
0.000731
0.000738
0.000722
0.000821
0.000888
0.000864
0.000928
0.000773
0.000834
0.000953
0.000978
0.000792
0.000850
0.000954
0.000677
0.000446
0.000316
0.000431
0.000703
0.000736
0.000518
0.000475
0.000496
0.000429
0.000386
0.000409
0.000424
0.000417
0.000388
0.000363
0.000316
0.000307
0.000327
0.000287
0.000341
0.000355
0.000355
0.000348
0.000246
0.000325
0.000414
0.000273
0.000334
0.000308
0.000329
0.000414
0.000406
0.000395
0.000421
0.000690
0.000622
0.000670
0.000537
0.000577
0.000627
0.000572
0.000610
0.000640
0.000806
0.000657
0.000503
0.000576
0.000685
0.000767
0.000715
0.000605
0.000625
0.000650
0.000696
0.000727
0.000728
0.000743
0.000793
0.000799
0.000846
0.000774
0.000751
0.000825
0.000849
0.000908
0.000947
0.000899
0.001025
0.001038
0.000898
0.000870
0.000820
0.000573
0.000467
0.000510
0.000665
0.000619
0.000665
0.000650
0.000485
0.000451
0.000466
0.000372
0.000399
0.000433
0.000386
0.000368
0.000282
0.000321
0.000287
0.000287
0.000390
0.000409
0.000398
0.000361
0.000254
0.000359
0.000340
0.000529
0.000342
0.000205
0.000212
0.000338
0.000368
0.000413
0.000475
0.000415
0.000659
0.000622
0.000607
0.000540
0.000600
0.000533
0.000523
0.000517
0.000596
0.000635
0.000462
0.000519
0.000498
0.000655
0.000671
0.000685
0.000672
0.000704
0.000665
0.000683
0.000711
0.000749
0.000763
0.000772
0.000805
0.000831
0.000807
0.000795
0.000813
0.000831
0.000930
0.000927
0.000979
0.000983
0.001032
0.000923
0.000870
0.000669
0.000469
0.000482
0.000630
0.000672
0.000667
0.000639
0.000643
0.000565
0.000486
0.000466
0.000500
0.000387
0.000421
0.000393
0.000367
0.000311
0.000237
0.000233
0.000284
0.000297
0.000349
0.000352
0.000342
0.000303
0.000271
0.000421
0.000368
0.000360
0.000258
0.000255
0.000318
0.000335
0.000478
0.000323
0.000256
0.000649
0.000681
0.000702
0.000618
0.000545
0.000560
0.000467
0.000487
0.000581
0.000574
0.000434
0.000430
0.000418
0.000672
0.000732
0.000679
0.000724
0.000697
0.000675
0.000590
0.000711
0.000721
0.000788
0.000798
0.000813
0.000798
0.000781
0.000798
0.000827
0.000890
0.000941
0.000974
0.000963
0.000910
0.000999
0.000996
0.000908
0.000905
0.000721
0.000569
0.000600
0.000722
0.000732
0.000713
0.000666
0.000579
0.000513
0.000472
0.000491
0.000352
0.000401
0.000413
0.000387
0.000317
0.000264
0.000252
0.000325
0.000310
0.000387
0.000366
0.000342
0.000317
0.000275
0.000310
0.000300
0.000290
0.000377
0.000318
0.000309
0.000306
0.000353
0.000351
0.001326
0.000693
0.000773
0.000736
0.000673
0.000517
0.000627
0.000582
0.000533
0.000503
0.000524
0.000437
0.000414
0.000440
0.000508
0.000773
0.000731
0.000718
0.000633
0.000505
0.000598
0.000674
0.000679
0.000784
0.000893
0.000942
0.000925
0.000825
0.000800
0.000809
0.000881
0.000930
0.000904
0.000882
0.000858
0.000952
0.000991
0.000996
0.000941
0.000773
0.000630
0.000645
0.000701
0.000685
0.000672
0.000644
0.000599
0.000541
0.000510
0.000447
0.000389
0.000321
0.000306
0.000337
0.000308
0.000320
0.000291
0.000367
0.000308
0.000409
0.000380
0.000406
0.000375
0.000353
0.000279
0.000358
0.000316
0.000427
0.000412
0.000433
0.000361
0.000407
0.000351
0.000264
0.000662
0.000640
0.000693
0.000647
0.000480
0.000582
0.000491
0.000409
0.000368
0.000389
0.000522
0.000442
0.000354
0.000424
0.000709
0.000743
0.000710
0.000568
0.000474
0.000585
0.000600
0.000600
0.000757
0.000869
0.000975
0.000980
0.000979
0.000979
0.000896
0.000886
0.000946
0.000953
0.000933
0.000897
0.000876
0.000998
0.001024
0.000972
0.000886
0.000684
0.000617
0.000641
0.000601
0.000620
0.000659
0.000620
0.000618
0.000538
0.000470
0.000402
0.000317
0.000356
0.000362
0.000346
0.000273
0.000347
0.000330
0.000318
0.000433
0.000366
0.000453
0.000461
0.000383
0.000374
0.000375
0.000324
0.000424
0.000413
0.000373
0.000400
0.000438
0.000479
0.000294
0.000546
0.000464
0.000543
0.000546
0.000517
0.000550
0.000431
0.000385
0.000385
0.000430
0.000482
0.000400
0.000390
0.000431
0.000621
0.000756
0.000738
0.000664
0.000576
0.000673
0.000617
0.000621
0.000662
0.000906
0.000956
0.000968
0.000993
0.001013
0.000874
0.000908
0.000927
0.000954
0.000974
0.000991
0.000873
0.000975
0.001055
0.001013
0.000913
0.000857
0.000741
0.000596
0.000551
0.000567
0.000628
0.000619
0.000584
0.000544
0.000506
0.000412
0.000328
0.000344
0.000376
0.000384
0.000363
0.000378
0.000397
0.000313
0.000372
0.000385
0.000426
0.000462
0.000389
0.000390
0.000380
0.000366
0.000297
0.000242
0.000404
0.000410
0.000485
0.000469
0.000428
0.000336
0.000492
0.000464
0.000525
0.000633
0.000530
0.000398
0.000374
0.000405
0.000380
0.000383
0.000401
0.000461
0.000434
0.000425
0.000654
0.000700
0.000785
0.000741
0.000715
0.000600
0.000634
0.000470
0.000375
0.000580
0.000810
0.000942
0.000929
0.000903
0.000945
0.000975
0.001039
0.001047
0.000998
0.000948
0.001048
0.001053
0.001045
0.001027
0.000984
0.000716
0.000628
0.000539
0.000557
0.000588
0.000624
0.000619
0.000621
0.000482
0.000364
0.000303
0.000344
0.000381
0.000418
0.000476
0.000429
0.000413
0.000391
0.000354
0.000433
0.000488
0.000498
0.000412
0.000384
0.000457
0.000436
0.000370
0.000299
0.000299
0.000425
0.000445
0.000534
0.000725
0.000500
0.000528
0.000577
0.000622
0.000555
0.000466
0.000452
0.000410
0.000406
0.000378
0.000387
0.000352
0.000410
0.000458
0.000474
0.000601
0.000684
0.000712
0.000686
0.000698
0.000641
0.000433
-0.002488
-0.008871
-0.013364
-0.008107
-0.002467
0.000108
0.000708
0.000902
0.000991
0.001166
0.001111
0.001084
0.001061
0.001044
0.001143
0.001094
0.001026
0.000897
0.000760
0.000728
0.000693
0.000604
0.000599
0.000631
0.000687
0.000617
0.000558
0.000424
0.000350
0.000335
0.000397
0.000386
0.000450
0.000249
0.000320
0.000527
0.000455
0.000461
0.000452
0.000495
0.000532
0.000469
0.000387
0.000505
0.000484
0.000268
0.000213
0.000372
0.000466
0.000467
0.000338
0.000516
0.000573
0.000448
0.000580
0.000537
0.000447
0.000448
0.000439
0.000383
0.000331
0.000367
0.000383
0.000368
0.000411
0.000395
0.000480
0.000588
0.000660
0.000642
0.000692
0.000630
-0.002047
-0.013676
-0.016453
-0.042174
-0.039093
-0.027418
-0.026885
-0.006905
-0.002351
-0.004680
0.000466
0.000285
-0.000029
0.001005
0.001099
0.001266
0.001141
0.000951
0.000866
0.000740
0.000661
0.000682
0.000668
0.000669
0.000646
0.000654
0.000635
0.000581
0.000412
0.000308
0.000259
0.000317
0.000320
0.000449
0.000417
0.000304
0.000379
0.000411
0.000570
0.000513
0.000507
0.000521
0.000498
0.000496
0.000537
0.000477
0.000448
0.000470
0.000500
0.000476
0.000574
0.000270
0.000510
0.000515
0.000443
0.000570
0.000475
0.000394
0.000434
0.000383
0.000330
0.000330
0.000336
0.000342
0.000405
0.000400
0.000378
0.000422
0.000590
0.000707
0.000672
0.000630
-0.001088
-0.002957
-0.008073
-0.017749
-0.025195
-0.020015
-0.016098
-0.040376
-0.033139
-0.014032
-0.012803
0.000978
0.001031
0.001138
0.001124
0.001210
0.001258
0.001262
0.001173
0.000994
0.000805
0.000599
0.000603
0.000647
0.000672
0.000635
0.000650
0.000661
0.000604
0.000496
0.000361
0.000306
0.000285
0.000294
0.000354
0.000317
0.000295
0.000567
0.000586
0.000578
0.000549
0.000605
0.000539
0.000530
0.000482
0.000477
0.000472
0.000545
0.000583
0.000574
0.000698
0.000697
0.000300
0.000566
0.000504
0.000438
0.000479
0.000391
0.000368
0.000336
0.000274
0.000323
0.000304
0.000297
0.000346
0.000415
0.000370
0.000394
0.000406
0.000618
0.000440
0.000411
0.000358
-0.001738
-0.011652
-0.019895
-0.021906
-0.024102
-0.028724
-0.018318
-0.022629
-0.041961
0.000454
0.001058
0.001088
0.001292
0.001187
0.001089
0.001170
0.001154
0.001220
0.001077
0.001032
0.000747
0.000421
0.000550
0.000668
0.000672
0.000599
0.000593
0.000595
0.000588
0.000416
0.000334
0.000245
0.000302
0.000281
0.000273
0.000365
0.000337
0.000436
0.000539
0.000479
0.000531
0.000589
0.000520
0.000446
0.000397
0.000528
0.000606
0.000557
0.000539
0.000731
0.000654
0.000624
-0.001100
0.000637
0.000553
0.000487
0.000354
0.000374
0.000357
0.000324
0.000361
0.000399
0.000378
0.000343
0.000335
0.000395
0.000366
0.000381
0.000438
-0.003765
-0.000590
0.001103
0.001221
0.000681
0.000303
-0.000565
-0.000801
-0.000973
0.001549
-0.001669
-0.011714
-0.001865
0.001248
0.001181
0.001143
0.001205
0.001133
0.001461
0.001830
0.001688
0.001403
0.001081
0.001027
0.000947
0.000654
0.000661
0.000695
0.000658
0.000663
0.000541
0.000586
0.000521
0.000388
0.000336
0.000349
0.000371
0.000312
0.000169
0.000305
0.000476
0.000414
0.000539
0.000576
0.000552
0.000523
0.000522
0.000478
0.000513
0.000694
0.000683
0.000566
0.000785
0.000785
0.000646
0.000676
0.000530
0.000630
0.000585
0.000468
0.000347
0.000365
0.000369
0.000348
0.000418
0.000385
0.000391
0.000278
0.000251
0.000302
-0.000115
-0.001442
-0.001843
-0.002157
0.001096
0.001031
0.000966
0.000986
0.000650
0.000441
0.001119
0.001508
0.003741
0.010243
0.002100
0.013573
0.003907
0.001596
0.000573
0.000140
0.001001
0.009713
0.016803
0.012202
0.005664
0.002265
0.001223
0.000929
0.000744
0.000687
0.000692
0.000702
0.000685
0.000541
0.000520
0.000522
0.000499
0.000395
0.000298
0.000314
0.000346
0.000225
0.000289
0.000321
0.000356
0.000572
0.000678
0.000550
0.000489
0.000448
0.000512
0.000588
0.000701
0.000810
0.000973
0.000890
0.000621
0.000749
0.000694
0.000691
0.000769
0.000581
0.000422
0.000323
0.000358
0.000350
0.000381
0.000359
0.000376
0.000325
0.000298
0.000252
-0.000879
-0.008158
-0.000789
0.003169
0.001093
0.000694
0.000819
0.000818
0.001059
0.000826
0.000566
0.001372
0.001446
-0.003447
0.000294
0.007681
0.015591
0.016573
0.018711
0.015770
0.009726
0.018560
0.020185
0.022975
0.023679
0.020314
0.011303
0.004770
0.001345
0.000796
0.000695
0.000686
0.000691
0.000614
0.000506
0.000572
0.000568
0.000516
0.000469
0.000408
0.000412
0.000376
0.000345
0.000374
0.000352
0.000469
0.000648
0.000642
0.000537
0.000459
0.000601
0.000571
0.000609
0.000724
0.000972
0.000933
0.000759
0.000788
0.000814
0.000761
0.000631
0.000716
0.000650
0.000438
0.000327
0.000336
0.000344
0.000349
0.000245
0.000311
0.000262
0.000222
0.000529
-0.001258
-0.008730
0.008513
0.002143
0.000802
0.000612
0.000749
0.000912
0.001279
0.001198
0.000755
0.000752
-0.004115
-0.000066
0.003125
0.007265
0.011254
0.015117
0.012950
0.012695
0.005941
0.016791
0.018224
0.016692
0.018349
0.021980
0.018760
0.013738
0.002355
0.000662
0.000629
0.000637
0.000704
0.000732
0.000573
0.000707
0.000626
0.000576
0.000539
0.000545
0.000473
0.000462
0.000454
0.000307
0.000482
0.000508
0.000510
0.000579
0.000622
0.000716
0.000722
0.000702
0.000690
0.000827
0.000952
0.000763
0.000872
0.000803
0.000725
0.000708
-0.000596
0.000702
0.000532
0.000438
0.000354
0.000317
0.000333
0.000324
0.000302
0.000284
0.000251
0.000302
0.000071
-0.002787
-0.018613
0.011783
0.004702
0.001230
0.000818
0.000819
0.001211
0.001190
0.000667
0.002081
-0.010732
-0.003883
0.003239
0.007044
0.008381
0.007649
-0.001385
0.008153
0.008357
0.005279
0.006686
0.009476
0.007865
0.011513
0.014043
0.011385
0.012276
0.002491
0.000030
0.004409
0.000769
-0.000242
0.000366
0.000797
0.000790
0.000607
0.000613
0.000573
0.000612
0.000552
0.000524
0.000528
0.000461
0.000561
0.000640
0.000681
0.000770
0.000755
0.000730
0.000784
0.000683
0.000806
0.000918
0.000868
0.000995
0.000983
0.000942
0.000907
0.000894
0.000845
0.000710
0.000493
0.000325
0.000378
0.000330
0.000309
0.000325
0.000293
0.000199
0.000247
0.000188
0.000062
-0.001625
-0.016312
-0.005960
0.010617
0.003041
0.001184
0.001124
0.001338
0.000664
0.010921
0.008035
0.006625
0.007685
0.012480
0.013180
0.015502
0.013291
0.004912
0.001983
0.002266
0.003227
-0.003375
-0.000283
0.000729
0.005877
0.008016
0.009216
0.013563
0.003886
0.004030
0.006266
0.002085
0.003925
-0.004291
-0.000045
0.000655
0.000591
0.000638
0.000675
0.000671
0.000621
0.000497
0.000494
0.000617
0.000714
0.000745
0.000782
0.000742
0.000733
0.000751
0.000787
0.000863
0.000890
0.000938
0.001035
0.001127
0.001114
0.000888
0.000700
0.000597
0.000689
0.000515
0.000534
0.000329
0.000328
0.000293
0.000249
0.000324
0.000310
0.000180
0.000228
0.000221
0.000235
-0.000850
-0.011009
-0.002402
0.026540
0.017063
0.003364
0.001203
0.000882
0.015696
0.024104
0.020182
0.014550
0.016500
0.021883
0.016202
0.017712
0.016885
0.008204
0.001978
0.001075
0.000809
-0.004074
-0.002988
-0.000356
-0.000753
0.002722
0.004926
0.006912
0.004035
0.002501
0.004004
0.003504
0.002588
0.009966
-0.002094
0.000277
0.000418
0.000697
0.000533
0.000599
0.000618
0.000596
0.000602
0.000790
0.000823
0.000912
0.000851
0.000712
0.000785
0.000771
0.000780
0.000952
0.000828
0.000905
0.001085
0.001107
0.000965
0.000748
0.000731
0.000577
0.000773
0.000337
0.000474
0.000255
0.000113
0.000174
0.000121
0.000297
0.000301
0.000249
0.000236
0.000226
0.000187
-0.000415
-0.004665
-0.017153
0.009754
0.026516
0.012660
0.006198
0.014820
0.025246
0.033266
0.036809
0.028724
0.024545
0.026159
0.020160
0.013456
0.012775
0.008224
0.003006
0.000905
-0.000044
-0.000748
-0.003290
-0.001162
-0.000996
0.000295
0.002604
0.001458
0.000552
0.000682
0.002171
0.003199
-0.000036
0.008017
0.007464
0.001458
0.000505
0.000470
0.000600
0.000496
0.000575
0.000665
0.000699
0.000814
0.000893
0.000816
0.000641
0.000709
0.000861
0.000833
0.000814
0.000911
0.000641
0.000637
0.001017
0.000947
0.000785
0.000697
0.000611
0.000670
0.000787
0.000491
0.000491
0.000425
0.000148
0.000097
0.000157
0.000229
0.000237
0.000207
0.000171
0.000188
0.000189
0.000091
-0.001186
-0.012821
0.006328
0.002753
0.014674
0.018507
0.025283
0.024263
0.029126
0.032270
0.032813
0.028065
0.027790
0.020867
0.014134
0.013455
0.009139
0.002232
-0.002217
-0.002195
-0.001573
-0.002428
-0.004476
-0.001969
-0.001035
0.000778
0.000346
0.002042
0.001783
-0.000752
0.000494
0.001776
0.000374
0.002656
-0.000987
0.001625
0.000368
0.000407
0.000545
0.000700
0.000715
0.000669
0.000653
0.000752
0.000642
0.000654
0.000806
0.000898
0.000893
0.000926
0.000927
0.000727
0.000859
0.000936
0.001025
0.000828
0.000721
0.000576
0.000531
0.000693
0.000685
0.000583
0.000548
0.000370
0.000149
0.000182
0.000157
0.000127
0.000172
0.000118
0.000082
0.000092
0.000051
0.000073
0.000572
0.000124
0.000165
-0.000530
-0.001285
-0.005128
-0.004237
0.001579
0.007794
0.015631
0.018678
0.018542
0.011534
0.007011
0.007966
0.005056
0.000948
-0.009152
-0.006700
-0.001345
-0.001088
-0.004637
-0.004814
-0.003274
-0.003257
-0.002962
-0.004115
-0.006360
-0.004925
0.000528
-0.000997
-0.000784
-0.001164
-0.001032
-0.002906
0.001368
0.000591
0.000718
0.000742
0.000783
0.000743
0.000770
0.000773
0.000644
0.000778
0.000792
0.000927
0.000938
0.000999
0.000974
0.000761
0.000739
0.000826
0.000883
0.000774
0.000733
0.000755
0.000655
0.000505
0.000634
0.000552
0.000532
0.000497
0.000170
0.000154
0.000153
0.000172
0.000128
0.000104
0.000027
0.000042
0.000013
-0.000001
0.000005
-0.000006
-0.000031
0.000012
0.000112
0.000171
0.000311
0.000752
0.002172
0.017897
0.013432
0.003464
-0.000974
-0.001545
-0.005463
-0.008788
-0.010942
-0.012927
-0.011745
-0.010162
-0.005168
-0.004543
-0.012308
-0.008784
-0.004664
-0.005020
-0.006793
-0.011319
-0.013821
-0.012618
-0.003293
-0.003292
-0.008582
-0.003886
-0.004321
-0.005120
0.001534
0.000796
0.000853
0.000844
0.000775
0.000885
0.000854
0.000825
0.000773
0.000843
0.000934
0.000943
0.000984
0.000864
0.000821
0.000637
0.000655
0.000769
0.000785
0.000869
0.000890
0.000815
0.000654
0.000748
0.000652
0.000579
0.000485
0.000065
0.000172
0.000047
0.000082
0.000108
0.000080
0.000050
0.000001
-0.000026
-0.000018
-0.000015
-0.000022
-0.000043
0.000022
0.000066
0.000221
0.001243
0.024572
0.026053
0.020159
0.014459
0.008186
0.002607
0.002134
-0.003615
-0.009451
-0.011093
-0.014349
-0.012354
-0.008844
-0.006353
-0.009305
-0.006618
-0.012490
-0.010115
-0.006980
-0.010089
-0.010699
-0.012964
-0.016300
-0.014172
-0.010437
-0.010278
-0.009951
-0.005310
-0.009022
-0.008506
0.001190
0.000932
0.000937
0.000906
0.000816
0.000746
0.000905
0.000814
0.000920
0.000889
0.000854
0.000870
0.000929
0.000874
0.000712
0.000791
0.000870
0.000921
0.000932
0.000978
0.000794
0.000589
0.000746
0.000680
0.000525
0.000440
0.000212
0.000134
0.000116
0.000069
0.000050
0.000073
0.000031
0.000021
-0.000008
-0.000017
-0.000042
-0.000046
-0.000055
-0.000062
0.000001
0.000076
0.010225
0.026873
0.028703
0.023251
0.018674
0.012131
0.006896
0.003899
-0.000030
-0.008217
-0.010580
-0.015193
-0.012570
-0.009415
-0.008725
-0.013693
-0.015504
-0.007840
-0.006042
-0.013641
-0.013243
-0.012256
-0.013519
-0.019034
-0.021212
-0.017516
-0.009981
-0.007174
-0.004010
-0.007757
-0.009772
-0.007678
0.001092
0.001027
0.000853
0.000600
0.000518
0.000811
0.000706
0.000917
0.000831
0.000841
0.000900
0.000852
0.000873
0.001008
0.000939
0.000966
0.000995
0.001079
0.000938
0.000661
0.000610
0.000760
0.000624
0.000582
0.000465
0.000331
0.000021
0.000110
0.000063
-0.000004
0.000037
0.000017
0.000021
-0.000022
-0.000055
-0.000078
-0.000093
-0.000114
-0.000087
-0.000408
-0.000363
0.003595
0.022610
0.029824
0.028649
0.020756
0.013602
0.006884
0.007479
0.003693
-0.007002
-0.011940
-0.013595
-0.011626
-0.009584
-0.008967
-0.012420
-0.014269
-0.014748
-0.009889
-0.006938
-0.006393
-0.007497
-0.011251
-0.011491
-0.014462
-0.016363
-0.005970
-0.005968
-0.001808
-0.006387
-0.009100
-0.010984
-0.007417
0.000703
0.000702
0.000535
0.000617
0.000805
0.000741
0.000829
0.000913
0.000878
0.000869
0.000834
0.000918
0.000845
0.000882
0.001011
0.001060
0.001070
0.000957
0.000730
0.000521
0.000699
0.000716
0.000553
0.000524
0.000411
0.000218
0.000060
-0.000023
-0.000056
-0.000045
0.000007
0.000007
-0.000029
-0.000086
-0.000117
-0.000129
-0.000101
-0.000236
-0.000305
-0.000523
-0.000628
0.010322
0.025270
0.026348
0.023352
0.014517
0.011108
0.007607
0.004284
-0.004866
-0.012115
-0.012846
-0.008882
-0.006859
-0.006681
-0.009218
-0.009642
-0.011081
-0.010188
-0.009836
-0.010450
-0.011389
-0.010720
-0.010556
-0.008651
-0.006635
-0.015492
-0.007709
-0.004789
-0.007050
-0.009941
-0.011031
-0.010202
-0.008612
-0.006178
0.000508
0.000766
0.000925
0.000919
0.000685
0.000908
0.000944
0.000960
0.001040
0.001013
0.000772
0.001006
0.001046
0.000848
0.000911
0.000856
0.000656
0.000770
0.000702
0.000674
0.000613
0.000580
0.000300
0.000271
0.000059
0.000040
-0.000009
-0.000033
0.000009
-0.000009
-0.000019
-0.000045
-0.000082
-0.000016
-0.000217
-0.000280
-0.000316
-0.000337
-0.000537
0.000706
0.018191
0.026782
0.022936
0.014815
0.011125
0.009081
0.010078
0.000038
-0.009821
-0.013100
-0.011778
-0.007431
-0.005944
-0.005966
-0.008666
-0.011255
-0.010424
-0.012318
-0.013262
-0.012459
-0.011991
-0.011619
-0.009571
-0.004203
-0.006103
-0.004584
-0.005018
-0.008742
-0.009458
-0.009799
-0.007619
-0.007276
-0.008097
-0.004502
0.000661
0.000646
0.000642
0.000779
0.000939
0.000836
0.000988
0.001019
0.001025
0.000984
0.000839
0.000717
0.000804
0.000951
0.000897
0.000887
0.000890
0.000679
0.000751
0.000621
0.000614
0.000608
0.000668
0.000637
0.000672
0.000913
-0.000037
-0.000016
0.000002
0.000122
-0.000154
-0.000171
-0.000181
-0.000251
-0.000293
-0.000362
-0.000408
-0.000347
-0.000296
0.005894
0.022804
0.018051
0.015667
0.009554
0.009338
0.011309
-0.002645
-0.010847
-0.012568
-0.010924
-0.007272
-0.007225
-0.007649
-0.009728
-0.012336
-0.011657
-0.011633
-0.011692
-0.010883
-0.012647
-0.010193
-0.007482
-0.004624
-0.003104
-0.004906
-0.009285
-0.005477
-0.007282
-0.004878
-0.004174
-0.003761
-0.004159
-0.003283
-0.001801
-0.000955
0.000552
0.000779
0.001009
0.000902
0.000962
0.000607
0.000661
0.000860
0.000730
0.000743
0.000908
0.001014
0.001053
0.001072
0.000979
0.000695
0.000672
0.000578
0.000663
0.000728
0.000742
0.000734
0.000621
0.000517
0.000643
0.000723
0.000925
-0.000052
-0.000154
-0.000209
-0.000224
-0.000194
-0.000250
-0.000291
-0.000329
-0.000324
0.000899
0.000866
0.001278
0.002874
0.002191
0.000321
0.004052
0.000186
-0.006118
-0.009947
-0.012125
-0.010367
-0.010646
-0.008646
-0.006595
-0.010473
-0.013898
-0.013652
-0.012514
-0.013230
-0.012402
-0.012810
-0.007864
-0.008025
-0.005617
-0.005099
-0.004005
-0.003214
-0.002317
-0.002822
-0.002385
-0.001748
0.001362
0.002030
0.002196
0.002710
-0.000617
0.001764
0.006001
0.004048
0.001647
0.001154
0.000865
0.000858
0.000923
0.000483
0.000809
0.000980
0.001077
0.001228
0.000922
0.000837
0.000739
0.000713
0.000657
0.000744
0.000702
0.000658
0.000684
0.000610
0.000537
0.000615
0.000789
0.000776
0.000955
0.000958
0.000891
-0.000126
0.000706
0.000867
0.000872
0.000870
0.000741
0.000735
0.000707
0.000649
0.000750
0.000792
0.000813
0.000052
0.001455
0.000239
0.001185
-0.009321
-0.009982
-0.008165
-0.008478
-0.007535
-0.010667
-0.011161
-0.012594
-0.012991
-0.013285
-0.014164
-0.012812
-0.010493
-0.011406
-0.010609
-0.005964
-0.005920
-0.003524
-0.000581
-0.000421
-0.000732
0.003927
0.007913
0.009808
0.010432
0.006040
0.009518
0.011062
0.013997
0.013915
0.018544
0.010904
0.001297
0.001066
0.001009
0.000875
0.000923
0.001030
0.001055
0.001081
0.001075
0.000775
0.000653
0.000684
0.000667
0.000642
0.000590
0.000658
0.000730
0.000733
0.000718
0.000707
0.000849
0.000803
0.000697
0.000799
0.000723
0.000613
0.000674
0.000736
0.000838
0.000728
0.000685
0.000624
0.000637
0.000636
0.000774
0.000816
0.000473
0.000328
-0.001373
0.001769
0.001020
-0.001270
-0.001071
0.000079
0.000152
0.000289
0.000343
-0.005252
-0.008471
-0.011318
-0.012754
-0.013908
-0.011619
-0.011471
-0.012900
-0.011475
-0.008437
-0.007364
-0.006405
-0.005414
0.000703
0.007767
0.009992
0.015538
0.017749
0.017689
0.014653
0.018193
0.014110
0.005746
0.004471
0.004836
0.002662
0.001479
0.001183
0.001252
0.001396
0.001175
0.001096
0.000917
0.000969
0.001016
0.000795
0.000711
0.000760
0.000718
0.000706
0.000566
0.000608
0.000764
0.000767
0.000402
0.000539
0.000740
0.000816
0.000877
0.000897
0.000746
0.000675
0.000623
0.000684
0.000804
0.000785
0.000614
0.000685
0.000621
0.000631
0.000660
0.000692
0.000414
0.000179
0.000450
0.000053
-0.004772
-0.000579
0.000459
0.000951
0.001025
0.000702
0.000919
0.000641
0.000291
0.000323
0.000339
0.000558
0.000408
0.001039
-0.009865
-0.010241
-0.010109
-0.008618
-0.007774
-0.007695
-0.006221
0.007959
0.009357
0.008954
0.012998
0.014288
0.014802
0.007197
0.002114
0.001551
0.001568
0.001892
0.001694
0.001427
0.001439
0.001443
0.001563
0.001287
0.001018
0.000956
0.000989
0.000884
0.000706
0.000820
0.000823
0.000734
0.000751
0.000654
0.000586
0.000531
0.000714
0.000539
0.000590
0.000481
0.000792
0.000675
0.000811
0.000820
0.000851
0.000686
0.000657
0.000768
0.000749
0.000582
0.000688
0.000745
0.000577
0.000615
0.000630
0.000529
0.000166
0.000462
-0.000044
0.000096
0.000646
0.000764
0.000657
0.000538
0.000681
0.000774
0.000807
0.001003
0.001020
0.001107
0.001397
0.001854
0.001805
0.002940
-0.011540
-0.012303
-0.010707
-0.008625
-0.009596
-0.009053
0.007981
0.009041
0.003691
0.006704
0.004558
0.002454
0.001945
0.001560
0.001485
0.001489
0.001590
0.001422
0.001286
0.001237
0.001506
0.001553
0.001149
0.000999
0.001015
0.001001
0.000734
0.000781
0.000787
0.000680
0.000757
0.000735
0.000683
0.000728
0.000607
0.000778
0.000619
0.000522
0.000724
0.000815
0.000762
0.000690
0.000707
0.000806
0.000874
0.000719
0.000946
0.000907
0.000749
0.000657
0.000794
0.000657
0.000572
0.000648
0.000590
0.000391
0.000403
0.000484
0.000574
0.000697
0.000884
0.000817
0.001014
0.000813
0.000794
0.000495
0.000770
0.000855
0.001053
0.001545
0.001808
0.001716
0.001516
0.004190
-0.012041
-0.010010
-0.008068
-0.010305
-0.008531
-0.005962
0.004400
-0.002055
0.001901
0.002111
0.001746
0.001797
0.001523
0.001316
0.001286
0.001114
0.001370
0.001260
0.001350
0.001599
0.001517
0.001202
0.001099
0.001037
0.000970
0.000867
0.000783
0.000710
0.000812
0.000857
0.000985
0.000799
0.000747
0.000776
0.000868
0.000805
0.000717
0.000773
0.000855
0.000844
0.000740
0.000669
0.000795
0.000945
0.000944
0.000886
0.000980
0.000912
0.000634
0.000730
0.000714
0.000762
0.000785
0.000709
0.000471
0.000641
0.000725
0.000673
0.000862
0.000920
0.000814
0.001289
0.001075
0.000670
0.000412
0.000715
0.001014
0.001259
0.001530
0.001618
0.001449
0.001503
0.001517
0.002346
-0.006456
-0.005331
-0.002992
-0.004899
0.000199
-0.005241
-0.001051
0.001700
0.001951
0.001814
0.001776
0.001537
0.001352
0.001376
0.001196
0.001134
0.001354
0.001393
0.001430
0.001471
0.001478
0.001308
0.001109
0.000791
0.000876
0.000571
0.000758
0.000804
0.000962
0.000988
0.000872
0.000650
0.000796
0.001031
0.000936
0.000770
0.000826
0.000823
0.000882
0.000893
0.000840
0.000767
0.000793
0.001006
0.000881
0.000786
0.000827
0.000591
0.000571
0.000751
0.000821
0.000856
0.000851
0.000834
0.000698
0.000869
0.000796
0.000931
0.001002
0.001088
0.001210
0.000942
0.000601
0.000431
0.000330
0.001239
0.001338
0.001251
0.001263
0.001398
0.001443
0.001501
0.001276
0.000348
0.000977
0.006476
0.003397
0.005587
-0.003568
0.000244
0.001861
0.001804
0.001254
0.001616
0.001590
0.001550
0.001627
0.001125
0.000956
0.001142
0.001292
0.001310
0.001483
0.001449
0.001182
0.001227
0.000859
0.000778
0.000509
0.000773
0.000759
0.000836
0.000986
0.000902
0.000752
0.000863
0.001041
0.001088
0.000851
0.000658
0.000773
0.000870
0.000894
0.000821
0.000808
0.000842
0.000963
0.000868
0.000743
0.000797
0.000627
0.000528
0.000605
0.000825
0.000922
0.000950
0.000972
0.000987
0.000754
0.000766
0.000958
0.001000
0.001036
0.001116
0.000862
0.000674
0.000552
0.000815
0.001318
0.001352
0.001049
0.001054
0.001391
0.001558
0.001456
0.001422
0.001321
0.001429
0.001391
0.006562
0.003387
0.000824
0.001702
0.001607
0.001633
0.001434
0.001550
0.001915
0.001747
0.001280
0.001249
0.000810
0.001043
0.001374
0.001257
0.001562
0.001486
0.001414
0.001181
0.001152
0.000772
0.000686
0.000754
0.000649
0.000555
0.001003
0.000980
0.000669
0.000697
0.000870
0.001069
0.000923
0.000676
0.000704
0.000811
0.000879
0.000880
0.000798
0.000780
0.000888
0.000862
0.000774
0.000702
0.000738
0.000591
0.000676
0.000883
0.000970
0.001015
0.001087
0.001016
0.000930
0.000888
0.000996
0.001259
0.001257
0.001156
0.000995
0.000973
0.001064
0.000950
0.001116
0.001256
0.001160
0.001094
0.001553
0.001488
0.001417
0.001608
0.001700
0.001566
0.001618
0.001742
0.005171
0.000171
0.001742
0.001624
0.001777
0.001891
0.001558
0.001866
0.001748
0.001344
0.001213
0.001169
0.001270
0.001479
0.001514
0.001519
0.001613
0.001597
0.001504
0.001128
0.000874
0.000772
0.000735
0.000525
0.000605
0.000750
0.000885
0.000484
0.000392
0.000489
0.000664
0.000886
0.000652
0.000601
0.000891
0.000841
0.000819
0.000690
0.000798
0.000865
0.000921
0.000755
0.000823
0.000892
0.000762
0.000875
0.000966
0.001042
0.001028
0.001095
0.001028
0.000971
0.000908
0.001152
0.001279
0.001231
0.001294
0.001233
0.001097
0.000786
0.000418
0.000728
0.001264
0.001370
0.001381
0.001429
0.001417
0.001510
0.001640
0.001729
0.001859
0.001556
0.001841
0.001757
0.001989
0.001951
0.001888
0.001848
0.001873
0.001480
0.001371
0.001608
0.001369
0.001121
0.001049
0.001073
0.001622
0.001539
0.001409
0.001605
0.001522
0.001534
0.001401
0.000981
0.000755
0.000793
0.000762
0.000771
0.000884
0.000628
0.000635
0.000608
0.000519
0.000607
0.000863
0.000727
0.000895
0.001011
0.000956
0.000966
0.000733
0.000708
0.000921
0.000982
0.000845
0.000803
0.000852
0.000925
0.000790
0.000668
0.000635
0.001089
0.001155
0.001082
0.001137
0.001009
0.001165
0.001303
0.001366
0.001293
0.001042
0.000857
0.000792
0.000498
0.000904
0.001227
0.001397
0.001298
0.001471
0.001596
0.001760
0.001755
0.001910
0.001889
0.001489
0.001810
0.001971
0.002176
0.002100
0.002143
0.001908
0.001776
0.001516
0.001426
0.001468
0.001295
0.001301
0.001058
0.001179
0.001302
0.001519
0.001600
0.001543
0.001492
0.001605
0.001129
0.001109
0.000800
