-0.000476
-0.000509
-0.000504
0.000632
-0.000513
-0.000636
-0.000782
0.000438
-0.000963
-0.000967
-0.001012
-0.000603
-0.000912
-0.000826
-0.000991
-0.000879
-0.000882
-0.000778
-0.000828
-0.000835
-0.000790
-0.000724
-0.000581
-0.000622
-0.000700
-0.000759
-0.000763
-0.000640
-0.000706
-0.000701
-0.000685
-0.000640
-0.000679
-0.000731
-0.000729
-0.000663
-0.000549
-0.000524
-0.000517
-0.000541
-0.000614
-0.000577
-0.000570
-0.000579
-0.000632
-0.000606
-0.000556
-0.000632
-0.000625
-0.000650
-0.000707
-0.000677
-0.000719
-0.000669
-0.000658
-0.000676
-0.000592
-0.000546
-0.000685
-0.000685
-0.000561
-0.000441
-0.000146
0.000008
0.000145
0.000134
-0.001158
0.000039
0.000101
0.000021
0.000061
0.000094
0.000195
-0.000772
-0.000913
-0.000966
-0.000912
-0.000968
-0.000973
-0.001006
-0.001046
-0.001014
-0.001084
-0.001003
-0.001038
-0.000940
-0.000864
-0.000769
-0.000828
-0.000791
-0.000780
-0.000704
-0.000686
-0.000675
-0.000716
-0.000644
-0.000584
-0.000617
-0.000624
-0.000690
-0.000716
-0.000719
-0.000710
-0.000670
-0.000563
-0.000642
-0.000639
-0.000665
-0.000716
-0.000657
-0.000627
-0.000602
-0.000577
-0.000563
-0.000528
-0.000597
-0.000547
-0.000633
-0.000650
-0.000651
-0.000654
-0.000669
-0.000669
-0.000700
-0.000622
-0.000586
-0.000553
-0.000654
-0.000585
-0.000557
-0.000545
-0.000541
-0.000582
-0.000552
-0.000498
-0.000535
-0.000671
-0.000661
-0.000526
-0.000645
-0.000607
-0.000576
-0.000637
-0.000560
-0.000651
-0.000459
-0.000690
-0.000899
-0.000927
-0.001085
-0.000993
-0.000970
-0.000983
-0.001056
-0.000994
-0.000915
-0.000899
-0.001002
-0.000912
-0.000804
-0.000737
-0.000759
-0.000806
-0.000772
-0.000754
-0.000680
-0.000671
-0.000650
-0.000672
-0.000645
-0.000605
-0.000664
-0.000658
-0.000622
-0.000700
-0.000633
-0.000631
-0.000619
-0.000649
-0.000642
-0.000709
-0.000704
-0.000631
-0.000648
-0.000658
-0.000618
-0.000533
-0.000526
-0.000567
-0.000631
-0.000689
-0.000681
-0.000605
-0.000650
-0.000581
-0.000738
-0.000651
-0.000620
-0.000565
-0.000639
-0.000647
-0.000608
-0.000550
-0.000529
-0.000482
-0.000653
-0.000537
-0.000518
-0.000516
-0.000616
-0.000635
-0.000515
-0.000576
-0.000580
-0.000586
-0.000614
-0.000553
-0.000626
-0.000586
-0.000671
-0.000872
-0.000908
-0.000995
-0.000992
-0.001048
-0.000989
-0.001021
-0.000983
-0.000994
-0.000952
-0.001055
-0.000829
-0.000679
-0.000635
-0.000731
-0.000653
-0.000703
-0.000723
-0.000737
-0.000685
-0.000725
-0.000662
-0.000630
-0.000584
-0.000667
-0.000648
-0.000611
-0.000703
-0.000639
-0.000646
-0.000574
-0.000593
-0.000610
-0.000628
-0.000636
-0.000575
-0.000639
-0.000626
-0.000472
-0.000568
-0.000557
-0.000581
-0.000572
-0.000717
-0.000591
-0.000520
-0.000642
-0.000674
-0.000688
-0.000639
-0.000559
-0.000578
-0.000627
-0.000579
-0.000541
-0.000491
-0.000543
-0.000582
-0.000605
-0.000536
-0.000495
-0.000674
-0.000645
-0.000616
-0.000569
-0.000584
-0.000544
-0.000595
-0.000563
-0.000597
-0.000658
-0.000557
-0.000621
-0.000706
-0.000839
-0.000968
-0.001018
-0.001061
-0.001039
-0.001024
-0.000987
-0.000961
-0.000904
-0.000903
-0.000712
-0.000693
-0.000630
-0.000719
-0.000744
-0.000694
-0.000606
-0.000656
-0.000644
-0.000702
-0.000678
-0.000673
-0.000644
-0.000613
-0.000594
-0.000644
-0.000644
-0.000617
-0.000558
-0.000595
-0.000687
-0.000673
-0.000577
-0.000512
-0.000449
-0.000477
-0.000585
-0.000527
-0.000596
-0.000585
-0.000640
-0.000401
-0.000642
-0.000566
-0.000518
-0.000575
-0.000599
-0.000610
-0.000549
-0.000585
-0.000601
-0.000598
-0.000592
-0.000588
-0.000538
-0.000520
-0.000501
-0.000506
-0.000483
-0.000577
-0.000695
-0.000643
-0.000697
-0.000640
-0.000589
-0.000598
-0.000621
-0.000621
-0.000656
-0.000679
-0.002169
-0.000639
-0.000615
-0.000861
-0.000828
-0.000920
-0.000989
-0.001035
-0.000898
-0.001066
-0.001002
-0.000931
-0.000860
-0.000794
-0.000736
-0.000701
-0.000702
-0.000732
-0.000773
-0.000728
-0.000693
-0.000634
-0.000618
-0.000631
-0.000603
-0.000582
-0.000614
-0.000586
-0.000641
-0.000578
-0.000638
-0.000624
-0.000577
-0.000666
-0.000574
-0.000540
-0.000380
-0.000346
-0.000481
-0.000516
-0.000582
-0.000553
-0.000587
-0.000622
-0.000573
-0.000611
-0.000550
-0.000492
-0.000478
-0.000444
-0.000521
-0.000559
-0.000541
-0.000542
-0.000524
-0.000534
-0.000553
-0.000545
-0.000443
-0.000487
-0.000545
-0.000539
-0.000521
-0.000660
-0.000576
-0.000500
-0.000447
-0.000579
-0.000571
-0.000629
-0.000648
-0.000664
-0.000683
-0.000608
-0.000577
-0.000602
-0.000720
-0.000924
-0.000755
-0.000971
-0.000961
-0.000898
-0.000947
-0.000939
-0.000832
-0.000807
-0.000785
-0.000663
-0.000646
-0.000643
-0.000727
-0.000785
-0.000699
-0.000702
-0.000702
-0.000691
-0.000622
-0.000564
-0.000506
-0.000485
-0.000578
-0.000668
-0.000583
-0.000559
-0.000619
-0.000674
-0.000581
-0.000612
-0.000522
-0.000477
-0.000401
-0.000496
-0.000512
-0.000502
-0.000492
-0.000674
-0.000602
-0.000716
-0.000614
-0.000527
-0.000450
-0.000437
-0.000513
-0.000543
-0.000516
-0.000533
-0.000506
-0.000524
-0.000550
-0.000507
-0.000489
-0.000512
-0.000535
-0.000535
-0.000517
-0.000558
-0.000638
-0.000692
-0.000456
-0.000448
-0.000566
-0.000539
-0.000580
-0.000627
-0.000655
-0.000717
-0.000551
-0.000662
-0.000646
-0.000767
-0.000999
-0.000910
-0.000956
-0.001114
-0.001108
-0.001022
-0.000717
-0.000755
-0.000799
-0.000805
-0.000716
-0.000692
-0.000711
-0.000833
-0.000872
-0.000785
-0.000738
-0.000727
-0.000665
-0.000658
-0.000625
-0.000523
-0.000597
-0.000613
-0.000617
-0.000517
-0.000547
-0.000612
-0.000621
-0.000596
-0.000470
-0.000478
-0.000446
-0.000446
-0.000430
-0.000463
-0.000442
-0.000577
-0.000632
-0.000572
-0.000600
-0.000520
-0.000504
-0.000464
-0.000456
-0.000490
-0.000514
-0.000467
-0.000500
-0.000501
-0.000488
-0.000556
-0.000512
-0.000511
-0.000494
-0.000468
-0.000493
-0.000545
-0.000569
-0.000642
-0.000702
-0.000687
-0.000605
-0.000536
-0.000544
-0.000600
-0.000655
-0.000684
-0.000670
-0.000673
-0.000692
-0.000735
-0.000809
-0.001028
-0.000863
-0.000873
-0.001079
-0.000980
-0.000889
-0.000786
-0.000739
-0.000697
-0.000653
-0.000751
-0.000724
-0.000788
-0.000816
-0.000800
-0.000827
-0.000710
-0.000654
-0.000640
-0.000735
-0.000721
-0.000602
-0.000616
-0.000605
-0.000588
-0.000516
-0.000482
-0.000577
-0.000505
-0.000531
-0.000493
-0.000420
-0.000476
-0.000445
-0.000385
-0.000446
-0.000413
-0.000501
-0.000518
-0.000536
-0.000532
-0.000512
-0.000498
-0.000522
-0.000440
-0.000467
-0.000455
-0.000433
-0.000474
-0.000496
-0.000471
-0.000526
-0.000510
-0.000512
-0.000478
-0.000482
-0.000478
-0.000559
-0.000537
-0.000607
-0.000648
-0.000618
-0.000524
-0.000604
-0.000651
-0.000672
-0.000706
-0.000677
-0.000636
0.001326
-0.000655
-0.000716
-0.000880
-0.000948
-0.000873
-0.001029
-0.000969
-0.000892
-0.000806
-0.000946
-0.000686
-0.000698
-0.000828
-0.000832
-0.000800
-0.000762
-0.000798
-0.000757
-0.000677
-0.000671
-0.000715
-0.000678
-0.000746
-0.000723
-0.000637
-0.000565
-0.000574
-0.000568
-0.000514
-0.000549
-0.000491
-0.000502
-0.000490
-0.000434
-0.000384
-0.000451
-0.000411
-0.000391
-0.000397
-0.000403
-0.000430
-0.000495
-0.000530
-0.000531
-0.000475
-0.000516
-0.000549
-0.000512
-0.000446
-0.000428
-0.000463
-0.000476
-0.000496
-0.000545
-0.000547
-0.000505
-0.000500
-0.000495
-0.000481
-0.000515
-0.000548
-0.000557
-0.000582
-0.000560
-0.000599
-0.000603
-0.000578
-0.000637
-0.000684
-0.000735
-0.000741
-0.000762
-0.000867
-0.000793
-0.000669
-0.000813
-0.000823
-0.000825
-0.000834
-0.000878
-0.000901
-0.000892
-0.000898
-0.000747
-0.000742
-0.000660
-0.000657
-0.000806
-0.000876
-0.000786
-0.000664
-0.000714
-0.000708
-0.000602
-0.000771
-0.000656
-0.000660
-0.000529
-0.000496
-0.000588
-0.000671
-0.000630
-0.000546
-0.000573
-0.000398
-0.000444
-0.000423
-0.000338
-0.000361
-0.000408
-0.000423
-0.000353
-0.000386
-0.000470
-0.000460
-0.000482
-0.000497
-0.000471
-0.000489
-0.000518
-0.000494
-0.000483
-0.000461
-0.000476
-0.000509
-0.000529
-0.000551
-0.000538
-0.000520
-0.000481
-0.000521
-0.000574
-0.000567
-0.000607
-0.000563
-0.000567
-0.000594
-0.000642
-0.000620
-0.000656
-0.000713
-0.000784
-0.000772
-0.000766
-0.000751
-0.000805
-0.000670
-0.000637
-0.000620
-0.000698
-0.000847
-0.000907
-0.000880
-0.000897
-0.000836
-0.000874
-0.000735
-0.000682
-0.000636
-0.000732
-0.000713
-0.000670
-0.000799
-0.000675
-0.000719
-0.000626
-0.000678
-0.000714
-0.000672
-0.000546
-0.000614
-0.000534
-0.000471
-0.000576
-0.000592
-0.000575
-0.000545
-0.000433
-0.000463
-0.000455
-0.000349
-0.000330
-0.000383
-0.000391
-0.000394
-0.000383
-0.000429
-0.000420
-0.000459
-0.000486
-0.000489
-0.000510
-0.000524
-0.000545
-0.000492
-0.000432
-0.000459
-0.000444
-0.000493
-0.000505
-0.000547
-0.000542
-0.000511
-0.000510
-0.000617
-0.000611
-0.000580
-0.000661
-0.000650
-0.000641
-0.000662
-0.000691
-0.000684
-0.000775
-0.000776
-0.000763
-0.000770
-0.000804
-0.000757
-0.000735
-0.000847
-0.000680
-0.000805
-0.000974
-0.000874
-0.000813
-0.000884
-0.000850
-0.000798
-0.000777
-0.000729
-0.000670
-0.000681
-0.000739
-0.000772
-0.000732
-0.000696
-0.000633
-0.000615
-0.000700
-0.000615
-0.000604
-0.000550
-0.000502
-0.000505
-0.000453
-0.000538
-0.000434
-0.000599
-0.000594
-0.000456
-0.000469
-0.000436
-0.000419
-0.000398
-0.000415
-0.000391
-0.000407
-0.000366
-0.000385
-0.000412
-0.000481
-0.000505
-0.000432
-0.000524
-0.000524
-0.000522
-0.000475
-0.000509
-0.000489
-0.000484
-0.000495
-0.000525
-0.000521
-0.000592
-0.000614
-0.000624
-0.000621
-0.000649
-0.000624
-0.000662
-0.000663
-0.000670
-0.000696
-0.000707
-0.000766
-0.000703
-0.000729
-0.000791
-0.000817
-0.000843
0.000725
-0.000865
-0.000964
-0.000927
-0.000971
-0.000888
-0.000777
-0.000727
-0.000803
-0.000859
-0.000617
-0.000726
-0.000745
-0.000614
-0.000576
-0.000767
-0.000742
-0.000674
-0.000644
-0.000602
-0.000622
-0.000701
-0.000959
-0.000786
-0.000614
-0.000660
-0.000738
-0.000731
-0.000574
-0.000613
-0.000591
-0.000548
-0.000440
-0.000432
-0.000404
-0.000412
-0.000430
-0.000354
-0.000414
-0.000356
-0.000370
-0.000343
-0.000365
-0.000420
-0.000371
-0.000396
-0.000463
-0.000514
-0.000465
-0.000481
-0.000447
-0.000457
-0.000461
-0.000486
-0.000495
-0.000619
-0.000757
-0.000792
-0.000722
-0.000690
-0.000750
-0.000682
-0.000685
-0.000718
-0.000770
-0.000768
-0.000831
-0.000833
-0.000740
-0.000737
-0.000854
-0.000813
-0.000820
-0.000682
-0.000949
-0.000882
-0.000948
-0.000968
-0.000895
-0.000808
-0.000720
-0.000795
-0.000820
-0.000656
-0.000692
-0.000633
-0.000677
-0.000574
-0.000632
-0.000654
-0.000692
-0.000766
-0.000773
-0.000751
-0.000958
-0.002114
-0.003050
0.002367
-0.004412
-0.008835
-0.008847
-0.004129
-0.000890
-0.000545
-0.000526
-0.000417
-0.000371
-0.000452
-0.000528
-0.000398
-0.000332
-0.000349
-0.000277
-0.000264
-0.000177
-0.000179
-0.000333
-0.000423
-0.000458
-0.000492
-0.000421
-0.000479
-0.000472
-0.000463
-0.000475
-0.000497
-0.000497
-0.000543
-0.000605
-0.000809
-0.000656
-0.000766
-0.000735
-0.000757
-0.000732
-0.000724
-0.000801
-0.000768
-0.000788
-0.000776
-0.000833
-0.000832
-0.000786
-0.000834
-0.000835
-0.000974
-0.000767
-0.000961
-0.000910
-0.000966
-0.000936
-0.000784
-0.000744
-0.000699
-0.000675
-0.000830
-0.000738
-0.000696
-0.000700
-0.000608
-0.000585
-0.000586
-0.000711
-0.000628
-0.000636
-0.000643
-0.000945
-0.002212
0.001508
0.000405
-0.001256
-0.001332
0.000755
0.001044
-0.006356
-0.005350
-0.001785
-0.000583
-0.000468
-0.000438
-0.000436
-0.000458
-0.000394
-0.000400
-0.000325
-0.000308
-0.000227
-0.000142
-0.000064
-0.000151
-0.000281
-0.000481
-0.000533
-0.000553
-0.000496
-0.000535
-0.000515
-0.000445
-0.000440
-0.000500
-0.000560
-0.000604
-0.000666
-0.000645
-0.000723
-0.000700
-0.000721
-0.000745
-0.000782
-0.000758
-0.000779
-0.000736
-0.000767
-0.000869
-0.000895
-0.000920
-0.000896
-0.001023
-0.001092
-0.000828
-0.000974
-0.000956
-0.000928
-0.000811
-0.000749
-0.000679
-0.000705
-0.000678
-0.000769
-0.000713
-0.000628
-0.000625
-0.000532
-0.000569
-0.000616
-0.000676
-0.000318
-0.000165
-0.000130
-0.001572
-0.000580
-0.001714
-0.003811
-0.003121
-0.000233
-0.002738
-0.005201
0.007683
-0.000128
-0.001033
-0.000642
-0.000535
-0.000468
-0.000440
-0.000378
-0.000386
-0.000381
-0.000346
-0.000334
-0.000119
0.000024
0.000221
-0.000025
-0.000269
-0.000386
-0.000503
-0.000541
-0.000555
-0.000576
-0.000549
-0.000455
-0.000495
-0.000516
-0.000602
-0.000611
-0.000644
-0.000744
-0.000716
-0.000731
-0.000748
-0.000774
-0.000750
-0.000740
-0.000748
-0.000779
-0.000873
-0.000880
-0.000917
-0.000953
-0.001098
-0.001012
-0.001058
-0.001100
-0.000979
-0.000937
-0.000930
-0.000739
-0.000721
-0.000749
-0.000711
-0.000640
-0.000622
-0.000604
-0.000571
-0.000564
-0.000557
-0.000531
-0.000177
-0.000073
-0.000734
-0.000190
0.000772
0.001108
-0.000673
-0.000402
-0.000741
-0.001780
-0.000376
0.002090
0.001873
0.013057
0.000361
-0.000070
-0.000484
-0.000490
-0.000405
-0.000378
-0.000234
-0.000162
-0.000162
-0.000225
-0.000307
-0.000169
-0.000060
-0.000042
-0.000145
-0.000284
-0.000412
-0.000418
-0.000568
-0.000617
-0.000608
-0.000561
-0.000502
-0.000554
-0.000562
-0.000577
-0.000613
-0.000648
-0.000742
-0.000850
-0.000770
-0.000760
-0.000729
-0.000757
-0.000793
-0.000781
-0.000861
-0.000935
-0.000946
-0.000933
-0.001082
-0.001064
-0.000954
-0.000970
-0.001000
-0.000976
-0.000948
-0.000873
-0.000714
-0.000650
-0.000701
-0.000765
-0.000631
-0.000553
-0.000553
-0.000533
-0.000551
-0.000550
-0.000111
-0.001891
0.000246
-0.000194
0.000144
0.000004
0.000402
-0.000637
-0.000437
-0.000341
-0.001903
-0.000622
0.001198
0.002271
0.005718
0.008223
0.004575
0.000614
-0.000151
-0.000657
-0.000180
0.002292
0.004275
0.003377
0.001355
0.000042
-0.000262
-0.000221
-0.000200
-0.000253
-0.000320
-0.000417
-0.000500
-0.000563
-0.000584
-0.000625
-0.000611
-0.000542
-0.000548
-0.000580
-0.000623
-0.000631
-0.000647
-0.000679
-0.000709
-0.000821
-0.000815
-0.000783
-0.000766
-0.000752
-0.000812
-0.000885
-0.000941
-0.000922
-0.000989
-0.001050
-0.000910
-0.000904
-0.000954
-0.000965
-0.000930
-0.000913
-0.000805
-0.000684
-0.000641
-0.000630
-0.000680
-0.000641
-0.000664
-0.000636
-0.000525
-0.000532
-0.000183
-0.002318
0.001312
0.001114
0.000598
0.000009
-0.001243
-0.000805
-0.000376
-0.000731
0.000296
0.001260
0.002350
-0.000049
0.000883
0.006776
0.013765
0.011367
0.005073
0.004336
0.002344
0.002744
0.002445
0.003753
0.006528
0.006662
0.003401
0.000657
-0.000107
-0.000237
-0.000332
-0.000343
-0.000419
-0.000488
-0.000618
-0.000614
-0.000642
-0.000623
-0.000532
-0.000612
-0.000634
-0.000631
-0.000645
-0.000666
-0.000697
-0.000695
-0.000714
-0.000812
-0.000646
-0.000785
-0.000829
-0.000850
-0.000803
-0.000852
-0.000973
-0.001049
-0.000890
-0.000892
-0.000900
-0.001009
-0.000857
-0.000869
-0.000843
-0.000706
-0.000697
-0.000708
-0.000621
-0.000582
-0.000594
-0.000623
-0.000567
-0.000522
-0.000178
-0.000760
-0.004267
0.000419
0.000288
-0.001052
-0.000437
-0.000531
-0.000644
-0.000452
-0.000995
0.000760
0.003799
-0.000971
-0.003269
-0.002898
0.000637
0.002914
0.002962
0.001744
-0.001547
-0.002132
0.001600
0.001019
0.001435
0.004921
0.005905
0.004720
0.002789
0.000350
0.000419
-0.000538
-0.000552
-0.000490
-0.000612
-0.000650
-0.000595
-0.000677
-0.000642
-0.000608
-0.000621
-0.000624
-0.000638
-0.000653
-0.000683
-0.000772
-0.000793
-0.000838
-0.000907
-0.000948
-0.000920
-0.000842
-0.000857
-0.000832
-0.000884
-0.000990
-0.000900
-0.000787
-0.000793
-0.001027
-0.001108
-0.000596
-0.000916
-0.000800
-0.000669
-0.000691
-0.000649
-0.000687
-0.000649
-0.000571
-0.000593
-0.000532
-0.000445
-0.000445
-0.001004
-0.005369
-0.002129
0.000252
-0.000793
-0.000391
-0.000334
-0.000503
-0.000358
-0.000431
0.001351
0.002116
-0.001381
-0.004220
-0.003672
-0.000926
0.001024
-0.000302
0.001551
-0.001248
-0.003420
-0.002378
-0.000782
0.000797
0.002893
0.004289
0.003268
0.002329
-0.000761
-0.001939
-0.001847
-0.001375
-0.000851
-0.000686
-0.000636
-0.000644
-0.000629
-0.000710
-0.000640
-0.000648
-0.000669
-0.000662
-0.000725
-0.000791
-0.000793
-0.000815
-0.000875
-0.000995
-0.000938
-0.000933
-0.000806
-0.000774
-0.000856
-0.000940
-0.000869
-0.000848
-0.000782
-0.001035
-0.001166
-0.001109
-0.000862
-0.000660
-0.000497
-0.000548
-0.000572
-0.000619
-0.000594
-0.000593
-0.000607
-0.000629
-0.000555
-0.000481
-0.000446
-0.001091
-0.002902
-0.003736
-0.002785
-0.000717
-0.000414
-0.000764
-0.000756
0.000063
0.002021
0.002367
0.002113
0.000803
-0.001067
-0.000805
-0.000199
-0.000753
-0.000236
0.000254
0.000719
-0.000077
-0.000278
0.000438
0.000699
0.000702
0.002193
0.001559
-0.000393
-0.002539
-0.002406
-0.004116
-0.009580
-0.002108
-0.001186
-0.000724
-0.000714
-0.000690
-0.000660
-0.000689
-0.000730
-0.000694
-0.000766
-0.000798
-0.000826
-0.000800
-0.000917
-0.000973
-0.000933
-0.000886
-0.000870
-0.000820
-0.000793
-0.000861
-0.000837
-0.000774
-0.000992
-0.001009
-0.000970
-0.000898
-0.000977
-0.000777
-0.000545
-0.000499
-0.000369
-0.000443
-0.000423
-0.000591
-0.000579
-0.000616
-0.000658
-0.000586
-0.000484
-0.000467
-0.000661
-0.003200
-0.003529
0.002875
-0.002386
-0.002270
-0.001936
-0.000633
0.001567
0.004223
0.007400
0.010993
0.003769
0.002726
0.003190
0.002080
0.002937
0.000126
0.000323
-0.000324
-0.000158
0.000093
0.000147
0.000783
-0.000054
0.000345
0.000229
-0.000064
0.000137
0.000566
-0.000076
-0.001028
-0.000942
-0.003389
-0.000761
-0.000745
-0.000697
-0.000696
-0.000782
-0.000864
-0.000851
-0.000782
-0.000799
-0.000866
-0.000914
-0.000996
-0.000949
-0.000875
-0.000858
-0.000892
-0.000819
-0.000845
-0.000813
-0.000837
-0.000896
-0.001022
-0.001010
-0.001002
-0.000982
-0.000910
-0.000663
-0.000406
-0.000548
-0.000658
-0.000612
-0.000696
-0.000496
-0.000469
-0.000587
-0.000612
-0.000583
-0.000528
-0.000505
-0.000616
-0.001664
-0.001109
0.001401
0.001702
-0.000642
0.000952
0.001886
0.004159
0.004994
0.006483
0.003611
0.000806
0.001053
-0.000104
-0.000112
0.004107
0.003517
0.006059
0.005138
0.001142
0.000146
0.002638
0.000240
-0.000429
-0.000279
-0.000374
-0.000465
-0.000384
-0.000356
0.000724
0.006329
0.002367
0.001321
0.004104
0.000700
-0.000716
-0.000753
-0.000788
-0.000803
-0.000787
-0.000803
-0.000863
-0.000927
-0.000933
-0.000887
-0.000966
-0.000882
-0.000838
-0.000850
-0.000865
-0.000852
-0.000813
-0.000916
-0.001032
-0.001161
-0.001122
-0.001104
-0.001070
-0.001173
-0.000613
-0.000699
-0.000689
-0.000762
-0.000722
-0.000693
-0.000450
-0.000478
-0.000579
-0.000584
-0.000566
-0.000551
-0.000515
-0.000840
-0.000661
-0.000805
-0.000884
-0.000284
0.000370
0.002056
0.003587
0.003829
0.002599
0.005364
0.005501
0.004177
0.004037
0.001372
-0.000632
-0.001125
0.000624
0.001901
0.003628
0.000515
0.000488
-0.000152
-0.000887
0.000352
0.001748
0.001846
-0.000139
-0.000609
0.000430
-0.000836
-0.002625
0.001381
0.009976
0.006976
0.004083
-0.000426
-0.000801
-0.000885
-0.000848
-0.000845
-0.000833
-0.000874
-0.000916
-0.000837
-0.000893
-0.000888
-0.000826
-0.000830
-0.000715
-0.000812
-0.000807
-0.000831
-0.001016
-0.001146
-0.001129
-0.001216
-0.001111
-0.001108
-0.001025
-0.000653
-0.000599
-0.000755
-0.000741
-0.000652
-0.000614
-0.000579
-0.000602
-0.000636
-0.000592
-0.000548
-0.000571
-0.000585
-0.000474
-0.000696
-0.000872
0.000054
-0.000650
-0.000353
0.000106
-0.000870
-0.000869
0.000309
0.001254
0.001434
0.002642
0.000563
-0.001441
-0.002686
-0.004804
-0.004341
-0.002365
-0.004925
-0.003847
-0.000259
-0.000132
-0.001080
0.005863
0.011499
0.014731
0.013049
0.012651
0.005274
0.000358
-0.000996
-0.001617
-0.000405
0.000594
0.003061
-0.000717
-0.000991
-0.000837
-0.000905
-0.000858
-0.000792
-0.000888
-0.000882
-0.000823
-0.000921
-0.000871
-0.000856
-0.000886
-0.000874
-0.000985
-0.000914
-0.001002
-0.001032
-0.001023
-0.000991
-0.001085
-0.001025
-0.000991
-0.000949
-0.000639
-0.000642
-0.000709
-0.000754
-0.000621
-0.000573
-0.000555
-0.000648
-0.000636
-0.000582
-0.000582
-0.000600
-0.000629
-0.000688
-0.000698
-0.000596
-0.000630
-0.000535
-0.000599
-0.000782
-0.000739
-0.000487
-0.001046
-0.001144
0.002512
-0.003814
-0.011888
-0.011779
-0.010781
-0.008821
-0.008056
-0.008722
-0.007969
-0.004390
-0.001090
-0.001251
-0.000820
0.001592
0.008195
0.010831
0.012027
0.006026
0.003345
0.004149
0.002215
0.003026
0.002205
-0.006354
-0.007826
-0.004823
-0.001169
-0.000532
-0.000918
-0.000908
-0.000765
-0.000805
-0.000897
-0.000854
-0.000881
-0.000910
-0.000887
-0.000887
-0.000986
-0.001000
-0.000962
-0.001048
-0.001139
-0.001153
-0.001094
-0.000953
-0.000980
-0.000955
-0.000979
-0.000884
-0.000682
-0.000651
-0.000775
-0.000638
-0.000555
-0.000602
-0.000664
-0.000663
-0.000591
-0.000557
-0.000634
-0.000660
-0.000670
-0.000706
-0.000642
-0.000604
-0.000593
-0.000637
-0.000684
-0.000635
-0.000061
0.006128
0.004057
0.002215
-0.001752
-0.009171
-0.010047
-0.010698
-0.008857
-0.009381
-0.011827
-0.009113
-0.004767
-0.001494
-0.002698
0.001627
0.001407
0.002283
0.007367
0.002423
0.000834
0.000553
0.009429
-0.000476
0.001363
0.000270
0.000492
-0.007303
-0.007568
-0.001781
0.000206
-0.001193
-0.000772
-0.000704
-0.000820
-0.000862
-0.000845
-0.000771
-0.000851
-0.000928
-0.000946
-0.001020
-0.001069
-0.001143
-0.001203
-0.001070
-0.001035
-0.001113
-0.001013
-0.000938
-0.001014
-0.001082
-0.000963
-0.000695
-0.000560
-0.000682
-0.000712
-0.000594
-0.000649
-0.000585
-0.000591
-0.000566
-0.000628
-0.000678
-0.000695
-0.000741
-0.000734
-0.000703
-0.000689
-0.000609
-0.000639
-0.000566
-0.000398
0.002290
0.007030
0.004943
0.001234
-0.001646
-0.005518
-0.008582
-0.011079
-0.010747
-0.013348
-0.018067
-0.013267
-0.005413
-0.001933
-0.000402
0.000771
0.001168
0.002267
0.003048
0.006927
0.006835
0.007407
0.001418
-0.009982
-0.010945
0.002204
-0.004610
-0.004942
-0.002988
-0.000880
-0.015934
-0.024835
0.000347
-0.000752
-0.000885
-0.000966
-0.000867
-0.000877
-0.000968
-0.000923
-0.000895
-0.001058
-0.001258
-0.001200
-0.001246
-0.001029
-0.001008
-0.000946
-0.000905
-0.001062
-0.001094
-0.000986
-0.001040
-0.000652
-0.000563
-0.000612
-0.000715
-0.000697
-0.000627
-0.000533
-0.000662
-0.000636
-0.000670
-0.000639
-0.000701
-0.000807
-0.000684
-0.000654
-0.000700
-0.000723
-0.000404
-0.000352
-0.000349
0.000715
0.007274
0.005213
0.003678
-0.000818
-0.007337
-0.010568
-0.014858
-0.017600
-0.014171
-0.015995
-0.011168
-0.001194
-0.000813
-0.001540
-0.000837
0.000504
0.001934
0.002276
0.001853
0.002435
0.003662
0.001052
-0.001916
-0.006619
-0.019147
-0.005066
-0.001930
0.003843
-0.011425
-0.024781
-0.021054
-0.013082
0.000547
-0.000077
-0.000747
-0.000812
-0.000894
-0.000960
-0.001020
-0.001015
-0.001091
-0.001101
-0.001161
-0.001056
-0.000998
-0.001000
-0.000937
-0.001052
-0.001015
-0.000921
-0.000978
-0.001066
-0.000749
-0.000615
-0.000597
-0.000486
-0.000745
-0.000671
-0.000706
-0.000689
-0.000713
-0.000660
-0.000631
-0.000765
-0.000749
-0.000755
-0.000739
-0.000692
-0.000499
-0.000455
-0.000480
-0.000563
-0.000570
0.003373
0.005539
0.003555
-0.002102
-0.011743
-0.019595
-0.017159
-0.015773
-0.018545
-0.017709
-0.009841
0.002749
0.000613
-0.000237
-0.001284
0.000360
0.001904
0.002928
0.001110
0.002302
0.001264
0.001110
0.001752
0.001748
-0.003265
-0.006507
0.009458
0.002332
-0.008405
-0.024262
-0.016971
-0.012760
-0.003768
0.003646
0.000379
-0.000726
-0.000831
-0.000953
-0.001048
-0.000872
-0.000896
-0.001018
-0.001077
-0.001032
-0.001012
-0.001022
-0.001165
-0.001118
-0.001085
-0.001055
-0.001010
-0.000998
-0.000847
-0.000723
-0.000661
-0.000710
-0.000704
-0.000902
-0.000871
-0.000754
-0.000701
-0.000662
-0.000689
-0.000723
-0.000766
-0.000680
-0.000634
-0.000435
-0.000320
-0.000559
-0.000580
-0.000718
-0.000908
-0.001124
0.003408
0.003790
-0.002533
-0.009734
-0.008482
-0.008459
-0.010659
-0.015996
-0.017259
-0.008331
-0.001491
-0.001743
-0.002152
-0.001000
-0.000152
-0.000031
0.001744
0.001825
0.001464
0.000174
0.001271
0.001326
0.001699
0.001915
-0.000247
0.008355
0.010504
-0.012451
-0.019175
-0.012423
0.000295
0.012193
0.014072
0.025996
-0.000168
-0.000545
-0.000951
-0.000910
-0.000969
-0.001077
-0.001015
-0.001158
-0.001048
-0.000997
-0.001111
-0.001187
-0.001263
-0.001099
-0.001010
-0.001002
-0.001099
-0.000905
-0.000854
-0.000758
-0.000734
-0.000805
-0.000983
-0.000829
-0.000578
-0.000363
-0.000643
-0.000565
-0.000748
-0.000483
-0.000375
-0.000334
-0.000391
-0.000496
-0.000418
-0.000676
-0.000749
-0.000903
-0.001431
0.000452
0.004520
-0.000053
-0.003978
-0.007065
-0.009708
-0.009223
-0.016348
-0.011542
-0.007576
-0.003492
0.000034
-0.001504
-0.001423
-0.000594
0.000254
0.001991
0.000557
0.000656
0.000720
0.001600
0.001151
0.001153
0.000161
0.002636
-0.000480
-0.001393
-0.013743
-0.011529
0.002591
0.016992
0.031299
0.033610
0.022787
0.001716
-0.000152
0.000163
0.000018
-0.000042
-0.001047
-0.001105
-0.000955
-0.000952
-0.000935
-0.001086
-0.001110
-0.001199
-0.001052
-0.000922
-0.001050
-0.001122
-0.000879
-0.000978
-0.000760
-0.000833
-0.000834
-0.000844
-0.000746
-0.000769
-0.000725
-0.000585
-0.000625
-0.000786
-0.000086
-0.000389
-0.000389
-0.000506
-0.000581
-0.000511
-0.000667
-0.000704
-0.000883
-0.000859
-0.000766
-0.000943
-0.001693
-0.001531
-0.000954
-0.002577
-0.000878
-0.008628
-0.006413
-0.003216
-0.002338
-0.002108
-0.000144
0.000335
0.001266
0.000859
0.001780
-0.000041
0.000005
0.000905
0.001292
0.001112
0.000500
0.000862
0.002234
0.002300
0.000815
-0.009167
-0.003891
0.009904
0.031557
0.030164
0.019652
0.000856
0.006389
0.001032
0.000851
-0.000779
-0.000344
0.000248
-0.000050
-0.000929
-0.001019
-0.000999
-0.000968
-0.001065
-0.001070
-0.001046
-0.001051
-0.001081
-0.000968
-0.000790
-0.000860
-0.000881
-0.000867
-0.000916
-0.000706
-0.000704
-0.000792
-0.000731
-0.000761
-0.000861
-0.000776
-0.000253
-0.000300
-0.000140
-0.000030
-0.000469
-0.000472
-0.000545
-0.000693
-0.000877
-0.001136
-0.001254
-0.001204
-0.001200
-0.001197
-0.001251
-0.001289
-0.001323
-0.001539
-0.000539
-0.003557
-0.001843
-0.001275
0.000155
0.000419
0.001378
0.001520
0.000725
0.000297
0.000461
-0.001859
-0.002481
-0.003313
-0.003710
-0.002685
-0.002525
-0.000118
-0.001894
-0.002283
0.005057
0.029868
0.024511
0.014050
0.003468
0.001320
-0.000842
0.006564
0.001977
-0.000083
0.000673
-0.000003
-0.001170
0.000081
-0.000304
-0.000566
-0.000960
-0.000973
-0.001043
-0.001084
-0.001185
-0.001220
-0.000959
-0.000825
-0.000865
-0.000837
-0.000726
-0.000865
-0.000906
-0.000917
-0.000719
-0.000678
-0.000805
-0.000996
-0.000837
-0.000921
-0.001071
-0.001085
-0.000652
-0.001056
-0.001181
-0.001164
-0.001150
-0.001000
-0.001094
-0.001215
-0.001318
-0.001298
-0.001314
-0.001296
-0.001254
-0.001179
-0.001307
-0.001130
-0.000707
-0.000179
0.000043
0.000155
0.000028
-0.000109
0.002343
-0.000204
0.000466
-0.001810
-0.003690
-0.005024
-0.006000
-0.010082
-0.010031
-0.007238
0.001050
-0.004869
-0.013960
-0.000554
0.016285
0.003619
-0.000066
-0.002180
-0.002459
-0.000065
-0.001409
-0.000617
-0.000915
-0.000922
-0.001119
-0.001128
-0.001152
-0.001077
-0.001026
-0.000882
-0.000923
-0.000987
-0.001099
-0.001145
-0.001174
-0.001022
-0.000831
-0.000908
-0.000847
-0.000540
-0.000756
-0.000770
-0.000744
-0.000854
-0.000882
-0.000910
-0.000632
-0.000970
-0.001114
-0.001263
-0.001080
-0.000762
-0.001027
-0.001047
-0.000988
-0.000992
-0.001022
-0.001122
-0.001223
-0.001179
-0.001276
-0.001271
-0.001217
-0.001247
-0.001331
-0.001410
-0.001401
-0.001370
-0.001435
-0.001410
-0.001317
-0.001432
-0.001413
-0.000062
0.000005
-0.000087
-0.000117
-0.000525
-0.000359
0.000212
-0.003242
-0.011412
-0.009840
-0.008528
-0.013804
-0.020032
-0.021853
-0.006279
-0.003594
-0.002612
-0.001850
-0.003160
-0.001198
-0.000793
-0.000756
-0.000829
-0.000952
-0.001040
-0.000973
-0.001089
-0.001099
-0.001118
-0.001057
-0.001007
-0.000986
-0.001011
-0.001076
-0.001095
-0.001035
-0.000832
-0.000910
-0.000802
-0.000786
-0.000540
-0.000843
-0.000909
-0.001036
-0.001224
-0.001173
-0.000930
-0.000849
-0.001146
-0.001241
-0.001204
-0.001025
-0.000938
-0.001128
-0.001110
-0.001054
-0.001028
-0.001171
-0.001220
-0.001215
-0.001267
-0.001309
-0.001282
-0.001371
-0.001209
-0.001409
-0.001543
-0.001508
-0.001458
-0.001495
-0.001437
-0.001221
-0.001360
-0.001552
-0.001586
-0.001645
-0.001630
-0.001616
-0.001578
-0.001517
0.000246
-0.008389
-0.021191
-0.023644
-0.023156
-0.026941
-0.026139
-0.001811
-0.001412
-0.001397
-0.001995
-0.002200
-0.001310
-0.001002
-0.000896
-0.000891
-0.000909
-0.000907
-0.001025
-0.001148
-0.001079
-0.001112
-0.001107
-0.000952
-0.000939
-0.000964
-0.001021
-0.001138
-0.001208
-0.000950
-0.000908
-0.000911
-0.000877
-0.001011
-0.001179
-0.001098
-0.001177
-0.001158
-0.001078
-0.001164
-0.000980
-0.000936
-0.001044
-0.001081
-0.001086
-0.001223
-0.001187
-0.001212
-0.001191
-0.001264
-0.001233
-0.001306
-0.001501
-0.001431
-0.001365
-0.001455
-0.001120
-0.001141
-0.001432
-0.001386
-0.001380
-0.001320
-0.001545
-0.001465
-0.001540
-0.001595
-0.001522
-0.001456
-0.001583
-0.001688
-0.001621
-0.001605
-0.001732
-0.001619
0.001076
-0.026624
-0.025661
-0.022662
-0.018777
-0.011179
-0.007273
-0.002116
-0.001669
-0.001099
-0.000896
-0.001123
-0.001170
-0.000898
-0.000948
-0.000885
-0.001025
-0.001124
-0.001167
-0.001346
-0.001172
-0.000974
-0.000965
-0.000969
-0.000912
-0.000988
-0.001068
-0.001113
-0.001011
-0.000966
-0.001005
-0.001053
-0.001216
-0.001357
-0.001316
-0.001231
-0.001160
-0.001267
-0.001323
-0.001226
-0.000994
-0.000955
-0.000846
-0.001238
-0.001369
-0.001372
-0.001167
-0.001213
-0.001276
-0.001257
-0.001333
-0.001558
-0.001594
-0.001503
-0.001531
-0.001238
-0.001387
-0.001473
-0.001502
-0.001371
-0.001450
-0.001642
-0.001747
-0.001619
-0.001580
-0.001541
-0.001686
-0.001804
-0.001878
-0.001855
-0.001753
-0.001776
-0.001518
-0.001276
-0.002901
-0.020000
-0.018195
-0.012514
-0.005033
-0.002329
-0.004410
-0.002543
-0.000738
-0.001083
-0.001393
-0.001156
-0.000914
-0.000927
-0.001081
-0.001339
-0.001148
-0.001323
-0.001606
-0.001139
-0.001103
-0.001061
-0.001078
-0.001034
-0.001173
-0.001088
-0.001310
-0.001056
-0.000952
-0.001039
-0.001170
-0.001250
-0.001372
-0.001352
-0.001230
-0.001298
-0.001255
-0.001326
-0.001265
-0.001153
-0.000820
-0.001041
-0.001202
-0.001378
-0.001427
-0.001234
-0.001281
-0.001322
-0.001387
-0.001541
-0.001681
-0.001792
-0.001555
-0.001420
-0.001238
-0.001537
-0.001467
-0.001545
-0.001621
-0.001659
-0.001804
-0.001615
-0.001640
-0.001524
-0.001792
-0.001821
-0.002114
-0.001992
-0.002031
-0.002040
-0.001984
-0.001701
-0.001618
-0.001728
-0.004102
-0.005881
-0.010067
-0.002938
-0.001488
-0.002431
-0.001792
-0.001778
-0.001519
-0.001277
-0.001041
-0.001005
-0.000950
-0.001050
-0.001182
-0.001301
-0.001358
-0.001278
-0.001240
-0.001309
-0.001292
-0.001209
-0.001130
-0.001306
-0.001350
-0.001365
-0.001112
-0.001088
-0.001080
-0.001121
-0.001152
-0.001206
-0.001200
-0.001140
-0.001184
-0.001240
-0.001272
-0.001241
-0.001148
-0.000845
-0.001069
-0.001120
-0.001261
-0.001300
-0.001407
-0.001317
-0.001298
-0.001381
-0.001494
-0.001692
-0.001862
-0.001846
-0.001739
-0.001705
-0.001706
-0.001657
-0.001609
-0.001738
-0.001761
-0.001691
-0.001541
-0.001547
-0.001622
-0.001673
-0.001549
-0.001741
-0.001750
-0.001672
-0.001993
-0.002023
-0.001857
-0.001852
-0.001852
-0.002147
-0.002308
-0.002514
-0.002202
-0.001909
-0.001548
-0.001368
-0.001586
-0.001283
-0.001321
-0.001158
-0.001159
-0.001179
-0.001119
-0.001174
-0.001355
-0.001132
-0.001208
-0.001141
-0.001241
-0.000987
-0.000998
-0.001147
-0.001322
-0.001248
-0.001062
-0.001142
-0.001107
-0.001077
-0.001196
-0.001106
-0.001182
-0.001210
-0.001256
-0.001243
-0.001198
-0.001222
-0.001287
-0.001289
-0.001035
-0.001073
-0.001101
-0.001236
-0.001364
-0.001363
-0.001264
-0.001253
-0.001367
-0.001422
-0.001618
-0.001583
-0.001800
-0.001695
-0.001773
-0.001795
-0.001675
-0.001832
-0.001954
-0.001927
-0.001954
-0.001629
-0.001770
-0.001939
-0.002228
-0.002180
-0.001841
-0.001880
-0.001775
-0.001737
-0.001954
-0.001908
-0.001760
-0.001776
-0.001794
-0.001871
-0.001782
-0.001534
-0.001584
-0.001605
-0.001308
-0.001369
-0.001318
-0.001301
-0.001194
-0.001118
-0.001063
-0.001155
-0.001257
-0.001037
-0.000992
-0.001219
-0.001156
-0.001026
-0.000878
-0.001010
-0.001096
-0.001069
-0.001170
-0.001307
-0.001186
-0.001182
-0.001246
-0.001099
-0.001189
-0.001133
-0.001227
-0.001379
-0.001359
-0.001307
-0.001307
-0.001272
-0.001211
-0.000916
-0.001280
-0.001190
-0.001346
-0.001507
-0.001401
-0.001297
-0.001254
-0.001353
-0.001592
-0.001447
-0.001513
-0.001552
-0.001496
-0.001694
-0.001651
-0.001525
-0.001911
-0.001911
-0.001902
-0.002034
-0.001667
-0.001988
-0.001979
-0.002159
-0.002054
-0.001958
-0.001759
-0.001962
-0.001868
-0.001812
-0.001551
-0.001681
-0.001803
-0.001553
-0.001687
-0.001480
-0.001295
-0.001598
-0.001568
-0.001436
-0.001452
-0.001429
-0.001204
-0.001016
-0.001182
-0.001132
-0.001103
-0.001081
-0.001139
-0.001023
-0.001117
-0.001163
-0.000951
-0.000917
-0.001105
-0.001154
-0.001140
-0.001138
-0.001070
-0.001049
-0.001161
-0.001180
-0.001123
-0.001035
-0.001010
-0.001195
-0.001295
-0.001377
-0.001191
-0.001267
-0.001176
-0.001133
-0.001150
-0.001245
-0.001188
-0.001235
-0.001389
-0.001235
-0.001240
-0.001167
-0.001272
-0.001504
-0.001401
-0.001539
-0.001307
-0.001393
-0.001679
-0.001682
-0.001719
-0.001820
-0.001717
-0.001830
-0.001908
-0.002042
-0.002045
-0.001969
-0.001956
-0.001994
-0.001884
-0.001805
-0.001963
-0.001539
-0.001464
-0.001640
-0.001573
-0.001469
-0.001674
-0.001631
-0.001426
-0.001411
-0.001653
-0.001580
-0.001519
-0.001496
-0.001172
-0.001062
-0.001024
-0.001000
-0.001161
-0.001049
-0.001046
-0.001004
-0.000991
-0.001088
-0.001068
-0.000942
-0.001053
-0.001162
-0.001128
-0.001069
-0.000911
-0.000805
