-0.000240
-0.000265
-0.000280
0.000632
-0.000220
-0.000382
-0.000532
0.000438
-0.000792
-0.000778
-0.000754
-0.000603
-0.000893
-0.000780
-0.000890
-0.000808
-0.000794
-0.000813
-0.000880
-0.000947
-0.000988
-0.000979
-0.001004
-0.001022
-0.000990
-0.000818
-0.000979
-0.000713
-0.000820
-0.000906
-0.000810
-0.000705
-0.000661
-0.000693
-0.000722
-0.000766
-0.000788
-0.000686
-0.000631
-0.000673
-0.000610
-0.000597
-0.000629
-0.000749
-0.000718
-0.000715
-0.000612
-0.000686
-0.000759
-0.000708
-0.000769
-0.000736
-0.000755
-0.000739
-0.000820
-0.000755
-0.000700
-0.000685
-0.000793
-0.000821
-0.000718
-0.000493
-0.000321
-0.000162
0.000142
0.000113
-0.001158
0.000137
0.000174
0.000043
0.000061
0.000056
0.000195
-0.000550
-0.000580
-0.000636
-0.000659
-0.000661
-0.000565
-0.000629
-0.000714
-0.000771
-0.000791
-0.000753
-0.000870
-0.000889
-0.000871
-0.000869
-0.000756
-0.000731
-0.000775
-0.000759
-0.000784
-0.000819
-0.000820
-0.000828
-0.000896
-0.000783
-0.000689
-0.000783
-0.000631
-0.000817
-0.000846
-0.000747
-0.000620
-0.000676
-0.000686
-0.000730
-0.000745
-0.000815
-0.000748
-0.000664
-0.000695
-0.000613
-0.000561
-0.000525
-0.000612
-0.000677
-0.000715
-0.000702
-0.000724
-0.000752
-0.000678
-0.000694
-0.000660
-0.000634
-0.000607
-0.000801
-0.000699
-0.000601
-0.000609
-0.000667
-0.000706
-0.000648
-0.000629
-0.000705
-0.000741
-0.000767
-0.000697
-0.000711
-0.000707
-0.000655
-0.000706
-0.000660
-0.000743
-0.000486
-0.000482
-0.000584
-0.000628
-0.000665
-0.000661
-0.000658
-0.000741
-0.000777
-0.000728
-0.000775
-0.000740
-0.000771
-0.000897
-0.000786
-0.000704
-0.000679
-0.000764
-0.000724
-0.000793
-0.000769
-0.000816
-0.000762
-0.000818
-0.000798
-0.000733
-0.000779
-0.000699
-0.000775
-0.000746
-0.000848
-0.000783
-0.000697
-0.000657
-0.000676
-0.000664
-0.000733
-0.000729
-0.000760
-0.000612
-0.000653
-0.000655
-0.000706
-0.000616
-0.000740
-0.000701
-0.000742
-0.000731
-0.000731
-0.000664
-0.000787
-0.000695
-0.000700
-0.000666
-0.000632
-0.000730
-0.000763
-0.000716
-0.000633
-0.000648
-0.000624
-0.000639
-0.000644
-0.000663
-0.000668
-0.000701
-0.000741
-0.000615
-0.000727
-0.000747
-0.000706
-0.000724
-0.000779
-0.000659
-0.000505
-0.000590
-0.000674
-0.000688
-0.000685
-0.000684
-0.000679
-0.000730
-0.000756
-0.000806
-0.000749
-0.000777
-0.000690
-0.000687
-0.000704
-0.000660
-0.000662
-0.000781
-0.000805
-0.000675
-0.000740
-0.000820
-0.000786
-0.000705
-0.000780
-0.000853
-0.000797
-0.000760
-0.000725
-0.000765
-0.000743
-0.000751
-0.000645
-0.000693
-0.000658
-0.000689
-0.000717
-0.000708
-0.000707
-0.000672
-0.000529
-0.000731
-0.000728
-0.000815
-0.000805
-0.000698
-0.000647
-0.000730
-0.000779
-0.000766
-0.000569
-0.000714
-0.000684
-0.000647
-0.000619
-0.000648
-0.000646
-0.000685
-0.000760
-0.000693
-0.000657
-0.000622
-0.000704
-0.000719
-0.000684
-0.000775
-0.000755
-0.000753
-0.000846
-0.000722
-0.000749
-0.000801
-0.000656
-0.000523
-0.000555
-0.000633
-0.000683
-0.000725
-0.000703
-0.000765
-0.000723
-0.000666
-0.000758
-0.000764
-0.000790
-0.000754
-0.000720
-0.000678
-0.000670
-0.000614
-0.000706
-0.000759
-0.000699
-0.000841
-0.000791
-0.000838
-0.000738
-0.000545
-0.000770
-0.000778
-0.000737
-0.000606
-0.000746
-0.000719
-0.000749
-0.000737
-0.000619
-0.000621
-0.000528
-0.000628
-0.000554
-0.000406
-0.000525
-0.000716
-0.000707
-0.000778
-0.000846
-0.000864
-0.000649
-0.000651
-0.000745
-0.000705
-0.000761
-0.000679
-0.000707
-0.000655
-0.000597
-0.000576
-0.000708
-0.000711
-0.000658
-0.000661
-0.000644
-0.000600
-0.000619
-0.000668
-0.000799
-0.000797
-0.000733
-0.000647
-0.000853
-0.000847
-0.000758
-0.000777
-0.000780
-0.002169
-0.000458
-0.000508
-0.000585
-0.000666
-0.000767
-0.000751
-0.000791
-0.000599
-0.000781
-0.000863
-0.000786
-0.000684
-0.000757
-0.000798
-0.000680
-0.000685
-0.000746
-0.000724
-0.000777
-0.000668
-0.000751
-0.000818
-0.000791
-0.000727
-0.000645
-0.000732
-0.000736
-0.000773
-0.000578
-0.000716
-0.000724
-0.000727
-0.000660
-0.000561
-0.000551
-0.000524
-0.000554
-0.000558
-0.000505
-0.000520
-0.000595
-0.000659
-0.000775
-0.000771
-0.000811
-0.000704
-0.000608
-0.000593
-0.000579
-0.000612
-0.000673
-0.000590
-0.000505
-0.000547
-0.000554
-0.000600
-0.000439
-0.000494
-0.000542
-0.000614
-0.000609
-0.000600
-0.000677
-0.000665
-0.000811
-0.000716
-0.000928
-0.000818
-0.000756
-0.000760
-0.000789
-0.000773
-0.000746
-0.000531
-0.000586
-0.000630
-0.000638
-0.000786
-0.000796
-0.000797
-0.000666
-0.000790
-0.000816
-0.000678
-0.000674
-0.000778
-0.000855
-0.000773
-0.000742
-0.000742
-0.000860
-0.000836
-0.000799
-0.000816
-0.000792
-0.000754
-0.000736
-0.000659
-0.000657
-0.000661
-0.000773
-0.000756
-0.000555
-0.000589
-0.000653
-0.000763
-0.000735
-0.000649
-0.000622
-0.000559
-0.000505
-0.000605
-0.000536
-0.000607
-0.000769
-0.000699
-0.000738
-0.000734
-0.000657
-0.000577
-0.000617
-0.000634
-0.000571
-0.000560
-0.000539
-0.000543
-0.000556
-0.000474
-0.000509
-0.000546
-0.000572
-0.000652
-0.000600
-0.000620
-0.000617
-0.000705
-0.000649
-0.000736
-0.000863
-0.000766
-0.000723
-0.000696
-0.000664
-0.000809
-0.000808
-0.000823
-0.000552
-0.000582
-0.000649
-0.000691
-0.000719
-0.000705
-0.000704
-0.000743
-0.000608
-0.000571
-0.000600
-0.000621
-0.000686
-0.000763
-0.000845
-0.000851
-0.000964
-0.000959
-0.000891
-0.000762
-0.000792
-0.000795
-0.000808
-0.000689
-0.000705
-0.000713
-0.000723
-0.000737
-0.000707
-0.000633
-0.000665
-0.000779
-0.000809
-0.000708
-0.000593
-0.000575
-0.000584
-0.000498
-0.000639
-0.000647
-0.000627
-0.000730
-0.000681
-0.000615
-0.000615
-0.000546
-0.000533
-0.000560
-0.000613
-0.000564
-0.000558
-0.000581
-0.000517
-0.000537
-0.000472
-0.000493
-0.000589
-0.000558
-0.000495
-0.000537
-0.000674
-0.000720
-0.000792
-0.000647
-0.000789
-0.000665
-0.000669
-0.000709
-0.000757
-0.000748
-0.000823
-0.000804
-0.000820
-0.000533
-0.000547
-0.000628
-0.000827
-0.000622
-0.000704
-0.000782
-0.000808
-0.000598
-0.000686
-0.000660
-0.000623
-0.000553
-0.000702
-0.000844
-0.000863
-0.000839
-0.000953
-0.000886
-0.000755
-0.000766
-0.000750
-0.000816
-0.000845
-0.000843
-0.000878
-0.000808
-0.000677
-0.000662
-0.000624
-0.000660
-0.000630
-0.000704
-0.000737
-0.000603
-0.000579
-0.000537
-0.000560
-0.000624
-0.000662
-0.000660
-0.000654
-0.000628
-0.000614
-0.000560
-0.000547
-0.000579
-0.000550
-0.000573
-0.000549
-0.000555
-0.000588
-0.000571
-0.000500
-0.000522
-0.000568
-0.000579
-0.000577
-0.000567
-0.000594
-0.000651
-0.000673
-0.000720
-0.000795
-0.000681
-0.000671
-0.000745
-0.000737
-0.000788
-0.000785
-0.000793
-0.000828
0.001326
-0.000606
-0.000566
-0.000699
-0.000813
-0.000761
-0.000767
-0.000844
-0.000703
-0.000658
-0.000755
-0.000695
-0.000617
-0.000712
-0.000817
-0.000849
-0.000816
-0.000825
-0.000778
-0.000716
-0.000744
-0.000772
-0.000605
-0.000792
-0.000827
-0.000878
-0.000784
-0.000812
-0.000674
-0.000669
-0.000662
-0.000620
-0.000595
-0.000567
-0.000667
-0.000604
-0.000584
-0.000502
-0.000563
-0.000634
-0.000615
-0.000736
-0.000669
-0.000526
-0.000602
-0.000547
-0.000587
-0.000604
-0.000649
-0.000538
-0.000561
-0.000588
-0.000561
-0.000555
-0.000530
-0.000604
-0.000610
-0.000636
-0.000638
-0.000587
-0.000580
-0.000633
-0.000625
-0.000749
-0.000651
-0.000679
-0.000741
-0.000781
-0.000765
-0.000822
-0.000859
-0.000911
-0.000885
-0.000888
-0.000646
-0.000602
-0.000722
-0.000837
-0.000773
-0.000757
-0.000909
-0.000798
-0.000850
-0.000865
-0.000723
-0.000691
-0.000609
-0.000715
-0.000919
-0.000917
-0.000842
-0.000671
-0.000792
-0.000885
-0.000821
-0.000803
-0.000732
-0.000706
-0.000754
-0.000653
-0.000763
-0.000750
-0.000762
-0.000735
-0.000571
-0.000528
-0.000575
-0.000421
-0.000524
-0.000542
-0.000512
-0.000530
-0.000536
-0.000632
-0.000718
-0.000616
-0.000585
-0.000584
-0.000538
-0.000538
-0.000546
-0.000567
-0.000619
-0.000573
-0.000590
-0.000527
-0.000566
-0.000565
-0.000620
-0.000651
-0.000686
-0.000580
-0.000660
-0.000644
-0.000667
-0.000697
-0.000735
-0.000737
-0.000756
-0.000787
-0.000831
-0.000945
-0.000877
-0.000927
-0.000913
-0.000943
-0.000919
-0.000621
-0.000625
-0.000629
-0.000707
-0.000865
-0.000794
-0.000829
-0.000811
-0.000819
-0.000771
-0.000681
-0.000750
-0.000700
-0.000780
-0.000793
-0.000728
-0.000771
-0.000723
-0.000756
-0.000721
-0.000687
-0.000684
-0.000777
-0.000680
-0.000619
-0.000604
-0.000610
-0.000723
-0.000746
-0.000768
-0.000567
-0.000523
-0.000501
-0.000559
-0.000495
-0.000471
-0.000537
-0.000457
-0.000590
-0.000601
-0.000595
-0.000550
-0.000548
-0.000533
-0.000496
-0.000492
-0.000508
-0.000503
-0.000503
-0.000484
-0.000515
-0.000540
-0.000509
-0.000588
-0.000657
-0.000758
-0.000635
-0.000624
-0.000651
-0.000671
-0.000697
-0.000768
-0.000778
-0.000764
-0.000827
-0.000822
-0.000830
-0.000989
-0.000895
-0.000890
-0.000897
-0.000919
-0.000837
-0.000661
-0.000651
-0.000623
-0.000700
-0.000861
-0.000836
-0.000749
-0.000791
-0.000818
-0.000708
-0.000749
-0.000736
-0.000699
-0.000703
-0.000815
-0.000751
-0.000773
-0.000702
-0.000662
-0.000598
-0.000653
-0.000602
-0.000602
-0.000460
-0.000569
-0.000540
-0.000639
-0.000724
-0.000676
-0.000765
-0.000611
-0.000522
-0.000580
-0.000614
-0.000550
-0.000493
-0.000456
-0.000481
-0.000442
-0.000514
-0.000512
-0.000475
-0.000534
-0.000503
-0.000480
-0.000537
-0.000491
-0.000502
-0.000478
-0.000491
-0.000469
-0.000502
-0.000542
-0.000603
-0.000695
-0.000824
-0.000831
-0.000724
-0.000714
-0.000694
-0.000723
-0.000772
-0.000815
-0.000773
-0.000848
-0.000799
-0.000932
-0.001021
-0.000895
-0.000883
-0.000869
-0.000908
0.000725
-0.000677
-0.000675
-0.000639
-0.000824
-0.000797
-0.000691
-0.000723
-0.000796
-0.000843
-0.000799
-0.000743
-0.000725
-0.000633
-0.000630
-0.000686
-0.000726
-0.000695
-0.000735
-0.000707
-0.000738
-0.000781
-0.000750
-0.000609
-0.000385
-0.000561
-0.000558
-0.000704
-0.000693
-0.000682
-0.000699
-0.000670
-0.000518
-0.000581
-0.000532
-0.000636
-0.000526
-0.000510
-0.000502
-0.000344
-0.000423
-0.000414
-0.000419
-0.000478
-0.000464
-0.000474
-0.000494
-0.000489
-0.000435
-0.000477
-0.000470
-0.000458
-0.000500
-0.000533
-0.000608
-0.000697
-0.000836
-0.000906
-0.000673
-0.000806
-0.000853
-0.000820
-0.000815
-0.000781
-0.000813
-0.000861
-0.000886
-0.000957
-0.001004
-0.000945
-0.000913
-0.000940
-0.000904
-0.000894
-0.000732
-0.000700
-0.000771
-0.000841
-0.000816
-0.000760
-0.000743
-0.000792
-0.000827
-0.000759
-0.000739
-0.000690
-0.000661
-0.000621
-0.000648
-0.000682
-0.000721
-0.000822
-0.000906
-0.000858
-0.000811
0.000034
0.001479
0.003217
0.001522
-0.003310
-0.002826
-0.003253
-0.001034
-0.000656
-0.000616
-0.000506
-0.000552
-0.000579
-0.000689
-0.000587
-0.000537
-0.000489
-0.000403
-0.000395
-0.000381
-0.000353
-0.000371
-0.000443
-0.000445
-0.000456
-0.000495
-0.000482
-0.000474
-0.000447
-0.000513
-0.000502
-0.000592
-0.000648
-0.000635
-0.000745
-0.000806
-0.000789
-0.000810
-0.000889
-0.000876
-0.000869
-0.000881
-0.000877
-0.000878
-0.000979
-0.000957
-0.000954
-0.000930
-0.000964
-0.000965
-0.001106
-0.000851
-0.000801
-0.000736
-0.000787
-0.000822
-0.000712
-0.000696
-0.000706
-0.000750
-0.000800
-0.000817
-0.000737
-0.000722
-0.000673
-0.000625
-0.000584
-0.000647
-0.000604
-0.000657
-0.000735
-0.000859
-0.000315
0.004891
0.009624
0.003771
0.008411
0.007520
0.011528
0.005128
-0.001065
-0.003130
-0.000761
-0.000595
-0.000555
-0.000507
-0.000537
-0.000573
-0.000517
-0.000415
-0.000426
-0.000355
-0.000306
-0.000194
-0.000240
-0.000286
-0.000356
-0.000376
-0.000440
-0.000501
-0.000501
-0.000484
-0.000521
-0.000570
-0.000597
-0.000636
-0.000648
-0.000652
-0.000811
-0.000796
-0.000893
-0.000986
-0.001015
-0.000869
-0.000935
-0.000913
-0.000938
-0.000965
-0.000982
-0.000950
-0.000906
-0.001025
-0.001114
-0.001107
-0.000889
-0.000780
-0.000753
-0.000759
-0.000727
-0.000683
-0.000658
-0.000692
-0.000728
-0.000720
-0.000675
-0.000626
-0.000644
-0.000606
-0.000591
-0.000626
-0.000626
-0.000273
-0.000207
-0.000163
-0.000178
-0.000113
0.000679
-0.000944
-0.000699
0.000868
0.000726
-0.000430
0.005043
0.005688
-0.001235
-0.000804
-0.000705
-0.000562
-0.000484
-0.000527
-0.000535
-0.000459
-0.000395
-0.000461
-0.000372
-0.000179
0.000076
-0.000124
-0.000226
-0.000292
-0.000367
-0.000455
-0.000542
-0.000562
-0.000523
-0.000550
-0.000579
-0.000610
-0.000676
-0.000689
-0.000706
-0.000794
-0.000861
-0.000895
-0.000936
-0.000981
-0.000911
-0.000909
-0.000881
-0.000921
-0.000981
-0.000974
-0.000997
-0.001021
-0.001107
-0.001101
-0.001144
-0.001100
-0.000747
-0.000753
-0.000758
-0.000663
-0.000682
-0.000678
-0.000643
-0.000669
-0.000675
-0.000585
-0.000563
-0.000554
-0.000616
-0.000588
-0.000269
-0.000070
-0.000780
0.000033
0.000662
0.001224
0.000860
-0.000321
-0.000645
0.000388
0.001811
0.005413
0.006496
0.003078
-0.000557
-0.000803
-0.000789
-0.000600
-0.000521
-0.000502
-0.000454
-0.000456
-0.000435
-0.000348
-0.000408
-0.000325
-0.000194
-0.000163
-0.000201
-0.000253
-0.000294
-0.000365
-0.000460
-0.000587
-0.000579
-0.000536
-0.000542
-0.000587
-0.000638
-0.000706
-0.000705
-0.000636
-0.000820
-0.000898
-0.000871
-0.000909
-0.000768
-0.000882
-0.000906
-0.000880
-0.001018
-0.001018
-0.000861
-0.000874
-0.001040
-0.001148
-0.001020
-0.000898
-0.001024
-0.000688
-0.000691
-0.000677
-0.000630
-0.000654
-0.000693
-0.000684
-0.000643
-0.000565
-0.000523
-0.000511
-0.000510
-0.000543
-0.000161
-0.002709
0.000636
0.000456
0.001016
0.001061
0.001256
0.001367
-0.000182
-0.000062
0.001667
0.002582
0.009178
0.008745
0.002471
0.001714
0.000145
-0.000414
-0.000539
-0.000547
0.000647
0.001815
0.001733
0.000049
-0.000153
-0.000285
-0.000358
-0.000289
-0.000314
-0.000330
-0.000326
-0.000326
-0.000395
-0.000509
-0.000596
-0.000610
-0.000536
-0.000532
-0.000593
-0.000723
-0.000739
-0.000702
-0.000735
-0.000836
-0.000860
-0.000901
-0.000857
-0.000792
-0.000813
-0.000837
-0.000808
-0.000881
-0.000943
-0.000893
-0.000964
-0.001039
-0.000954
-0.000911
-0.000999
-0.001018
-0.000626
-0.000661
-0.000588
-0.000600
-0.000604
-0.000633
-0.000639
-0.000632
-0.000557
-0.000504
-0.000508
-0.000466
-0.000278
-0.003675
-0.002323
0.000480
0.000976
-0.000470
-0.000476
-0.000058
0.000145
0.000932
0.002740
0.002787
0.003238
0.002626
0.000319
0.001557
0.002547
0.002825
0.003524
0.003722
0.003296
0.004591
0.003243
0.003321
0.003250
0.002596
0.000741
-0.000020
-0.000274
-0.000341
-0.000403
-0.000469
-0.000397
-0.000516
-0.000532
-0.000586
-0.000614
-0.000560
-0.000532
-0.000627
-0.000669
-0.000691
-0.000705
-0.000724
-0.000742
-0.000745
-0.000859
-0.000926
-0.000796
-0.000834
-0.000847
-0.000925
-0.000906
-0.000952
-0.001033
-0.001008
-0.000944
-0.000954
-0.001016
-0.001047
-0.000932
-0.000588
-0.000574
-0.000569
-0.000556
-0.000577
-0.000617
-0.000646
-0.000600
-0.000580
-0.000546
-0.000481
-0.000280
-0.000440
-0.001438
-0.001231
0.001034
-0.000723
-0.000620
-0.000523
-0.000642
-0.000562
0.001487
0.006093
0.007931
0.001153
-0.000911
-0.000317
0.000676
0.001431
0.001915
0.001663
0.000829
0.001720
0.003387
0.000776
0.000067
0.002126
0.004099
0.003254
0.000409
-0.000351
-0.000478
-0.000529
-0.000605
-0.000540
-0.000675
-0.000635
-0.000607
-0.000607
-0.000561
-0.000631
-0.000636
-0.000673
-0.000681
-0.000700
-0.000738
-0.000852
-0.000874
-0.000888
-0.000863
-0.000864
-0.000898
-0.000858
-0.000899
-0.001042
-0.001020
-0.000925
-0.000941
-0.000898
-0.000865
-0.000974
-0.000955
-0.000596
-0.000562
-0.000554
-0.000571
-0.000535
-0.000583
-0.000595
-0.000591
-0.000554
-0.000524
-0.000549
-0.000513
-0.000460
-0.000544
-0.001695
-0.000207
0.001792
-0.000321
-0.000446
-0.000531
-0.000828
-0.000423
0.000968
0.000024
0.000762
-0.000088
-0.000909
-0.001218
-0.000581
0.000562
0.000794
0.001014
0.000444
-0.000322
-0.000072
0.000616
0.000542
0.000702
0.001690
0.002211
0.000893
-0.000344
-0.000653
-0.000391
-0.000701
-0.000645
-0.000695
-0.000688
-0.000658
-0.000566
-0.000605
-0.000664
-0.000665
-0.000698
-0.000729
-0.000792
-0.000843
-0.000852
-0.000890
-0.000943
-0.000980
-0.001014
-0.000906
-0.000815
-0.000972
-0.000910
-0.000913
-0.000879
-0.000901
-0.000794
-0.000931
-0.001007
-0.000973
-0.000819
-0.000568
-0.000523
-0.000564
-0.000548
-0.000542
-0.000523
-0.000523
-0.000440
-0.000512
-0.000504
-0.000441
-0.000443
-0.000540
-0.001790
-0.001795
-0.002465
-0.000573
-0.000505
-0.000791
-0.000484
0.001496
0.001005
0.000171
0.000895
-0.000029
-0.000288
-0.000546
-0.000270
-0.000365
-0.000478
-0.000292
-0.000323
-0.000529
-0.000378
0.001228
0.000260
0.000026
0.000247
0.000786
0.001220
-0.000186
0.000023
0.000242
-0.000807
-0.000065
-0.000718
-0.000717
-0.000620
-0.000625
-0.000661
-0.000746
-0.000704
-0.000725
-0.000797
-0.000796
-0.000822
-0.000856
-0.000971
-0.001043
-0.001033
-0.000945
-0.000898
-0.000893
-0.000878
-0.000979
-0.000909
-0.000875
-0.000956
-0.000909
-0.001007
-0.000797
-0.000764
-0.000791
-0.000479
-0.000454
-0.000545
-0.000571
-0.000504
-0.000498
-0.000509
-0.000498
-0.000454
-0.000477
-0.000424
-0.000421
-0.000453
-0.000937
-0.002428
0.003834
-0.000620
0.000448
0.000909
0.001165
0.001033
0.001947
0.001615
0.001750
0.001543
-0.000423
-0.000118
-0.000160
-0.000368
-0.000403
0.000112
-0.000883
-0.000876
-0.000608
0.001566
0.000600
-0.000109
-0.000612
-0.000561
0.000448
-0.001024
-0.000094
0.000259
-0.000344
-0.000253
0.001672
-0.000985
-0.000755
-0.000723
-0.000711
-0.000779
-0.000856
-0.000876
-0.000863
-0.000812
-0.000824
-0.000947
-0.001006
-0.000968
-0.000891
-0.000941
-0.000999
-0.000842
-0.000899
-0.000922
-0.000996
-0.000899
-0.000958
-0.000974
-0.000963
-0.000905
-0.000820
-0.000628
-0.000478
-0.000452
-0.000530
-0.000607
-0.000563
-0.000446
-0.000501
-0.000484
-0.000456
-0.000470
-0.000471
-0.000436
-0.000450
-0.000593
-0.000664
0.002174
0.000183
0.001291
0.000062
0.000296
-0.000059
0.001225
0.004257
0.003352
0.002214
0.000041
-0.000523
-0.000856
-0.000610
-0.000345
0.001685
0.001039
-0.000120
0.001521
0.003194
-0.000117
-0.000224
-0.000067
-0.000922
-0.000704
-0.000571
-0.000808
0.000400
0.000543
-0.000719
0.000078
0.000619
-0.000727
-0.000656
-0.000713
-0.000912
-0.000890
-0.000904
-0.000826
-0.000904
-0.000881
-0.000991
-0.000930
-0.000926
-0.000913
-0.000854
-0.000784
-0.000936
-0.000953
-0.001020
-0.001051
-0.001023
-0.001064
-0.001095
-0.001077
-0.001019
-0.001033
-0.000545
-0.000445
-0.000422
-0.000522
-0.000595
-0.000587
-0.000534
-0.000452
-0.000513
-0.000447
-0.000377
-0.000429
-0.000452
-0.000455
-0.000462
-0.000691
0.001487
0.000044
0.000425
0.000255
0.000743
0.000092
0.000595
0.001737
0.002954
0.003715
0.003392
0.001655
-0.000376
-0.000466
-0.001009
0.000009
0.001625
0.000948
0.002115
-0.000045
-0.000885
0.000380
0.001739
0.001421
0.000225
0.000287
-0.001088
-0.000452
-0.000713
-0.000906
-0.001028
-0.000336
-0.000204
-0.000669
-0.000815
-0.000927
-0.000866
-0.000873
-0.000840
-0.000904
-0.000884
-0.000848
-0.000825
-0.000845
-0.000865
-0.000788
-0.000814
-0.000959
-0.001042
-0.001129
-0.001218
-0.001267
-0.001119
-0.001154
-0.001042
-0.000902
-0.000924
-0.000596
-0.000457
-0.000478
-0.000395
-0.000526
-0.000532
-0.000467
-0.000565
-0.000542
-0.000497
-0.000428
-0.000449
-0.000490
-0.000456
-0.000605
-0.000718
-0.000213
-0.000470
0.000138
0.000369
-0.001085
-0.000745
-0.000088
0.000408
0.000002
0.001418
0.000393
-0.001117
-0.001529
-0.003489
-0.001569
-0.000367
-0.003205
-0.003779
-0.000075
0.000175
-0.001796
0.004391
0.007024
0.011799
0.005363
-0.001268
-0.010838
0.001208
0.001577
-0.000482
-0.000527
-0.002074
-0.002407
-0.000967
-0.000897
-0.000865
-0.000883
-0.000870
-0.000839
-0.000858
-0.000843
-0.000798
-0.000856
-0.000824
-0.000830
-0.000880
-0.000888
-0.000988
-0.001159
-0.001287
-0.001162
-0.001035
-0.001106
-0.000961
-0.000913
-0.000996
-0.000930
-0.000823
-0.000460
-0.000483
-0.000444
-0.000440
-0.000533
-0.000559
-0.000603
-0.000569
-0.000464
-0.000433
-0.000495
-0.000468
-0.000540
-0.000697
-0.000672
-0.000641
-0.000577
-0.000665
-0.000763
-0.000702
-0.000577
-0.000722
-0.000861
0.000481
-0.003639
-0.008145
-0.009048
-0.006336
-0.006242
-0.004369
-0.007223
-0.006070
-0.003429
-0.002990
-0.003127
-0.003951
0.000244
0.004288
0.009122
0.002720
-0.001491
-0.005645
-0.000406
0.000712
0.002080
-0.000202
-0.006553
-0.007279
-0.005451
-0.001990
-0.000933
-0.000889
-0.000857
-0.000799
-0.000819
-0.000851
-0.000819
-0.000889
-0.000827
-0.000843
-0.000926
-0.000896
-0.001096
-0.001284
-0.001256
-0.001101
-0.001029
-0.000852
-0.000905
-0.001071
-0.001084
-0.001194
-0.000955
-0.000460
-0.000429
-0.000470
-0.000439
-0.000445
-0.000489
-0.000494
-0.000589
-0.000562
-0.000506
-0.000555
-0.000571
-0.000583
-0.000706
-0.000662
-0.000692
-0.000677
-0.000658
-0.000599
-0.000648
-0.000293
0.001930
0.001521
0.000667
-0.003354
-0.009083
-0.009724
-0.009183
-0.008207
-0.008713
-0.009830
-0.007668
-0.003418
-0.000255
-0.001705
-0.001098
-0.002017
0.001279
0.005903
-0.003860
-0.005716
-0.006809
-0.001269
-0.000086
0.001264
-0.001805
-0.002759
-0.005261
-0.005607
-0.002584
-0.004156
-0.000718
-0.000774
-0.000837
-0.001010
-0.000843
-0.000763
-0.000698
-0.000822
-0.000932
-0.001041
-0.001125
-0.001171
-0.001218
-0.001133
-0.001129
-0.001031
-0.001120
-0.001216
-0.001082
-0.001297
-0.001170
-0.001018
-0.000410
-0.000478
-0.000441
-0.000491
-0.000516
-0.000573
-0.000549
-0.000595
-0.000591
-0.000598
-0.000629
-0.000656
-0.000666
-0.000668
-0.000710
-0.000767
-0.000666
-0.000531
-0.000546
-0.000313
0.002313
0.004464
0.002711
0.001108
-0.002349
-0.006855
-0.010474
-0.009967
-0.009863
-0.014212
-0.014444
-0.007737
-0.004060
-0.001096
-0.001531
-0.000665
-0.000252
0.000162
0.001141
0.003402
0.003300
0.003964
-0.005320
-0.008377
-0.008382
0.004608
-0.002148
-0.004358
-0.002224
-0.003653
-0.017179
-0.015556
0.000233
-0.000805
-0.000935
-0.000931
-0.000880
-0.000868
-0.000937
-0.001023
-0.001055
-0.001110
-0.001167
-0.001124
-0.001271
-0.001263
-0.001294
-0.001190
-0.001064
-0.001151
-0.001218
-0.001075
-0.001166
-0.000570
-0.000525
-0.000546
-0.000513
-0.000481
-0.000509
-0.000646
-0.000667
-0.000606
-0.000684
-0.000636
-0.000627
-0.000770
-0.000767
-0.000723
-0.000746
-0.000637
-0.000316
-0.000305
-0.000193
0.000078
0.003318
0.003685
0.002358
0.000061
-0.007718
-0.012267
-0.016287
-0.015406
-0.013473
-0.014692
-0.012027
-0.001887
0.001456
-0.003155
-0.002924
-0.001532
-0.000062
-0.000389
0.000161
-0.000625
-0.000221
0.001447
0.000183
0.001053
-0.006313
-0.001999
-0.000289
0.005922
-0.011822
-0.018655
-0.008668
-0.004179
0.000251
-0.000074
-0.000770
-0.000927
-0.000847
-0.000915
-0.001069
-0.001136
-0.001013
-0.001047
-0.001160
-0.001240
-0.001257
-0.001250
-0.001090
-0.001109
-0.001031
-0.000990
-0.001041
-0.001088
-0.000709
-0.000609
-0.000561
-0.000522
-0.000491
-0.000524
-0.000612
-0.000670
-0.000712
-0.000622
-0.000700
-0.000645
-0.000739
-0.000720
-0.000603
-0.000656
-0.000372
-0.000353
-0.000337
-0.000361
-0.000536
-0.000042
0.000576
0.001095
-0.000105
-0.009604
-0.014133
-0.016339
-0.014081
-0.014505
-0.016572
-0.015665
-0.001643
-0.000379
-0.002112
-0.002003
-0.000942
-0.000258
-0.000462
-0.000964
0.000738
0.000806
0.000769
0.000936
0.001733
-0.001280
-0.001443
0.020088
0.009565
-0.010117
-0.009375
-0.005018
-0.003940
-0.002593
-0.001028
0.000004
-0.000828
-0.000827
-0.000888
-0.000935
-0.000894
-0.000864
-0.000908
-0.001183
-0.001241
-0.001141
-0.001055
-0.000993
-0.001017
-0.000948
-0.001068
-0.001000
-0.001095
-0.000697
-0.000714
-0.000670
-0.000617
-0.000653
-0.000673
-0.000571
-0.000651
-0.000712
-0.000707
-0.000729
-0.000704
-0.000651
-0.000603
-0.000227
-0.000257
-0.000328
-0.000382
-0.000425
-0.000481
-0.000534
-0.000644
-0.000265
0.000117
-0.003127
-0.006953
-0.007702
-0.010205
-0.012704
-0.011978
-0.015388
-0.011928
-0.004768
-0.002964
-0.002434
-0.002594
-0.001327
-0.000982
-0.002528
-0.000540
0.000405
0.000718
0.000140
0.001094
0.001821
0.002580
0.001318
0.021816
0.008474
-0.004057
-0.003622
-0.002884
-0.002738
-0.000577
0.003475
-0.000204
0.000153
-0.000346
-0.000835
-0.000823
-0.000923
-0.000924
-0.001021
-0.001084
-0.001097
-0.001207
-0.001092
-0.001118
-0.001086
-0.001054
-0.001055
-0.001080
-0.001062
-0.000747
-0.000766
-0.000685
-0.000567
-0.000601
-0.000496
-0.000691
-0.000663
-0.000323
-0.000694
-0.000633
-0.000706
-0.000197
-0.000326
-0.000249
-0.000359
-0.000403
-0.000421
-0.000466
-0.000557
-0.000588
-0.000725
-0.000641
0.000197
-0.000953
-0.004438
-0.010016
-0.011939
-0.012777
-0.013505
-0.011987
-0.009717
-0.005830
-0.003151
-0.003375
-0.002628
-0.001513
-0.000654
-0.001391
-0.000866
0.000101
-0.000738
-0.000044
0.000592
0.002145
0.003177
0.003212
0.001777
0.007355
-0.000124
-0.002553
-0.002316
0.008574
0.009982
-0.000143
-0.000961
-0.001885
-0.002861
0.000147
0.000080
0.000024
-0.001128
-0.000906
-0.000976
-0.001077
-0.001122
-0.001100
-0.001078
-0.001218
-0.001176
-0.001080
-0.001122
-0.001029
-0.000735
-0.000783
-0.000750
-0.000598
-0.000709
-0.000688
-0.000767
-0.000886
-0.000758
-0.000685
-0.000582
-0.000421
-0.000388
-0.000370
-0.000330
-0.000360
-0.000427
-0.000375
-0.000459
-0.000568
-0.000621
-0.000737
-0.000749
-0.000750
-0.001258
-0.002213
-0.002746
-0.003310
-0.001552
-0.007851
-0.008018
-0.005725
-0.006046
-0.004061
-0.003506
-0.002052
-0.001384
-0.001377
-0.001151
-0.001054
-0.000846
-0.000510
-0.001533
0.000504
0.001100
0.002033
0.003062
0.003704
0.001921
-0.000156
-0.002771
0.002172
0.015414
0.004241
0.001203
0.001101
-0.001058
-0.001447
-0.002165
-0.001652
-0.001462
0.000261
0.000045
-0.000914
-0.001046
-0.001221
-0.001196
-0.001066
-0.001141
-0.001081
-0.001071
-0.001142
-0.000882
-0.000754
-0.000737
-0.000786
-0.000675
-0.000699
-0.000775
-0.000744
-0.000796
-0.000645
-0.000691
-0.000867
-0.000589
-0.000285
-0.000460
-0.000220
-0.000183
-0.000244
-0.000353
-0.000409
-0.000508
-0.000540
-0.000996
-0.000972
-0.001034
-0.001162
-0.001297
-0.001120
-0.001378
-0.001105
-0.001902
-0.000834
-0.004697
-0.005043
-0.003560
-0.003171
-0.002405
-0.001657
-0.001603
-0.001821
-0.001446
-0.002378
-0.001199
-0.002304
-0.002239
-0.002289
-0.000144
0.001591
0.002861
0.003738
-0.000908
0.000265
0.010036
0.004252
0.002096
0.003891
0.000967
0.002561
-0.001126
-0.000861
0.000991
0.000187
-0.000932
-0.000962
0.000158
-0.000183
-0.000553
-0.001044
-0.000948
-0.001049
-0.001026
-0.001079
-0.001218
-0.000809
-0.000702
-0.000851
-0.000746
-0.000755
-0.000768
-0.000678
-0.000616
-0.000761
-0.000709
-0.000973
-0.001231
-0.000735
-0.000804
-0.000900
-0.000770
-0.000335
-0.000841
-0.000870
-0.000821
-0.000871
-0.000954
-0.001070
-0.001182
-0.001160
-0.001258
-0.001316
-0.001194
-0.001130
-0.001226
-0.001324
-0.001255
-0.001019
-0.000814
-0.000391
-0.000142
-0.000031
-0.000002
-0.001307
-0.001573
-0.003145
-0.004574
-0.002190
-0.002607
0.000661
0.002636
-0.003599
-0.001215
0.001486
-0.003463
-0.008560
-0.004133
0.004231
-0.000492
-0.000149
-0.001635
-0.003227
0.000011
-0.000478
-0.000388
-0.000953
-0.001046
-0.000905
-0.000859
-0.001083
-0.001053
-0.001213
-0.001082
-0.000975
-0.001042
-0.000993
-0.001177
-0.001258
-0.000839
-0.000742
-0.000872
-0.000764
-0.000733
-0.000638
-0.000582
-0.000604
-0.000970
-0.001065
-0.001198
-0.001046
-0.001182
-0.001026
-0.000900
-0.001009
-0.000741
-0.000677
-0.000872
-0.000676
-0.000695
-0.000951
-0.001198
-0.001281
-0.001222
-0.001226
-0.001322
-0.001381
-0.001273
-0.001350
-0.001234
-0.001361
-0.001316
-0.001383
-0.001515
-0.001511
-0.001492
-0.001477
-0.000072
-0.000019
-0.000077
-0.000210
-0.000127
-0.000645
-0.000285
0.010061
-0.002087
-0.004589
-0.009132
-0.013582
-0.017497
-0.017500
-0.005584
-0.001023
-0.001018
-0.000820
-0.000755
-0.000711
-0.000800
-0.000948
-0.001104
-0.001026
-0.000866
-0.000963
-0.001081
-0.001240
-0.001200
-0.001114
-0.001139
-0.001115
-0.001138
-0.001195
-0.001137
-0.000813
-0.000907
-0.000819
-0.000768
-0.000837
-0.000631
-0.000877
-0.001017
-0.001212
-0.001342
-0.001369
-0.001129
-0.000875
-0.001302
-0.001172
-0.001160
-0.001083
-0.000761
-0.001134
-0.000968
-0.000906
-0.001010
-0.001049
-0.001228
-0.001108
-0.001182
-0.001270
-0.001302
-0.001317
-0.001280
-0.001484
-0.001308
-0.001235
-0.001263
-0.001305
-0.001419
-0.001339
-0.001539
-0.001527
-0.001460
-0.001387
-0.001568
-0.001590
-0.001441
-0.001471
0.000001
0.004155
-0.010398
-0.020982
-0.022517
-0.021452
-0.022977
-0.000276
-0.001033
-0.001106
-0.001184
-0.001135
-0.001006
-0.001060
-0.001238
-0.001135
-0.001081
-0.000946
-0.001088
-0.001216
-0.001116
-0.001037
-0.001060
-0.001151
-0.001068
-0.001059
-0.001071
-0.001078
-0.000940
-0.000954
-0.000951
-0.000952
-0.000935
-0.000963
-0.001157
-0.001305
-0.001371
-0.001421
-0.001262
-0.001348
-0.001208
-0.001056
-0.001026
-0.001023
-0.000979
-0.001018
-0.000983
-0.001132
-0.001105
-0.000926
-0.001079
-0.001179
-0.001088
-0.001179
-0.001290
-0.001125
-0.001408
-0.001363
-0.001438
-0.001466
-0.001362
-0.001368
-0.001366
-0.001443
-0.001298
-0.001394
-0.001356
-0.001386
-0.001423
-0.001619
-0.001486
-0.001615
-0.001731
-0.001664
0.001472
-0.011937
-0.022208
-0.019912
-0.019708
-0.013980
-0.001982
-0.001325
-0.001149
-0.001042
-0.000888
-0.001133
-0.001246
-0.001145
-0.001027
-0.000974
-0.001243
-0.001204
-0.001173
-0.001199
-0.000987
-0.001015
-0.001050
-0.000967
-0.000924
-0.001013
-0.001051
-0.001186
-0.001185
-0.001157
-0.001026
-0.001164
-0.001313
-0.001454
-0.001531
-0.001449
-0.001339
-0.001490
-0.001507
-0.001447
-0.001139
-0.001085
-0.000668
-0.001021
-0.001168
-0.001147
-0.001097
-0.001215
-0.001257
-0.001153
-0.001178
-0.001335
-0.001350
-0.001431
-0.001282
-0.001241
-0.001308
-0.001435
-0.001560
-0.001615
-0.001624
-0.001530
-0.001551
-0.001478
-0.001456
-0.001348
-0.001669
-0.001686
-0.001726
-0.001682
-0.001787
-0.001788
-0.001858
-0.001614
-0.002006
-0.019139
-0.024414
-0.022665
-0.005421
-0.002062
-0.004429
-0.001707
-0.000821
-0.001137
-0.001247
-0.001242
-0.001117
-0.001128
-0.001274
-0.001265
-0.001260
-0.001226
-0.001166
-0.001110
-0.001067
-0.001249
-0.001064
-0.000996
-0.001155
-0.001218
-0.001306
-0.001267
-0.001084
-0.001017
-0.001229
-0.001327
-0.001436
-0.001391
-0.001468
-0.001540
-0.001581
-0.001498
-0.001568
-0.001487
-0.001227
-0.001090
-0.001115
-0.001263
-0.001170
-0.001196
-0.001276
-0.001247
-0.001248
-0.001303
-0.001473
-0.001546
-0.001557
-0.001593
-0.001487
-0.001527
-0.001605
-0.001694
-0.001824
-0.001666
-0.001584
-0.001562
-0.001381
-0.001344
-0.001289
-0.001613
-0.001931
-0.001915
-0.001827
-0.001793
-0.002076
-0.001899
-0.001852
-0.001754
-0.003882
-0.010972
-0.008347
-0.002913
-0.002706
-0.002129
-0.001903
-0.001753
-0.001531
-0.001401
-0.001290
-0.001166
-0.001204
-0.001220
-0.001253
-0.001106
-0.001070
-0.001172
-0.001191
-0.001215
-0.001172
-0.001038
-0.001032
-0.001323
-0.001299
-0.001362
-0.001331
-0.001218
-0.001045
-0.001275
-0.001332
-0.001249
-0.001250
-0.001420
-0.001460
-0.001559
-0.001604
-0.001573
-0.001487
-0.001126
-0.001304
-0.001272
-0.001313
-0.001325
-0.001338
-0.001239
-0.001189
-0.001227
-0.001322
-0.001558
-0.001651
-0.001659
-0.001812
-0.001703
-0.001776
-0.001808
-0.001818
-0.001836
-0.001696
-0.001702
-0.001535
-0.001499
-0.001361
-0.001721
-0.001567
-0.001650
-0.001723
-0.001705
-0.001559
-0.001952
-0.001866
-0.002043
-0.001949
-0.002171
-0.002551
-0.002334
-0.002298
-0.002033
-0.001548
-0.001503
-0.001773
-0.001379
-0.001377
-0.001401
-0.001371
-0.001387
-0.001388
-0.001385
-0.001076
-0.001078
-0.001185
-0.001137
-0.001142
-0.001005
-0.001152
-0.001108
-0.001217
-0.001127
-0.001175
-0.001358
-0.001069
-0.001053
-0.001082
-0.001214
-0.001242
-0.001380
-0.001410
-0.001489
-0.001573
-0.001481
-0.001604
-0.001530
-0.001404
-0.001218
-0.001241
-0.001314
-0.001339
-0.001397
-0.001315
-0.001233
-0.001313
-0.001418
-0.001543
-0.001678
-0.001753
-0.001839
-0.001961
-0.001822
-0.001790
-0.001924
-0.001960
-0.001968
-0.001952
-0.001789
-0.001831
-0.001945
-0.002340
-0.002130
-0.001778
-0.001613
-0.001974
-0.001820
-0.001923
-0.001781
-0.001904
-0.001861
-0.001838
-0.001887
-0.001765
-0.001678
-0.001526
-0.001383
-0.001288
-0.001216
-0.001306
-0.001342
-0.001245
-0.001382
-0.001357
-0.001302
-0.001195
-0.000999
-0.000980
-0.001089
-0.001046
-0.001088
-0.001129
-0.001226
-0.001258
-0.001193
-0.000981
-0.001159
-0.001304
-0.001224
-0.001097
-0.001137
-0.001294
-0.001246
-0.001384
-0.001583
-0.001551
-0.001543
-0.001590
-0.001509
-0.001285
-0.001214
-0.001158
-0.001208
-0.001304
-0.001297
-0.001344
-0.001333
-0.001368
-0.001432
-0.001531
-0.001683
-0.001798
-0.001886
-0.001826
-0.001799
-0.001782
-0.001739
-0.001816
-0.001919
-0.002078
-0.002072
-0.001966
-0.002144
-0.002061
-0.002221
-0.002097
-0.001782
-0.001858
-0.001932
-0.001993
-0.001556
-0.001886
-0.001988
-0.001936
-0.001797
-0.001630
-0.001656
-0.001317
-0.001513
-0.001352
-0.001244
-0.001303
-0.001453
-0.001272
-0.001173
-0.001435
-0.001505
-0.001352
-0.001177
-0.000986
-0.000980
-0.001140
-0.001114
-0.001097
-0.001138
-0.001207
-0.001248
-0.001247
-0.001075
-0.001343
-0.001178
-0.001174
-0.001285
-0.001321
-0.001353
-0.001352
-0.001407
-0.001613
-0.001610
-0.001577
-0.001467
-0.001441
-0.001068
-0.000932
-0.001089
-0.001047
-0.001224
-0.001271
-0.001304
-0.001307
-0.001264
-0.001359
-0.001512
-0.001721
-0.001853
-0.001617
-0.001843
-0.001713
-0.001772
-0.001666
-0.001646
-0.001842
-0.002035
-0.002119
-0.002262
-0.002217
-0.001923
-0.001863
-0.001767
-0.001782
-0.001899
-0.001806
-0.001565
-0.001489
-0.001732
-0.001977
-0.001835
-0.001895
-0.001810
-0.001567
-0.001466
-0.001682
-0.001560
-0.001465
-0.001557
-0.001356
-0.001185
-0.001087
-0.001333
-0.001358
-0.001153
-0.001172
-0.001074
-0.001074
-0.001168
-0.001188
-0.001064
-0.001164
-0.001295
-0.001182
-0.001201
-0.001090
-0.000926
