0.000036
0.000042
0.000035
0.000632
0.000034
0.000046
0.000041
0.000438
0.000039
0.000037
0.000041
-0.000603
0.000042
0.000037
0.000036
0.000031
0.000027
0.000027
0.000025
0.000025
0.000023
0.000021
0.000018
0.000025
0.000023
0.000021
0.000022
0.000020
0.000022
0.000021
0.000019
0.000023
0.000025
0.000022
0.000018
0.000013
0.000005
0.000001
-0.000000
-0.000001
0.000001
-0.000004
-0.000002
-0.000002
-0.000003
-0.000004
-0.000005
-0.000005
-0.000003
-0.000005
-0.000011
-0.000008
-0.000009
-0.000006
-0.000008
-0.000008
-0.000010
-0.000009
-0.000009
-0.000010
-0.000015
-0.000021
-0.000018
-0.000013
-0.000004
0.000001
-0.001158
-0.000010
-0.000013
-0.000017
0.000061
-0.000022
0.000195
0.000036
0.000031
0.000035
0.000035
0.000037
0.000037
0.000033
0.000029
0.000034
0.000033
0.000032
0.000035
0.000034
0.000037
0.000031
0.000027
0.000031
0.000029
0.000029
0.000027
0.000022
0.000014
0.000020
0.000015
0.000017
0.000020
0.000016
0.000020
0.000022
0.000018
0.000019
0.000020
0.000022
0.000020
0.000019
0.000011
0.000009
0.000004
0.000004
0.000005
-0.000003
-0.000001
-0.000001
-0.000000
-0.000003
-0.000004
-0.000005
-0.000007
-0.000006
-0.000008
-0.000011
-0.000012
-0.000009
-0.000006
-0.000009
-0.000009
-0.000009
-0.000003
-0.000013
-0.000012
-0.000007
-0.000013
-0.000013
-0.000011
-0.000014
-0.000012
-0.000012
-0.000014
-0.000013
-0.000012
-0.000008
-0.000007
-0.000025
0.000041
0.000036
0.000032
0.000034
0.000030
0.000036
0.000036
0.000036
0.000028
0.000027
0.000029
0.000027
0.000025
0.000034
0.000029
0.000028
0.000028
0.000032
0.000028
0.000025
0.000023
0.000019
0.000014
0.000016
0.000016
0.000012
0.000016
0.000020
0.000020
0.000019
0.000014
0.000017
0.000019
0.000020
0.000020
0.000013
0.000009
0.000010
0.000004
0.000004
0.000001
-0.000002
-0.000003
-0.000001
-0.000004
-0.000005
-0.000007
-0.000006
-0.000008
-0.000005
-0.000009
-0.000012
-0.000009
-0.000009
-0.000010
-0.000009
-0.000006
-0.000007
-0.000010
-0.000012
-0.000011
-0.000011
-0.000011
-0.000008
-0.000014
-0.000012
-0.000011
-0.000013
-0.000014
-0.000011
-0.000008
-0.000004
-0.000024
0.000037
0.000036
0.000037
0.000028
0.000030
0.000030
0.000033
0.000036
0.000034
0.000025
0.000028
0.000028
0.000030
0.000027
0.000030
0.000026
0.000029
0.000027
0.000025
0.000023
0.000024
0.000017
0.000019
0.000019
0.000018
0.000014
0.000016
0.000018
0.000021
0.000021
0.000017
0.000013
0.000021
0.000018
0.000020
0.000020
0.000015
0.000011
0.000010
0.000005
0.000002
-0.000002
-0.000003
-0.000004
-0.000004
-0.000005
-0.000007
-0.000005
-0.000009
-0.000009
-0.000009
-0.000009
-0.000009
-0.000011
-0.000009
-0.000005
-0.000010
-0.000007
-0.000007
-0.000008
-0.000011
-0.000008
-0.000006
-0.000012
-0.000014
-0.000011
-0.000010
-0.000011
-0.000011
-0.000011
-0.000012
-0.000004
-0.000016
0.000034
0.000037
0.000037
0.000031
0.000033
0.000032
0.000035
0.000036
0.000031
0.000034
0.000022
0.000026
0.000024
0.000031
0.000030
0.000028
0.000028
0.000023
0.000026
0.000026
0.000024
0.000024
0.000023
0.000022
0.000020
0.000022
0.000019
0.000014
0.000022
0.000020
0.000018
0.000018
0.000018
0.000023
0.000018
0.000018
0.000013
0.000009
0.000008
0.000005
0.000001
-0.000002
-0.000003
-0.000003
-0.000004
-0.000002
-0.000004
-0.000007
-0.000011
-0.000010
-0.000011
-0.000008
-0.000008
-0.000013
-0.000010
-0.000010
-0.000008
-0.000011
-0.000002
-0.000014
-0.000007
-0.000006
-0.000011
-0.000015
-0.000013
-0.000013
-0.000008
-0.000013
-0.000013
-0.000011
-0.000013
-0.000011
-0.002169
0.000034
0.000033
0.000038
0.000037
0.000029
0.000032
0.000035
0.000029
0.000029
0.000028
0.000021
0.000022
0.000028
0.000030
0.000029
0.000027
0.000025
0.000024
0.000025
0.000027
0.000022
0.000028
0.000025
0.000023
0.000023
0.000022
0.000021
0.000018
0.000022
0.000022
0.000022
0.000016
0.000018
0.000019
0.000023
0.000021
0.000019
0.000018
0.000011
0.000009
0.000003
-0.000001
-0.000004
-0.000004
-0.000005
-0.000006
-0.000005
-0.000007
-0.000009
-0.000007
-0.000009
-0.000006
-0.000010
-0.000009
-0.000009
-0.000014
-0.000009
-0.000011
-0.000006
-0.000011
-0.000008
-0.000011
-0.000013
-0.000011
-0.000008
-0.000013
-0.000010
-0.000012
-0.000012
-0.000012
-0.000012
-0.000011
-0.000016
0.000035
0.000033
0.000034
0.000035
0.000036
0.000034
0.000027
0.000027
0.000027
0.000024
0.000020
0.000020
0.000024
0.000025
0.000027
0.000028
0.000028
0.000022
0.000022
0.000021
0.000029
0.000027
0.000027
0.000028
0.000028
0.000027
0.000021
0.000017
0.000021
0.000021
0.000020
0.000018
0.000017
0.000024
0.000025
0.000024
0.000023
0.000021
0.000014
0.000009
0.000002
-0.000004
-0.000007
-0.000006
-0.000007
-0.000005
-0.000008
-0.000007
-0.000007
-0.000009
-0.000008
-0.000008
-0.000011
-0.000006
-0.000012
-0.000010
-0.000013
-0.000010
-0.000012
-0.000010
-0.000009
-0.000008
-0.000010
-0.000003
-0.000016
-0.000012
-0.000011
-0.000012
-0.000018
-0.000012
-0.000014
-0.000009
-0.000016
0.000034
0.000035
0.000037
0.000031
0.000029
0.000027
0.000026
0.000024
0.000024
0.000022
0.000022
0.000019
0.000020
0.000025
0.000026
0.000028
0.000028
0.000027
0.000023
0.000023
0.000028
0.000027
0.000026
0.000027
0.000029
0.000027
0.000026
0.000021
0.000021
0.000023
0.000026
0.000025
0.000023
0.000023
0.000027
0.000025
0.000024
0.000019
0.000012
0.000011
0.000007
-0.000003
-0.000008
-0.000006
-0.000005
-0.000006
-0.000008
-0.000006
-0.000011
-0.000010
-0.000008
-0.000010
-0.000008
-0.000007
-0.000009
-0.000007
-0.000008
-0.000013
-0.000011
-0.000009
-0.000009
-0.000011
-0.000011
-0.000009
-0.000008
-0.000013
-0.000007
-0.000004
-0.000012
-0.000009
-0.000012
-0.000013
-0.000011
0.000035
0.000034
0.000037
0.000028
0.000027
0.000030
0.000029
0.000027
0.000021
0.000021
0.000022
0.000021
0.000018
0.000024
0.000028
0.000028
0.000028
0.000028
0.000028
0.000029
0.000029
0.000030
0.000031
0.000028
0.000028
0.000030
0.000026
0.000027
0.000026
0.000026
0.000027
0.000028
0.000024
0.000026
0.000029
0.000029
0.000028
0.000025
0.000017
0.000014
0.000010
0.000005
-0.000006
-0.000009
-0.000008
-0.000007
-0.000008
-0.000007
-0.000009
-0.000010
-0.000008
-0.000009
-0.000009
-0.000011
-0.000012
-0.000007
-0.000010
-0.000012
-0.000015
-0.000011
-0.000007
-0.000011
-0.000011
-0.000011
-0.000007
-0.000012
-0.000010
-0.000011
-0.000013
-0.000011
-0.000015
-0.000014
0.001326
0.000038
0.000038
0.000040
0.000040
0.000033
0.000033
0.000034
0.000028
0.000020
0.000018
0.000024
0.000018
0.000017
0.000024
0.000024
0.000027
0.000030
0.000027
0.000025
0.000028
0.000031
0.000031
0.000035
0.000031
0.000032
0.000031
0.000026
0.000024
0.000024
0.000024
0.000028
0.000031
0.000022
0.000031
0.000029
0.000032
0.000030
0.000028
0.000021
0.000014
0.000006
0.000005
-0.000006
-0.000009
-0.000010
-0.000010
-0.000011
-0.000009
-0.000011
-0.000012
-0.000008
-0.000011
-0.000011
-0.000011
-0.000009
-0.000011
-0.000017
-0.000016
-0.000008
-0.000014
-0.000009
-0.000011
-0.000013
-0.000011
-0.000001
-0.000010
-0.000009
-0.000012
-0.000008
-0.000006
-0.000017
-0.000015
-0.000013
0.000040
0.000040
0.000040
0.000041
0.000028
0.000038
0.000036
0.000032
0.000022
0.000018
0.000022
0.000018
0.000018
0.000021
0.000027
0.000028
0.000028
0.000026
0.000026
0.000028
0.000029
0.000029
0.000035
0.000035
0.000034
0.000032
0.000030
0.000034
0.000028
0.000026
0.000033
0.000033
0.000028
0.000030
0.000031
0.000030
0.000032
0.000022
0.000024
0.000018
0.000009
0.000000
-0.000008
-0.000009
-0.000010
-0.000010
-0.000011
-0.000011
-0.000011
-0.000010
-0.000013
-0.000012
-0.000013
-0.000006
-0.000009
-0.000007
-0.000017
-0.000016
-0.000012
-0.000014
-0.000014
-0.000013
-0.000014
-0.000011
-0.000007
-0.000006
-0.000016
-0.000013
-0.000007
-0.000013
-0.000014
-0.000016
-0.000013
0.000038
0.000042
0.000034
0.000033
0.000040
0.000038
0.000033
0.000034
0.000027
0.000017
0.000019
0.000018
0.000023
0.000017
0.000025
0.000029
0.000027
0.000027
0.000025
0.000022
0.000026
0.000027
0.000026
0.000034
0.000032
0.000030
0.000034
0.000037
0.000031
0.000028
0.000032
0.000034
0.000031
0.000035
0.000029
0.000033
0.000030
0.000024
0.000028
0.000019
0.000010
0.000002
-0.000009
-0.000009
-0.000011
-0.000009
-0.000011
-0.000012
-0.000013
-0.000013
-0.000009
-0.000014
-0.000011
-0.000007
-0.000007
-0.000016
-0.000015
-0.000011
-0.000010
-0.000010
-0.000013
-0.000006
-0.000015
-0.000017
-0.000005
-0.000007
-0.000005
-0.000013
-0.000014
-0.000016
-0.000015
-0.000016
-0.000010
0.000035
0.000039
0.000037
0.000038
0.000040
0.000039
0.000035
0.000035
0.000024
0.000020
0.000020
0.000019
0.000019
0.000019
0.000018
0.000027
0.000027
0.000025
0.000025
0.000022
0.000021
0.000022
0.000026
0.000030
0.000030
0.000024
0.000033
0.000036
0.000030
0.000031
0.000034
0.000035
0.000037
0.000031
0.000032
0.000033
0.000032
0.000030
0.000029
0.000024
0.000014
0.000002
-0.000003
-0.000009
-0.000012
-0.000011
-0.000013
-0.000013
-0.000013
-0.000009
-0.000011
-0.000007
-0.000013
-0.000015
-0.000013
-0.000009
-0.000015
-0.000016
-0.000015
-0.000010
-0.000013
-0.000015
-0.000011
-0.000012
-0.000014
-0.000013
-0.000016
-0.000015
-0.000015
-0.000016
-0.000020
-0.000015
0.000725
0.000035
0.000036
0.000036
0.000041
0.000041
0.000038
0.000038
0.000034
0.000027
0.000021
0.000019
0.000019
0.000018
0.000020
0.000018
0.000022
0.000023
0.000027
0.000026
0.000030
0.000026
0.000012
-0.000222
-0.000351
-0.000320
-0.000312
-0.000093
-0.000065
-0.000016
0.000032
0.000033
0.000037
0.000038
0.000036
0.000035
0.000030
0.000035
0.000029
0.000029
0.000027
0.000019
0.000003
-0.000001
-0.000008
-0.000011
-0.000013
-0.000014
-0.000015
-0.000014
-0.000011
-0.000008
-0.000012
-0.000013
-0.000008
-0.000011
-0.000007
-0.000008
-0.000018
-0.000016
-0.000017
-0.000010
-0.000012
-0.000017
-0.000014
-0.000014
-0.000011
-0.000015
-0.000013
-0.000010
-0.000011
-0.000016
-0.000015
-0.000012
0.000038
0.000034
0.000038
0.000038
0.000038
0.000037
0.000038
0.000037
0.000033
0.000024
0.000022
0.000017
0.000021
0.000017
0.000019
0.000017
0.000022
0.000025
0.000031
0.000028
0.000003
-0.000480
-0.002626
-0.005149
-0.006172
-0.005897
-0.002297
-0.004266
-0.004411
-0.000224
-0.000062
0.000037
0.000040
0.000039
0.000038
0.000035
0.000035
0.000032
0.000027
0.000027
0.000018
0.000004
-0.000004
-0.000011
-0.000012
-0.000012
-0.000014
-0.000014
-0.000016
-0.000012
-0.000012
-0.000009
-0.000012
-0.000010
-0.000009
-0.000009
-0.000011
-0.000016
-0.000020
-0.000021
-0.000013
-0.000011
-0.000009
-0.000018
-0.000018
-0.000018
-0.000014
-0.000013
-0.000010
-0.000017
-0.000021
-0.000020
-0.000035
0.000039
0.000036
0.000036
0.000037
0.000037
0.000037
0.000039
0.000033
0.000029
0.000025
0.000019
0.000020
0.000021
0.000020
0.000019
0.000020
0.000025
0.000028
0.000029
0.000015
-0.000326
-0.001302
-0.005227
-0.006209
-0.006660
-0.003992
-0.003314
-0.009807
-0.021274
-0.025888
-0.008196
0.000183
0.000042
0.000042
0.000037
0.000038
0.000037
0.000034
0.000035
0.000033
0.000021
0.000005
-0.000003
-0.000010
-0.000012
-0.000013
-0.000015
-0.000016
-0.000014
-0.000012
-0.000013
-0.000010
-0.000013
-0.000006
-0.000008
-0.000012
-0.000013
-0.000021
-0.000020
-0.000020
-0.000015
-0.000015
-0.000022
-0.000020
-0.000020
-0.000018
-0.000014
-0.000012
-0.000019
-0.000017
-0.000031
-0.000020
-0.000022
0.000040
0.000038
0.000037
0.000039
0.000039
0.000035
0.000033
0.000031
0.000028
0.000026
0.000022
0.000019
0.000022
0.000021
0.000020
0.000019
0.000022
0.000064
0.000076
0.000030
-0.001222
-0.005865
-0.009658
-0.005462
-0.002859
-0.003297
-0.004474
-0.003425
-0.006295
-0.000521
0.000057
0.000052
0.000050
0.000043
0.000041
0.000042
0.000041
0.000039
0.000029
0.000018
0.000017
0.000006
-0.000005
-0.000011
-0.000013
-0.000012
-0.000017
-0.000017
-0.000015
-0.000012
-0.000009
-0.000014
-0.000013
-0.000009
-0.000005
-0.000005
-0.000013
-0.000018
-0.000021
-0.000021
-0.000022
-0.000018
-0.000017
-0.000015
-0.000018
-0.000017
-0.000020
-0.000014
-0.000022
-0.000027
-0.000022
-0.000020
-0.001100
0.000043
0.000035
0.000035
0.000039
0.000040
0.000039
0.000033
0.000031
0.000029
0.000025
0.000023
0.000024
0.000020
0.000018
-0.000038
-0.000019
-0.000028
0.000769
0.000141
0.000023
0.000056
0.000008
-0.000563
-0.000487
-0.000182
0.000097
-0.001949
-0.002152
-0.000753
0.000075
0.000053
0.000049
0.000040
0.000010
0.000191
0.000302
0.000304
0.000142
0.000047
0.000027
0.000019
0.000006
-0.000002
-0.000010
-0.000015
-0.000015
-0.000018
-0.000015
-0.000014
-0.000012
-0.000008
-0.000013
-0.000013
-0.000012
-0.000013
-0.000011
-0.000013
-0.000016
-0.000022
-0.000017
-0.000016
-0.000017
-0.000019
-0.000017
-0.000019
-0.000022
-0.000022
-0.000025
-0.000024
-0.000023
-0.000027
-0.000023
-0.000022
0.000042
0.000037
0.000041
0.000036
0.000038
0.000037
0.000035
0.000033
0.000032
0.000032
0.000022
0.000022
0.000018
-0.000044
0.000302
0.002027
0.000616
0.000941
0.000109
0.000050
0.000054
0.000029
0.000002
0.000007
0.000258
0.000331
-0.001250
-0.000493
0.000820
0.000643
0.000083
-0.000194
0.000075
-0.000050
0.003191
0.004389
0.004314
0.002517
0.000630
0.000091
0.000015
0.000004
-0.000002
-0.000013
-0.000017
-0.000015
-0.000017
-0.000018
-0.000016
-0.000014
-0.000006
-0.000012
-0.000010
-0.000012
-0.000010
-0.000012
-0.000013
-0.000016
-0.000023
-0.000022
-0.000023
-0.000013
-0.000012
-0.000013
-0.000020
-0.000025
-0.000029
-0.000032
-0.000032
-0.000031
-0.000023
-0.000021
-0.000022
0.000043
0.000041
0.000035
0.000035
0.000030
0.000039
0.000036
0.000035
0.000025
0.000026
0.000026
0.000019
0.000025
0.000260
0.001182
0.003427
0.000275
0.000067
0.000047
0.000036
0.000030
0.000022
0.000007
0.000038
0.000439
-0.000431
0.000365
0.001438
0.000621
0.001308
0.001317
0.001504
0.002130
0.004370
0.005731
0.007251
0.007437
0.005876
0.004979
0.000539
0.000063
0.000012
-0.000003
-0.000012
-0.000011
-0.000014
-0.000019
-0.000019
-0.000020
-0.000015
-0.000013
-0.000011
-0.000015
-0.000008
-0.000010
-0.000009
-0.000016
-0.000019
-0.000023
-0.000020
-0.000022
-0.000017
-0.000020
-0.000021
-0.000026
-0.000026
-0.000033
-0.000031
-0.000032
-0.000024
-0.000022
-0.000028
-0.000022
0.000041
0.000042
0.000034
0.000035
0.000033
0.000038
0.000035
0.000033
0.000029
0.000026
0.000025
0.000030
0.000015
0.000166
0.002309
0.002422
0.000384
0.000048
0.000024
0.000024
0.000034
0.000022
0.000013
0.000117
0.000441
0.002391
0.003953
0.002647
0.001305
0.001900
0.002045
0.002403
0.002942
0.004401
0.003842
0.005984
0.008771
0.008416
0.007945
0.003098
0.000184
0.000408
0.000116
-0.000015
-0.000018
-0.000017
-0.000022
-0.000020
-0.000018
-0.000015
-0.000017
-0.000019
-0.000016
-0.000012
-0.000013
-0.000016
-0.000021
-0.000023
-0.000025
-0.000022
-0.000022
-0.000027
-0.000017
-0.000021
-0.000027
-0.000030
-0.000030
-0.000028
-0.000030
-0.000028
-0.000028
-0.000026
-0.000596
0.000039
0.000043
0.000039
0.000036
0.000036
0.000037
0.000035
0.000031
0.000027
0.000028
0.000025
0.000018
0.000017
0.000017
0.000520
0.000752
0.000187
0.000045
0.000020
0.000029
0.000037
0.000004
0.002704
0.002910
0.005278
0.006797
0.008550
0.009406
0.005271
0.001260
0.001794
0.002350
0.002321
0.001615
0.001024
0.002057
0.007351
0.010323
0.009311
0.004546
0.001267
0.001626
0.002680
0.000277
-0.000022
-0.000022
-0.000024
-0.000023
-0.000023
-0.000020
-0.000019
-0.000019
-0.000016
-0.000017
-0.000018
-0.000019
-0.000019
-0.000024
-0.000026
-0.000024
-0.000021
-0.000026
-0.000019
-0.000011
-0.000021
-0.000029
-0.000032
-0.000031
-0.000034
-0.000029
-0.000025
-0.000024
-0.000024
0.000038
0.000041
0.000039
0.000036
0.000034
0.000034
0.000035
0.000031
0.000027
0.000026
0.000024
0.000019
0.000016
0.000020
0.000892
0.013879
0.001294
0.000043
0.000023
0.000032
-0.000014
0.005174
0.005705
0.007490
0.007213
0.009798
0.012434
0.015782
0.010023
0.003785
0.000675
0.000984
0.000301
-0.000017
0.000136
0.000772
0.002607
0.005730
0.007618
0.006993
0.002331
0.002163
0.003351
0.003555
0.000783
0.000275
-0.000034
-0.000025
-0.000023
-0.000022
-0.000022
-0.000024
-0.000021
-0.000016
-0.000019
-0.000021
-0.000020
-0.000024
-0.000031
-0.000023
-0.000018
-0.000027
-0.000019
-0.000014
-0.000024
-0.000028
-0.000034
-0.000035
-0.000035
-0.000025
-0.000030
-0.000026
-0.000022
0.000031
0.000032
0.000037
0.000037
0.000027
0.000033
0.000034
0.000034
0.000026
0.000026
0.000027
0.000025
0.000019
0.000038
0.000728
0.004154
0.001009
0.000279
0.000022
0.000014
0.006307
0.008592
0.009339
0.006883
0.005432
0.005994
0.009399
0.010724
0.004005
0.000719
0.000067
0.000089
-0.000140
-0.000722
-0.000175
-0.000104
0.000535
0.001358
0.002140
0.005707
0.001327
0.000855
0.002156
0.003922
0.002814
0.001675
0.000296
-0.000026
-0.000020
-0.000021
-0.000018
-0.000023
-0.000019
-0.000016
-0.000021
-0.000021
-0.000030
-0.000027
-0.000027
-0.000026
-0.000023
-0.000025
-0.000026
-0.000022
-0.000026
-0.000036
-0.000043
-0.000039
-0.000035
-0.000028
-0.000029
-0.000022
-0.000021
0.000031
0.000029
0.000030
0.000037
0.000032
0.000029
0.000031
0.000030
0.000033
0.000029
0.000024
0.000024
0.000021
0.000011
0.000013
0.001907
0.010170
0.000750
0.000463
0.002732
0.003318
0.004004
0.005419
0.005457
0.005195
0.004734
0.004782
0.003319
0.001931
0.000775
0.000414
0.000108
-0.000221
-0.000356
-0.000515
-0.000283
-0.000054
-0.000001
0.000596
0.001043
0.000061
0.000147
0.000868
0.002386
0.001108
0.000457
0.003077
0.000453
-0.000027
-0.000022
-0.000020
-0.000025
-0.000024
-0.000023
-0.000023
-0.000024
-0.000032
-0.000026
-0.000027
-0.000028
-0.000028
-0.000032
-0.000028
-0.000021
-0.000013
-0.000028
-0.000044
-0.000042
-0.000036
-0.000029
-0.000030
-0.000029
-0.000026
0.000034
0.000027
0.000025
0.000034
0.000036
0.000025
0.000027
0.000030
0.000029
0.000026
0.000021
0.000018
0.000021
0.000010
0.000025
0.001499
0.000527
0.001271
0.001196
0.001383
0.002034
0.002878
0.003326
0.002983
0.003887
0.004295
0.003816
0.002750
0.001317
0.000567
0.001074
0.000259
-0.000143
-0.000239
-0.000312
-0.000205
0.000012
0.000814
0.000657
0.000404
0.000001
-0.000117
-0.000339
-0.000012
-0.000707
-0.000753
0.002669
0.004073
0.000216
-0.000067
-0.000035
-0.000026
-0.000028
-0.000026
-0.000025
-0.000029
-0.000027
-0.000026
-0.000023
-0.000028
-0.000035
-0.000037
-0.000031
-0.000026
-0.000025
-0.000018
-0.000027
-0.000039
-0.000038
-0.000032
-0.000028
-0.000031
-0.000022
0.000028
0.000033
0.000028
0.000031
0.000033
0.000025
0.000024
0.000028
0.000028
0.000027
0.000025
0.000026
0.000028
0.000019
0.000028
0.000030
0.000079
0.000107
0.000345
0.000259
0.000265
0.001010
0.001128
0.001702
0.001920
0.002853
0.002813
0.002085
0.000895
0.001014
-0.000524
-0.001538
-0.001027
0.001235
0.000669
-0.001517
0.001652
0.001953
0.002119
0.002777
0.003118
0.002697
0.001831
0.001219
-0.000589
-0.000701
0.001839
0.004047
0.002418
0.000189
-0.000073
-0.000035
-0.000031
-0.000029
-0.000032
-0.000031
-0.000030
-0.000029
-0.000028
-0.000032
-0.000031
-0.000027
-0.000024
-0.000027
-0.000019
-0.000031
-0.000033
-0.000035
-0.000036
-0.000026
-0.000030
-0.000031
-0.000030
0.000032
0.000031
0.000027
0.000029
0.000031
0.000030
0.000030
0.000026
0.000029
0.000027
0.000030
0.000029
0.000026
0.000023
0.000030
0.000029
0.000019
0.000025
0.000028
0.000036
0.000049
0.000164
0.000827
0.008003
0.002593
-0.000332
-0.000941
-0.001023
-0.000487
-0.001727
-0.003525
-0.002103
-0.001186
-0.001910
0.001395
-0.000379
0.002347
0.002448
0.002790
0.003111
0.001855
0.002223
0.001866
0.000501
0.000555
0.000218
0.000021
0.002638
0.003450
0.004277
0.000767
-0.000047
-0.000035
-0.000035
-0.000034
-0.000042
-0.000043
-0.000033
-0.000027
-0.000032
-0.000037
-0.000033
-0.000030
-0.000032
-0.000026
-0.000023
-0.000028
-0.000038
-0.000031
-0.000034
-0.000032
-0.000031
-0.000025
0.000034
0.000030
0.000031
0.000031
0.000034
0.000029
0.000029
0.000024
0.000026
0.000029
0.000031
0.000031
0.000029
0.000029
0.000034
0.000033
0.000027
0.000033
0.000033
0.000029
0.000171
0.006004
0.010493
0.012629
0.005220
0.001306
-0.000529
-0.000895
-0.000407
-0.003549
-0.003318
-0.001831
-0.001495
-0.001130
0.001412
0.000301
-0.002276
0.001152
0.000833
0.002017
0.001359
0.001708
0.002275
0.001402
-0.000295
-0.000762
-0.001187
-0.000643
0.005499
0.006823
0.001031
0.000605
-0.000039
-0.000038
-0.000038
-0.000044
-0.000038
-0.000028
-0.000028
-0.000031
-0.000033
-0.000038
-0.000026
-0.000031
-0.000022
-0.000030
-0.000037
-0.000031
-0.000025
-0.000036
-0.000039
0.000005
-0.000032
0.000035
0.000034
0.000034
0.000031
0.000030
0.000030
0.000027
0.000025
0.000027
0.000032
0.000037
0.000038
0.000035
0.000031
0.000033
0.000034
0.000025
0.000032
0.000055
0.000119
0.001993
0.003681
0.005853
0.007887
0.007051
0.004067
0.000877
-0.000296
-0.000201
-0.005616
-0.002367
-0.000090
-0.000599
0.000168
0.000068
-0.001802
-0.003787
-0.004121
-0.003631
-0.000962
-0.000488
0.000249
0.001830
0.001050
-0.001616
-0.002746
-0.003832
0.000019
0.003700
0.003088
-0.000630
-0.001209
0.000201
-0.000042
-0.000044
-0.000035
-0.000031
-0.000032
-0.000026
-0.000025
-0.000030
-0.000029
-0.000025
-0.000028
-0.000030
-0.000037
-0.000028
0.000019
0.000017
-0.000021
-0.000041
-0.000033
-0.000035
0.000035
0.000034
0.000033
0.000032
0.000030
0.000029
0.000030
0.000030
0.000027
0.000034
0.000040
0.000041
0.000044
0.000037
0.000032
0.000032
0.000032
0.000045
-0.000003
-0.000001
0.000850
0.003110
0.004234
0.006674
0.008148
0.007290
0.002570
0.000322
-0.000246
-0.007378
-0.003419
-0.000959
0.000039
0.000343
0.000221
0.000747
-0.000535
-0.000338
-0.000180
-0.001196
0.000361
-0.000171
-0.000616
0.000818
-0.000605
-0.002786
-0.000910
0.000444
0.000466
-0.000826
-0.001610
-0.001065
-0.000425
0.000058
0.000229
-0.000026
-0.000020
-0.000031
-0.000029
-0.000029
-0.000028
-0.000029
-0.000027
-0.000028
-0.000029
-0.000028
0.000016
0.000013
-0.000041
-0.000039
-0.000040
-0.000032
-0.000028
0.000037
0.000030
0.000032
0.000037
0.000032
0.000033
0.000031
0.000027
0.000029
0.000034
0.000040
0.000044
0.000049
0.000049
0.000035
0.000041
0.000044
-0.000014
-0.000014
-0.000037
-0.000182
0.001344
0.003616
0.005414
0.007893
0.009028
0.006170
0.003816
0.001614
-0.010681
-0.005087
-0.001329
-0.000392
0.000765
0.001114
0.000856
0.001085
0.001157
0.000851
-0.000480
-0.000617
-0.002644
-0.004258
-0.004687
-0.004546
-0.000679
-0.004939
-0.001016
-0.001132
-0.001292
-0.000915
-0.000971
-0.000829
0.000085
0.000360
0.000290
-0.000025
-0.000030
-0.000025
-0.000022
-0.000024
-0.000024
-0.000025
-0.000021
-0.000033
-0.000028
-0.000031
-0.000032
-0.000032
-0.000039
-0.000044
-0.000024
-0.000032
0.000039
0.000031
0.000036
0.000034
0.000030
0.000031
0.000028
0.000029
0.000027
0.000028
0.000038
0.000044
0.000047
0.000055
0.000052
0.000062
-0.000000
-0.000000
-0.000011
-0.000009
-0.000071
-0.000158
0.001727
0.003106
0.004179
0.005856
0.009039
0.006551
0.004668
-0.009237
-0.008116
-0.002834
-0.000340
0.000585
0.000558
0.000933
0.000965
0.000971
-0.000718
-0.000970
-0.001223
-0.002316
-0.004016
-0.004207
-0.005536
-0.003600
-0.000541
-0.001306
-0.001302
-0.000665
-0.000726
-0.000528
-0.000200
0.000421
0.000806
0.000817
0.000404
-0.000035
-0.000019
-0.000028
-0.000024
-0.000024
-0.000022
-0.000030
-0.000021
-0.000028
-0.000025
-0.000028
-0.000031
-0.000038
-0.000037
-0.000036
-0.000034
0.000034
0.000032
0.000031
0.000032
0.000026
0.000032
0.000033
0.000034
0.000044
0.000016
0.000021
0.000042
0.000098
0.000026
0.000009
0.000001
0.000005
0.000000
-0.000008
0.000000
-0.000016
-0.000085
0.000025
0.002402
0.002478
0.003611
0.006085
0.006431
0.004908
-0.008465
-0.009309
-0.003847
-0.002390
-0.001903
-0.000198
-0.001635
-0.001423
-0.001618
-0.002726
-0.004329
-0.002848
-0.002671
-0.004186
-0.003462
-0.004923
-0.003960
-0.002716
0.000302
0.000030
0.000052
-0.000043
0.000445
0.001410
0.002599
0.003515
0.001905
0.000962
0.000772
0.000016
-0.000002
0.000034
-0.000026
-0.000020
-0.000014
-0.000031
-0.000029
-0.000032
-0.000026
-0.000032
-0.000038
-0.000041
-0.000043
-0.000040
0.000031
0.000033
0.000031
0.000032
0.000030
0.000031
0.000029
0.000026
0.000020
0.000032
0.000039
0.000040
-0.000005
0.000001
0.000007
0.000002
-0.000002
-0.000010
-0.000013
0.000002
-0.000011
0.000071
0.000084
0.000080
0.000282
0.000520
0.000300
0.000135
-0.000336
-0.008665
-0.008536
-0.004150
-0.003248
-0.003282
-0.002680
-0.002387
-0.001768
-0.001444
-0.004718
-0.005018
-0.005198
-0.003951
-0.005436
-0.006086
-0.005184
-0.003469
-0.003536
-0.002684
0.000340
0.000531
0.000663
0.003227
0.005753
0.009257
0.007362
0.004642
0.004021
0.004872
0.002910
0.002015
0.001662
0.000087
0.000029
-0.000034
-0.000033
-0.000037
-0.000032
-0.000031
-0.000040
-0.000044
-0.000044
-0.000047
-0.000037
0.000034
0.000033
0.000033
0.000030
0.000029
0.000026
0.000028
0.000022
0.000023
0.000026
0.000030
0.000029
0.000047
0.000055
0.000054
-0.000003
0.000074
0.000062
0.000064
0.000062
0.000053
0.000048
0.000043
0.000036
0.000041
0.000035
0.000026
-0.000001
-0.000245
-0.000391
0.000288
-0.003179
-0.003164
-0.004566
-0.004681
-0.003070
-0.001162
-0.002606
-0.006066
-0.006033
-0.007530
-0.006344
-0.006104
-0.006470
-0.006281
-0.005883
-0.004010
-0.003855
-0.002425
0.001688
0.004537
0.007827
0.012007
0.014303
0.010233
0.008886
0.007739
0.007923
0.005484
0.003324
0.003352
0.005703
0.002849
0.000022
-0.000041
-0.000026
-0.000030
-0.000037
-0.000043
-0.000043
-0.000048
-0.000052
-0.000036
0.000031
0.000029
0.000024
0.000023
0.000024
0.000027
0.000031
0.000027
0.000028
0.000028
0.000035
0.000034
0.000034
0.000030
0.000035
0.000043
0.000035
0.000040
0.000036
0.000040
0.000040
0.000036
0.000043
0.000040
0.000038
0.000030
0.000017
0.000006
-0.000022
-0.000043
0.000044
0.000105
0.000189
0.000079
0.000048
0.000072
0.000176
-0.001842
-0.003357
-0.005823
-0.007156
-0.005606
-0.003888
-0.006624
-0.008936
-0.008470
-0.005957
-0.003840
-0.002894
-0.002017
0.006019
0.011466
0.016359
0.010637
0.009040
0.010081
0.010394
0.007003
0.003343
0.000660
0.000594
0.000596
0.000197
0.000007
-0.000051
-0.000046
-0.000055
-0.000053
-0.000046
-0.000038
-0.000043
-0.000043
-0.000031
0.000032
0.000029
0.000027
0.000021
0.000023
0.000024
0.000026
0.000028
0.000027
0.000024
0.000030
0.000031
0.000032
0.000032
0.000034
0.000037
0.000034
0.000033
0.000028
0.000030
0.000032
0.000038
0.000040
0.000037
0.000037
0.000027
0.000010
0.000011
0.000010
0.000002
-0.000186
-0.000025
-0.000012
-0.000009
-0.000009
-0.000006
-0.000015
0.000038
0.000019
-0.000170
-0.000241
-0.000219
-0.000221
0.000538
-0.007531
-0.007444
-0.005184
-0.003289
-0.002124
-0.001767
-0.001377
0.008974
0.009205
0.004601
0.005193
0.005480
0.004050
0.002134
0.000141
-0.000022
-0.000023
-0.000065
-0.000072
-0.000051
-0.000051
-0.000054
-0.000058
-0.000053
-0.000044
-0.000041
-0.000043
-0.000045
-0.000025
0.000032
0.000038
0.000031
0.000032
0.000026
0.000022
0.000026
0.000032
0.000026
0.000028
0.000028
0.000032
0.000030
0.000038
0.000038
0.000043
0.000030
0.000024
0.000028
0.000028
0.000029
0.000035
0.000042
0.000038
0.000032
0.000018
0.000013
0.000007
0.000019
-0.000004
-0.000005
0.000007
-0.000003
-0.000009
-0.000012
-0.000011
-0.000017
-0.000018
-0.000019
-0.000021
-0.000026
-0.000041
-0.000051
-0.000058
0.000849
-0.005673
-0.004538
-0.003173
-0.002103
-0.001890
-0.001427
0.002586
0.004833
0.002806
0.002040
0.001591
0.000811
0.000097
-0.000034
-0.000059
-0.000042
-0.000049
-0.000054
-0.000044
-0.000038
-0.000056
-0.000054
-0.000049
-0.000044
-0.000045
-0.000046
-0.000043
-0.000027
0.000034
0.000036
0.000033
0.000026
0.000026
0.000030
0.000024
0.000034
0.000027
0.000031
0.000032
0.000032
0.000030
0.000031
0.000032
0.000042
0.000042
0.000036
0.000042
0.000036
0.000035
0.000035
0.000040
0.000035
0.000028
0.000021
0.000014
0.000011
0.000014
0.000016
0.000019
0.000019
0.000006
-0.000008
-0.000014
-0.000015
-0.000014
-0.000015
-0.000017
-0.000018
-0.000024
-0.000043
-0.000051
-0.000049
-0.000042
0.000610
-0.003478
-0.002688
-0.001464
-0.001306
-0.000883
-0.000321
0.002212
-0.000404
-0.000087
-0.000030
-0.000063
-0.000084
-0.000073
-0.000054
-0.000047
-0.000042
-0.000039
-0.000023
-0.000042
-0.000052
-0.000053
-0.000050
-0.000055
-0.000052
-0.000048
-0.000046
-0.000047
0.000031
0.000038
0.000032
0.000034
0.000029
0.000030
0.000035
0.000036
0.000030
0.000030
0.000027
0.000027
0.000032
0.000030
0.000026
0.000035
0.000044
0.000042
0.000047
0.000037
0.000039
0.000037
0.000037
0.000033
0.000036
0.000029
0.000020
0.000024
0.000015
0.000025
0.000031
0.000030
0.000012
-0.000009
-0.000015
-0.000016
-0.000009
-0.000009
-0.000015
-0.000015
-0.000021
-0.000033
-0.000039
-0.000039
-0.000035
-0.000032
0.000031
-0.001808
-0.001056
-0.000045
0.000091
0.002160
0.002293
0.000241
-0.000046
-0.000071
-0.000055
-0.000076
-0.000073
-0.000063
-0.000054
-0.000042
-0.000028
-0.000029
-0.000042
-0.000053
-0.000053
-0.000056
-0.000061
-0.000060
-0.000049
-0.000048
-0.000042
0.000022
0.000031
0.000034
0.000035
0.000030
0.000030
0.000036
0.000031
0.000027
0.000026
0.000023
0.000022
0.000030
0.000031
0.000028
0.000032
0.000041
0.000041
0.000044
0.000035
0.000038
0.000034
0.000036
0.000037
0.000039
0.000038
0.000040
0.000034
0.000031
0.000030
0.000034
0.000034
0.000022
-0.000001
-0.000017
-0.000014
-0.000011
-0.000008
-0.000007
-0.000015
-0.000016
-0.000024
-0.000032
-0.000034
-0.000035
-0.000026
-0.000024
-0.000080
-0.000013
0.000666
0.000756
0.004657
0.001575
0.000045
-0.000046
-0.000055
-0.000056
-0.000065
-0.000060
-0.000060
-0.000070
-0.000048
-0.000032
-0.000032
-0.000042
-0.000051
-0.000056
-0.000058
-0.000058
-0.000058
-0.000052
-0.000054
-0.000040
0.000028
0.000033
0.000033
0.000038
0.000032
0.000030
0.000025
0.000043
0.000034
0.000024
0.000017
0.000017
0.000027
0.000032
0.000031
0.000032
0.000040
0.000043
0.000038
0.000032
0.000035
0.000033
0.000035
0.000042
0.000042
0.000044
0.000048
0.000043
0.000038
0.000031
0.000032
0.000031
0.000027
0.000006
-0.000016
-0.000014
-0.000008
-0.000006
-0.000002
-0.000009
-0.000012
-0.000019
-0.000027
-0.000033
-0.000034
-0.000026
-0.000021
-0.000020
0.000019
0.000082
0.000988
0.001897
0.000523
-0.000019
-0.000054
-0.000054
-0.000063
-0.000069
-0.000061
-0.000059
-0.000063
-0.000061
-0.000046
-0.000040
-0.000045
-0.000049
-0.000053
-0.000052
-0.000061
-0.000058
-0.000060
-0.000065
-0.000052
0.000027
0.000034
0.000034
0.000035
0.000036
0.000031
0.000036
0.000042
0.000042
0.000031
0.000026
0.000019
0.000023
0.000028
0.000036
0.000037
0.000037
0.000044
0.000044
0.000034
0.000033
0.000034
0.000036
0.000042
0.000047
0.000049
0.000048
0.000047
0.000044
0.000032
0.000031
0.000025
0.000026
0.000008
-0.000010
-0.000015
-0.000007
0.000018
0.000002
-0.000007
-0.000014
-0.000016
-0.000028
-0.000028
-0.000030
-0.000031
-0.000028
-0.000021
-0.000021
-0.000009
0.000050
0.001565
0.000669
-0.000049
-0.000063
-0.000071
-0.000073
-0.000060
-0.000066
-0.000066
-0.000063
-0.000067
-0.000058
-0.000049
-0.000057
-0.000064
-0.000057
-0.000058
-0.000060
-0.000063
-0.000055
-0.000046
-0.000040
0.000028
0.000030
0.000034
0.000029
0.000038
0.000031
0.000032
0.000035
0.000041
0.000032
0.000024
0.000023
0.000021
0.000035
0.000033
0.000037
0.000034
0.000039
0.000045
0.000036
0.000037
0.000035
0.000040
0.000044
0.000050
0.000041
0.000047
0.000044
0.000041
0.000031
0.000028
0.000029
0.000030
0.000016
-0.000001
-0.000011
-0.000006
0.000011
0.000009
-0.000005
-0.000014
-0.000015
-0.000020
-0.000025
-0.000028
-0.000033
-0.000033
-0.000032
-0.000030
-0.000031
-0.000026
-0.000010
0.000287
-0.000128
-0.000070
-0.000077
-0.000074
-0.000066
-0.000062
-0.000064
-0.000056
-0.000065
-0.000062
-0.000049
-0.000070
-0.000064
-0.000058
-0.000055
-0.000058
-0.000057
-0.000060
-0.000048
-0.000038
0.000031
0.000027
0.000035
0.000039
0.000036
0.000033
0.000031
0.000036
0.000040
0.000035
0.000034
0.000030
0.000032
0.000038
0.000039
0.000036
0.000036
0.000037
0.000044
0.000044
0.000038
0.000042
0.000046
0.000051
0.000045
0.000035
0.000044
0.000045
0.000044
0.000040
0.000035
0.000033
0.000029
0.000018
0.000004
-0.000007
-0.000005
-0.000005
0.000008
0.000001
-0.000010
-0.000017
-0.000020
-0.000025
-0.000024
-0.000030
-0.000034
-0.000032
-0.000033
-0.000033
-0.000040
-0.000049
-0.000052
0.000181
-0.000006
-0.000067
-0.000072
-0.000067
-0.000075
-0.000065
-0.000064
-0.000067
-0.000055
-0.000062
-0.000058
-0.000060
-0.000053
-0.000050
-0.000054
-0.000057
-0.000057
-0.000044
-0.000025
