0.000233
0.000258
0.000272
0.000632
0.000285
0.000296
0.000280
0.000438
0.000200
0.000166
0.000098
-0.000603
0.000177
0.000143
0.000153
0.000104
0.000101
0.000127
0.000137
0.000089
0.000110
0.000146
0.000119
0.000129
0.000127
0.000133
0.000133
0.000117
0.000121
0.000110
0.000083
0.000091
0.000117
0.000116
0.000111
0.000090
0.000095
0.000128
0.000137
0.000131
0.000163
0.000185
0.000187
0.000158
0.000145
0.000151
0.000156
0.000158
0.000183
0.000197
0.000171
0.000167
0.000164
0.000165
0.000169
0.000164
0.000172
0.000179
0.000175
0.000084
0.000133
0.000166
0.000224
0.000232
0.000254
0.000208
-0.001158
0.000164
0.000187
0.000165
0.000061
0.000161
0.000195
0.000079
0.000074
0.000078
0.000054
0.000086
0.000083
0.000081
0.000083
0.000098
0.000112
0.000044
0.000087
0.000098
0.000131
0.000113
0.000103
0.000110
0.000136
0.000111
0.000122
0.000134
0.000142
0.000133
0.000145
0.000119
0.000138
0.000135
0.000133
0.000138
0.000103
0.000129
0.000098
0.000122
0.000148
0.000139
0.000129
0.000094
0.000096
0.000115
0.000129
0.000157
0.000174
0.000193
0.000239
0.000174
0.000175
0.000181
0.000179
0.000200
0.000194
0.000194
0.000175
0.000174
0.000178
0.000153
0.000170
0.000174
0.000184
0.000199
0.000163
0.000155
0.000167
0.000225
0.000199
0.000194
0.000188
0.000239
0.000224
0.000177
0.000161
0.000146
0.000141
0.000252
0.000100
0.000117
0.000086
0.000021
0.000068
0.000105
0.000079
0.000091
0.000118
0.000098
0.000083
0.000080
0.000088
0.000100
0.000087
0.000084
0.000107
0.000124
0.000141
0.000148
0.000136
0.000130
0.000120
0.000123
0.000125
0.000138
0.000140
0.000115
0.000133
0.000140
0.000127
0.000101
0.000113
0.000138
0.000114
0.000143
0.000130
0.000109
0.000112
0.000124
0.000154
0.000171
0.000179
0.000209
0.000183
0.000168
0.000183
0.000179
0.000203
0.000197
0.000196
0.000188
0.000170
0.000167
0.000174
0.000167
0.000168
0.000175
0.000172
0.000150
0.000140
0.000151
0.000197
0.000155
0.000207
0.000169
0.000160
0.000200
0.000152
0.000131
0.000099
0.000104
0.000193
0.000087
0.000117
0.000078
0.000043
0.000057
0.000109
0.000093
0.000099
0.000077
0.000081
0.000071
0.000103
0.000059
0.000096
0.000095
0.000101
0.000105
0.000121
0.000137
0.000137
0.000138
0.000114
0.000114
0.000126
0.000120
0.000110
0.000124
0.000120
0.000124
0.000129
0.000136
0.000118
0.000129
0.000139
0.000121
0.000126
0.000121
0.000116
0.000125
0.000114
0.000143
0.000198
0.000185
0.000178
0.000170
0.000160
0.000165
0.000173
0.000168
0.000198
0.000180
0.000162
0.000179
0.000153
0.000182
0.000174
0.000181
0.000162
0.000180
0.000184
0.000121
0.000110
0.000189
0.000220
0.000209
0.000124
0.000166
0.000148
0.000146
0.000122
0.000131
0.000097
0.000171
0.000110
0.000107
0.000089
0.000081
0.000075
0.000106
0.000112
0.000071
0.000089
0.000103
0.000068
0.000073
0.000080
0.000089
0.000094
0.000112
0.000093
0.000123
0.000119
0.000131
0.000134
0.000138
0.000133
0.000107
0.000116
0.000103
0.000108
0.000113
0.000131
0.000121
0.000110
0.000104
0.000099
0.000119
0.000132
0.000135
0.000122
0.000116
0.000108
0.000108
0.000152
0.000172
0.000182
0.000177
0.000145
0.000137
0.000156
0.000178
0.000188
0.000149
0.000149
0.000139
0.000170
0.000183
0.000203
0.000198
0.000156
0.000175
0.000174
0.000202
0.000140
0.000116
0.000183
0.000173
0.000138
0.000137
0.000134
0.000128
0.000152
0.000147
0.000157
0.000118
-0.002169
0.000097
0.000096
0.000115
0.000072
0.000070
0.000077
0.000071
0.000055
0.000084
0.000076
0.000052
0.000062
0.000077
0.000094
0.000106
0.000115
0.000113
0.000115
0.000118
0.000125
0.000144
0.000146
0.000140
0.000119
0.000119
0.000114
0.000115
0.000115
0.000122
0.000126
0.000126
0.000101
0.000105
0.000104
0.000111
0.000112
0.000112
0.000109
0.000091
0.000096
0.000112
0.000153
0.000169
0.000166
0.000135
0.000133
0.000140
0.000164
0.000152
0.000166
0.000157
0.000157
0.000177
0.000189
0.000204
0.000168
0.000170
0.000201
0.000221
0.000202
0.000171
0.000139
0.000127
0.000127
0.000131
0.000140
0.000128
0.000105
0.000138
0.000174
0.000155
0.000135
0.000173
0.000109
0.000110
0.000106
0.000080
0.000060
0.000075
0.000066
0.000060
0.000091
0.000116
0.000073
0.000071
0.000090
0.000092
0.000099
0.000113
0.000126
0.000119
0.000124
0.000124
0.000141
0.000151
0.000139
0.000128
0.000123
0.000117
0.000120
0.000129
0.000128
0.000117
0.000098
0.000111
0.000114
0.000121
0.000109
0.000103
0.000096
0.000095
0.000094
0.000093
0.000129
0.000162
0.000162
0.000169
0.000143
0.000131
0.000118
0.000136
0.000173
0.000184
0.000205
0.000171
0.000148
0.000159
0.000192
0.000154
0.000185
0.000180
0.000192
0.000203
0.000193
0.000153
0.000125
0.000151
0.000202
0.000160
0.000117
0.000113
0.000132
0.000182
0.000178
0.000134
0.000157
0.000094
0.000097
0.000099
0.000092
0.000083
0.000069
0.000066
0.000065
0.000106
0.000102
0.000125
0.000083
0.000078
0.000103
0.000110
0.000129
0.000141
0.000137
0.000124
0.000122
0.000141
0.000146
0.000158
0.000138
0.000144
0.000137
0.000131
0.000138
0.000128
0.000118
0.000121
0.000118
0.000110
0.000120
0.000113
0.000114
0.000110
0.000108
0.000092
0.000084
0.000127
0.000160
0.000187
0.000186
0.000188
0.000164
0.000128
0.000150
0.000207
0.000193
0.000203
0.000169
0.000141
0.000136
0.000131
0.000139
0.000140
0.000158
0.000186
0.000196
0.000191
0.000134
0.000113
0.000092
0.000152
0.000151
0.000124
0.000092
0.000136
0.000162
0.000177
0.000144
0.000127
0.000113
0.000095
0.000108
0.000096
0.000077
0.000080
0.000067
0.000073
0.000081
0.000107
0.000113
0.000101
0.000101
0.000124
0.000109
0.000118
0.000128
0.000134
0.000133
0.000130
0.000148
0.000162
0.000155
0.000149
0.000142
0.000148
0.000134
0.000126
0.000135
0.000133
0.000110
0.000100
0.000110
0.000111
0.000099
0.000110
0.000117
0.000108
0.000099
0.000087
0.000089
0.000147
0.000180
0.000201
0.000187
0.000160
0.000162
0.000150
0.000212
0.000187
0.000184
0.000166
0.000145
0.000071
0.000103
0.000135
0.000157
0.000161
0.000167
0.000170
0.000191
0.000126
0.000068
0.000095
0.000122
0.000162
0.000137
0.000152
0.000130
0.000180
0.000155
0.000125
0.001326
0.000109
0.000106
0.000107
0.000106
0.000099
0.000087
0.000081
0.000075
0.000069
0.000088
0.000097
0.000109
0.000133
0.000131
0.000119
0.000116
0.000109
0.000119
0.000119
0.000131
0.000149
0.000154
0.000162
0.000163
0.000160
0.000157
0.000158
0.000144
0.000135
0.000118
0.000103
0.000091
0.000100
0.000110
0.000098
0.000100
0.000099
0.000098
0.000082
0.000079
0.000090
0.000127
0.000175
0.000171
0.000196
0.000188
0.000173
0.000159
0.000176
0.000160
0.000143
0.000130
0.000128
0.000073
0.000093
0.000136
0.000165
0.000129
0.000143
0.000168
0.000216
0.000202
0.000200
0.000078
0.000124
0.000130
0.000136
0.000142
0.000155
0.000163
0.000173
0.000154
0.000143
0.000099
0.000102
0.000112
0.000097
0.000077
0.000066
0.000075
0.000076
0.000072
0.000091
0.000079
0.000107
0.000111
0.000118
0.000114
0.000113
0.000082
0.000109
0.000116
0.000131
0.000146
0.000142
0.000156
0.000156
0.000158
0.000143
0.000144
0.000153
0.000140
0.000124
0.000095
0.000077
0.000080
0.000094
0.000094
0.000093
0.000092
0.000086
0.000069
0.000063
0.000062
0.000101
0.000144
0.000173
0.000191
0.000199
0.000208
0.000192
0.000162
0.000159
0.000134
0.000140
0.000152
0.000101
0.000121
0.000138
0.000147
0.000139
0.000176
0.000190
0.000213
0.000211
0.000189
0.000106
0.000136
0.000131
0.000155
0.000190
0.000138
0.000171
0.000215
0.000194
0.000201
0.000095
0.000104
0.000095
0.000080
0.000062
0.000060
0.000078
0.000078
0.000070
0.000083
0.000082
0.000093
0.000116
0.000120
0.000110
0.000114
0.000115
0.000089
0.000133
0.000135
0.000141
0.000142
0.000143
0.000158
0.000158
0.000165
0.000156
0.000161
0.000137
0.000128
0.000105
0.000091
0.000096
0.000092
0.000096
0.000094
0.000092
0.000088
0.000065
0.000004
-0.000023
-0.000000
0.000094
0.000164
0.000180
0.000207
0.000212
0.000182
0.000176
0.000148
0.000116
0.000144
0.000148
0.000141
0.000117
0.000104
0.000140
0.000143
0.000152
0.000188
0.000185
0.000192
0.000201
0.000149
0.000101
0.000125
0.000126
0.000166
0.000176
0.000170
0.000218
0.000141
0.000181
0.000089
0.000099
0.000084
0.000084
0.000078
0.000082
0.000071
0.000061
0.000075
0.000091
0.000076
0.000085
0.000100
0.000101
0.000093
0.000098
0.000108
0.000127
0.000140
0.000132
0.000131
0.000146
0.000140
0.000157
0.000158
0.000153
0.000168
0.000168
0.000135
0.000122
0.000121
0.000111
0.000095
0.000097
0.000091
0.000088
0.000089
0.000082
0.000045
-0.000046
-0.000128
-0.000172
-0.000036
0.000085
0.000146
0.000195
0.000216
0.000198
0.000166
0.000130
0.000147
0.000131
0.000152
0.000178
0.000185
0.000127
0.000116
0.000158
0.000147
0.000189
0.000197
0.000192
0.000220
0.000171
0.000161
0.000167
0.000161
0.000123
0.000119
0.000181
0.000180
0.000227
0.000725
0.000096
0.000088
0.000090
0.000096
0.000088
0.000070
0.000077
0.000080
0.000082
0.000079
0.000076
0.000075
0.000085
0.000092
0.000087
0.000098
0.000104
0.000107
0.000123
0.000132
0.000142
0.000137
-0.000514
-0.002275
-0.001335
-0.000898
-0.000176
0.000120
0.000139
0.000133
0.000132
0.000114
0.000098
0.000091
0.000093
0.000093
0.000086
0.000077
0.000025
-0.000085
-0.000221
-0.000290
-0.000201
-0.000014
0.000122
0.000197
0.000230
0.000227
0.000179
0.000117
0.000146
0.000168
0.000165
0.000181
0.000175
0.000107
0.000148
0.000169
0.000119
0.000144
0.000208
0.000201
0.000195
0.000209
0.000227
0.000216
0.000186
0.000190
0.000116
0.000122
0.000164
0.000181
0.000160
0.000102
0.000092
0.000094
0.000096
0.000086
0.000067
0.000073
0.000081
0.000074
0.000069
0.000071
0.000075
0.000082
0.000087
0.000076
0.000080
0.000099
0.000111
0.000118
0.000130
0.000087
-0.000714
-0.007666
-0.008964
-0.013008
-0.015239
-0.011439
-0.003524
-0.000309
0.000129
0.000128
0.000111
0.000096
0.000090
0.000087
0.000085
0.000083
0.000065
-0.000014
-0.000158
-0.000401
-0.000467
-0.000295
-0.000093
0.000091
0.000206
0.000240
0.000230
0.000201
0.000151
0.000142
0.000191
0.000197
0.000201
0.000194
0.000169
0.000104
0.000186
0.000217
0.000244
0.000224
0.000221
0.000222
0.000195
0.000209
0.000226
0.000203
0.000162
0.000138
0.000174
0.000154
0.000190
0.000170
0.000109
0.000089
0.000086
0.000091
0.000076
0.000060
0.000071
0.000079
0.000078
0.000068
0.000067
0.000068
0.000072
0.000085
0.000084
0.000077
0.000102
0.000119
0.000134
0.000076
-0.000617
-0.001888
-0.001197
-0.006534
-0.007622
-0.006454
-0.020178
-0.023877
-0.017982
-0.007840
-0.000817
0.000093
0.000088
0.000082
0.000079
0.000074
0.000083
0.000059
-0.000022
-0.000205
-0.000530
-0.000779
-0.000402
-0.000136
0.000069
0.000173
0.000223
0.000223
0.000204
0.000193
0.000159
0.000182
0.000201
0.000196
0.000204
0.000211
0.000189
0.000244
0.000234
0.000235
0.000256
0.000239
0.000245
0.000230
0.000207
0.000177
0.000165
0.000184
0.000231
0.000230
0.000250
0.000209
0.000160
0.000106
0.000101
0.000087
0.000076
0.000064
0.000055
0.000060
0.000064
0.000058
0.000062
0.000063
0.000070
0.000067
0.000076
0.000091
0.000093
0.000047
0.000029
0.000075
-0.000134
-0.001241
-0.003181
-0.008538
-0.008661
-0.006698
-0.007542
-0.008514
-0.022728
-0.020297
-0.001319
0.000084
0.000091
0.000090
0.000081
0.000075
0.000077
0.000074
0.000063
-0.000008
-0.000191
-0.000495
-0.000979
-0.000415
-0.000095
0.000062
0.000138
0.000186
0.000223
0.000212
0.000203
0.000180
0.000195
0.000213
0.000187
0.000204
0.000217
0.000269
0.000234
0.000224
0.000228
0.000224
0.000199
0.000207
0.000185
0.000193
0.000179
0.000189
0.000172
0.000223
0.000267
0.000245
0.000259
-0.001100
0.000114
0.000100
0.000087
0.000068
0.000071
0.000063
0.000042
0.000061
0.000056
0.000073
0.000065
0.000066
0.000062
0.000052
-0.000444
-0.000078
-0.001134
-0.000101
0.000277
0.000259
0.000208
0.000201
-0.000389
-0.000443
-0.000255
0.000643
-0.002004
-0.005967
-0.001833
0.000084
0.000085
0.000083
0.000083
0.000062
0.000099
0.000221
0.000085
0.000070
0.000019
-0.000101
-0.000334
-0.000443
-0.000254
-0.000045
0.000073
0.000129
0.000177
0.000215
0.000205
0.000201
0.000179
0.000212
0.000236
0.000230
0.000188
0.000201
0.000200
0.000222
0.000238
0.000215
0.000213
0.000172
0.000163
0.000176
0.000237
0.000275
0.000225
0.000242
0.000230
0.000261
0.000328
0.000299
0.000267
0.000116
0.000099
0.000080
0.000062
0.000065
0.000070
0.000046
0.000069
0.000073
0.000071
0.000058
0.000064
0.000048
-0.000288
-0.000897
-0.000076
0.000126
0.000401
0.000215
0.000251
0.000244
0.000269
0.000305
0.000324
0.000400
0.000607
0.000838
-0.002228
0.001889
0.000189
0.000030
0.000199
0.000293
-0.000203
0.000612
0.003309
0.000972
0.000373
0.000177
-0.000028
-0.000137
-0.000186
-0.000099
0.000022
0.000090
0.000110
0.000141
0.000195
0.000196
0.000215
0.000194
0.000215
0.000239
0.000251
0.000199
0.000181
0.000155
0.000199
0.000234
0.000226
0.000221
0.000168
0.000137
0.000204
0.000265
0.000275
0.000290
0.000239
0.000340
0.000322
0.000342
0.000335
0.000314
0.000122
0.000104
0.000080
0.000063
0.000065
0.000074
0.000060
0.000061
0.000073
0.000069
0.000053
0.000038
0.000089
-0.000292
-0.001182
-0.000420
0.000090
0.000222
0.000215
0.000288
0.000303
0.000360
0.000389
0.000374
0.000099
-0.001087
-0.000039
0.002492
0.000050
0.002866
0.001386
0.002438
0.006877
0.008498
0.006336
0.008980
0.007049
0.004579
0.003464
-0.000056
-0.000016
-0.000050
-0.000007
0.000057
0.000107
0.000138
0.000147
0.000225
0.000238
0.000234
0.000203
0.000233
0.000247
0.000232
0.000187
0.000211
0.000227
0.000204
0.000241
0.000230
0.000223
0.000191
0.000151
0.000242
0.000293
0.000315
0.000296
0.000296
0.000301
0.000360
0.000382
0.000406
0.000423
0.000119
0.000113
0.000079
0.000063
0.000067
0.000066
0.000062
0.000053
0.000059
0.000056
0.000048
0.000083
0.000008
-0.000029
0.000456
-0.001302
-0.000030
0.000178
0.000238
0.000267
0.000363
0.000354
0.000366
0.000308
-0.002758
-0.003557
-0.002070
0.000995
0.004389
0.006151
0.004565
0.006042
0.011395
0.012406
0.006779
0.006765
0.010555
0.008892
0.007010
0.001445
0.000144
0.000015
0.000070
0.000048
0.000100
0.000155
0.000168
0.000177
0.000240
0.000270
0.000250
0.000218
0.000241
0.000234
0.000243
0.000252
0.000254
0.000265
0.000267
0.000224
0.000267
0.000276
0.000204
0.000186
0.000251
0.000322
0.000315
0.000276
0.000311
0.000365
0.000399
0.000394
-0.000596
0.000119
0.000113
0.000084
0.000070
0.000061
0.000067
0.000071
0.000060
0.000052
0.000049
0.000055
0.000027
0.000027
0.000260
0.004667
-0.000826
0.000063
0.000254
0.000272
0.000287
0.000378
0.000256
-0.000270
-0.001482
-0.002174
-0.005081
-0.004099
-0.001377
0.002165
0.002200
0.004936
0.002211
0.005857
0.005177
0.003456
0.003132
0.006099
0.010731
0.006931
0.002669
0.000982
-0.000007
0.001335
0.000304
0.000216
0.000204
0.000175
0.000159
0.000244
0.000290
0.000282
0.000278
0.000241
0.000227
0.000292
0.000278
0.000272
0.000306
0.000320
0.000277
0.000260
0.000246
0.000234
0.000234
0.000224
0.000382
0.000347
0.000377
0.000339
0.000414
0.000451
0.000421
0.000384
0.000137
0.000111
0.000072
0.000058
0.000060
0.000073
0.000071
0.000059
0.000045
0.000051
0.000046
0.000041
0.000044
0.000323
0.002881
-0.001614
-0.000012
0.000296
0.000315
0.000324
0.000219
0.004134
0.004549
0.003691
0.000427
-0.002584
-0.000774
-0.000009
0.000234
-0.000035
0.000532
0.000644
0.000679
0.000424
0.000830
-0.000226
0.000915
0.010665
0.008601
0.006672
0.001626
0.000716
0.003733
0.003826
0.001089
0.000372
0.000235
0.000266
0.000302
0.000296
0.000317
0.000281
0.000243
0.000237
0.000278
0.000311
0.000321
0.000309
0.000377
0.000317
0.000254
0.000251
0.000266
0.000198
0.000343
0.000350
0.000458
0.000540
0.000539
0.000438
0.000359
0.000293
0.000362
0.000137
0.000103
0.000115
0.000079
0.000075
0.000069
0.000073
0.000069
0.000043
0.000057
0.000050
0.000049
0.000045
0.000191
0.004147
0.005651
-0.000268
0.000220
0.000225
0.000168
0.010597
0.016898
0.015469
0.015124
0.013318
0.010839
0.003408
0.000541
0.000079
0.000104
0.000048
-0.000085
-0.000042
0.000193
0.000861
0.000522
0.000565
0.007724
0.009834
0.007664
0.002072
0.000383
0.003437
0.003750
-0.000550
-0.002344
0.000779
0.000299
0.000292
0.000274
0.000318
0.000301
0.000282
0.000228
0.000270
0.000357
0.000348
0.000348
0.000349
0.000341
0.000365
0.000370
0.000359
0.000318
0.000245
0.000418
0.000530
0.000562
0.000495
0.000365
0.000363
0.000319
0.000438
0.000116
0.000115
0.000105
0.000070
0.000076
0.000068
0.000061
0.000057
0.000051
0.000056
0.000051
0.000040
0.000041
0.000058
0.001945
0.005162
0.002168
0.000090
0.004626
0.012528
0.015522
0.018702
0.022973
0.022572
0.021902
0.019377
0.009705
0.001172
0.000240
0.000367
-0.000009
0.000044
0.000110
0.000448
0.000796
0.000204
0.000261
0.003606
0.009417
0.006311
0.002185
0.000811
0.001870
0.002872
-0.001300
-0.002245
0.001928
0.001060
0.000297
0.000270
0.000277
0.000306
0.000256
0.000235
0.000259
0.000332
0.000332
0.000342
0.000328
0.000366
0.000396
0.000392
0.000399
0.000322
0.000203
0.000179
0.000481
0.000561
0.000489
0.000434
0.000414
0.000504
0.000385
0.000128
0.000110
0.000121
0.000079
0.000080
0.000065
0.000062
0.000070
0.000066
0.000052
0.000050
0.000041
0.000044
0.000039
0.000641
0.003009
0.001092
0.006828
0.009059
0.010874
0.010276
0.011176
0.011543
0.015036
0.022005
0.022945
0.011095
0.001169
0.000296
0.000296
0.000134
-0.000618
-0.000675
0.000372
0.000096
-0.000766
-0.004199
-0.003265
0.003858
0.005657
0.001776
0.000601
0.001709
0.000349
-0.001048
-0.003652
-0.001952
-0.004029
0.001212
0.000318
0.000310
0.000326
0.000248
0.000221
0.000267
0.000338
0.000338
0.000320
0.000350
0.000440
0.000403
0.000432
0.000405
0.000361
0.000321
0.000261
0.000528
0.000555
0.000568
0.000562
0.000372
0.000429
0.000439
0.000120
0.000136
0.000119
0.000098
0.000067
0.000059
0.000061
0.000068
0.000064
0.000057
0.000045
0.000038
0.000048
0.000057
0.000037
0.000059
0.000098
0.000261
0.000218
0.000048
0.000208
0.001749
0.001869
0.003060
0.008128
0.012354
0.006372
0.001184
0.001725
0.001471
-0.000157
-0.003147
-0.001472
-0.001634
-0.001224
-0.005217
-0.005745
-0.004563
-0.004472
-0.006571
-0.008267
-0.007711
-0.002324
-0.001187
-0.001823
-0.003097
-0.003063
-0.005016
-0.002867
0.001707
0.000324
0.000328
0.000334
0.000273
0.000287
0.000323
0.000344
0.000362
0.000377
0.000456
0.000443
0.000437
0.000454
0.000406
0.000424
0.000421
0.000471
0.000461
0.000486
0.000370
0.000465
0.000432
0.000360
0.000133
0.000143
0.000130
0.000097
0.000057
0.000060
0.000060
0.000064
0.000064
0.000040
0.000041
0.000040
0.000042
0.000059
0.000062
0.000058
0.000021
0.000002
-0.000002
-0.000010
0.000028
0.000270
0.000732
-0.000022
-0.002241
-0.002657
-0.002413
-0.002852
-0.003165
-0.001316
-0.003419
-0.004406
-0.004087
-0.003869
-0.003319
-0.001952
-0.013793
-0.006063
-0.005786
-0.009009
-0.012540
-0.017330
-0.013866
-0.012873
-0.005044
-0.003605
-0.008453
-0.008409
-0.005294
-0.000881
0.001516
0.000398
0.000374
0.000368
0.000261
0.000379
0.000397
0.000468
0.000476
0.000528
0.000388
0.000444
0.000483
0.000509
0.000527
0.000519
0.000458
0.000453
0.000432
0.000379
0.000394
0.000383
0.000310
0.000147
0.000131
0.000143
0.000109
0.000084
0.000052
0.000033
0.000040
0.000048
0.000040
0.000045
0.000042
0.000043
0.000058
0.000059
0.000059
0.000036
0.000012
0.000004
-0.000001
0.000566
0.012944
0.010449
0.003660
-0.000944
-0.002182
-0.002557
-0.003420
-0.003576
-0.001833
-0.005372
-0.004526
-0.003363
-0.003475
-0.004436
-0.003950
-0.002059
-0.012660
-0.011897
-0.011699
-0.015764
-0.015173
-0.018056
-0.019942
-0.014000
-0.007915
-0.008087
-0.011179
-0.007976
-0.005364
-0.007139
0.000704
0.000390
0.000397
0.000294
0.000394
0.000392
0.000457
0.000558
0.000591
0.000497
0.000468
0.000452
0.000503
0.000621
0.000549
0.000501
0.000409
0.000480
0.000517
0.000462
0.000299
0.000406
0.000127
0.000128
0.000134
0.000116
0.000078
0.000068
0.000065
0.000047
0.000047
0.000059
0.000043
0.000052
0.000054
0.000052
0.000056
0.000058
0.000045
0.000029
0.000021
0.000111
0.006795
0.014765
0.017674
0.010157
0.001009
-0.001475
-0.003481
-0.003089
-0.003411
-0.002910
-0.007568
-0.006311
-0.004014
-0.002968
-0.003847
-0.004135
-0.004759
-0.003271
-0.001868
-0.012590
-0.015509
-0.016648
-0.016929
-0.019044
-0.019678
-0.012420
-0.009537
-0.009044
-0.007471
-0.008901
-0.009925
-0.006158
0.000354
0.000425
0.000360
0.000221
0.000252
0.000478
0.000579
0.000620
0.000385
0.000368
0.000557
0.000583
0.000606
0.000530
0.000405
0.000545
0.000560
0.000639
0.000660
0.000383
0.000266
0.000131
0.000120
0.000122
0.000125
0.000098
0.000070
0.000048
0.000044
0.000050
0.000063
0.000052
0.000061
0.000056
0.000051
0.000049
0.000054
0.000051
0.000085
0.000080
0.000126
0.002693
0.011633
0.018890
0.013596
0.004869
-0.001128
-0.002560
-0.003831
-0.003741
-0.003375
-0.006394
-0.006032
-0.004282
-0.004050
-0.004052
-0.004517
-0.004406
-0.004795
-0.004746
-0.003814
-0.003915
-0.003395
-0.014163
-0.014331
-0.014885
-0.015819
-0.006431
-0.005041
-0.006026
-0.010181
-0.009826
-0.010402
-0.007067
0.000130
0.000301
0.000153
0.000267
0.000471
0.000619
0.000601
0.000466
0.000437
0.000511
0.000543
0.000556
0.000564
0.000557
0.000548
0.000619
0.000660
0.000616
0.000465
0.000277
0.000152
0.000130
0.000113
0.000130
0.000127
0.000083
0.000058
0.000043
0.000055
0.000043
0.000047
0.000061
0.000054
0.000053
0.000049
0.000052
0.000075
0.000081
0.000101
-0.000024
-0.000468
0.008698
0.015566
0.012474
0.005710
-0.001259
-0.003158
-0.003256
-0.004306
-0.002900
-0.004098
-0.006993
-0.003232
-0.004447
-0.004392
-0.004603
-0.004624
-0.004706
-0.004667
-0.005832
-0.005540
-0.004615
-0.005900
-0.006484
-0.005368
-0.005289
-0.010601
0.000765
-0.005898
-0.009135
-0.009558
-0.010535
-0.010179
-0.007314
-0.004066
0.000077
0.000147
0.000372
0.000561
0.000561
0.000561
0.000474
0.000490
0.000383
0.000526
0.000522
0.000526
0.000568
0.000591
0.000653
0.000579
0.000462
0.000439
0.000163
0.000126
0.000135
0.000120
0.000124
0.000106
0.000070
0.000055
0.000046
0.000036
0.000048
0.000065
0.000063
0.000059
0.000069
0.000102
0.000062
0.000070
0.000075
0.000061
-0.000458
-0.001453
0.009114
0.012766
0.008464
-0.000627
-0.002964
-0.003212
-0.002726
-0.001893
-0.002864
-0.007320
-0.005836
-0.004353
-0.004485
-0.004625
-0.005074
-0.005278
-0.005268
-0.005120
-0.005489
-0.006317
-0.007445
-0.007566
-0.006251
-0.003051
-0.001669
-0.002757
-0.005414
-0.008689
-0.010189
-0.009804
-0.008807
-0.007455
-0.006151
-0.003167
0.000025
0.000278
0.000520
0.000518
0.000585
0.000441
0.000415
0.000376
0.000475
0.000411
0.000518
0.000499
0.000589
0.000655
0.000608
0.000501
0.000540
0.000162
0.000162
0.000123
0.000122
0.000152
0.000170
0.000205
0.000189
0.000324
0.000018
0.000029
0.000055
0.000120
0.000065
0.000064
0.000065
0.000077
0.000075
0.000081
0.000093
0.000013
-0.000927
0.005050
0.014628
0.011366
0.001429
-0.002332
-0.003412
-0.002642
-0.001618
-0.000605
-0.007503
-0.005816
-0.004430
-0.004146
-0.004873
-0.005096
-0.005681
-0.005391
-0.005439
-0.006354
-0.007773
-0.007413
-0.006380
-0.005284
-0.003820
-0.001735
-0.005426
-0.002742
-0.009139
-0.009378
-0.008321
-0.006951
-0.006988
-0.006063
-0.004963
-0.003340
-0.002284
0.000321
0.000564
0.000922
0.000572
0.000411
0.000342
0.000487
0.000389
0.000431
0.000387
0.000573
0.000666
0.000656
0.000681
0.000724
0.000163
0.000144
0.000139
0.000130
0.000157
0.000174
0.000205
0.000209
0.000177
0.000177
0.000207
0.000305
-0.000002
0.000076
0.000073
0.000063
0.000049
0.000055
0.000066
0.000061
0.000026
0.000379
0.000327
0.000498
0.000695
0.000631
0.000679
0.001717
0.001468
0.000834
0.000267
-0.005959
-0.006046
-0.004634
-0.004699
-0.004857
-0.005502
-0.006258
-0.005919
-0.006200
-0.005759
-0.007299
-0.005616
-0.003556
-0.004492
-0.003381
-0.002542
-0.002059
-0.000565
-0.007322
-0.008040
-0.007650
-0.006453
-0.006428
-0.005391
-0.004169
-0.003782
-0.003997
-0.002492
0.000375
0.003368
0.000917
0.000538
0.000482
0.000520
0.000498
0.000399
0.000484
0.000549
0.000725
0.000747
0.000721
0.000732
0.000164
0.000179
0.000136
0.000135
0.000143
0.000154
0.000185
0.000197
0.000159
0.000144
0.000154
0.000237
0.000294
0.000277
0.000312
0.000030
0.000287
0.000288
0.000260
0.000232
0.000222
0.000202
0.000132
0.000190
0.000212
0.000214
0.000231
0.000551
0.003040
0.000634
-0.000274
-0.002919
-0.005068
-0.002839
-0.004229
-0.003936
-0.004654
-0.006783
-0.006723
-0.006411
-0.007068
-0.006872
-0.004969
-0.004020
-0.003999
-0.003378
-0.003304
-0.002892
-0.002708
-0.005114
-0.007615
-0.006923
-0.006082
-0.004660
-0.004140
-0.002011
-0.001206
0.000972
0.005237
0.013812
0.011880
0.003040
0.000812
0.000592
0.000538
0.000430
0.000522
0.000543
0.000668
0.000738
0.000709
0.000894
0.000841
0.000143
0.000186
0.000151
0.000122
0.000123
0.000152
0.000167
0.000238
0.000205
0.000142
0.000200
0.000228
0.000252
0.000228
0.000220
0.000169
0.000182
0.000203
0.000213
0.000176
0.000150
0.000180
0.000125
0.000161
0.000199
0.000207
0.000154
0.000198
0.000381
0.001369
-0.000206
-0.000293
0.000083
0.002066
0.000147
-0.002604
-0.000645
-0.002696
-0.003691
-0.005361
-0.006449
-0.006326
-0.004343
-0.003927
-0.003907
-0.004221
-0.004426
-0.003794
-0.003998
-0.003675
-0.005904
-0.006258
-0.000875
0.000992
0.001395
0.005768
0.008852
0.011760
0.008431
0.002555
0.001704
0.001215
0.001168
0.000726
0.000657
0.000571
0.000627
0.000656
0.000727
0.000712
0.000824
0.000734
0.000611
0.000165
0.000194
0.000207
0.000140
0.000131
0.000190
0.000214
0.000205
0.000204
0.000150
0.000163
0.000188
0.000247
0.000233
0.000219
0.000182
0.000208
0.000226
0.000214
0.000189
0.000153
0.000139
0.000139
0.000127
0.000146
0.000190
0.000088
0.000118
0.000177
0.000700
-0.000168
0.000161
0.000463
0.000580
-0.001839
0.000131
0.000499
0.000064
-0.000023
-0.000114
-0.000186
-0.000129
0.000150
0.000039
-0.003555
-0.004968
-0.006058
-0.005236
-0.005410
-0.005617
-0.004719
-0.001944
0.006072
0.008091
0.009255
0.011297
0.009834
0.004770
0.001529
0.001287
0.001243
0.001205
0.001148
0.000760
0.000542
0.000815
0.000857
0.000709
0.000677
0.000699
0.000709
0.000697
0.000572
0.000198
0.000214
0.000221
0.000184
0.000156
0.000155
0.000200
0.000239
0.000187
0.000170
0.000175
0.000152
0.000233
0.000244
0.000235
0.000229
0.000227
0.000183
0.000219
0.000253
0.000208
0.000165
0.000156
0.000139
0.000175
0.000181
0.000062
0.000086
0.000127
-0.000204
0.000072
0.000256
0.000405
0.000444
0.000418
0.000612
0.000403
0.000406
0.000668
0.000642
0.000631
0.000698
0.000820
0.001002
0.001052
-0.005295
-0.008348
-0.007883
-0.006736
-0.007124
-0.007883
0.003485
0.005192
0.004361
0.003710
0.002021
0.000133
0.001340
0.001104
0.001135
0.001166
0.001191
0.001080
0.000610
0.000369
0.000668
0.000805
0.000870
0.000752
0.000740
0.000752
0.000771
0.000573
0.000214
0.000223
0.000237
0.000211
0.000160
0.000170
0.000171
0.000239
0.000233
0.000174
0.000204
0.000224
0.000219
0.000173
0.000228
0.000246
0.000271
0.000157
0.000280
0.000279
0.000234
0.000223
0.000171
0.000112
0.000171
0.000202
0.000122
0.000049
0.000065
0.000070
0.000156
0.000221
0.000328
0.000523
0.000661
0.000739
0.000688
0.000385
0.000560
0.000565
0.000561
0.000688
0.000881
0.001090
0.001023
0.001909
-0.006207
-0.006907
-0.006777
-0.008393
-0.007502
-0.003748
0.001896
-0.000739
0.001302
0.001421
0.001287
0.001433
0.001244
0.001038
0.001141
0.001159
0.000869
0.000601
0.000297
0.000702
0.000892
0.000940
0.000979
0.000910
0.000765
0.000689
0.000592
0.000226
0.000254
0.000246
0.000313
0.000182
0.000129
0.000165
0.000173
0.000201
0.000242
0.000241
0.000205
0.000268
0.000268
0.000250
0.000256
0.000284
0.000241
0.000241
0.000226
0.000221
0.000198
0.000154
0.000171
0.000190
0.000223
0.000130
0.000049
0.000090
0.000100
0.000138
0.000179
0.000266
0.000478
0.000761
0.000785
0.000693
0.000353
0.000487
0.000497
0.000487
0.000468
0.000861
0.001052
0.001078
0.001081
0.001429
-0.004963
-0.002089
-0.002552
-0.002604
-0.002008
-0.004003
-0.000493
0.001043
0.001403
0.001436
0.001230
0.001162
0.001088
0.001154
0.001165
0.000849
0.000584
0.000646
0.000806
0.000939
0.001079
0.001088
0.000980
0.000704
0.000581
0.000515
0.000248
0.000273
0.000274
0.000264
0.000205
0.000165
0.000141
0.000180
0.000224
0.000290
0.000241
0.000217
0.000282
0.000319
0.000282
0.000232
0.000250
0.000250
0.000202
0.000194
0.000211
0.000204
0.000153
0.000211
0.000238
0.000269
0.000259
0.000125
0.000191
0.000142
0.000179
0.000237
0.000300
0.000493
0.000734
0.000785
0.000695
0.000479
0.000436
0.000541
0.000519
0.000568
0.000796
0.001003
0.001048
0.001036
0.000803
0.000830
0.001210
0.005211
0.000870
-0.001311
-0.009611
-0.001407
0.001076
0.001272
0.001134
0.000945
0.001162
0.001216
0.001123
0.001108
0.000905
0.000869
0.000663
0.000798
0.000982
0.001075
0.001065
0.000959
0.000571
0.000476
0.000351
0.000282
0.000266
0.000289
0.000259
0.000234
0.000170
0.000142
0.000208
0.000200
0.000299
0.000219
0.000165
0.000232
0.000311
0.000290
0.000237
0.000243
0.000228
0.000162
0.000143
0.000195
0.000180
0.000151
0.000250
0.000250
0.000292
0.000300
0.000287
0.000330
0.000241
0.000326
0.000303
0.000339
0.000438
0.000648
0.000766
0.000537
0.000431
0.000512
0.000530
0.000582
0.000683
0.000798
0.000900
0.000957
0.000915
0.000865
0.000966
0.001261
0.001667
0.008388
-0.001378
-0.003906
0.000228
0.001056
0.001237
0.000944
0.000992
0.001321
0.001199
0.001162
0.001332
0.000920
0.000713
0.000720
0.000843
0.001077
0.001019
0.001032
0.000934
0.000732
0.000675
0.000548
0.000300
0.000270
0.000252
0.000216
0.000210
0.000177
0.000193
0.000180
0.000204
0.000280
0.000234
0.000180
0.000201
0.000252
0.000240
0.000220
0.000228
0.000242
0.000202
0.000148
0.000168
0.000227
0.000237
0.000292
0.000252
0.000280
0.000350
0.000300
0.000356
0.000331
0.000351
0.000378
0.000441
0.000462
0.000601
0.000649
0.000647
0.000677
0.000473
0.000532
0.000676
0.000704
0.000778
0.000862
0.000921
0.000940
0.000974
0.001018
0.001046
0.001171
0.001459
0.002598
-0.000917
0.000834
0.001088
0.001053
0.001215
0.001057
0.001257
0.001252
0.001168
0.001205
0.001035
0.000931
0.000903
0.001110
0.001111
0.001004
0.001032
0.001118
0.000960
0.000667
0.000554
0.000319
0.000244
0.000248
0.000215
0.000245
0.000160
0.000152
0.000123
0.000137
0.000239
0.000287
0.000201
0.000221
0.000209
0.000237
0.000171
0.000221
0.000227
0.000218
0.000150
0.000151
0.000178
0.000226
0.000295
0.000279
0.000279
0.000346
0.000387
0.000366
0.000292
0.000363
0.000395
0.000456
0.000453
0.000438
0.000649
0.000585
0.000568
0.000396
0.000451
0.000711
0.000850
0.000898
0.000755
0.000849
0.001044
0.000941
0.001020
0.001007
0.001093
0.001064
0.001300
0.000975
0.001301
0.001243
0.001233
0.001378
0.001087
0.001079
0.001072
0.000902
0.000934
0.001046
0.001073
0.001013
0.001107
0.001046
0.001027
0.001024
0.001137
0.000979
0.000674
0.000548
0.000319
0.000292
0.000291
0.000299
0.000272
0.000237
0.000190
0.000202
0.000159
0.000199
0.000295
0.000319
0.000289
0.000225
0.000215
0.000172
0.000196
0.000220
0.000190
0.000179
0.000223
0.000277
0.000316
0.000322
0.000291
0.000283
0.000320
0.000363
0.000347
0.000381
0.000342
0.000441
0.000439
0.000416
0.000459
0.000479
0.000565
0.000556
0.000361
0.000535
0.000766
0.000771
0.000783
0.000777
0.000975
0.001155
0.001066
0.001137
0.001153
0.001130
0.001171
0.001269
0.001320
0.001427
0.001393
0.001137
0.001268
0.000901
0.000837
0.000994
0.000990
0.001031
0.001191
0.000982
0.000926
0.001058
0.001036
0.001022
0.001069
0.001041
0.000965
0.000760
0.000444
