-0.000110
-0.000104
-0.000097
0.000632
-0.000122
-0.000113
-0.000099
0.000438
-0.000094
-0.000106
-0.000096
-0.000603
-0.000085
-0.000076
-0.000065
-0.000043
-0.000055
-0.000063
-0.000054
-0.000045
-0.000052
-0.000067
-0.000073
-0.000057
-0.000046
-0.000052
-0.000042
-0.000035
-0.000040
-0.000031
-0.000040
-0.000050
-0.000057
-0.000045
-0.000042
-0.000046
-0.000043
-0.000053
-0.000048
-0.000041
-0.000036
-0.000039
-0.000041
-0.000033
-0.000026
-0.000033
-0.000027
-0.000029
-0.000029
-0.000038
-0.000030
-0.000029
-0.000025
-0.000022
-0.000029
-0.000037
-0.000037
-0.000027
-0.000030
-0.000035
-0.000042
-0.000037
-0.000036
-0.000057
-0.000049
-0.000041
-0.001158
-0.000038
-0.000054
-0.000046
0.000061
-0.000041
0.000195
-0.000075
-0.000065
-0.000064
-0.000060
-0.000085
-0.000091
-0.000089
-0.000073
-0.000085
-0.000081
-0.000080
-0.000087
-0.000067
-0.000055
-0.000058
-0.000057
-0.000063
-0.000067
-0.000053
-0.000054
-0.000059
-0.000055
-0.000058
-0.000062
-0.000060
-0.000050
-0.000051
-0.000043
-0.000056
-0.000039
-0.000061
-0.000059
-0.000050
-0.000057
-0.000054
-0.000051
-0.000041
-0.000036
-0.000045
-0.000044
-0.000039
-0.000035
-0.000038
-0.000038
-0.000036
-0.000039
-0.000034
-0.000031
-0.000022
-0.000035
-0.000036
-0.000031
-0.000025
-0.000029
-0.000023
-0.000029
-0.000040
-0.000034
-0.000037
-0.000039
-0.000037
-0.000037
-0.000037
-0.000040
-0.000038
-0.000037
-0.000040
-0.000039
-0.000038
-0.000036
-0.000035
-0.000039
-0.000051
-0.000086
-0.000065
-0.000065
-0.000054
-0.000071
-0.000100
-0.000097
-0.000075
-0.000092
-0.000083
-0.000076
-0.000082
-0.000071
-0.000057
-0.000045
-0.000051
-0.000063
-0.000070
-0.000062
-0.000055
-0.000059
-0.000058
-0.000050
-0.000050
-0.000051
-0.000059
-0.000059
-0.000058
-0.000054
-0.000051
-0.000057
-0.000042
-0.000037
-0.000041
-0.000043
-0.000039
-0.000048
-0.000048
-0.000047
-0.000043
-0.000051
-0.000043
-0.000040
-0.000039
-0.000035
-0.000032
-0.000031
-0.000027
-0.000024
-0.000035
-0.000041
-0.000036
-0.000034
-0.000029
-0.000027
-0.000034
-0.000031
-0.000036
-0.000038
-0.000035
-0.000028
-0.000030
-0.000031
-0.000035
-0.000034
-0.000032
-0.000033
-0.000034
-0.000035
-0.000031
-0.000031
-0.000033
-0.000057
-0.000074
-0.000083
-0.000065
-0.000040
-0.000044
-0.000070
-0.000104
-0.000097
-0.000083
-0.000079
-0.000074
-0.000073
-0.000061
-0.000044
-0.000039
-0.000046
-0.000051
-0.000060
-0.000063
-0.000057
-0.000055
-0.000052
-0.000049
-0.000034
-0.000049
-0.000049
-0.000054
-0.000054
-0.000055
-0.000053
-0.000048
-0.000056
-0.000048
-0.000049
-0.000041
-0.000043
-0.000037
-0.000036
-0.000030
-0.000028
-0.000033
-0.000050
-0.000047
-0.000030
-0.000024
-0.000025
-0.000026
-0.000026
-0.000032
-0.000031
-0.000035
-0.000033
-0.000036
-0.000027
-0.000028
-0.000025
-0.000031
-0.000034
-0.000041
-0.000039
-0.000039
-0.000029
-0.000029
-0.000037
-0.000030
-0.000032
-0.000036
-0.000031
-0.000037
-0.000036
-0.000037
-0.000038
-0.000044
-0.000078
-0.000069
-0.000070
-0.000061
-0.000050
-0.000062
-0.000090
-0.000096
-0.000093
-0.000086
-0.000077
-0.000071
-0.000054
-0.000056
-0.000046
-0.000055
-0.000054
-0.000054
-0.000057
-0.000048
-0.000048
-0.000051
-0.000052
-0.000043
-0.000051
-0.000045
-0.000045
-0.000053
-0.000049
-0.000047
-0.000047
-0.000048
-0.000043
-0.000051
-0.000056
-0.000062
-0.000052
-0.000040
-0.000036
-0.000039
-0.000050
-0.000045
-0.000046
-0.000041
-0.000027
-0.000016
-0.000020
-0.000025
-0.000030
-0.000029
-0.000029
-0.000033
-0.000031
-0.000031
-0.000034
-0.000031
-0.000033
-0.000038
-0.000032
-0.000036
-0.000029
-0.000026
-0.000034
-0.000033
-0.000031
-0.000038
-0.000036
-0.000033
-0.000029
-0.000032
-0.000032
-0.000038
-0.002169
-0.000080
-0.000073
-0.000079
-0.000066
-0.000073
-0.000077
-0.000075
-0.000086
-0.000087
-0.000082
-0.000069
-0.000062
-0.000054
-0.000059
-0.000049
-0.000059
-0.000055
-0.000052
-0.000052
-0.000051
-0.000048
-0.000050
-0.000055
-0.000051
-0.000047
-0.000047
-0.000055
-0.000061
-0.000052
-0.000052
-0.000049
-0.000054
-0.000050
-0.000057
-0.000061
-0.000053
-0.000049
-0.000053
-0.000050
-0.000045
-0.000047
-0.000045
-0.000047
-0.000041
-0.000032
-0.000015
-0.000018
-0.000030
-0.000029
-0.000030
-0.000029
-0.000032
-0.000033
-0.000032
-0.000029
-0.000028
-0.000031
-0.000039
-0.000041
-0.000036
-0.000038
-0.000030
-0.000028
-0.000029
-0.000040
-0.000047
-0.000030
-0.000035
-0.000031
-0.000037
-0.000039
-0.000039
-0.000054
-0.000095
-0.000085
-0.000084
-0.000080
-0.000073
-0.000082
-0.000084
-0.000077
-0.000091
-0.000078
-0.000061
-0.000045
-0.000055
-0.000051
-0.000052
-0.000055
-0.000058
-0.000058
-0.000047
-0.000049
-0.000051
-0.000047
-0.000059
-0.000049
-0.000046
-0.000048
-0.000047
-0.000041
-0.000055
-0.000059
-0.000054
-0.000056
-0.000056
-0.000055
-0.000056
-0.000059
-0.000054
-0.000050
-0.000046
-0.000039
-0.000050
-0.000053
-0.000048
-0.000048
-0.000043
-0.000028
-0.000022
-0.000026
-0.000029
-0.000028
-0.000027
-0.000027
-0.000032
-0.000021
-0.000025
-0.000028
-0.000027
-0.000030
-0.000034
-0.000032
-0.000036
-0.000028
-0.000024
-0.000032
-0.000035
-0.000039
-0.000030
-0.000030
-0.000030
-0.000038
-0.000036
-0.000034
-0.000049
-0.000079
-0.000091
-0.000090
-0.000086
-0.000080
-0.000081
-0.000086
-0.000088
-0.000093
-0.000070
-0.000058
-0.000058
-0.000055
-0.000056
-0.000055
-0.000053
-0.000059
-0.000058
-0.000045
-0.000054
-0.000057
-0.000050
-0.000052
-0.000057
-0.000047
-0.000040
-0.000041
-0.000042
-0.000048
-0.000048
-0.000054
-0.000053
-0.000047
-0.000050
-0.000057
-0.000058
-0.000051
-0.000046
-0.000037
-0.000037
-0.000047
-0.000053
-0.000057
-0.000061
-0.000047
-0.000033
-0.000025
-0.000028
-0.000032
-0.000027
-0.000028
-0.000021
-0.000025
-0.000029
-0.000016
-0.000015
-0.000020
-0.000032
-0.000030
-0.000033
-0.000030
-0.000029
-0.000026
-0.000020
-0.000037
-0.000035
-0.000032
-0.000029
-0.000033
-0.000040
-0.000037
-0.000028
-0.000033
-0.000088
-0.000090
-0.000103
-0.000092
-0.000078
-0.000096
-0.000089
-0.000088
-0.000080
-0.000071
-0.000070
-0.000057
-0.000064
-0.000057
-0.000051
-0.000054
-0.000052
-0.000040
-0.000035
-0.000048
-0.000061
-0.000053
-0.000051
-0.000052
-0.000047
-0.000054
-0.000046
-0.000045
-0.000046
-0.000050
-0.000053
-0.000054
-0.000047
-0.000052
-0.000047
-0.000048
-0.000051
-0.000048
-0.000042
-0.000034
-0.000046
-0.000041
-0.000056
-0.000051
-0.000049
-0.000032
-0.000022
-0.000027
-0.000030
-0.000023
-0.000023
-0.000018
-0.000022
-0.000024
-0.000015
-0.000023
-0.000025
-0.000023
-0.000027
-0.000031
-0.000025
-0.000029
-0.000028
-0.000024
-0.000031
-0.000030
-0.000038
-0.000029
-0.000031
-0.000040
-0.000026
-0.000035
0.001326
-0.000091
-0.000096
-0.000092
-0.000088
-0.000078
-0.000086
-0.000077
-0.000065
-0.000061
-0.000058
-0.000050
-0.000051
-0.000055
-0.000057
-0.000049
-0.000051
-0.000052
-0.000023
-0.000022
-0.000048
-0.000057
-0.000051
-0.000049
-0.000054
-0.000047
-0.000049
-0.000046
-0.000048
-0.000050
-0.000044
-0.000052
-0.000046
-0.000044
-0.000048
-0.000037
-0.000044
-0.000047
-0.000043
-0.000045
-0.000037
-0.000034
-0.000039
-0.000053
-0.000051
-0.000043
-0.000043
-0.000033
-0.000029
-0.000029
-0.000028
-0.000023
-0.000015
-0.000016
-0.000020
-0.000023
-0.000024
-0.000030
-0.000025
-0.000027
-0.000029
-0.000035
-0.000032
-0.000032
-0.000026
-0.000024
-0.000035
-0.000037
-0.000032
-0.000043
-0.000039
-0.000034
-0.000040
-0.000031
-0.000090
-0.000090
-0.000081
-0.000060
-0.000076
-0.000069
-0.000076
-0.000066
-0.000057
-0.000053
-0.000052
-0.000054
-0.000060
-0.000055
-0.000052
-0.000046
-0.000050
-0.000052
-0.000037
-0.000049
-0.000054
-0.000051
-0.000050
-0.000051
-0.000051
-0.000046
-0.000050
-0.000048
-0.000046
-0.000047
-0.000047
-0.000041
-0.000047
-0.000052
-0.000046
-0.000041
-0.000044
-0.000043
-0.000038
-0.000032
-0.000039
-0.000045
-0.000045
-0.000050
-0.000052
-0.000044
-0.000048
-0.000034
-0.000031
-0.000023
-0.000019
-0.000017
-0.000012
-0.000017
-0.000029
-0.000038
-0.000033
-0.000024
-0.000026
-0.000030
-0.000032
-0.000032
-0.000028
-0.000030
-0.000028
-0.000032
-0.000035
-0.000041
-0.000036
-0.000032
-0.000050
-0.000051
-0.000032
-0.000070
-0.000075
-0.000090
-0.000050
-0.000049
-0.000058
-0.000069
-0.000070
-0.000064
-0.000062
-0.000064
-0.000050
-0.000063
-0.000061
-0.000049
-0.000052
-0.000046
-0.000044
-0.000040
-0.000049
-0.000056
-0.000052
-0.000044
-0.000056
-0.000055
-0.000047
-0.000050
-0.000055
-0.000048
-0.000046
-0.000042
-0.000042
-0.000031
-0.000042
-0.000039
-0.000034
-0.000040
-0.000043
-0.000037
-0.000042
-0.000039
-0.000046
-0.000040
-0.000044
-0.000042
-0.000043
-0.000047
-0.000037
-0.000034
-0.000023
-0.000015
-0.000017
-0.000012
-0.000021
-0.000031
-0.000031
-0.000029
-0.000020
-0.000017
-0.000037
-0.000032
-0.000035
-0.000025
-0.000031
-0.000031
-0.000029
-0.000036
-0.000043
-0.000037
-0.000041
-0.000046
-0.000043
-0.000029
-0.000071
-0.000091
-0.000096
-0.000076
-0.000060
-0.000081
-0.000082
-0.000072
-0.000068
-0.000066
-0.000062
-0.000060
-0.000058
-0.000063
-0.000051
-0.000044
-0.000056
-0.000047
-0.000061
-0.000053
-0.000052
-0.000056
-0.000063
-0.000067
-0.000049
-0.000042
-0.000048
-0.000047
-0.000056
-0.000051
-0.000046
-0.000042
-0.000046
-0.000044
-0.000042
-0.000040
-0.000047
-0.000048
-0.000044
-0.000043
-0.000036
-0.000048
-0.000046
-0.000041
-0.000047
-0.000041
-0.000043
-0.000041
-0.000038
-0.000026
-0.000020
-0.000018
-0.000021
-0.000024
-0.000035
-0.000032
-0.000029
-0.000027
-0.000022
-0.000034
-0.000033
-0.000035
-0.000033
-0.000032
-0.000037
-0.000039
-0.000033
-0.000035
-0.000040
-0.000045
-0.000039
-0.000036
0.000725
-0.000085
-0.000089
-0.000093
-0.000076
-0.000062
-0.000073
-0.000083
-0.000073
-0.000062
-0.000062
-0.000071
-0.000064
-0.000055
-0.000055
-0.000054
-0.000050
-0.000053
-0.000049
-0.000054
-0.000052
-0.000049
-0.000056
-0.000246
-0.000562
-0.000504
-0.000226
-0.000134
-0.000114
-0.000046
-0.000049
-0.000051
-0.000046
-0.000044
-0.000038
-0.000038
-0.000046
-0.000043
-0.000044
-0.000048
-0.000048
-0.000048
-0.000053
-0.000049
-0.000041
-0.000043
-0.000043
-0.000042
-0.000042
-0.000040
-0.000025
-0.000025
-0.000023
-0.000020
-0.000029
-0.000027
-0.000028
-0.000029
-0.000029
-0.000030
-0.000028
-0.000038
-0.000037
-0.000044
-0.000033
-0.000035
-0.000036
-0.000028
-0.000036
-0.000031
-0.000035
-0.000040
-0.000038
-0.000020
-0.000089
-0.000086
-0.000083
-0.000063
-0.000066
-0.000071
-0.000074
-0.000067
-0.000064
-0.000054
-0.000062
-0.000061
-0.000054
-0.000058
-0.000053
-0.000047
-0.000050
-0.000043
-0.000040
-0.000044
-0.000052
-0.000187
-0.001518
-0.004431
-0.002816
-0.002944
-0.002905
-0.004516
-0.000617
-0.000069
-0.000089
-0.000047
-0.000046
-0.000038
-0.000043
-0.000044
-0.000052
-0.000047
-0.000051
-0.000056
-0.000049
-0.000051
-0.000049
-0.000049
-0.000047
-0.000046
-0.000045
-0.000041
-0.000036
-0.000030
-0.000021
-0.000026
-0.000025
-0.000025
-0.000028
-0.000032
-0.000032
-0.000031
-0.000035
-0.000038
-0.000042
-0.000042
-0.000043
-0.000040
-0.000037
-0.000038
-0.000032
-0.000029
-0.000037
-0.000043
-0.000043
-0.000055
-0.000027
-0.000089
-0.000080
-0.000084
-0.000080
-0.000058
-0.000065
-0.000068
-0.000056
-0.000052
-0.000053
-0.000060
-0.000062
-0.000063
-0.000058
-0.000054
-0.000038
-0.000054
-0.000040
-0.000048
-0.000116
-0.000164
-0.000821
-0.001597
-0.003532
-0.004212
-0.004613
-0.005118
-0.003862
-0.008314
-0.009588
-0.006887
-0.000299
-0.000038
-0.000038
-0.000036
-0.000037
-0.000045
-0.000042
-0.000045
-0.000045
-0.000048
-0.000044
-0.000047
-0.000051
-0.000048
-0.000042
-0.000048
-0.000043
-0.000037
-0.000031
-0.000025
-0.000030
-0.000027
-0.000020
-0.000021
-0.000032
-0.000024
-0.000031
-0.000034
-0.000033
-0.000037
-0.000043
-0.000038
-0.000039
-0.000035
-0.000039
-0.000040
-0.000041
-0.000042
-0.000048
-0.000053
-0.000045
-0.000025
-0.000085
-0.000088
-0.000091
-0.000077
-0.000060
-0.000056
-0.000059
-0.000041
-0.000050
-0.000048
-0.000055
-0.000056
-0.000055
-0.000050
-0.000049
-0.000049
-0.000073
-0.000061
-0.000074
-0.000803
-0.000559
-0.003645
-0.007969
-0.005052
-0.002726
-0.004298
-0.006145
-0.004639
-0.005789
-0.000343
-0.000061
-0.000021
-0.000028
-0.000031
-0.000034
-0.000043
-0.000042
-0.000036
-0.000042
-0.000043
-0.000046
-0.000039
-0.000043
-0.000050
-0.000040
-0.000039
-0.000038
-0.000044
-0.000037
-0.000029
-0.000023
-0.000022
-0.000026
-0.000021
-0.000028
-0.000035
-0.000032
-0.000035
-0.000035
-0.000034
-0.000037
-0.000042
-0.000041
-0.000035
-0.000036
-0.000046
-0.000047
-0.000039
-0.000047
-0.000046
-0.000045
-0.000043
-0.001100
-0.000079
-0.000086
-0.000086
-0.000073
-0.000068
-0.000066
-0.000065
-0.000058
-0.000056
-0.000064
-0.000058
-0.000057
-0.000059
-0.000057
0.000004
-0.000023
-0.000093
-0.000092
-0.000044
-0.000023
-0.000042
-0.000162
-0.000532
-0.000678
-0.000423
0.000437
-0.000593
-0.001299
-0.000214
-0.000019
-0.000024
-0.000030
-0.000026
-0.000043
-0.000054
0.000025
-0.000030
-0.000042
-0.000043
-0.000042
-0.000047
-0.000044
-0.000048
-0.000046
-0.000039
-0.000038
-0.000041
-0.000036
-0.000034
-0.000029
-0.000030
-0.000031
-0.000026
-0.000030
-0.000024
-0.000033
-0.000039
-0.000035
-0.000036
-0.000036
-0.000035
-0.000041
-0.000033
-0.000040
-0.000044
-0.000051
-0.000047
-0.000049
-0.000046
-0.000044
-0.000047
-0.000042
-0.000040
-0.000093
-0.000082
-0.000083
-0.000067
-0.000064
-0.000071
-0.000069
-0.000059
-0.000063
-0.000067
-0.000052
-0.000053
-0.000054
-0.000013
0.000581
0.000657
0.000160
0.000057
-0.000040
-0.000024
-0.000051
-0.000059
-0.000079
-0.000127
-0.000154
0.000482
-0.000061
0.001318
0.000945
-0.000037
-0.000020
-0.000089
-0.000031
-0.000216
-0.000713
0.001179
0.000443
0.000083
0.000067
-0.000002
-0.000042
-0.000048
-0.000045
-0.000039
-0.000039
-0.000034
-0.000028
-0.000028
-0.000025
-0.000033
-0.000030
-0.000031
-0.000028
-0.000033
-0.000024
-0.000027
-0.000035
-0.000036
-0.000035
-0.000035
-0.000038
-0.000032
-0.000037
-0.000042
-0.000045
-0.000054
-0.000052
-0.000047
-0.000046
-0.000044
-0.000040
-0.000046
-0.000049
-0.000088
-0.000081
-0.000077
-0.000058
-0.000060
-0.000066
-0.000063
-0.000059
-0.000057
-0.000060
-0.000053
-0.000047
-0.000080
-0.000085
0.000322
0.001472
0.000133
0.000042
-0.000036
-0.000072
-0.000075
-0.000076
-0.000096
-0.000108
0.000050
-0.000370
0.000198
0.000134
0.001981
-0.001304
0.000028
0.001484
0.001314
0.001086
0.001293
0.002374
0.002179
0.001874
0.001735
0.000740
0.000030
-0.000037
-0.000045
-0.000042
-0.000038
-0.000039
-0.000028
-0.000029
-0.000030
-0.000031
-0.000033
-0.000034
-0.000031
-0.000030
-0.000026
-0.000027
-0.000031
-0.000034
-0.000035
-0.000034
-0.000036
-0.000035
-0.000037
-0.000048
-0.000052
-0.000046
-0.000044
-0.000043
-0.000046
-0.000046
-0.000042
-0.000045
-0.000047
-0.000076
-0.000086
-0.000061
-0.000066
-0.000063
-0.000061
-0.000056
-0.000054
-0.000055
-0.000051
-0.000052
-0.000103
-0.000059
-0.000982
0.003626
-0.000446
-0.000015
-0.000032
-0.000041
-0.000059
-0.000101
-0.000096
-0.000024
0.000018
0.003507
0.003304
0.001083
0.001077
0.002411
0.000611
-0.000018
0.001995
0.003473
0.003401
0.003567
0.004050
0.003625
0.002875
0.002333
0.000862
0.000065
0.000177
0.000016
-0.000037
-0.000038
-0.000039
-0.000032
-0.000038
-0.000034
-0.000031
-0.000035
-0.000029
-0.000028
-0.000026
-0.000031
-0.000035
-0.000037
-0.000037
-0.000033
-0.000032
-0.000039
-0.000034
-0.000053
-0.000054
-0.000050
-0.000042
-0.000040
-0.000047
-0.000047
-0.000046
-0.000046
-0.000049
-0.000596
-0.000083
-0.000066
-0.000052
-0.000055
-0.000053
-0.000061
-0.000057
-0.000058
-0.000063
-0.000048
-0.000062
-0.000042
-0.000029
0.000255
0.008001
-0.002110
-0.000337
-0.000051
-0.000047
-0.000077
-0.000115
-0.000079
0.004822
0.007727
0.009815
0.010401
0.005001
0.004821
0.004105
0.001398
0.002413
0.004816
0.006443
0.006437
0.006035
0.005497
0.005298
0.003821
0.002244
0.001005
0.000222
0.001015
0.001081
0.000117
-0.000030
-0.000030
-0.000038
-0.000035
-0.000035
-0.000039
-0.000037
-0.000039
-0.000036
-0.000029
-0.000031
-0.000030
-0.000041
-0.000042
-0.000042
-0.000036
-0.000040
-0.000037
-0.000043
-0.000050
-0.000049
-0.000049
-0.000039
-0.000053
-0.000053
-0.000052
-0.000052
-0.000052
-0.000049
-0.000078
-0.000059
-0.000038
-0.000061
-0.000051
-0.000054
-0.000055
-0.000059
-0.000058
-0.000047
-0.000045
-0.000046
-0.000050
0.000190
0.002481
0.002484
-0.000250
-0.000049
-0.000051
-0.000087
-0.000076
0.008836
0.010594
0.007251
0.010350
0.014286
0.013207
0.012862
0.007981
0.001406
0.000756
0.004112
0.007528
0.006881
0.006029
0.005723
0.006956
0.005452
0.003004
0.001814
0.001162
0.001955
0.001790
0.000965
0.000273
0.000085
-0.000040
-0.000035
-0.000041
-0.000041
-0.000030
-0.000033
-0.000039
-0.000028
-0.000035
-0.000036
-0.000044
-0.000049
-0.000051
-0.000041
-0.000043
-0.000044
-0.000044
-0.000052
-0.000056
-0.000056
-0.000060
-0.000054
-0.000060
-0.000050
-0.000044
-0.000048
-0.000050
-0.000054
-0.000041
-0.000051
-0.000060
-0.000044
-0.000045
-0.000053
-0.000060
-0.000048
-0.000067
-0.000060
-0.000059
-0.000055
0.000017
0.001961
0.009946
0.002117
-0.000023
-0.000091
-0.000074
0.004261
0.008479
0.009564
0.006059
0.005493
0.008953
0.015020
0.012969
0.011631
0.002858
0.000089
0.000038
0.001141
0.002021
0.001399
0.002589
0.006135
0.006899
0.005605
0.001888
0.001461
0.001805
0.002435
0.001218
0.000620
0.001065
-0.000015
-0.000029
-0.000031
-0.000038
-0.000030
-0.000033
-0.000040
-0.000036
-0.000038
-0.000040
-0.000044
-0.000044
-0.000050
-0.000047
-0.000052
-0.000046
-0.000054
-0.000057
-0.000056
-0.000057
-0.000061
-0.000057
-0.000049
-0.000049
-0.000045
-0.000047
-0.000046
-0.000071
-0.000056
-0.000051
-0.000058
-0.000046
-0.000043
-0.000056
-0.000057
-0.000052
-0.000056
-0.000050
-0.000047
-0.000046
-0.000032
0.000381
0.003824
0.012759
0.003313
0.000380
0.003079
0.003572
0.004634
0.005417
0.005808
0.006395
0.006134
0.008456
0.010374
0.008317
0.002958
-0.000249
-0.000660
-0.000220
0.000067
-0.000839
-0.000364
0.002172
0.007941
0.009055
0.003202
0.001720
0.001140
0.000779
0.001007
0.001184
0.000930
-0.000004
0.000151
-0.000032
-0.000030
-0.000026
-0.000030
-0.000038
-0.000037
-0.000043
-0.000040
-0.000046
-0.000048
-0.000050
-0.000050
-0.000056
-0.000054
-0.000063
-0.000054
-0.000049
-0.000045
-0.000058
-0.000052
-0.000050
-0.000056
-0.000048
-0.000056
-0.000042
-0.000047
-0.000062
-0.000054
-0.000059
-0.000058
-0.000046
-0.000049
-0.000061
-0.000056
-0.000053
-0.000052
-0.000046
-0.000053
-0.000055
0.000016
0.001511
0.000027
0.000304
0.000775
0.001082
0.001396
0.002102
0.002827
0.003326
0.004329
0.005856
0.005808
0.005052
0.003257
0.001097
0.000169
-0.000651
-0.000942
-0.000237
0.000089
-0.001692
0.000362
0.002867
0.008907
0.004968
0.002003
0.001120
0.000782
0.000908
0.001078
0.000873
-0.000639
-0.000234
0.000230
-0.000032
-0.000032
-0.000044
-0.000042
-0.000045
-0.000042
-0.000039
-0.000040
-0.000042
-0.000043
-0.000057
-0.000059
-0.000053
-0.000054
-0.000054
-0.000042
-0.000058
-0.000049
-0.000056
-0.000062
-0.000060
-0.000051
-0.000053
-0.000052
-0.000037
-0.000054
-0.000042
-0.000043
-0.000054
-0.000044
-0.000045
-0.000045
-0.000046
-0.000051
-0.000062
-0.000056
-0.000058
-0.000070
-0.000084
-0.000099
-0.000065
-0.000067
-0.000093
-0.000089
-0.000019
0.000708
0.001067
0.001815
0.002767
0.004011
0.002923
0.002628
0.001612
0.001775
0.000799
-0.001174
-0.001295
-0.000561
-0.000564
-0.001350
-0.000483
0.000058
0.001090
0.000561
0.000517
0.000479
0.000864
0.001525
-0.000456
-0.000599
0.000247
0.000108
-0.000134
0.000213
-0.000031
-0.000039
-0.000038
-0.000040
-0.000045
-0.000042
-0.000045
-0.000049
-0.000058
-0.000055
-0.000052
-0.000050
-0.000059
-0.000054
-0.000045
-0.000042
-0.000045
-0.000056
-0.000048
-0.000044
-0.000052
-0.000053
-0.000058
-0.000027
-0.000036
-0.000039
-0.000046
-0.000049
-0.000044
-0.000040
-0.000045
-0.000041
-0.000043
-0.000062
-0.000060
-0.000053
-0.000066
-0.000068
-0.000080
-0.000061
-0.000064
-0.000067
-0.000071
-0.000085
-0.000060
0.000708
0.013160
0.007104
0.000615
-0.000855
-0.001071
-0.001047
-0.005740
-0.004580
-0.002366
-0.002235
-0.001453
0.001697
-0.000548
0.000322
-0.000288
0.000870
0.000598
0.000390
0.001101
0.000314
-0.000594
0.000619
-0.000449
-0.000043
-0.000101
-0.000154
-0.000279
0.000452
-0.000045
-0.000047
-0.000047
-0.000047
-0.000052
-0.000051
-0.000055
-0.000052
-0.000058
-0.000050
-0.000049
-0.000055
-0.000045
-0.000036
-0.000036
-0.000046
-0.000038
-0.000035
-0.000046
-0.000056
-0.000049
-0.000046
-0.000021
-0.000024
-0.000032
-0.000037
-0.000047
-0.000045
-0.000042
-0.000039
-0.000039
-0.000049
-0.000064
-0.000060
-0.000060
-0.000065
-0.000071
-0.000084
-0.000067
-0.000083
-0.000073
-0.000083
0.000032
0.004940
0.007881
0.012738
0.014199
0.008307
0.001497
-0.000296
-0.001009
-0.006467
-0.005207
-0.002166
-0.001564
0.000022
0.001267
-0.000367
-0.001755
-0.000158
0.000560
0.001575
0.001237
0.001159
0.000694
0.000285
-0.000266
-0.000191
-0.000617
-0.000548
-0.000156
-0.000149
-0.000473
0.000452
-0.000051
-0.000044
-0.000049
-0.000053
-0.000049
-0.000054
-0.000048
-0.000057
-0.000056
-0.000057
-0.000047
-0.000051
-0.000022
-0.000048
-0.000044
-0.000037
-0.000039
-0.000046
-0.000052
-0.000029
-0.000029
-0.000023
-0.000022
-0.000032
-0.000031
-0.000036
-0.000040
-0.000038
-0.000043
-0.000044
-0.000054
-0.000059
-0.000061
-0.000061
-0.000062
-0.000058
-0.000070
-0.000072
-0.000082
-0.000085
-0.000046
0.001467
0.003322
0.004100
0.005858
0.010963
0.016328
0.008982
0.003159
-0.000539
-0.004855
-0.006293
-0.002158
-0.001013
0.000253
0.001155
0.000990
-0.003101
-0.001517
-0.001122
-0.000737
0.000151
0.001714
0.000182
0.000417
-0.000078
-0.000124
-0.001523
-0.000603
-0.000370
-0.000601
-0.000735
-0.001158
0.000284
-0.000049
-0.000034
-0.000014
-0.000017
-0.000037
-0.000043
-0.000055
-0.000057
-0.000055
-0.000053
-0.000058
-0.000055
-0.000054
-0.000040
-0.000048
-0.000047
-0.000049
-0.000044
-0.000029
-0.000021
-0.000018
-0.000021
-0.000025
-0.000034
-0.000031
-0.000033
-0.000039
-0.000044
-0.000045
-0.000051
-0.000058
-0.000067
-0.000070
-0.000066
-0.000070
-0.000068
-0.000092
-0.000084
-0.000112
-0.000061
0.000877
0.002928
0.003359
0.003940
0.007735
0.014902
0.012246
0.006485
0.002782
-0.005193
-0.009663
-0.002795
-0.000138
0.001037
0.001109
-0.000940
-0.004272
-0.003866
-0.002162
-0.002153
-0.000280
-0.000165
0.000487
0.000069
-0.000816
-0.001070
-0.000743
-0.000556
-0.000899
-0.001489
-0.002229
-0.001169
-0.000428
-0.000003
-0.000022
-0.000009
-0.000012
-0.000026
-0.000047
-0.000059
-0.000056
-0.000040
-0.000059
-0.000050
-0.000047
-0.000048
-0.000044
-0.000054
-0.000055
-0.000053
-0.000051
-0.000036
-0.000028
-0.000028
-0.000019
-0.000023
-0.000032
-0.000040
-0.000045
-0.000035
-0.000041
-0.000042
-0.000045
-0.000063
-0.000068
-0.000078
-0.000076
-0.000066
-0.000078
-0.000091
-0.000095
-0.000106
-0.000128
0.000086
0.002136
0.003022
0.004296
0.008359
0.016727
0.013718
0.008869
0.005074
-0.004282
-0.011064
-0.003440
-0.000403
0.001237
0.001363
0.001058
-0.000538
-0.003028
-0.002553
-0.003758
-0.003715
-0.003285
-0.003904
-0.005225
-0.006539
0.000057
-0.001994
-0.001156
-0.001882
-0.003570
-0.002267
-0.001259
-0.000501
-0.000245
-0.000259
0.000083
-0.000020
-0.000027
-0.000049
-0.000049
-0.000040
-0.000050
-0.000056
-0.000056
-0.000047
-0.000048
-0.000053
-0.000057
-0.000047
-0.000055
-0.000052
-0.000050
-0.000038
-0.000027
-0.000021
-0.000021
-0.000024
-0.000020
-0.000042
-0.000042
-0.000041
-0.000046
-0.000044
-0.000050
-0.000062
-0.000075
-0.000080
-0.000074
-0.000084
-0.000096
-0.000109
-0.000101
-0.000139
-0.000380
0.000051
0.001641
0.003508
0.006354
0.013281
0.015663
0.010981
0.006634
-0.001688
-0.012150
-0.004171
-0.000822
0.000044
0.000834
0.000708
0.000149
-0.002602
-0.003120
-0.003453
-0.003632
-0.004478
-0.005639
-0.006425
-0.005869
-0.003937
0.000117
-0.001346
-0.002550
-0.002886
-0.001187
-0.000095
0.000293
-0.000100
-0.000614
-0.000027
0.000205
0.000106
-0.000053
-0.000057
-0.000058
-0.000052
-0.000053
-0.000057
-0.000057
-0.000048
-0.000038
-0.000041
-0.000045
-0.000050
-0.000053
-0.000056
-0.000042
-0.000020
-0.000018
-0.000015
-0.000016
-0.000009
-0.000019
-0.000024
-0.000018
-0.000038
-0.000031
-0.000031
-0.000053
-0.000071
-0.000081
-0.000082
-0.000083
-0.000089
-0.000103
-0.000101
-0.000125
-0.000144
-0.000398
0.000444
0.002376
0.004970
0.009622
0.014497
0.013192
0.009032
-0.000818
-0.009747
-0.004349
-0.003648
-0.001479
-0.000348
-0.002571
-0.003369
-0.003126
-0.003962
-0.003761
-0.005580
-0.004831
-0.005377
-0.005312
-0.004455
-0.004175
-0.003077
0.000346
-0.001242
-0.000701
-0.000089
0.001778
0.002599
0.001682
0.000346
0.000026
0.001984
0.001673
0.000269
0.000193
0.000255
-0.000057
-0.000052
-0.000049
-0.000046
-0.000049
-0.000040
-0.000040
-0.000041
-0.000051
-0.000054
-0.000060
-0.000049
-0.000015
-0.000015
-0.000013
-0.000015
-0.000016
-0.000021
-0.000017
-0.000015
-0.000011
-0.000017
-0.000015
-0.000024
-0.000019
-0.000086
-0.000091
-0.000084
-0.000074
-0.000106
-0.000108
-0.000117
-0.000103
-0.000001
-0.000013
0.000014
0.000139
0.000238
0.000472
0.000336
-0.000009
-0.008210
-0.008017
-0.005127
-0.003891
-0.003193
-0.005475
-0.004528
-0.003339
-0.005117
-0.004321
-0.005541
-0.005946
-0.006119
-0.006955
-0.004687
-0.003508
-0.003358
-0.003459
-0.002205
0.000688
0.002687
0.003080
0.004166
0.005446
0.005612
0.003864
0.005144
0.007874
0.006063
0.006641
0.009452
0.006192
0.000089
-0.000048
-0.000048
-0.000055
-0.000049
-0.000050
-0.000041
-0.000056
-0.000057
-0.000061
-0.000057
-0.000064
-0.000014
-0.000016
-0.000016
-0.000014
-0.000015
-0.000017
-0.000014
-0.000010
-0.000010
-0.000009
-0.000010
-0.000011
-0.000018
-0.000014
-0.000019
-0.000053
-0.000029
-0.000018
-0.000012
-0.000014
-0.000010
0.000003
-0.000004
-0.000002
0.000004
0.000008
0.000010
0.000011
0.000010
-0.000083
0.000371
-0.005491
-0.003658
-0.002345
-0.003609
-0.002224
-0.003428
-0.004611
-0.005957
-0.005139
-0.006479
-0.006896
-0.006678
-0.005904
-0.004507
-0.003525
-0.003572
-0.002922
-0.002193
0.004013
0.006515
0.005706
0.007866
0.007559
0.008692
0.008222
0.009736
0.009925
0.009061
0.007021
0.004575
0.000517
-0.000015
-0.000050
-0.000052
-0.000054
-0.000052
-0.000044
-0.000052
-0.000063
-0.000062
-0.000052
-0.000052
-0.000014
-0.000018
-0.000018
-0.000015
-0.000012
-0.000014
-0.000015
-0.000011
-0.000012
-0.000011
-0.000010
-0.000010
-0.000013
-0.000011
-0.000009
-0.000021
-0.000003
-0.000001
-0.000001
-0.000004
0.000000
-0.000000
-0.000006
0.000002
0.000003
0.000005
0.000008
0.000009
0.000008
-0.000014
-0.000128
0.000456
0.000960
0.000362
-0.000239
-0.000490
-0.000091
-0.001965
-0.003672
-0.004985
-0.006336
-0.005875
-0.006017
-0.006462
-0.006400
-0.005432
-0.004625
-0.003435
-0.003340
-0.002467
0.006026
0.008059
0.009571
0.010409
0.011600
0.009823
0.009094
0.005937
0.002941
0.000775
0.000121
-0.000062
-0.000079
-0.000058
-0.000055
-0.000047
-0.000074
-0.000051
-0.000057
-0.000056
-0.000056
-0.000054
-0.000041
-0.000013
-0.000019
-0.000021
-0.000017
-0.000012
-0.000014
-0.000014
-0.000014
-0.000010
-0.000009
-0.000009
-0.000011
-0.000015
-0.000012
-0.000011
-0.000008
-0.000007
-0.000003
-0.000003
-0.000003
-0.000001
-0.000000
0.000001
0.000001
0.000001
0.000003
0.000006
0.000008
0.000006
-0.000006
0.000012
0.000225
0.000383
0.000087
-0.000009
-0.000004
-0.000005
-0.000134
-0.000232
-0.000387
-0.000309
-0.000238
-0.000499
0.000605
-0.005281
-0.005093
-0.004245
-0.002910
-0.002514
-0.001617
-0.001631
0.005579
0.006961
0.005407
0.006900
0.005134
0.004402
0.001157
0.000080
-0.000048
-0.000075
-0.000082
-0.000082
-0.000069
-0.000061
-0.000064
-0.000070
-0.000064
-0.000060
-0.000060
-0.000058
-0.000050
-0.000044
-0.000022
-0.000020
-0.000021
-0.000016
-0.000012
-0.000013
-0.000016
-0.000015
-0.000009
-0.000009
-0.000012
-0.000011
-0.000012
-0.000014
-0.000010
-0.000009
-0.000008
-0.000004
-0.000001
-0.000001
-0.000002
-0.000002
-0.000001
0.000002
0.000002
0.000002
0.000003
0.000001
0.000003
0.000002
0.000006
0.000019
0.000015
-0.000001
-0.000005
-0.000004
-0.000032
-0.000015
-0.000008
-0.000009
-0.000011
-0.000015
-0.000019
-0.000024
0.001094
-0.005045
-0.004050
-0.002785
-0.001864
-0.002219
-0.001937
0.003404
0.003930
0.004656
0.004681
0.002462
0.000880
0.000039
-0.000062
-0.000064
-0.000069
-0.000079
-0.000079
-0.000070
-0.000045
-0.000073
-0.000068
-0.000058
-0.000062
-0.000068
-0.000069
-0.000049
-0.000036
-0.000022
-0.000022
-0.000024
-0.000017
-0.000014
-0.000013
-0.000014
-0.000013
-0.000011
-0.000010
-0.000010
-0.000009
-0.000009
-0.000012
-0.000010
-0.000008
-0.000009
-0.000003
-0.000002
-0.000002
-0.000002
-0.000002
-0.000001
0.000000
0.000003
0.000002
0.000002
0.000001
0.000003
0.000002
0.000002
-0.000000
-0.000002
-0.000004
-0.000004
-0.000011
-0.000015
-0.000005
-0.000004
-0.000007
-0.000010
-0.000014
-0.000028
-0.000025
-0.000024
0.000776
-0.003095
-0.002515
-0.001912
-0.001865
-0.001569
-0.000586
0.003369
-0.000187
0.000009
0.000009
-0.000052
-0.000085
-0.000082
-0.000070
-0.000069
-0.000067
-0.000060
-0.000061
-0.000061
-0.000071
-0.000067
-0.000060
-0.000064
-0.000071
-0.000068
-0.000053
-0.000038
-0.000022
-0.000021
-0.000022
-0.000023
-0.000010
-0.000012
-0.000013
-0.000015
-0.000012
-0.000011
-0.000010
-0.000012
-0.000009
-0.000012
-0.000010
-0.000012
-0.000012
-0.000008
-0.000006
-0.000003
-0.000001
-0.000001
-0.000001
-0.000001
-0.000000
0.000000
0.000002
0.000003
0.000002
0.000001
0.000001
0.000001
-0.000001
-0.000005
-0.000005
-0.000006
-0.000006
-0.000005
-0.000004
-0.000006
-0.000012
-0.000013
-0.000021
-0.000020
-0.000021
-0.000019
0.000159
-0.001877
-0.000813
-0.000413
-0.000586
0.002041
0.003096
0.000332
-0.000051
-0.000068
-0.000054
-0.000074
-0.000069
-0.000066
-0.000071
-0.000057
-0.000051
-0.000048
-0.000066
-0.000079
-0.000075
-0.000073
-0.000067
-0.000070
-0.000063
-0.000061
-0.000056
-0.000021
-0.000020
-0.000021
-0.000019
-0.000010
-0.000007
-0.000013
-0.000013
-0.000016
-0.000014
-0.000011
-0.000009
-0.000010
-0.000012
-0.000012
-0.000011
-0.000010
-0.000010
-0.000009
-0.000005
-0.000002
-0.000002
-0.000002
-0.000002
-0.000002
-0.000000
-0.000000
0.000002
0.000002
0.000000
0.000001
0.000001
-0.000002
-0.000003
-0.000004
-0.000006
-0.000004
-0.000003
-0.000003
-0.000010
-0.000015
-0.000015
-0.000014
-0.000020
-0.000021
-0.000023
-0.000021
-0.000053
-0.000267
0.001204
0.000639
0.004704
0.005549
0.000423
-0.000044
-0.000060
-0.000055
-0.000056
-0.000063
-0.000065
-0.000064
-0.000056
-0.000047
-0.000055
-0.000069
-0.000075
-0.000070
-0.000078
-0.000068
-0.000068
-0.000067
-0.000063
-0.000037
-0.000018
-0.000018
-0.000019
-0.000018
-0.000016
-0.000012
-0.000014
-0.000015
-0.000016
-0.000016
-0.000010
-0.000011
-0.000012
-0.000012
-0.000011
-0.000011
-0.000010
-0.000010
-0.000009
-0.000004
-0.000002
-0.000002
-0.000001
-0.000002
0.000000
-0.000000
0.000000
0.000001
-0.000000
-0.000001
-0.000001
-0.000003
-0.000003
-0.000005
-0.000004
-0.000003
-0.000002
-0.000005
-0.000006
-0.000013
-0.000013
-0.000012
-0.000015
-0.000020
-0.000022
-0.000020
-0.000023
-0.000023
0.000023
0.000169
0.002134
0.003137
0.000791
0.000026
-0.000043
-0.000053
-0.000050
-0.000050
-0.000068
-0.000072
-0.000058
-0.000061
-0.000050
-0.000051
-0.000063
-0.000069
-0.000076
-0.000073
-0.000070
-0.000066
-0.000069
-0.000067
-0.000053
-0.000017
-0.000017
-0.000017
-0.000020
-0.000018
-0.000014
-0.000012
-0.000013
-0.000014
-0.000015
-0.000009
-0.000009
-0.000012
-0.000010
-0.000011
-0.000011
-0.000010
-0.000009
-0.000007
-0.000004
-0.000000
-0.000003
-0.000002
-0.000002
-0.000001
-0.000001
-0.000001
-0.000001
-0.000000
-0.000003
-0.000004
-0.000003
-0.000004
-0.000004
-0.000007
-0.000004
-0.000006
-0.000009
-0.000010
-0.000010
-0.000010
-0.000011
-0.000016
-0.000016
-0.000018
-0.000019
-0.000021
0.000008
-0.000025
0.000018
0.000114
0.000650
-0.000001
-0.000045
-0.000049
-0.000056
-0.000055
-0.000045
-0.000053
-0.000079
-0.000056
-0.000047
-0.000057
-0.000063
-0.000065
-0.000073
-0.000071
-0.000081
-0.000075
-0.000079
-0.000064
-0.000064
-0.000049
-0.000020
-0.000015
-0.000015
-0.000017
-0.000017
-0.000013
-0.000013
-0.000011
-0.000014
-0.000015
-0.000014
-0.000011
-0.000010
-0.000010
-0.000010
-0.000011
-0.000011
-0.000011
-0.000011
-0.000002
-0.000001
-0.000000
-0.000001
-0.000003
-0.000001
0.000000
0.000002
-0.000001
-0.000002
-0.000001
-0.000003
-0.000003
-0.000005
-0.000006
-0.000006
-0.000006
-0.000005
-0.000006
-0.000005
-0.000009
-0.000011
0.000007
-0.000000
-0.000016
-0.000018
-0.000019
-0.000023
-0.000023
-0.000027
-0.000026
-0.000027
-0.000027
-0.000043
-0.000053
-0.000054
-0.000054
-0.000056
-0.000048
-0.000051
-0.000077
-0.000058
-0.000047
-0.000049
-0.000054
-0.000069
-0.000069
-0.000073
-0.000071
-0.000073
-0.000072
-0.000069
-0.000055
-0.000042
-0.000021
-0.000014
-0.000017
-0.000019
-0.000016
-0.000017
-0.000012
-0.000013
-0.000013
-0.000021
-0.000017
-0.000016
-0.000012
-0.000013
-0.000012
-0.000012
-0.000012
-0.000012
-0.000013
-0.000000
-0.000003
-0.000003
-0.000002
-0.000003
-0.000001
-0.000001
-0.000000
-0.000001
-0.000003
-0.000004
-0.000004
-0.000005
-0.000006
-0.000005
-0.000005
-0.000006
-0.000005
-0.000006
-0.000007
-0.000006
-0.000004
-0.000008
-0.000014
-0.000018
-0.000024
-0.000019
-0.000023
-0.000029
-0.000029
-0.000028
-0.000032
-0.000043
-0.000051
-0.000054
-0.000053
-0.000045
-0.000044
-0.000043
-0.000055
-0.000070
-0.000068
-0.000055
-0.000036
-0.000046
-0.000060
-0.000064
-0.000073
-0.000073
-0.000077
-0.000078
-0.000030
-0.000042
-0.000049
