0.000202
0.000224
0.000263
0.000632
0.000470
0.000494
0.000547
0.000438
0.000637
0.000668
0.000641
-0.000603
0.000585
0.000683
0.000564
0.000563
0.000531
0.000540
0.000462
0.000427
0.000431
0.000534
0.000494
0.000555
0.000597
0.000507
0.000521
0.000620
0.000573
0.000576
0.000678
0.000722
0.000802
0.000792
0.000724
0.000715
0.000687
0.000652
0.000682
0.000742
0.000777
0.000671
0.000537
0.000501
0.000472
0.000397
0.000319
0.000379
0.000447
0.000513
0.000507
0.000461
0.000370
0.000397
0.000372
0.000424
0.000449
0.000409
0.000429
0.000573
0.000552
0.000539
0.000596
0.000583
0.000379
0.000290
-0.001158
0.000284
0.000456
0.000452
0.000061
0.000451
0.000195
0.000133
0.000148
0.000196
0.000289
0.000468
0.000529
0.000541
0.000557
0.000511
0.000537
0.000572
0.000564
0.000558
0.000586
0.000560
0.000538
0.000597
0.000601
0.000560
0.000601
0.000569
0.000490
0.000489
0.000534
0.000566
0.000586
0.000603
0.000611
0.000651
0.000628
0.000571
0.000633
0.000710
0.000737
0.000685
0.000774
0.000740
0.000671
0.000663
0.000694
0.000654
0.000636
0.000605
0.000526
0.000542
0.000522
0.000407
0.000363
0.000523
0.000496
0.000479
0.000454
0.000416
0.000409
0.000377
0.000522
0.000490
0.000422
0.000404
0.000488
0.000521
0.000471
0.000517
0.000502
0.000448
0.000480
0.000429
0.000407
0.000366
0.000377
0.000282
0.000339
0.000476
0.000132
0.000156
0.000181
0.000257
0.000335
0.000370
0.000452
0.000514
0.000527
0.000467
0.000483
0.000544
0.000487
0.000451
0.000469
0.000482
0.000579
0.000554
0.000550
0.000544
0.000506
0.000430
0.000462
0.000459
0.000497
0.000542
0.000641
0.000672
0.000717
0.000709
0.000601
0.000628
0.000648
0.000736
0.000788
0.000779
0.000747
0.000743
0.000692
0.000765
0.000747
0.000638
0.000664
0.000614
0.000559
0.000602
0.000553
0.000434
0.000482
0.000469
0.000473
0.000454
0.000423
0.000378
0.000352
0.000442
0.000471
0.000404
0.000329
0.000414
0.000470
0.000479
0.000389
0.000515
0.000454
0.000396
0.000363
0.000376
0.000375
0.000349
0.000326
0.000288
0.000383
0.000122
0.000149
0.000152
0.000164
0.000182
0.000352
0.000481
0.000509
0.000495
0.000436
0.000482
0.000467
0.000463
0.000528
0.000480
0.000482
0.000549
0.000511
0.000484
0.000497
0.000504
0.000489
0.000465
0.000453
0.000412
0.000530
0.000639
0.000693
0.000772
0.000666
0.000596
0.000627
0.000624
0.000798
0.000646
0.000812
0.000750
0.000708
0.000666
0.000663
0.000738
0.000678
0.000734
0.000729
0.000670
0.000594
0.000575
0.000473
0.000490
0.000510
0.000460
0.000449
0.000470
0.000375
0.000408
0.000359
0.000464
0.000376
0.000367
0.000394
0.000490
0.000525
0.000408
0.000507
0.000467
0.000359
0.000390
0.000375
0.000356
0.000314
0.000350
0.000300
0.000415
0.000123
0.000113
0.000141
0.000127
0.000170
0.000387
0.000493
0.000510
0.000525
0.000465
0.000394
0.000449
0.000442
0.000534
0.000541
0.000554
0.000534
0.000516
0.000434
0.000428
0.000446
0.000495
0.000434
0.000415
0.000377
0.000423
0.000496
0.000680
0.000781
0.000819
0.000664
0.000536
0.000652
0.000763
0.000707
0.000674
0.000697
0.000717
0.000612
0.000533
0.000574
0.000675
0.000694
0.000747
0.000761
0.000610
0.000557
0.000590
0.000379
0.000301
0.000390
0.000475
0.000410
0.000416
0.000450
0.000433
0.000439
0.000470
0.000453
0.000380
0.000461
0.000490
0.000525
0.000549
0.000513
0.000414
0.000392
0.000334
0.000282
0.000307
0.000346
0.000331
-0.002169
0.000103
0.000099
0.000122
0.000118
0.000118
0.000358
0.000400
0.000392
0.000498
0.000389
0.000360
0.000344
0.000406
0.000507
0.000515
0.000558
0.000526
0.000527
0.000494
0.000446
0.000492
0.000470
0.000417
0.000412
0.000393
0.000412
0.000482
0.000599
0.000660
0.000694
0.000667
0.000634
0.000627
0.000612
0.000659
0.000629
0.000675
0.000718
0.000664
0.000540
0.000531
0.000583
0.000600
0.000744
0.000748
0.000692
0.000567
0.000466
0.000357
0.000394
0.000353
0.000414
0.000484
0.000392
0.000396
0.000401
0.000280
0.000335
0.000413
0.000407
0.000442
0.000446
0.000540
0.000441
0.000459
0.000446
0.000328
0.000310
0.000332
0.000366
0.000377
0.000322
0.000375
0.000097
0.000098
0.000105
0.000102
0.000090
0.000180
0.000365
0.000361
0.000525
0.000424
0.000356
0.000326
0.000404
0.000427
0.000546
0.000590
0.000516
0.000495
0.000457
0.000447
0.000481
0.000480
0.000480
0.000491
0.000501
0.000517
0.000477
0.000534
0.000611
0.000694
0.000755
0.000648
0.000698
0.000764
0.000771
0.000655
0.000787
0.000709
0.000661
0.000564
0.000582
0.000520
0.000589
0.000630
0.000710
0.000663
0.000507
0.000459
0.000425
0.000423
0.000430
0.000381
0.000437
0.000330
0.000434
0.000364
0.000422
0.000455
0.000489
0.000459
0.000427
0.000326
0.000452
0.000470
0.000518
0.000395
0.000316
0.000300
0.000336
0.000326
0.000367
0.000320
0.000338
0.000095
0.000091
0.000100
0.000083
0.000065
0.000091
0.000256
0.000298
0.000426
0.000425
0.000352
0.000361
0.000397
0.000391
0.000458
0.000581
0.000526
0.000464
0.000487
0.000490
0.000574
0.000494
0.000552
0.000480
0.000543
0.000481
0.000491
0.000519
0.000598
0.000727
0.000764
0.000678
0.000707
0.000765
0.000750
0.000746
0.000747
0.000668
0.000620
0.000584
0.000545
0.000561
0.000593
0.000626
0.000614
0.000588
0.000547
0.000532
0.000528
0.000508
0.000415
0.000371
0.000391
0.000431
0.000429
0.000318
0.000404
0.000437
0.000477
0.000431
0.000361
0.000389
0.000419
0.000413
0.000452
0.000468
0.000275
0.000280
0.000349
0.000302
0.000308
0.000283
0.000229
0.000101
0.000095
0.000082
0.000066
0.000051
0.000069
0.000105
0.000209
0.000304
0.000338
0.000336
0.000368
0.000347
0.000396
0.000503
0.000508
0.000557
0.000512
0.000507
0.000589
0.000627
0.000596
0.000602
0.000562
0.000551
0.000576
0.000530
0.000518
0.000570
0.000669
0.000727
0.000747
0.000669
0.000722
0.000739
0.000765
0.000726
0.000691
0.000685
0.000648
0.000601
0.000534
0.000618
0.000671
0.000661
0.000569
0.000619
0.000563
0.000554
0.000515
0.000438
0.000410
0.000403
0.000402
0.000337
0.000387
0.000469
0.000545
0.000499
0.000469
0.000414
0.000396
0.000409
0.000426
0.000438
0.000364
0.000298
0.000297
0.000335
0.000325
0.000321
0.000288
0.001326
0.000105
0.000081
0.000080
0.000071
0.000046
0.000052
0.000120
0.000189
0.000259
0.000260
0.000295
0.000337
0.000328
0.000362
0.000460
0.000509
0.000515
0.000486
0.000481
0.000588
0.000497
0.000511
0.000625
0.000626
0.000624
0.000633
0.000609
0.000541
0.000563
0.000572
0.000720
0.000674
0.000642
0.000728
0.000679
0.000718
0.000691
0.000709
0.000697
0.000689
0.000599
0.000548
0.000612
0.000688
0.000682
0.000595
0.000657
0.000641
0.000573
0.000460
0.000458
0.000445
0.000403
0.000369
0.000428
0.000475
0.000470
0.000453
0.000537
0.000528
0.000482
0.000460
0.000442
0.000395
0.000404
0.000352
0.000325
0.000303
0.000400
0.000331
0.000333
0.000281
0.000330
0.000072
0.000064
0.000072
0.000043
0.000034
0.000057
0.000086
0.000175
0.000255
0.000269
0.000317
0.000346
0.000349
0.000378
0.000477
0.000460
0.000511
0.000545
0.000516
0.000540
0.000494
0.000573
0.000592
0.000619
0.000665
0.000606
0.000659
0.000594
0.000564
0.000570
0.000640
0.000724
0.000753
0.000783
0.000658
0.000632
0.000652
0.000619
0.000597
0.000582
0.000574
0.000541
0.000562
0.000688
0.000717
0.000674
0.000685
0.000709
0.000651
0.000527
0.000420
0.000356
0.000398
0.000340
0.000404
0.000543
0.000630
0.000541
0.000521
0.000474
0.000537
0.000520
0.000490
0.000485
0.000376
0.000369
0.000336
0.000422
0.000329
0.000394
0.000368
0.000369
0.000245
0.000060
0.000061
0.000041
0.000027
0.000045
0.000039
0.000008
0.000076
0.000165
0.000231
0.000359
0.000309
0.000365
0.000308
0.000399
0.000470
0.000499
0.000528
0.000488
0.000495
0.000556
0.000526
0.000504
0.000543
0.000623
0.000606
0.000616
0.000630
0.000604
0.000631
0.000718
0.000752
0.000778
0.000737
0.000666
0.000654
0.000678
0.000696
0.000690
0.000751
0.000678
0.000476
0.000576
0.000658
0.000677
0.000694
0.000698
0.000626
0.000570
0.000465
0.000333
0.000331
0.000383
0.000396
0.000442
0.000475
0.000605
0.000500
0.000440
0.000526
0.000499
0.000542
0.000467
0.000530
0.000509
0.000346
0.000313
0.000439
0.000395
0.000426
0.000373
0.000383
0.000192
0.000062
0.000051
0.000034
0.000024
0.000030
0.000023
0.000001
0.000008
0.000123
0.000245
0.000309
0.000296
0.000349
0.000327
0.000303
0.000411
0.000474
0.000530
0.000528
0.000505
0.000438
0.000485
0.000577
0.000622
0.000622
0.000564
0.000627
0.000678
0.000656
0.000675
0.000757
0.000835
0.000826
0.000775
0.000770
0.000752
0.000771
0.000699
0.000809
0.000765
0.000665
0.000582
0.000599
0.000609
0.000646
0.000679
0.000709
0.000640
0.000497
0.000434
0.000401
0.000389
0.000395
0.000488
0.000466
0.000528
0.000516
0.000499
0.000498
0.000527
0.000530
0.000512
0.000541
0.000451
0.000566
0.000546
0.000561
0.000459
0.000267
0.000394
0.000436
0.000372
0.000725
0.000054
0.000044
0.000046
0.000038
0.000029
0.000014
0.000007
-0.000007
0.000054
0.000166
0.000205
0.000297
0.000212
0.000254
0.000283
0.000350
0.000423
0.000440
0.000519
0.000517
0.000472
0.000471
-0.001039
-0.001811
-0.001715
-0.001389
-0.000239
0.000293
0.000581
0.000677
0.000784
0.000854
0.000816
0.000829
0.000831
0.000815
0.000798
0.000749
0.000766
0.000750
0.000652
0.000657
0.000690
0.000649
0.000667
0.000683
0.000705
0.000612
0.000588
0.000470
0.000374
0.000434
0.000492
0.000501
0.000448
0.000434
0.000553
0.000548
0.000475
0.000516
0.000437
0.000479
0.000565
0.000502
0.000463
0.000523
0.000482
0.000411
0.000319
0.000415
0.000313
0.000377
0.000169
0.000051
0.000046
0.000033
0.000031
0.000018
-0.000002
-0.000008
-0.000014
0.000021
0.000148
0.000191
0.000248
0.000225
0.000235
0.000220
0.000279
0.000384
0.000475
0.000510
0.000532
0.000410
-0.001209
-0.020933
-0.023846
-0.031561
-0.038679
-0.020235
-0.012979
-0.006165
-0.001663
-0.004976
-0.001855
0.000827
0.000814
0.000874
0.000845
0.000829
0.000752
0.000687
0.000722
0.000640
0.000668
0.000664
0.000674
0.000652
0.000791
0.000771
0.000725
0.000630
0.000511
0.000452
0.000465
0.000464
0.000493
0.000493
0.000477
0.000560
0.000571
0.000653
0.000626
0.000478
0.000511
0.000478
0.000550
0.000519
0.000525
0.000563
0.000459
0.000334
0.000380
0.000322
0.000394
0.000231
0.000020
0.000015
0.000012
0.000022
0.000002
-0.000024
-0.000019
-0.000020
-0.000008
0.000098
0.000138
0.000163
0.000214
0.000230
0.000185
0.000239
0.000413
0.000538
0.000584
0.000352
-0.001278
-0.004000
-0.008457
-0.009175
-0.013376
-0.018180
-0.020558
-0.045460
-0.076361
-0.071975
-0.057778
-0.005460
0.000565
0.000873
0.000811
0.000873
0.000909
0.000897
0.000840
0.000774
0.000631
0.000513
0.000610
0.000636
0.000726
0.000695
0.000751
0.000731
0.000609
0.000520
0.000503
0.000556
0.000491
0.000462
0.000496
0.000516
0.000490
0.000563
0.000562
0.000558
0.000572
0.000478
0.000599
0.000569
0.000565
0.000537
0.000582
0.000570
0.000540
0.000351
0.000438
0.000511
0.000240
0.000014
0.000013
-0.000003
-0.000014
-0.000015
-0.000036
-0.000035
-0.000041
-0.000040
0.000005
0.000109
0.000131
0.000171
0.000191
0.000185
0.000187
0.000375
0.000451
0.000534
-0.000729
-0.003570
-0.011044
-0.018081
-0.012840
-0.010611
-0.017472
-0.019041
-0.029221
-0.065747
-0.013877
-0.002060
-0.000975
0.000653
0.000928
0.000871
0.000925
0.000886
0.000941
0.000714
0.000627
0.000437
0.000242
0.000490
0.000665
0.000696
0.000704
0.000664
0.000687
0.000587
0.000520
0.000541
0.000528
0.000514
0.000526
0.000435
0.000569
0.000492
0.000507
0.000557
0.000572
0.000547
0.000581
0.000552
0.000574
0.000550
0.000585
0.000606
0.000615
0.000419
0.000466
0.000586
0.000478
-0.001100
0.000004
-0.000005
-0.000012
-0.000027
-0.000039
-0.000042
-0.000051
-0.000071
-0.000029
0.000009
0.000070
0.000102
0.000143
0.000156
0.000221
0.000186
-0.000447
0.000170
0.000733
0.000653
0.000478
-0.000064
-0.000563
-0.000699
-0.000530
0.001055
-0.000172
-0.007464
-0.003617
-0.000659
0.000600
0.000898
0.000956
0.001311
0.001786
0.001922
0.001290
0.000908
0.000884
0.000904
0.000804
0.000529
0.000599
0.000689
0.000706
0.000736
0.000614
0.000693
0.000584
0.000523
0.000494
0.000509
0.000498
0.000466
0.000431
0.000530
0.000560
0.000468
0.000621
0.000612
0.000498
0.000393
0.000521
0.000554
0.000563
0.000683
0.000593
0.000675
0.000686
0.000618
0.000560
0.000436
0.000471
0.000025
-0.000004
-0.000042
-0.000052
-0.000061
-0.000068
-0.000066
-0.000061
-0.000046
0.000006
0.000013
0.000048
0.000133
0.000273
-0.003913
0.002148
-0.000908
-0.000004
0.000437
0.000640
0.000556
0.000387
0.000349
0.000520
0.000649
0.001921
0.000286
0.001824
0.005870
0.000888
0.000924
0.000356
0.002324
0.011024
0.019765
0.020054
0.008460
0.001567
0.001051
0.000955
0.000839
0.000695
0.000669
0.000742
0.000772
0.000676
0.000642
0.000646
0.000542
0.000601
0.000541
0.000497
0.000480
0.000521
0.000439
0.000534
0.000545
0.000569
0.000577
0.000627
0.000564
0.000430
0.000484
0.000523
0.000611
0.000686
0.000700
0.000860
0.000699
0.000725
0.000595
0.000552
0.000610
0.000061
0.000008
-0.000062
-0.000074
-0.000079
-0.000091
-0.000092
-0.000083
-0.000080
-0.000057
-0.000029
0.000010
0.000280
-0.001978
-0.006288
0.003763
-0.004867
-0.000316
0.000248
0.000486
0.000569
0.000565
0.000428
0.000780
0.000708
-0.000180
0.002429
0.004021
0.006899
0.011461
0.017522
0.018297
0.019142
0.025313
0.020581
0.020229
0.020346
0.015536
0.006897
0.001941
0.001148
0.000864
0.000778
0.000686
0.000611
0.000616
0.000639
0.000654
0.000661
0.000599
0.000608
0.000538
0.000473
0.000534
0.000446
0.000528
0.000486
0.000634
0.000676
0.000639
0.000577
0.000483
0.000499
0.000526
0.000616
0.000778
0.000843
0.000828
0.000826
0.000822
0.000766
0.000625
0.000665
0.000065
0.000012
-0.000052
-0.000097
-0.000101
-0.000101
-0.000113
-0.000115
-0.000099
-0.000084
-0.000072
0.000127
-0.001176
-0.017676
0.003219
0.012755
-0.003780
-0.000379
0.000321
0.000497
0.000651
0.000667
0.000672
0.000710
0.000506
0.002435
0.003283
0.004565
0.005973
0.015070
0.015403
0.017442
0.018974
0.020455
0.016770
0.014679
0.016206
0.021117
0.020097
0.007561
0.001642
0.000885
0.000804
0.000687
0.000672
0.000677
0.000766
0.000655
0.000607
0.000605
0.000648
0.000579
0.000516
0.000455
0.000508
0.000521
0.000523
0.000661
0.000637
0.000603
0.000725
0.000775
0.000636
0.000612
0.000724
0.000910
0.000813
0.000821
0.000984
0.000867
0.000926
0.000854
-0.000596
0.000055
0.000011
-0.000062
-0.000122
-0.000125
-0.000126
-0.000134
-0.000129
-0.000109
-0.000120
-0.000096
-0.000123
-0.000640
-0.011500
-0.002148
0.016184
-0.007025
-0.000973
0.000457
0.000560
0.000785
0.000393
0.008684
0.005153
0.006041
0.009833
0.008657
0.007529
0.007959
0.008755
0.009426
0.013296
0.011869
0.011676
0.010225
0.007053
0.012253
0.017677
0.018334
0.007892
0.001219
0.000164
0.003184
0.001109
0.000812
0.000693
0.000696
0.000634
0.000617
0.000739
0.000742
0.000667
0.000535
0.000518
0.000636
0.000624
0.000608
0.000680
0.000693
0.000647
0.000695
0.000894
0.000758
0.000721
0.000886
0.000984
0.001054
0.001089
0.001043
0.000964
0.000837
0.000868
0.000820
0.000022
-0.000041
-0.000084
-0.000144
-0.000151
-0.000152
-0.000149
-0.000139
-0.000142
-0.000149
-0.000179
-0.000160
-0.000135
-0.002073
-0.006068
0.024904
0.006844
-0.000647
0.000575
0.000644
0.000485
0.011223
0.010397
0.007840
0.009082
0.013275
0.012360
0.017222
0.010809
0.001915
0.000983
0.003119
0.002737
0.003533
0.002600
0.003431
0.005040
0.011370
0.014039
0.013108
0.001679
0.005630
0.005403
0.005184
0.001804
0.000957
0.000541
0.000691
0.000751
0.000798
0.000630
0.000731
0.000575
0.000551
0.000701
0.000705
0.000694
0.000720
0.000873
0.000696
0.000685
0.000737
0.000881
0.000623
0.000962
0.000975
0.001147
0.001161
0.001053
0.001007
0.000756
0.000774
0.000758
-0.000002
-0.000103
-0.000100
-0.000141
-0.000166
-0.000174
-0.000159
-0.000150
-0.000158
-0.000234
-0.000219
-0.000182
-0.000178
-0.000787
-0.007287
0.024296
0.019173
0.004287
0.000665
0.000418
0.012920
0.022333
0.020521
0.014993
0.014678
0.018271
0.015440
0.012884
0.007920
0.002892
-0.000083
0.000235
-0.000924
-0.001301
-0.000467
0.000659
0.002230
0.004700
0.007888
0.011116
0.001942
0.003626
0.004013
0.001560
0.000045
0.005494
-0.002263
0.000644
0.000649
0.000734
0.000559
0.000572
0.000699
0.000576
0.000840
0.000811
0.000885
0.000850
0.000926
0.000763
0.000715
0.000776
0.000795
0.000814
0.000758
0.000999
0.001123
0.001136
0.001058
0.000960
0.000856
0.000788
0.000810
0.000014
-0.000015
-0.000053
-0.000128
-0.000177
-0.000185
-0.000169
-0.000222
-0.000216
-0.000252
-0.000246
-0.000223
-0.000257
-0.001951
-0.006246
0.006665
0.018347
0.009526
0.003015
0.008053
0.017653
0.032991
0.034937
0.025734
0.022972
0.021068
0.017774
0.007513
0.005299
0.001037
-0.000432
-0.001011
-0.001337
-0.001012
-0.001229
-0.000323
0.001742
0.001482
0.002752
0.005078
-0.000131
0.000993
0.000448
0.001613
-0.001404
0.001838
0.000277
0.000228
0.000516
0.000554
0.000706
0.000739
0.000634
0.000751
0.000712
0.000793
0.000844
0.000808
0.000825
0.000964
0.000949
0.000879
0.000896
0.000925
0.000926
0.001050
0.001229
0.001192
0.001142
0.000917
0.000866
0.000858
0.000964
0.000059
0.000020
0.000001
-0.000107
-0.000214
-0.000206
-0.000211
-0.000241
-0.000226
-0.000225
-0.000258
-0.000268
-0.000261
-0.000432
-0.006106
0.006803
0.003120
0.011367
0.017818
0.020295
0.014298
0.026681
0.031626
0.028069
0.027765
0.021976
0.016013
0.003105
0.001273
0.000342
0.000886
-0.000496
-0.001696
-0.001767
-0.000554
-0.000356
0.000584
0.000580
0.002449
0.000713
-0.002225
-0.002958
-0.000008
0.000689
-0.000678
-0.001820
-0.003811
-0.006873
0.001495
0.000418
0.000575
0.000783
0.000848
0.000797
0.000748
0.000813
0.000807
0.000830
0.000921
0.001100
0.001123
0.001149
0.000913
0.000832
0.001014
0.001196
0.001122
0.001118
0.001119
0.001038
0.000943
0.000973
0.000982
0.000101
0.000019
-0.000010
-0.000073
-0.000221
-0.000238
-0.000246
-0.000285
-0.000290
-0.000278
-0.000326
-0.000356
-0.000373
-0.000345
-0.000154
-0.000240
-0.000332
-0.000467
0.002528
-0.001064
-0.004264
0.001514
0.009748
0.011983
0.017995
0.013347
0.007481
0.005215
0.003743
0.001122
-0.001111
-0.008157
-0.005706
-0.002931
-0.000328
-0.001468
-0.002744
-0.000090
-0.001599
-0.002943
-0.004035
-0.010038
-0.003395
-0.001608
-0.000913
-0.002725
-0.007420
-0.007773
-0.006480
0.001031
0.000772
0.000778
0.000744
0.000795
0.000738
0.000929
0.000913
0.000986
0.000908
0.001143
0.001156
0.001005
0.001074
0.000898
0.000904
0.001022
0.001023
0.001179
0.001116
0.001049
0.001106
0.001071
0.001040
0.000238
0.000125
0.000001
-0.000064
-0.000191
-0.000258
-0.000278
-0.000302
-0.000319
-0.000296
-0.000344
-0.000412
-0.000413
-0.000401
-0.000461
-0.000497
-0.000417
-0.000406
-0.000430
-0.000550
-0.000295
0.000144
0.001767
0.002912
-0.004321
-0.005545
-0.005126
-0.005906
-0.004603
-0.007864
-0.012059
-0.011418
-0.011291
-0.005502
-0.004883
-0.002825
-0.008596
-0.001401
-0.003452
-0.003906
-0.011272
-0.016403
-0.012505
-0.015497
-0.006066
-0.006515
-0.014532
-0.013296
-0.008028
-0.010063
0.000817
0.000809
0.000844
0.000913
0.000761
0.001003
0.000998
0.001032
0.000970
0.001004
0.001145
0.001019
0.001081
0.001003
0.000888
0.000846
0.001072
0.001092
0.001037
0.001220
0.001061
0.001133
0.001097
0.000470
0.000288
-0.000023
-0.000033
-0.000132
-0.000231
-0.000272
-0.000294
-0.000324
-0.000337
-0.000404
-0.000458
-0.000482
-0.000492
-0.000546
-0.000602
-0.000535
-0.000615
-0.000527
-0.000447
0.000517
0.023509
0.019752
0.016206
0.000713
-0.003974
-0.005361
-0.003467
-0.005599
-0.013006
-0.012769
-0.012187
-0.012558
-0.007520
-0.006302
-0.007994
-0.002531
-0.009466
-0.008385
-0.006427
-0.015266
-0.014814
-0.016125
-0.015685
-0.018347
-0.015207
-0.013544
-0.011966
-0.008132
-0.010479
-0.011369
0.001492
0.001051
0.000890
0.000895
0.000609
0.000918
0.000944
0.000868
0.000936
0.001060
0.001005
0.000978
0.000945
0.000674
0.000795
0.001013
0.001125
0.001224
0.001243
0.001185
0.000893
0.000846
0.000536
0.000378
0.000051
-0.000031
-0.000123
-0.000243
-0.000278
-0.000295
-0.000324
-0.000378
-0.000449
-0.000485
-0.000543
-0.000552
-0.000579
-0.000575
-0.000575
-0.000611
-0.000568
-0.000653
0.012217
0.026895
0.026312
0.021589
0.015247
0.002301
-0.003082
-0.004861
-0.005678
-0.013655
-0.013752
-0.012033
-0.011720
-0.008651
-0.008592
-0.011736
-0.004747
-0.005456
-0.005691
-0.010545
-0.016673
-0.015411
-0.015121
-0.017775
-0.022910
-0.021049
-0.007167
-0.008798
-0.006462
-0.010447
-0.012600
-0.008397
0.001433
0.000970
0.001101
0.000381
0.000623
0.000951
0.000884
0.000937
0.000822
0.000593
0.000869
0.001052
0.000949
0.000883
0.000951
0.001204
0.001401
0.001350
0.001155
0.000913
0.000905
0.000515
0.000446
0.000229
0.000004
-0.000091
-0.000254
-0.000268
-0.000305
-0.000339
-0.000367
-0.000453
-0.000546
-0.000585
-0.000582
-0.000628
-0.000683
-0.000640
-0.000693
-0.001287
-0.001469
0.002734
0.022154
0.024566
0.023192
0.018778
0.010623
0.001101
-0.004526
-0.008256
-0.015732
-0.014916
-0.014257
-0.009209
-0.007408
-0.009827
-0.008720
-0.006123
-0.005508
-0.005830
-0.008186
-0.007558
-0.007596
-0.012329
-0.012195
-0.012567
-0.023722
-0.004454
-0.009506
-0.007970
-0.011799
-0.016153
-0.015305
-0.007642
0.000866
0.000831
0.000554
0.000337
0.000737
0.000775
0.001104
0.001021
0.000791
0.000873
0.001021
0.001017
0.000900
0.001079
0.001305
0.001475
0.001286
0.001088
0.001044
0.000884
0.000535
0.000470
0.000319
0.000022
-0.000091
-0.000275
-0.000288
-0.000336
-0.000332
-0.000365
-0.000495
-0.000561
-0.000595
-0.000650
-0.000656
-0.000678
-0.000668
-0.000970
-0.001153
-0.001379
-0.002325
0.007840
0.016372
0.021985
0.019644
0.011699
0.003768
-0.002740
-0.007689
-0.014863
-0.015022
-0.012808
-0.007269
-0.008191
-0.009851
-0.008780
-0.006721
-0.006557
-0.004980
-0.007006
-0.010938
-0.014616
-0.015158
-0.011392
-0.008378
-0.003488
-0.017068
-0.010145
-0.014099
-0.012581
-0.017100
-0.014294
-0.009969
-0.007850
-0.005687
0.000508
0.000630
0.000610
0.000670
0.000940
0.001087
0.000898
0.000687
0.000906
0.000838
0.001030
0.001171
0.001272
0.001182
0.001099
0.001068
0.000980
0.000925
0.000580
0.000542
0.000486
0.000167
-0.000013
-0.000199
-0.000257
-0.000271
-0.000339
-0.000380
-0.000469
-0.000564
-0.000582
-0.000555
-0.000621
-0.000630
-0.001126
-0.001001
-0.001112
-0.001168
-0.001525
-0.002577
0.004460
0.014875
0.015765
0.010849
0.004700
-0.004384
-0.006114
-0.013833
-0.018145
-0.012939
-0.011220
-0.008446
-0.009074
-0.009457
-0.010474
-0.009490
-0.007053
-0.013696
-0.013167
-0.016805
-0.014833
-0.012471
-0.011925
-0.008777
-0.005558
-0.009476
-0.013197
-0.010786
-0.014176
-0.012808
-0.010314
-0.008989
-0.007225
-0.004739
0.000715
0.000801
0.000720
0.001000
0.001061
0.001042
0.000798
0.000445
0.000776
0.000998
0.000925
0.000942
0.001041
0.001131
0.001150
0.001001
0.000948
0.000447
0.000513
0.000470
0.000301
0.000190
0.000405
0.000440
0.000495
0.000695
-0.000317
-0.000291
-0.000478
-0.000570
-0.000861
-0.001033
-0.001095
-0.001050
-0.001001
-0.001024
-0.001185
-0.001471
-0.001606
0.000914
0.009516
0.013266
0.013675
0.005717
-0.001605
-0.007600
-0.011735
-0.015390
-0.013064
-0.011922
-0.009209
-0.009234
-0.009486
-0.011514
-0.012379
-0.013362
-0.015745
-0.014323
-0.018101
-0.015416
-0.012579
-0.012284
-0.011768
-0.007628
-0.004655
-0.010809
-0.011930
-0.009513
-0.009415
-0.010035
-0.008585
-0.006053
-0.006616
-0.007828
-0.005612
0.000524
0.000990
0.001125
0.001143
0.000817
0.000745
0.001034
0.000871
0.000945
0.000904
0.001101
0.001290
0.001194
0.001159
0.001163
0.000517
0.000557
0.000563
0.000397
0.000487
0.000526
0.000451
0.000474
0.000480
0.000494
0.000482
0.000660
-0.000503
-0.000746
-0.000984
-0.001140
-0.001012
-0.001136
-0.001083
-0.001406
-0.001276
0.000410
0.000557
0.000735
0.001725
0.002161
0.001219
0.000797
0.001616
-0.012330
-0.010662
-0.011603
-0.010093
-0.008175
-0.008242
-0.009368
-0.010621
-0.012738
-0.016502
-0.017011
-0.017287
-0.015757
-0.016793
-0.015491
-0.013294
-0.012243
-0.009515
-0.006655
-0.005717
-0.008537
-0.006068
-0.005998
-0.005653
-0.001725
-0.001326
-0.003329
-0.004227
-0.006596
-0.003116
-0.001246
0.000152
0.001414
0.000895
0.001028
0.001203
0.001166
0.001039
0.000980
0.001209
0.001273
0.001234
0.001223
0.001086
0.000505
0.000569
0.000623
0.000611
0.000580
0.000485
0.000464
0.000401
0.000440
0.000492
0.000519
0.000475
0.000576
0.000628
0.000611
-0.000665
0.000429
0.000648
0.000618
0.000529
0.000469
0.000629
0.000604
0.000502
0.000511
0.000556
0.000540
0.000453
-0.001094
0.000559
0.000496
-0.007772
-0.007186
-0.007543
-0.009939
-0.010860
-0.008779
-0.011375
-0.016834
-0.016444
-0.018645
-0.017583
-0.017342
-0.017920
-0.014871
-0.014129
-0.012430
-0.009902
-0.008056
-0.003204
-0.002926
-0.001133
-0.002508
0.000865
0.001155
0.001045
0.000060
0.002096
0.003625
0.004739
0.004400
0.004517
0.000550
0.001161
0.001181
0.000959
0.001258
0.001165
0.001347
0.001267
0.001311
0.001479
0.000936
0.000576
0.000585
0.000569
0.000622
0.000499
0.000466
0.000510
0.000469
0.000413
0.000465
0.000570
0.000459
0.000423
0.000436
0.000487
0.000294
0.000372
0.000432
0.000482
0.000476
0.000507
0.000522
0.000615
0.000518
0.000512
0.000427
0.000309
0.000327
0.000372
0.000351
0.000102
-0.000144
0.000479
0.000754
-0.000491
-0.000636
-0.000006
-0.006165
-0.011368
-0.015435
-0.017892
-0.015079
-0.014907
-0.013953
-0.014764
-0.014630
-0.013440
-0.013441
-0.012348
-0.010589
-0.001988
0.000943
0.002591
0.003140
0.006851
0.007204
0.004370
0.006188
0.005388
0.002020
0.001997
0.001118
0.002094
0.001448
0.001492
0.001486
0.001580
0.001481
0.001332
0.001225
0.001216
0.001097
0.000943
0.000589
0.000655
0.000670
0.000561
0.000470
0.000480
0.000515
0.000403
0.000352
0.000373
0.000481
0.000514
0.000515
0.000460
0.000502
0.000437
0.000264
0.000409
0.000514
0.000491
0.000415
0.000502
0.000633
0.000509
0.000356
0.000354
0.000197
0.000192
0.000300
0.000144
0.000130
0.000238
0.000341
0.000678
0.000590
0.000638
0.000807
0.000780
0.000367
-0.000057
-0.000213
-0.000072
0.000159
0.000686
-0.012508
-0.013661
-0.014373
-0.014022
-0.013147
-0.014481
-0.010939
-0.000788
0.001861
-0.000286
0.002286
0.001471
-0.000686
0.002584
0.002504
0.002339
0.002286
0.002186
0.002101
0.001640
0.001346
0.001406
0.001686
0.001621
0.001271
0.001203
0.001172
0.001143
0.000914
0.000600
0.000677
0.000684
0.000639
0.000477
0.000467
0.000508
0.000531
0.000374
0.000279
0.000127
0.000470
0.000506
0.000453
0.000535
0.000545
0.000283
0.000406
0.000482
0.000324
0.000371
0.000503
0.000544
0.000448
0.000285
0.000169
0.000116
-0.000001
0.000191
0.000141
0.000109
0.000173
0.000168
0.000447
0.000419
0.000470
0.000659
0.000808
0.000952
0.000839
0.000961
0.000941
0.000980
0.001169
0.002034
-0.014233
-0.015072
-0.014606
-0.014626
-0.016551
-0.014894
-0.002819
0.000917
-0.002545
0.000561
-0.000644
0.001938
0.002481
0.002409
0.002456
0.002162
0.001962
0.001685
0.001107
0.000979
0.001508
0.001659
0.001446
0.001395
0.001226
0.001188
0.001153
0.000639
0.000563
0.000618
0.000732
0.000637
0.000462
0.000469
0.000534
0.000495
0.000313
0.000262
0.000437
0.000470
0.000542
0.000652
0.000521
0.000628
0.000366
0.000371
0.000352
0.000285
0.000399
0.000410
0.000480
0.000353
0.000308
0.000205
0.000103
0.000185
0.000164
0.000197
0.000476
0.000453
0.000498
0.000722
0.000875
0.000731
0.000709
0.000818
0.000785
0.000720
0.000763
0.000888
0.000939
0.001027
0.001102
0.003416
-0.013372
-0.013611
-0.012348
-0.015108
-0.014285
-0.008442
-0.004852
-0.002140
0.002105
0.002402
0.002552
0.002664
0.002478
0.002278
0.001984
0.001561
0.001313
0.000891
0.000906
0.001436
0.001216
0.001312
0.001623
0.001504
0.001378
0.001162
0.001110
0.000575
0.000616
0.000602
0.000683
0.000494
0.000412
0.000462
0.000444
0.000444
0.000377
0.000504
0.000494
0.000611
0.000576
0.000540
0.000650
0.000726
0.000406
0.000575
0.000626
0.000432
0.000518
0.000429
0.000208
0.000389
0.000417
0.000130
0.000172
0.000365
0.000390
0.000622
0.000739
0.000821
0.000986
0.001120
0.000742
0.000894
0.000804
0.000740
0.000654
0.000757
0.000982
0.001086
0.000964
0.001087
0.000986
0.001752
-0.008845
-0.007919
-0.004412
-0.006518
-0.005250
-0.013315
0.000215
0.002213
0.002351
0.002266
0.002056
0.001965
0.001863
0.001842
0.001275
0.000838
0.000911
0.001165
0.001253
0.001209
0.001480
0.001731
0.001622
0.001348
0.001070
0.001030
0.000594
0.000663
0.000679
0.000600
0.000523
0.000421
0.000471
0.000344
0.000471
0.000476
0.000419
0.000507
0.000684
0.000668
0.000616
0.000597
0.000660
0.000637
0.000770
0.000708
0.000516
0.000447
0.000473
0.000175
0.000500
0.000480
0.000452
0.000303
0.000678
0.000768
0.000889
0.000868
0.000799
0.000949
0.001070
0.000695
0.000647
0.000490
0.000337
0.000688
0.000746
0.000899
0.001046
0.001227
0.001191
0.000951
0.000871
0.000841
0.002778
-0.000320
-0.001714
-0.010314
-0.001988
0.001706
0.002049
0.001909
0.001844
0.001537
0.002045
0.001966
0.002042
0.001525
0.000742
0.001254
0.001371
0.001284
0.001509
0.001561
0.001573
0.001675
0.001248
0.001118
0.000763
0.000675
0.000664
0.000715
0.000619
0.000475
0.000416
0.000587
0.000419
0.000543
0.000564
0.000408
0.000343
0.000621
0.000670
0.000616
0.000574
0.000538
0.000674
0.000602
0.000546
0.000484
0.000414
0.000450
0.000517
0.000667
0.000597
0.000686
0.000525
0.000896
0.000829
0.000823
0.000920
0.000827
0.000828
0.000846
0.000630
0.000596
0.000464
0.000379
0.000611
0.000488
0.000891
0.000989
0.001117
0.001223
0.000909
0.000937
0.000901
0.000857
0.000872
-0.002142
0.000923
0.002057
0.001874
0.001791
0.001779
0.001956
0.001638
0.002213
0.002144
0.002298
0.001893
0.001170
0.001173
0.001352
0.001344
0.001599
0.001538
0.001603
0.001563
0.001479
0.001330
0.000842
0.000573
0.000587
0.000631
0.000547
0.000512
0.000496
0.000582
0.000705
0.000695
0.000552
0.000539
0.000376
0.000380
0.000623
0.000552
0.000498
0.000487
0.000606
0.000579
0.000467
0.000404
0.000519
0.000450
0.000594
0.000651
0.000721
0.000692
0.000978
0.000922
0.000770
0.000791
0.000953
0.000981
0.000988
0.000828
0.000579
0.000797
0.000918
0.000925
0.000768
0.000795
0.000889
0.001003
0.001156
0.001030
0.001028
0.001110
0.001174
0.000952
0.001258
0.001520
0.002009
0.002553
0.002562
0.002220
0.002267
0.002304
0.001757
0.002102
0.002186
0.001700
0.001838
0.001756
0.001857
0.001740
0.001875
0.001766
0.001533
0.001554
0.001704
0.001562
0.001373
0.000980
0.000550
0.000608
0.000545
0.000539
0.000644
0.000455
0.000566
0.000507
0.000788
0.000572
0.000510
0.000394
0.000409
0.000554
0.000548
0.000508
0.000474
0.000584
0.000593
0.000487
0.000424
0.000455
0.000539
0.000618
0.000769
0.000708
0.000579
0.000910
0.000881
0.000750
0.000732
0.001041
0.001054
0.001040
0.000830
0.000769
0.000983
0.000958
0.000665
0.000719
0.000781
0.000772
0.000997
0.001145
0.001029
0.001056
0.001152
0.001211
0.001145
0.001148
0.001671
0.002239
0.002658
0.002780
0.002777
0.002789
0.002365
0.001912
0.001871
0.002196
0.001672
0.001729
0.001852
0.001974
0.002140
0.001944
0.001597
0.001488
0.001573
0.001778
0.001638
0.001302
0.001242
0.000559
0.000516
0.000608
0.000672
0.000549
0.000468
0.000492
0.000546
0.000743
0.000669
0.000571
0.000522
0.000544
0.000487
0.000515
0.000472
0.000511
0.000583
0.000624
0.000492
0.000469
0.000506
0.000594
0.000689
0.000702
0.000526
0.000538
0.000630
0.000616
0.000827
0.000844
0.001058
0.001182
0.001008
0.000917
0.000807
0.000765
0.000738
0.000754
0.000596
0.000909
0.000673
0.000956
0.001098
0.001035
0.001073
0.001058
0.001219
0.001060
0.000935
0.001677
0.002343
0.002644
0.002906
0.002922
0.002732
0.002443
0.001931
0.001805
0.001871
0.001908
0.002212
0.001961
0.001954
0.001976
0.002008
0.001752
0.001559
0.001742
0.001846
0.001669
0.001293
0.001066
