0.000710
0.000698
0.000715
0.000632
0.000723
0.000586
0.000510
0.000438
0.000334
0.000524
0.000709
-0.000603
0.000964
0.001131
0.001097
0.000879
0.000753
0.000734
0.000570
0.000552
0.000559
0.000667
0.000739
0.000799
0.000826
0.000731
0.000714
0.000750
0.000643
0.000586
0.000483
0.000781
0.000945
0.000984
0.000979
0.000897
0.000951
0.000860
0.000842
0.000718
0.000674
0.000651
0.000611
0.000593
0.000654
0.000630
0.000512
0.000482
0.000457
0.000461
0.000476
0.000386
0.000377
0.000394
0.000412
0.000508
0.000508
0.000398
0.000344
0.000465
0.000526
0.000474
0.000583
0.000657
0.000614
0.000575
-0.001158
0.000622
0.000731
0.000707
0.000061
0.000506
0.000195
0.000621
0.000579
0.000585
0.000616
0.000671
0.000640
0.000645
0.000758
0.000835
0.000817
0.000873
0.000871
0.000863
0.000828
0.000782
0.000839
0.000853
0.000850
0.000822
0.000787
0.000673
0.000662
0.000780
0.000828
0.000783
0.000876
0.000751
0.000782
0.000883
0.000683
0.000718
0.000756
0.000879
0.000902
0.000736
0.000915
0.000807
0.000753
0.000804
0.000712
0.000736
0.000704
0.000746
0.000628
0.000661
0.000668
0.000560
0.000561
0.000533
0.000409
0.000459
0.000480
0.000477
0.000454
0.000448
0.000461
0.000440
0.000447
0.000403
0.000498
0.000403
0.000425
0.000466
0.000477
0.000392
0.000397
0.000490
0.000482
0.000448
0.000412
0.000340
0.000366
0.000612
0.000591
0.000560
0.000544
0.000551
0.000693
0.000645
0.000633
0.000683
0.000791
0.000725
0.000763
0.000836
0.000830
0.000681
0.000616
0.000607
0.000715
0.000680
0.000778
0.000712
0.000649
0.000482
0.000651
0.000735
0.000853
0.000935
0.000801
0.000788
0.000817
0.000791
0.000750
0.000696
0.000853
0.000911
0.000852
0.000905
0.000838
0.000799
0.000787
0.000722
0.000723
0.000732
0.000732
0.000669
0.000708
0.000737
0.000586
0.000526
0.000445
0.000505
0.000543
0.000509
0.000470
0.000430
0.000381
0.000426
0.000461
0.000399
0.000444
0.000458
0.000449
0.000406
0.000419
0.000407
0.000423
0.000344
0.000408
0.000447
0.000497
0.000373
0.000316
0.000405
0.000626
0.000617
0.000637
0.000523
0.000538
0.000604
0.000592
0.000673
0.000668
0.000798
0.000749
0.000846
0.000786
0.000777
0.000772
0.000656
0.000682
0.000784
0.000771
0.000716
0.000726
0.000775
0.000542
0.000658
0.000628
0.000679
0.000867
0.000900
0.000839
0.000760
0.000745
0.000764
0.000737
0.000732
0.000719
0.000850
0.000895
0.000885
0.000835
0.000672
0.000661
0.000734
0.000791
0.000816
0.000599
0.000705
0.000682
0.000585
0.000571
0.000466
0.000536
0.000604
0.000471
0.000440
0.000410
0.000461
0.000404
0.000484
0.000481
0.000474
0.000426
0.000475
0.000411
0.000452
0.000379
0.000434
0.000353
0.000438
0.000330
0.000518
0.000412
0.000384
0.000380
0.000566
0.000652
0.000644
0.000673
0.000594
0.000556
0.000603
0.000600
0.000701
0.000665
0.000779
0.000673
0.000780
0.000699
0.000757
0.000747
0.000818
0.000719
0.000734
0.000745
0.000692
0.000722
0.000675
0.000646
0.000636
0.000739
0.000789
0.000779
0.000780
0.000777
0.000786
0.000742
0.000688
0.000603
0.000804
0.000896
0.000797
0.000858
0.000833
0.000533
0.000574
0.000632
0.000609
0.000660
0.000700
0.000657
0.000567
0.000520
0.000556
0.000590
0.000460
0.000401
0.000347
0.000360
0.000425
0.000458
0.000485
0.000493
0.000505
0.000471
0.000483
0.000477
0.000493
0.000499
0.000455
0.000523
0.000286
0.000413
0.000356
0.000530
0.000395
0.000428
0.000392
-0.002169
0.000654
0.000626
0.000646
0.000515
0.000444
0.000538
0.000480
0.000547
0.000600
0.000754
0.000669
0.000697
0.000675
0.000741
0.000807
0.000808
0.000678
0.000739
0.000768
0.000669
0.000685
0.000688
0.000700
0.000649
0.000735
0.000791
0.000774
0.000722
0.000785
0.000759
0.000777
0.000725
0.000657
0.000764
0.000766
0.000770
0.000832
0.000832
0.000566
0.000506
0.000484
0.000491
0.000595
0.000606
0.000609
0.000548
0.000602
0.000636
0.000518
0.000448
0.000436
0.000410
0.000354
0.000421
0.000452
0.000423
0.000446
0.000386
0.000483
0.000561
0.000518
0.000523
0.000525
0.000438
0.000439
0.000319
0.000435
0.000437
0.000429
0.000422
0.000471
0.000478
0.000651
0.000633
0.000651
0.000534
0.000450
0.000506
0.000460
0.000421
0.000458
0.000616
0.000735
0.000496
0.000550
0.000597
0.000653
0.000893
0.000906
0.000731
0.000761
0.000777
0.000727
0.000742
0.000725
0.000745
0.000665
0.000696
0.000763
0.000777
0.000730
0.000721
0.000811
0.000738
0.000773
0.000728
0.000877
0.000890
0.000884
0.000797
0.000687
0.000533
0.000489
0.000467
0.000652
0.000624
0.000622
0.000658
0.000618
0.000600
0.000612
0.000570
0.000495
0.000453
0.000405
0.000332
0.000372
0.000370
0.000289
0.000453
0.000525
0.000588
0.000558
0.000469
0.000484
0.000472
0.000529
0.000704
0.000529
0.000325
0.000398
0.000431
0.000505
0.000494
0.000414
0.000497
0.000649
0.000647
0.000569
0.000513
0.000481
0.000463
0.000415
0.000420
0.000565
0.000510
0.000493
0.000639
0.000536
0.000638
0.000763
0.000772
0.000724
0.000779
0.000844
0.000749
0.000794
0.000759
0.000699
0.000723
0.000760
0.000723
0.000675
0.000750
0.000764
0.000779
0.000800
0.000802
0.000882
0.000907
0.000881
0.000820
0.000886
0.000851
0.000598
0.000444
0.000591
0.000723
0.000666
0.000668
0.000637
0.000607
0.000571
0.000550
0.000635
0.000521
0.000476
0.000399
0.000381
0.000329
0.000328
0.000310
0.000387
0.000532
0.000548
0.000531
0.000414
0.000391
0.000412
0.000402
0.000517
0.000411
0.000367
0.000391
0.000420
0.000396
0.000476
0.000399
0.000367
0.000602
0.000577
0.000571
0.000462
0.000453
0.000461
0.000419
0.000468
0.000530
0.000437
0.000608
0.000583
0.000627
0.000637
0.000704
0.000609
0.000616
0.000772
0.000801
0.000894
0.000863
0.000824
0.000786
0.000732
0.000738
0.000756
0.000709
0.000768
0.000777
0.000764
0.000847
0.000839
0.000797
0.000835
0.000846
0.000909
0.000949
0.000855
0.000800
0.000641
0.000632
0.000741
0.000661
0.000703
0.000597
0.000575
0.000553
0.000609
0.000611
0.000576
0.000524
0.000407
0.000299
0.000270
0.000297
0.000396
0.000491
0.000531
0.000507
0.000529
0.000451
0.000465
0.000376
0.000382
0.000392
0.000347
0.000331
0.000379
0.000444
0.000403
0.000415
0.000355
0.001326
0.000561
0.000551
0.000549
0.000524
0.000359
0.000501
0.000467
0.000397
0.000330
0.000431
0.000651
0.000627
0.000524
0.000589
0.000710
0.000721
0.000706
0.000757
0.000748
0.000855
0.000729
0.000909
0.000901
0.000821
0.000805
0.000819
0.000818
0.000821
0.000749
0.000745
0.000810
0.000743
0.000731
0.000857
0.000867
0.000837
0.000810
0.000871
0.000731
0.000634
0.000642
0.000704
0.000696
0.000750
0.000731
0.000634
0.000684
0.000617
0.000558
0.000477
0.000454
0.000363
0.000348
0.000305
0.000336
0.000371
0.000519
0.000517
0.000501
0.000442
0.000519
0.000513
0.000420
0.000280
0.000370
0.000391
0.000346
0.000381
0.000440
0.000428
0.000463
0.000426
0.000426
0.000596
0.000523
0.000540
0.000560
0.000440
0.000506
0.000467
0.000377
0.000296
0.000373
0.000612
0.000582
0.000548
0.000651
0.000606
0.000681
0.000746
0.000758
0.000766
0.000673
0.000684
0.000849
0.000843
0.000831
0.000861
0.000888
0.000758
0.000892
0.000833
0.000720
0.000696
0.000766
0.000798
0.000975
0.000780
0.000816
0.000830
0.000817
0.000770
0.000603
0.000502
0.000621
0.000634
0.000586
0.000678
0.000621
0.000648
0.000638
0.000569
0.000500
0.000311
0.000395
0.000415
0.000324
0.000386
0.000453
0.000598
0.000616
0.000594
0.000509
0.000566
0.000534
0.000434
0.000412
0.000415
0.000395
0.000434
0.000482
0.000426
0.000437
0.000463
0.000463
0.000372
0.000549
0.000523
0.000434
0.000396
0.000440
0.000482
0.000415
0.000361
0.000306
0.000374
0.000417
0.000489
0.000502
0.000610
0.000663
0.000673
0.000696
0.000692
0.000683
0.000668
0.000691
0.000782
0.000699
0.000784
0.000833
0.000818
0.000727
0.000745
0.000760
0.000777
0.000676
0.000805
0.000758
0.000894
0.000771
0.000767
0.000858
0.000911
0.000784
0.000652
0.000536
0.000459
0.000575
0.000609
0.000620
0.000631
0.000612
0.000677
0.000572
0.000491
0.000335
0.000432
0.000444
0.000426
0.000404
0.000545
0.000556
0.000542
0.000525
0.000556
0.000535
0.000524
0.000503
0.000521
0.000453
0.000495
0.000457
0.000473
0.000494
0.000530
0.000526
0.000567
0.000383
0.000429
0.000462
0.000381
0.000361
0.000460
0.000449
0.000363
0.000405
0.000370
0.000374
0.000399
0.000438
0.000411
0.000545
0.000487
0.000613
0.000647
0.000670
0.000734
0.000607
0.000612
0.000657
0.000477
0.000541
0.000671
0.000715
0.000761
0.000832
0.000912
0.000823
0.000837
0.000873
0.000848
0.000849
0.000859
0.000915
0.000883
0.000862
0.000909
0.000766
0.000583
0.000541
0.000617
0.000588
0.000621
0.000634
0.000687
0.000705
0.000541
0.000464
0.000459
0.000501
0.000490
0.000504
0.000418
0.000376
0.000470
0.000579
0.000574
0.000533
0.000513
0.000566
0.000525
0.000517
0.000485
0.000585
0.000561
0.000472
0.000397
0.000560
0.000523
0.000607
0.000725
0.000457
0.000480
0.000461
0.000466
0.000501
0.000454
0.000431
0.000399
0.000330
0.000337
0.000358
0.000462
0.000485
0.000443
0.000472
0.000589
0.000601
0.000631
0.000706
0.000694
0.000668
0.000095
-0.004546
-0.003917
-0.002590
-0.002031
-0.002038
-0.000881
0.000469
0.000830
0.000854
0.000864
0.000866
0.000870
0.000925
0.000900
0.000860
0.000868
0.000912
0.000697
0.000518
0.000573
0.000650
0.000661
0.000630
0.000653
0.000682
0.000631
0.000559
0.000506
0.000410
0.000444
0.000460
0.000480
0.000448
0.000285
0.000449
0.000571
0.000540
0.000491
0.000469
0.000552
0.000580
0.000506
0.000539
0.000568
0.000591
0.000490
0.000368
0.000440
0.000472
0.000642
0.000296
0.000434
0.000487
0.000426
0.000429
0.000408
0.000348
0.000360
0.000375
0.000354
0.000257
0.000289
0.000321
0.000456
0.000402
0.000391
0.000497
0.000630
0.000676
0.000750
0.000710
0.000478
-0.006330
-0.007552
-0.013006
-0.033255
-0.037268
-0.023517
-0.021060
-0.011393
-0.001026
0.000684
0.000900
0.000910
0.000904
0.000960
0.000861
0.000895
0.000916
0.000739
0.000651
0.000561
0.000605
0.000602
0.000651
0.000640
0.000658
0.000661
0.000687
0.000634
0.000587
0.000409
0.000376
0.000517
0.000479
0.000426
0.000439
0.000263
0.000434
0.000589
0.000601
0.000511
0.000553
0.000536
0.000666
0.000611
0.000596
0.000623
0.000433
0.000416
0.000524
0.000567
0.000625
0.000419
0.000440
0.000454
0.000407
0.000402
0.000380
0.000330
0.000340
0.000321
0.000282
0.000271
0.000300
0.000339
0.000434
0.000390
0.000461
0.000489
0.000656
0.000723
0.000750
0.000510
-0.003146
-0.002735
-0.004563
-0.012367
-0.015992
-0.015303
-0.012415
-0.019575
-0.013866
-0.008164
0.000196
0.000876
0.000953
0.000968
0.000864
0.000891
0.000926
0.001054
0.000854
0.000623
0.000537
0.000482
0.000586
0.000708
0.000707
0.000657
0.000638
0.000718
0.000609
0.000560
0.000407
0.000391
0.000441
0.000390
0.000420
0.000348
0.000382
0.000523
0.000634
0.000701
0.000661
0.000740
0.000669
0.000645
0.000646
0.000538
0.000522
0.000490
0.000586
0.000535
0.000758
0.000764
0.000367
0.000401
0.000404
0.000430
0.000363
0.000332
0.000303
0.000270
0.000256
0.000265
0.000244
0.000264
0.000283
0.000417
0.000432
0.000410
0.000515
0.000424
0.000436
0.000577
-0.000076
-0.001876
-0.005153
-0.012607
-0.010556
-0.011952
-0.020340
-0.012439
-0.009716
-0.018374
-0.000713
0.000873
0.000892
0.001006
0.000977
0.000870
0.000941
0.000936
0.001027
0.000661
0.000603
0.000496
0.000268
0.000554
0.000636
0.000661
0.000691
0.000614
0.000672
0.000642
0.000528
0.000429
0.000331
0.000392
0.000352
0.000363
0.000438
0.000427
0.000591
0.000631
0.000670
0.000730
0.000636
0.000594
0.000584
0.000566
0.000592
0.000543
0.000532
0.000516
0.000763
0.000828
0.000817
-0.001100
0.000420
0.000396
0.000409
0.000312
0.000344
0.000289
0.000274
0.000222
0.000252
0.000278
0.000319
0.000251
0.000350
0.000338
0.000034
0.000231
-0.001608
-0.000482
0.001237
0.000832
0.000503
0.000290
-0.000265
-0.000429
-0.000231
0.001567
-0.000966
-0.007389
-0.001871
0.000882
0.000842
0.000898
0.000894
0.000880
0.001318
0.001436
0.001163
0.001024
0.000934
0.000733
0.000668
0.000515
0.000551
0.000649
0.000662
0.000672
0.000623
0.000658
0.000631
0.000571
0.000364
0.000430
0.000432
0.000415
0.000356
0.000407
0.000454
0.000755
0.000678
0.000734
0.000525
0.000467
0.000520
0.000454
0.000479
0.000594
0.000754
0.000669
0.000656
0.000835
0.000893
0.000750
0.000637
0.000423
0.000362
0.000352
0.000277
0.000290
0.000284
0.000228
0.000223
0.000226
0.000247
0.000275
0.000227
0.000279
-0.000121
-0.005621
-0.000626
-0.000580
0.000851
0.000680
0.000824
0.000739
0.000601
0.000615
0.000768
0.001029
0.002885
-0.001415
0.005787
0.005858
0.001190
0.001014
0.001067
0.000372
-0.000091
0.008147
0.010836
0.003739
0.001502
0.001100
0.000832
0.000703
0.000685
0.000626
0.000658
0.000721
0.000666
0.000583
0.000549
0.000589
0.000615
0.000460
0.000418
0.000383
0.000393
0.000455
0.000324
0.000479
0.000633
0.000716
0.000847
0.000791
0.000570
0.000470
0.000503
0.000542
0.000796
0.000897
0.000933
0.000958
0.000865
0.000701
0.000666
0.000716
0.000391
0.000389
0.000290
0.000248
0.000257
0.000253
0.000210
0.000194
0.000164
0.000181
0.000199
0.000204
-0.000049
-0.006840
-0.001368
0.001670
0.000402
0.000388
0.000324
0.000639
0.000919
0.000783
0.000616
0.000877
0.001070
0.000126
0.000488
0.005368
0.007092
0.005531
0.012454
0.015235
0.014514
0.017049
0.016959
0.020474
0.021701
0.010542
0.003446
0.002503
0.001217
0.000693
0.000694
0.000701
0.000635
0.000666
0.000654
0.000629
0.000677
0.000599
0.000581
0.000494
0.000456
0.000476
0.000491
0.000461
0.000428
0.000467
0.000734
0.000771
0.000755
0.000630
0.000616
0.000660
0.000553
0.000901
0.000981
0.001057
0.000902
0.000928
0.000770
0.000715
0.000535
0.000462
0.000383
0.000238
0.000223
0.000226
0.000265
0.000258
0.000164
0.000181
0.000153
0.000184
0.000347
-0.000802
-0.008439
0.001002
-0.001519
0.000244
0.000488
0.000535
0.000887
0.001129
0.000995
0.000845
0.000847
0.000028
-0.001384
-0.000704
0.001494
0.001779
0.007288
0.008403
0.011525
0.011799
0.011368
0.011906
0.013034
0.019779
0.019503
0.016280
0.008325
0.002163
0.000206
0.000680
0.000718
0.000827
0.000833
0.000839
0.000690
0.000615
0.000636
0.000661
0.000583
0.000514
0.000594
0.000598
0.000549
0.000597
0.000682
0.000846
0.000832
0.000712
0.000742
0.000766
0.000675
0.000526
0.000901
0.000939
0.000919
0.000936
0.000971
0.000855
0.000889
-0.000596
0.000401
0.000377
0.000288
0.000213
0.000242
0.000257
0.000236
0.000169
0.000182
0.000143
0.000196
0.000069
-0.000517
-0.014114
0.002536
-0.000056
0.000040
0.000487
0.000711
0.000906
0.001202
0.000504
0.001488
-0.000536
-0.001774
-0.001318
-0.000543
-0.000047
0.003000
-0.003940
0.004060
0.007895
0.006258
0.005455
0.003197
0.004302
0.009982
0.011509
0.011534
0.008154
0.000713
0.003244
0.003304
0.000630
0.000768
0.000783
0.000784
0.000757
0.000708
0.000688
0.000622
0.000726
0.000543
0.000611
0.000676
0.000636
0.000634
0.000712
0.000839
0.000804
0.000764
0.000819
0.000733
0.000615
0.000578
0.000930
0.000882
0.000999
0.001078
0.000997
0.001116
0.000867
0.000879
0.000243
0.000297
0.000314
0.000229
0.000208
0.000188
0.000174
0.000159
0.000124
0.000138
0.000092
0.000087
-0.000207
-0.005657
-0.007458
-0.000478
0.000245
0.000593
0.000878
0.001030
0.000665
0.001903
0.001338
0.001781
-0.000195
-0.000331
-0.000433
0.000149
0.001163
-0.000364
-0.000893
0.002225
0.000770
0.000148
0.000313
0.001348
0.003196
0.004357
0.006919
0.005629
0.000706
0.004362
0.002812
0.004637
0.001092
0.001242
0.000643
0.000773
0.000753
0.000714
0.000756
0.000727
0.000647
0.000602
0.000725
0.000740
0.000708
0.000682
0.001040
0.000778
0.000842
0.000835
0.000814
0.000731
0.001045
0.000926
0.001150
0.001330
0.001222
0.000947
0.000898
0.000833
0.000768
0.000268
0.000239
0.000225
0.000149
0.000131
0.000157
0.000169
0.000150
0.000124
0.000074
0.000114
0.000129
0.000022
-0.002541
-0.006052
0.012851
0.001201
0.000658
0.000684
0.000610
0.006750
0.012401
0.015833
0.015339
0.008310
0.004438
0.001645
0.000925
0.000473
-0.000271
-0.001068
-0.001389
-0.000202
-0.000415
-0.000252
0.000889
0.001014
0.001476
0.002440
0.001761
0.000397
0.002431
0.002659
0.002603
-0.003826
0.004287
0.000122
0.000686
0.000783
0.000930
0.000708
0.000744
0.000710
0.000705
0.000745
0.000806
0.000820
0.000975
0.000963
0.000885
0.000771
0.000606
0.000687
0.000968
0.001093
0.001175
0.001333
0.001324
0.001031
0.000827
0.000803
0.000852
0.000878
0.000209
0.000297
0.000236
0.000126
0.000102
0.000122
0.000137
0.000129
0.000107
0.000090
0.000112
0.000096
0.000050
-0.001381
-0.007920
0.013165
0.004769
0.000750
0.001711
0.008190
0.014334
0.024543
0.027442
0.024837
0.012674
0.011512
0.003223
0.000617
0.000169
-0.000940
-0.001065
-0.001543
-0.001660
-0.000260
-0.000654
-0.000050
0.000830
0.001067
0.000698
-0.001923
0.000205
0.000831
0.001632
-0.000648
-0.005526
-0.000083
0.003994
0.000684
0.000749
0.000883
0.000859
0.000866
0.000848
0.000722
0.000740
0.000818
0.000976
0.000982
0.000912
0.000976
0.000985
0.001060
0.000972
0.001131
0.000948
0.000900
0.001335
0.001374
0.001195
0.000954
0.000946
0.000991
0.001038
0.000286
0.000270
0.000233
0.000175
0.000127
0.000062
0.000110
0.000106
0.000110
0.000064
0.000043
0.000041
0.000018
-0.000797
-0.010121
0.002667
0.002473
0.006649
0.010444
0.018333
0.015844
0.025045
0.022907
0.023475
0.021800
0.015431
0.007618
0.000530
0.000059
0.000374
-0.000260
-0.001319
-0.001967
-0.000605
-0.002878
-0.002631
-0.001095
-0.000194
0.000762
-0.001764
-0.002850
-0.001291
-0.000956
-0.000974
-0.003388
-0.003861
-0.000953
-0.008563
0.001042
0.000839
0.000784
0.000805
0.000918
0.000816
0.000667
0.000892
0.000963
0.000943
0.000976
0.001071
0.001133
0.001206
0.001016
0.000788
0.001072
0.001132
0.001236
0.001261
0.001131
0.001114
0.001013
0.001128
0.001262
0.000281
0.000278
0.000214
0.000202
0.000138
0.000068
0.000077
0.000076
0.000056
0.000011
-0.000013
-0.000038
-0.000051
-0.000069
0.000247
0.000008
0.000159
0.004016
0.005641
-0.002079
-0.005764
0.003218
0.001581
0.003814
0.011141
0.007870
0.001778
0.002470
0.003943
0.002399
0.000800
-0.006980
-0.006126
-0.002063
-0.001516
-0.005566
-0.006725
-0.004199
-0.004786
-0.007997
-0.010840
-0.014445
-0.005248
-0.003132
-0.002083
-0.002489
-0.005987
-0.004608
-0.006769
0.001018
0.000853
0.000979
0.000936
0.001049
0.000997
0.001040
0.001007
0.001081
0.001172
0.001098
0.001080
0.001089
0.001215
0.000840
0.001103
0.001152
0.001093
0.001176
0.001112
0.000903
0.001006
0.001073
0.001187
0.000291
0.000274
0.000239
0.000204
0.000172
0.000113
0.000091
0.000068
0.000023
-0.000015
-0.000040
-0.000070
-0.000093
-0.000111
-0.000123
-0.000148
-0.000148
-0.000193
-0.000996
-0.000193
-0.000044
0.000581
0.001724
-0.001787
-0.003276
-0.003031
-0.003422
-0.003837
-0.003029
-0.002733
-0.003832
-0.007823
-0.010191
-0.008333
-0.007101
-0.004871
-0.011761
-0.006233
-0.006763
-0.008205
-0.013065
-0.016914
-0.016266
-0.013951
-0.005461
-0.002882
-0.010847
-0.007310
-0.005472
-0.007440
0.000514
0.000844
0.001019
0.001113
0.001035
0.001208
0.001181
0.001083
0.001038
0.001121
0.001234
0.001305
0.001248
0.001210
0.001223
0.001107
0.000801
0.000984
0.001079
0.000972
0.001120
0.001209
0.001120
0.000355
0.000289
0.000314
0.000213
0.000163
0.000098
0.000045
0.000014
-0.000001
-0.000026
-0.000057
-0.000093
-0.000125
-0.000141
-0.000154
-0.000176
-0.000188
-0.000172
-0.000118
0.000056
0.000753
0.015915
0.008358
0.000280
-0.002494
-0.002441
-0.002715
-0.004299
-0.003303
-0.003031
-0.005653
-0.007349
-0.008944
-0.009207
-0.008164
-0.008393
-0.005672
-0.010814
-0.009794
-0.009829
-0.014679
-0.017524
-0.017809
-0.017087
-0.011900
-0.013560
-0.010717
-0.013933
-0.008197
-0.009688
-0.010053
0.000766
0.001036
0.001234
0.001094
0.001136
0.001001
0.000955
0.001133
0.001113
0.001282
0.001294
0.001092
0.001224
0.001319
0.001069
0.000956
0.001130
0.001309
0.001234
0.001300
0.001186
0.001120
0.000419
0.000307
0.000331
0.000225
0.000158
0.000132
0.000052
0.000021
-0.000015
-0.000027
-0.000070
-0.000104
-0.000141
-0.000174
-0.000194
-0.000216
-0.000227
-0.000220
-0.000184
-0.000018
0.013066
0.022452
0.016026
0.004963
0.001136
-0.002547
-0.003834
-0.004468
-0.004936
-0.004745
-0.006801
-0.009487
-0.008980
-0.009265
-0.008031
-0.008721
-0.011811
-0.007783
-0.005418
-0.013965
-0.017090
-0.015363
-0.015377
-0.015640
-0.014237
-0.012855
-0.008923
-0.011812
-0.007682
-0.009517
-0.013097
-0.008659
0.000534
0.001204
0.001250
0.000992
0.000725
0.000971
0.001152
0.000977
0.001107
0.001203
0.001269
0.001224
0.001299
0.001226
0.001175
0.001397
0.001509
0.001541
0.001404
0.001098
0.000987
0.000408
0.000324
0.000340
0.000249
0.000163
0.000113
0.000067
0.000012
-0.000015
-0.000045
-0.000090
-0.000121
-0.000153
-0.000186
-0.000220
-0.000255
-0.000286
-0.000316
-0.000553
-0.000617
0.002173
0.021654
0.018632
0.008942
0.001218
-0.001064
-0.002135
-0.005731
-0.005363
-0.005660
-0.007742
-0.011412
-0.010689
-0.008780
-0.009654
-0.010105
-0.010141
-0.010315
-0.009580
-0.008491
-0.007141
-0.008596
-0.012859
-0.012119
-0.008751
-0.011605
-0.006775
-0.010583
-0.010192
-0.013370
-0.013661
-0.013436
-0.008390
0.000394
0.000767
0.000867
0.000527
0.000829
0.001090
0.000946
0.000969
0.001015
0.001135
0.001261
0.001351
0.001257
0.001500
0.001528
0.001680
0.001267
0.001135
0.001093
0.000858
0.000428
0.000339
0.000332
0.000226
0.000214
0.000140
0.000092
-0.000021
-0.000053
-0.000079
-0.000089
-0.000128
-0.000172
-0.000227
-0.000244
-0.000278
-0.000280
-0.000366
-0.000505
-0.000802
-0.001175
0.009181
0.014991
0.006114
-0.000484
-0.003537
-0.003676
-0.005926
-0.006002
-0.006251
-0.008173
-0.013617
-0.011355
-0.008493
-0.010454
-0.009509
-0.010696
-0.009501
-0.009116
-0.010386
-0.011408
-0.012434
-0.009340
-0.006931
-0.005464
-0.001470
-0.010080
-0.008430
-0.015675
-0.012033
-0.019316
-0.016889
-0.012201
-0.011716
-0.009327
0.000500
0.000793
0.001017
0.001050
0.001068
0.000964
0.001011
0.001292
0.001367
0.001385
0.001349
0.001416
0.001431
0.001250
0.001210
0.001214
0.000888
0.000911
0.000470
0.000396
0.000377
0.000359
0.000257
0.000180
0.000120
0.000012
-0.000059
-0.000092
-0.000101
-0.000133
-0.000169
-0.000174
-0.000228
-0.000216
-0.000398
-0.000477
-0.000498
-0.000597
-0.001635
-0.003719
0.008843
0.009915
-0.000307
-0.004678
-0.003177
-0.005473
-0.005630
-0.005519
-0.005517
-0.012630
-0.012571
-0.009640
-0.009802
-0.010079
-0.010393
-0.010324
-0.008969
-0.010196
-0.012904
-0.010929
-0.010784
-0.006382
-0.003561
-0.001171
-0.004483
-0.006641
-0.012380
-0.013839
-0.015276
-0.010197
-0.009615
-0.011561
-0.013233
-0.008181
0.000269
0.000591
0.000598
0.001175
0.000716
0.000883
0.001175
0.001141
0.000835
0.001087
0.001193
0.001133
0.001159
0.001140
0.001157
0.001009
0.000864
0.000480
0.000462
0.000445
0.000415
0.000464
0.000558
0.000510
0.000610
0.000811
-0.000097
-0.000083
-0.000140
-0.000103
-0.000298
-0.000297
-0.000283
-0.000399
-0.000494
-0.000536
-0.000594
-0.000608
-0.001404
0.000139
0.011960
0.002483
-0.002964
-0.004612
-0.004816
-0.006072
-0.005310
-0.004737
-0.008309
-0.011315
-0.011043
-0.009911
-0.009584
-0.008961
-0.010472
-0.010058
-0.010421
-0.011477
-0.010631
-0.010810
-0.007969
-0.004567
-0.002099
-0.001740
-0.003847
-0.009902
-0.016431
-0.013650
-0.007940
-0.009357
-0.010807
-0.012161
-0.011843
-0.009818
-0.006626
0.000339
0.000940
0.000769
0.000667
0.001099
0.000956
0.000526
0.000829
0.000884
0.001017
0.001214
0.001269
0.001279
0.001215
0.001137
0.000535
0.000594
0.000578
0.000406
0.000492
0.000600
0.000507
0.000574
0.000526
0.000559
0.000562
0.000759
-0.000137
-0.000252
-0.000337
-0.000334
-0.000315
-0.000370
-0.000441
-0.000446
-0.000483
0.000614
0.000681
0.000898
0.001821
0.001512
0.000634
0.000383
0.002839
-0.003539
-0.002445
-0.003349
-0.006902
-0.007604
-0.009052
-0.009968
-0.008863
-0.010308
-0.011688
-0.010898
-0.010481
-0.010662
-0.011108
-0.009828
-0.006727
-0.003252
-0.002512
-0.004152
-0.007196
-0.014036
-0.012496
-0.011019
-0.010076
-0.006966
-0.008025
-0.008001
-0.009820
-0.010217
-0.005567
-0.003684
-0.001214
0.001077
0.001294
0.001039
0.001050
0.001018
0.001039
0.001120
0.001236
0.001298
0.001396
0.001618
0.001524
0.000450
0.000588
0.000485
0.000511
0.000476
0.000546
0.000514
0.000462
0.000480
0.000538
0.000451
0.000572
0.000670
0.000705
0.000750
-0.000188
0.000520
0.000649
0.000563
0.000683
0.000528
0.000543
0.000590
0.000563
0.000665
0.000667
0.000676
0.000749
0.000547
0.001174
0.001306
-0.002066
-0.003917
-0.004117
-0.008935
-0.009164
-0.008332
-0.010401
-0.011462
-0.010385
-0.009382
-0.009945
-0.010029
-0.008997
-0.009908
-0.005384
-0.003701
-0.005592
-0.005287
-0.008676
-0.012306
-0.011660
-0.010006
-0.005701
-0.003957
-0.005501
-0.007012
-0.004470
-0.002459
-0.000705
0.000025
0.003624
0.000687
0.001247
0.001408
0.001157
0.001140
0.001186
0.001313
0.001418
0.001578
0.001713
0.001502
0.000552
0.000559
0.000504
0.000426
0.000366
0.000426
0.000493
0.000496
0.000524
0.000489
0.000557
0.000599
0.000543
0.000581
0.000633
0.000529
0.000589
0.000575
0.000571
0.000482
0.000390
0.000465
0.000535
0.000503
0.000619
0.000593
0.000494
0.000603
0.000550
0.000460
0.000683
0.000320
0.000438
0.000191
-0.000136
-0.000116
0.000221
-0.004494
-0.007138
-0.008508
-0.008423
-0.008395
-0.008195
-0.007662
-0.009443
-0.006101
-0.004346
-0.007560
-0.009981
-0.008383
-0.011620
-0.009809
-0.007496
-0.005616
-0.002099
-0.001015
-0.001739
0.000081
-0.000803
0.001591
-0.001063
0.002063
0.002056
0.001280
0.001228
0.001135
0.001386
0.001351
0.001249
0.001228
0.001345
0.001282
0.001150
0.000668
0.000617
0.000587
0.000449
0.000401
0.000486
0.000499
0.000455
0.000505
0.000521
0.000523
0.000565
0.000628
0.000637
0.000606
0.000613
0.000565
0.000538
0.000509
0.000421
0.000259
0.000499
0.000536
0.000529
0.000545
0.000573
0.000406
0.000371
0.000536
0.000509
0.000589
0.000681
0.000830
0.000541
0.000387
0.000723
0.001050
0.000663
0.000316
0.000367
0.000662
0.000682
0.000442
0.001059
-0.007893
-0.008465
-0.006081
-0.009361
-0.011819
-0.011694
-0.007655
-0.006989
-0.005025
-0.002184
-0.001077
-0.001484
-0.001335
0.002066
0.001308
0.001571
0.000993
0.001770
0.001340
0.001516
0.001544
0.001712
0.001633
0.001520
0.001141
0.001332
0.001325
0.001121
0.001118
0.000690
0.000668
0.000648
0.000568
0.000480
0.000492
0.000589
0.000692
0.000596
0.000454
0.000501
0.000519
0.000600
0.000661
0.000685
0.000606
0.000693
0.000589
0.000583
0.000462
0.000295
0.000464
0.000598
0.000547
0.000525
0.000571
0.000490
0.000070
0.000372
0.000504
0.000400
0.000444
0.000424
0.000379
0.000246
0.000706
0.000668
0.001116
0.001155
0.001184
0.001462
0.001496
0.001415
0.001632
0.001997
-0.008674
-0.008868
-0.010529
-0.011829
-0.012107
-0.011199
-0.003866
-0.001882
-0.000219
-0.000039
0.000081
0.001447
0.001887
0.001900
0.001764
0.001252
0.001381
0.001230
0.001196
0.001596
0.001794
0.001748
0.001565
0.001306
0.001419
0.001265
0.001316
0.000997
0.000668
0.000662
0.000670
0.000589
0.000569
0.000579
0.000633
0.000675
0.000660
0.000594
0.000464
0.000539
0.000545
0.000609
0.000656
0.000789
0.000734
0.000585
0.000633
0.000585
0.000401
0.000352
0.000538
0.000569
0.000576
0.000579
0.000473
0.000279
0.000374
0.000423
0.000346
0.000594
0.000565
0.000772
0.000651
0.000830
0.000832
0.000697
0.000581
0.000950
0.001182
0.001580
0.001647
0.001616
0.001508
0.002456
-0.007486
-0.008363
-0.011070
-0.012583
-0.012749
-0.009186
-0.005918
0.001287
0.002730
0.002723
0.002623
0.002428
0.001719
0.001337
0.001381
0.001215
0.001099
0.001063
0.001270
0.001754
0.001831
0.001662
0.001729
0.001636
0.001460
0.001019
0.000916
0.000734
0.000742
0.000721
0.000800
0.000710
0.000602
0.000698
0.000652
0.000646
0.000636
0.000679
0.000623
0.000674
0.000649
0.000613
0.000726
0.000685
0.000576
0.000660
0.000587
0.000395
0.000313
0.000493
0.000611
0.000670
0.000629
0.000371
0.000342
0.000436
0.000596
0.000572
0.000826
0.000855
0.000943
0.001243
0.000806
0.000643
0.000442
0.000430
0.000847
0.000903
0.001214
0.001612
0.001515
0.001559
0.001549
0.001329
-0.006242
-0.007404
-0.008781
-0.007777
-0.010285
-0.025240
-0.003535
0.002015
0.002747
0.003081
0.002348
0.001817
0.001513
0.001447
0.001243
0.001029
0.000930
0.001384
0.001608
0.001724
0.002072
0.001868
0.001604
0.000997
0.000889
0.000376
0.000657
0.000802
0.000757
0.000871
0.000733
0.000635
0.000678
0.000792
0.000688
0.000679
0.000724
0.000673
0.000731
0.000754
0.000706
0.000690
0.000669
0.000554
0.000685
0.000640
0.000471
0.000397
0.000431
0.000618
0.000667
0.000707
0.000642
0.000640
0.000762
0.000741
0.000718
0.000902
0.000979
0.001156
0.001180
0.000791
0.000568
0.000244
0.000265
0.000365
0.000754
0.001040
0.001434
0.001529
0.001476
0.001365
0.001152
0.000424
0.000289
-0.000347
-0.002077
-0.008573
-0.021647
-0.000281
0.001957
0.002727
0.002597
0.002153
0.001774
0.002102
0.002011
0.001319
0.000922
0.001077
0.001622
0.001587
0.001829
0.001915
0.001686
0.001589
0.001045
0.000841
0.000402
0.000665
0.000782
0.000853
0.000785
0.000689
0.000770
0.000529
0.000640
0.000730
0.000719
0.000671
0.000643
0.000758
0.000715
0.000759
0.000720
0.000660
0.000717
0.000525
0.000515
0.000488
0.000401
0.000416
0.000562
0.000675
0.000766
0.000844
0.000774
0.000971
0.000799
0.000882
0.000952
0.000981
0.000994
0.001179
0.000712
0.000414
0.000108
0.000287
0.000532
0.000448
0.000866
0.001184
0.001400
0.001491
0.001307
0.001276
0.001216
0.000991
0.000855
-0.000737
-0.007644
-0.003269
0.001392
0.001770
0.001802
0.002686
0.002287
0.002153
0.002212
0.001780
0.001466
0.001405
0.001338
0.001598
0.001471
0.001791
0.001795
0.001716
0.001822
0.001377
0.001453
0.000938
0.000712
0.000825
0.000913
0.000692
0.000688
0.000789
0.000624
0.000631
0.000789
0.000625
0.000588
0.000514
0.000645
0.000662
0.000692
0.000651
0.000691
0.000727
0.000648
0.000542
0.000530
0.000516
0.000462
0.000560
0.000642
0.000833
0.000734
0.000914
0.000903
0.000902
0.000966
0.000995
0.001078
0.001060
0.001159
0.000957
0.000782
0.000745
0.000648
0.000641
0.000465
0.000450
0.001288
0.001270
0.001323
0.001241
0.001348
0.001458
0.001107
0.001272
0.001446
0.000174
0.000769
0.001033
0.002196
0.002411
0.002665
0.002507
0.002292
0.002232
0.001845
0.001657
0.001888
0.001898
0.001838
0.001688
0.001739
0.001760
0.001831
0.002027
0.001817
0.001421
0.001344
0.000678
0.000758
0.000849
0.000649
0.000450
0.000391
0.000662
0.000598
0.000875
0.000654
0.000496
0.000422
0.000584
0.000601
0.000626
0.000666
0.000679
0.000736
0.000721
0.000579
0.000546
0.000480
0.000403
0.000567
0.000616
0.000658
0.000640
0.000830
0.000850
0.000843
0.000836
0.001004
0.001103
0.001129
0.001078
0.001029
0.000736
0.000629
0.000523
0.000638
0.000543
0.000402
0.000747
0.001009
0.001033
0.001200
0.001371
0.001452
0.001601
0.001599
0.002190
0.001293
0.001018
0.000491
0.001732
0.002689
0.002700
0.002636
0.002327
0.002235
0.001846
0.001931
0.001842
0.001955
0.001961
0.001747
0.001324
0.001648
0.001908
0.002062
0.001987
0.001391
0.001617
0.000707
0.000705
0.000756
0.000957
0.000395
0.000376
0.000418
0.000630
0.000816
0.000732
0.000602
0.000545
0.000586
0.000595
0.000665
0.000636
0.000704
0.000703
0.000755
0.000662
0.000635
0.000601
0.000644
0.000408
0.000662
0.000607
0.000900
0.000946
0.000930
0.001015
0.001054
0.001073
0.001083
0.001068
0.000741
0.000824
0.000508
0.000585
0.000767
0.000849
0.000953
0.000308
0.000526
0.000946
0.001085
0.001440
0.001337
0.001471
0.001433
0.001399
0.002237
0.002655
0.002228
-0.000155
0.000045
0.002502
0.002417
0.002245
0.002356
0.002229
0.001959
0.002201
0.002140
0.002032
0.001852
0.001685
0.001226
0.001679
0.002026
0.002095
0.001864
0.001572
0.001361
