-0.000116
-0.000083
-0.000079
0.000632
-0.000108
-0.000114
-0.000084
0.000438
-0.000025
0.000029
0.000018
-0.000603
-0.000062
-0.000117
-0.000114
-0.000079
-0.000051
-0.000068
-0.000076
-0.000059
-0.000039
-0.000037
-0.000067
-0.000057
0.000001
-0.000038
0.000284
-0.000078
-0.000379
-0.000130
-0.000072
-0.000093
-0.000080
-0.000079
-0.000107
-0.000111
-0.000103
-0.000087
-0.000084
-0.000055
-0.000038
-0.000013
-0.000026
-0.000051
-0.000075
-0.000074
-0.000078
-0.000058
-0.000070
-0.000081
-0.000045
-0.000040
-0.000055
-0.000081
-0.000091
-0.000101
-0.000096
-0.000082
-0.000064
-0.000071
-0.000097
-0.000147
-0.000067
-0.000060
-0.000078
-0.000054
-0.001158
-0.000066
-0.000053
-0.000073
0.000061
-0.000062
0.000195
-0.000076
-0.000070
-0.000051
-0.000054
-0.000074
-0.000065
-0.000063
-0.000065
-0.000058
-0.000053
-0.000066
-0.000063
-0.000060
-0.000076
-0.000053
-0.000058
-0.000023
-0.000051
-0.000055
-0.000067
-0.000075
-0.000087
-0.000034
0.000281
0.001646
0.000239
-0.000023
-0.000677
-0.000321
-0.000097
-0.000080
-0.000093
-0.000091
-0.000097
-0.000114
-0.000127
-0.000122
-0.000117
-0.000125
-0.000074
-0.000097
-0.000065
-0.000060
-0.000077
-0.000088
-0.000084
-0.000079
-0.000073
-0.000078
-0.000073
-0.000064
-0.000067
-0.000073
-0.000080
-0.000069
-0.000092
-0.000084
-0.000075
-0.000081
-0.000085
-0.000081
-0.000093
-0.000056
-0.000069
-0.000059
-0.000078
-0.000085
-0.000066
-0.000074
-0.000074
-0.000070
-0.000064
-0.000070
-0.000079
-0.000076
-0.000071
-0.000058
-0.000073
-0.000056
-0.000043
-0.000059
-0.000050
-0.000038
-0.000057
-0.000064
-0.000081
-0.000071
-0.000068
-0.000043
-0.000044
-0.000051
-0.000068
-0.000079
-0.000093
-0.000088
-0.000038
0.001459
0.000837
0.000005
-0.000109
-0.000563
-0.000235
-0.000071
-0.000067
-0.000086
-0.000080
-0.000075
-0.000098
-0.000102
-0.000125
-0.000136
-0.000094
-0.000071
-0.000087
-0.000068
-0.000086
-0.000072
-0.000091
-0.000100
-0.000080
-0.000063
-0.000066
-0.000077
-0.000081
-0.000068
-0.000074
-0.000089
-0.000072
-0.000092
-0.000084
-0.000063
-0.000071
-0.000069
-0.000058
-0.000086
-0.000058
-0.000056
-0.000063
-0.000067
-0.000071
-0.000051
-0.000073
-0.000076
-0.000085
-0.000072
-0.000101
-0.000081
-0.000073
-0.000063
-0.000056
-0.000062
-0.000053
-0.000017
-0.000046
-0.000045
-0.000044
-0.000057
-0.000062
-0.000057
-0.000040
-0.000043
-0.000059
-0.000055
-0.000065
-0.000052
-0.000068
-0.000087
-0.000045
0.000331
0.000873
0.000276
-0.000029
-0.000089
-0.000248
-0.000769
-0.000142
-0.000073
-0.000094
-0.000101
-0.000079
-0.000093
-0.000107
-0.000118
-0.000135
-0.000088
-0.000079
-0.000087
-0.000081
-0.000084
-0.000071
-0.000087
-0.000088
-0.000086
-0.000076
-0.000069
-0.000076
-0.000076
-0.000082
-0.000087
-0.000085
-0.000072
-0.000059
-0.000059
-0.000049
-0.000055
-0.000068
-0.000063
-0.000062
-0.000075
-0.000059
-0.000061
-0.000068
-0.000080
-0.000073
-0.000070
-0.000058
-0.000076
-0.000071
-0.000104
-0.000074
-0.000082
-0.000069
-0.000059
-0.000053
-0.000043
-0.000050
-0.000058
-0.000044
-0.000055
-0.000063
-0.000058
-0.000046
-0.000051
-0.000053
-0.000042
-0.000059
-0.000083
-0.000057
-0.000070
-0.000069
-0.000071
-0.000050
-0.000027
0.000311
0.000596
-0.000096
-0.000274
-0.000890
-0.000158
-0.000113
-0.000096
-0.000088
-0.000084
-0.000099
-0.000130
-0.000135
-0.000116
-0.000081
-0.000097
-0.000063
-0.000115
-0.000104
-0.000094
-0.000081
-0.000073
-0.000075
-0.000073
-0.000059
-0.000076
-0.000073
-0.000080
-0.000072
-0.000063
-0.000075
-0.000060
-0.000062
-0.000052
-0.000049
-0.000061
-0.000056
-0.000073
-0.000073
-0.000070
-0.000067
-0.000061
-0.000076
-0.000065
-0.000063
-0.000060
-0.000072
-0.000075
-0.002169
-0.000078
-0.000076
-0.000061
-0.000055
-0.000041
-0.000036
-0.000039
-0.000049
-0.000053
-0.000059
-0.000051
-0.000031
-0.000053
-0.000050
-0.000066
-0.000049
-0.000064
-0.000064
-0.000068
-0.000080
-0.000083
-0.000095
-0.000049
0.000413
-0.000168
0.000120
-0.000061
-0.000372
-0.001294
-0.000691
-0.000162
-0.000125
-0.000112
-0.000098
-0.000126
-0.000140
-0.000126
-0.000129
-0.000115
-0.000081
-0.000100
-0.000078
-0.000106
-0.000096
-0.000087
-0.000091
-0.000074
-0.000051
-0.000051
-0.000066
-0.000074
-0.000058
-0.000060
-0.000063
-0.000055
-0.000050
-0.000050
-0.000047
-0.000051
-0.000060
-0.000067
-0.000070
-0.000079
-0.000080
-0.000075
-0.000080
-0.000069
-0.000057
-0.000049
-0.000064
-0.000063
-0.000062
-0.000082
-0.000093
-0.000072
-0.000054
-0.000053
-0.000050
-0.000040
-0.000053
-0.000044
-0.000053
-0.000023
-0.000024
-0.000000
-0.000036
-0.000049
-0.000075
-0.000062
-0.000060
-0.000070
-0.000093
-0.000073
-0.000089
-0.000102
-0.000098
-0.000079
0.000140
0.001149
0.000316
-0.000426
-0.002819
-0.000519
-0.000152
-0.000118
-0.000114
-0.000111
-0.000137
-0.000121
-0.000144
-0.000109
-0.000071
-0.000065
-0.000085
-0.000121
-0.000104
-0.000083
-0.000079
-0.000094
-0.000072
-0.000065
-0.000096
-0.000276
-0.000293
-0.000304
-0.000091
-0.000056
-0.000050
-0.000048
-0.000054
-0.000050
-0.000066
-0.000070
-0.000089
-0.000058
-0.000078
-0.000070
-0.000076
-0.000072
-0.000062
-0.000064
-0.000059
-0.000049
-0.000071
-0.000074
-0.000099
-0.000080
-0.000072
-0.000066
-0.000061
-0.000052
-0.000053
-0.000060
-0.000071
-0.000043
-0.000032
-0.000040
-0.000032
-0.000023
-0.000024
-0.000057
-0.000054
-0.000056
-0.000082
-0.000088
-0.000094
-0.000094
-0.000101
-0.000120
-0.000114
-0.000067
-0.000009
0.000129
-0.000427
-0.000176
-0.000114
-0.000084
-0.000123
-0.000136
-0.000101
-0.000117
-0.000122
-0.000115
-0.000095
-0.000089
-0.000076
-0.000096
-0.000089
-0.000078
-0.000078
-0.000085
-0.000059
-0.000060
-0.000080
-0.000394
-0.000101
-0.000460
-0.000567
-0.000426
-0.000069
-0.000047
-0.000051
-0.000059
-0.000053
-0.000058
-0.000067
-0.000085
-0.000091
-0.000080
-0.000084
-0.000069
-0.000077
-0.000066
-0.000065
-0.000033
-0.000054
-0.000066
-0.000103
-0.000110
-0.000056
-0.000072
-0.000067
-0.000067
-0.000068
-0.000078
-0.000066
-0.000072
-0.000060
-0.000026
-0.000015
-0.000028
-0.000043
-0.000027
-0.000039
-0.000044
-0.000067
-0.000079
-0.000065
-0.000079
-0.000094
-0.000089
-0.000094
-0.000115
-0.000103
-0.000085
-0.000056
-0.000096
-0.000127
-0.000159
-0.000173
-0.000107
-0.000110
-0.000101
-0.000106
-0.000096
-0.000097
-0.000091
-0.000085
-0.000082
-0.000078
-0.000074
-0.000083
-0.000082
-0.000088
-0.000067
-0.000063
-0.000074
-0.000224
0.000033
0.000088
0.000667
0.000373
-0.000013
-0.000047
-0.000064
-0.000064
-0.000061
-0.000054
-0.000088
-0.000094
-0.000076
-0.000078
-0.000077
-0.000060
-0.000066
-0.000056
-0.000060
-0.000061
-0.000052
-0.000064
-0.000067
0.001326
-0.000077
-0.000066
-0.000065
-0.000066
-0.000069
-0.000079
-0.000089
-0.000066
-0.000040
-0.000027
-0.000034
-0.000028
-0.000028
-0.000044
-0.000062
-0.000040
-0.000077
-0.000091
-0.000082
-0.000077
-0.000100
-0.000081
-0.000083
-0.000093
-0.000114
-0.000079
-0.000085
-0.000105
-0.000438
-0.003028
-0.003128
-0.000633
-0.000256
-0.000124
-0.000100
-0.000088
-0.000094
-0.000090
-0.000092
-0.000099
-0.000085
-0.000103
-0.000088
-0.000100
-0.000084
-0.000070
-0.000057
-0.000055
-0.000078
-0.000098
-0.000374
0.000654
0.000993
-0.000002
-0.000065
-0.000057
-0.000070
-0.000043
-0.000060
-0.000063
-0.000071
-0.000086
-0.000064
-0.000079
-0.000071
-0.000071
-0.000075
-0.000065
-0.000098
-0.000077
-0.000077
-0.000075
-0.000150
-0.000073
-0.000076
-0.000078
-0.000076
-0.000086
-0.000078
-0.000072
-0.000053
-0.000032
-0.000012
-0.000022
-0.000046
-0.000046
-0.000042
-0.000053
-0.000056
-0.000088
-0.000069
-0.000064
-0.000081
-0.000086
-0.000068
-0.000109
-0.000107
-0.000106
-0.000091
-0.000127
-0.000726
-0.001982
-0.002771
-0.006877
-0.007874
-0.006097
-0.001277
-0.000405
-0.000159
-0.000094
-0.000093
-0.000088
-0.000094
-0.000109
-0.000117
-0.000119
-0.000080
-0.000088
-0.000083
-0.000081
-0.000067
-0.000085
-0.000109
-0.000092
-0.000037
-0.000033
-0.000039
-0.000056
-0.000055
-0.000054
-0.000058
-0.000059
-0.000069
-0.000082
-0.000075
-0.000068
-0.000066
-0.000086
-0.000080
-0.000078
-0.000083
-0.000084
-0.000095
-0.000075
-0.000079
-0.000126
-0.000071
-0.000074
-0.000075
-0.000074
-0.000074
-0.000092
-0.000054
-0.000046
-0.000048
-0.000030
-0.000021
-0.000023
-0.000052
-0.000057
-0.000042
-0.000074
-0.000095
-0.000077
-0.000059
-0.000081
-0.000115
-0.000074
-0.000095
-0.000142
-0.000107
-0.000137
-0.000471
-0.001952
-0.002134
-0.002078
-0.008159
-0.005462
-0.012771
-0.004200
-0.002748
-0.000411
-0.000095
-0.000073
-0.000087
-0.000110
-0.000105
-0.000098
-0.000092
-0.000100
-0.000101
-0.000077
-0.000082
-0.000073
-0.000061
-0.000040
-0.000071
-0.000057
-0.000059
-0.000049
-0.000055
-0.000056
-0.000068
-0.000069
-0.000047
-0.000050
-0.000068
-0.000072
-0.000067
-0.000060
-0.000061
-0.000081
-0.000101
-0.000085
-0.000077
-0.000081
-0.000081
-0.000100
-0.000128
-0.000060
-0.000077
-0.000074
-0.000059
-0.000068
-0.000083
-0.000057
-0.000051
-0.000057
-0.000039
-0.000022
-0.000046
-0.000056
-0.000049
-0.000071
-0.000084
-0.000090
-0.000072
-0.000070
-0.000066
-0.000072
-0.000110
-0.000265
-0.000999
-0.002200
-0.004824
-0.007286
-0.006433
-0.001698
-0.001453
-0.007028
-0.004696
-0.012713
-0.006643
-0.006671
-0.000549
-0.000101
-0.000075
-0.000088
-0.000093
-0.000097
-0.000065
-0.000110
-0.000120
-0.000091
-0.000084
-0.000078
-0.000090
-0.000067
-0.000082
-0.000073
-0.000066
-0.000064
-0.000077
-0.000068
-0.000068
-0.000074
-0.000082
-0.000055
-0.000052
-0.000063
-0.000077
-0.000073
-0.000062
-0.000075
-0.000105
-0.000076
-0.000074
-0.000074
-0.000079
-0.000106
-0.000085
0.000725
-0.000065
-0.000077
-0.000084
-0.000069
-0.000066
-0.000070
-0.000064
-0.000057
-0.000058
-0.000042
-0.000029
-0.000038
-0.000033
-0.000062
-0.000063
-0.000045
-0.000072
-0.000050
-0.000057
-0.000063
-0.000048
-0.000237
-0.002340
-0.004457
-0.004123
-0.008425
-0.009021
-0.008705
-0.009172
-0.006235
-0.006532
-0.005073
-0.005886
-0.005615
-0.000949
-0.000130
-0.000090
-0.000076
-0.000097
-0.000092
-0.000068
-0.000104
-0.000102
-0.000078
-0.000110
-0.000086
-0.000089
-0.000072
-0.000065
-0.000064
-0.000060
-0.000057
-0.000081
-0.000060
-0.000057
-0.000055
-0.000075
-0.000082
-0.000078
-0.000056
-0.000065
-0.000071
-0.000109
-0.000105
-0.000104
-0.000111
-0.000085
-0.000080
-0.000096
-0.000113
-0.000084
-0.000082
-0.000106
-0.000079
-0.000062
-0.000077
-0.000074
-0.000079
-0.000060
-0.000065
-0.000056
-0.000059
-0.000055
-0.000036
-0.000039
-0.000047
-0.000027
-0.000032
-0.000032
-0.000045
-0.000039
-0.000034
-0.000050
-0.000068
-0.001068
-0.004415
-0.011918
-0.011991
-0.004628
-0.004252
-0.005287
-0.008775
-0.007184
-0.013284
-0.007065
-0.005299
-0.003438
-0.000441
-0.000088
-0.000074
-0.000094
-0.000101
-0.000110
-0.000071
-0.000099
-0.000087
-0.000070
-0.000101
-0.000085
-0.000084
-0.000082
-0.000082
-0.000073
-0.000063
-0.000068
-0.000085
-0.000075
-0.000077
-0.000069
-0.000082
-0.000075
-0.000080
-0.000066
-0.000068
-0.000069
-0.000076
-0.000096
-0.000081
-0.000094
-0.000079
-0.000073
-0.000075
-0.000077
-0.000119
-0.000109
-0.000099
-0.000074
-0.000079
-0.000080
-0.000084
-0.000078
-0.000056
-0.000039
-0.000048
-0.000045
-0.000057
-0.000042
-0.000040
-0.000053
-0.000043
-0.000027
-0.000034
-0.000037
-0.000035
-0.000038
-0.000148
-0.001175
-0.003237
-0.002292
-0.006618
-0.007626
-0.010179
-0.005499
-0.006304
-0.006784
-0.006754
-0.006759
-0.006390
-0.004317
-0.000627
-0.000086
-0.000075
-0.000078
-0.000088
-0.000078
-0.000096
-0.000088
-0.000073
-0.000077
-0.000065
-0.000105
-0.000092
-0.000101
-0.000102
-0.000078
-0.000073
-0.000054
-0.000053
-0.000068
-0.000071
-0.000078
-0.000082
-0.000072
-0.000061
-0.000059
-0.000059
-0.000064
-0.000061
-0.000063
-0.000081
-0.000104
-0.000096
-0.000085
-0.000042
-0.000075
-0.000106
-0.000106
-0.000093
-0.000067
-0.000080
-0.000056
-0.000076
-0.000080
-0.000061
-0.000043
-0.000056
-0.000079
-0.000037
-0.000048
-0.000035
-0.000041
-0.000042
-0.000047
-0.000040
-0.000028
-0.000083
-0.000117
-0.000135
-0.000440
-0.006114
-0.001395
-0.002476
-0.002752
-0.005606
-0.006253
-0.004151
-0.001763
-0.005173
-0.008310
-0.001197
-0.006612
-0.003673
-0.000350
-0.000056
-0.000075
-0.000067
-0.000057
-0.000075
-0.000084
-0.000073
-0.000079
-0.000088
-0.000112
-0.000077
-0.000087
-0.000093
-0.000104
-0.000088
-0.000057
-0.000067
-0.000061
-0.000045
-0.000060
-0.000081
-0.000082
-0.000058
-0.000056
-0.000071
-0.000067
-0.000071
-0.000071
-0.000072
-0.000117
-0.000134
-0.000094
-0.000082
-0.000068
-0.000081
-0.000078
-0.000093
-0.000100
-0.001100
-0.000063
-0.000063
-0.000072
-0.000068
-0.000049
-0.000032
-0.000050
-0.000052
-0.000050
-0.000044
-0.000045
-0.000023
-0.000033
-0.000028
0.000046
0.000152
-0.000045
-0.000049
-0.000054
-0.000094
0.000099
-0.000118
-0.000452
-0.001038
-0.002671
-0.001895
-0.000500
0.000133
-0.000019
-0.000116
-0.000105
-0.000312
-0.003215
-0.000341
0.000044
0.000081
0.000021
-0.000056
-0.000060
-0.000080
-0.000090
-0.000081
-0.000086
-0.000107
-0.000108
-0.000104
-0.000082
-0.000079
-0.000092
-0.000057
-0.000065
-0.000053
-0.000025
-0.000054
-0.000063
-0.000072
-0.000059
-0.000072
-0.000056
-0.000059
-0.000090
-0.000082
-0.000078
-0.000079
-0.000079
-0.000091
-0.000076
-0.000085
-0.000083
-0.000098
-0.000112
-0.000104
-0.000071
-0.000054
-0.000080
-0.000072
-0.000044
-0.000039
-0.000044
-0.000057
-0.000047
-0.000047
-0.000057
-0.000035
-0.000041
-0.000032
0.000155
-0.000167
-0.000259
-0.000066
-0.000047
-0.000040
0.000024
0.000135
-0.000015
-0.000106
-0.000334
-0.001208
-0.001088
-0.000288
0.001156
0.000641
0.000634
0.000107
-0.000046
-0.001063
0.000238
0.001511
0.001877
0.001626
0.000329
0.000204
0.000048
-0.000068
-0.000079
-0.000088
-0.000086
-0.000089
-0.000073
-0.000086
-0.000075
-0.000079
-0.000090
-0.000075
-0.000067
-0.000063
-0.000068
-0.000063
-0.000071
-0.000066
-0.000060
-0.000055
-0.000077
-0.000066
-0.000072
-0.000057
-0.000073
-0.000098
-0.000106
-0.000102
-0.000091
-0.000106
-0.000128
-0.000124
-0.000094
-0.000087
-0.000042
-0.000079
-0.000065
-0.000040
-0.000032
-0.000045
-0.000031
-0.000030
-0.000017
-0.000029
-0.000030
-0.000026
0.000086
0.001321
0.001959
-0.000607
-0.000090
-0.000074
0.000042
0.000047
0.000075
0.000010
-0.000046
-0.000205
-0.000343
0.001792
0.002482
0.001169
0.001281
0.001002
0.001179
0.001392
0.000774
0.001289
0.002753
0.003873
0.004145
0.003167
0.002412
0.002191
0.000102
-0.000065
-0.000068
-0.000074
-0.000070
-0.000074
-0.000062
-0.000060
-0.000083
-0.000070
-0.000068
-0.000069
-0.000058
-0.000062
-0.000064
-0.000072
-0.000062
-0.000057
-0.000043
-0.000052
-0.000051
-0.000068
-0.000082
-0.000073
-0.000087
-0.000083
-0.000102
-0.000091
-0.000112
-0.000131
-0.000115
-0.000096
-0.000093
-0.000059
-0.000067
-0.000056
-0.000043
-0.000025
-0.000032
-0.000044
-0.000025
-0.000014
-0.000013
-0.000015
-0.000107
0.000266
0.003924
0.009591
-0.000982
-0.000276
-0.000006
0.000054
0.000056
0.000062
0.000026
-0.000017
-0.000074
-0.000689
0.000637
0.002815
0.002499
0.001240
0.001105
0.000961
0.001324
0.000941
0.000773
0.001461
0.004780
0.003991
0.004007
0.003374
0.003123
0.001168
0.000037
0.000008
-0.000048
-0.000059
-0.000063
-0.000057
-0.000077
-0.000078
-0.000067
-0.000062
-0.000078
-0.000062
-0.000063
-0.000074
-0.000073
-0.000089
-0.000083
-0.000050
-0.000042
-0.000045
-0.000056
-0.000089
-0.000085
-0.000092
-0.000069
-0.000084
-0.000087
-0.000100
-0.000107
-0.000109
-0.000081
-0.000596
-0.000047
-0.000059
-0.000052
-0.000039
-0.000038
-0.000033
-0.000040
-0.000030
-0.000024
-0.000016
-0.000035
-0.000001
-0.000001
0.000464
0.004195
0.005245
-0.000512
-0.000193
0.000037
0.000064
0.000074
0.000061
-0.000780
-0.001926
-0.002375
-0.000975
0.000342
0.002636
0.001046
0.000548
0.001674
0.003091
0.002323
0.001389
0.001370
0.003800
0.005044
0.003963
0.003728
0.002501
0.000508
0.001010
0.001024
-0.000013
-0.000109
-0.000052
-0.000052
-0.000064
-0.000062
-0.000070
-0.000058
-0.000080
-0.000076
-0.000096
-0.000092
-0.000088
-0.000090
-0.000071
-0.000056
-0.000045
-0.000048
-0.000088
-0.000081
-0.000085
-0.000103
-0.000073
-0.000100
-0.000104
-0.000113
-0.000111
-0.000090
-0.000082
-0.000142
-0.000051
-0.000035
-0.000038
-0.000033
-0.000029
-0.000026
-0.000026
-0.000017
-0.000018
-0.000018
-0.000015
-0.000005
-0.000009
0.000017
0.000945
0.003996
0.001574
-0.001001
-0.000040
-0.000019
0.000010
-0.003616
-0.003354
-0.002517
-0.000463
-0.000721
-0.000466
0.000572
0.000064
0.000271
0.002802
0.005886
0.003941
0.002142
0.001948
0.004657
0.006712
0.004590
0.003541
0.000869
-0.003121
0.000456
0.000773
0.000514
-0.001606
-0.000054
-0.000045
-0.000058
-0.000060
-0.000072
-0.000067
-0.000074
-0.000070
-0.000093
-0.000089
-0.000102
-0.000091
-0.000070
-0.000063
-0.000076
-0.000103
-0.000104
-0.000100
-0.000100
-0.000110
-0.000115
-0.000099
-0.000117
-0.000118
-0.000100
-0.000108
-0.000107
-0.000187
-0.000028
-0.000025
-0.000030
-0.000033
-0.000031
-0.000024
-0.000013
-0.000012
-0.000021
-0.000023
-0.000015
-0.000012
-0.000010
-0.000023
0.000118
0.001904
0.003194
0.000932
-0.000953
-0.000208
-0.001092
-0.001866
-0.000768
0.000110
0.000434
0.000482
0.000751
0.000847
0.000412
0.000398
0.000787
0.001523
0.002248
0.001246
0.001048
0.002247
0.005565
0.002864
-0.000259
-0.006287
-0.001790
-0.000725
-0.000512
-0.001238
-0.000683
0.000025
-0.000098
-0.000042
-0.000050
-0.000060
-0.000054
-0.000063
-0.000069
-0.000066
-0.000090
-0.000081
-0.000082
-0.000089
-0.000111
-0.000118
-0.000113
-0.000093
-0.000088
-0.000084
-0.000095
-0.000088
-0.000116
-0.000107
-0.000111
-0.000120
-0.000105
-0.000116
-0.000180
-0.000034
-0.000028
-0.000039
-0.000025
-0.000026
-0.000019
-0.000018
-0.000016
-0.000022
-0.000027
-0.000010
-0.000001
-0.000009
-0.000013
-0.000008
0.000245
0.001510
0.003650
0.001048
0.000061
-0.000477
-0.002031
-0.001707
0.000066
0.000544
0.000506
0.000835
0.001235
0.000912
0.001302
0.001972
0.001168
0.000725
0.000634
0.001409
0.001513
0.001803
-0.001676
-0.008763
-0.003507
-0.000289
-0.000125
-0.000031
0.000025
0.000411
0.000271
-0.000131
0.000008
-0.000034
-0.000049
-0.000045
-0.000069
-0.000091
-0.000074
-0.000061
-0.000082
-0.000091
-0.000102
-0.000115
-0.000096
-0.000118
-0.000117
-0.000091
-0.000085
-0.000092
-0.000114
-0.000100
-0.000109
-0.000114
-0.000103
-0.000108
-0.000124
-0.000146
-0.000023
-0.000022
-0.000014
-0.000025
-0.000026
-0.000025
-0.000031
-0.000026
-0.000021
-0.000020
-0.000014
-0.000000
-0.000005
-0.000004
-0.000001
0.000038
0.000142
0.000242
0.000223
0.001232
0.001763
0.000786
0.002286
-0.000178
0.000353
0.000941
0.001347
0.001427
0.000907
0.001095
0.001550
0.000571
0.000514
0.001534
0.002674
0.001515
-0.001079
-0.007052
-0.004728
-0.000300
0.000331
0.000305
0.000487
0.001084
0.000452
-0.000432
0.000868
0.000110
0.000245
-0.000167
-0.000039
-0.000025
-0.000062
-0.000085
-0.000072
-0.000080
-0.000099
-0.000118
-0.000101
-0.000095
-0.000105
-0.000106
-0.000112
-0.000109
-0.000101
-0.000104
-0.000092
-0.000114
-0.000124
-0.000108
-0.000079
-0.000127
-0.000136
-0.000023
-0.000018
-0.000016
-0.000018
-0.000026
-0.000024
-0.000027
-0.000025
-0.000021
-0.000019
-0.000011
-0.000002
-0.000005
-0.000009
-0.000021
-0.000019
-0.000009
-0.000002
0.000006
0.000086
0.000718
0.000737
0.000314
-0.001129
-0.000983
-0.000662
0.000026
0.001363
0.000507
0.000874
0.000527
-0.008281
-0.004954
0.001547
0.001238
-0.000652
0.001394
0.000749
-0.000074
-0.000206
-0.001066
-0.000274
0.000752
0.000750
-0.000496
-0.000366
-0.000502
-0.000848
-0.002179
-0.000846
-0.000150
-0.000025
-0.000066
-0.000082
-0.000093
-0.000099
-0.000119
-0.000121
-0.000123
-0.000118
-0.000118
-0.000116
-0.000125
-0.000105
-0.000095
-0.000106
-0.000111
-0.000116
-0.000116
-0.000095
-0.000091
-0.000118
-0.000171
-0.000022
-0.000012
-0.000008
-0.000018
-0.000026
-0.000026
-0.000022
-0.000023
-0.000025
-0.000023
-0.000020
-0.000008
-0.000000
-0.000006
-0.000004
-0.000005
0.000002
0.000006
0.000009
0.000014
0.000044
0.000171
0.000291
0.001641
0.002997
0.008375
0.003047
-0.000951
-0.002540
-0.005824
-0.008432
-0.009470
-0.009055
-0.006394
-0.004460
-0.004127
0.000902
0.000155
0.000415
-0.000035
-0.001496
-0.001548
-0.001885
-0.001423
-0.000184
-0.001244
-0.001479
-0.001159
-0.003042
-0.003249
-0.000726
-0.000055
-0.000063
-0.000083
-0.000102
-0.000099
-0.000133
-0.000126
-0.000122
-0.000122
-0.000101
-0.000107
-0.000110
-0.000106
-0.000109
-0.000138
-0.000121
-0.000129
-0.000126
-0.000124
-0.000118
-0.000138
-0.000135
-0.000019
-0.000009
-0.000017
-0.000016
-0.000025
-0.000026
-0.000026
-0.000026
-0.000021
-0.000018
-0.000019
-0.000011
0.000001
0.000001
0.000002
0.000003
0.000015
0.000013
0.000010
0.000002
-0.000014
0.001919
0.002366
0.002372
0.001764
0.007931
0.007307
0.001065
-0.002268
-0.006295
-0.009320
-0.009511
-0.009369
-0.008138
-0.005493
-0.005061
-0.004839
0.000955
0.001214
-0.000093
-0.000815
-0.001819
-0.002534
-0.003383
-0.003061
-0.000705
-0.001684
-0.000910
-0.001663
-0.003637
-0.002770
-0.000132
-0.000062
-0.000096
-0.000091
-0.000132
-0.000130
-0.000115
-0.000109
-0.000112
-0.000082
-0.000101
-0.000113
-0.000114
-0.000110
-0.000105
-0.000114
-0.000148
-0.000126
-0.000129
-0.000145
-0.000128
-0.000090
-0.000019
-0.000023
-0.000021
-0.000025
-0.000024
-0.000030
-0.000029
-0.000025
-0.000024
-0.000019
-0.000018
-0.000015
-0.000013
-0.000005
0.000002
0.000003
0.000012
0.000002
-0.000001
0.000007
0.000807
0.001845
0.002025
0.001493
0.002342
0.002226
0.008975
0.006147
-0.000867
-0.004599
-0.008294
-0.010386
-0.010099
-0.008716
-0.005796
-0.004762
-0.006007
-0.006232
-0.004087
0.000179
-0.000976
-0.001420
-0.003014
-0.003797
-0.002907
-0.003210
-0.001820
-0.002492
-0.002389
-0.003486
-0.004534
-0.001987
-0.000206
-0.000085
-0.000071
-0.000064
-0.000107
-0.000115
-0.000105
-0.000098
-0.000091
-0.000124
-0.000122
-0.000122
-0.000090
-0.000084
-0.000111
-0.000129
-0.000129
-0.000112
-0.000106
-0.000108
-0.000067
-0.000024
-0.000022
-0.000029
-0.000023
-0.000019
-0.000024
-0.000025
-0.000022
-0.000023
-0.000015
-0.000013
-0.000011
-0.000006
-0.000003
-0.000004
0.000000
-0.000002
0.000001
0.000163
0.000188
0.000570
0.001743
0.002259
0.001344
0.001517
0.000922
0.005112
0.007611
0.002286
-0.002230
-0.006740
-0.009867
-0.008327
-0.006889
-0.004451
-0.004723
-0.005114
-0.005669
-0.004900
-0.004769
-0.002827
-0.000907
-0.001627
-0.001518
-0.001232
-0.002250
-0.000797
-0.001867
-0.002730
-0.004495
-0.003697
-0.001895
-0.001269
-0.000173
-0.000025
-0.000074
-0.000110
-0.000096
-0.000132
-0.000120
-0.000129
-0.000133
-0.000117
-0.000121
-0.000107
-0.000098
-0.000118
-0.000106
-0.000101
-0.000099
-0.000105
-0.000108
-0.000062
-0.000030
-0.000022
-0.000026
-0.000018
-0.000019
-0.000026
-0.000021
-0.000014
-0.000018
-0.000015
-0.000016
-0.000007
-0.000004
-0.000005
0.000002
-0.000004
0.000020
0.000219
0.000185
0.000253
0.000251
0.001186
0.001323
0.001505
0.001799
0.002197
0.003223
0.004201
0.002357
-0.001696
-0.007209
-0.009792
-0.003059
-0.003463
-0.003575
-0.003466
-0.004146
-0.005260
-0.005131
-0.006211
-0.005836
-0.003052
-0.003844
-0.004230
-0.002412
0.001083
-0.003783
-0.002421
-0.003006
-0.003746
-0.002175
-0.002160
-0.001822
-0.002244
-0.001376
-0.000096
-0.000088
-0.000099
-0.000111
-0.000132
-0.000164
-0.000141
-0.000123
-0.000133
-0.000131
-0.000100
-0.000094
-0.000096
-0.000123
-0.000115
-0.000089
-0.000102
-0.000078
-0.000038
-0.000025
-0.000020
-0.000023
-0.000016
-0.000018
-0.000016
-0.000011
-0.000016
-0.000018
-0.000017
-0.000013
-0.000014
-0.000022
0.000026
0.000047
0.000233
0.000243
0.000211
0.000248
0.000226
0.000414
0.000782
0.001281
0.001388
0.001384
0.002385
0.002626
0.003428
-0.001577
-0.007521
-0.011225
-0.009484
-0.005799
-0.002996
-0.002807
-0.003396
-0.006108
-0.005867
-0.005947
-0.005992
-0.005875
-0.006491
-0.006837
-0.006373
-0.002358
-0.000645
-0.003087
-0.003558
-0.002279
-0.001713
-0.001868
-0.002149
-0.002311
-0.002091
-0.001395
-0.000175
-0.000120
-0.000118
-0.000137
-0.000146
-0.000135
-0.000125
-0.000103
-0.000132
-0.000101
-0.000084
-0.000100
-0.000087
-0.000104
-0.000107
-0.000095
-0.000101
-0.000036
-0.000026
-0.000016
-0.000015
-0.000022
-0.000028
-0.000030
-0.000028
-0.000079
-0.000008
-0.000004
-0.000010
0.000022
0.000075
0.000242
0.000233
0.000241
0.000245
0.000265
0.000222
0.000193
0.000065
0.000176
0.000731
0.000915
0.000894
0.001307
0.001845
0.003144
-0.004077
-0.007102
-0.010877
-0.010727
-0.006317
-0.003299
-0.002569
-0.003642
-0.006151
-0.005190
-0.005867
-0.006617
-0.007040
-0.008150
-0.007992
-0.006524
-0.005006
-0.003504
-0.000525
-0.002216
-0.001800
-0.002315
-0.001617
-0.001755
-0.002464
-0.002220
-0.002097
-0.001946
-0.001467
-0.000241
-0.000144
-0.000120
-0.000123
-0.000120
-0.000114
-0.000089
-0.000089
-0.000056
-0.000070
-0.000071
-0.000112
-0.000116
-0.000115
-0.000089
-0.000040
-0.000036
-0.000023
-0.000024
-0.000027
-0.000025
-0.000028
-0.000019
-0.000008
-0.000029
-0.000027
-0.000055
0.000136
0.000197
0.000246
0.000265
0.000248
0.000214
0.000196
0.000160
0.000152
0.000074
0.000051
0.000013
0.000078
0.000137
0.000260
0.000346
0.000650
-0.001529
-0.006670
-0.007429
-0.006835
-0.005511
-0.004433
-0.003352
-0.003167
-0.004635
-0.004696
-0.005546
-0.006768
-0.008313
-0.008087
-0.008325
-0.005337
-0.004256
-0.005685
-0.003961
-0.000979
-0.001790
-0.001637
-0.001637
-0.001680
-0.002124
-0.002132
-0.002067
-0.002382
-0.002004
-0.001656
-0.001123
0.000099
-0.000122
-0.000121
-0.000114
-0.000104
-0.000100
-0.000091
-0.000080
-0.000077
-0.000108
-0.000109
-0.000099
-0.000062
-0.000031
-0.000033
-0.000037
-0.000035
-0.000017
-0.000027
-0.000020
-0.000027
-0.000016
-0.000005
-0.000001
-0.000012
-0.000018
-0.000010
-0.000005
0.000221
0.000162
0.000087
0.000085
0.000054
0.000096
0.000139
0.000147
0.000121
0.000102
0.000077
0.000103
0.000195
0.000303
0.001189
0.002389
-0.005321
-0.006787
-0.005128
-0.005307
-0.003355
-0.003331
-0.004028
-0.007287
-0.007279
-0.007009
-0.009182
-0.008854
-0.007653
-0.005198
-0.005292
-0.003550
-0.005043
-0.004578
-0.000082
-0.001096
-0.001420
-0.000137
0.000050
-0.001331
-0.001876
-0.000702
0.002173
0.002387
0.002894
0.004745
0.002347
-0.000081
-0.000107
-0.000125
-0.000108
-0.000082
-0.000063
-0.000070
-0.000098
-0.000097
-0.000098
-0.000053
-0.000025
-0.000031
-0.000022
-0.000028
-0.000016
-0.000017
-0.000019
-0.000022
-0.000020
-0.000012
-0.000006
0.000000
0.000019
0.000053
0.000066
0.000076
0.000149
0.000145
0.000149
0.000133
0.000133
0.000131
0.000146
0.000126
0.000116
0.000128
0.000128
0.000166
0.000222
0.000736
0.004330
0.001547
-0.000004
-0.000440
-0.000459
-0.000222
-0.000095
-0.002327
-0.004381
-0.006358
-0.007350
-0.007968
-0.006905
-0.006599
-0.005469
-0.003828
-0.003221
-0.004818
-0.005583
-0.005388
0.001562
0.002378
0.005944
0.005244
0.000749
-0.000176
0.004870
0.004992
0.002287
0.001170
0.000959
0.000309
0.000221
0.000219
0.000196
0.000191
0.000159
0.000079
-0.000019
-0.000065
-0.000100
-0.000093
-0.000087
-0.000029
-0.000032
-0.000037
-0.000033
-0.000030
-0.000017
-0.000021
-0.000021
-0.000033
-0.000019
-0.000010
0.000000
0.000031
0.000065
0.000081
0.000108
0.000134
0.000140
0.000153
0.000150
0.000148
0.000137
0.000141
0.000142
0.000130
0.000148
0.000141
0.000169
0.000204
0.000392
0.001386
0.000521
-0.000260
-0.000421
0.000077
0.000163
0.000201
-0.000138
-0.000338
-0.000475
-0.000533
-0.000625
-0.000797
-0.000371
-0.005027
-0.005014
-0.005075
-0.004603
-0.007155
-0.008056
-0.005196
0.004435
0.007779
0.006244
0.004906
0.002540
0.002543
0.000679
0.000322
0.000295
0.000280
0.000236
0.000245
0.000236
0.000204
0.000193
0.000187
0.000108
-0.000019
-0.000075
-0.000086
-0.000085
-0.000088
-0.000042
-0.000043
-0.000045
-0.000043
-0.000032
-0.000033
-0.000043
-0.000048
-0.000062
-0.000027
-0.000009
-0.000001
0.000030
0.000068
0.000071
0.000100
0.000105
0.000139
0.000155
0.000147
0.000146
0.000143
0.000139
0.000144
0.000148
0.000156
0.000159
0.000177
0.000196
0.000250
0.000295
-0.000152
0.000090
0.000137
0.000176
0.000215
0.000219
0.000220
0.000213
0.000202
0.000189
0.000197
0.000198
0.000193
0.000402
-0.005978
-0.005004
-0.005859
-0.007421
-0.006016
-0.004824
0.001853
0.003997
0.002072
0.000821
-0.000038
0.000226
0.000301
0.000239
0.000254
0.000247
0.000241
0.000217
0.000200
0.000194
0.000168
0.000170
0.000080
0.000025
-0.000050
-0.000069
-0.000062
-0.000071
-0.000043
-0.000035
-0.000047
-0.000040
-0.000035
-0.000041
-0.000055
-0.000059
-0.000061
-0.000039
-0.000023
-0.000015
-0.000011
0.000014
0.000022
0.000080
0.000118
0.000153
0.000154
0.000142
0.000148
0.000141
0.000126
0.000125
0.000137
0.000141
0.000173
0.000186
0.000189
0.000214
0.000191
0.000174
0.000176
0.000181
0.000215
0.000221
0.000223
0.000218
0.000215
0.000209
0.000195
0.000167
0.000153
0.000145
0.000154
0.001387
-0.006459
-0.006279
-0.004880
-0.004140
-0.003768
-0.003393
0.000140
-0.000606
-0.001192
-0.000236
0.000166
0.000222
0.000238
0.000227
0.000227
0.000176
0.000179
0.000167
0.000197
0.000176
0.000142
0.000109
0.000037
-0.000023
-0.000040
-0.000057
-0.000058
-0.000034
-0.000052
-0.000057
-0.000056
-0.000056
-0.000054
-0.000052
-0.000055
-0.000056
-0.000052
-0.000035
-0.000039
-0.000036
-0.000017
0.000004
0.000102
0.000121
0.000155
0.000153
0.000147
0.000146
0.000138
0.000104
0.000093
0.000123
0.000146
0.000188
0.000199
0.000209
0.000204
0.000204
0.000202
0.000195
0.000193
0.000223
0.000223
0.000219
0.000209
0.000218
0.000215
0.000172
0.000145
0.000103
0.000135
0.000124
0.000153
0.000353
-0.003841
-0.002568
-0.002098
-0.002955
-0.003645
-0.002389
-0.000626
0.000052
0.000147
0.000165
0.000225
0.000221
0.000164
0.000188
0.000176
0.000168
0.000187
0.000170
0.000162
0.000101
0.000052
0.000049
0.000010
-0.000023
-0.000042
-0.000033
-0.000047
-0.000058
-0.000077
-0.000052
-0.000063
-0.000058
-0.000053
-0.000055
-0.000057
-0.000057
-0.000049
-0.000055
-0.000050
-0.000021
0.000012
0.000108
0.000119
0.000138
0.000145
0.000147
0.000144
0.000137
0.000105
0.000094
0.000111
0.000149
0.000186
0.000198
0.000201
0.000202
0.000217
0.000226
0.000221
0.000222
0.000227
0.000221
0.000223
0.000218
0.000221
0.000214
0.000169
0.000125
0.000119
0.000097
0.000091
0.000132
0.000118
-0.000228
-0.001229
-0.001865
-0.002414
-0.003391
-0.002458
-0.001114
-0.000026
0.000111
0.000134
0.000203
0.000227
0.000229
0.000206
0.000241
0.000218
0.000186
0.000187
0.000168
0.000073
0.000073
0.000032
0.000040
0.000009
-0.000015
0.000008
-0.000028
-0.000051
-0.000058
-0.000065
-0.000063
-0.000060
-0.000043
-0.000060
-0.000056
-0.000066
-0.000058
-0.000046
-0.000048
-0.000034
0.000001
0.000063
0.000119
0.000145
0.000158
0.000150
0.000149
0.000137
0.000126
0.000104
0.000126
0.000167
0.000186
0.000189
0.000202
0.000206
0.000215
0.000225
0.000225
0.000227
0.000225
0.000220
0.000230
0.000209
0.000208
0.000187
0.000175
0.000136
0.000127
0.000123
0.000098
0.000107
0.000093
0.000198
0.000362
-0.000008
-0.000329
-0.001118
-0.002256
-0.000226
0.000107
0.000155
0.000172
0.000203
0.000232
0.000255
0.000230
0.000254
0.000241
0.000210
0.000204
0.000191
0.000139
0.000066
0.000066
0.000047
0.000009
-0.000000
0.000016
-0.000035
-0.000043
-0.000047
-0.000061
-0.000068
-0.000056
-0.000043
-0.000066
-0.000051
-0.000063
-0.000068
-0.000049
-0.000033
-0.000025
-0.000005
0.000026
0.000101
0.000125
0.000163
0.000159
0.000153
0.000146
0.000139
0.000139
0.000150
0.000176
0.000199
0.000195
0.000197
0.000194
0.000193
0.000220
0.000216
0.000220
0.000217
0.000201
0.000181
0.000156
0.000183
0.000195
0.000161
0.000176
0.000165
0.000152
0.000131
0.000093
0.000077
0.000078
0.000199
0.000154
0.000071
-0.000511
-0.000079
0.000176
0.000184
0.000223
0.000171
0.000186
0.000237
0.000248
0.000248
0.000246
0.000220
0.000196
0.000221
0.000176
0.000159
0.000096
0.000054
0.000028
0.000029
0.000014
0.000019
-0.000036
-0.000041
-0.000046
-0.000054
-0.000069
-0.000054
-0.000048
-0.000048
-0.000060
-0.000056
-0.000047
-0.000037
-0.000027
-0.000023
-0.000009
0.000009
0.000079
0.000110
0.000171
0.000167
0.000149
0.000145
0.000148
0.000150
0.000147
0.000181
0.000203
0.000209
0.000202
0.000196
0.000200
0.000212
0.000203
0.000192
0.000183
0.000183
0.000180
0.000181
0.000174
0.000189
0.000176
0.000184
0.000176
0.000173
0.000134
0.000102
0.000090
0.000106
0.000073
-0.000111
0.000142
0.000146
0.000209
0.000255
0.000235
0.000244
0.000226
0.000192
0.000199
0.000233
0.000245
0.000260
0.000207
0.000216
0.000207
0.000190
0.000168
0.000128
0.000102
0.000036
0.000037
0.000039
0.000029
-0.000064
-0.000051
-0.000056
-0.000063
-0.000058
-0.000054
-0.000068
-0.000056
-0.000055
-0.000062
-0.000052
-0.000031
-0.000020
-0.000009
-0.000003
0.000002
0.000075
0.000118
0.000177
0.000150
0.000171
0.000158
0.000157
0.000151
0.000151
0.000179
0.000204
0.000205
0.000212
0.000190
0.000201
0.000196
0.000189
0.000153
0.000147
0.000146
0.000146
0.000154
0.000151
0.000157
0.000180
0.000187
0.000155
0.000167
0.000134
0.000084
0.000071
0.000078
0.000085
0.000104
0.000150
0.000203
0.000233
0.000250
0.000244
0.000211
0.000239
0.000216
0.000237
0.000234
0.000244
0.000234
0.000175
0.000172
0.000172
0.000187
0.000201
0.000118
0.000075
0.000047
0.000054
0.000026
0.000013
