0.000019
0.000018
0.000009
0.000632
0.000015
0.000028
0.000046
0.000438
0.000068
0.000076
0.000068
-0.000603
0.000128
0.000104
0.000112
0.000127
0.000105
0.000109
0.000137
0.000131
0.000136
0.000121
0.000113
0.000108
0.000110
0.000096
0.000112
0.000118
0.000112
0.000109
0.000111
0.000116
0.000113
0.000110
0.000106
0.000123
0.000127
0.000121
0.000116
0.000106
0.000116
0.000128
0.000127
0.000123
0.000119
0.000115
0.000111
0.000103
0.000089
0.000089
0.000089
0.000088
0.000091
0.000093
0.000085
0.000084
0.000082
0.000090
0.000086
0.000078
0.000083
0.000090
0.000083
0.000083
0.000079
0.000067
-0.001158
0.000030
0.000005
-0.000006
0.000061
-0.000027
0.000195
0.000035
0.000036
0.000039
0.000042
0.000043
0.000049
0.000055
0.000069
0.000079
0.000087
0.000093
0.000113
0.000124
0.000124
0.000126
0.000114
0.000130
0.000104
0.000119
0.000113
0.000136
0.000122
0.000123
0.000121
0.000122
0.000108
0.000112
0.000112
0.000115
0.000112
0.000108
0.000102
0.000107
0.000108
0.000104
0.000110
0.000112
0.000119
0.000119
0.000123
0.000122
0.000130
0.000123
0.000121
0.000113
0.000105
0.000102
0.000091
0.000083
0.000089
0.000088
0.000085
0.000080
0.000093
0.000101
0.000087
0.000086
0.000084
0.000084
0.000089
0.000090
0.000086
0.000077
0.000079
0.000077
0.000079
0.000080
0.000084
0.000082
0.000095
0.000087
0.000081
0.000052
0.000035
0.000039
0.000038
0.000041
0.000050
0.000056
0.000066
0.000077
0.000082
0.000090
0.000102
0.000110
0.000123
0.000126
0.000124
0.000127
0.000127
0.000117
0.000124
0.000124
0.000115
0.000131
0.000120
0.000104
0.000064
0.000108
0.000110
0.000105
0.000101
0.000097
0.000086
0.000110
0.000113
0.000114
0.000101
0.000109
0.000114
0.000116
0.000116
0.000120
0.000124
0.000127
0.000116
0.000120
0.000118
0.000107
0.000100
0.000092
0.000088
0.000085
0.000081
0.000081
0.000077
0.000085
0.000101
0.000099
0.000092
0.000093
0.000091
0.000089
0.000085
0.000087
0.000078
0.000076
0.000077
0.000071
0.000076
0.000076
0.000088
0.000087
0.000078
0.000081
0.000078
0.000036
0.000040
0.000044
0.000046
0.000048
0.000062
0.000066
0.000082
0.000088
0.000096
0.000090
0.000123
0.000119
0.000125
0.000126
0.000123
0.000120
0.000126
0.000132
0.000124
0.000111
0.000121
0.000120
0.000119
0.000147
-0.000006
0.000095
0.000112
0.000105
0.000099
0.000111
0.000117
0.000117
0.000118
0.000116
0.000121
0.000126
0.000121
0.000118
0.000119
0.000108
0.000128
0.000125
0.000122
0.000119
0.000119
0.000104
0.000103
0.000085
0.000085
0.000078
0.000080
0.000082
0.000085
0.000086
0.000094
0.000089
0.000097
0.000081
0.000078
0.000089
0.000083
0.000087
0.000078
0.000079
0.000074
0.000080
0.000083
0.000091
0.000092
0.000086
0.000091
0.000069
0.000035
0.000041
0.000049
0.000051
0.000061
0.000068
0.000080
0.000087
0.000088
0.000101
0.000117
0.000099
0.000124
0.000114
0.000109
0.000120
0.000124
0.000126
0.000120
0.000118
0.000119
0.000122
0.000121
0.000137
0.000166
0.000075
0.000053
0.000101
0.000107
0.000108
0.000114
0.000118
0.000119
0.000121
0.000123
0.000123
0.000123
0.000116
0.000110
0.000122
0.000096
0.000107
0.000125
0.000120
0.000125
0.000121
0.000111
0.000104
0.000088
0.000085
0.000085
0.000086
0.000082
0.000079
0.000076
0.000076
0.000092
0.000083
0.000078
0.000080
0.000076
0.000077
0.000075
0.000078
0.000082
0.000081
0.000079
0.000078
0.000084
0.000088
0.000085
0.000085
-0.002169
0.000038
0.000041
0.000053
0.000057
0.000069
0.000078
0.000088
0.000095
0.000104
0.000114
0.000118
0.000097
0.000135
0.000123
0.000115
0.000127
0.000119
0.000118
0.000119
0.000117
0.000110
0.000125
0.000127
0.000129
0.000201
0.000069
0.000051
0.000106
0.000111
0.000113
0.000116
0.000116
0.000118
0.000125
0.000121
0.000120
0.000116
0.000114
0.000115
0.000116
0.000101
0.000128
0.000127
0.000114
0.000109
0.000106
0.000101
0.000103
0.000091
0.000083
0.000079
0.000085
0.000079
0.000080
0.000086
0.000065
0.000088
0.000086
0.000079
0.000076
0.000072
0.000058
0.000072
0.000073
0.000097
0.000093
0.000078
0.000088
0.000085
0.000089
0.000089
0.000092
0.000091
0.000041
0.000044
0.000053
0.000064
0.000067
0.000081
0.000089
0.000103
0.000107
0.000104
0.000111
0.000111
0.000125
0.000111
0.000118
0.000127
0.000104
0.000118
0.000125
0.000119
0.000125
0.000121
0.000120
0.000120
0.000145
0.000158
0.000082
0.000108
0.000117
0.000118
0.000122
0.000136
0.000137
0.000135
0.000127
0.000116
0.000113
0.000115
0.000120
0.000121
0.000115
0.000125
0.000123
0.000110
0.000107
0.000116
0.000103
0.000100
0.000088
0.000078
0.000076
0.000082
0.000077
0.000084
0.000085
0.000059
0.000078
0.000079
0.000076
0.000075
0.000085
0.000083
0.000081
0.000072
0.000090
0.000101
0.000089
0.000093
0.000077
0.000082
0.000101
0.000099
0.000091
0.000044
0.000048
0.000054
0.000065
0.000073
0.000087
0.000093
0.000089
0.000106
0.000103
0.000088
0.000090
0.000113
0.000112
0.000117
0.000131
0.000137
0.000124
0.000113
0.000125
0.000121
0.000119
0.000118
0.000110
0.000090
0.000063
0.000098
0.000115
0.000117
0.000120
0.000130
0.000111
0.000113
0.000137
0.000130
0.000117
0.000111
0.000116
0.000119
0.000130
0.000126
0.000115
0.000115
0.000119
0.000110
0.000116
0.000107
0.000101
0.000092
0.000077
0.000079
0.000071
0.000077
0.000074
0.000072
0.000073
0.000086
0.000074
0.000079
0.000082
0.000079
0.000079
0.000075
0.000075
0.000073
0.000090
0.000096
0.000091
0.000092
0.000094
0.000099
0.000094
0.000080
0.000043
0.000050
0.000059
0.000070
0.000074
0.000083
0.000089
0.000100
0.000106
0.000104
0.000089
0.000084
0.000113
0.000119
0.000115
0.000111
0.000125
0.000135
0.000127
0.000126
0.000114
0.000121
0.000123
0.000126
0.000124
0.000129
0.000127
0.000122
0.000109
0.000127
0.000136
0.000142
0.000122
0.000130
0.000125
0.000116
0.000115
0.000122
0.000132
0.000135
0.000101
0.000115
0.000118
0.000114
0.000108
0.000118
0.000112
0.000098
0.000097
0.000084
0.000080
0.000087
0.000085
0.000084
0.000090
0.000085
0.000091
0.000078
0.000081
0.000081
0.000080
0.000071
0.000068
0.000070
0.000073
0.000081
0.000089
0.000092
0.000104
0.000110
0.000099
0.000097
0.001326
0.000043
0.000050
0.000060
0.000074
0.000092
0.000086
0.000099
0.000104
0.000097
0.000096
0.000085
0.000086
0.000096
0.000115
0.000121
0.000112
0.000109
0.000109
0.000108
0.000110
0.000111
0.000109
0.000120
0.000126
0.000132
0.000134
0.000127
0.000125
0.000116
0.000126
0.000143
0.000146
0.000151
0.000140
0.000130
0.000121
0.000116
0.000116
0.000126
0.000133
0.000122
0.000106
0.000112
0.000121
0.000113
0.000108
0.000108
0.000101
0.000086
0.000080
0.000078
0.000070
0.000074
0.000071
0.000079
0.000080
0.000090
0.000081
0.000082
0.000081
0.000077
0.000075
0.000073
0.000072
0.000082
0.000081
0.000085
0.000095
0.000085
0.000109
0.000090
0.000097
0.000086
0.000044
0.000048
0.000060
0.000076
0.000091
0.000078
0.000083
0.000091
0.000098
0.000088
0.000086
0.000084
0.000103
0.000108
0.000107
0.000122
0.000124
0.000112
0.000108
0.000104
0.000110
0.000122
0.000130
0.000128
0.000125
0.000125
0.000114
0.000117
0.000121
0.000118
0.000112
0.000124
0.000133
0.000108
0.000108
0.000121
0.000119
0.000108
0.000118
0.000135
0.000112
0.000104
0.000110
0.000120
0.000109
0.000102
0.000101
0.000099
0.000092
0.000083
0.000069
0.000083
0.000093
0.000088
0.000077
0.000084
0.000078
0.000078
0.000085
0.000074
0.000077
0.000081
0.000083
0.000080
0.000086
0.000083
0.000087
0.000097
0.000099
0.000100
0.000100
0.000100
0.000087
0.000050
0.000063
0.000064
0.000079
0.000094
0.000079
0.000095
0.000104
0.000094
0.000087
0.000099
0.000086
0.000097
0.000103
0.000115
0.000111
0.000111
0.000116
0.000108
0.000104
0.000111
0.000120
0.000120
0.000121
0.000127
0.000124
0.000124
0.000119
0.000122
0.000113
0.000109
0.000115
0.000120
0.000131
0.000133
0.000123
0.000120
0.000114
0.000107
0.000128
0.000113
0.000105
0.000103
0.000112
0.000101
0.000103
0.000099
0.000103
0.000092
0.000079
0.000076
0.000069
0.000080
0.000083
0.000083
0.000084
0.000088
0.000085
0.000075
0.000078
0.000080
0.000086
0.000092
0.000089
0.000088
0.000091
0.000092
0.000095
0.000098
0.000099
0.000095
0.000101
0.000100
0.000073
0.000066
0.000075
0.000080
0.000095
0.000097
0.000092
0.000106
0.000102
0.000080
0.000105
0.000095
0.000097
0.000100
0.000112
0.000106
0.000115
0.000121
0.000116
0.000115
0.000122
0.000086
0.000088
0.000077
0.000085
0.000100
0.000125
0.000117
0.000113
0.000114
0.000109
0.000108
0.000116
0.000118
0.000126
0.000133
0.000132
0.000130
0.000128
0.000138
0.000129
0.000117
0.000092
0.000099
0.000112
0.000105
0.000095
0.000101
0.000092
0.000083
0.000075
0.000077
0.000083
0.000089
0.000088
0.000090
0.000103
0.000098
0.000100
0.000091
0.000096
0.000093
0.000094
0.000086
0.000100
0.000094
0.000098
0.000096
0.000100
0.000094
0.000100
0.000095
0.000725
0.000075
0.000073
0.000084
0.000089
0.000093
0.000093
0.000092
0.000100
0.000096
0.000099
0.000115
0.000100
0.000100
0.000104
0.000108
0.000113
0.000100
0.000119
0.000115
0.000118
0.000185
0.000009
-0.000227
-0.000599
-0.000715
-0.000364
0.000043
0.000087
0.000117
0.000117
0.000113
0.000108
0.000111
0.000110
0.000099
0.000138
0.000128
0.000129
0.000128
0.000126
0.000130
0.000108
0.000105
0.000105
0.000110
0.000101
0.000092
0.000105
0.000095
0.000083
0.000077
0.000077
0.000083
0.000086
0.000083
0.000090
0.000100
0.000099
0.000084
0.000090
0.000092
0.000096
0.000098
0.000095
0.000097
0.000099
0.000087
0.000098
0.000095
0.000099
0.000102
0.000102
0.000101
0.000076
0.000077
0.000085
0.000089
0.000092
0.000084
0.000092
0.000097
0.000107
0.000111
0.000105
0.000103
0.000100
0.000093
0.000098
0.000107
0.000111
0.000116
0.000117
0.000153
-0.000065
-0.000831
-0.001235
-0.001784
-0.000771
-0.000369
-0.000823
-0.001169
-0.000081
0.000109
0.000110
0.000106
0.000119
0.000129
0.000111
0.000139
0.000129
0.000114
0.000115
0.000125
0.000129
0.000121
0.000109
0.000103
0.000109
0.000104
0.000096
0.000104
0.000094
0.000072
0.000074
0.000085
0.000088
0.000084
0.000086
0.000086
0.000089
0.000082
0.000085
0.000087
0.000090
0.000103
0.000105
0.000105
0.000097
0.000102
0.000103
0.000103
0.000096
0.000100
0.000102
0.000103
0.000095
0.000073
0.000073
0.000082
0.000087
0.000080
0.000082
0.000078
0.000084
0.000105
0.000113
0.000106
0.000100
0.000101
0.000101
0.000093
0.000107
0.000099
0.000100
0.000112
-0.000104
-0.001127
-0.000738
-0.001122
-0.001665
-0.002451
-0.001783
-0.000926
-0.000295
-0.001090
-0.000165
0.000097
0.000105
0.000115
0.000118
0.000124
0.000137
0.000107
0.000112
0.000117
0.000113
0.000112
0.000101
0.000102
0.000113
0.000111
0.000107
0.000097
0.000096
0.000094
0.000079
0.000077
0.000082
0.000086
0.000084
0.000089
0.000082
0.000080
0.000087
0.000094
0.000097
0.000094
0.000088
0.000125
0.000102
0.000098
0.000108
0.000108
0.000101
0.000099
0.000103
0.000104
0.000109
0.000101
0.000078
0.000081
0.000077
0.000086
0.000076
0.000082
0.000081
0.000077
0.000088
0.000094
0.000091
0.000094
0.000086
0.000100
0.000105
0.000101
0.000096
-0.000092
-0.000869
-0.000661
-0.001169
-0.001315
-0.001700
-0.002859
-0.002371
-0.002387
-0.003682
-0.000890
-0.000318
0.000071
0.000117
0.000108
0.000110
0.000102
0.000094
0.000098
0.000111
0.000106
0.000122
0.000109
0.000102
0.000096
0.000110
0.000110
0.000105
0.000093
0.000094
0.000098
0.000096
0.000083
0.000075
0.000085
0.000085
0.000089
0.000090
0.000081
0.000080
0.000094
0.000100
0.000100
0.000100
0.000099
0.000104
0.000095
0.000102
0.000092
0.000095
0.000103
0.000103
0.000101
0.000102
0.000104
-0.001100
0.000071
0.000083
0.000083
0.000079
0.000075
0.000081
0.000080
0.000079
0.000081
0.000094
0.000090
0.000091
0.000095
0.000100
0.000051
0.000047
-0.005483
-0.001492
-0.005353
-0.001920
-0.000311
-0.000322
-0.000197
-0.003194
-0.003953
-0.001837
-0.002779
-0.001502
0.000119
0.000115
0.000113
0.000104
0.000099
0.000085
0.000090
0.000090
0.000089
0.000095
0.000108
0.000109
0.000107
0.000096
0.000105
0.000098
0.000093
0.000090
0.000094
0.000100
0.000102
0.000089
0.000088
0.000085
0.000090
0.000087
0.000088
0.000084
0.000092
0.000103
0.000110
0.000092
0.000089
0.000102
0.000091
0.000096
0.000103
0.000102
0.000096
0.000102
0.000103
0.000108
0.000109
0.000098
0.000100
0.000059
0.000079
0.000069
0.000077
0.000077
0.000083
0.000077
0.000077
0.000078
0.000088
0.000093
0.000085
0.000091
0.000005
0.000080
-0.000920
-0.004217
-0.001241
-0.005751
-0.005536
-0.001850
-0.000213
0.000033
-0.000562
-0.003259
-0.003081
-0.001922
0.000442
0.000428
0.000131
0.000107
0.000090
0.000043
0.000058
0.000102
0.000112
0.000110
0.000109
0.000111
0.000109
0.000098
0.000096
0.000105
0.000091
0.000093
0.000094
0.000105
0.000108
0.000105
0.000092
0.000090
0.000094
0.000088
0.000093
0.000089
0.000086
0.000092
0.000094
0.000098
0.000106
0.000094
0.000100
0.000107
0.000095
0.000107
0.000105
0.000105
0.000111
0.000110
0.000101
0.000104
0.000101
0.000091
0.000046
0.000067
0.000075
0.000074
0.000071
0.000076
0.000082
0.000065
0.000081
0.000081
0.000087
0.000082
0.000007
0.000100
0.000320
-0.001138
-0.008520
-0.001558
-0.005061
-0.006656
-0.002592
-0.000244
0.000002
-0.000018
-0.001546
-0.000303
0.000479
0.000585
0.000597
0.000362
-0.000136
-0.000127
-0.000833
0.000028
0.000204
0.000335
0.000154
0.000065
0.000101
0.000102
0.000092
0.000095
0.000103
0.000109
0.000103
0.000098
0.000106
0.000105
0.000102
0.000098
0.000091
0.000090
0.000088
0.000086
0.000094
0.000096
0.000090
0.000095
0.000097
0.000105
0.000090
0.000094
0.000103
0.000101
0.000095
0.000115
0.000104
0.000103
0.000104
0.000105
0.000112
0.000107
0.000095
0.000058
0.000054
0.000081
0.000073
0.000065
0.000069
0.000064
0.000069
0.000077
0.000075
0.000082
0.000030
0.000060
0.000075
0.000270
-0.000317
-0.007423
-0.002132
-0.004559
-0.010274
-0.002193
-0.000177
-0.000139
0.000063
0.000233
0.000486
0.000719
0.000436
0.000208
0.000201
0.000119
0.000022
0.001019
0.001455
0.000356
0.000767
0.000464
-0.000236
0.000085
0.000103
0.000098
0.000099
0.000112
0.000115
0.000108
0.000105
0.000101
0.000100
0.000098
0.000092
0.000089
0.000094
0.000092
0.000095
0.000098
0.000094
0.000096
0.000098
0.000094
0.000101
0.000092
0.000101
0.000096
0.000103
0.000115
0.000103
0.000095
0.000090
0.000098
0.000103
0.000100
0.000095
-0.000596
0.000068
0.000078
0.000079
0.000071
0.000067
0.000058
0.000063
0.000067
0.000058
0.000068
0.000059
0.000057
0.000057
0.000064
0.000063
-0.000096
-0.001654
-0.003907
-0.001348
-0.004820
-0.002032
-0.002627
-0.000269
-0.000016
0.000269
0.000543
0.001201
0.001293
0.000466
0.000078
-0.000102
-0.000257
-0.000053
0.001260
0.001274
0.000708
0.000312
-0.000233
0.000063
0.000104
0.000109
0.000113
0.000147
0.000136
0.000121
0.000107
0.000116
0.000106
0.000105
0.000099
0.000095
0.000098
0.000097
0.000096
0.000095
0.000098
0.000099
0.000105
0.000100
0.000104
0.000096
0.000094
0.000097
0.000108
0.000107
0.000093
0.000083
0.000096
0.000094
0.000092
0.000095
0.000100
0.000075
0.000066
0.000056
0.000068
0.000055
0.000051
0.000058
0.000064
0.000063
0.000059
0.000055
0.000051
0.000054
0.000058
0.000062
0.000083
0.000591
-0.000951
-0.005670
-0.001531
-0.001682
-0.006517
-0.000694
-0.000031
0.000144
0.000499
0.000538
0.000985
0.002074
0.001182
0.000118
-0.000131
0.000323
0.000059
0.000898
0.001935
0.000636
0.000069
-0.000243
0.000039
0.000115
0.000089
0.000078
0.000274
0.000494
0.000521
0.000148
0.000096
0.000116
0.000115
0.000111
0.000106
0.000112
0.000112
0.000107
0.000101
0.000101
0.000102
0.000105
0.000111
0.000110
0.000096
0.000105
0.000099
0.000106
0.000100
0.000086
0.000103
0.000113
0.000101
0.000091
0.000084
0.000088
0.000077
0.000064
0.000063
0.000046
0.000058
0.000055
0.000060
0.000064
0.000060
0.000054
0.000046
0.000047
0.000054
0.000057
0.000060
0.000071
0.000308
0.000322
-0.001039
-0.002449
-0.002533
-0.000153
0.000069
-0.000350
0.000143
0.000229
0.000229
0.001361
0.001717
0.001586
0.000433
0.000086
-0.000047
-0.000025
0.000162
0.000880
0.000625
0.000132
-0.000445
-0.000015
0.000111
0.000095
0.000084
0.000240
0.000561
0.000488
0.000850
0.000138
0.000106
0.000109
0.000108
0.000107
0.000120
0.000096
0.000107
0.000104
0.000096
0.000096
0.000112
0.000112
0.000108
0.000103
0.000096
0.000104
0.000093
0.000088
0.000097
0.000118
0.000116
0.000096
0.000050
0.000090
0.000094
0.000082
0.000064
0.000060
0.000049
0.000064
0.000053
0.000063
0.000058
0.000054
0.000041
0.000043
0.000049
0.000052
0.000060
0.000060
0.000068
0.000101
0.000342
0.000108
0.000132
-0.000136
0.000484
0.000266
0.000052
-0.000387
0.000094
0.000412
0.000783
0.001329
0.001494
0.000498
0.000144
-0.000061
0.000130
0.000078
0.000553
0.000674
0.000237
-0.000566
0.000007
0.000083
0.000088
0.000082
0.000074
0.000372
0.000288
0.000514
0.000192
-0.000133
0.000102
0.000101
0.000111
0.000115
0.000096
0.000100
0.000108
0.000099
0.000098
0.000111
0.000111
0.000108
0.000094
0.000096
0.000121
0.000112
0.000101
0.000109
0.000091
0.000085
0.000101
0.000103
0.000108
0.000100
0.000072
0.000045
0.000051
0.000063
0.000056
0.000057
0.000055
0.000053
0.000045
0.000043
0.000046
0.000048
0.000053
0.000056
0.000056
0.000048
0.000053
0.000025
0.000043
0.000062
0.000145
0.000444
0.000357
0.000223
-0.000016
-0.000259
0.000244
0.000690
0.000940
0.001313
0.000668
0.000045
-0.000113
0.000040
0.000769
0.000352
-0.000073
0.000093
-0.000111
-0.000225
-0.000369
-0.000319
-0.000558
0.000171
0.000318
0.000142
-0.000063
-0.000698
-0.001791
-0.000014
0.000099
0.000109
0.000110
0.000117
0.000111
0.000112
0.000107
0.000109
0.000104
0.000111
0.000114
0.000109
0.000097
0.000100
0.000103
0.000101
0.000089
0.000087
0.000088
0.000101
0.000119
0.000105
0.000108
0.000086
0.000053
0.000047
0.000054
0.000057
0.000052
0.000050
0.000045
0.000043
0.000048
0.000046
0.000045
0.000052
0.000052
0.000051
0.000050
0.000039
0.000052
0.000051
0.000051
0.000061
0.000116
0.000426
0.000335
-0.000175
-0.000006
-0.000035
-0.000150
-0.000477
-0.001311
-0.002290
-0.002067
-0.002691
-0.001074
0.000012
0.000004
-0.000902
-0.000350
-0.000030
-0.001320
-0.002176
-0.002036
-0.001835
-0.000348
-0.000488
0.000230
-0.000047
-0.000339
-0.000037
0.000087
0.000145
0.000105
0.000108
0.000106
0.000104
0.000105
0.000095
0.000104
0.000112
0.000123
0.000116
0.000099
0.000090
0.000102
0.000112
0.000091
0.000085
0.000091
0.000092
0.000107
0.000107
0.000109
0.000106
0.000101
0.000046
0.000058
0.000055
0.000054
0.000049
0.000039
0.000036
0.000041
0.000045
0.000040
0.000042
0.000041
0.000047
0.000049
0.000047
0.000046
0.000049
0.000049
0.000049
0.000055
0.000060
0.000129
-0.000027
-0.000237
-0.000016
-0.000872
-0.001731
-0.004288
-0.005335
-0.007458
-0.007146
-0.005975
-0.003076
-0.001669
-0.000419
0.000019
-0.000074
-0.000477
-0.001527
-0.001799
-0.001361
-0.000941
-0.000350
-0.000824
0.000097
0.000194
-0.000133
-0.000251
0.000176
0.000662
0.000224
0.000102
0.000106
0.000107
0.000096
0.000089
0.000099
0.000107
0.000100
0.000103
0.000100
0.000099
0.000102
0.000099
0.000091
0.000107
0.000100
0.000097
0.000115
0.000113
0.000114
0.000112
0.000108
0.000046
0.000045
0.000051
0.000052
0.000045
0.000037
0.000039
0.000042
0.000038
0.000039
0.000046
0.000045
0.000043
0.000047
0.000046
0.000047
0.000046
0.000041
0.000042
0.000041
0.000051
0.000431
0.000176
-0.000447
-0.000739
-0.000553
-0.002063
-0.003667
-0.006098
-0.008372
-0.008305
-0.006990
-0.003715
-0.001994
-0.001162
-0.000110
0.000777
-0.000082
-0.001505
-0.002084
-0.001366
-0.001714
-0.002895
-0.001192
0.000102
0.000179
-0.000011
-0.000424
0.000379
0.001092
0.001447
-0.000045
0.000094
0.000102
0.000090
0.000089
0.000091
0.000088
0.000096
0.000099
0.000116
0.000110
0.000101
0.000110
0.000104
0.000110
0.000101
0.000113
0.000116
0.000107
0.000108
0.000095
0.000093
0.000035
0.000044
0.000041
0.000045
0.000047
0.000043
0.000043
0.000038
0.000040
0.000040
0.000045
0.000041
0.000046
0.000048
0.000047
0.000043
0.000045
0.000034
0.000027
0.000003
0.000008
0.000276
0.000386
-0.000175
-0.000773
-0.001273
-0.001848
-0.002781
-0.004979
-0.007119
-0.008369
-0.005762
-0.002199
-0.001253
-0.000763
-0.000372
0.000282
0.000325
-0.000484
-0.001316
-0.002655
-0.001785
-0.001035
-0.000488
0.000688
0.001294
0.000098
0.000185
0.000654
0.001262
-0.000317
-0.003129
0.000060
0.000092
0.000095
0.000077
0.000095
0.000105
0.000106
0.000106
0.000117
0.000121
0.000113
0.000110
0.000111
0.000117
0.000116
0.000123
0.000106
0.000054
0.000084
0.000082
0.000094
0.000044
0.000048
0.000044
0.000048
0.000047
0.000039
0.000044
0.000036
0.000037
0.000036
0.000036
0.000036
0.000040
0.000042
0.000037
0.000042
0.000034
0.000004
-0.000009
-0.000020
-0.000017
0.000065
0.000397
0.000219
-0.000190
-0.001256
-0.001609
-0.001943
-0.002987
-0.004725
-0.006473
-0.003886
-0.000113
-0.000782
-0.001876
-0.001174
-0.000193
-0.000095
-0.000594
-0.000526
-0.000557
-0.000609
-0.000700
-0.001128
-0.000421
-0.000201
0.000118
0.000545
0.000906
0.000847
-0.005180
-0.011762
-0.009653
0.000080
-0.000034
0.000092
0.000095
0.000104
0.000108
0.000113
0.000106
0.000102
0.000101
0.000109
0.000116
0.000105
0.000109
0.000114
0.000113
-0.000183
-0.000008
0.000088
0.000093
0.000043
0.000044
0.000046
0.000045
0.000047
0.000043
0.000044
0.000039
0.000042
0.000039
0.000001
0.000037
0.000040
0.000041
0.000043
0.000039
0.000004
-0.000007
-0.000005
-0.000010
-0.000009
-0.000036
0.000048
0.000221
-0.000029
-0.000667
-0.000308
-0.000652
-0.002117
-0.002906
-0.003256
-0.002263
0.002747
-0.000220
-0.001880
-0.001777
-0.000868
-0.000544
-0.000646
-0.000473
-0.000401
-0.000874
-0.000825
-0.001189
-0.001058
0.000259
0.000431
0.000716
0.001109
-0.000509
-0.010639
-0.007876
0.000232
-0.000813
0.002684
-0.000036
0.000094
0.000101
0.000098
0.000094
0.000071
0.000069
0.000093
0.000109
0.000110
0.000098
0.000100
0.000104
0.000117
0.000108
0.000124
0.000104
0.000099
0.000044
0.000048
0.000045
0.000039
0.000041
0.000044
0.000045
0.000044
0.000042
0.000045
0.000043
0.000037
0.000035
0.000029
0.000032
-0.000005
-0.000016
-0.000007
-0.000006
-0.000011
-0.000004
-0.000043
-0.000207
0.000300
-0.000061
0.000491
0.000532
0.000286
-0.001164
-0.002324
-0.001923
-0.001388
-0.000878
-0.000471
-0.000743
-0.002305
-0.002457
-0.001509
-0.000915
-0.000800
-0.000896
-0.001189
-0.000979
-0.001699
-0.001219
-0.001155
0.000464
0.001129
0.000949
-0.004568
-0.005696
-0.005068
-0.002326
0.001841
0.002564
0.000788
0.000010
0.000140
0.000096
0.000096
0.000089
0.000100
0.000099
0.000094
0.000100
0.000112
0.000073
0.000113
0.000116
0.000102
0.000105
0.000108
0.000090
0.000036
0.000041
0.000040
0.000035
0.000032
0.000039
0.000034
0.000026
0.000014
0.000038
0.000036
0.000037
0.000007
0.000002
-0.000007
-0.000011
-0.000015
-0.000011
-0.000005
-0.000012
-0.000005
-0.000005
-0.000081
-0.000257
0.000335
0.000442
0.000777
0.000777
-0.000355
-0.002704
-0.001805
-0.001041
-0.000568
-0.000322
-0.001100
-0.006513
-0.005789
-0.003332
-0.001137
-0.001686
-0.001690
-0.001910
-0.001850
-0.001865
-0.001441
-0.001073
-0.000749
0.000595
0.000948
-0.000930
-0.003047
-0.002108
0.002152
0.004709
0.003771
0.001072
0.000656
0.001494
0.000054
0.000070
0.000025
0.000094
0.000092
0.000094
0.000105
0.000100
0.000125
0.000105
0.000101
0.000093
0.000101
0.000099
0.000012
0.000036
0.000037
0.000042
0.000027
0.000033
0.000031
0.000027
0.000025
0.000028
0.000021
0.000024
0.000017
0.000002
0.000001
-0.000013
-0.000015
-0.000012
-0.000013
-0.000005
-0.000012
-0.000013
0.000010
0.000005
0.000022
-0.000002
-0.000031
0.000008
0.000043
0.000079
-0.001720
-0.001726
-0.000076
-0.000018
-0.000559
-0.001632
-0.004135
-0.005199
-0.004200
-0.002508
-0.002721
-0.002749
-0.002460
-0.002062
-0.001950
-0.001379
-0.000992
-0.000844
-0.000999
0.000732
0.000011
-0.000935
0.003456
0.007628
0.005360
0.003104
0.001300
0.000520
0.000332
0.001648
0.001475
0.001149
-0.000011
0.000003
0.000092
0.000105
0.000103
0.000114
0.000100
0.000089
0.000085
0.000101
0.000074
0.000087
0.000031
0.000038
0.000034
0.000031
0.000032
0.000030
0.000024
0.000024
0.000025
0.000027
0.000033
0.000023
0.000007
0.000010
0.000014
-0.000003
-0.000005
-0.000002
0.000010
0.000002
0.000000
0.000031
0.000029
0.000033
0.000035
0.000036
0.000036
0.000034
0.000031
-0.000014
0.000059
-0.000760
-0.000313
-0.001860
-0.001943
-0.003452
-0.003475
-0.003240
-0.002415
-0.002946
-0.002160
-0.002874
-0.002347
-0.002235
-0.002012
-0.001321
-0.000914
0.000213
-0.000866
0.000560
0.000044
0.003744
0.010102
0.008488
0.006573
0.002722
0.000928
0.001027
0.001401
0.001281
0.000922
0.000364
0.000112
-0.000007
0.000040
0.000061
0.000100
0.000087
0.000071
0.000095
0.000100
0.000077
0.000087
0.000029
0.000028
0.000033
0.000033
0.000027
0.000028
0.000027
0.000024
0.000027
0.000032
0.000035
0.000031
0.000032
0.000029
0.000033
0.000035
0.000029
0.000035
0.000030
0.000004
0.000018
0.000030
0.000033
0.000033
0.000036
0.000037
0.000035
0.000034
0.000035
0.000033
0.000033
-0.000569
-0.000365
-0.000241
-0.000082
0.000015
0.000088
-0.001989
-0.001883
-0.002581
-0.002956
-0.003229
-0.002717
-0.003193
-0.002338
-0.001480
0.000502
0.000157
-0.000650
-0.000059
0.000365
0.007320
0.019893
0.007317
0.009254
0.001858
0.000754
0.000613
0.000272
0.000168
0.000169
0.000100
0.000085
0.000087
0.000089
0.000088
0.000087
0.000073
0.000081
0.000094
0.000091
0.000088
0.000094
0.000031
0.000035
0.000037
0.000033
0.000031
0.000030
0.000027
0.000029
0.000026
0.000025
0.000021
0.000036
0.000036
0.000035
0.000035
0.000032
0.000037
0.000035
0.000031
0.000017
0.000036
0.000032
0.000033
0.000032
0.000035
0.000033
0.000035
0.000038
0.000036
0.000034
0.000035
0.000038
0.000044
0.000042
0.000043
0.000047
0.000042
-0.000067
-0.000038
-0.000092
-0.000050
-0.000172
-0.000140
-0.000169
-0.000815
0.003955
-0.000201
-0.000403
0.000174
-0.001111
-0.001096
0.003120
0.002897
0.000887
-0.002712
-0.000354
0.000154
0.000101
0.000069
0.000085
0.000087
0.000085
0.000090
0.000092
0.000080
0.000072
0.000079
0.000087
0.000085
0.000091
0.000093
0.000094
0.000085
0.000032
0.000030
0.000035
0.000034
0.000032
0.000033
0.000035
0.000033
0.000035
0.000032
0.000026
0.000035
0.000034
0.000034
0.000033
0.000030
0.000017
0.000031
0.000033
0.000039
0.000034
0.000033
0.000032
0.000029
0.000027
0.000034
0.000036
0.000037
0.000034
0.000037
0.000040
0.000038
0.000043
0.000045
0.000041
0.000032
0.000041
0.000046
0.000049
0.000059
0.000056
0.000051
0.000037
0.000042
-0.000050
0.003862
-0.001468
0.000640
-0.002028
-0.003050
-0.002048
-0.001400
-0.001861
-0.001055
-0.000048
0.000117
0.000070
0.000085
0.000083
0.000096
0.000103
0.000097
0.000093
0.000080
0.000072
0.000069
0.000081
0.000093
0.000085
0.000089
0.000082
0.000089
0.000083
0.000036
0.000035
0.000034
0.000037
-0.000012
-0.000010
-0.000010
0.000039
0.000039
0.000036
0.000033
0.000025
0.000034
0.000032
0.000032
0.000027
0.000030
0.000040
0.000034
0.000038
0.000036
0.000034
0.000031
0.000033
0.000030
0.000035
0.000037
0.000035
0.000036
0.000038
0.000037
0.000035
0.000041
0.000044
0.000045
0.000041
0.000047
0.000052
0.000052
0.000048
0.000055
0.000051
0.000023
-0.000001
-0.000138
-0.000046
-0.000994
-0.000269
-0.001243
-0.002221
0.000162
0.001785
0.000430
0.000034
0.000054
0.000065
0.000083
0.000107
0.000080
0.000077
0.000082
0.000092
0.000096
0.000079
0.000083
0.000091
0.000084
0.000095
0.000087
0.000082
0.000094
0.000083
0.000077
0.000039
0.000037
0.000033
-0.000012
-0.000012
-0.000011
-0.000014
0.000038
0.000038
0.000038
0.000039
0.000037
0.000029
0.000033
0.000027
0.000031
0.000036
0.000037
0.000036
0.000036
0.000032
0.000032
0.000031
0.000033
0.000035
0.000040
0.000041
0.000043
0.000043
0.000040
0.000039
0.000042
0.000041
0.000045
0.000049
0.000050
0.000049
0.000054
0.000056
0.000059
0.000058
0.000051
-0.000109
-0.000081
-0.000139
-0.000054
-0.000007
0.000055
-0.000209
0.000191
0.001605
0.000620
0.000148
0.000069
0.000044
0.000101
0.000102
0.000092
0.000093
0.000093
0.000092
0.000109
0.000096
0.000090
0.000106
0.000110
0.000099
0.000095
0.000096
0.000088
0.000088
0.000078
0.000082
0.000040
0.000040
-0.000014
-0.000009
-0.000014
-0.000010
-0.000014
0.000034
0.000035
0.000044
0.000035
0.000033
0.000038
0.000027
0.000032
0.000033
0.000033
0.000037
0.000039
0.000030
0.000041
0.000039
0.000038
0.000040
0.000039
0.000038
0.000038
0.000035
0.000040
0.000047
0.000048
0.000047
0.000043
0.000048
0.000050
0.000051
0.000053
0.000057
0.000055
0.000059
-0.000147
0.000015
-0.000015
-0.000003
0.000028
0.000077
0.000089
0.000086
-0.000037
0.000916
0.000827
0.000147
0.000102
0.000104
0.000105
0.000088
0.000103
0.000095
0.000093
0.000090
0.000090
0.000098
0.000103
0.000100
0.000087
0.000100
0.000109
0.000080
0.000074
0.000083
0.000078
0.000082
0.000095
0.000038
0.000030
-0.000015
-0.000012
-0.000010
-0.000008
-0.000014
-0.000017
0.000025
0.000033
-0.000011
-0.000010
-0.000014
-0.000014
0.000030
0.000030
0.000031
0.000033
0.000039
0.000042
0.000041
0.000039
0.000037
0.000038
0.000039
0.000042
0.000044
0.000047
0.000052
0.000054
0.000051
0.000047
0.000043
0.000045
0.000043
0.000046
0.000058
0.000055
0.000050
-0.000068
-0.000082
0.000047
0.000080
0.000084
0.000081
0.000087
0.000091
0.000100
0.000153
0.000197
0.000146
0.000109
0.000105
0.000112
0.000112
0.000090
0.000091
0.000098
0.000098
0.000090
0.000097
0.000095
0.000090
0.000097
0.000098
0.000096
0.000101
0.000083
0.000078
0.000086
0.000085
0.000096
0.000102
-0.000012
0.000018
-0.000016
-0.000014
-0.000011
-0.000011
-0.000010
-0.000015
-0.000011
-0.000006
-0.000003
-0.000007
-0.000011
0.000032
0.000030
0.000030
0.000030
0.000034
0.000037
0.000037
0.000037
0.000038
0.000038
0.000041
0.000040
0.000045
0.000040
0.000042
0.000046
0.000054
0.000058
0.000049
0.000050
0.000051
0.000053
0.000056
0.000057
0.000061
0.000049
0.000048
0.000069
0.000080
0.000080
0.000085
0.000088
0.000088
0.000087
0.000100
0.000100
0.000104
0.000108
0.000102
0.000103
0.000096
0.000095
0.000089
0.000097
0.000092
0.000094
0.000101
0.000092
0.000087
0.000095
0.000098
0.000102
0.000096
0.000089
0.000082
0.000089
0.000090
0.000095
0.000096
0.000097
-0.000009
-0.000014
-0.000015
-0.000016
-0.000014
-0.000011
-0.000013
-0.000010
-0.000004
0.000003
0.000003
0.000040
0.000030
0.000030
0.000032
0.000032
0.000032
0.000032
0.000036
0.000036
0.000039
0.000039
0.000043
0.000043
0.000048
0.000047
0.000048
0.000044
0.000045
0.000054
0.000057
0.000052
0.000049
0.000050
0.000061
0.000057
0.000063
0.000063
0.000072
0.000070
0.000073
0.000078
0.000074
0.000080
0.000083
0.000093
0.000094
0.000096
0.000101
0.000092
0.000098
0.000097
0.000093
0.000091
0.000093
0.000089
0.000089
0.000106
0.000098
0.000112
0.000088
0.000096
0.000098
0.000100
0.000095
0.000089
0.000082
0.000079
0.000092
0.000089
0.000083
0.000093
0.000137
-0.000010
-0.000016
-0.000014
-0.000017
-0.000014
-0.000010
-0.000004
-0.000005
0.000006
0.000006
0.000003
0.000035
0.000028
0.000027
0.000025
0.000031
0.000029
0.000032
0.000030
0.000033
0.000034
0.000036
0.000038
0.000040
0.000042
0.000047
0.000055
0.000042
0.000042
0.000047
0.000049
0.000051
0.000055
0.000058
0.000062
0.000061
0.000069
0.000072
0.000071
0.000066
0.000064
0.000076
0.000079
0.000076
0.000083
0.000089
0.000094
0.000091
0.000092
0.000092
0.000089
0.000094
0.000109
0.000095
0.000091
0.000087
0.000102
0.000099
0.000096
0.000089
0.000090
0.000099
0.000099
0.000087
0.000083
0.000081
0.000081
0.000080
0.000075
0.000076
0.000098
0.000094
0.000084
