0.000004
-0.000056
-0.000095
0.000632
-0.000138
-0.000314
-0.000477
0.000438
-0.000564
-0.000444
-0.000543
-0.000603
-0.001017
-0.000931
-0.001054
-0.001010
-0.000971
-0.001132
-0.001055
-0.001071
-0.001151
-0.001186
-0.001026
-0.001035
-0.000967
-0.001082
-0.001113
-0.001083
-0.000981
-0.001081
-0.000913
-0.000994
-0.000971
-0.000859
-0.000892
-0.000846
-0.000755
-0.000612
-0.000651
-0.000714
-0.000726
-0.000757
-0.000898
-0.000878
-0.000950
-0.000891
-0.000877
-0.000836
-0.000873
-0.000923
-0.000940
-0.000898
-0.000856
-0.000885
-0.000982
-0.000920
-0.000897
-0.000877
-0.001052
-0.000944
-0.001007
-0.000744
-0.000540
-0.000401
-0.000062
0.000033
-0.001158
0.000153
0.000250
0.000191
0.000061
0.000201
0.000195
-0.000974
-0.000954
-0.000830
-0.000744
-0.000953
-0.000940
-0.000980
-0.000976
-0.000966
-0.000780
-0.000844
-0.001061
-0.001307
-0.001071
-0.001064
-0.000958
-0.001028
-0.000953
-0.000873
-0.000929
-0.000991
-0.001044
-0.000989
-0.001053
-0.000994
-0.001019
-0.000761
-0.001038
-0.001012
-0.001007
-0.000899
-0.000819
-0.000689
-0.000838
-0.000937
-0.000900
-0.000878
-0.000731
-0.000742
-0.000932
-0.000865
-0.000859
-0.000931
-0.000908
-0.000986
-0.000985
-0.000894
-0.000975
-0.000984
-0.001027
-0.000939
-0.000832
-0.000762
-0.000803
-0.000968
-0.000988
-0.000830
-0.000768
-0.000738
-0.000814
-0.000628
-0.000629
-0.000704
-0.000775
-0.000690
-0.000655
-0.000678
-0.000717
-0.000807
-0.000717
-0.000659
-0.000712
-0.000472
-0.000886
-0.000814
-0.000835
-0.000760
-0.000974
-0.000933
-0.000851
-0.000948
-0.000896
-0.000856
-0.000840
-0.000991
-0.001106
-0.000953
-0.000903
-0.000759
-0.000954
-0.000959
-0.001012
-0.000955
-0.000983
-0.000955
-0.000980
-0.000938
-0.000865
-0.000920
-0.000908
-0.000884
-0.000885
-0.000939
-0.000930
-0.000892
-0.000831
-0.000854
-0.000857
-0.000889
-0.000703
-0.000807
-0.000754
-0.000880
-0.000914
-0.000935
-0.000876
-0.000939
-0.000960
-0.000992
-0.000998
-0.001000
-0.000747
-0.000560
-0.000740
-0.000889
-0.000828
-0.000833
-0.000998
-0.000910
-0.000825
-0.000662
-0.000785
-0.000823
-0.000635
-0.000714
-0.000665
-0.000714
-0.000667
-0.000641
-0.000635
-0.000777
-0.000835
-0.000769
-0.000711
-0.000800
-0.000661
-0.000637
-0.000885
-0.000767
-0.000769
-0.000941
-0.000818
-0.000914
-0.000810
-0.000790
-0.000818
-0.000968
-0.001004
-0.000817
-0.000968
-0.001050
-0.000761
-0.000722
-0.000961
-0.000858
-0.000916
-0.000940
-0.001080
-0.001094
-0.001026
-0.000942
-0.001003
-0.000901
-0.000862
-0.000763
-0.000792
-0.000879
-0.000811
-0.000911
-0.000907
-0.000840
-0.000846
-0.000863
-0.000816
-0.000807
-0.000836
-0.001000
-0.000905
-0.000935
-0.000911
-0.001061
-0.000968
-0.000976
-0.001091
-0.000965
-0.000848
-0.000897
-0.000871
-0.000887
-0.000887
-0.000822
-0.000772
-0.000745
-0.000701
-0.000702
-0.000824
-0.000741
-0.000700
-0.000698
-0.000703
-0.000682
-0.000668
-0.000675
-0.000668
-0.000780
-0.000754
-0.000722
-0.000823
-0.000622
-0.000647
-0.000745
-0.000850
-0.000680
-0.000902
-0.000866
-0.000771
-0.000699
-0.000772
-0.000811
-0.000990
-0.001074
-0.000960
-0.000916
-0.000858
-0.000859
-0.000835
-0.000934
-0.000850
-0.000918
-0.000960
-0.000848
-0.001086
-0.000920
-0.000893
-0.000860
-0.000874
-0.000753
-0.000722
-0.000784
-0.000765
-0.000784
-0.000790
-0.000795
-0.000737
-0.000728
-0.000744
-0.000674
-0.000591
-0.000655
-0.000955
-0.001022
-0.000979
-0.000684
-0.001063
-0.000937
-0.000912
-0.001025
-0.000907
-0.000842
-0.000856
-0.000837
-0.000762
-0.000650
-0.000709
-0.000756
-0.000711
-0.000631
-0.000612
-0.000719
-0.000701
-0.000686
-0.000650
-0.000731
-0.000663
-0.000766
-0.000854
-0.000842
-0.000828
-0.000789
-0.000778
-0.000745
-0.002169
-0.000612
-0.000708
-0.000788
-0.000660
-0.000869
-0.000878
-0.000843
-0.000612
-0.000858
-0.000949
-0.001081
-0.001031
-0.001062
-0.000870
-0.000860
-0.000854
-0.000811
-0.000825
-0.000812
-0.000964
-0.000877
-0.001015
-0.001092
-0.000982
-0.000908
-0.000878
-0.000873
-0.000876
-0.000730
-0.000752
-0.000853
-0.000960
-0.000907
-0.000702
-0.000648
-0.000652
-0.000644
-0.000732
-0.000690
-0.000641
-0.000805
-0.001012
-0.000834
-0.000811
-0.000893
-0.001021
-0.000894
-0.000806
-0.000783
-0.000701
-0.000813
-0.000760
-0.000602
-0.000597
-0.000751
-0.000610
-0.000630
-0.000630
-0.000753
-0.000607
-0.000719
-0.000661
-0.000664
-0.000627
-0.000525
-0.000712
-0.000967
-0.000793
-0.000783
-0.000795
-0.000841
-0.000816
-0.000733
-0.000702
-0.000720
-0.000673
-0.000820
-0.000793
-0.000894
-0.000765
-0.000963
-0.000941
-0.000917
-0.000898
-0.000968
-0.001055
-0.001047
-0.001005
-0.000898
-0.001015
-0.000985
-0.000934
-0.001056
-0.001008
-0.000963
-0.000962
-0.000973
-0.000842
-0.000905
-0.000882
-0.000925
-0.000804
-0.000668
-0.000798
-0.000804
-0.000941
-0.000783
-0.000715
-0.000706
-0.000706
-0.000799
-0.000733
-0.000761
-0.000904
-0.000968
-0.000894
-0.000970
-0.001002
-0.000921
-0.000865
-0.000858
-0.000876
-0.000675
-0.000762
-0.000737
-0.000630
-0.000647
-0.000606
-0.000577
-0.000645
-0.000663
-0.000720
-0.000658
-0.000724
-0.000707
-0.000632
-0.000811
-0.000856
-0.000895
-0.000814
-0.000656
-0.000714
-0.000811
-0.000866
-0.000858
-0.000829
-0.000660
-0.000678
-0.000659
-0.000858
-0.000787
-0.000896
-0.000827
-0.000717
-0.000679
-0.000792
-0.000808
-0.000943
-0.000996
-0.000969
-0.001098
-0.001120
-0.001003
-0.001092
-0.001062
-0.001024
-0.001053
-0.001015
-0.000954
-0.000877
-0.000826
-0.000858
-0.000892
-0.000861
-0.000899
-0.000735
-0.000843
-0.000823
-0.000912
-0.000767
-0.000695
-0.000634
-0.000705
-0.000775
-0.000723
-0.000760
-0.000846
-0.000954
-0.000873
-0.000848
-0.000791
-0.000874
-0.000856
-0.000761
-0.000848
-0.000811
-0.000669
-0.000694
-0.000630
-0.000651
-0.000639
-0.000578
-0.000600
-0.000686
-0.000641
-0.000633
-0.000636
-0.000715
-0.000808
-0.000843
-0.000838
-0.000717
-0.000771
-0.000712
-0.000810
-0.000838
-0.000876
-0.000845
-0.000837
-0.000611
-0.000648
-0.000732
-0.000894
-0.000691
-0.000751
-0.000781
-0.000672
-0.000673
-0.000718
-0.000790
-0.000657
-0.000868
-0.000891
-0.001137
-0.001113
-0.001015
-0.001130
-0.001144
-0.001028
-0.000904
-0.000934
-0.000953
-0.001020
-0.000924
-0.000980
-0.001057
-0.000913
-0.000834
-0.000762
-0.000825
-0.000737
-0.000880
-0.000813
-0.000658
-0.000666
-0.000681
-0.000795
-0.000733
-0.000887
-0.000880
-0.000904
-0.000862
-0.000729
-0.000780
-0.000768
-0.000831
-0.000827
-0.000813
-0.000703
-0.000701
-0.000661
-0.000635
-0.000607
-0.000641
-0.000634
-0.000655
-0.000656
-0.000645
-0.000681
-0.000732
-0.000748
-0.000800
-0.000844
-0.000708
-0.000670
-0.000887
-0.000822
-0.000888
-0.000863
-0.000868
-0.000884
0.001326
-0.000692
-0.000704
-0.000751
-0.000840
-0.000789
-0.000803
-0.000920
-0.000604
-0.000537
-0.000626
-0.000617
-0.000807
-0.000999
-0.001007
-0.001053
-0.001038
-0.001076
-0.001009
-0.000995
-0.000971
-0.000934
-0.000921
-0.000999
-0.001017
-0.001000
-0.001005
-0.001026
-0.000981
-0.000909
-0.000824
-0.000832
-0.000790
-0.000815
-0.000799
-0.000645
-0.000680
-0.000678
-0.000738
-0.000612
-0.000646
-0.000831
-0.000854
-0.000732
-0.000683
-0.000699
-0.000733
-0.000823
-0.000849
-0.000831
-0.000758
-0.000635
-0.000636
-0.000622
-0.000632
-0.000705
-0.000713
-0.000653
-0.000678
-0.000696
-0.000734
-0.000677
-0.000742
-0.000711
-0.000679
-0.000721
-0.000830
-0.000827
-0.000867
-0.000926
-0.000941
-0.000960
-0.000935
-0.000932
-0.000713
-0.000722
-0.000713
-0.000716
-0.000890
-0.000929
-0.001044
-0.000754
-0.000655
-0.000669
-0.000634
-0.000897
-0.000842
-0.000807
-0.001122
-0.001073
-0.001017
-0.000879
-0.001000
-0.001079
-0.000884
-0.000971
-0.000895
-0.000895
-0.000896
-0.000912
-0.000858
-0.000922
-0.001010
-0.000931
-0.000825
-0.000722
-0.000672
-0.000558
-0.000677
-0.000672
-0.000693
-0.000682
-0.000592
-0.000618
-0.000685
-0.000671
-0.000676
-0.000694
-0.000654
-0.000714
-0.000732
-0.000771
-0.000813
-0.000685
-0.000655
-0.000623
-0.000634
-0.000635
-0.000708
-0.000710
-0.000687
-0.000711
-0.000744
-0.000738
-0.000727
-0.000709
-0.000774
-0.000818
-0.000824
-0.000858
-0.000874
-0.000932
-0.000969
-0.001019
-0.000992
-0.000963
-0.000945
-0.000688
-0.000678
-0.000699
-0.000589
-0.000762
-0.000894
-0.000846
-0.000828
-0.000778
-0.000742
-0.000801
-0.000873
-0.000801
-0.000958
-0.001128
-0.000907
-0.000982
-0.000874
-0.000904
-0.000915
-0.000870
-0.000908
-0.000883
-0.000770
-0.000802
-0.000798
-0.000787
-0.000896
-0.000864
-0.000955
-0.000864
-0.000747
-0.000754
-0.000774
-0.000649
-0.000614
-0.000606
-0.000649
-0.000558
-0.000686
-0.000587
-0.000594
-0.000675
-0.000723
-0.000685
-0.000688
-0.000713
-0.000700
-0.000761
-0.000671
-0.000632
-0.000703
-0.000669
-0.000688
-0.000721
-0.000680
-0.000720
-0.000670
-0.000661
-0.000750
-0.000780
-0.000832
-0.000886
-0.000895
-0.000857
-0.000896
-0.000948
-0.000992
-0.001079
-0.001112
-0.001044
-0.001020
-0.000974
-0.000638
-0.000627
-0.000687
-0.000619
-0.000816
-0.000870
-0.000772
-0.000936
-0.000822
-0.000798
-0.000883
-0.000848
-0.000796
-0.000886
-0.001122
-0.000822
-0.000878
-0.000876
-0.000851
-0.000851
-0.000973
-0.000966
-0.000835
-0.000727
-0.000756
-0.000781
-0.000829
-0.000813
-0.000834
-0.000886
-0.000887
-0.000758
-0.000817
-0.000801
-0.000790
-0.000618
-0.000614
-0.000561
-0.000628
-0.000637
-0.000636
-0.000594
-0.000634
-0.000650
-0.000608
-0.000655
-0.000692
-0.000679
-0.000655
-0.000663
-0.000597
-0.000595
-0.000641
-0.000663
-0.000725
-0.000767
-0.000684
-0.000707
-0.000756
-0.000805
-0.000769
-0.000806
-0.000867
-0.000827
-0.000850
-0.000947
-0.001021
-0.001064
-0.001030
-0.001031
-0.000967
-0.001023
0.000725
-0.000684
-0.000691
-0.000682
-0.000654
-0.000714
-0.000628
-0.000642
-0.000738
-0.000840
-0.000771
-0.000874
-0.000812
-0.000821
-0.000795
-0.000915
-0.000615
-0.000554
-0.000811
-0.000829
-0.000759
-0.000892
-0.001053
-0.000195
-0.000185
-0.000890
-0.000933
-0.000912
-0.000884
-0.000996
-0.000885
-0.000874
-0.000761
-0.000752
-0.000674
-0.000759
-0.000648
-0.000585
-0.000638
-0.000536
-0.000621
-0.000513
-0.000476
-0.000554
-0.000586
-0.000601
-0.000631
-0.000661
-0.000667
-0.000648
-0.000666
-0.000533
-0.000575
-0.000644
-0.000668
-0.000683
-0.000804
-0.000816
-0.000815
-0.000795
-0.000804
-0.000830
-0.000819
-0.000828
-0.000890
-0.001045
-0.000960
-0.001000
-0.001075
-0.000962
-0.000949
-0.000976
-0.001001
-0.000998
-0.000835
-0.000736
-0.000666
-0.000745
-0.000750
-0.000690
-0.000659
-0.000716
-0.000762
-0.000788
-0.000837
-0.000741
-0.000817
-0.000774
-0.000844
-0.000721
-0.000614
-0.000649
-0.000924
-0.001053
-0.001111
0.000480
0.009543
0.012628
0.002810
-0.002326
-0.003949
-0.002023
-0.001175
-0.000880
-0.000967
-0.000722
-0.000722
-0.000738
-0.000786
-0.000669
-0.000534
-0.000571
-0.000461
-0.000467
-0.000468
-0.000444
-0.000437
-0.000515
-0.000554
-0.000623
-0.000624
-0.000673
-0.000676
-0.000626
-0.000569
-0.000595
-0.000659
-0.000667
-0.000683
-0.000765
-0.000794
-0.000813
-0.000858
-0.000848
-0.000882
-0.000902
-0.000848
-0.000988
-0.001015
-0.001045
-0.001027
-0.001028
-0.000911
-0.001019
-0.001145
-0.001288
-0.001117
-0.000827
-0.000791
-0.000749
-0.000642
-0.000607
-0.000611
-0.000637
-0.000719
-0.000817
-0.000860
-0.000877
-0.000687
-0.000768
-0.000825
-0.000788
-0.000845
-0.000684
-0.000728
-0.000923
-0.001192
-0.000700
0.004848
0.003722
0.003799
0.006528
0.010038
0.004683
-0.006370
-0.011307
-0.004688
-0.001927
-0.000786
-0.000673
-0.000631
-0.000727
-0.000736
-0.000629
-0.000567
-0.000410
-0.000437
-0.000313
-0.000207
-0.000271
-0.000420
-0.000553
-0.000613
-0.000638
-0.000684
-0.000719
-0.000699
-0.000655
-0.000591
-0.000625
-0.000661
-0.000671
-0.000616
-0.000691
-0.000819
-0.000843
-0.000884
-0.000913
-0.000888
-0.001070
-0.000988
-0.000937
-0.000932
-0.000974
-0.001039
-0.001103
-0.001118
-0.001322
-0.001325
-0.001126
-0.000815
-0.000830
-0.000768
-0.000625
-0.000600
-0.000607
-0.000633
-0.000665
-0.000833
-0.000809
-0.000809
-0.000695
-0.000686
-0.000725
-0.000795
-0.000802
-0.000262
-0.000245
-0.000129
-0.000661
0.000496
-0.001155
-0.001505
-0.000284
0.001150
0.003524
0.006378
0.001101
-0.006022
-0.008234
-0.001429
-0.000819
-0.000738
-0.000687
-0.000734
-0.000738
-0.000703
-0.000535
-0.000349
-0.000238
-0.000121
0.000172
-0.000114
-0.000343
-0.000383
-0.000543
-0.000688
-0.000758
-0.000732
-0.000683
-0.000626
-0.000645
-0.000665
-0.000684
-0.000666
-0.000630
-0.000815
-0.000909
-0.000911
-0.000916
-0.000931
-0.000966
-0.000989
-0.000950
-0.000995
-0.000992
-0.001111
-0.001171
-0.001172
-0.001239
-0.001218
-0.001304
-0.001100
-0.000765
-0.000812
-0.000818
-0.000653
-0.000677
-0.000677
-0.000589
-0.000641
-0.000650
-0.000718
-0.000632
-0.000687
-0.000669
-0.000667
-0.000232
-0.000071
-0.000399
0.000325
0.001260
0.000392
-0.000329
-0.000456
-0.000614
-0.000904
0.001440
0.005888
0.008161
0.002312
-0.000951
-0.000941
-0.000856
-0.000790
-0.000632
-0.000608
-0.000504
-0.000479
-0.000691
-0.000565
-0.000569
-0.000330
-0.000262
-0.000143
-0.000212
-0.000359
-0.000487
-0.000579
-0.000728
-0.000818
-0.000810
-0.000708
-0.000643
-0.000653
-0.000697
-0.000680
-0.000687
-0.000805
-0.000865
-0.000901
-0.000901
-0.000962
-0.000924
-0.000941
-0.000976
-0.000994
-0.001102
-0.001117
-0.001180
-0.001188
-0.001213
-0.001284
-0.001258
-0.001142
-0.001100
-0.000778
-0.000826
-0.000833
-0.000677
-0.000613
-0.000647
-0.000611
-0.000643
-0.000631
-0.000654
-0.000575
-0.000585
-0.000594
0.000041
-0.001484
-0.000379
-0.000202
0.000296
0.000519
-0.000488
-0.000681
-0.000486
-0.000534
-0.000053
0.001892
0.007471
0.005730
0.000896
0.000943
-0.000551
-0.000894
-0.000647
0.000605
0.001877
0.002743
0.002840
0.000529
-0.000476
-0.000615
-0.000566
-0.000463
-0.000372
-0.000387
-0.000434
-0.000536
-0.000589
-0.000692
-0.000852
-0.000841
-0.000742
-0.000628
-0.000655
-0.000804
-0.000778
-0.000892
-0.000972
-0.000888
-0.000897
-0.000937
-0.000909
-0.000975
-0.000960
-0.000947
-0.001031
-0.001161
-0.001229
-0.001227
-0.001249
-0.001221
-0.001161
-0.001053
-0.001081
-0.001198
-0.000774
-0.000760
-0.000775
-0.000676
-0.000595
-0.000576
-0.000551
-0.000640
-0.000632
-0.000676
-0.000607
-0.000556
-0.000042
-0.001929
-0.001439
-0.000230
-0.000174
-0.000956
-0.000692
-0.000520
-0.000503
-0.000432
0.000185
0.002315
0.003110
0.002030
0.000335
0.004038
0.006801
0.003779
0.001887
0.001235
0.001295
0.002283
0.002177
0.001883
0.002907
0.002251
0.000358
-0.000455
-0.000636
-0.000613
-0.000511
-0.000553
-0.000541
-0.000625
-0.000737
-0.000765
-0.000765
-0.000729
-0.000660
-0.000708
-0.000750
-0.000800
-0.000881
-0.000962
-0.000877
-0.000904
-0.001030
-0.001039
-0.000920
-0.000986
-0.001078
-0.001160
-0.001206
-0.001106
-0.001138
-0.001188
-0.001114
-0.000939
-0.001133
-0.001177
-0.001166
-0.000687
-0.000688
-0.000643
-0.000632
-0.000599
-0.000541
-0.000543
-0.000540
-0.000614
-0.000544
-0.000588
-0.000177
-0.000497
-0.001454
-0.000714
-0.001511
-0.001428
-0.000696
-0.000601
-0.000625
-0.000570
-0.000424
0.002017
0.003854
-0.000329
-0.001105
0.000630
0.000128
0.001090
0.003115
0.000574
-0.000815
-0.001804
-0.000672
0.001677
0.000987
0.001883
0.003231
0.002388
-0.000479
-0.000561
-0.000698
-0.000635
-0.000747
-0.000837
-0.000886
-0.000786
-0.000764
-0.000758
-0.000728
-0.000761
-0.000739
-0.000794
-0.000778
-0.000809
-0.000875
-0.000950
-0.000989
-0.001016
-0.000980
-0.001035
-0.001089
-0.001075
-0.001107
-0.001279
-0.001132
-0.001056
-0.001063
-0.000931
-0.001062
-0.001168
-0.001108
-0.000596
-0.000695
-0.000646
-0.000641
-0.000615
-0.000610
-0.000558
-0.000552
-0.000554
-0.000531
-0.000575
-0.000546
-0.000473
-0.000460
-0.002049
-0.001014
-0.006034
-0.001284
-0.000518
-0.000440
-0.000512
-0.000401
-0.000445
-0.000253
-0.000194
-0.001056
-0.001128
-0.001714
-0.000726
-0.000684
-0.001171
-0.000485
-0.000412
-0.001188
-0.001102
0.001024
0.001251
0.000856
0.001629
0.001430
-0.000483
-0.000604
-0.001181
-0.001275
-0.001006
-0.000777
-0.000873
-0.000816
-0.000798
-0.000796
-0.000815
-0.000818
-0.000816
-0.000806
-0.000822
-0.000814
-0.000948
-0.000940
-0.000980
-0.001103
-0.001105
-0.001067
-0.001008
-0.000960
-0.001069
-0.001234
-0.001075
-0.001070
-0.001057
-0.001033
-0.001112
-0.001194
-0.001112
-0.000998
-0.000706
-0.000627
-0.000556
-0.000561
-0.000547
-0.000508
-0.000490
-0.000537
-0.000516
-0.000566
-0.000487
-0.000473
-0.000497
-0.000979
0.001678
-0.006025
-0.002029
-0.000681
-0.000626
-0.000589
-0.000476
0.000800
0.000369
-0.000386
-0.001891
-0.000782
-0.000561
-0.000375
-0.000771
-0.000695
-0.000665
-0.000501
-0.000923
-0.000744
0.002668
0.001277
-0.000214
-0.000185
0.000390
0.001058
-0.000677
-0.000854
-0.001622
-0.001193
0.000302
-0.000746
-0.000927
-0.000864
-0.000853
-0.000868
-0.000965
-0.000927
-0.000878
-0.000908
-0.000918
-0.000992
-0.001035
-0.001089
-0.001179
-0.001065
-0.001125
-0.001052
-0.001023
-0.001016
-0.001184
-0.001044
-0.001052
-0.001224
-0.001156
-0.001033
-0.000959
-0.001021
-0.000951
-0.000458
-0.000552
-0.000539
-0.000554
-0.000489
-0.000508
-0.000451
-0.000474
-0.000513
-0.000573
-0.000541
-0.000495
-0.000433
-0.000489
0.001440
-0.000266
-0.002655
0.000113
-0.000069
0.000035
0.000834
0.001897
0.001975
0.000634
0.000303
0.001221
-0.000441
-0.000841
-0.000593
-0.000685
-0.000945
-0.000673
-0.001089
-0.000900
0.002191
0.000791
-0.001245
-0.000666
-0.000450
0.000132
-0.001576
-0.000780
-0.000876
-0.000430
0.000093
0.002211
-0.000663
-0.001017
-0.000956
-0.000842
-0.000855
-0.000873
-0.000994
-0.000927
-0.000960
-0.001024
-0.001134
-0.001154
-0.001096
-0.001023
-0.001127
-0.001229
-0.001202
-0.001102
-0.001158
-0.001078
-0.001270
-0.001281
-0.001167
-0.001004
-0.000981
-0.000935
-0.000878
-0.000344
-0.000616
-0.000572
-0.000558
-0.000515
-0.000507
-0.000448
-0.000454
-0.000548
-0.000561
-0.000466
-0.000467
-0.000438
-0.000533
0.000138
0.001097
-0.000116
0.001698
0.000114
0.000397
0.001021
0.003233
0.004536
0.003832
0.002202
0.000189
0.001296
-0.000141
-0.000573
-0.000474
-0.001006
-0.001110
-0.001149
0.000479
0.006654
0.000735
-0.000306
-0.000801
-0.000945
-0.000765
-0.001439
-0.000541
-0.000216
-0.000947
-0.000706
0.000710
0.002889
-0.000584
-0.000911
-0.000810
-0.000890
-0.000904
-0.000943
-0.000969
-0.001055
-0.001013
-0.001078
-0.001173
-0.001141
-0.001095
-0.001083
-0.001145
-0.001176
-0.001130
-0.001112
-0.001249
-0.001363
-0.001205
-0.001155
-0.001169
-0.001146
-0.001214
-0.000767
-0.000671
-0.000489
-0.000588
-0.000572
-0.000520
-0.000498
-0.000499
-0.000458
-0.000514
-0.000440
-0.000444
-0.000486
-0.000468
-0.000426
-0.000348
-0.001437
-0.000296
0.000651
0.000275
0.000828
0.001045
0.003623
0.002990
0.004036
0.004123
0.002395
0.001289
0.000632
0.000526
0.000027
-0.000112
0.000338
0.000599
0.000201
-0.000547
-0.000374
0.000545
0.000552
0.001057
0.001183
-0.000093
0.001436
-0.000797
-0.001018
-0.000494
-0.000442
0.001120
0.001916
-0.000658
-0.000946
-0.000940
-0.000968
-0.001067
-0.001060
-0.001128
-0.001125
-0.001176
-0.001152
-0.001077
-0.001111
-0.000905
-0.000984
-0.001220
-0.001154
-0.001247
-0.001428
-0.001434
-0.001307
-0.001281
-0.001337
-0.001417
-0.001221
-0.000938
-0.000634
-0.000566
-0.000606
-0.000522
-0.000504
-0.000442
-0.000527
-0.000444
-0.000439
-0.000438
-0.000492
-0.000533
-0.000637
-0.000487
-0.000593
-0.000054
-0.000799
-0.000525
0.000040
-0.001395
-0.001019
-0.000107
0.000309
0.000073
0.001516
-0.000477
-0.001313
-0.001982
-0.003837
-0.001889
-0.000491
-0.001889
-0.001668
-0.000569
0.000311
-0.001584
0.006248
0.007485
0.010004
0.008134
0.002494
0.005015
0.001961
0.002315
-0.000548
-0.000337
-0.000623
-0.000665
0.000207
-0.000850
-0.001063
-0.001079
-0.001040
-0.001057
-0.001186
-0.001198
-0.001101
-0.001147
-0.001048
-0.000922
-0.000916
-0.000986
-0.001062
-0.001267
-0.001487
-0.001357
-0.001285
-0.001250
-0.001198
-0.001173
-0.001241
-0.001151
-0.001093
-0.000675
-0.000631
-0.000668
-0.000597
-0.000518
-0.000466
-0.000579
-0.000507
-0.000409
-0.000371
-0.000540
-0.000541
-0.000486
-0.000525
-0.000577
-0.000625
-0.000605
-0.000832
-0.000949
-0.000897
-0.000776
-0.001093
-0.001152
0.000052
-0.002746
-0.008640
-0.009195
-0.007075
-0.005765
-0.004381
-0.005075
-0.002509
-0.001261
-0.000783
-0.000930
0.000191
0.000632
0.003631
0.007395
0.005101
0.004459
0.002691
0.002695
0.002181
-0.001064
-0.001873
-0.003147
-0.002707
-0.002081
0.000692
-0.000794
-0.001100
-0.001109
-0.001132
-0.001055
-0.001102
-0.001050
-0.000995
-0.000942
-0.000921
-0.000907
-0.001052
-0.001234
-0.001444
-0.001457
-0.001380
-0.001268
-0.001187
-0.001014
-0.001034
-0.001056
-0.001180
-0.001127
-0.000637
-0.000654
-0.000652
-0.000592
-0.000498
-0.000503
-0.000547
-0.000525
-0.000491
-0.000451
-0.000532
-0.000555
-0.000517
-0.000559
-0.000603
-0.000585
-0.000643
-0.000762
-0.000845
-0.000744
-0.000323
0.003720
0.002029
0.001181
-0.001390
-0.006933
-0.008562
-0.007703
-0.008462
-0.007729
-0.006664
-0.004256
-0.001460
0.000939
-0.000214
0.001474
0.000042
0.000780
0.005691
-0.000547
-0.002695
-0.004508
0.003670
-0.005568
-0.014873
-0.005336
-0.002633
-0.004520
-0.002607
-0.000530
-0.003738
-0.000945
-0.001030
-0.001065
-0.001111
-0.001110
-0.001034
-0.000929
-0.000864
-0.001013
-0.001082
-0.001135
-0.001408
-0.001485
-0.001425
-0.001393
-0.001248
-0.001199
-0.001119
-0.000986
-0.001198
-0.001284
-0.001043
-0.000668
-0.000653
-0.000685
-0.000632
-0.000502
-0.000505
-0.000549
-0.000525
-0.000481
-0.000517
-0.000586
-0.000683
-0.000595
-0.000589
-0.000613
-0.000634
-0.000588
-0.000612
-0.000626
-0.000493
0.002051
0.005332
0.003171
0.000245
-0.000829
-0.003887
-0.006998
-0.008333
-0.010423
-0.012504
-0.011447
-0.007433
-0.001818
-0.000263
0.000677
0.001230
0.001546
0.001693
0.002636
0.006299
0.007170
0.006532
-0.002383
-0.015148
-0.022403
-0.012814
-0.003924
-0.001959
0.001123
-0.002104
-0.015677
-0.018813
0.000257
-0.001028
-0.001065
-0.001136
-0.000985
-0.001134
-0.001179
-0.001183
-0.001237
-0.001394
-0.001352
-0.001458
-0.001463
-0.001414
-0.001406
-0.001432
-0.001148
-0.001208
-0.001307
-0.001119
-0.001057
-0.000587
-0.000675
-0.000708
-0.000691
-0.000571
-0.000497
-0.000487
-0.000510
-0.000513
-0.000548
-0.000603
-0.000640
-0.000655
-0.000700
-0.000617
-0.000583
-0.000598
-0.000449
-0.000429
-0.000403
-0.000141
0.004661
0.004720
0.002383
0.000585
-0.003785
-0.008474
-0.014148
-0.015956
-0.016804
-0.015261
-0.009968
-0.000829
-0.000747
-0.000306
-0.000928
-0.000256
0.001458
0.001862
0.000987
0.000477
0.001953
0.001872
-0.001776
-0.007142
-0.023379
-0.007278
-0.003098
0.007523
-0.008695
-0.017062
-0.008509
-0.005034
0.000332
0.000095
-0.000997
-0.001091
-0.001087
-0.001144
-0.001180
-0.001211
-0.001275
-0.001312
-0.001302
-0.001417
-0.001531
-0.001388
-0.001395
-0.001330
-0.001121
-0.001167
-0.001065
-0.001013
-0.000749
-0.000741
-0.000814
-0.000764
-0.000530
-0.000581
-0.000562
-0.000572
-0.000516
-0.000571
-0.000646
-0.000689
-0.000792
-0.000726
-0.000625
-0.000579
-0.000446
-0.000385
-0.000450
-0.000614
-0.000773
0.000454
0.003511
0.003360
0.000715
-0.003078
-0.010851
-0.016954
-0.015877
-0.018492
-0.018866
-0.013312
0.002735
-0.000284
0.000126
-0.001233
-0.000528
0.001108
0.002079
0.002333
0.001870
0.001892
0.002366
0.002712
0.002998
-0.002583
-0.021679
-0.000767
0.004490
-0.006465
-0.006516
-0.004632
-0.003042
-0.002445
-0.000265
0.000061
-0.000930
-0.001016
-0.001108
-0.001116
-0.001123
-0.000977
-0.001184
-0.001453
-0.001402
-0.001331
-0.001192
-0.001301
-0.001191
-0.001108
-0.001139
-0.001011
-0.001109
-0.000817
-0.000781
-0.000880
-0.000693
-0.000756
-0.000735
-0.000679
-0.000716
-0.000641
-0.000652
-0.000633
-0.000701
-0.000721
-0.000683
-0.000592
-0.000421
-0.000299
-0.000446
-0.000556
-0.000800
-0.000808
-0.001025
0.000294
0.001907
-0.001763
-0.003195
-0.007929
-0.008818
-0.010817
-0.014066
-0.019097
-0.010691
-0.001735
-0.001411
-0.001919
-0.001942
-0.000506
0.000852
0.001087
0.001445
0.001761
0.002018
0.002556
0.002681
0.002617
0.003445
0.000124
0.001293
0.004323
-0.003267
-0.002791
-0.002406
-0.001466
0.000398
-0.000795
0.001324
0.000130
-0.000334
-0.001047
-0.000941
-0.000996
-0.001154
-0.001249
-0.001389
-0.001254
-0.001334
-0.001325
-0.001359
-0.001222
-0.001140
-0.001114
-0.001138
-0.001082
-0.000738
-0.000851
-0.000832
-0.000952
-0.000785
-0.000887
-0.000791
-0.000728
-0.000450
-0.000648
-0.000617
-0.000762
-0.000427
-0.000370
-0.000318
-0.000390
-0.000427
-0.000494
-0.000647
-0.000721
-0.000822
-0.001035
-0.000769
0.001161
0.000669
-0.001728
-0.008771
-0.011885
-0.011730
-0.016362
-0.014141
-0.007910
-0.003095
-0.001534
-0.002155
-0.000634
0.000318
0.001007
0.000187
0.000673
0.001470
0.002347
0.002869
0.003080
0.002915
0.003140
0.003826
0.000244
0.001379
-0.001717
-0.002310
-0.001528
0.007731
0.005949
0.003068
0.002792
0.000808
-0.001590
0.000174
0.000054
0.000057
-0.001289
-0.001385
-0.001366
-0.001235
-0.001200
-0.001323
-0.001218
-0.001268
-0.001217
-0.001211
-0.001121
-0.001089
-0.000803
-0.000947
-0.000885
-0.000942
-0.000970
-0.000844
-0.000821
-0.000893
-0.000903
-0.000722
-0.000729
-0.000817
-0.000293
-0.000525
-0.000391
-0.000400
-0.000521
-0.000480
-0.000637
-0.000703
-0.000775
-0.000828
-0.000773
-0.000854
-0.001326
-0.001367
-0.000904
-0.002339
-0.001099
-0.009740
-0.009017
-0.002335
-0.002483
-0.002320
-0.000976
-0.000153
0.000393
-0.000148
0.000696
0.000366
0.001328
0.001881
0.003321
0.003496
0.002586
0.002739
0.003203
0.003374
0.000535
-0.001955
-0.002317
0.004708
0.014043
0.012344
0.007295
-0.000057
0.000294
0.001492
-0.001283
-0.001247
-0.001496
0.000258
-0.000159
-0.001257
-0.001354
-0.001365
-0.001336
-0.001170
-0.001207
-0.001171
-0.001231
-0.001161
-0.001198
-0.000829
-0.000823
-0.000868
-0.000910
-0.001008
-0.000847
-0.000793
-0.000819
-0.000788
-0.000974
-0.001103
-0.000746
-0.000392
-0.000463
-0.000172
-0.000054
-0.000663
-0.000664
-0.000668
-0.000525
-0.000760
-0.001077
-0.000978
-0.001008
-0.001018
-0.000973
-0.001169
-0.001176
-0.001227
-0.001371
-0.000424
-0.002629
-0.002813
-0.002185
-0.001239
-0.000286
0.000449
0.000602
0.000756
0.000486
0.000868
0.000874
0.000393
0.001417
0.001594
0.002116
0.002293
0.002259
0.004189
-0.000638
0.001175
0.014982
0.011474
0.002996
0.000604
0.001054
0.010026
0.001388
-0.000099
-0.000223
-0.000454
-0.000987
-0.000891
0.000114
-0.000460
-0.000797
-0.001175
-0.001151
-0.001287
-0.001211
-0.001295
-0.001488
-0.001223
-0.000782
-0.000750
-0.000822
-0.000796
-0.000880
-0.000823
-0.000726
-0.000797
-0.000760
-0.001094
-0.001304
-0.000765
-0.001011
-0.001072
-0.001073
-0.000864
-0.001104
-0.001086
-0.001081
-0.001095
-0.001075
-0.001076
-0.001048
-0.001177
-0.001125
-0.001240
-0.001281
-0.001233
-0.001288
-0.001327
-0.000968
-0.000549
-0.000213
0.000057
0.000064
-0.000048
-0.000057
0.000007
-0.001723
-0.000056
0.000532
0.000318
-0.000699
-0.001854
-0.000191
0.000432
0.000508
0.001918
-0.000013
-0.003802
-0.001378
0.005589
-0.000695
-0.001509
-0.001446
-0.001835
-0.000765
-0.000012
-0.000866
-0.001171
-0.001228
-0.001219
-0.001143
-0.001240
-0.001429
-0.001290
-0.001285
-0.001171
-0.001250
-0.001325
-0.001314
-0.001336
-0.001097
-0.000812
-0.000898
-0.000876
-0.000790
-0.000767
-0.000678
-0.000700
-0.001104
-0.001221
-0.001295
-0.000928
-0.001287
-0.001075
-0.001033
-0.001133
-0.000890
-0.001077
-0.000995
-0.000823
-0.000989
-0.001078
-0.001157
-0.001246
-0.001220
-0.001162
-0.001362
-0.001358
-0.001396
-0.001320
-0.001411
-0.001328
-0.001484
-0.001638
-0.001492
-0.001523
-0.001556
-0.001446
-0.000169
-0.000152
-0.000126
0.000000
-0.000038
-0.000339
-0.000566
-0.000920
-0.002839
-0.003194
-0.003191
-0.006284
-0.010309
-0.012500
-0.004944
-0.001485
-0.001463
-0.000995
-0.000434
-0.000892
-0.000977
-0.001054
-0.001179
-0.001214
-0.001004
-0.000974
-0.001098
-0.001277
-0.001344
-0.001360
-0.001286
-0.001281
-0.001258
-0.001235
-0.001139
-0.001000
-0.000826
-0.001014
-0.000953
-0.000968
-0.000690
-0.000861
-0.000936
-0.001413
-0.001542
-0.001586
-0.001236
-0.000947
-0.001265
-0.001229
-0.001259
-0.001137
-0.001127
-0.000875
-0.000772
-0.000855
-0.001126
-0.001009
-0.001095
-0.001251
-0.001177
-0.001316
-0.001325
-0.001352
-0.001300
-0.001403
-0.001430
-0.001345
-0.001458
-0.001327
-0.001553
-0.001677
-0.001562
-0.001570
-0.001725
-0.001813
-0.001818
-0.001929
-0.001705
-0.001715
0.000005
-0.010814
-0.009491
-0.015408
-0.018648
-0.021924
-0.020296
-0.000784
-0.001003
-0.001077
-0.001301
-0.001272
-0.001074
-0.001095
-0.001306
-0.001264
-0.001066
-0.000960
-0.001076
-0.001129
-0.001197
-0.001227
-0.001188
-0.001165
-0.001219
-0.001285
-0.001167
-0.001032
-0.000940
-0.000983
-0.001058
-0.001067
-0.000836
-0.001099
-0.001218
-0.001445
-0.001536
-0.001560
-0.001533
-0.001359
-0.001149
-0.001166
-0.001186
-0.001121
-0.001245
-0.001251
-0.001286
-0.001237
-0.001150
-0.001059
-0.001130
-0.001035
-0.001190
-0.001256
-0.001288
-0.001068
-0.001381
-0.001499
-0.001691
-0.001630
-0.001398
-0.001383
-0.001459
-0.001594
-0.001563
-0.001602
-0.001639
-0.001554
-0.001780
-0.001892
-0.001853
-0.002000
-0.001933
-0.001802
-0.000434
-0.015582
-0.017623
-0.019412
-0.020098
-0.016261
-0.003764
-0.001145
-0.001797
-0.001331
-0.000995
-0.001335
-0.001517
-0.001172
-0.001155
-0.001034
-0.001045
-0.001223
-0.001130
-0.001309
-0.001143
-0.001223
-0.001409
-0.001319
-0.001051
-0.000980
-0.000950
-0.001175
-0.001368
-0.001339
-0.001405
-0.001459
-0.001577
-0.001533
-0.001550
-0.001584
-0.001545
-0.001459
-0.001445
-0.001455
-0.001222
-0.001213
-0.000897
-0.001259
-0.001182
-0.001564
-0.001296
-0.001192
-0.001243
-0.001196
-0.001204
-0.001360
-0.001496
-0.001417
-0.000874
-0.001085
-0.001567
-0.001642
-0.001796
-0.001655
-0.001686
-0.001455
-0.001557
-0.001603
-0.001564
-0.001513
-0.001532
-0.002088
-0.002146
-0.002066
-0.001948
-0.001985
-0.001808
-0.001708
-0.003823
-0.022088
-0.019949
-0.013018
-0.007272
-0.002069
-0.003071
-0.002923
-0.001320
-0.001525
-0.001353
-0.001260
-0.001122
-0.001114
-0.001191
-0.001214
-0.001243
-0.001233
-0.001157
-0.001187
-0.001240
-0.001458
-0.001155
-0.000995
-0.000975
-0.001239
-0.001321
-0.001387
-0.001385
-0.001365
-0.001391
-0.001541
-0.001596
-0.001491
-0.001399
-0.001496
-0.001443
-0.001470
-0.001578
-0.001398
-0.001154
-0.001051
-0.001195
-0.001462
-0.001094
-0.001337
-0.001260
-0.001324
-0.001318
-0.001305
-0.001539
-0.001730
-0.001622
-0.001536
-0.001459
-0.001749
-0.001731
-0.001891
-0.001781
-0.001745
-0.001718
-0.001748
-0.001515
-0.001708
-0.001403
-0.001967
-0.002453
-0.002172
-0.002229
-0.002187
-0.002161
-0.001946
-0.002034
-0.001899
-0.005670
-0.006383
-0.009666
-0.004042
-0.002188
-0.003164
-0.002830
-0.001720
-0.001727
-0.001518
-0.001247
-0.000966
-0.001093
-0.001146
-0.001190
-0.001246
-0.001330
-0.001035
-0.001247
-0.001518
-0.001306
-0.001175
-0.001114
-0.001168
-0.001474
-0.001525
-0.001409
-0.001288
-0.001277
-0.001408
-0.001499
-0.001267
-0.001432
-0.001528
-0.001467
-0.001430
-0.001486
-0.001527
-0.001418
-0.001068
-0.001117
-0.001152
-0.001344
-0.001472
-0.001411
-0.001279
-0.001355
-0.001331
-0.001360
-0.001532
-0.001706
-0.001715
-0.001635
-0.001659
-0.001949
-0.001856
-0.001818
-0.001852
-0.001809
-0.001756
-0.001830
-0.001608
-0.001768
-0.001903
-0.001818
-0.001879
-0.002121
-0.001939
-0.002083
-0.002350
-0.002222
-0.002085
-0.001884
-0.002211
-0.002617
-0.003091
-0.002303
-0.002516
-0.002527
-0.001949
-0.001750
-0.001688
-0.001706
-0.001378
-0.001108
-0.001082
-0.001188
-0.001267
-0.001245
-0.001150
-0.001097
-0.001399
-0.001345
-0.000988
-0.001099
-0.001187
-0.001457
-0.001480
-0.001418
-0.001335
-0.001380
-0.001372
-0.001243
-0.001159
-0.001392
-0.001368
-0.001442
-0.001555
-0.001465
-0.001452
-0.001484
-0.001480
-0.001289
-0.001092
-0.001156
-0.001280
-0.001433
-0.001396
-0.001275
-0.001346
-0.001453
-0.001435
-0.001467
-0.001634
-0.001702
-0.001738
-0.001896
-0.001798
-0.001906
-0.001889
-0.002024
-0.002124
-0.002226
-0.002128
-0.002067
-0.002083
-0.002102
-0.001842
-0.001738
-0.002059
-0.002089
-0.002158
-0.002220
-0.002050
-0.002048
-0.001993
-0.002193
-0.002337
-0.002237
-0.001952
-0.002158
-0.002448
-0.001830
-0.001704
-0.001485
-0.001357
-0.001324
-0.001251
-0.001275
-0.001172
-0.001128
-0.001139
-0.001177
-0.001230
-0.001317
-0.000996
-0.000962
-0.001091
-0.001400
-0.001399
-0.001276
-0.001419
-0.001328
-0.001344
-0.001295
-0.001223
-0.001466
-0.001390
-0.001270
-0.001532
-0.001322
-0.001393
-0.001389
-0.001400
-0.001231
-0.001227
-0.001174
-0.001196
-0.001239
-0.001443
-0.001465
-0.001369
-0.001374
-0.001436
-0.001514
-0.001661
-0.001814
-0.001836
-0.001756
-0.001730
-0.001960
-0.001915
-0.001995
-0.002025
-0.002183
-0.002260
-0.002302
-0.002302
-0.002043
-0.001936
-0.001724
-0.001632
-0.002026
-0.002313
-0.002351
-0.001886
-0.002057
-0.002201
-0.002266
-0.002098
-0.002125
-0.002010
-0.001633
-0.001846
-0.001539
-0.001472
-0.001615
-0.001410
-0.001364
-0.001227
-0.001466
-0.001487
-0.001236
-0.001063
-0.001119
-0.001160
-0.001194
-0.001353
-0.001142
-0.001070
-0.001437
-0.001463
-0.001276
-0.001200
-0.001388
-0.001230
-0.001175
-0.001224
-0.001320
-0.001297
-0.001233
-0.001391
-0.001461
-0.001471
-0.001227
-0.001319
-0.001220
-0.001015
-0.001163
-0.001279
-0.001159
-0.001169
-0.001283
-0.001209
-0.001291
-0.001248
-0.001315
-0.001448
-0.001561
-0.001585
-0.001585
-0.001529
-0.001660
-0.001778
-0.001786
-0.001811
-0.001861
-0.002170
-0.002128
-0.002427
-0.002234
-0.002213
-0.002124
-0.002009
-0.002043
-0.002086
-0.001937
-0.001987
-0.001931
-0.001849
-0.002223
-0.002051
-0.002082
-0.001993
-0.001468
-0.001797
-0.001750
-0.001565
-0.001349
-0.001526
-0.001510
-0.001367
-0.001192
-0.001288
-0.001415
-0.001130
-0.001155
-0.001187
-0.001270
-0.001227
-0.001337
-0.001275
-0.001456
-0.001475
-0.001197
-0.001105
-0.001325
-0.001154
