0.000499
0.000531
0.000508
0.000632
0.000482
0.000574
0.000618
0.000438
0.000739
0.000669
0.000687
-0.000603
0.000665
0.000615
0.000592
0.000532
0.000444
0.000396
0.000422
0.000382
0.000332
0.000496
0.000607
0.000649
0.000646
0.000556
0.000626
0.000667
0.000564
0.000628
0.000594
0.000735
0.000809
0.000707
0.000689
0.000611
0.000458
0.000515
0.000448
0.000365
0.000415
0.000358
0.000319
0.000332
0.000292
0.000281
0.000219
0.000244
0.000249
0.000386
0.000280
0.000202
0.000245
0.000223
0.000247
0.000276
0.000348
0.000251
0.000250
0.000299
0.000372
0.000334
0.000444
0.000524
0.000433
0.000445
-0.001158
0.000375
0.000382
0.000360
0.000061
0.000389
0.000195
0.000406
0.000482
0.000552
0.000535
0.000561
0.000595
0.000591
0.000614
0.000554
0.000646
0.000556
0.000517
0.000467
0.000518
0.000611
0.000555
0.000532
0.000545
0.000536
0.000508
0.000400
0.000391
0.000470
0.000630
0.000583
0.000618
0.000538
0.000631
0.000639
0.000723
0.000629
0.000705
0.000759
0.000754
0.000619
0.000544
0.000651
0.000493
0.000491
0.000478
0.000424
0.000429
0.000375
0.000345
0.000383
0.000318
0.000224
0.000263
0.000328
0.000313
0.000320
0.000293
0.000288
0.000314
0.000304
0.000320
0.000347
0.000302
0.000261
0.000297
0.000291
0.000300
0.000307
0.000335
0.000305
0.000296
0.000316
0.000320
0.000299
0.000270
0.000243
0.000251
0.000437
0.000425
0.000564
0.000565
0.000551
0.000585
0.000582
0.000562
0.000580
0.000591
0.000546
0.000537
0.000542
0.000604
0.000556
0.000566
0.000525
0.000549
0.000498
0.000542
0.000457
0.000378
0.000232
0.000435
0.000517
0.000514
0.000519
0.000539
0.000534
0.000657
0.000681
0.000743
0.000564
0.000597
0.000580
0.000751
0.000618
0.000628
0.000545
0.000531
0.000539
0.000573
0.000581
0.000404
0.000353
0.000425
0.000381
0.000293
0.000296
0.000295
0.000368
0.000341
0.000313
0.000319
0.000287
0.000283
0.000315
0.000296
0.000286
0.000319
0.000303
0.000317
0.000320
0.000307
0.000285
0.000294
0.000273
0.000292
0.000305
0.000284
0.000273
0.000227
0.000242
0.000360
0.000510
0.000554
0.000516
0.000563
0.000587
0.000564
0.000566
0.000617
0.000600
0.000622
0.000592
0.000581
0.000599
0.000572
0.000605
0.000517
0.000595
0.000538
0.000471
0.000431
0.000399
0.000264
0.000359
0.000507
0.000470
0.000482
0.000506
0.000538
0.000576
0.000681
0.000669
0.000595
0.000599
0.000700
0.000574
0.000601
0.000501
0.000531
0.000475
0.000371
0.000524
0.000486
0.000410
0.000352
0.000391
0.000359
0.000294
0.000310
0.000382
0.000375
0.000431
0.000317
0.000288
0.000240
0.000278
0.000231
0.000258
0.000306
0.000301
0.000293
0.000323
0.000307
0.000265
0.000353
0.000273
0.000249
0.000237
0.000232
0.000276
0.000254
0.000287
0.000232
0.000308
0.000494
0.000501
0.000548
0.000561
0.000542
0.000545
0.000552
0.000595
0.000570
0.000598
0.000630
0.000671
0.000640
0.000627
0.000505
0.000617
0.000579
0.000587
0.000545
0.000348
0.000332
0.000474
0.000447
0.000462
0.000514
0.000523
0.000471
0.000489
0.000580
0.000625
0.000671
0.000338
0.000513
0.000700
0.000734
0.000742
0.000687
0.000459
0.000393
0.000370
0.000439
0.000455
0.000433
0.000283
0.000281
0.000288
0.000258
0.000314
0.000306
0.000316
0.000321
0.000310
0.000277
0.000258
0.000278
0.000276
0.000275
0.000283
0.000283
0.000278
0.000286
0.000331
0.000367
0.000351
0.000245
0.000258
0.000239
0.000265
0.000275
0.000268
0.000296
0.000279
-0.002169
0.000490
0.000502
0.000527
0.000534
0.000497
0.000517
0.000492
0.000460
0.000545
0.000629
0.000550
0.000573
0.000606
0.000625
0.000607
0.000614
0.000570
0.000583
0.000504
0.000382
0.000429
0.000527
0.000552
0.000532
0.000507
0.000505
0.000478
0.000518
0.000592
0.000535
0.000618
0.000455
0.000429
0.000480
0.000541
0.000545
0.000683
0.000585
0.000413
0.000360
0.000371
0.000319
0.000370
0.000355
0.000299
0.000331
0.000288
0.000288
0.000288
0.000286
0.000300
0.000311
0.000294
0.000251
0.000264
0.000267
0.000246
0.000197
0.000244
0.000264
0.000284
0.000284
0.000318
0.000290
0.000223
0.000226
0.000217
0.000229
0.000298
0.000300
0.000359
0.000283
0.000331
0.000528
0.000530
0.000490
0.000537
0.000590
0.000576
0.000564
0.000434
0.000509
0.000497
0.000507
0.000552
0.000571
0.000499
0.000612
0.000645
0.000570
0.000594
0.000588
0.000549
0.000486
0.000595
0.000669
0.000543
0.000537
0.000567
0.000489
0.000506
0.000612
0.000526
0.000549
0.000532
0.000540
0.000665
0.000702
0.000701
0.000666
0.000606
0.000462
0.000373
0.000457
0.000474
0.000432
0.000413
0.000403
0.000364
0.000312
0.000271
0.000262
0.000282
0.000273
0.000253
0.000280
0.000196
0.000235
0.000247
0.000286
0.000293
0.000318
0.000292
0.000291
0.000235
0.000223
0.000274
0.000233
0.000289
0.000186
0.000243
0.000297
0.000286
0.000322
0.000263
0.000264
0.000483
0.000513
0.000488
0.000487
0.000569
0.000511
0.000472
0.000420
0.000466
0.000557
0.000529
0.000512
0.000516
0.000556
0.000603
0.000580
0.000566
0.000639
0.000560
0.000601
0.000634
0.000693
0.000643
0.000583
0.000604
0.000578
0.000559
0.000519
0.000601
0.000615
0.000659
0.000699
0.000685
0.000740
0.000694
0.000701
0.000654
0.000678
0.000602
0.000527
0.000410
0.000510
0.000468
0.000472
0.000397
0.000322
0.000292
0.000262
0.000295
0.000275
0.000252
0.000235
0.000233
0.000213
0.000203
0.000175
0.000269
0.000304
0.000263
0.000295
0.000258
0.000306
0.000308
0.000229
0.000254
0.000258
0.000255
0.000245
0.000234
0.000285
0.000318
0.000274
0.000289
0.000551
0.000495
0.000527
0.000526
0.000475
0.000471
0.000452
0.000444
0.000507
0.000473
0.000454
0.000531
0.000565
0.000580
0.000580
0.000472
0.000628
0.000660
0.000611
0.000638
0.000646
0.000623
0.000680
0.000643
0.000672
0.000657
0.000572
0.000569
0.000548
0.000645
0.000654
0.000647
0.000666
0.000790
0.000688
0.000691
0.000726
0.000734
0.000611
0.000530
0.000548
0.000558
0.000531
0.000495
0.000419
0.000381
0.000322
0.000278
0.000289
0.000272
0.000253
0.000237
0.000215
0.000174
0.000188
0.000213
0.000292
0.000312
0.000269
0.000300
0.000284
0.000329
0.000292
0.000265
0.000300
0.000297
0.000242
0.000252
0.000255
0.000298
0.000347
0.000276
0.001326
0.000499
0.000492
0.000487
0.000505
0.000435
0.000488
0.000464
0.000366
0.000323
0.000382
0.000439
0.000517
0.000568
0.000543
0.000483
0.000563
0.000604
0.000624
0.000591
0.000648
0.000708
0.000578
0.000652
0.000698
0.000711
0.000694
0.000658
0.000551
0.000566
0.000581
0.000629
0.000645
0.000658
0.000761
0.000737
0.000656
0.000722
0.000640
0.000597
0.000519
0.000562
0.000556
0.000523
0.000507
0.000434
0.000382
0.000408
0.000340
0.000288
0.000291
0.000258
0.000235
0.000223
0.000195
0.000207
0.000266
0.000331
0.000314
0.000311
0.000292
0.000292
0.000315
0.000280
0.000281
0.000279
0.000278
0.000255
0.000250
0.000281
0.000297
0.000342
0.000348
0.000347
0.000539
0.000474
0.000510
0.000526
0.000535
0.000481
0.000479
0.000436
0.000300
0.000345
0.000372
0.000479
0.000468
0.000528
0.000603
0.000590
0.000596
0.000671
0.000648
0.000618
0.000595
0.000627
0.000646
0.000702
0.000688
0.000657
0.000656
0.000609
0.000577
0.000519
0.000613
0.000622
0.000674
0.000813
0.000737
0.000643
0.000730
0.000696
0.000583
0.000452
0.000561
0.000540
0.000557
0.000456
0.000471
0.000432
0.000433
0.000447
0.000348
0.000305
0.000268
0.000276
0.000231
0.000221
0.000352
0.000325
0.000336
0.000310
0.000304
0.000286
0.000306
0.000310
0.000222
0.000278
0.000284
0.000279
0.000320
0.000309
0.000294
0.000354
0.000365
0.000332
0.000351
0.000532
0.000450
0.000432
0.000412
0.000516
0.000503
0.000417
0.000371
0.000406
0.000346
0.000395
0.000494
0.000513
0.000523
0.000569
0.000615
0.000643
0.000677
0.000646
0.000540
0.000575
0.000553
0.000535
0.000677
0.000674
0.000631
0.000674
0.000726
0.000557
0.000591
0.000668
0.000636
0.000721
0.000722
0.000758
0.000699
0.000676
0.000694
0.000623
0.000584
0.000548
0.000526
0.000483
0.000452
0.000489
0.000428
0.000416
0.000420
0.000334
0.000247
0.000201
0.000226
0.000258
0.000293
0.000335
0.000266
0.000251
0.000316
0.000262
0.000285
0.000294
0.000305
0.000286
0.000260
0.000295
0.000343
0.000329
0.000402
0.000340
0.000314
0.000321
0.000348
0.000210
0.000550
0.000426
0.000361
0.000359
0.000430
0.000458
0.000364
0.000394
0.000384
0.000369
0.000414
0.000421
0.000506
0.000478
0.000465
0.000513
0.000548
0.000674
0.000647
0.000499
0.000554
0.000545
0.000517
0.000659
0.000632
0.000631
0.000677
0.000642
0.000619
0.000655
0.000697
0.000764
0.000714
0.000694
0.000699
0.000675
0.000666
0.000576
0.000665
0.000699
0.000599
0.000587
0.000519
0.000486
0.000434
0.000465
0.000453
0.000443
0.000300
0.000208
0.000185
0.000219
0.000231
0.000286
0.000332
0.000276
0.000277
0.000324
0.000282
0.000262
0.000283
0.000303
0.000315
0.000311
0.000303
0.000321
0.000355
0.000313
0.000281
0.000362
0.000347
0.000397
0.000725
0.000542
0.000419
0.000345
0.000466
0.000423
0.000389
0.000403
0.000375
0.000367
0.000361
0.000411
0.000420
0.000435
0.000392
0.000413
0.000388
0.000513
0.000535
0.000557
0.000578
0.000579
0.000428
0.000176
-0.000048
0.000054
0.000414
0.000635
0.000634
0.000621
0.000679
0.000709
0.000713
0.000727
0.000799
0.000870
0.000809
0.000793
0.000706
0.000623
0.000595
0.000596
0.000627
0.000508
0.000534
0.000488
0.000460
0.000476
0.000455
0.000362
0.000273
0.000209
0.000210
0.000220
0.000288
0.000333
0.000361
0.000324
0.000286
0.000240
0.000260
0.000308
0.000305
0.000335
0.000351
0.000329
0.000372
0.000384
0.000285
0.000293
0.000338
0.000403
0.000444
0.000243
0.000498
0.000458
0.000412
0.000457
0.000401
0.000338
0.000364
0.000382
0.000350
0.000393
0.000380
0.000378
0.000371
0.000358
0.000401
0.000369
0.000432
0.000432
0.000501
0.000533
0.000509
0.000143
-0.002653
-0.004859
-0.008858
-0.009904
-0.004117
-0.000127
0.000662
0.000630
0.000726
0.000753
0.000827
0.000700
0.000824
0.000828
0.000798
0.000783
0.000589
0.000589
0.000646
0.000574
0.000554
0.000559
0.000490
0.000485
0.000475
0.000458
0.000414
0.000324
0.000262
0.000219
0.000235
0.000280
0.000263
0.000351
0.000366
0.000320
0.000332
0.000356
0.000291
0.000336
0.000366
0.000352
0.000375
0.000367
0.000344
0.000346
0.000308
0.000356
0.000413
0.000325
0.000265
0.000550
0.000511
0.000341
0.000404
0.000331
0.000290
0.000312
0.000333
0.000325
0.000341
0.000352
0.000351
0.000343
0.000368
0.000354
0.000373
0.000438
0.000477
0.000514
0.000492
0.000079
0.000080
0.000086
-0.000478
-0.003108
-0.004251
-0.005153
-0.013995
-0.001563
0.000396
0.000672
0.000825
0.000878
0.000856
0.000807
0.000797
0.000839
0.000813
0.000726
0.000658
0.000588
0.000523
0.000551
0.000560
0.000559
0.000475
0.000494
0.000526
0.000407
0.000344
0.000286
0.000290
0.000271
0.000265
0.000255
0.000307
0.000346
0.000317
0.000289
0.000313
0.000297
0.000318
0.000357
0.000373
0.000348
0.000330
0.000295
0.000303
0.000335
0.000372
0.000393
0.000429
0.000252
0.000439
0.000475
0.000373
0.000338
0.000244
0.000223
0.000248
0.000292
0.000313
0.000266
0.000254
0.000326
0.000334
0.000350
0.000330
0.000374
0.000402
0.000368
0.000495
0.000512
0.000527
0.000286
-0.000765
-0.004476
-0.006709
-0.006543
-0.007396
-0.004452
-0.016029
0.001269
0.000915
0.000862
0.000878
0.000836
0.000785
0.000795
0.000815
0.000802
0.000663
0.000574
0.000627
0.000489
0.000537
0.000507
0.000563
0.000486
0.000443
0.000452
0.000435
0.000363
0.000268
0.000246
0.000280
0.000288
0.000262
0.000286
0.000372
0.000351
0.000367
0.000350
0.000328
0.000368
0.000370
0.000333
0.000264
0.000292
0.000336
0.000325
0.000342
0.000384
0.000446
0.000453
-0.001100
0.000449
0.000463
0.000435
0.000309
0.000274
0.000213
0.000207
0.000242
0.000269
0.000316
0.000313
0.000300
0.000300
0.000271
0.000256
0.000223
-0.000385
-0.000270
0.000550
0.000543
0.000416
0.000362
0.000438
0.000203
-0.000038
0.001554
-0.001354
-0.005944
0.000339
0.000978
0.000889
0.000927
0.000815
0.000888
0.001169
0.001283
0.001071
0.000757
0.000724
0.000659
0.000681
0.000563
0.000539
0.000581
0.000486
0.000476
0.000480
0.000459
0.000402
0.000367
0.000287
0.000230
0.000283
0.000301
0.000266
0.000270
0.000328
0.000369
0.000381
0.000348
0.000315
0.000295
0.000367
0.000313
0.000244
0.000388
0.000389
0.000391
0.000414
0.000440
0.000445
0.000352
0.000332
0.000482
0.000364
0.000332
0.000251
0.000236
0.000231
0.000180
0.000205
0.000258
0.000249
0.000253
0.000213
0.000251
-0.000233
-0.002746
-0.000505
-0.000547
0.000576
0.000533
0.000568
0.000492
0.000489
0.000566
0.000625
0.000774
0.001362
-0.000037
0.001876
0.008236
0.002848
0.001101
0.000815
-0.001131
0.001480
0.009407
0.010233
0.005106
0.001085
0.000617
0.000784
0.000647
0.000555
0.000549
0.000539
0.000508
0.000502
0.000458
0.000413
0.000393
0.000363
0.000294
0.000281
0.000311
0.000325
0.000323
0.000256
0.000271
0.000297
0.000400
0.000355
0.000401
0.000313
0.000323
0.000314
0.000369
0.000436
0.000444
0.000472
0.000524
0.000382
0.000379
0.000395
0.000469
0.000387
0.000372
0.000280
0.000228
0.000173
0.000186
0.000174
0.000183
0.000232
0.000215
0.000182
0.000194
-0.001255
-0.014929
-0.003550
0.000638
0.000560
0.000419
0.000359
0.000462
0.000568
0.000613
0.000654
0.000734
0.000521
0.000559
0.000395
0.002400
0.006564
0.010410
0.008610
0.008097
0.007487
0.010158
0.004685
0.004428
0.007633
0.005688
0.003814
0.001946
0.000922
0.000555
0.000512
0.000547
0.000477
0.000395
0.000425
0.000418
0.000418
0.000371
0.000367
0.000337
0.000287
0.000320
0.000299
0.000245
0.000290
0.000380
0.000395
0.000365
0.000357
0.000278
0.000333
0.000339
0.000383
0.000447
0.000511
0.000531
0.000456
0.000400
0.000352
0.000453
0.000519
0.000388
0.000284
0.000214
0.000179
0.000173
0.000195
0.000155
0.000151
0.000185
0.000176
0.000161
0.000328
-0.002263
-0.021180
-0.002823
0.000352
0.000335
0.000358
0.000300
0.000469
0.000669
0.000822
0.000497
0.000360
-0.001339
-0.000803
0.000277
0.000650
0.002799
0.005950
0.003555
0.003832
0.003471
0.002258
0.000785
0.001118
0.001663
0.001646
0.002330
0.003457
0.000253
0.000592
0.000501
0.000520
0.000513
0.000542
0.000425
0.000491
0.000410
0.000403
0.000405
0.000397
0.000341
0.000312
0.000337
0.000359
0.000308
0.000364
0.000368
0.000323
0.000379
0.000363
0.000398
0.000397
0.000375
0.000428
0.000503
0.000447
0.000312
0.000312
0.000340
0.000392
-0.000596
0.000332
0.000258
0.000209
0.000157
0.000162
0.000160
0.000131
0.000123
0.000150
0.000144
0.000157
0.000065
-0.001227
-0.015304
-0.004765
0.000193
0.000357
0.000419
0.000476
0.000527
0.000722
0.000443
0.000517
-0.004296
-0.004015
-0.002384
-0.000071
0.000746
0.001822
-0.001864
0.001059
0.000448
0.000188
0.000576
0.000637
0.000523
0.000738
0.000801
0.001172
0.001570
-0.001256
-0.000472
0.001055
0.000458
0.000531
0.000508
0.000501
0.000479
0.000400
0.000454
0.000397
0.000455
0.000358
0.000342
0.000409
0.000376
0.000354
0.000403
0.000371
0.000385
0.000412
0.000409
0.000417
0.000402
0.000371
0.000441
0.000398
0.000353
0.000247
0.000301
0.000411
0.000371
0.000405
0.000265
0.000255
0.000167
0.000168
0.000134
0.000134
0.000120
0.000088
0.000087
0.000136
0.000082
0.000087
-0.000176
-0.005526
-0.012105
-0.000157
0.000452
0.000534
0.000544
0.000576
0.000468
-0.002843
-0.005138
-0.004103
-0.001274
0.000296
0.000610
0.000750
0.000828
-0.000813
0.000583
0.000204
0.000147
0.000499
0.000826
0.000697
0.000741
0.001134
0.001156
0.001005
-0.002264
-0.000522
0.000320
0.000298
-0.000059
-0.000207
0.000315
0.000434
0.000425
0.000436
0.000440
0.000477
0.000388
0.000350
0.000396
0.000361
0.000341
0.000438
0.000480
0.000384
0.000401
0.000388
0.000411
0.000422
0.000320
0.000383
0.000426
0.000429
0.000396
0.000341
0.000368
0.000331
0.000348
0.000234
0.000145
0.000123
0.000175
0.000101
0.000096
0.000097
0.000071
0.000059
0.000046
0.000054
0.000059
0.000096
-0.002917
-0.016430
-0.001134
0.000392
0.000480
0.000660
0.000483
0.000551
-0.000437
-0.000348
0.000141
0.000507
0.000695
0.000460
0.000329
0.000883
0.000741
0.000633
0.000111
0.000442
0.000089
0.000640
0.000804
0.000721
0.001371
0.000984
0.000624
-0.001226
-0.000475
0.000241
0.000272
0.000215
0.000283
-0.000949
0.000441
0.000441
0.000507
0.000485
0.000332
0.000409
0.000308
0.000408
0.000365
0.000335
0.000486
0.000408
0.000410
0.000253
0.000391
0.000454
0.000425
0.000397
0.000387
0.000401
0.000431
0.000409
0.000314
0.000385
0.000358
0.000432
0.000229
0.000153
0.000145
0.000139
0.000080
0.000023
0.000062
0.000082
0.000035
0.000044
0.000022
0.000041
0.000028
-0.000866
-0.011356
-0.007407
0.000161
0.000609
-0.000091
0.000356
0.000470
0.002210
0.002629
0.001206
0.000407
0.000405
0.000546
0.000127
0.000831
0.000780
0.000790
0.000208
0.000584
0.000151
0.000285
0.000576
0.000596
0.001292
0.001455
0.000417
-0.000261
-0.001640
0.000140
0.000234
0.000262
0.000249
0.000193
0.000342
0.000361
0.000363
0.000429
0.000380
0.000384
0.000325
0.000339
0.000361
0.000319
0.000386
0.000365
0.000399
0.000406
0.000470
0.000405
0.000448
0.000388
0.000308
0.000392
0.000396
0.000443
0.000416
0.000365
0.000379
0.000523
0.000228
0.000179
0.000157
0.000083
0.000046
-0.000000
0.000022
0.000015
-0.000005
-0.000017
-0.000016
-0.000020
-0.000019
-0.000115
-0.005301
-0.008918
-0.000621
0.001148
0.002501
0.004097
0.002825
0.006592
0.010578
0.007583
0.002964
0.001669
0.000877
0.000257
0.000422
0.000853
0.000714
0.000349
0.000453
0.000217
0.000130
0.000603
0.000847
0.001361
0.001080
0.000837
0.000061
-0.001978
-0.000151
0.000365
0.000214
0.000187
0.000285
0.000115
0.000412
0.000357
0.000395
0.000398
0.000455
0.000391
0.000294
0.000397
0.000358
0.000285
0.000290
0.000401
0.000464
0.000436
0.000183
0.000444
0.000452
0.000458
0.000301
0.000416
0.000472
0.000459
0.000417
0.000407
0.000533
0.000210
0.000074
0.000150
0.000118
0.000025
-0.000024
-0.000032
-0.000028
-0.000049
-0.000062
-0.000070
-0.000107
-0.000109
-0.000112
0.000020
-0.000715
-0.000279
-0.000936
-0.002369
-0.002504
-0.002305
-0.001145
-0.004061
-0.000618
0.002919
0.001246
0.000465
0.000282
0.000079
0.001572
0.000997
-0.003487
-0.003054
0.000245
-0.000131
0.000087
0.000565
0.000379
0.000384
0.000422
0.000448
0.000348
0.000268
0.000331
0.000189
0.000198
0.000256
0.000302
0.000213
0.000375
0.000388
0.000412
0.000450
0.000401
0.000289
0.000319
0.000362
0.000352
0.000335
0.000390
0.000447
0.000413
0.000401
0.000405
0.000492
0.000525
0.000454
0.000473
0.000448
0.000358
0.000465
0.000470
0.000510
0.000221
0.000089
0.000069
0.000114
0.000030
-0.000017
-0.000029
-0.000038
-0.000071
-0.000086
-0.000116
-0.000144
-0.000158
-0.000174
-0.000189
-0.000200
-0.000200
-0.000202
-0.000190
-0.000169
-0.000084
-0.000558
0.001047
-0.001643
-0.001440
-0.000802
-0.000796
-0.000816
-0.000715
-0.000824
-0.001948
-0.004655
-0.004016
-0.002875
-0.002972
-0.001884
-0.000231
0.000555
0.000546
0.000530
0.000498
0.000458
0.000355
0.000224
0.000302
0.000295
0.000431
0.000565
0.000309
0.000287
0.000456
0.000439
0.000486
0.000447
0.000331
0.000250
0.000375
0.000407
0.000320
0.000402
0.000434
0.000491
0.000485
0.000219
0.000365
0.000459
0.000413
0.000358
0.000365
0.000462
0.000451
0.000492
0.000497
0.000210
0.000180
0.000044
0.000126
0.000022
0.000001
-0.000043
-0.000069
-0.000096
-0.000118
-0.000141
-0.000167
-0.000183
-0.000198
-0.000209
-0.000230
-0.000229
-0.000237
-0.000205
-0.000141
0.000011
0.000897
-0.001690
-0.001886
-0.001736
-0.001007
-0.000881
-0.000751
-0.000598
-0.000156
-0.001972
-0.005127
-0.004593
-0.003614
-0.003312
-0.003843
-0.002450
-0.000335
0.000055
0.000662
0.000555
0.000467
0.000422
0.000296
0.000250
0.000397
0.000441
0.000503
0.000381
0.000422
0.000297
0.000510
0.000483
0.000517
0.000470
0.000318
0.000257
0.000356
0.000380
0.000437
0.000486
0.000457
0.000451
0.000327
0.000345
0.000447
0.000334
0.000410
0.000419
0.000508
0.000466
0.000570
0.000403
0.000226
0.000134
0.000112
0.000067
0.000052
-0.000010
-0.000055
-0.000094
-0.000111
-0.000138
-0.000158
-0.000191
-0.000217
-0.000229
-0.000248
-0.000285
-0.000329
-0.000291
-0.000260
-0.000185
0.003695
0.009770
-0.000251
-0.001775
-0.001062
-0.000928
-0.000991
-0.001229
-0.000670
-0.000171
-0.001798
-0.005547
-0.005792
-0.003813
-0.003120
-0.003799
-0.004202
-0.003871
-0.002559
-0.000536
-0.000316
-0.000229
0.000414
0.000336
0.000280
0.000245
0.000357
0.000489
0.000457
0.000408
0.000384
0.000186
0.000539
0.000575
0.000514
0.000350
0.000211
0.000342
0.000409
0.000405
0.000423
0.000402
0.000370
0.000304
0.000313
0.000446
0.000269
0.000424
0.000474
0.000497
0.000477
0.000417
0.000341
0.000269
0.000201
0.000151
0.000090
0.000073
-0.000002
-0.000065
-0.000117
-0.000123
-0.000146
-0.000178
-0.000204
-0.000216
-0.000247
-0.000287
-0.000330
-0.000387
-0.000385
-0.001026
-0.001175
-0.000221
0.009548
0.003714
0.000572
-0.001397
-0.001530
-0.001350
-0.001800
-0.000779
0.000059
-0.001524
-0.004872
-0.006576
-0.005053
-0.003156
-0.002903
-0.004563
-0.005390
-0.004470
-0.003798
-0.002556
-0.002987
-0.000097
0.000216
0.000254
0.000079
0.000221
0.000488
0.000567
0.000433
0.000370
0.000445
0.000358
0.000378
0.000456
0.000365
0.000220
0.000255
0.000327
0.000277
0.000307
0.000405
0.000415
0.000440
0.000375
0.000324
0.000406
0.000437
0.000594
0.000505
0.000449
0.000388
0.000287
0.000279
0.000243
0.000189
0.000106
0.000092
0.000010
-0.000073
-0.000126
-0.000140
-0.000149
-0.000188
-0.000214
-0.000244
-0.000296
-0.000339
-0.000364
-0.000383
-0.000718
-0.000948
-0.001101
-0.001082
0.003103
0.002836
-0.000392
-0.002043
-0.003735
-0.001492
-0.001648
-0.001152
0.000097
-0.000808
-0.004181
-0.008107
-0.005748
-0.003838
-0.003356
-0.004667
-0.004810
-0.004223
-0.003975
-0.004374
-0.003870
-0.003051
-0.002611
-0.001557
0.000470
-0.000040
0.000404
0.000490
0.000393
0.000450
0.000515
0.000530
0.000322
0.000219
0.000393
0.000317
0.000299
0.000298
0.000257
0.000237
0.000288
0.000425
0.000454
0.000422
0.000371
0.000421
0.000511
0.000459
0.000459
0.000442
0.000389
0.000348
0.000333
0.000279
0.000209
0.000127
0.000066
0.000008
-0.000027
-0.000101
-0.000140
-0.000173
-0.000198
-0.000219
-0.000224
-0.000301
-0.000358
-0.000387
-0.000766
-0.000885
-0.000897
-0.001018
-0.001389
-0.001560
0.002988
0.002356
-0.001230
-0.003616
-0.002807
-0.001094
-0.000948
-0.000494
-0.000383
-0.003277
-0.006114
-0.005494
-0.004000
-0.003790
-0.004152
-0.004580
-0.004679
-0.004929
-0.004982
-0.003871
-0.002885
-0.002418
-0.000991
0.000109
0.000428
0.000258
0.000479
0.000494
0.000558
0.000576
0.000457
0.000391
0.000457
0.000223
0.000414
0.000328
0.000298
0.000399
0.000213
0.000178
0.000396
0.000312
0.000375
0.000388
0.000461
0.000420
0.000460
0.000454
0.000454
0.000391
0.000348
0.000391
0.000307
0.000234
0.000191
0.000308
0.000375
0.000426
0.000446
0.000568
-0.000154
-0.000143
-0.000203
-0.000230
-0.000730
-0.000753
-0.000718
-0.000844
-0.000833
-0.000759
-0.000910
-0.001208
-0.001160
0.000089
0.004825
-0.000336
-0.003560
-0.002841
-0.001584
-0.001057
-0.000695
-0.000199
-0.002978
-0.004609
-0.004664
-0.003567
-0.004117
-0.004243
-0.004845
-0.005183
-0.004930
-0.004502
-0.003175
-0.002127
-0.001579
-0.000613
0.000034
0.000215
0.000481
0.000448
0.000559
0.000486
0.000605
0.000551
0.000573
0.000547
0.000534
0.000379
0.000246
0.000378
0.000389
0.000359
0.000207
0.000327
0.000269
0.000347
0.000262
0.000387
0.000413
0.000462
0.000479
0.000459
0.000420
0.000330
0.000383
0.000303
0.000298
0.000290
0.000379
0.000444
0.000424
0.000413
0.000343
0.000339
0.000366
0.000337
-0.000086
-0.000755
-0.000824
-0.000802
-0.000580
-0.000666
-0.000880
-0.000912
-0.000905
0.000237
0.000332
0.000351
0.001222
0.001181
0.000077
-0.000971
0.000347
0.000145
-0.000343
-0.001148
-0.003095
-0.003744
-0.003460
-0.002863
-0.004048
-0.004758
-0.005194
-0.005090
-0.003999
-0.002135
-0.000915
-0.000060
0.000366
0.000484
0.000451
0.000261
0.000536
0.000569
0.000558
0.000486
0.000573
0.000554
0.000622
0.000496
0.000453
0.000394
0.000376
0.000223
0.000062
0.000528
0.000449
0.000418
0.000401
0.000350
0.000287
0.000391
0.000427
0.000449
0.000455
0.000402
0.000312
0.000339
0.000320
0.000249
0.000360
0.000364
0.000379
0.000409
0.000412
0.000326
0.000336
0.000338
0.000361
0.000407
0.000405
0.000402
-0.000399
0.000154
0.000375
0.000243
0.000167
0.000219
0.000320
0.000353
0.000240
0.000368
0.000362
0.000321
0.000199
-0.000358
0.000364
0.000261
-0.000298
-0.001875
-0.002202
-0.003203
-0.003077
-0.002831
-0.004196
-0.004597
-0.004596
-0.003079
-0.001124
0.000243
0.000680
0.000972
0.000873
0.000146
0.000393
0.000165
0.000487
0.000523
0.000620
0.000779
0.000717
0.000553
0.000637
0.000406
0.000442
0.000376
0.000387
0.000311
0.000437
0.000380
0.000448
0.000432
0.000380
0.000308
0.000360
0.000390
0.000392
0.000431
0.000393
0.000285
0.000346
0.000311
0.000330
0.000367
0.000327
0.000366
0.000419
0.000399
0.000358
0.000334
0.000381
0.000408
0.000331
0.000359
0.000376
0.000264
0.000361
0.000341
0.000278
0.000162
0.000159
0.000301
0.000322
0.000288
0.000320
0.000313
0.000340
0.000229
0.000186
0.000107
0.000203
0.000249
0.000216
0.000259
0.000204
0.000254
0.000593
-0.002306
-0.003265
-0.003445
-0.001865
-0.000480
0.000514
0.000626
0.000864
0.001044
0.000137
-0.000103
0.000335
0.000434
0.000427
0.000713
0.000689
0.000409
0.000417
0.000434
0.000461
0.000505
0.000405
0.000269
0.000460
0.000557
0.000484
0.000321
0.000318
0.000324
0.000342
0.000398
0.000359
0.000397
0.000417
0.000398
0.000299
0.000329
0.000385
0.000389
0.000391
0.000387
0.000328
0.000446
0.000407
0.000364
0.000299
0.000358
0.000401
0.000468
0.000413
0.000338
0.000340
0.000390
0.000310
0.000226
0.000192
0.000111
0.000274
0.000287
0.000333
0.000244
0.000314
0.000289
0.000188
0.000224
0.000215
0.000270
0.000170
0.000175
0.000190
0.000334
0.000461
0.000409
0.000486
0.000385
0.000378
0.000535
0.000470
0.000526
0.001008
0.001115
0.000890
0.000013
-0.000375
0.000222
0.000628
0.000430
0.000432
0.000627
0.000485
0.000383
0.000455
0.000366
0.000832
0.000431
0.000404
0.000422
0.000511
0.000471
0.000417
0.000410
0.000441
0.000450
0.000438
0.000385
0.000422
0.000415
0.000391
0.000341
0.000414
0.000432
0.000361
0.000389
0.000304
0.000316
0.000431
0.000431
0.000396
0.000359
0.000339
0.000445
0.000426
0.000388
0.000378
0.000352
0.000305
0.000380
0.000349
0.000246
0.000190
0.000255
0.000342
0.000344
0.000267
0.000260
0.000142
0.000157
0.000199
0.000258
0.000116
0.000087
0.000055
0.000176
0.000288
0.000340
0.000487
0.000323
0.000296
0.000441
0.000529
0.000620
0.000688
0.000705
0.000770
0.000834
0.000568
-0.000732
-0.000176
0.000398
-0.000106
0.000782
0.000983
-0.000397
0.000546
0.000535
0.000469
0.000468
0.000454
0.000435
0.000335
0.000453
0.000312
0.000171
0.000321
0.000501
0.000429
0.000441
0.000419
0.000450
0.000427
0.000401
0.000370
0.000428
0.000359
0.000361
0.000397
0.000379
0.000386
0.000384
0.000428
0.000368
0.000331
0.000360
0.000387
0.000407
0.000285
0.000368
0.000444
0.000277
0.000437
0.000434
0.000340
0.000309
0.000276
0.000338
0.000359
0.000273
0.000244
0.000088
0.000265
0.000256
0.000277
0.000194
0.000123
0.000220
0.000322
0.000360
0.000398
0.000375
0.000328
0.000218
0.000332
0.000444
0.000592
0.000621
0.000666
0.000639
0.000760
0.000177
-0.000565
-0.001013
-0.000998
-0.001974
-0.000664
0.001056
0.000479
0.000439
0.000443
0.000488
0.000419
0.000385
0.000345
0.000155
0.000252
0.000199
0.000225
0.000267
0.000454
0.000443
0.000473
0.000487
0.000381
0.000400
0.000386
0.000367
0.000375
0.000359
0.000398
0.000490
0.000465
0.000421
0.000412
0.000428
0.000427
0.000433
0.000439
0.000367
0.000461
0.000405
0.000378
0.000431
0.000460
0.000454
0.000447
0.000405
0.000322
0.000229
0.000285
0.000350
0.000337
0.000340
0.000208
0.000158
0.000320
0.000266
0.000307
0.000365
0.000369
0.000399
0.000623
0.000389
0.000288
0.000158
0.000178
0.000320
0.000483
0.000546
0.000612
0.000569
0.000607
0.000651
0.000608
-0.001216
-0.002567
-0.002270
-0.000693
0.001105
0.001428
0.000484
0.000408
0.000415
0.000426
0.000394
0.000352
0.000271
0.000241
0.000201
0.000161
0.000151
0.000307
0.000379
0.000464
0.000492
0.000382
0.000293
0.000265
0.000292
0.000170
0.000358
0.000396
0.000516
0.000539
0.000476
0.000420
0.000395
0.000458
0.000434
0.000464
0.000482
0.000425
0.000490
0.000470
0.000421
0.000406
0.000443
0.000393
0.000438
0.000425
0.000348
0.000297
0.000341
0.000342
0.000385
0.000434
0.000351
0.000387
0.000420
0.000351
0.000351
0.000420
0.000461
0.000532
0.000648
0.000493
0.000319
0.000104
0.000166
0.000405
0.000496
0.000458
0.000527
0.000616
0.000646
0.000627
0.000541
0.000244
0.000602
0.000128
0.000221
0.002761
0.000779
0.000520
0.000531
0.000453
0.000397
0.000348
0.000320
0.000313
0.000308
0.000246
0.000212
0.000070
0.000277
0.000352
0.000374
0.000413
0.000420
0.000405
0.000258
0.000345
0.000242
0.000359
0.000430
0.000437
0.000484
0.000562
0.000580
0.000474
0.000544
0.000463
0.000489
0.000479
0.000419
0.000481
0.000482
0.000425
0.000369
0.000375
0.000470
0.000426
0.000375
0.000312
0.000335
0.000321
0.000406
0.000396
0.000466
0.000495
0.000361
0.000496
0.000426
0.000377
0.000422
0.000452
0.000523
0.000609
0.000499
0.000376
0.000265
0.000270
0.000356
0.000391
0.000397
0.000384
0.000572
0.000595
0.000501
0.000536
0.000528
0.000437
0.000349
0.000450
0.002004
0.000593
0.000483
0.000461
0.000430
0.000375
0.000325
0.000349
0.000379
0.000300
0.000301
0.000200
0.000085
0.000227
0.000344
0.000473
0.000407
0.000442
0.000408
0.000482
0.000519
0.000317
0.000447
0.000380
0.000410
0.000404
0.000442
0.000559
0.000401
0.000400
0.000512
0.000477
0.000502
0.000450
0.000359
0.000437
0.000369
0.000334
0.000371
0.000442
0.000468
0.000380
0.000296
0.000349
0.000353
0.000372
0.000460
0.000572
0.000565
0.000529
0.000490
0.000430
0.000409
0.000451
0.000559
0.000566
0.000567
0.000507
0.000530
0.000539
0.000323
0.000321
0.000374
0.000436
0.000469
0.000562
0.000493
0.000522
0.000614
0.000486
0.000453
0.000416
0.000368
0.001093
0.000587
0.000526
0.000498
0.000500
0.000488
0.000394
0.000424
0.000435
0.000355
0.000309
0.000264
0.000269
0.000314
0.000440
0.000416
0.000430
0.000508
0.000567
0.000503
0.000502
0.000375
0.000508
0.000477
0.000376
0.000371
0.000496
0.000561
0.000398
0.000174
0.000601
0.000523
0.000474
0.000389
0.000436
0.000426
0.000403
0.000316
0.000361
0.000393
0.000458
0.000400
0.000361
0.000367
0.000409
0.000444
0.000518
0.000455
0.000440
0.000511
0.000486
0.000509
0.000461
0.000543
0.000570
0.000530
0.000436
0.000421
0.000430
0.000510
0.000192
0.000131
0.000345
0.000430
0.000503
0.000554
0.000591
0.000622
0.000589
0.000533
0.000492
0.000423
0.000449
0.000285
0.000446
0.000555
0.000578
0.000553
0.000553
0.000454
0.000418
0.000437
0.000355
0.000358
0.000273
0.000319
0.000410
0.000404
0.000399
0.000468
0.000532
0.000531
0.000494
0.000457
0.000423
0.000532
0.000364
0.000498
0.000311
0.000408
0.000441
0.000399
0.000130
0.000467
0.000491
0.000529
0.000407
0.000436
0.000435
0.000477
0.000371
0.000436
0.000403
0.000414
0.000422
0.000403
0.000345
0.000483
0.000459
0.000530
0.000448
0.000534
0.000560
0.000549
0.000572
0.000542
0.000556
0.000489
0.000469
0.000384
0.000265
0.000252
0.000253
0.000129
0.000123
0.000355
0.000384
0.000409
0.000416
0.000655
0.000602
0.000564
0.000600
0.000500
0.000411
0.000485
0.000485
0.000525
0.000585
0.000640
0.000559
0.000521
0.000379
0.000396
0.000419
0.000349
0.000372
0.000303
0.000357
0.000325
0.000400
0.000484
0.000508
0.000549
0.000492
0.000486
0.000434
0.000378
