-0.000031
-0.000033
-0.000037
0.000632
-0.000037
-0.000047
-0.000059
0.000438
-0.000059
-0.000062
-0.000051
-0.000603
-0.000047
-0.000040
-0.000039
-0.000046
-0.000043
-0.000036
-0.000036
-0.000032
-0.000030
-0.000025
-0.000023
-0.000025
-0.000016
-0.000014
-0.000012
-0.000011
-0.000015
-0.000016
-0.000010
-0.000007
-0.000009
-0.000008
-0.000008
-0.000002
-0.000000
0.000003
0.000002
0.000005
0.000003
0.000006
0.000008
0.000007
0.000009
0.000010
0.000010
0.000008
0.000010
0.000010
0.000011
0.000015
0.000013
0.000014
0.000013
0.000014
0.000010
0.000010
0.000013
0.000010
0.000009
0.000005
0.000000
-0.000004
-0.000005
-0.000005
-0.001158
-0.000005
-0.000007
-0.000005
0.000061
-0.000001
0.000195
-0.000056
-0.000068
-0.000065
-0.000066
-0.000066
-0.000057
-0.000064
-0.000058
-0.000064
-0.000060
-0.000056
-0.000051
-0.000057
-0.000047
-0.000035
-0.000038
-0.000038
-0.000033
-0.000028
-0.000026
-0.000026
-0.000023
-0.000021
-0.000016
-0.000016
-0.000013
-0.000013
-0.000008
-0.000009
-0.000010
-0.000007
-0.000008
-0.000006
-0.000006
-0.000003
-0.000003
0.000001
0.000002
0.000003
0.000003
0.000006
0.000006
0.000007
0.000009
0.000010
0.000009
0.000010
0.000012
0.000012
0.000012
0.000013
0.000014
0.000011
0.000013
0.000015
0.000013
0.000010
0.000009
0.000010
0.000012
0.000013
0.000010
0.000009
0.000009
0.000009
0.000009
0.000009
0.000010
0.000012
0.000012
0.000011
0.000013
0.000002
-0.000046
-0.000062
-0.000060
-0.000063
-0.000056
-0.000065
-0.000060
-0.000062
-0.000059
-0.000059
-0.000059
-0.000053
-0.000042
-0.000035
-0.000034
-0.000035
-0.000033
-0.000031
-0.000030
-0.000028
-0.000028
-0.000026
-0.000021
-0.000019
-0.000015
-0.000014
-0.000012
-0.000010
-0.000012
-0.000011
-0.000010
-0.000010
-0.000008
-0.000004
-0.000005
0.000001
0.000001
0.000001
0.000003
0.000004
0.000003
0.000007
0.000006
0.000007
0.000010
0.000012
0.000010
0.000010
0.000008
0.000011
0.000013
0.000010
0.000011
0.000011
0.000013
0.000012
0.000013
0.000010
0.000009
0.000014
0.000011
0.000010
0.000010
0.000011
0.000010
0.000009
0.000009
0.000010
0.000011
0.000012
0.000011
0.000011
0.000007
-0.000046
-0.000052
-0.000058
-0.000048
-0.000062
-0.000064
-0.000060
-0.000053
-0.000052
-0.000055
-0.000049
-0.000048
-0.000042
-0.000037
-0.000033
-0.000032
-0.000034
-0.000033
-0.000028
-0.000028
-0.000022
-0.000018
-0.000019
-0.000014
-0.000018
-0.000020
-0.000010
-0.000013
-0.000012
-0.000010
-0.000011
-0.000009
-0.000005
-0.000006
-0.000003
-0.000000
0.000004
0.000005
0.000004
0.000003
0.000006
0.000010
0.000006
0.000008
0.000010
0.000009
0.000011
0.000010
0.000011
0.000011
0.000013
0.000011
0.000012
0.000013
0.000011
0.000010
0.000013
0.000013
0.000014
0.000014
0.000009
0.000010
0.000009
0.000012
0.000010
0.000010
0.000008
0.000009
0.000010
0.000011
0.000009
0.000011
0.000009
-0.000047
-0.000050
-0.000051
-0.000048
-0.000061
-0.000058
-0.000059
-0.000057
-0.000046
-0.000047
-0.000049
-0.000048
-0.000038
-0.000033
-0.000032
-0.000034
-0.000030
-0.000026
-0.000024
-0.000023
-0.000022
-0.000017
-0.000017
-0.000014
-0.000015
-0.000016
-0.000012
-0.000012
-0.000014
-0.000009
-0.000010
-0.000007
-0.000009
-0.000010
-0.000001
0.000000
0.000003
0.000004
0.000003
0.000005
0.000006
0.000007
0.000006
0.000007
0.000010
0.000010
0.000010
0.000009
0.000012
0.000011
0.000009
0.000011
0.000011
0.000010
0.000011
0.000013
0.000008
0.000010
0.000008
0.000010
0.000008
0.000009
0.000005
0.000009
0.000007
0.000011
0.000011
0.000010
0.000010
0.000010
0.000011
0.000008
-0.002169
-0.000039
-0.000045
-0.000053
-0.000046
-0.000058
-0.000058
-0.000060
-0.000046
-0.000048
-0.000050
-0.000037
-0.000038
-0.000036
-0.000034
-0.000030
-0.000027
-0.000030
-0.000024
-0.000021
-0.000019
-0.000015
-0.000017
-0.000018
-0.000017
-0.000016
-0.000011
-0.000013
-0.000017
-0.000011
-0.000010
-0.000007
-0.000009
-0.000006
-0.000003
-0.000006
-0.000003
0.000001
0.000006
0.000005
0.000005
0.000006
0.000006
0.000006
0.000005
0.000008
0.000009
0.000009
0.000009
0.000010
0.000009
0.000010
0.000009
0.000011
0.000010
0.000009
0.000011
0.000009
-0.000022
0.000009
0.000009
0.000009
0.000009
0.000010
0.000010
0.000009
0.000011
0.000012
0.000009
0.000011
0.000010
0.000011
0.000009
0.000009
-0.000048
-0.000038
-0.000045
-0.000046
-0.000049
-0.000054
-0.000051
-0.000045
-0.000041
-0.000044
-0.000035
-0.000039
-0.000037
-0.000035
-0.000030
-0.000027
-0.000029
-0.000026
-0.000026
-0.000020
-0.000021
-0.000018
-0.000016
-0.000014
-0.000016
-0.000019
-0.000012
-0.000015
-0.000010
-0.000007
-0.000010
-0.000013
-0.000012
-0.000011
-0.000005
-0.000002
0.000001
0.000004
0.000005
0.000003
0.000006
0.000009
0.000008
0.000009
0.000012
0.000007
0.000010
0.000009
0.000011
0.000010
0.000010
0.000010
0.000007
0.000008
0.000010
0.000009
0.000009
0.000010
0.000008
0.000010
0.000010
0.000011
0.000013
0.000011
0.000011
0.000012
0.000010
0.000010
0.000007
0.000010
0.000010
0.000009
0.000009
-0.000042
-0.000039
-0.000046
-0.000044
-0.000033
-0.000042
-0.000034
-0.000043
-0.000037
-0.000032
-0.000032
-0.000026
-0.000038
-0.000034
-0.000029
-0.000029
-0.000025
-0.000026
-0.000019
-0.000027
-0.000018
-0.000016
-0.000018
-0.000014
-0.000016
-0.000019
-0.000018
-0.000016
-0.000011
-0.000009
-0.000013
-0.000014
-0.000015
-0.000014
-0.000006
-0.000002
0.000004
0.000004
0.000003
0.000006
0.000005
0.000008
0.000010
0.000012
0.000009
0.000008
0.000009
0.000007
0.000010
0.000010
0.000010
0.000007
0.000010
0.000008
0.000008
0.000010
0.000008
0.000009
0.000008
0.000008
0.000008
0.000010
0.000013
0.000012
0.000011
0.000012
0.000008
0.000011
0.000010
0.000010
0.000009
0.000009
0.000009
-0.000041
-0.000040
-0.000041
-0.000046
-0.000038
-0.000034
-0.000034
-0.000034
-0.000034
-0.000036
-0.000036
-0.000027
-0.000029
-0.000033
-0.000034
-0.000025
-0.000024
-0.000018
-0.000025
-0.000026
-0.000021
-0.000016
-0.000019
-0.000018
-0.000017
-0.000019
-0.000019
-0.000012
-0.000011
0.000001
-0.000011
-0.000007
-0.000006
-0.000007
-0.000005
0.000003
0.000004
0.000005
0.000007
0.000007
0.000007
0.000008
0.000011
0.000012
0.000010
0.000007
0.000010
0.000010
0.000010
0.000007
0.000004
0.000009
0.000009
0.000009
0.000010
0.000008
0.000009
0.000006
0.000007
0.000008
0.000009
0.000008
0.000012
0.000012
0.000010
0.000011
0.000010
0.000009
0.000010
0.000009
0.000012
0.000010
0.001326
-0.000035
-0.000036
-0.000038
-0.000037
-0.000044
-0.000050
-0.000040
-0.000035
-0.000034
-0.000039
-0.000032
-0.000034
-0.000032
-0.000033
-0.000024
-0.000027
-0.000029
-0.000019
-0.000016
-0.000019
-0.000020
-0.000017
-0.000016
-0.000019
-0.000022
-0.000014
-0.000016
-0.000010
-0.000005
-0.000004
-0.000007
-0.000003
-0.000004
-0.000006
-0.000004
0.000003
0.000005
0.000006
0.000008
0.000008
0.000009
0.000009
0.000010
0.000011
0.000009
0.000009
0.000012
0.000010
0.000009
0.000009
0.000009
0.000007
0.000009
0.000009
0.000009
0.000008
0.000008
0.000005
0.000006
0.000010
0.000009
0.000010
0.000009
0.000009
0.000008
0.000010
0.000007
0.000010
0.000012
0.000014
0.000010
0.000010
0.000011
-0.000028
-0.000037
-0.000032
-0.000028
-0.000042
-0.000044
-0.000039
-0.000038
-0.000039
-0.000040
-0.000034
-0.000034
-0.000024
-0.000025
-0.000029
-0.000032
-0.000032
-0.000021
-0.000020
-0.000025
-0.000019
-0.000022
-0.000017
-0.000012
-0.000007
-0.000006
-0.000011
-0.000011
-0.000007
-0.000010
-0.000007
-0.000001
-0.000003
0.000001
0.000000
0.000002
0.000004
0.000004
0.000008
0.000008
0.000009
0.000011
0.000010
0.000008
0.000011
0.000011
0.000010
0.000009
0.000011
0.000011
0.000006
0.000007
0.000009
0.000010
0.000011
0.000007
0.000010
0.000007
0.000009
0.000008
0.000010
0.000009
0.000010
0.000008
0.000008
0.000009
0.000010
0.000012
0.000013
0.000010
0.000011
0.000010
0.000012
-0.000029
-0.000029
-0.000023
-0.000025
-0.000031
-0.000032
-0.000035
-0.000038
-0.000039
-0.000039
-0.000033
-0.000035
-0.000032
-0.000024
-0.000027
-0.000022
-0.000021
-0.000019
-0.000020
-0.000018
-0.000016
-0.000017
-0.000015
-0.000009
-0.000007
-0.000012
-0.000008
-0.000005
-0.000008
-0.000007
-0.000003
0.000000
-0.000001
-0.000000
0.000002
0.000002
0.000004
0.000009
0.000010
0.000009
0.000011
0.000009
0.000010
0.000013
0.000010
0.000011
0.000011
0.000009
0.000009
0.000009
0.000006
0.000005
0.000009
0.000009
0.000008
0.000008
0.000010
0.000009
0.000010
0.000008
0.000010
0.000008
0.000008
0.000009
0.000009
0.000010
0.000009
0.000012
0.000010
0.000008
0.000010
0.000012
0.000014
-0.000028
-0.000028
-0.000027
-0.000033
-0.000033
-0.000039
-0.000039
-0.000039
-0.000041
-0.000030
-0.000032
-0.000032
-0.000026
-0.000026
-0.000028
-0.000018
-0.000022
-0.000018
-0.000017
-0.000015
-0.000014
-0.000017
-0.000014
-0.000010
-0.000007
-0.000002
-0.000006
-0.000009
-0.000009
-0.000004
-0.000004
0.000001
0.000001
0.000000
-0.000001
0.000005
0.000009
0.000009
0.000008
0.000009
0.000012
0.000011
0.000013
0.000011
0.000012
0.000011
0.000011
0.000012
0.000007
0.000009
0.000008
0.000010
0.000006
0.000009
0.000010
0.000012
0.000011
0.000011
0.000008
0.000009
0.000010
0.000009
0.000009
0.000008
0.000009
0.000011
0.000011
0.000010
0.000009
0.000009
0.000010
0.000009
0.000725
-0.000025
-0.000018
-0.000026
-0.000041
-0.000035
-0.000034
-0.000025
-0.000031
-0.000035
-0.000030
-0.000032
-0.000032
-0.000027
-0.000019
-0.000028
-0.000018
-0.000019
-0.000021
-0.000022
-0.000016
-0.000018
-0.000028
-0.000083
-0.000107
-0.000097
-0.000056
-0.000096
-0.000064
-0.000047
-0.000007
0.000000
0.000003
0.000003
0.000003
0.000005
0.000005
0.000009
0.000010
0.000011
0.000013
0.000012
0.000013
0.000010
0.000012
0.000011
0.000013
0.000012
0.000010
0.000010
0.000009
0.000009
0.000007
0.000005
0.000009
0.000009
0.000014
0.000008
0.000010
0.000009
0.000008
0.000008
0.000009
0.000010
0.000010
0.000010
0.000010
0.000011
0.000009
0.000009
0.000010
0.000008
0.000010
0.000006
-0.000030
-0.000028
-0.000030
-0.000037
-0.000035
-0.000035
-0.000027
-0.000033
-0.000032
-0.000029
-0.000027
-0.000031
-0.000024
-0.000018
-0.000027
-0.000018
-0.000020
-0.000030
-0.000028
-0.000020
-0.000042
-0.000141
-0.000820
-0.001668
-0.002190
-0.001753
-0.002576
-0.002501
-0.001950
-0.000177
-0.000129
-0.000056
-0.000008
0.000007
0.000005
0.000008
0.000009
0.000015
0.000014
0.000014
0.000013
0.000013
0.000015
0.000016
0.000013
0.000015
0.000013
0.000012
0.000010
0.000008
0.000008
0.000007
0.000010
0.000009
0.000010
0.000012
0.000012
0.000009
0.000010
0.000010
0.000008
0.000008
0.000010
0.000010
0.000011
0.000009
0.000011
0.000008
0.000009
0.000010
0.000010
0.000011
0.000013
-0.000033
-0.000036
-0.000035
-0.000035
-0.000031
-0.000029
-0.000028
-0.000024
-0.000028
-0.000029
-0.000032
-0.000027
-0.000023
-0.000022
-0.000020
-0.000024
-0.000018
-0.000022
-0.000027
-0.000057
-0.000315
-0.000156
-0.000092
0.000232
-0.000544
-0.002909
-0.003263
-0.002221
-0.003124
-0.004466
-0.006422
-0.002501
-0.000170
0.000010
0.000010
0.000010
0.000013
0.000012
0.000014
0.000018
0.000013
0.000012
0.000014
0.000016
0.000012
0.000028
0.000135
-0.000027
0.000001
0.000008
0.000007
0.000009
0.000008
0.000009
0.000008
0.000010
0.000010
0.000011
0.000011
0.000009
0.000009
0.000009
0.000010
0.000009
0.000010
0.000009
0.000011
0.000010
0.000009
0.000012
0.000011
0.000012
0.000009
-0.000038
-0.000036
-0.000036
-0.000033
-0.000030
-0.000030
-0.000030
-0.000020
-0.000027
-0.000025
-0.000024
-0.000025
-0.000023
-0.000019
-0.000025
-0.000023
-0.000007
-0.000003
0.000210
0.000008
-0.000036
-0.000499
-0.001052
-0.000208
-0.000298
-0.000222
-0.000794
-0.001533
-0.001311
-0.000204
-0.000243
-0.001227
-0.000120
0.000012
0.000012
0.000015
0.000018
0.000017
0.000016
0.000018
0.000014
0.000013
0.000013
0.000013
0.000011
0.000022
0.000161
0.000256
-0.000011
0.000006
0.000007
0.000007
0.000007
0.000008
0.000008
0.000007
0.000009
0.000009
0.000009
0.000010
0.000009
0.000009
0.000008
0.000009
0.000009
0.000011
0.000010
0.000009
0.000011
0.000013
0.000011
0.000012
-0.001100
-0.000038
-0.000043
-0.000043
-0.000031
-0.000031
-0.000032
-0.000027
-0.000026
-0.000026
-0.000021
-0.000025
-0.000021
-0.000016
-0.000020
0.000004
0.000014
0.000362
0.000941
0.001121
0.000152
0.000366
-0.000084
-0.000194
-0.000434
-0.000606
0.000336
0.001510
0.002059
-0.000068
0.000010
-0.000013
-0.000019
0.000009
0.000008
0.000025
0.000025
0.000023
0.000018
0.000020
0.000021
0.000020
0.000014
0.000011
0.000011
0.000009
0.000012
-0.000006
-0.000201
-0.000008
0.000009
0.000007
0.000008
0.000008
0.000008
0.000008
0.000007
0.000009
0.000009
0.000009
0.000009
0.000010
0.000008
0.000010
0.000010
0.000009
0.000009
0.000009
0.000010
0.000010
0.000010
0.000010
0.000009
0.000013
-0.000036
-0.000043
-0.000041
-0.000026
-0.000027
-0.000027
-0.000031
-0.000027
-0.000021
-0.000023
-0.000023
-0.000019
-0.000018
0.000006
0.000314
0.000882
0.000307
0.002325
0.000506
0.000063
0.000011
-0.000015
-0.000036
-0.000775
-0.001401
0.000262
0.002247
0.001009
0.000497
0.000043
0.000021
0.000012
-0.000029
-0.000209
0.000194
0.000322
0.000238
0.000073
0.000074
0.000040
0.000021
0.000015
0.000014
0.000012
0.000012
0.000010
-0.000013
-0.000249
-0.000010
0.000009
0.000006
0.000007
0.000008
0.000008
0.000008
0.000008
0.000010
0.000010
0.000011
0.000011
0.000010
0.000010
0.000010
0.000009
0.000010
0.000011
0.000010
0.000012
0.000010
0.000010
0.000010
0.000009
0.000010
-0.000034
-0.000045
-0.000033
-0.000031
-0.000025
-0.000024
-0.000021
-0.000021
-0.000024
-0.000021
-0.000021
-0.000019
-0.000001
-0.000068
-0.000760
-0.001038
-0.000474
0.000384
0.000219
0.000043
0.000001
-0.000014
-0.000094
-0.000351
-0.000046
-0.000228
0.000322
0.001341
0.002398
0.000910
0.000877
0.000261
-0.000140
0.000033
0.000401
0.000681
0.000678
0.000647
0.000806
0.000344
0.000057
0.000007
0.000014
0.000012
0.000007
0.000008
0.000006
0.000005
0.000009
0.000007
0.000007
0.000005
0.000006
0.000007
0.000009
0.000008
0.000010
0.000010
0.000009
0.000009
0.000013
0.000008
0.000009
0.000010
0.000010
0.000009
0.000009
0.000016
0.000012
0.000010
0.000009
0.000010
0.000009
-0.000037
-0.000033
-0.000028
-0.000027
-0.000026
-0.000021
-0.000021
-0.000018
-0.000022
-0.000019
-0.000017
-0.000000
-0.000014
0.000030
0.000121
-0.003788
-0.000283
0.000056
-0.000003
-0.000015
-0.000015
-0.000275
-0.000695
-0.000194
0.000254
0.000074
0.000324
0.000714
0.000368
0.000320
0.000066
-0.000320
-0.000173
0.000037
0.000333
0.000999
0.001438
0.001226
0.001241
0.000753
0.000250
0.000029
-0.000008
0.000014
0.000005
0.000004
0.000009
0.000007
0.000006
0.000008
0.000006
0.000007
0.000008
0.000008
0.000007
0.000010
0.000009
0.000009
0.000009
0.000008
0.000009
0.000011
0.000011
0.000009
0.000009
0.000009
0.000011
0.000011
0.000009
0.000009
0.000009
0.000010
-0.000596
-0.000036
-0.000030
-0.000033
-0.000030
-0.000027
-0.000021
-0.000023
-0.000018
-0.000014
-0.000017
-0.000010
-0.000013
-0.000012
0.000037
0.000141
-0.006811
-0.000680
-0.000065
-0.000017
-0.000004
-0.000006
-0.000389
0.001056
0.001691
0.000434
0.000591
0.001148
0.002003
0.001492
0.000039
0.000187
0.000015
0.000024
-0.000285
-0.000267
0.000465
0.001882
0.001757
0.001617
0.001361
0.000247
-0.000210
-0.001078
-0.000108
0.000057
-0.000175
-0.000000
0.000010
0.000008
0.000009
0.000008
0.000007
0.000007
0.000007
0.000008
0.000008
0.000010
0.000009
0.000007
0.000009
0.000011
0.000011
0.000007
0.000008
0.000010
0.000008
0.000009
0.000009
0.000009
0.000009
0.000009
0.000012
0.000010
-0.000032
-0.000034
-0.000026
-0.000029
-0.000022
-0.000023
-0.000020
-0.000019
-0.000018
-0.000016
-0.000015
-0.000020
-0.000012
-0.000007
0.000275
-0.000284
-0.002520
-0.000066
0.000003
-0.000007
-0.000348
0.000936
0.001703
0.001569
0.001065
0.001226
0.002012
0.002994
0.003262
0.000860
0.000200
0.000581
0.001000
-0.000403
-0.000934
0.000812
0.002287
0.001408
0.001128
0.001252
-0.000094
-0.001027
-0.002244
-0.004848
-0.000505
-0.000024
-0.000115
0.000006
0.000008
0.000010
0.000010
0.000010
0.000012
0.000004
0.000007
0.000009
0.000009
0.000007
-0.000042
0.000009
0.000010
0.000009
0.000007
0.000008
0.000008
0.000009
0.000009
0.000009
0.000011
0.000010
0.000010
0.000011
0.000010
-0.000014
-0.000021
-0.000022
-0.000026
-0.000020
-0.000021
-0.000020
-0.000017
-0.000018
-0.000019
-0.000016
-0.000018
-0.000018
-0.000014
0.000286
0.002349
-0.004350
0.000304
0.000248
-0.000070
0.000389
0.000924
0.000962
0.001913
0.000787
0.000636
0.001437
0.003033
0.003204
0.000884
0.000014
-0.000069
0.000018
-0.000308
-0.000420
0.000523
0.000689
0.000949
0.000324
0.000709
0.000396
-0.000656
-0.001777
-0.003715
0.001137
0.005257
-0.000691
-0.000090
0.000007
0.000014
0.000010
0.000009
0.000008
0.000009
0.000008
0.000008
0.000011
0.000009
-0.000035
0.000007
0.000010
0.000010
0.000009
0.000010
0.000008
0.000007
0.000010
0.000009
0.000009
0.000009
0.000010
0.000010
0.000008
-0.000018
-0.000014
-0.000018
-0.000018
-0.000015
-0.000014
-0.000019
-0.000019
-0.000019
-0.000019
-0.000021
-0.000018
-0.000014
-0.000008
0.000101
0.001019
0.001407
0.002296
0.000149
0.000164
0.000626
0.000506
0.000692
0.000480
-0.000039
0.000782
-0.000442
0.001828
0.002401
0.002261
0.003587
0.000718
-0.000191
-0.000846
-0.001127
0.000380
0.000362
0.000092
-0.000042
0.000072
0.000020
-0.000160
-0.000550
-0.000568
0.003076
0.013052
0.001444
-0.000274
-0.000015
0.000019
0.000008
0.000009
0.000011
0.000008
0.000009
0.000012
0.000011
0.000011
0.000010
0.000010
0.000011
0.000011
0.000016
0.000013
0.000009
0.000009
0.000009
0.000010
0.000011
0.000010
0.000010
0.000011
0.000006
-0.000032
-0.000027
-0.000036
-0.000026
-0.000023
-0.000018
-0.000018
-0.000018
-0.000015
-0.000022
-0.000026
-0.000020
-0.000019
-0.000019
-0.000000
0.000254
0.000119
0.000774
0.000264
0.000302
0.000172
0.000142
0.000252
0.000329
0.000392
0.000821
0.000837
0.000027
0.000317
0.000857
0.004863
0.000405
-0.000398
-0.000257
0.000158
0.000509
-0.000063
-0.000071
0.000025
-0.000332
0.000027
0.000047
-0.000206
-0.000117
0.002335
0.004524
0.001394
0.001144
0.000188
-0.000050
0.000007
0.000010
0.000008
0.000009
0.000009
0.000010
0.000010
0.000013
0.000010
0.000009
0.000010
0.000015
0.000012
0.000009
0.000010
0.000011
0.000013
0.000012
0.000013
0.000012
0.000011
0.000009
0.000005
-0.000031
-0.000027
-0.000034
-0.000029
-0.000018
-0.000010
-0.000010
-0.000014
-0.000018
-0.000019
-0.000019
-0.000017
-0.000017
-0.000016
-0.000011
-0.000004
-0.000004
0.000005
0.000001
-0.000005
-0.000006
0.000013
0.000121
0.000165
0.000172
0.000315
0.000034
-0.000221
-0.001393
-0.001218
0.001989
-0.004133
-0.005435
-0.000099
-0.000125
-0.000200
-0.000127
0.000535
0.000650
0.001128
0.002176
0.000904
0.000167
-0.001520
0.000407
0.000757
0.001609
0.002107
0.002036
0.000190
0.000006
0.000009
0.000008
0.000008
0.000009
0.000009
0.000009
0.000011
0.000010
0.000009
0.000009
0.000013
0.000010
0.000010
0.000014
0.000013
0.000015
0.000014
0.000011
0.000010
0.000008
0.000008
0.000008
-0.000030
-0.000030
-0.000030
-0.000029
-0.000021
-0.000013
-0.000011
-0.000014
-0.000018
-0.000021
-0.000019
-0.000016
-0.000016
-0.000012
-0.000011
-0.000009
-0.000005
-0.000007
-0.000007
-0.000008
-0.000006
-0.000047
0.000038
0.001764
-0.000140
-0.001707
-0.002596
-0.002080
-0.002058
-0.002678
-0.004928
-0.005575
-0.004992
-0.004025
-0.002377
-0.001829
0.000175
0.000344
0.000523
0.002968
0.002307
0.000875
0.000673
0.000241
0.000515
0.000584
0.001311
0.002073
0.002408
0.002251
-0.000115
0.000009
0.000008
0.000009
0.000008
0.000008
0.000008
0.000011
0.000009
0.000008
0.000009
0.000010
0.000011
0.000012
0.000013
0.000011
0.000014
0.000010
0.000009
0.000008
0.000009
0.000009
0.000014
-0.000024
-0.000027
-0.000028
-0.000029
-0.000027
-0.000019
-0.000014
-0.000016
-0.000017
-0.000019
-0.000015
-0.000013
-0.000011
-0.000007
-0.000009
-0.000010
-0.000007
-0.000008
-0.000009
-0.000007
0.000028
0.001408
0.002527
0.003185
0.000956
-0.001099
-0.001982
-0.002093
-0.001871
-0.001985
-0.005227
-0.006118
-0.005065
-0.003282
-0.001225
-0.000566
-0.000667
0.000288
0.000602
0.005168
0.002906
0.000533
0.001014
0.001041
0.001501
0.000273
0.000091
0.000826
0.002609
0.002682
-0.001030
-0.000429
0.000008
0.000008
0.000009
0.000008
0.000009
0.000008
0.000008
0.000006
0.000007
0.000011
0.000012
0.000026
0.000012
0.000012
0.000010
0.000010
0.000009
0.000008
0.000009
0.000010
0.000008
-0.000027
-0.000022
-0.000026
-0.000028
-0.000026
-0.000018
-0.000015
-0.000017
-0.000017
-0.000018
-0.000017
-0.000016
-0.000016
-0.000012
-0.000010
-0.000009
-0.000011
-0.000009
-0.000029
-0.000066
0.000243
0.000774
0.001532
0.002780
0.002117
-0.000192
-0.001555
-0.001688
-0.002337
-0.002108
-0.005052
-0.005510
-0.002911
-0.001372
-0.000030
-0.000084
0.000118
-0.000948
-0.001389
0.001281
0.000955
-0.000636
0.000229
0.000094
0.000190
0.000832
0.000323
0.001764
0.002041
-0.000545
-0.004579
-0.009584
0.000041
0.000006
0.000009
0.000011
0.000010
0.000010
0.000014
0.000010
0.000001
0.000011
0.000011
0.000011
0.000010
0.000010
0.000012
0.000009
0.000008
0.000009
0.000009
0.000008
0.000008
-0.000022
-0.000024
-0.000025
-0.000029
-0.000029
-0.000018
-0.000016
-0.000018
-0.000016
-0.000016
-0.000017
-0.000017
-0.000015
-0.000011
-0.000009
-0.000011
-0.000014
-0.000043
-0.000059
-0.000052
0.000073
0.000645
0.001093
0.001899
0.002498
0.001384
-0.000869
-0.002320
-0.002853
-0.002579
-0.005461
-0.004872
-0.001164
-0.000119
-0.000231
-0.000743
-0.001179
-0.001223
-0.001482
-0.001254
-0.000721
0.001011
0.000068
-0.000211
-0.000357
-0.000945
0.000149
0.000955
-0.001055
-0.004785
-0.008081
-0.007301
-0.006593
0.000195
0.000127
0.000010
0.000009
0.000011
0.000026
0.000017
0.000015
0.000022
0.000009
0.000011
0.000011
0.000013
0.000014
0.000009
0.000010
0.000009
0.000009
0.000007
0.000008
-0.000024
-0.000024
-0.000028
-0.000027
-0.000028
-0.000022
-0.000020
-0.000018
-0.000017
-0.000018
-0.000016
-0.000019
-0.000016
-0.000013
-0.000015
-0.000025
-0.000048
-0.000053
-0.000054
-0.000057
-0.000051
0.000338
0.000875
0.001461
0.001508
0.001539
-0.000909
-0.001642
-0.002067
-0.003525
-0.008445
-0.005629
-0.001809
-0.000092
0.000212
-0.000657
-0.000979
-0.000948
-0.000998
-0.001043
-0.001388
-0.001879
-0.001940
-0.001693
-0.001591
-0.000229
-0.000206
0.001488
-0.002944
-0.006062
-0.005449
-0.004795
-0.002367
-0.000320
0.001642
0.000286
0.000009
0.000019
0.000019
0.000029
0.000026
0.000009
0.000010
0.000010
0.000009
0.000023
0.000032
0.000009
0.000009
0.000008
0.000009
0.000008
0.000008
-0.000026
-0.000025
-0.000025
-0.000030
-0.000023
-0.000025
-0.000023
-0.000024
-0.000022
-0.000021
-0.000020
-0.000020
-0.000019
-0.000017
-0.000054
-0.000053
-0.000056
-0.000047
-0.000046
-0.000040
-0.000051
-0.000057
0.000299
0.000832
0.000559
0.001004
0.000765
-0.001060
-0.001530
-0.003591
-0.006995
-0.007821
-0.004092
-0.001737
-0.000020
-0.000521
-0.000913
-0.000966
-0.000888
-0.001509
-0.001767
-0.001995
-0.001965
-0.001631
-0.001301
-0.001279
0.000260
0.002836
-0.001890
-0.003850
-0.002122
-0.000314
0.003794
0.005060
0.006579
0.005809
0.000173
-0.000031
0.000023
0.000008
0.000009
0.000009
0.000014
0.000009
0.000009
0.000009
0.000009
0.000010
0.000008
0.000008
0.000008
0.000008
0.000007
-0.000021
-0.000028
-0.000026
-0.000035
-0.000033
-0.000031
-0.000010
-0.000010
-0.000013
-0.000021
-0.000023
-0.000023
-0.000051
-0.000054
-0.000053
-0.000057
-0.000056
-0.000058
-0.000040
-0.000033
-0.000041
-0.000055
0.000013
0.000511
0.000478
0.001370
0.000725
0.000016
-0.000345
-0.003838
-0.008864
-0.005737
-0.003224
-0.001255
-0.001380
-0.001206
-0.001518
-0.001930
-0.001184
-0.002029
-0.001904
-0.001593
-0.001851
-0.001490
-0.001392
-0.001438
-0.001381
-0.000026
-0.001014
-0.001366
-0.000024
0.004711
0.013903
0.008062
0.006960
0.004747
0.000021
-0.000252
0.000009
0.000031
0.000039
0.000010
0.000010
0.000009
0.000008
0.000008
0.000010
0.000009
0.000009
0.000007
0.000007
0.000007
0.000008
-0.000024
-0.000031
-0.000023
-0.000027
-0.000023
-0.000017
-0.000011
-0.000011
-0.000019
-0.000009
-0.000011
-0.000032
-0.000060
-0.000043
-0.000051
-0.000062
-0.000065
-0.000076
-0.000055
-0.000059
-0.000046
-0.000025
-0.000036
-0.000086
-0.000120
-0.000092
-0.000072
-0.000153
0.000030
-0.004578
-0.005436
-0.004110
-0.003501
-0.002515
-0.002199
-0.001751
-0.001367
-0.001873
-0.002187
-0.002089
-0.001725
-0.001593
-0.002205
-0.002309
-0.001903
-0.002400
-0.002763
-0.003921
-0.002069
0.000665
0.000777
0.011893
0.008190
0.011945
0.013417
0.002463
0.000648
0.000060
0.000037
0.000521
0.000373
0.000029
0.000005
0.000007
0.000007
0.000007
0.000007
0.000007
0.000008
0.000007
0.000007
0.000010
0.000008
-0.000019
-0.000022
-0.000022
-0.000022
-0.000023
-0.000016
-0.000017
-0.000014
-0.000017
-0.000018
-0.000015
-0.000013
0.000005
0.000004
-0.000005
-0.000061
-0.000073
-0.000018
-0.000021
-0.000023
-0.000031
-0.000087
-0.000067
-0.000087
-0.000013
-0.000007
-0.000008
-0.000007
-0.000006
-0.000308
-0.000083
-0.005810
-0.004673
-0.002448
-0.002708
-0.001624
-0.001154
-0.001406
-0.002801
-0.002037
-0.001925
-0.002116
-0.003194
-0.003874
-0.007044
-0.007277
-0.008005
-0.007179
-0.005917
0.000581
0.004675
0.004386
0.004411
0.003702
0.001552
0.001708
0.001767
0.002338
0.000932
0.001601
0.001751
0.001499
0.000530
0.000008
0.000002
0.000005
0.000007
0.000006
0.000006
0.000007
0.000014
0.000031
0.000006
-0.000012
-0.000018
-0.000018
-0.000012
-0.000013
-0.000021
-0.000022
-0.000026
-0.000038
-0.000013
-0.000014
-0.000022
-0.000018
-0.000018
-0.000022
-0.000035
-0.000014
-0.000015
-0.000021
-0.000032
-0.000043
-0.000077
-0.000049
-0.000016
-0.000012
-0.000009
-0.000008
-0.000007
-0.000007
-0.000006
-0.000007
-0.000869
-0.000679
-0.000792
-0.000316
-0.000049
-0.000022
-0.001280
-0.001639
-0.001577
-0.001723
-0.002497
-0.003429
-0.005610
-0.011741
-0.014698
-0.014902
-0.008118
-0.005774
-0.008332
-0.000874
0.004654
0.000797
0.001271
0.000974
0.000309
0.003462
0.000546
0.000544
0.000230
0.000127
0.000154
0.000031
0.000009
0.000003
0.000004
0.000003
0.000005
0.000004
0.000006
0.000044
0.000009
0.000004
-0.000019
-0.000022
-0.000020
-0.000010
-0.000015
-0.000019
-0.000017
-0.000018
-0.000010
-0.000006
-0.000003
-0.000013
-0.000017
-0.000020
-0.000019
-0.000023
-0.000015
-0.000015
-0.000028
-0.000028
-0.000010
-0.000008
-0.000010
-0.000008
-0.000007
-0.000006
-0.000004
-0.000008
-0.000010
-0.000024
-0.000006
-0.000004
-0.000006
-0.000004
-0.000002
-0.000001
-0.000033
-0.000115
-0.000108
-0.000015
-0.000033
-0.000057
-0.000286
-0.000039
-0.008401
-0.011513
-0.009555
-0.008176
-0.007480
-0.006929
-0.006807
-0.000979
0.000340
0.000807
0.000746
-0.000148
0.000487
0.000185
0.000020
0.000007
0.000005
0.000005
0.000001
0.000002
0.000005
0.000004
0.000003
0.000002
0.000003
0.000004
0.000006
0.000004
0.000004
-0.000016
-0.000020
-0.000026
-0.000019
-0.000016
-0.000052
-0.000010
-0.000010
-0.000012
-0.000010
-0.000007
-0.000016
-0.000012
-0.000014
-0.000017
-0.000016
-0.000018
-0.000011
-0.000012
-0.000010
-0.000016
-0.000010
-0.000010
-0.000009
-0.000011
-0.000006
-0.000007
-0.000010
-0.000011
-0.000008
-0.000005
-0.000004
-0.000004
-0.000003
-0.000003
-0.000006
-0.000179
-0.000135
-0.000153
-0.000012
-0.000002
-0.000003
-0.000008
-0.000022
0.000136
-0.008432
-0.005956
-0.005123
-0.004944
-0.005663
-0.005235
-0.000050
0.000483
0.000427
0.000387
0.000168
0.000068
0.000017
0.000002
-0.000002
-0.000000
0.000000
0.000001
0.000004
0.000005
0.000003
0.000003
0.000003
0.000001
0.000004
0.000005
0.000005
0.000005
-0.000015
-0.000013
-0.000017
-0.000018
-0.000018
-0.000018
-0.000015
-0.000012
-0.000015
-0.000012
-0.000007
-0.000002
-0.000004
-0.000011
-0.000016
-0.000023
-0.000021
-0.000013
-0.000014
-0.000018
-0.000021
-0.000011
-0.000007
-0.000017
-0.000013
-0.000012
-0.000010
-0.000004
-0.000007
-0.000006
-0.000008
-0.000003
-0.000002
-0.000003
-0.000006
-0.000095
-0.000112
-0.000018
-0.000002
-0.000001
-0.000010
-0.000026
-0.000026
-0.000015
-0.000005
-0.000106
-0.005124
-0.005172
-0.004068
-0.002956
-0.000967
-0.000594
0.000187
0.000096
0.000018
0.000004
0.000002
-0.000002
0.000003
0.000000
-0.000002
-0.000000
0.000002
0.000004
0.000005
0.000004
0.000002
0.000003
0.000003
0.000004
0.000005
0.000003
0.000004
-0.000014
-0.000011
-0.000012
-0.000012
-0.000016
-0.000014
-0.000014
-0.000013
-0.000014
-0.000013
-0.000012
-0.000007
-0.000003
-0.000011
-0.000019
-0.000018
-0.000015
-0.000018
-0.000014
-0.000010
-0.000005
-0.000011
-0.000009
-0.000013
-0.000013
-0.000009
-0.000010
-0.000005
-0.000004
-0.000007
-0.000007
-0.000003
-0.000002
-0.000004
-0.000008
-0.000008
-0.000004
-0.000006
-0.000001
-0.000001
-0.000014
-0.000025
-0.000017
-0.000003
-0.000002
-0.000001
-0.000477
-0.003309
-0.002110
-0.001613
-0.001116
0.000693
0.000792
0.000070
-0.000004
0.000003
0.000004
0.000005
-0.000000
-0.000001
-0.000000
0.000002
0.000001
0.000003
-0.000023
-0.000006
0.000002
0.000004
0.000003
0.000003
0.000005
0.000003
0.000005
-0.000013
-0.000013
-0.000012
-0.000011
-0.000014
-0.000012
-0.000015
-0.000014
-0.000014
-0.000013
-0.000010
-0.000010
-0.000005
-0.000001
-0.000007
-0.000013
-0.000015
-0.000023
-0.000018
-0.000017
-0.000014
-0.000012
-0.000015
-0.000014
-0.000015
-0.000009
-0.000009
-0.000007
-0.000007
-0.000008
-0.000006
-0.000004
-0.000002
-0.000004
-0.000002
-0.000001
-0.000002
-0.000004
-0.000001
-0.000002
-0.000001
-0.000002
-0.000002
-0.000001
-0.000002
-0.000002
-0.000002
-0.000374
-0.000462
-0.000713
0.000147
0.000951
0.000115
0.000004
-0.000038
-0.000021
-0.000001
0.000000
-0.000001
-0.000001
0.000002
0.000002
0.000002
0.000002
-0.000071
-0.000010
0.000004
0.000003
0.000004
0.000002
0.000003
0.000004
0.000006
-0.000013
-0.000011
-0.000011
-0.000013
-0.000012
-0.000014
-0.000014
-0.000009
-0.000012
-0.000011
-0.000010
-0.000007
-0.000006
-0.000003
-0.000008
-0.000009
-0.000012
-0.000017
-0.000018
-0.000019
-0.000015
-0.000016
-0.000011
-0.000015
-0.000015
-0.000011
-0.000015
-0.000007
-0.000008
-0.000008
-0.000007
-0.000005
-0.000004
-0.000003
-0.000002
-0.000002
-0.000002
-0.000002
-0.000002
-0.000001
-0.000000
-0.000000
-0.000001
-0.000001
-0.000001
-0.000000
-0.000000
-0.000000
-0.000023
-0.000033
0.000312
0.000179
0.000009
-0.000001
-0.000002
0.000000
-0.000000
0.000001
0.000001
-0.000001
-0.000000
0.000002
0.000003
0.000002
0.000001
0.000002
0.000002
0.000003
0.000003
0.000003
0.000002
0.000004
0.000005
-0.000007
-0.000012
-0.000013
-0.000014
-0.000010
-0.000012
-0.000011
-0.000011
-0.000011
-0.000011
-0.000011
-0.000008
-0.000007
-0.000005
-0.000009
-0.000009
-0.000011
-0.000015
-0.000014
-0.000013
-0.000012
-0.000015
-0.000014
-0.000011
-0.000019
-0.000010
-0.000011
-0.000009
-0.000007
-0.000009
-0.000007
-0.000007
-0.000007
-0.000005
-0.000003
-0.000002
-0.000004
-0.000003
-0.000003
-0.000000
-0.000001
-0.000001
-0.000000
-0.000001
-0.000000
0.000000
-0.000001
0.000001
-0.000000
0.000004
0.000012
0.000002
-0.000005
-0.000001
-0.000002
-0.000001
-0.000002
-0.000001
-0.000000
-0.000000
0.000000
0.000002
0.000002
0.000001
0.000002
0.000002
0.000002
0.000003
0.000003
0.000003
0.000004
0.000003
0.000006
-0.000012
-0.000015
-0.000012
-0.000009
-0.000010
-0.000011
-0.000010
-0.000010
-0.000010
-0.000010
-0.000010
-0.000006
-0.000008
-0.000009
-0.000012
-0.000010
-0.000012
-0.000009
-0.000011
-0.000009
-0.000009
-0.000011
-0.000014
-0.000013
-0.000013
-0.000009
-0.000007
-0.000006
-0.000008
-0.000008
-0.000008
-0.000006
-0.000007
-0.000007
-0.000003
-0.000003
-0.000003
-0.000005
-0.000003
-0.000001
-0.000000
-0.000002
-0.000003
-0.000001
-0.000001
-0.000007
-0.000044
-0.000002
-0.000001
-0.000001
-0.000001
-0.000003
-0.000033
-0.000005
-0.000002
-0.000000
-0.000000
-0.000000
-0.000000
-0.000001
-0.000000
0.000001
-0.000000
0.000002
0.000001
0.000001
0.000002
0.000002
0.000003
0.000004
0.000004
0.000005
0.000005
-0.000007
-0.000012
-0.000010
-0.000008
-0.000010
-0.000010
-0.000011
-0.000009
-0.000008
-0.000007
-0.000008
-0.000007
-0.000010
-0.000009
-0.000010
-0.000007
-0.000009
-0.000011
-0.000008
-0.000006
-0.000009
-0.000010
-0.000008
-0.000013
-0.000009
-0.000013
-0.000008
-0.000005
-0.000007
-0.000008
-0.000006
-0.000004
-0.000005
-0.000005
-0.000007
-0.000007
-0.000006
-0.000004
-0.000001
-0.000001
-0.000002
-0.000009
-0.000001
-0.000000
-0.000000
-0.000002
-0.000002
-0.000000
-0.000000
-0.000001
-0.000001
-0.000002
-0.000002
0.000017
0.000001
-0.000001
-0.000001
-0.000000
-0.000000
-0.000001
-0.000001
-0.000000
0.000002
0.000002
0.000002
0.000003
0.000002
0.000002
0.000003
0.000004
0.000005
0.000006
0.000005
