0.000853
0.000685
0.000709
0.000632
0.000828
0.000865
0.000900
0.000438
0.000855
0.001037
0.001052
-0.000603
0.001064
0.001132
0.000985
0.000841
0.000759
0.000865
0.000767
0.000642
0.000648
0.000865
0.000938
0.000971
0.000940
0.000802
0.000615
0.000713
0.000758
0.000700
0.000746
0.000921
0.001018
0.000933
0.000898
0.000796
0.000667
0.000782
0.000757
0.000590
0.000517
0.000652
0.000606
0.000465
0.000532
0.000487
0.000483
0.000428
0.000389
0.000400
0.000470
0.000398
0.000377
0.000398
0.000368
0.000396
0.000341
0.000368
0.000426
0.000448
0.000573
0.000553
0.000765
0.000628
0.000507
0.000319
-0.001158
0.000520
0.000530
0.000461
0.000061
0.000434
0.000195
0.000705
0.000620
0.000688
0.000740
0.000812
0.000791
0.000811
0.000826
0.000879
0.000870
0.000906
0.000917
0.000926
0.000943
0.000865
0.000833
0.000882
0.000975
0.000976
0.000820
0.000759
0.000647
0.000739
0.000812
0.000788
0.000885
0.000646
0.000740
0.000904
0.000758
0.000902
0.000978
0.001084
0.000978
0.000956
0.000881
0.000847
0.000716
0.000746
0.000656
0.000659
0.000700
0.000649
0.000553
0.000515
0.000624
0.000518
0.000491
0.000510
0.000375
0.000453
0.000432
0.000419
0.000410
0.000403
0.000446
0.000451
0.000331
0.000369
0.000426
0.000461
0.000482
0.000514
0.000542
0.000496
0.000414
0.000459
0.000499
0.000495
0.000477
0.000381
0.000427
0.000690
0.000759
0.000750
0.000757
0.000708
0.000746
0.000742
0.000819
0.000767
0.000938
0.000857
0.000867
0.000942
0.000868
0.000829
0.000881
0.000865
0.000827
0.000920
0.000893
0.000895
0.000715
0.000598
0.000548
0.000650
0.000741
0.000868
0.000849
0.000721
0.000819
0.000858
0.000896
0.000810
0.000885
0.001013
0.001024
0.001092
0.000944
0.000837
0.000877
0.000765
0.000803
0.000828
0.000761
0.000707
0.000681
0.000648
0.000594
0.000501
0.000422
0.000383
0.000546
0.000501
0.000373
0.000402
0.000362
0.000389
0.000440
0.000353
0.000373
0.000263
0.000402
0.000455
0.000429
0.000530
0.000497
0.000393
0.000429
0.000532
0.000505
0.000424
0.000394
0.000372
0.000563
0.000796
0.000885
0.000792
0.000745
0.000728
0.000692
0.000909
0.000849
0.000873
0.000874
0.000845
0.000911
0.000898
0.000854
0.000777
0.000859
0.000904
0.000868
0.000781
0.000831
0.000821
0.000641
0.000611
0.000603
0.000641
0.000716
0.000764
0.000701
0.000932
0.000975
0.000889
0.000828
0.000923
0.001034
0.001033
0.001038
0.000976
0.000971
0.000908
0.000796
0.000653
0.000557
0.000452
0.000419
0.000396
0.000615
0.000606
0.000636
0.000557
0.000442
0.000524
0.000410
0.000378
0.000355
0.000437
0.000391
0.000399
0.000277
0.000296
0.000310
0.000343
0.000424
0.000398
0.000516
0.000511
0.000430
0.000466
0.000447
0.000430
0.000453
0.000422
0.000372
0.000480
0.000828
0.000889
0.000890
0.000792
0.000775
0.000708
0.000761
0.000810
0.000879
0.000870
0.000863
0.000853
0.000868
0.000843
0.000931
0.000859
0.000855
0.000847
0.000790
0.000822
0.000792
0.000680
0.000666
0.000625
0.000598
0.000612
0.000690
0.000762
0.000947
0.001001
0.001000
0.000886
0.000868
0.001084
0.000916
0.000903
0.000914
0.000944
0.000823
0.000671
0.000674
0.000756
0.000511
0.000352
0.000468
0.000619
0.000615
0.000619
0.000362
0.000456
0.000387
0.000355
0.000352
0.000388
0.000427
0.000294
0.000352
0.000398
0.000377
0.000331
0.000302
0.000392
0.000475
0.000542
0.000371
0.000278
0.000395
0.000450
0.000482
0.000465
0.000479
0.000390
-0.002169
0.000756
0.000736
0.000838
0.000791
0.000704
0.000735
0.000729
0.000717
0.000893
0.000854
0.000708
0.000662
0.000819
0.000895
0.000968
0.000863
0.000762
0.000758
0.000794
0.000792
0.000808
0.000838
0.000778
0.000721
0.000632
0.000674
0.000721
0.000702
0.000871
0.000859
0.000939
0.000864
0.000920
0.000854
0.000877
0.000847
0.000891
0.000901
0.000699
0.000626
0.000465
0.000397
0.000494
0.000359
0.000530
0.000624
0.000598
0.000568
0.000392
0.000414
0.000446
0.000379
0.000424
0.000333
0.000371
0.000385
0.000360
0.000346
0.000481
0.000346
0.000309
0.000346
0.000386
0.000398
0.000417
0.000366
0.000393
0.000418
0.000392
0.000442
0.000488
0.000453
0.000529
0.000717
0.000835
0.000752
0.000790
0.000646
0.000743
0.000701
0.000662
0.000688
0.000812
0.000687
0.000707
0.000746
0.000787
0.000950
0.000885
0.000749
0.000603
0.000684
0.000761
0.000807
0.000834
0.000877
0.000823
0.000843
0.000784
0.000827
0.000744
0.000876
0.000877
0.000932
0.000956
0.000981
0.001058
0.001075
0.001006
0.000906
0.000792
0.000620
0.000526
0.000611
0.000758
0.000684
0.000638
0.000668
0.000583
0.000534
0.000508
0.000465
0.000444
0.000434
0.000409
0.000414
0.000340
0.000410
0.000323
0.000406
0.000439
0.000445
0.000400
0.000307
0.000311
0.000359
0.000450
0.000596
0.000515
0.000515
0.000414
0.000423
0.000407
0.000512
0.000499
0.000490
0.000724
0.000701
0.000720
0.000707
0.000653
0.000639
0.000613
0.000647
0.000715
0.000710
0.000614
0.000795
0.000706
0.000733
0.000812
0.000778
0.000764
0.000765
0.000715
0.000735
0.000813
0.000830
0.000804
0.000832
0.000820
0.000845
0.000843
0.000821
0.000842
0.000890
0.000956
0.000980
0.000972
0.001015
0.000996
0.001057
0.000986
0.000706
0.000495
0.000505
0.000689
0.000808
0.000760
0.000776
0.000587
0.000549
0.000535
0.000496
0.000545
0.000380
0.000359
0.000362
0.000422
0.000299
0.000295
0.000299
0.000359
0.000372
0.000374
0.000403
0.000280
0.000212
0.000325
0.000415
0.000537
0.000476
0.000439
0.000355
0.000406
0.000383
0.000479
0.000432
0.000336
0.000720
0.000770
0.000746
0.000665
0.000435
0.000536
0.000559
0.000563
0.000581
0.000599
0.000689
0.000728
0.000741
0.000728
0.000793
0.000745
0.000757
0.000763
0.000724
0.000776
0.000866
0.000891
0.000874
0.000778
0.000828
0.000930
0.000928
0.000838
0.000787
0.000892
0.000815
0.000879
0.000970
0.000974
0.000995
0.001023
0.000970
0.000865
0.000801
0.000570
0.000637
0.000753
0.000713
0.000712
0.000641
0.000581
0.000564
0.000567
0.000562
0.000407
0.000385
0.000309
0.000305
0.000195
0.000248
0.000320
0.000324
0.000377
0.000442
0.000414
0.000317
0.000291
0.000333
0.000418
0.000465
0.000411
0.000341
0.000491
0.000386
0.000484
0.000449
0.000378
0.001326
0.000835
0.000713
0.000723
0.000614
0.000471
0.000673
0.000542
0.000442
0.000386
0.000607
0.000669
0.000713
0.000713
0.000716
0.000738
0.000724
0.000726
0.000702
0.000639
0.000734
0.000902
0.000954
0.000890
0.000936
0.000933
0.000927
0.000876
0.000839
0.000779
0.000779
0.000910
0.000899
0.000918
0.000966
0.000817
0.000895
0.000888
0.000923
0.000818
0.000723
0.000714
0.000669
0.000624
0.000611
0.000634
0.000637
0.000662
0.000662
0.000568
0.000423
0.000363
0.000313
0.000283
0.000256
0.000313
0.000423
0.000479
0.000461
0.000446
0.000405
0.000401
0.000412
0.000371
0.000379
0.000438
0.000357
0.000325
0.000472
0.000405
0.000453
0.000477
0.000493
0.000414
0.000757
0.000693
0.000462
0.000377
0.000557
0.000708
0.000568
0.000498
0.000425
0.000588
0.000662
0.000734
0.000698
0.000643
0.000677
0.000681
0.000709
0.000574
0.000592
0.000650
0.000875
0.000839
0.000850
0.000916
0.000960
0.000968
0.000933
0.000847
0.000830
0.000809
0.000889
0.000915
0.000924
0.000876
0.000740
0.000796
0.000937
0.000870
0.000811
0.000698
0.000568
0.000540
0.000504
0.000580
0.000605
0.000624
0.000683
0.000640
0.000511
0.000450
0.000368
0.000325
0.000337
0.000297
0.000358
0.000398
0.000440
0.000456
0.000434
0.000422
0.000413
0.000430
0.000333
0.000378
0.000445
0.000379
0.000434
0.000558
0.000455
0.000491
0.000581
0.000591
0.000444
0.000716
0.000708
0.000535
0.000392
0.000459
0.000688
0.000574
0.000530
0.000537
0.000475
0.000596
0.000595
0.000676
0.000600
0.000596
0.000653
0.000639
0.000617
0.000583
0.000605
0.000741
0.000789
0.000809
0.000936
0.000980
0.000914
0.000901
0.000886
0.000825
0.000815
0.000870
0.000764
0.000857
0.000844
0.000859
0.000923
0.000940
0.000966
0.000924
0.000616
0.000568
0.000458
0.000455
0.000432
0.000496
0.000641
0.000657
0.000621
0.000537
0.000363
0.000273
0.000258
0.000332
0.000368
0.000438
0.000323
0.000471
0.000480
0.000486
0.000458
0.000431
0.000445
0.000309
0.000280
0.000293
0.000322
0.000442
0.000522
0.000455
0.000487
0.000540
0.000538
0.000530
0.000698
0.000730
0.000656
0.000570
0.000628
0.000603
0.000624
0.000536
0.000597
0.000497
0.000495
0.000550
0.000541
0.000499
0.000447
0.000554
0.000587
0.000660
0.000679
0.000640
0.000684
0.000798
0.000801
0.000837
0.000872
0.000901
0.000854
0.000867
0.000813
0.000862
0.000979
0.000988
0.000922
0.000877
0.000987
0.001033
0.000973
0.000964
0.000895
0.000864
0.000644
0.000502
0.000491
0.000553
0.000466
0.000618
0.000686
0.000612
0.000464
0.000334
0.000258
0.000354
0.000375
0.000399
0.000503
0.000328
0.000476
0.000465
0.000501
0.000426
0.000404
0.000469
0.000436
0.000418
0.000423
0.000512
0.000576
0.000512
0.000526
0.000444
0.000515
0.000603
0.000725
0.000737
0.000702
0.000703
0.000688
0.000669
0.000598
0.000610
0.000574
0.000546
0.000420
0.000498
0.000481
0.000437
0.000533
0.000464
0.000515
0.000556
0.000623
0.000680
0.000649
0.000665
0.000724
-0.000239
-0.001622
-0.001070
0.000116
0.000310
0.000670
0.000742
0.000926
0.001020
0.000970
0.000991
0.000980
0.000951
0.000946
0.000989
0.000946
0.000921
0.000887
0.000673
0.000495
0.000456
0.000546
0.000491
0.000596
0.000696
0.000606
0.000480
0.000372
0.000409
0.000437
0.000448
0.000383
0.000454
0.000478
0.000562
0.000505
0.000498
0.000465
0.000428
0.000467
0.000516
0.000424
0.000515
0.000519
0.000553
0.000495
0.000457
0.000243
0.000525
0.000713
0.000247
0.000682
0.000688
0.000657
0.000629
0.000605
0.000555
0.000549
0.000654
0.000481
0.000393
0.000385
0.000435
0.000450
0.000415
0.000419
0.000488
0.000558
0.000630
0.000715
0.000707
0.000691
-0.000266
-0.002849
-0.019850
-0.029052
-0.023071
-0.016030
-0.017455
-0.005102
0.000577
0.000993
0.001006
0.001013
0.000956
0.000968
0.000952
0.001015
0.000960
0.000823
0.000736
0.000605
0.000449
0.000451
0.000519
0.000535
0.000529
0.000600
0.000615
0.000522
0.000427
0.000347
0.000448
0.000420
0.000443
0.000411
0.000524
0.000646
0.000405
0.000548
0.000571
0.000525
0.000569
0.000629
0.000580
0.000520
0.000592
0.000522
0.000468
0.000484
0.000456
0.000499
0.000646
0.000312
0.000625
0.000670
0.000643
0.000581
0.000492
0.000420
0.000509
0.000470
0.000386
0.000468
0.000409
0.000401
0.000491
0.000400
0.000407
0.000487
0.000602
0.000687
0.000773
0.000726
-0.000239
-0.003247
-0.000540
-0.010602
-0.017450
-0.012040
-0.016215
-0.039521
-0.026230
-0.015619
-0.008615
0.000880
0.001054
0.000988
0.000938
0.000965
0.001007
0.000941
0.000875
0.000770
0.000509
0.000273
0.000371
0.000536
0.000564
0.000510
0.000671
0.000668
0.000522
0.000484
0.000437
0.000413
0.000408
0.000382
0.000375
0.000406
0.000538
0.000565
0.000534
0.000607
0.000586
0.000650
0.000604
0.000573
0.000520
0.000460
0.000506
0.000429
0.000480
0.000569
0.000792
0.000650
0.000156
0.000631
0.000587
0.000572
0.000494
0.000434
0.000425
0.000461
0.000410
0.000356
0.000355
0.000405
0.000468
0.000461
0.000441
0.000378
0.000390
0.000540
0.000572
0.000661
0.000728
-0.005623
-0.009357
-0.014843
-0.010377
-0.013453
-0.014865
-0.017209
-0.024652
-0.039716
-0.000338
0.001024
0.001050
0.001040
0.001019
0.000958
0.000991
0.001057
0.000969
0.000915
0.000811
0.000407
0.000067
0.000289
0.000449
0.000441
0.000477
0.000556
0.000579
0.000557
0.000531
0.000450
0.000437
0.000469
0.000431
0.000346
0.000464
0.000470
0.000605
0.000555
0.000566
0.000567
0.000574
0.000521
0.000467
0.000485
0.000503
0.000546
0.000516
0.000475
0.000695
0.000746
0.000701
-0.001100
0.000643
0.000573
0.000567
0.000462
0.000404
0.000424
0.000432
0.000413
0.000396
0.000424
0.000407
0.000401
0.000447
0.000382
0.000119
0.000290
-0.000689
-0.000148
0.000867
0.000827
0.000611
0.000522
-0.000190
-0.000109
0.000136
0.002298
-0.001904
-0.009270
-0.001353
0.001072
0.000946
0.000967
0.001027
0.000915
0.001606
0.001915
0.001713
0.001080
0.000916
0.000856
0.000629
0.000430
0.000485
0.000499
0.000505
0.000498
0.000555
0.000559
0.000501
0.000428
0.000389
0.000491
0.000491
0.000483
0.000399
0.000435
0.000589
0.000565
0.000717
0.000586
0.000522
0.000491
0.000441
0.000520
0.000495
0.000570
0.000656
0.000701
0.000626
0.000682
0.000760
0.000616
0.000555
0.000670
0.000491
0.000484
0.000351
0.000385
0.000437
0.000373
0.000359
0.000361
0.000378
0.000375
0.000322
0.000360
-0.000272
-0.005605
0.003123
0.000526
0.000819
0.000682
0.000803
0.000720
0.000570
0.000465
0.000939
0.001521
0.004375
-0.000723
0.002026
0.006401
0.001391
0.001035
0.001094
0.000362
-0.001124
0.012845
0.016979
0.013214
0.003156
0.001994
0.001382
0.000695
0.000570
0.000556
0.000496
0.000501
0.000602
0.000520
0.000497
0.000451
0.000502
0.000495
0.000454
0.000512
0.000520
0.000443
0.000399
0.000562
0.000437
0.000652
0.000655
0.000565
0.000478
0.000470
0.000485
0.000624
0.000720
0.000815
0.000783
0.000808
0.000746
0.000685
0.000674
0.000732
0.000675
0.000544
0.000443
0.000315
0.000335
0.000362
0.000332
0.000329
0.000310
0.000335
0.000211
0.000287
-0.000601
-0.009629
-0.004731
0.003273
0.000686
0.000570
0.000329
0.000487
0.000789
0.000772
0.000801
0.001097
0.001184
-0.001227
-0.001444
0.005910
0.017891
0.000750
0.011545
0.011250
0.008867
0.011368
0.013129
0.018172
0.021591
0.017861
0.013540
0.008559
0.001597
0.000581
0.000564
0.000526
0.000514
0.000423
0.000483
0.000542
0.000460
0.000497
0.000478
0.000420
0.000413
0.000521
0.000530
0.000397
0.000475
0.000577
0.000656
0.000691
0.000590
0.000491
0.000490
0.000659
0.000729
0.000731
0.000856
0.000803
0.000762
0.000725
0.000827
0.000673
0.000694
0.000649
0.000476
0.000386
0.000320
0.000340
0.000372
0.000314
0.000298
0.000297
0.000261
0.000223
0.000563
-0.001130
-0.013560
0.005827
-0.003560
0.000205
0.000567
0.000288
0.000351
0.000812
0.001017
0.001173
0.000936
0.001333
0.002673
0.003031
0.005081
0.014710
0.015705
0.009720
0.011762
0.012636
0.010301
0.008548
0.012482
0.019084
0.020481
0.017891
0.012597
0.003276
0.003187
0.000690
0.000361
0.000496
0.000448
0.000454
0.000470
0.000467
0.000507
0.000523
0.000483
0.000491
0.000512
0.000552
0.000418
0.000440
0.000579
0.000554
0.000557
0.000630
0.000685
0.000577
0.000738
0.000730
0.000758
0.000676
0.000721
0.000795
0.000839
0.000936
0.000859
-0.000596
0.000560
0.000488
0.000359
0.000322
0.000359
0.000359
0.000321
0.000324
0.000285
0.000231
0.000290
0.000127
-0.000904
-0.014522
0.009582
-0.006165
-0.000266
0.000777
0.000620
0.000672
0.000969
0.000831
0.003100
-0.002013
0.001091
0.007025
0.008366
0.011007
0.012041
0.000132
0.008359
0.008100
0.007998
0.006159
0.004401
0.006357
0.017012
0.017876
0.015910
0.010106
0.001910
0.003371
0.004998
0.000889
-0.000731
0.000373
0.000595
0.000520
0.000508
0.000604
0.000606
0.000580
0.000505
0.000556
0.000573
0.000505
0.000468
0.000581
0.000598
0.000684
0.000689
0.000676
0.000731
0.000726
0.000766
0.000765
0.000835
0.000897
0.000888
0.000834
0.000828
0.001021
0.000915
0.000449
0.000398
0.000282
0.000311
0.000327
0.000264
0.000301
0.000287
0.000269
0.000251
0.000188
0.000198
-0.000533
-0.009169
-0.007687
-0.002164
-0.000496
0.000840
0.000742
0.000989
0.000749
0.008582
0.005983
0.006057
0.004846
0.009630
0.012258
0.016552
0.013887
0.005454
0.003545
0.004634
0.004284
0.002431
0.001087
0.000474
0.009147
0.012381
0.013690
0.011508
0.005977
0.003846
0.003631
0.001105
0.003435
-0.001004
0.000001
0.000464
0.000604
0.000642
0.000520
0.000561
0.000490
0.000431
0.000498
0.000554
0.000579
0.000722
0.000791
0.000754
0.000736
0.000802
0.000874
0.000793
0.000912
0.000830
0.000956
0.000940
0.001031
0.000787
0.000815
0.000859
0.000882
0.000252
0.000312
0.000335
0.000247
0.000273
0.000245
0.000295
0.000270
0.000265
0.000218
0.000236
0.000212
-0.000060
-0.003976
-0.017248
0.017659
0.000662
0.000915
0.000959
0.000860
0.009353
0.018109
0.015528
0.013651
0.013863
0.014063
0.013603
0.010259
0.011772
0.004661
-0.000308
0.001056
0.001752
-0.000117
0.000474
-0.000233
0.002517
0.005711
0.005978
0.005098
0.002652
0.002132
0.003120
0.002948
0.002999
0.021059
-0.003480
0.000814
0.000482
0.000682
0.000460
0.000557
0.000557
0.000506
0.000609
0.000676
0.000734
0.000776
0.000881
0.000859
0.000755
0.000911
0.000984
0.000993
0.001035
0.001123
0.001107
0.001005
0.000909
0.000838
0.000776
0.000766
0.000888
0.000237
0.000226
0.000284
0.000170
0.000265
0.000123
0.000262
0.000260
0.000219
0.000216
0.000217
0.000190
0.000091
-0.001405
-0.007791
0.011915
0.005663
0.000521
0.005327
0.013766
0.015149
0.024799
0.030628
0.023807
0.021211
0.016579
0.015261
0.008545
0.005076
0.001805
0.000112
-0.001178
0.000373
0.000160
0.000337
-0.001472
-0.001086
0.001230
0.001539
-0.001972
0.000526
0.001281
0.001704
0.000922
0.001178
0.014535
0.016931
0.000360
-0.000273
0.002050
-0.000184
0.000605
0.000724
0.000450
0.000599
0.000679
0.000655
0.000715
0.000735
0.000781
0.000967
0.001021
0.000916
0.000890
0.000980
0.001001
0.001118
0.001169
0.000972
0.000924
0.000742
0.000916
0.001082
0.000405
0.000353
0.000234
0.000251
0.000271
0.000162
0.000144
0.000225
0.000199
0.000168
0.000148
0.000141
0.000113
-0.000212
-0.004372
0.002997
0.004089
0.013411
0.019723
0.021686
0.013250
0.021345
0.029285
0.026217
0.024820
0.019390
0.011181
0.002285
0.001473
0.001158
0.000744
-0.001122
-0.001949
-0.000785
-0.002516
-0.005340
-0.002150
-0.001058
-0.000142
-0.005174
-0.005274
-0.001007
0.000098
0.000755
0.000787
0.006029
0.011433
0.001039
-0.004100
-0.001750
0.000362
0.000668
0.000870
0.000581
0.000505
0.000738
0.000715
0.000577
0.000620
0.000835
0.001037
0.000922
0.000850
0.000892
0.000829
0.001160
0.001159
0.001084
0.001156
0.000846
0.000899
0.000947
0.001046
0.000498
0.000342
0.000316
0.000331
0.000153
0.000112
0.000117
0.000145
0.000147
0.000106
0.000080
0.000064
0.000061
0.000039
-0.000120
-0.000087
0.000327
0.001252
0.004437
-0.002962
-0.001849
0.008155
0.013375
0.013239
0.011707
0.016028
0.008626
0.005150
0.003123
0.001972
0.001202
-0.009066
-0.006701
-0.002708
-0.002498
-0.004358
-0.007390
-0.003328
-0.002021
-0.003719
-0.005367
-0.008823
-0.003369
-0.001692
0.000665
0.002730
0.001759
0.000789
-0.000301
0.001323
0.000659
0.000798
0.000793
0.000681
0.000612
0.000746
0.000721
0.000774
0.000781
0.000995
0.000974
0.000838
0.000918
0.000989
0.001044
0.001080
0.001024
0.001247
0.001127
0.000734
0.001044
0.001020
0.001116
0.000533
0.000391
0.000434
0.000431
0.000165
0.000131
0.000107
0.000134
0.000113
0.000079
0.000066
0.000038
0.000008
-0.000013
-0.000027
-0.000044
-0.000097
0.000007
-0.000052
-0.000087
-0.000008
-0.000451
0.002198
0.006844
-0.001838
-0.005210
-0.004556
-0.005309
-0.003117
-0.004020
-0.007591
-0.013184
-0.011708
-0.009484
-0.005898
-0.005149
-0.012672
-0.005081
-0.002013
-0.003157
-0.009291
-0.013668
-0.012503
-0.011759
-0.003054
-0.000148
-0.006882
0.001316
0.001057
-0.002205
0.001842
0.000844
0.000884
0.000774
0.000571
0.000853
0.000812
0.000706
0.000890
0.001012
0.000977
0.001028
0.001032
0.000997
0.001021
0.001043
0.000991
0.001160
0.000946
0.000839
0.001025
0.001033
0.001087
0.000722
0.000660
0.000499
0.000526
0.000253
0.000089
0.000067
0.000106
0.000086
0.000072
0.000055
0.000024
-0.000003
-0.000014
-0.000030
-0.000056
-0.000092
-0.000051
-0.000021
0.000084
0.001153
0.022010
0.020196
0.017238
0.004999
-0.003092
-0.004769
-0.005602
-0.004532
-0.004370
-0.010211
-0.013410
-0.012214
-0.008778
-0.006784
-0.011366
-0.007663
-0.010115
-0.006920
-0.006945
-0.013403
-0.012868
-0.012258
-0.015537
-0.013191
-0.006265
-0.004631
-0.005180
-0.002101
-0.003373
-0.008992
0.002158
0.000979
0.000902
0.000494
0.000894
0.000777
0.000766
0.000875
0.000930
0.001077
0.001107
0.001091
0.000995
0.001061
0.001118
0.001166
0.001181
0.001174
0.000959
0.001209
0.001006
0.000794
0.000734
0.000638
0.000448
0.000427
0.000334
0.000096
0.000110
0.000085
0.000068
0.000071
0.000030
0.000002
-0.000027
-0.000044
-0.000072
-0.000094
-0.000129
-0.000107
-0.000107
0.000023
0.016473
0.029794
0.024753
0.018312
0.011411
0.002928
-0.002886
-0.005447
-0.005031
-0.004655
-0.010323
-0.013149
-0.012905
-0.009332
-0.007571
-0.011507
-0.014870
-0.009595
-0.005275
-0.011016
-0.014718
-0.009761
-0.012735
-0.015833
-0.017623
-0.014113
-0.011445
-0.005469
-0.004284
-0.007661
-0.011818
-0.008382
0.000894
0.000925
0.000673
0.000389
0.000577
0.000708
0.000738
0.000909
0.000958
0.001071
0.001115
0.001055
0.000994
0.001198
0.001106
0.001352
0.001279
0.001252
0.001073
0.000768
0.000704
0.000611
0.000534
0.000599
0.000484
0.000365
0.000089
0.000091
0.000059
0.000071
0.000056
-0.000001
-0.000027
-0.000047
-0.000082
-0.000110
-0.000146
-0.000193
-0.000222
-0.000793
-0.000671
0.005648
0.027670
0.027911
0.017042
0.010077
0.006997
0.001793
-0.002712
-0.005860
-0.007190
-0.013050
-0.012899
-0.010803
-0.007709
-0.008354
-0.010124
-0.013440
-0.011457
-0.007801
-0.008704
-0.007199
-0.003341
-0.011081
-0.010512
-0.010797
-0.016207
-0.007901
-0.004595
-0.009061
-0.012610
-0.011133
-0.009962
-0.006844
0.000577
0.001230
0.000256
0.000451
0.000675
0.000732
0.000757
0.000925
0.001087
0.001136
0.001122
0.001156
0.001126
0.001298
0.001444
0.001282
0.001183
0.000895
0.000878
0.000731
0.000684
0.000645
0.000598
0.000269
0.000224
0.000210
0.000079
0.000007
0.000058
0.000002
-0.000017
-0.000041
-0.000077
-0.000110
-0.000137
-0.000170
-0.000214
-0.000523
-0.000603
-0.000939
-0.001789
0.011453
0.024122
0.015008
0.014052
0.005939
0.002051
0.001928
0.000252
-0.009316
-0.015228
-0.012802
-0.008015
-0.006706
-0.008070
-0.011018
-0.012914
-0.012097
-0.008077
-0.010326
-0.012328
-0.013861
-0.012268
-0.011878
-0.010162
-0.001580
-0.008538
-0.004339
-0.012163
-0.013098
-0.011551
-0.010082
-0.011364
-0.008406
-0.005180
0.000861
0.000561
0.000511
0.000847
0.000796
0.000995
0.001038
0.001084
0.001099
0.000965
0.000999
0.001242
0.001263
0.001100
0.001075
0.001042
0.000900
0.000754
0.000801
0.000652
0.000636
0.000539
0.000271
0.000232
0.000091
0.000025
0.000040
-0.000023
-0.000021
-0.000062
-0.000073
-0.000093
-0.000132
-0.000144
-0.000539
-0.000733
-0.000706
-0.000840
-0.001456
-0.002726
0.010733
0.011062
0.012512
0.008648
0.004774
0.003652
0.003676
-0.007320
-0.015448
-0.014451
-0.012115
-0.007874
-0.008826
-0.010058
-0.012562
-0.013322
-0.011451
-0.013355
-0.014594
-0.017562
-0.015907
-0.013350
-0.010301
-0.005690
-0.002089
-0.005531
-0.010162
-0.009127
-0.007472
-0.009138
-0.009477
-0.008421
-0.005679
-0.003938
0.000754
0.000730
0.000862
0.000990
0.000995
0.001034
0.001067
0.000977
0.000772
0.000844
0.000917
0.000793
0.000921
0.000980
0.001018
0.000960
0.000949
0.000816
0.000745
0.000611
0.000627
0.000490
0.000627
0.000601
0.000606
0.001106
-0.000021
-0.000050
-0.000083
-0.000051
-0.000302
-0.000392
-0.000460
-0.000625
-0.000803
-0.000845
-0.000935
-0.001064
-0.001246
0.000063
0.008739
0.010918
0.010854
0.006136
0.005653
0.004477
-0.008625
-0.015077
-0.015000
-0.011058
-0.008260
-0.009645
-0.013646
-0.014786
-0.019074
-0.020078
-0.014552
-0.015036
-0.017746
-0.014055
-0.012469
-0.009088
-0.006784
-0.004424
-0.003560
-0.006720
-0.008543
-0.007981
-0.007397
-0.006063
-0.003983
-0.002354
-0.005788
-0.004860
-0.003215
0.000603
0.001130
0.001254
0.001095
0.000778
0.000681
0.000696
0.000841
0.000886
0.000705
0.000924
0.000928
0.001070
0.001189
0.001113
0.000781
0.000806
0.000615
0.000623
0.000721
0.000677
0.000580
0.000489
0.000546
0.000746
0.000724
0.000801
-0.000096
-0.000279
-0.000440
-0.000525
-0.000488
-0.000570
-0.000716
-0.000830
-0.000818
0.000733
0.000938
0.000858
0.001429
0.001785
0.001179
0.000378
0.000279
-0.011461
-0.012410
-0.011991
-0.009253
-0.009091
-0.011676
-0.012970
-0.010181
-0.015430
-0.020964
-0.015602
-0.014995
-0.014741
-0.016814
-0.013248
-0.009674
-0.005671
-0.004860
-0.004437
-0.002840
-0.009644
-0.007757
-0.004985
-0.000439
0.001017
-0.000186
-0.001759
-0.002436
-0.002519
-0.000934
0.000723
0.001193
0.001562
0.001067
0.000904
0.001105
0.000894
0.000820
0.000819
0.001020
0.001107
0.001231
0.001126
0.001382
0.000715
0.000902
0.000721
0.000657
0.000714
0.000652
0.000499
0.000451
0.000508
0.000643
0.000569
0.000592
0.000747
0.000896
0.000859
-0.000301
0.000640
0.000815
0.000739
0.000647
0.000669
0.000630
0.000701
0.000713
0.000688
0.000730
0.000632
0.000395
-0.000124
0.000781
0.001114
-0.008876
-0.010069
-0.009723
-0.010846
-0.008832
-0.010292
-0.012806
-0.018524
-0.016207
-0.014895
-0.016113
-0.016723
-0.016032
-0.013949
-0.009739
-0.007045
-0.006717
-0.005199
-0.003225
-0.003194
-0.000193
0.004087
0.003642
0.002186
0.005312
0.002909
0.004982
0.006072
0.007296
0.010752
0.013081
0.008088
0.001295
0.001192
0.000866
0.000939
0.000935
0.001126
0.001266
0.001147
0.001461
0.001267
0.000700
0.000769
0.000675
0.000605
0.000595
0.000588
0.000625
0.000563
0.000566
0.000610
0.000663
0.000635
0.000499
0.000663
0.000704
0.000587
0.000516
0.000564
0.000574
0.000582
0.000516
0.000631
0.000732
0.000752
0.000739
0.000688
0.000554
0.000367
0.000282
0.000437
0.000458
0.000071
0.000192
0.000319
-0.000144
0.000039
0.000529
-0.006761
-0.010836
-0.012483
-0.015436
-0.014690
-0.011483
-0.012141
-0.016342
-0.013442
-0.009379
-0.006740
-0.007204
-0.006424
-0.000189
0.004815
0.005929
0.007468
0.009172
0.010055
0.009166
0.011390
0.007911
0.002854
0.003783
0.007438
0.002829
0.001011
0.001078
0.001130
0.001341
0.001226
0.001174
0.001124
0.001112
0.001070
0.001028
0.000698
0.000919
0.000936
0.000626
0.000593
0.000592
0.000732
0.000575
0.000516
0.000507
0.000555
0.000580
0.000648
0.000791
0.000780
0.000570
0.000548
0.000588
0.000499
0.000473
0.000489
0.000647
0.000667
0.000727
0.000724
0.000714
0.000475
0.000244
0.000277
0.000482
0.000527
0.000596
0.000665
0.000950
0.000773
0.000686
0.000844
0.000895
0.000388
0.000146
0.000278
0.000725
0.000568
0.000801
-0.011129
-0.012491
-0.008816
-0.006963
-0.007766
-0.007732
-0.005978
0.004124
0.007319
0.008882
0.011144
0.010306
0.009195
0.006860
0.002298
0.001837
0.001682
0.001822
0.001698
0.001300
0.000943
0.001214
0.001486
0.001528
0.001238
0.001128
0.000903
0.001098
0.000896
0.000824
0.000967
0.000984
0.000825
0.000615
0.000575
0.000632
0.000763
0.000612
0.000649
0.000687
0.000506
0.000671
0.000771
0.000823
0.000648
0.000691
0.000565
0.000584
0.000581
0.000438
0.000503
0.000647
0.000656
0.000720
0.000727
0.000384
0.000299
0.000381
0.000522
0.000426
0.000583
0.000639
0.000906
0.000957
0.001029
0.001124
0.001084
0.001146
0.001012
0.001077
0.001206
0.001517
0.001782
0.002028
-0.010928
-0.011666
-0.008412
-0.006918
-0.008030
-0.008852
0.007153
0.007577
0.006299
0.004796
0.001509
0.001716
0.002031
0.001562
0.001657
0.001326
0.001549
0.001648
0.001127
0.000787
0.001301
0.001576
0.001307
0.001237
0.001199
0.001260
0.001097
0.000892
0.000842
0.000931
0.001009
0.000869
0.000608
0.000549
0.000641
0.000851
0.000721
0.000778
0.000730
0.000684
0.000644
0.000748
0.000735
0.000820
0.000920
0.000677
0.000771
0.000690
0.000518
0.000513
0.000608
0.000678
0.000737
0.000623
0.000335
0.000258
0.000364
0.000464
0.000656
0.000638
0.000855
0.000852
0.001058
0.001298
0.001288
0.000948
0.000572
0.000755
0.001004
0.001223
0.001607
0.001573
0.001448
0.003252
-0.010530
-0.008871
-0.007267
-0.008196
-0.008229
-0.006499
0.001516
0.001768
0.002308
0.002069
0.001950
0.001760
0.001594
0.001456
0.001370
0.001227
0.001354
0.000896
0.000736
0.001360
0.001426
0.001430
0.001448
0.001344
0.001224
0.001028
0.000935
0.000845
0.000774
0.000985
0.001124
0.000717
0.000598
0.000649
0.000768
0.000720
0.000728
0.000797
0.000682
0.000762
0.000766
0.000648
0.000835
0.000849
0.000807
0.000910
0.000719
0.000533
0.000531
0.000536
0.000668
0.000693
0.000742
0.000412
0.000433
0.000663
0.000562
0.000711
0.000740
0.000880
0.001088
0.001176
0.001411
0.001125
0.000859
0.000346
0.000555
0.000982
0.001179
0.001492
0.001423
0.001355
0.001387
0.001425
-0.005752
-0.005233
-0.006305
-0.001277
0.001648
-0.005319
0.000656
0.001934
0.002073
0.001965
0.001713
0.001558
0.001397
0.001291
0.001107
0.000913
0.001230
0.001156
0.001234
0.001443
0.001653
0.001655
0.001371
0.001170
0.001037
0.000673
0.000765
0.000857
0.001004
0.000993
0.000729
0.000603
0.000673
0.000793
0.000780
0.000786
0.000739
0.000645
0.000751
0.000878
0.000713
0.000668
0.000775
0.000743
0.000776
0.000750
0.000528
0.000436
0.000525
0.000721
0.000744
0.000800
0.000452
0.000492
0.000515
0.000696
0.000643
0.000781
0.000841
0.001249
0.001141
0.000915
0.000958
0.000609
0.000235
0.000620
0.000949
0.001037
0.001134
0.001417
0.001473
0.001260
0.001312
0.000729
-0.000025
0.002435
0.000624
0.006244
-0.001478
0.001220
0.001533
0.002070
0.001915
0.001482
0.001568
0.001645
0.001529
0.001078
0.000950
0.001302
0.001346
0.001236
0.001571
0.001744
0.001631
0.001463
0.000794
0.000804
0.000819
0.000685
0.000825
0.001020
0.000863
0.000763
0.000714
0.000802
0.000891
0.000852
0.000792
0.000558
0.000649
0.000759
0.000929
0.000823
0.000644
0.000786
0.000831
0.000775
0.000661
0.000611
0.000594
0.000661
0.000713
0.000755
0.000785
0.000861
0.000752
0.000563
0.000698
0.000746
0.000832
0.000856
0.001092
0.001043
0.000791
0.000695
0.001100
0.000152
0.000603
0.000686
0.000870
0.001051
0.001403
0.001427
0.001203
0.001193
0.001206
0.000820
0.000736
0.000639
0.000412
0.001504
0.001643
0.001464
0.001807
0.001702
0.001744
0.001784
0.001860
0.001433
0.001423
0.001297
0.001380
0.001537
0.001393
0.001655
0.001581
0.001686
0.001535
0.001052
0.000760
0.000685
0.000645
0.000871
0.000878
0.000830
0.000827
0.000750
0.000866
0.000821
0.000970
0.000901
0.000624
0.000513
0.000579
0.000713
0.000629
0.000587
0.000673
0.000750
0.000742
0.000574
0.000570
0.000550
0.000589
0.000643
0.000696
0.000930
0.000680
0.000758
0.000803
0.000724
0.000806
0.000864
0.001006
0.001156
0.001051
0.001251
0.001290
0.001279
0.000787
0.000625
0.000759
0.000996
0.001283
0.001497
0.001397
0.001324
0.001388
0.001319
0.000616
0.000650
0.001116
0.001794
0.002102
0.001860
0.001776
0.002071
0.001956
0.001611
0.001785
0.001826
0.001540
0.001379
0.001506
0.001453
0.001623
0.001744
0.001489
0.001612
0.001604
0.001737
0.001445
0.001000
0.000854
0.000691
0.000691
0.000792
0.000858
0.000940
0.000648
0.000699
0.000428
0.000872
0.000821
0.000512
0.000536
0.000588
0.000750
0.000673
0.000572
0.000618
0.000780
0.000824
0.000618
0.000594
0.000609
0.000603
0.000629
0.000763
0.000810
0.000565
0.000735
0.000902
0.001035
0.000954
0.001012
0.001111
0.001052
0.001108
0.001246
0.001067
0.001048
0.000579
0.000605
0.000937
0.001004
0.001168
0.001473
0.001284
0.001453
0.001357
0.001376
0.001014
0.001160
0.001491
0.001966
0.002012
0.002069
0.002035
0.002186
0.002145
0.001804
0.001685
0.001671
0.001563
0.001496
0.001467
0.001354
0.001727
0.001626
0.001282
0.001575
0.001657
0.001786
0.001580
0.001090
0.000847
0.000722
0.000668
0.000792
0.000960
0.000839
0.000651
0.000566
0.000496
0.000565
0.000978
0.000705
0.000554
0.000615
0.000592
0.000666
0.000445
0.000625
0.000664
0.000833
0.000706
0.000676
0.000743
0.000718
0.000566
0.000857
0.000622
0.000679
0.000706
0.000743
0.000837
0.000907
0.001020
0.001228
0.001105
0.000836
0.000680
0.000633
0.000740
0.000578
0.000681
0.000878
0.000338
0.000937
0.001188
0.001171
0.001655
0.001564
0.001715
0.001554
0.001369
0.001601
0.002004
0.002124
0.002191
0.002206
0.002023
0.001965
0.001736
0.001438
0.001562
0.001524
0.001630
0.001550
0.001459
0.001546
0.001598
0.001436
0.001451
0.001688
0.001740
0.001503
0.001244
0.000960
