-0.000116
-0.000244
-0.000169
0.000632
-0.000166
-0.000279
-0.000526
0.000438
-0.000697
-0.000729
-0.000757
-0.000603
-0.000788
-0.000895
-0.000879
-0.000899
-0.000904
-0.000895
-0.000905
-0.000838
-0.000908
-0.000750
-0.000775
-0.000791
-0.000704
-0.000767
-0.000946
-0.000841
-0.001031
-0.001056
-0.000726
-0.000869
-0.000803
-0.000838
-0.000865
-0.000845
-0.000936
-0.000792
-0.000819
-0.000870
-0.000770
-0.000710
-0.000696
-0.000695
-0.000741
-0.000748
-0.000674
-0.000715
-0.000622
-0.000706
-0.000775
-0.000699
-0.000627
-0.000642
-0.000641
-0.000481
-0.000516
-0.000508
-0.000663
-0.000675
-0.000549
-0.000408
-0.000254
-0.000151
0.000132
0.000128
-0.001158
0.000156
0.000194
0.000106
0.000061
0.000034
0.000195
-0.000834
-0.000813
-0.000830
-0.000833
-0.000877
-0.000774
-0.000775
-0.000812
-0.000772
-0.000679
-0.000693
-0.000646
-0.000815
-0.000831
-0.000859
-0.000799
-0.000773
-0.000691
-0.000784
-0.000743
-0.000770
-0.000715
-0.000730
-0.000697
-0.000779
-0.000655
-0.000658
-0.000733
-0.000786
-0.000835
-0.000752
-0.000722
-0.000761
-0.000826
-0.000888
-0.000881
-0.000890
-0.000770
-0.000738
-0.000843
-0.000796
-0.000672
-0.000682
-0.000766
-0.000796
-0.000793
-0.000796
-0.000792
-0.000763
-0.000637
-0.000664
-0.000631
-0.000529
-0.000531
-0.000608
-0.000684
-0.000567
-0.000560
-0.000583
-0.000576
-0.000582
-0.000575
-0.000589
-0.000649
-0.000596
-0.000622
-0.000657
-0.000680
-0.000706
-0.000735
-0.000682
-0.000714
-0.000498
-0.000762
-0.000774
-0.000809
-0.000904
-0.000808
-0.000910
-0.000856
-0.000963
-0.000807
-0.000735
-0.000660
-0.000613
-0.000782
-0.000732
-0.000769
-0.000788
-0.000782
-0.000848
-0.000753
-0.000773
-0.000753
-0.000689
-0.000873
-0.000740
-0.000679
-0.000741
-0.000752
-0.000775
-0.000678
-0.000722
-0.000710
-0.000803
-0.000844
-0.000875
-0.000807
-0.000664
-0.000664
-0.000851
-0.000746
-0.000758
-0.000762
-0.000700
-0.000700
-0.000797
-0.000791
-0.000775
-0.000787
-0.000820
-0.000776
-0.000695
-0.000587
-0.000564
-0.000541
-0.000589
-0.000607
-0.000592
-0.000586
-0.000534
-0.000497
-0.000577
-0.000582
-0.000572
-0.000612
-0.000643
-0.000674
-0.000657
-0.000650
-0.000700
-0.000712
-0.000707
-0.000740
-0.000767
-0.000676
-0.000741
-0.000769
-0.000836
-0.000782
-0.000810
-0.000876
-0.000789
-0.000902
-0.000773
-0.000732
-0.000672
-0.000666
-0.000558
-0.000686
-0.000667
-0.000666
-0.000703
-0.000815
-0.000809
-0.000722
-0.000740
-0.000775
-0.000734
-0.000811
-0.000785
-0.000767
-0.000766
-0.000721
-0.000708
-0.000746
-0.000815
-0.000816
-0.000768
-0.000842
-0.000656
-0.000582
-0.000576
-0.000678
-0.000749
-0.000728
-0.000831
-0.000793
-0.000758
-0.000784
-0.000870
-0.000766
-0.000732
-0.000772
-0.000741
-0.000688
-0.000579
-0.000616
-0.000565
-0.000573
-0.000563
-0.000494
-0.000548
-0.000576
-0.000581
-0.000656
-0.000613
-0.000567
-0.000635
-0.000693
-0.000565
-0.000724
-0.000673
-0.000690
-0.000731
-0.000795
-0.000761
-0.000779
-0.000673
-0.000641
-0.000741
-0.000760
-0.000737
-0.000783
-0.000789
-0.000821
-0.000870
-0.000719
-0.000792
-0.000723
-0.000589
-0.000576
-0.000650
-0.000677
-0.000783
-0.000619
-0.000744
-0.000766
-0.000767
-0.000774
-0.000708
-0.000744
-0.000732
-0.000608
-0.000802
-0.000758
-0.000735
-0.000601
-0.000646
-0.000852
-0.000840
-0.000929
-0.000835
-0.000783
-0.000682
-0.000703
-0.000793
-0.000539
-0.000698
-0.000798
-0.000774
-0.000750
-0.000817
-0.000798
-0.000704
-0.000688
-0.000712
-0.000621
-0.000637
-0.000539
-0.000569
-0.000586
-0.000533
-0.000462
-0.000489
-0.000518
-0.000534
-0.000636
-0.000644
-0.000581
-0.000587
-0.000617
-0.000736
-0.000738
-0.000509
-0.000748
-0.000718
-0.000765
-0.000777
-0.000762
-0.000814
-0.002169
-0.000601
-0.000629
-0.000719
-0.000688
-0.000747
-0.000821
-0.000814
-0.000801
-0.000874
-0.000829
-0.000601
-0.000520
-0.000666
-0.000633
-0.000690
-0.000725
-0.000709
-0.000714
-0.000817
-0.000725
-0.000688
-0.000715
-0.000772
-0.000703
-0.000634
-0.000611
-0.000656
-0.000723
-0.000620
-0.000650
-0.000743
-0.000755
-0.000837
-0.000792
-0.000730
-0.000723
-0.000694
-0.000780
-0.000766
-0.000667
-0.000706
-0.000769
-0.000896
-0.000830
-0.000846
-0.000758
-0.000672
-0.000635
-0.000585
-0.000462
-0.000504
-0.000544
-0.000523
-0.000528
-0.000519
-0.000540
-0.000463
-0.000500
-0.000570
-0.000588
-0.000579
-0.000541
-0.000556
-0.000615
-0.000652
-0.000624
-0.000833
-0.000702
-0.000733
-0.000772
-0.000818
-0.000845
-0.000782
-0.000601
-0.000660
-0.000663
-0.000718
-0.000812
-0.000814
-0.000832
-0.000897
-0.000911
-0.000729
-0.000705
-0.000600
-0.000715
-0.000641
-0.000734
-0.000710
-0.000786
-0.000787
-0.000690
-0.000714
-0.000851
-0.000716
-0.000751
-0.000803
-0.000771
-0.000692
-0.000842
-0.000932
-0.000777
-0.000639
-0.000689
-0.000810
-0.000841
-0.000755
-0.000828
-0.000725
-0.000752
-0.000803
-0.000856
-0.000694
-0.000632
-0.000834
-0.000811
-0.000921
-0.000835
-0.000726
-0.000639
-0.000634
-0.000575
-0.000487
-0.000529
-0.000551
-0.000551
-0.000536
-0.000481
-0.000470
-0.000540
-0.000577
-0.000629
-0.000624
-0.000583
-0.000598
-0.000612
-0.000531
-0.000631
-0.000711
-0.000657
-0.000675
-0.000701
-0.000796
-0.000829
-0.000844
-0.000839
-0.000576
-0.000599
-0.000612
-0.000721
-0.000712
-0.000852
-0.000940
-0.000898
-0.000827
-0.000670
-0.000578
-0.000527
-0.000641
-0.000689
-0.000787
-0.000902
-0.000878
-0.000857
-0.000786
-0.000822
-0.000819
-0.000830
-0.000858
-0.000728
-0.000752
-0.000893
-0.000929
-0.000935
-0.000846
-0.000705
-0.000662
-0.000744
-0.000780
-0.000742
-0.000692
-0.000704
-0.000754
-0.000850
-0.000780
-0.000771
-0.000659
-0.000673
-0.000821
-0.000836
-0.000723
-0.000707
-0.000630
-0.000657
-0.000669
-0.000541
-0.000547
-0.000561
-0.000536
-0.000516
-0.000522
-0.000522
-0.000552
-0.000603
-0.000606
-0.000631
-0.000593
-0.000676
-0.000763
-0.000760
-0.000734
-0.000699
-0.000711
-0.000722
-0.000779
-0.000867
-0.000857
-0.000828
-0.000845
-0.000611
-0.000556
-0.000555
-0.000654
-0.000593
-0.000757
-0.000909
-0.000959
-0.000777
-0.000768
-0.000618
-0.000526
-0.000592
-0.000784
-0.000864
-0.000915
-0.000825
-0.000927
-0.000893
-0.000723
-0.000732
-0.000706
-0.000832
-0.000892
-0.000855
-0.000850
-0.000912
-0.000868
-0.000811
-0.000757
-0.000814
-0.000783
-0.000730
-0.000883
-0.000717
-0.000731
-0.000663
-0.000775
-0.000831
-0.000783
-0.000787
-0.000768
-0.000830
-0.000820
-0.000733
-0.000710
-0.000749
-0.000672
-0.000740
-0.000562
-0.000509
-0.000516
-0.000531
-0.000509
-0.000545
-0.000551
-0.000548
-0.000535
-0.000569
-0.000642
-0.000690
-0.000705
-0.000684
-0.000731
-0.000737
-0.000719
-0.000814
-0.000800
-0.000862
-0.000877
-0.000899
-0.000902
0.001326
-0.000568
-0.000599
-0.000634
-0.000759
-0.000635
-0.000792
-0.000976
-0.000893
-0.000821
-0.000815
-0.000675
-0.000625
-0.000720
-0.000809
-0.000919
-0.000814
-0.000843
-0.000827
-0.000761
-0.000683
-0.000522
-0.000634
-0.000723
-0.000941
-0.000944
-0.000895
-0.000869
-0.000899
-0.000840
-0.000807
-0.000778
-0.000745
-0.000874
-0.000722
-0.000617
-0.000666
-0.000685
-0.000687
-0.000658
-0.000742
-0.000733
-0.000737
-0.000792
-0.000739
-0.000733
-0.000739
-0.000815
-0.000771
-0.000706
-0.000559
-0.000510
-0.000547
-0.000564
-0.000582
-0.000567
-0.000643
-0.000619
-0.000616
-0.000629
-0.000614
-0.000652
-0.000645
-0.000667
-0.000669
-0.000746
-0.000800
-0.000789
-0.000876
-0.000908
-0.000941
-0.000962
-0.000957
-0.001003
-0.000675
-0.000631
-0.000683
-0.000757
-0.000733
-0.000830
-0.000942
-0.000854
-0.000846
-0.000841
-0.000773
-0.000710
-0.000593
-0.000606
-0.000920
-0.000950
-0.000846
-0.000734
-0.000748
-0.000847
-0.000649
-0.000802
-0.000730
-0.000816
-0.000757
-0.000764
-0.000846
-0.000885
-0.000892
-0.000891
-0.000736
-0.000642
-0.000669
-0.000620
-0.000562
-0.000677
-0.000649
-0.000571
-0.000596
-0.000670
-0.000807
-0.000778
-0.000713
-0.000720
-0.000737
-0.000738
-0.000741
-0.000724
-0.000666
-0.000572
-0.000514
-0.000541
-0.000541
-0.000548
-0.000573
-0.000617
-0.000668
-0.000636
-0.000639
-0.000680
-0.000720
-0.000699
-0.000722
-0.000775
-0.000809
-0.000846
-0.000872
-0.000963
-0.000987
-0.000990
-0.000978
-0.000969
-0.000975
-0.000588
-0.000602
-0.000592
-0.000679
-0.000815
-0.000771
-0.000751
-0.000807
-0.000729
-0.000789
-0.000663
-0.000710
-0.000648
-0.000829
-0.000784
-0.000715
-0.000816
-0.000781
-0.000825
-0.000739
-0.000704
-0.000732
-0.000773
-0.000614
-0.000730
-0.000646
-0.000665
-0.000737
-0.000861
-0.000886
-0.000801
-0.000627
-0.000667
-0.000711
-0.000607
-0.000648
-0.000568
-0.000530
-0.000672
-0.000778
-0.000737
-0.000716
-0.000674
-0.000689
-0.000676
-0.000716
-0.000724
-0.000711
-0.000646
-0.000556
-0.000476
-0.000545
-0.000496
-0.000543
-0.000628
-0.000579
-0.000635
-0.000643
-0.000694
-0.000723
-0.000769
-0.000804
-0.000785
-0.000836
-0.000840
-0.000855
-0.000959
-0.001057
-0.001013
-0.000951
-0.000942
-0.000954
-0.000948
-0.000599
-0.000599
-0.000590
-0.000699
-0.000794
-0.000725
-0.000723
-0.000795
-0.000738
-0.000624
-0.000733
-0.000729
-0.000615
-0.000718
-0.000810
-0.000844
-0.000848
-0.000756
-0.000711
-0.000707
-0.000623
-0.000594
-0.000627
-0.000524
-0.000550
-0.000676
-0.000739
-0.000781
-0.000815
-0.000797
-0.000840
-0.000627
-0.000652
-0.000682
-0.000613
-0.000577
-0.000522
-0.000483
-0.000541
-0.000662
-0.000661
-0.000661
-0.000665
-0.000665
-0.000677
-0.000681
-0.000697
-0.000692
-0.000573
-0.000566
-0.000470
-0.000449
-0.000489
-0.000570
-0.000698
-0.000560
-0.000777
-0.000727
-0.000749
-0.000786
-0.000813
-0.000846
-0.000844
-0.000859
-0.000943
-0.000993
-0.000954
-0.000879
-0.000916
-0.000954
-0.000938
-0.000933
0.000725
-0.000628
-0.000620
-0.000661
-0.000757
-0.000752
-0.000630
-0.000653
-0.000716
-0.000718
-0.000585
-0.000696
-0.000705
-0.000662
-0.000609
-0.000758
-0.000782
-0.000791
-0.000830
-0.000747
-0.000656
-0.000714
-0.000759
-0.000347
-0.000524
-0.000429
-0.000647
-0.000856
-0.000758
-0.000872
-0.000808
-0.000776
-0.000629
-0.000647
-0.000652
-0.000676
-0.000553
-0.000465
-0.000499
-0.000570
-0.000544
-0.000540
-0.000588
-0.000572
-0.000584
-0.000628
-0.000644
-0.000642
-0.000588
-0.000614
-0.000554
-0.000443
-0.000452
-0.000514
-0.000563
-0.000679
-0.000678
-0.000933
-0.000872
-0.000888
-0.000871
-0.000861
-0.000864
-0.000830
-0.000896
-0.000912
-0.000950
-0.001038
-0.000931
-0.000881
-0.001022
-0.000945
-0.001030
-0.000988
-0.000749
-0.000637
-0.000712
-0.000775
-0.000733
-0.000725
-0.000618
-0.000692
-0.000738
-0.000618
-0.000671
-0.000576
-0.000609
-0.000559
-0.000605
-0.000692
-0.000700
-0.000876
-0.000872
-0.000866
-0.000817
0.000486
0.001386
0.000174
-0.000511
-0.000991
-0.004400
-0.003441
-0.001123
-0.000789
-0.000863
-0.000651
-0.000596
-0.000696
-0.000686
-0.000557
-0.000501
-0.000584
-0.000502
-0.000476
-0.000474
-0.000415
-0.000437
-0.000490
-0.000564
-0.000624
-0.000632
-0.000582
-0.000601
-0.000553
-0.000453
-0.000511
-0.000577
-0.000623
-0.000688
-0.000812
-0.000831
-0.000879
-0.000942
-0.000866
-0.000922
-0.000910
-0.000950
-0.000971
-0.000990
-0.001056
-0.001051
-0.000990
-0.000987
-0.000972
-0.001001
-0.001174
-0.000992
-0.000796
-0.000745
-0.000737
-0.000748
-0.000630
-0.000651
-0.000645
-0.000651
-0.000657
-0.000630
-0.000659
-0.000635
-0.000578
-0.000546
-0.000545
-0.000705
-0.000760
-0.000738
-0.000790
-0.000828
0.000235
0.006786
0.004415
0.004172
0.008542
0.007973
0.010863
0.005913
-0.001081
-0.003085
-0.000856
-0.000694
-0.000531
-0.000564
-0.000655
-0.000580
-0.000503
-0.000538
-0.000475
-0.000442
-0.000327
-0.000252
-0.000303
-0.000421
-0.000538
-0.000568
-0.000544
-0.000521
-0.000591
-0.000548
-0.000528
-0.000578
-0.000603
-0.000660
-0.000691
-0.000694
-0.000795
-0.000842
-0.000917
-0.000889
-0.000868
-0.000957
-0.000959
-0.000972
-0.000973
-0.000952
-0.000991
-0.001028
-0.001057
-0.001045
-0.001117
-0.001188
-0.000999
-0.000778
-0.000776
-0.000788
-0.000658
-0.000608
-0.000617
-0.000635
-0.000634
-0.000643
-0.000545
-0.000534
-0.000581
-0.000546
-0.000535
-0.000633
-0.000701
-0.000318
-0.000207
-0.000065
-0.000332
0.000468
-0.001657
-0.000971
0.000577
0.001177
-0.000113
0.004640
0.008218
0.009813
-0.001016
-0.000777
-0.000603
-0.000545
-0.000554
-0.000544
-0.000610
-0.000587
-0.000528
-0.000515
-0.000345
-0.000215
0.000144
-0.000180
-0.000358
-0.000415
-0.000455
-0.000523
-0.000593
-0.000628
-0.000618
-0.000567
-0.000631
-0.000639
-0.000706
-0.000667
-0.000745
-0.000779
-0.000802
-0.000870
-0.000909
-0.001031
-0.001024
-0.000956
-0.000960
-0.000980
-0.001016
-0.001036
-0.001060
-0.001091
-0.001145
-0.001101
-0.001014
-0.001100
-0.000731
-0.000737
-0.000741
-0.000660
-0.000595
-0.000631
-0.000600
-0.000602
-0.000548
-0.000486
-0.000530
-0.000533
-0.000567
-0.000525
-0.000262
-0.000073
-0.001191
-0.000133
0.000794
0.000315
-0.000655
-0.000589
-0.000660
-0.000810
0.000931
0.004272
0.004231
0.003254
-0.000511
-0.000789
-0.000745
-0.000654
-0.000571
-0.000490
-0.000343
-0.000306
-0.000382
-0.000432
-0.000445
-0.000379
-0.000225
-0.000236
-0.000262
-0.000381
-0.000446
-0.000477
-0.000607
-0.000693
-0.000676
-0.000666
-0.000549
-0.000624
-0.000559
-0.000681
-0.000682
-0.000765
-0.000841
-0.000956
-0.000946
-0.000990
-0.000925
-0.000949
-0.000942
-0.000925
-0.001017
-0.001068
-0.001073
-0.001032
-0.000930
-0.001117
-0.001044
-0.000959
-0.000983
-0.000708
-0.000719
-0.000693
-0.000603
-0.000555
-0.000614
-0.000630
-0.000567
-0.000524
-0.000529
-0.000447
-0.000461
-0.000525
-0.000122
-0.000442
-0.000103
-0.001568
-0.000736
0.000145
0.000428
0.000025
-0.000279
-0.000298
-0.000776
0.000497
0.006598
0.004456
0.001353
0.000439
-0.000584
-0.000601
-0.000237
-0.000337
0.001305
0.003793
0.004491
0.001739
-0.000071
-0.000279
-0.000425
-0.000495
-0.000389
-0.000417
-0.000461
-0.000500
-0.000519
-0.000658
-0.000752
-0.000693
-0.000659
-0.000595
-0.000642
-0.000730
-0.000720
-0.000706
-0.000784
-0.000898
-0.000961
-0.001042
-0.001035
-0.000953
-0.000938
-0.000955
-0.001015
-0.000989
-0.001034
-0.000938
-0.000917
-0.001100
-0.001064
-0.001094
-0.000951
-0.000999
-0.000672
-0.000675
-0.000651
-0.000607
-0.000533
-0.000540
-0.000574
-0.000568
-0.000425
-0.000530
-0.000434
-0.000390
-0.000205
-0.001925
-0.000096
0.000252
-0.000962
-0.001992
-0.001285
-0.001200
-0.000716
-0.000413
0.000838
0.000548
0.002122
0.000580
-0.000589
0.003819
0.005578
0.002442
0.002777
0.002603
0.001183
0.002553
0.004350
0.005119
0.004117
0.005369
0.003043
-0.000068
-0.000503
-0.000462
-0.000546
-0.000546
-0.000544
-0.000467
-0.000568
-0.000710
-0.000713
-0.000713
-0.000600
-0.000668
-0.000724
-0.000686
-0.000702
-0.000794
-0.000874
-0.000911
-0.000927
-0.001060
-0.000971
-0.000999
-0.001040
-0.001020
-0.000991
-0.000998
-0.001053
-0.001028
-0.001031
-0.000976
-0.000951
-0.000866
-0.000815
-0.000674
-0.000578
-0.000563
-0.000597
-0.000542
-0.000530
-0.000539
-0.000529
-0.000524
-0.000516
-0.000421
-0.000223
-0.000194
-0.000291
-0.000806
-0.007118
-0.002464
-0.001041
-0.000688
-0.000721
-0.000608
-0.000513
0.003814
0.006308
0.000320
-0.000842
-0.000591
-0.000329
0.000691
0.000938
0.001334
-0.000129
-0.002444
-0.002772
0.000744
0.003479
0.002947
0.004205
0.005458
0.002748
0.000142
0.000234
-0.000548
-0.000626
-0.000571
-0.000667
-0.000695
-0.000751
-0.000716
-0.000668
-0.000669
-0.000698
-0.000724
-0.000744
-0.000758
-0.000858
-0.000929
-0.000952
-0.001052
-0.001011
-0.000996
-0.001076
-0.001070
-0.001083
-0.001034
-0.001057
-0.001028
-0.001011
-0.000894
-0.000813
-0.000857
-0.000815
-0.000596
-0.000683
-0.000582
-0.000561
-0.000539
-0.000535
-0.000564
-0.000523
-0.000524
-0.000505
-0.000524
-0.000468
-0.000303
-0.000343
-0.001545
-0.002285
-0.007963
-0.002953
-0.000758
-0.000447
-0.000658
-0.000507
-0.000483
0.000286
0.000940
-0.000146
-0.000264
-0.000347
-0.000594
0.000311
-0.001846
-0.000106
-0.000054
-0.000888
-0.000984
0.000501
0.005955
0.004988
0.002922
0.004777
0.003576
0.000070
-0.000718
-0.000264
-0.000629
-0.000721
-0.000760
-0.000747
-0.000724
-0.000685
-0.000726
-0.000728
-0.000736
-0.000805
-0.000798
-0.000864
-0.000937
-0.000926
-0.000975
-0.001018
-0.001043
-0.001008
-0.001045
-0.001008
-0.001017
-0.001027
-0.001017
-0.001043
-0.000848
-0.000745
-0.000931
-0.001007
-0.000933
-0.000770
-0.000672
-0.000576
-0.000516
-0.000526
-0.000543
-0.000503
-0.000508
-0.000523
-0.000536
-0.000513
-0.000363
-0.000319
-0.000458
-0.002332
-0.002947
-0.000808
-0.006358
-0.001433
-0.001257
-0.001058
-0.000701
0.001170
0.002763
0.003466
0.001236
0.000901
0.001330
0.000899
0.001063
-0.000255
-0.000091
-0.000149
-0.001322
-0.000380
0.001896
0.006572
0.003165
0.002995
0.003958
0.003226
0.000743
-0.000209
0.000267
-0.001295
-0.000290
-0.000455
-0.000750
-0.000673
-0.000689
-0.000722
-0.000809
-0.000819
-0.000860
-0.000907
-0.000919
-0.000900
-0.000924
-0.001054
-0.001044
-0.001037
-0.001020
-0.001018
-0.000954
-0.000991
-0.001078
-0.001057
-0.000981
-0.001018
-0.000985
-0.000948
-0.000842
-0.000799
-0.000766
-0.000426
-0.000516
-0.000514
-0.000449
-0.000481
-0.000480
-0.000483
-0.000494
-0.000493
-0.000428
-0.000380
-0.000364
-0.000334
-0.000923
-0.002920
0.001591
-0.007505
-0.001178
-0.000001
-0.000840
0.001075
0.002361
0.003040
0.003239
0.002299
0.001520
0.001465
0.000313
0.000990
-0.000301
0.000000
-0.000702
-0.001307
-0.000902
0.003593
0.003156
0.000680
0.001184
0.002459
0.002126
-0.000468
-0.000373
-0.000401
0.000159
0.001324
0.004110
-0.000213
-0.000803
-0.000784
-0.000797
-0.000820
-0.000832
-0.000922
-0.000885
-0.000935
-0.000932
-0.001092
-0.001128
-0.000994
-0.000924
-0.000917
-0.001009
-0.001012
-0.000875
-0.001105
-0.000998
-0.001037
-0.001094
-0.001023
-0.000955
-0.000863
-0.000833
-0.000635
-0.000620
-0.000554
-0.000467
-0.000468
-0.000547
-0.000383
-0.000458
-0.000493
-0.000527
-0.000461
-0.000402
-0.000397
-0.000403
-0.000677
-0.002255
0.000355
-0.000944
-0.000169
0.000231
0.000419
0.000536
0.002344
0.004700
0.004301
0.004171
0.003084
0.000969
-0.000540
0.000128
0.001559
0.002567
0.002956
0.000688
0.000433
0.004796
0.000199
-0.000197
-0.000338
-0.000953
0.000095
-0.000834
-0.002696
-0.000788
-0.000179
0.000371
0.002581
0.004900
0.000096
-0.000748
-0.000832
-0.000906
-0.000890
-0.000894
-0.000908
-0.000965
-0.000978
-0.000997
-0.000923
-0.000915
-0.000969
-0.000938
-0.000921
-0.001118
-0.000935
-0.000917
-0.001080
-0.001078
-0.001114
-0.001141
-0.001041
-0.001030
-0.000994
-0.000611
-0.000538
-0.000562
-0.000545
-0.000554
-0.000529
-0.000506
-0.000490
-0.000528
-0.000542
-0.000403
-0.000424
-0.000854
-0.001078
-0.000473
-0.000791
-0.001762
-0.000147
0.000309
0.000245
0.001081
0.001141
0.002136
0.003845
0.004767
0.005035
0.004715
0.002765
0.000386
-0.000119
-0.000928
0.000021
0.003726
0.002430
0.000292
-0.000720
-0.000694
-0.000049
0.000663
0.000668
0.001154
0.000053
-0.000438
0.000021
-0.000029
0.000769
-0.000084
0.002952
0.004846
-0.000113
-0.000896
-0.000908
-0.000924
-0.000978
-0.000953
-0.000981
-0.001025
-0.000952
-0.000905
-0.000978
-0.000952
-0.000830
-0.000869
-0.001086
-0.000989
-0.001052
-0.001178
-0.001236
-0.001145
-0.001173
-0.001197
-0.001182
-0.001080
-0.000678
-0.000501
-0.000578
-0.000548
-0.000492
-0.000492
-0.000473
-0.000567
-0.000558
-0.000582
-0.000508
-0.000947
-0.000543
-0.000134
-0.000684
-0.000674
-0.000200
-0.000539
-0.000318
0.000008
-0.000968
-0.000758
0.000338
0.001298
0.000519
0.001284
0.000415
-0.001116
-0.001506
-0.002511
-0.001631
-0.000681
-0.001520
-0.003368
-0.000714
-0.000483
-0.001838
0.004828
0.007620
0.010974
0.012578
0.003111
0.000727
0.001797
0.001750
0.000858
-0.000132
-0.000121
0.001083
0.003644
-0.000691
-0.000918
-0.000947
-0.000948
-0.000889
-0.000924
-0.000965
-0.000901
-0.000938
-0.000977
-0.000933
-0.000810
-0.000815
-0.000896
-0.001083
-0.001187
-0.001350
-0.001094
-0.001157
-0.001125
-0.001060
-0.001032
-0.001049
-0.000885
-0.000484
-0.000535
-0.000535
-0.000469
-0.000463
-0.000487
-0.000607
-0.000512
-0.000498
-0.000479
-0.000538
-0.000644
-0.000541
-0.000719
-0.000696
-0.000655
-0.000595
-0.000726
-0.000721
-0.000650
-0.000551
-0.000908
-0.000892
0.003995
-0.000965
-0.008027
-0.009160
-0.007493
-0.005937
-0.002989
-0.004364
-0.004306
-0.005862
-0.004054
-0.002332
-0.002092
0.000596
0.003650
0.009241
0.008738
0.004913
0.001349
0.001319
-0.002163
0.001132
-0.000476
-0.006971
-0.003911
-0.001089
0.001090
-0.000775
-0.000961
-0.000900
-0.000880
-0.001014
-0.000970
-0.000923
-0.000933
-0.001018
-0.000932
-0.000890
-0.000880
-0.001078
-0.001170
-0.001305
-0.001289
-0.001209
-0.001172
-0.001141
-0.001131
-0.001098
-0.001145
-0.001023
-0.000484
-0.000486
-0.000556
-0.000538
-0.000482
-0.000550
-0.000538
-0.000517
-0.000523
-0.000521
-0.000531
-0.000550
-0.000529
-0.000592
-0.000627
-0.000627
-0.000666
-0.000676
-0.000586
-0.000587
-0.000328
0.004256
0.002525
0.002129
0.000664
-0.008347
-0.010446
-0.010070
-0.007910
-0.006813
-0.006589
-0.009905
-0.007255
-0.004444
-0.002601
0.000055
-0.001576
0.001392
0.005910
0.001721
-0.000354
-0.001568
0.004324
-0.004958
-0.005817
-0.002470
-0.002827
-0.005132
-0.003803
0.001063
-0.001945
-0.001249
-0.000881
-0.000916
-0.001085
-0.000971
-0.000840
-0.000785
-0.000973
-0.001133
-0.001075
-0.001125
-0.001325
-0.001309
-0.001275
-0.001204
-0.001253
-0.001278
-0.001124
-0.001078
-0.001164
-0.001135
-0.000976
-0.000551
-0.000470
-0.000548
-0.000532
-0.000547
-0.000508
-0.000496
-0.000496
-0.000531
-0.000568
-0.000552
-0.000575
-0.000574
-0.000631
-0.000667
-0.000720
-0.000640
-0.000642
-0.000603
-0.000594
0.002147
0.005188
0.003364
0.000614
-0.001974
-0.006722
-0.011764
-0.012286
-0.010517
-0.017301
-0.015239
-0.015928
-0.007492
-0.003438
0.000493
0.000748
-0.000037
-0.000317
-0.001430
0.006863
0.006944
0.007734
0.001587
-0.006848
-0.014327
0.000759
-0.005044
-0.002733
0.000961
-0.001275
-0.020131
-0.024127
0.000217
-0.001002
-0.001036
-0.001088
-0.000991
-0.000979
-0.001110
-0.001231
-0.001133
-0.001290
-0.001364
-0.001213
-0.001209
-0.001298
-0.001252
-0.001059
-0.001088
-0.001175
-0.001103
-0.001011
-0.001098
-0.000654
-0.000505
-0.000588
-0.000586
-0.000528
-0.000497
-0.000518
-0.000567
-0.000569
-0.000597
-0.000595
-0.000611
-0.000717
-0.000681
-0.000681
-0.000718
-0.000591
-0.000570
-0.000725
-0.000679
0.000017
0.004345
0.003541
0.001960
-0.002510
-0.010614
-0.013747
-0.018004
-0.017192
-0.019487
-0.019962
-0.017971
-0.003733
-0.000950
-0.001984
-0.001983
-0.002137
-0.001189
-0.001664
-0.001603
-0.002575
-0.002536
0.002025
-0.000350
-0.003696
-0.015835
-0.002326
0.002184
0.004496
-0.010935
-0.025242
-0.016249
-0.011454
0.000257
-0.000015
-0.000919
-0.001060
-0.001002
-0.000948
-0.001210
-0.001232
-0.001305
-0.001107
-0.001086
-0.001167
-0.001207
-0.000982
-0.000982
-0.001210
-0.001078
-0.001060
-0.001055
-0.001119
-0.000708
-0.000584
-0.000604
-0.000596
-0.000517
-0.000556
-0.000523
-0.000586
-0.000561
-0.000585
-0.000576
-0.000672
-0.000735
-0.000734
-0.000706
-0.000725
-0.000649
-0.000658
-0.000711
-0.000798
-0.001200
0.000060
0.002021
0.000758
-0.004624
-0.012633
-0.014982
-0.013477
-0.016893
-0.022643
-0.022732
-0.017396
-0.002836
-0.000755
-0.000713
-0.001825
-0.000474
-0.000819
-0.001298
-0.003024
-0.002482
-0.002016
-0.001573
-0.000890
-0.000179
-0.003058
-0.001680
0.015097
0.007397
-0.011375
-0.017869
-0.011465
-0.007616
-0.000693
0.006108
0.000182
-0.000924
-0.000805
-0.000992
-0.001084
-0.001162
-0.000923
-0.000896
-0.001190
-0.001047
-0.000918
-0.001004
-0.001069
-0.001119
-0.001004
-0.001064
-0.001093
-0.001253
-0.000713
-0.000675
-0.000597
-0.000631
-0.000664
-0.000733
-0.000612
-0.000673
-0.000604
-0.000598
-0.000659
-0.000670
-0.000705
-0.000719
-0.000721
-0.000577
-0.000641
-0.000713
-0.000773
-0.000863
-0.001046
-0.001682
0.000074
-0.000163
-0.005264
-0.007937
-0.005445
-0.010827
-0.016662
-0.016121
-0.015127
-0.009673
-0.005089
-0.002520
-0.000997
-0.001075
-0.000981
-0.002088
-0.003515
-0.002834
-0.002410
-0.001847
-0.001369
-0.000823
0.000143
0.000266
0.001428
0.023329
0.006895
-0.008299
-0.010873
-0.007342
-0.000964
0.009531
0.010430
0.010700
-0.000002
-0.000332
-0.000987
-0.000890
-0.001013
-0.001106
-0.001150
-0.001148
-0.000937
-0.001045
-0.001229
-0.001216
-0.001212
-0.001084
-0.000959
-0.001110
-0.001184
-0.000634
-0.000677
-0.000612
-0.000624
-0.000721
-0.000651
-0.000730
-0.000651
-0.000439
-0.000643
-0.000602
-0.000692
-0.000534
-0.000694
-0.000706
-0.000700
-0.000753
-0.000746
-0.000795
-0.000876
-0.000936
-0.001096
-0.000534
-0.000086
-0.002495
-0.002118
-0.007749
-0.011576
-0.008348
-0.009102
-0.011536
-0.011828
-0.007821
-0.002399
-0.001673
-0.001216
-0.001562
-0.002451
-0.003355
-0.003012
-0.002526
-0.001982
-0.001358
-0.000816
0.000048
-0.000330
0.000138
0.000599
0.013550
-0.003359
-0.005009
0.000108
0.023156
0.017362
0.008883
0.003340
-0.000630
-0.001750
0.000190
0.000020
-0.000045
-0.001304
-0.001215
-0.001100
-0.000899
-0.001004
-0.001049
-0.001154
-0.001277
-0.001041
-0.001041
-0.001065
-0.001144
-0.000597
-0.000639
-0.000683
-0.000667
-0.000809
-0.000790
-0.000819
-0.000869
-0.000792
-0.000731
-0.000707
-0.000732
-0.000717
-0.000660
-0.000714
-0.000669
-0.000733
-0.000740
-0.000859
-0.000963
-0.000939
-0.001014
-0.000967
-0.000865
-0.001442
-0.001488
-0.002152
-0.003518
-0.000558
-0.006858
-0.008753
-0.006866
-0.005926
-0.003587
-0.002681
-0.001874
-0.001705
-0.003018
-0.003110
-0.003043
-0.002772
-0.002105
-0.002081
-0.001710
-0.001324
-0.000851
-0.000508
-0.000111
0.000320
-0.002330
-0.002829
0.003032
0.021938
0.021077
0.013952
0.002193
0.000505
-0.001239
-0.001800
-0.000160
-0.000771
0.000276
-0.000060
-0.001006
-0.000951
-0.001175
-0.001223
-0.001164
-0.001018
-0.000978
-0.001026
-0.001062
-0.000991
-0.000593
-0.000657
-0.000682
-0.000761
-0.000789
-0.000793
-0.000792
-0.000877
-0.000687
-0.000910
-0.001079
-0.000722
-0.000368
-0.000363
-0.000230
-0.000482
-0.000715
-0.000573
-0.000706
-0.000672
-0.000785
-0.001124
-0.001077
-0.001056
-0.001127
-0.001435
-0.001388
-0.001321
-0.001170
-0.001260
-0.000523
-0.007956
-0.005348
-0.004007
-0.003134
-0.002036
-0.002175
-0.003059
-0.003475
-0.003359
-0.003091
-0.002550
-0.002794
-0.003615
-0.003570
-0.002578
-0.002054
-0.003146
-0.002955
-0.002101
0.007383
0.014550
0.004980
0.005933
0.004285
0.002977
0.006114
0.001127
0.001079
0.002141
0.000377
-0.000633
-0.001170
0.000111
-0.000345
-0.000810
-0.001234
-0.001028
-0.001024
-0.001101
-0.001180
-0.001292
-0.000877
-0.000745
-0.000549
-0.000735
-0.000780
-0.000746
-0.000763
-0.000842
-0.000874
-0.000803
-0.001065
-0.001210
-0.001032
-0.001101
-0.001034
-0.001018
-0.000634
-0.001108
-0.001186
-0.001146
-0.001168
-0.001089
-0.001056
-0.001119
-0.001207
-0.001271
-0.001434
-0.001388
-0.001287
-0.001292
-0.001259
-0.001215
-0.001063
-0.000982
-0.000338
-0.000081
-0.000045
-0.000049
-0.002353
-0.002555
-0.002882
-0.003438
-0.004231
-0.008076
-0.006076
-0.007841
-0.005735
-0.006508
-0.004197
-0.012524
-0.021245
-0.000342
0.015197
0.004803
0.002097
0.000205
-0.000814
0.001090
0.001103
-0.000259
-0.000926
-0.000957
-0.001120
-0.001127
-0.001155
-0.001307
-0.001310
-0.001189
-0.000985
-0.001033
-0.001273
-0.001263
-0.001155
-0.000822
-0.000518
-0.000689
-0.000560
-0.000689
-0.000665
-0.000702
-0.000755
-0.001021
-0.001101
-0.001213
-0.001011
-0.001202
-0.001208
-0.000966
-0.001148
-0.000929
-0.001043
-0.001038
-0.001087
-0.001022
-0.001151
-0.001197
-0.001214
-0.001234
-0.001297
-0.001338
-0.001295
-0.001326
-0.001284
-0.001203
-0.001383
-0.001507
-0.001320
-0.001382
-0.001480
-0.001614
-0.001715
-0.000384
-0.000181
-0.000054
-0.000081
-0.000502
-0.002777
-0.000329
-0.001242
-0.009918
-0.008343
-0.013073
-0.024096
-0.031157
-0.029820
-0.006821
-0.001611
-0.001217
-0.000742
-0.000457
-0.000059
-0.000328
-0.000907
-0.001125
-0.001060
-0.001051
-0.001069
-0.001125
-0.001292
-0.001257
-0.001274
-0.001158
-0.001153
-0.001031
-0.001218
-0.001025
-0.000838
-0.000804
-0.000771
-0.000832
-0.000731
-0.000588
-0.000802
-0.000997
-0.001199
-0.001261
-0.001367
-0.001117
-0.000992
-0.001236
-0.001206
-0.001247
-0.000894
-0.000691
-0.001125
-0.001118
-0.001193
-0.001228
-0.001214
-0.001258
-0.001340
-0.001311
-0.001342
-0.001240
-0.001387
-0.001363
-0.001413
-0.001292
-0.001240
-0.001303
-0.001470
-0.001543
-0.001693
-0.001783
-0.001495
-0.001557
-0.001734
-0.001602
-0.001698
-0.001556
-0.001533
0.000579
-0.012776
-0.016293
-0.030457
-0.034162
-0.038821
-0.032856
-0.001394
0.000373
-0.000868
-0.001565
-0.001186
-0.001024
-0.000983
-0.001324
-0.001112
-0.000989
-0.001034
-0.001196
-0.001156
-0.001253
-0.001189
-0.001224
-0.001121
-0.001043
-0.001055
-0.001160
-0.000925
-0.000847
-0.000862
-0.000885
-0.000945
-0.000816
-0.000977
-0.001106
-0.001164
-0.001370
-0.001368
-0.001340
-0.001255
-0.001099
-0.001067
-0.001057
-0.001066
-0.001107
-0.001140
-0.001242
-0.001107
-0.001170
-0.001217
-0.001276
-0.001373
-0.001536
-0.001433
-0.001422
-0.001022
-0.001350
-0.001343
-0.001379
-0.001338
-0.001378
-0.001375
-0.001429
-0.001615
-0.001710
-0.001577
-0.001397
-0.001461
-0.001537
-0.001687
-0.001694
-0.001714
-0.001740
-0.001679
0.000133
-0.019881
-0.028413
-0.028715
-0.029286
-0.019669
-0.001512
-0.001057
-0.001391
-0.001244
-0.000990
-0.001341
-0.001485
-0.001222
-0.000933
-0.001044
-0.001288
-0.001335
-0.001478
-0.001291
-0.001134
-0.001070
-0.001135
-0.001128
-0.001024
-0.000894
-0.000805
-0.001063
-0.000989
-0.001059
-0.001127
-0.001203
-0.001316
-0.001382
-0.001392
-0.001470
-0.001411
-0.001402
-0.001401
-0.001376
-0.001140
-0.001041
-0.000758
-0.001213
-0.001185
-0.001267
-0.001118
-0.001240
-0.001241
-0.001257
-0.001291
-0.001548
-0.001600
-0.001506
-0.001045
-0.001366
-0.001398
-0.001326
-0.001575
-0.001560
-0.001597
-0.001721
-0.001731
-0.001471
-0.001595
-0.001566
-0.001590
-0.001660
-0.001779
-0.001807
-0.001654
-0.001790
-0.001575
-0.001575
-0.002353
-0.018471
-0.030471
-0.021750
-0.007410
-0.000528
-0.003212
-0.002065
-0.001070
-0.001255
-0.001630
-0.001344
-0.001208
-0.001001
-0.001089
-0.001472
-0.001635
-0.001727
-0.001383
-0.001218
-0.001108
-0.001342
-0.001122
-0.001048
-0.001108
-0.001218
-0.001120
-0.001107
-0.001093
-0.001042
-0.001157
-0.001275
-0.001411
-0.001369
-0.001374
-0.001428
-0.001437
-0.001387
-0.001488
-0.001283
-0.000953
-0.001069
-0.001188
-0.001251
-0.001061
-0.001259
-0.001421
-0.001388
-0.001328
-0.001325
-0.001632
-0.001795
-0.001697
-0.001441
-0.001323
-0.001659
-0.001654
-0.001738
-0.001705
-0.001677
-0.001727
-0.001731
-0.001555
-0.001619
-0.001563
-0.001631
-0.001964
-0.001969
-0.002072
-0.001931
-0.001971
-0.001726
-0.001929
-0.001863
-0.004038
-0.010067
-0.008620
-0.002300
-0.002031
-0.002070
-0.002196
-0.002047
-0.001723
-0.001578
-0.001337
-0.001249
-0.001123
-0.001136
-0.001316
-0.001662
-0.001688
-0.001625
-0.001294
-0.001387
-0.001360
-0.001204
-0.001163
-0.001407
-0.001376
-0.001398
-0.001243
-0.001211
-0.001222
-0.001178
-0.001289
-0.001280
-0.001140
-0.001278
-0.001386
-0.001442
-0.001456
-0.001477
-0.001419
-0.001167
-0.001073
-0.001147
-0.001287
-0.001393
-0.001467
-0.001386
-0.001416
-0.001334
-0.001352
-0.001609
-0.001844
-0.001837
-0.001737
-0.001570
-0.001941
-0.001805
-0.001829
-0.001740
-0.001652
-0.001698
-0.001704
-0.001515
-0.001584
-0.001720
-0.001840
-0.001960
-0.001922
-0.001643
-0.001839
-0.002086
-0.002077
-0.002171
-0.001993
-0.002224
-0.002692
-0.002673
-0.002275
-0.001774
-0.001927
-0.001915
-0.001911
-0.001593
-0.001582
-0.001471
-0.001292
-0.001334
-0.001250
-0.001477
-0.001494
-0.001477
-0.001422
-0.001337
-0.001214
-0.001169
-0.001177
-0.001290
-0.001446
-0.001365
-0.001446
-0.001156
-0.001172
-0.001256
-0.001282
-0.001067
-0.001175
-0.001312
-0.001498
-0.001530
-0.001491
-0.001386
-0.001395
-0.001373
-0.001218
-0.001184
-0.001225
-0.001282
-0.001389
-0.001389
-0.001340
-0.001375
-0.001430
-0.001471
-0.001615
-0.001804
-0.001907
-0.001389
-0.001863
-0.002079
-0.001870
-0.001932
-0.001926
-0.001913
-0.002005
-0.001863
-0.001782
-0.002175
-0.002501
-0.002484
-0.001895
-0.001857
-0.001942
-0.001951
-0.002036
-0.002047
-0.002048
-0.002110
-0.002174
-0.002126
-0.001825
-0.001822
-0.001867
-0.001720
-0.001604
-0.001571
-0.001377
-0.001298
-0.001225
-0.001296
-0.001389
-0.001295
-0.001286
-0.001258
-0.001239
-0.001266
-0.001432
-0.001121
-0.001166
-0.001236
-0.001519
-0.001411
-0.001437
-0.001505
-0.001180
-0.001068
-0.001139
-0.001258
-0.001239
-0.001289
-0.001305
-0.001471
-0.001425
-0.001536
-0.001326
-0.001288
-0.001190
-0.001163
-0.001279
-0.001266
-0.001251
-0.001383
-0.001358
-0.001311
-0.001341
-0.001481
-0.001585
-0.001488
-0.001590
-0.001302
-0.001318
-0.001452
-0.001993
-0.001910
-0.001876
-0.001910
-0.002086
-0.002044
-0.001503
-0.002148
-0.002277
-0.002386
-0.002190
-0.001959
-0.002056
-0.002022
-0.002107
-0.001645
-0.001834
-0.001934
-0.002049
-0.001764
-0.001879
-0.001632
-0.001584
-0.001833
-0.001662
-0.001486
-0.001446
-0.001464
-0.001234
-0.001206
-0.001359
-0.001458
-0.001360
-0.001191
-0.001156
-0.001145
-0.001229
-0.001219
-0.001243
-0.001324
-0.001397
-0.001469
-0.001259
-0.001350
-0.001312
-0.000984
-0.001112
-0.001227
-0.001271
-0.001278
-0.001119
-0.001297
-0.001438
-0.001479
-0.001407
-0.001308
-0.001161
-0.000989
-0.000976
-0.001194
-0.001179
-0.001169
-0.001241
-0.001340
-0.001332
-0.001296
-0.001329
-0.001489
-0.001515
-0.001502
-0.001501
-0.001585
-0.001333
-0.001470
-0.001868
-0.001821
-0.001982
-0.002087
-0.001873
-0.001621
-0.001686
-0.001659
-0.001852
-0.002004
-0.002095
-0.001995
-0.001670
-0.001589
-0.001441
-0.001717
-0.001825
-0.001854
-0.001863
-0.001898
-0.001792
-0.001901
-0.001806
-0.001642
-0.001564
-0.001567
-0.001330
-0.001286
-0.001252
-0.001360
-0.001388
-0.001403
-0.001242
-0.001121
-0.001135
-0.001237
-0.001328
-0.001292
-0.001424
-0.001386
-0.001329
-0.001184
-0.001317
-0.001071
