0.000186
0.000197
0.000231
0.000632
0.000205
0.000168
0.000132
0.000438
0.000112
0.000140
0.000156
-0.000603
0.000167
0.000150
0.000127
0.000079
0.000087
0.000113
0.000122
0.000123
0.000119
0.000139
0.000140
0.000141
0.000134
0.000114
0.000114
0.000110
0.000094
0.000080
0.000102
0.000115
0.000133
0.000113
0.000106
0.000099
0.000071
0.000093
0.000106
0.000108
0.000115
0.000170
0.000181
0.000163
0.000190
0.000209
0.000220
0.000213
0.000216
0.000209
0.000184
0.000158
0.000182
0.000193
0.000171
0.000179
0.000192
0.000134
0.000135
0.000146
0.000170
0.000221
0.000235
0.000187
0.000111
0.000109
-0.001158
0.000102
0.000144
0.000099
0.000061
0.000067
0.000195
0.000065
0.000072
0.000078
0.000019
0.000077
0.000093
0.000091
0.000099
0.000105
0.000105
0.000114
0.000121
0.000145
0.000136
0.000135
0.000098
0.000113
0.000114
0.000134
0.000118
0.000125
0.000124
0.000123
0.000122
0.000110
0.000108
0.000101
0.000112
0.000100
0.000113
0.000118
0.000117
0.000120
0.000115
0.000116
0.000118
0.000090
0.000088
0.000118
0.000139
0.000137
0.000181
0.000196
0.000209
0.000195
0.000245
0.000248
0.000268
0.000264
0.000232
0.000221
0.000189
0.000154
0.000203
0.000088
0.000270
0.000211
0.000164
0.000145
0.000141
0.000143
0.000148
0.000175
0.000156
0.000118
0.000121
0.000184
0.000178
0.000149
0.000145
0.000125
0.000147
0.000222
0.000069
0.000100
0.000093
0.000058
0.000030
0.000093
0.000086
0.000092
0.000117
0.000088
0.000119
0.000142
0.000134
0.000110
0.000120
0.000110
0.000113
0.000117
0.000125
0.000129
0.000120
0.000104
0.000106
0.000117
0.000116
0.000102
0.000115
0.000109
0.000097
0.000100
0.000118
0.000110
0.000116
0.000118
0.000096
0.000123
0.000110
0.000116
0.000127
0.000143
0.000138
0.000189
0.000154
0.000215
0.000205
0.000234
0.000251
0.000229
0.000225
0.000202
0.000251
0.000212
0.000151
0.000166
0.000175
0.000151
0.000173
0.000180
0.000155
0.000149
0.000135
0.000133
0.000154
0.000155
0.000142
0.000128
0.000143
0.000158
0.000121
0.000116
0.000141
0.000117
0.000171
0.000072
0.000106
0.000097
0.000067
0.000027
0.000073
0.000104
0.000102
0.000104
0.000095
0.000114
0.000150
0.000149
0.000128
0.000127
0.000117
0.000122
0.000133
0.000127
0.000124
0.000115
0.000109
0.000116
0.000118
0.000112
0.000113
0.000112
0.000099
0.000100
0.000119
0.000110
0.000112
0.000113
0.000101
0.000128
0.000121
0.000111
0.000119
0.000100
0.000149
0.000127
0.000192
0.000227
0.000190
0.000099
0.000172
0.000261
0.000235
0.000238
0.000236
0.000249
0.000187
0.000146
0.000163
0.000197
0.000165
0.000189
0.000192
0.000162
0.000128
0.000120
0.000135
0.000161
0.000182
0.000184
0.000123
0.000147
0.000140
0.000121
0.000151
0.000125
0.000104
0.000154
0.000100
0.000114
0.000096
0.000091
0.000047
0.000090
0.000089
0.000095
0.000095
0.000097
0.000094
0.000133
0.000142
0.000138
0.000135
0.000131
0.000114
0.000124
0.000121
0.000118
0.000121
0.000123
0.000112
0.000107
0.000107
0.000104
0.000106
0.000109
0.000118
0.000134
0.000120
0.000113
0.000118
0.000126
0.000123
0.000119
0.000117
0.000119
0.000113
0.000090
0.000144
0.000117
0.000150
0.000129
0.000112
0.000168
0.000259
0.000270
0.000226
0.000195
0.000197
0.000193
0.000123
0.000149
0.000187
0.000177
0.000174
0.000234
0.000217
0.000169
0.000133
0.000119
0.000152
0.000171
0.000119
0.000147
0.000117
0.000103
0.000124
0.000112
0.000131
0.000120
-0.002169
0.000085
0.000083
0.000088
0.000070
0.000059
0.000066
0.000076
0.000088
0.000090
0.000104
0.000097
0.000088
0.000104
0.000128
0.000139
0.000136
0.000115
0.000115
0.000119
0.000119
0.000120
0.000123
0.000116
0.000107
0.000111
0.000102
0.000115
0.000111
0.000121
0.000126
0.000129
0.000122
0.000117
0.000120
0.000115
0.000116
0.000110
0.000111
0.000102
0.000099
0.000120
0.000111
0.000137
0.000160
0.000194
0.000178
0.000248
0.000259
0.000246
0.000226
0.000196
0.000202
0.000194
0.000174
0.000162
0.000186
0.000224
0.000245
0.000263
0.000191
0.000161
0.000156
0.000141
0.000146
0.000117
0.000170
0.000098
0.000080
0.000114
0.000115
0.000144
0.000132
0.000195
0.000102
0.000083
0.000083
0.000075
0.000063
0.000063
0.000082
0.000070
0.000083
0.000098
0.000094
0.000063
0.000105
0.000118
0.000121
0.000126
0.000122
0.000121
0.000116
0.000117
0.000119
0.000122
0.000120
0.000119
0.000114
0.000104
0.000097
0.000113
0.000122
0.000128
0.000141
0.000136
0.000123
0.000124
0.000120
0.000104
0.000106
0.000097
0.000091
0.000096
0.000127
0.000117
0.000207
0.000280
0.000193
0.000195
0.000200
0.000215
0.000226
0.000232
0.000227
0.000215
0.000210
0.000124
0.000200
0.000160
0.000195
0.000204
0.000245
0.000218
0.000211
0.000152
0.000132
0.000170
0.000126
0.000164
0.000123
0.000103
0.000106
0.000117
0.000136
0.000132
0.000176
0.000090
0.000094
0.000080
0.000080
0.000060
0.000058
0.000053
0.000077
0.000092
0.000069
0.000085
0.000072
0.000069
0.000109
0.000116
0.000122
0.000124
0.000118
0.000116
0.000112
0.000124
0.000124
0.000121
0.000121
0.000111
0.000117
0.000103
0.000108
0.000121
0.000124
0.000115
0.000143
0.000130
0.000126
0.000125
0.000116
0.000108
0.000094
0.000080
0.000082
0.000107
0.000139
0.000151
0.000247
0.000261
0.000234
0.000211
0.000218
0.000251
0.000222
0.000242
0.000200
0.000204
0.000207
0.000179
0.000157
0.000164
0.000196
0.000214
0.000209
0.000190
0.000144
0.000099
0.000141
0.000168
0.000124
0.000123
0.000113
0.000122
0.000112
0.000145
0.000103
0.000069
0.000088
0.000088
0.000097
0.000081
0.000053
0.000048
0.000040
0.000062
0.000066
0.000061
0.000077
0.000080
0.000071
0.000116
0.000116
0.000117
0.000120
0.000112
0.000111
0.000113
0.000125
0.000126
0.000122
0.000105
0.000111
0.000128
0.000119
0.000114
0.000120
0.000126
0.000122
0.000130
0.000130
0.000127
0.000127
0.000133
0.000120
0.000109
0.000089
0.000074
0.000089
0.000116
0.000156
0.000213
0.000246
0.000246
0.000234
0.000228
0.000255
0.000239
0.000204
0.000214
0.000221
0.000194
0.000162
0.000178
0.000202
0.000194
0.000224
0.000234
0.000205
0.000132
0.000102
0.000125
0.000137
0.000145
0.000138
0.000128
0.000121
0.000135
0.000137
0.000108
0.001326
0.000093
0.000081
0.000090
0.000042
0.000019
0.000059
0.000035
0.000037
0.000030
0.000068
0.000080
0.000073
0.000081
0.000090
0.000101
0.000107
0.000101
0.000081
0.000087
0.000102
0.000121
0.000131
0.000134
0.000135
0.000135
0.000141
0.000133
0.000120
0.000115
0.000120
0.000123
0.000129
0.000134
0.000140
0.000132
0.000134
0.000126
0.000104
0.000085
0.000064
0.000064
0.000099
0.000113
0.000170
0.000220
0.000252
0.000259
0.000253
0.000249
0.000191
0.000190
0.000225
0.000215
0.000190
0.000153
0.000192
0.000236
0.000195
0.000227
0.000221
0.000207
0.000194
0.000172
0.000147
0.000149
0.000154
0.000124
0.000155
0.000108
0.000121
0.000153
0.000117
0.000120
0.000088
0.000089
0.000079
0.000047
0.000019
0.000062
0.000033
0.000030
0.000035
0.000055
0.000070
0.000065
0.000078
0.000073
0.000056
0.000084
0.000091
0.000081
0.000089
0.000097
0.000117
0.000128
0.000128
0.000132
0.000144
0.000153
0.000144
0.000121
0.000118
0.000123
0.000112
0.000134
0.000150
0.000123
0.000129
0.000132
0.000126
0.000110
0.000080
0.000070
0.000058
0.000071
0.000066
0.000104
0.000201
0.000281
0.000311
0.000253
0.000206
0.000192
0.000197
0.000195
0.000203
0.000190
0.000194
0.000254
0.000205
0.000186
0.000244
0.000238
0.000237
0.000226
0.000157
0.000150
0.000144
0.000114
0.000157
0.000181
0.000123
0.000134
0.000184
0.000158
0.000123
0.000080
0.000062
0.000044
0.000022
0.000003
0.000044
0.000047
0.000040
0.000037
0.000049
0.000058
0.000057
0.000068
0.000074
0.000066
0.000093
0.000077
0.000082
0.000091
0.000099
0.000106
0.000106
0.000109
0.000131
0.000137
0.000146
0.000137
0.000130
0.000120
0.000111
0.000121
0.000121
0.000140
0.000143
0.000129
0.000134
0.000132
0.000116
0.000076
0.000056
0.000024
0.000001
0.000021
0.000059
0.000165
0.000289
0.000314
0.000220
0.000188
0.000169
0.000174
0.000166
0.000198
0.000194
0.000197
0.000206
0.000183
0.000210
0.000220
0.000240
0.000257
0.000241
0.000199
0.000199
0.000162
0.000161
0.000150
0.000185
0.000165
0.000176
0.000156
0.000159
0.000103
0.000079
0.000068
0.000041
0.000031
0.000038
0.000042
0.000058
0.000056
0.000063
0.000058
0.000054
0.000061
0.000063
0.000073
0.000080
0.000076
0.000091
0.000100
0.000109
0.000104
0.000107
0.000108
0.000046
0.000020
0.000113
0.000135
0.000141
0.000127
0.000122
0.000135
0.000126
0.000119
0.000129
0.000128
0.000131
0.000138
0.000137
0.000123
0.000074
0.000049
-0.000028
-0.000072
-0.000041
0.000018
0.000134
0.000272
0.000293
0.000274
0.000219
0.000156
0.000206
0.000215
0.000218
0.000233
0.000259
0.000201
0.000188
0.000193
0.000201
0.000250
0.000248
0.000271
0.000212
0.000196
0.000211
0.000235
0.000180
0.000151
0.000154
0.000155
0.000187
0.000169
0.000725
0.000076
0.000079
0.000067
0.000062
0.000054
0.000051
0.000060
0.000064
0.000059
0.000057
0.000072
0.000053
0.000054
0.000071
0.000072
0.000089
0.000088
0.000101
0.000105
0.000105
0.000109
0.000052
-0.000577
-0.003734
-0.002753
-0.000756
-0.000369
0.000015
0.000059
0.000107
0.000165
0.000131
0.000130
0.000141
0.000134
0.000131
0.000132
0.000122
0.000093
0.000026
-0.000110
-0.000154
-0.000138
-0.000047
0.000095
0.000217
0.000313
0.000268
0.000237
0.000203
0.000236
0.000196
0.000240
0.000241
0.000282
0.000200
0.000152
0.000273
0.000234
0.000243
0.000254
0.000248
0.000210
0.000226
0.000213
0.000242
0.000210
0.000168
0.000149
0.000178
0.000158
0.000177
0.000118
0.000090
0.000067
0.000058
0.000070
0.000062
0.000052
0.000060
0.000062
0.000051
0.000057
0.000056
0.000057
0.000054
0.000068
0.000068
0.000075
0.000083
0.000090
0.000096
0.000103
-0.000071
-0.001471
-0.002976
-0.007509
-0.017810
-0.019932
-0.016742
-0.011324
-0.003032
-0.001796
-0.001886
-0.000001
0.000133
0.000134
0.000138
0.000143
0.000125
0.000122
0.000073
0.000007
-0.000182
-0.000261
-0.000208
-0.000090
0.000020
0.000215
0.000309
0.000305
0.000286
0.000263
0.000240
0.000223
0.000241
0.000262
0.000288
0.000276
0.000220
0.000294
0.000283
0.000291
0.000263
0.000284
0.000267
0.000199
0.000219
0.000228
0.000219
0.000206
0.000221
0.000138
0.000093
0.000179
0.000110
0.000090
0.000068
0.000060
0.000059
0.000053
0.000049
0.000053
0.000055
0.000045
0.000047
0.000049
0.000048
0.000060
0.000064
0.000057
0.000066
0.000086
0.000091
0.000099
0.000017
-0.001527
-0.002502
-0.003048
-0.007403
-0.013357
-0.012047
-0.010999
-0.018730
-0.014184
-0.010090
-0.011064
-0.000187
0.000134
0.000130
0.000144
0.000144
0.000147
0.000147
0.000094
-0.000032
-0.000264
-0.000343
-0.000229
-0.000104
-0.000005
0.000190
0.000343
0.000314
0.000299
0.000242
0.000212
0.000223
0.000252
0.000253
0.000275
0.000257
0.000280
0.000291
0.000283
0.000295
0.000285
0.000307
0.000248
0.000258
0.000239
0.000229
0.000227
0.000260
0.000272
0.000276
0.000258
0.000115
0.000078
0.000103
0.000078
0.000055
0.000061
0.000047
0.000045
0.000045
0.000045
0.000048
0.000042
0.000041
0.000055
0.000056
0.000050
0.000052
0.000064
0.000039
0.000098
0.000125
-0.000015
-0.003862
-0.005726
-0.009910
-0.006410
-0.007238
-0.013963
-0.010882
-0.014467
-0.015150
-0.000522
0.000028
0.000147
0.000137
0.000121
0.000139
0.000158
0.000142
0.000168
0.000094
-0.000031
-0.000197
-0.000427
-0.000206
-0.000071
0.000018
0.000133
0.000293
0.000336
0.000338
0.000269
0.000225
0.000217
0.000272
0.000251
0.000255
0.000275
0.000290
0.000291
0.000275
0.000263
0.000258
0.000299
0.000241
0.000239
0.000255
0.000262
0.000278
0.000270
0.000234
0.000371
0.000350
0.000187
-0.001100
0.000112
0.000083
0.000065
0.000050
0.000053
0.000046
0.000041
0.000039
0.000044
0.000043
0.000047
0.000048
0.000057
0.000043
0.000046
0.000046
-0.000550
0.000271
0.000186
0.000140
0.000128
-0.000016
-0.000430
-0.000333
-0.000133
0.000670
-0.003806
-0.006129
-0.001364
0.000121
0.000082
0.000140
0.000145
0.000161
0.000318
0.000511
0.000472
0.000392
0.000176
0.000041
-0.000057
-0.000120
-0.000081
0.000038
0.000093
0.000138
0.000263
0.000339
0.000343
0.000278
0.000257
0.000270
0.000281
0.000257
0.000232
0.000250
0.000230
0.000199
0.000238
0.000236
0.000281
0.000244
0.000243
0.000227
0.000281
0.000290
0.000294
0.000326
0.000331
0.000362
0.000397
0.000293
0.000234
0.000112
0.000092
0.000056
0.000048
0.000045
0.000052
0.000041
0.000044
0.000044
0.000031
0.000045
0.000037
0.000043
0.000042
-0.000243
0.001044
-0.000419
0.000188
0.000203
0.000172
0.000162
0.000147
0.000108
0.000141
0.000346
0.001433
-0.002850
-0.001003
0.000475
0.000132
-0.000993
0.000045
0.000269
0.000212
0.003360
0.006211
0.006145
0.004479
0.001807
0.000303
0.000068
0.000064
0.000066
0.000128
0.000166
0.000167
0.000183
0.000306
0.000306
0.000319
0.000293
0.000254
0.000273
0.000312
0.000228
0.000204
0.000183
0.000180
0.000246
0.000260
0.000313
0.000253
0.000219
0.000247
0.000298
0.000312
0.000311
0.000435
0.000429
0.000365
0.000403
0.000369
0.000371
0.000129
0.000108
0.000059
0.000035
0.000042
0.000046
0.000047
0.000052
0.000041
0.000045
0.000036
0.000040
0.000126
0.001770
0.000318
0.001184
0.000315
0.000213
0.000165
0.000174
0.000167
0.000183
0.000144
0.000239
0.000405
-0.002508
-0.001881
-0.001004
0.001092
0.002700
0.001261
0.003407
0.006436
0.006519
0.009088
0.010278
0.012000
0.013131
0.008588
0.003826
0.000389
0.000202
0.000118
0.000173
0.000215
0.000219
0.000211
0.000305
0.000329
0.000320
0.000295
0.000271
0.000243
0.000281
0.000243
0.000223
0.000242
0.000220
0.000241
0.000291
0.000285
0.000284
0.000282
0.000369
0.000326
0.000335
0.000429
0.000417
0.000399
0.000406
0.000455
0.000401
0.000416
0.000130
0.000112
0.000053
0.000033
0.000040
0.000043
0.000050
0.000045
0.000039
0.000039
0.000034
0.000071
0.000071
0.001480
0.004562
-0.001366
0.000177
0.000160
0.000168
0.000179
0.000240
0.000249
0.000237
0.000219
-0.000783
-0.001346
-0.001504
0.001791
0.004022
0.004564
0.004264
0.002183
0.008214
0.006442
0.004956
0.006038
0.011799
0.017263
0.015149
0.008096
0.001894
0.003213
0.000256
0.000015
0.000207
0.000193
0.000270
0.000302
0.000353
0.000345
0.000322
0.000299
0.000271
0.000300
0.000263
0.000270
0.000309
0.000303
0.000291
0.000314
0.000332
0.000365
0.000366
0.000374
0.000341
0.000359
0.000399
0.000448
0.000455
0.000465
0.000454
0.000455
-0.000596
0.000105
0.000106
0.000054
0.000037
0.000036
0.000048
0.000046
0.000048
0.000039
0.000036
0.000046
0.000034
0.000028
0.000034
-0.002352
-0.004186
-0.000366
0.000178
0.000201
0.000239
0.000269
0.000203
0.000629
-0.000597
-0.003489
-0.002842
-0.000945
0.000339
0.002414
0.000674
0.006321
0.002418
0.003938
0.001608
0.000937
0.001632
0.005284
0.009869
0.011302
0.007637
0.004064
0.004252
0.002132
0.001240
0.001792
-0.003154
0.000181
0.000365
0.000372
0.000373
0.000363
0.000349
0.000305
0.000290
0.000269
0.000296
0.000347
0.000347
0.000373
0.000406
0.000370
0.000398
0.000393
0.000404
0.000392
0.000451
0.000490
0.000549
0.000507
0.000542
0.000475
0.000475
0.000478
0.000096
0.000084
0.000050
0.000043
0.000049
0.000051
0.000050
0.000047
0.000042
0.000038
0.000039
0.000036
0.000032
0.000144
0.002135
0.002121
-0.000342
0.000162
0.000209
0.000237
0.000135
0.005458
0.006905
0.004912
-0.004068
-0.001752
-0.002027
-0.000082
-0.000084
-0.000019
0.000759
0.000170
0.000369
-0.000235
0.000407
0.000807
0.000611
0.002598
0.005001
0.005544
0.003569
0.002580
0.002201
-0.000923
0.003138
-0.002399
-0.000452
0.000412
0.000423
0.000402
0.000379
0.000387
0.000330
0.000234
0.000295
0.000322
0.000387
0.000412
0.000385
0.000375
0.000409
0.000402
0.000453
0.000441
0.000537
0.000461
0.000559
0.000616
0.000625
0.000481
0.000387
0.000386
0.000377
0.000062
0.000022
0.000036
0.000023
0.000033
0.000044
0.000046
0.000044
0.000040
0.000043
0.000039
0.000038
0.000036
0.000026
0.001230
0.014110
0.001472
0.000347
0.000202
0.000134
0.012527
0.020058
0.017103
0.014567
0.009380
0.008343
0.005847
0.002138
0.000736
-0.000100
0.000099
-0.000014
-0.000162
-0.000097
-0.000073
-0.000054
0.000128
0.000150
0.001043
0.001476
0.001189
0.001179
0.001254
-0.000717
0.001529
0.016201
-0.003782
0.000025
0.000397
0.000412
0.000385
0.000433
0.000380
0.000307
0.000342
0.000390
0.000460
0.000461
0.000406
0.000433
0.000434
0.000472
0.000492
0.000504
0.000505
0.000534
0.000598
0.000594
0.000443
0.000439
0.000405
0.000370
0.000440
0.000049
0.000050
0.000057
0.000048
0.000029
0.000031
0.000039
0.000055
0.000048
0.000039
0.000032
0.000032
0.000032
0.000026
0.000145
0.007028
0.005515
0.000364
0.003307
0.011824
0.016283
0.018939
0.023735
0.021510
0.018294
0.016106
0.011449
0.005214
0.000971
0.000236
-0.000008
-0.000063
-0.000468
-0.000112
-0.000259
-0.001050
-0.000329
0.000147
0.000298
0.000158
0.000356
0.000098
0.000565
-0.001200
-0.000077
0.009459
0.012771
0.001248
0.000331
0.000376
0.000409
0.000417
0.000371
0.000391
0.000426
0.000439
0.000449
0.000467
0.000477
0.000432
0.000464
0.000520
0.000520
0.000493
0.000379
0.000451
0.000574
0.000492
0.000465
0.000536
0.000393
0.000474
0.000478
0.000088
0.000071
0.000060
0.000028
0.000040
0.000023
0.000039
0.000053
0.000043
0.000036
0.000029
0.000031
0.000030
0.000027
0.000102
0.003445
0.000541
0.005807
0.007983
0.009374
0.009561
0.010853
0.015389
0.021745
0.022168
0.020323
0.011185
0.002811
0.000404
0.000277
0.000108
-0.000526
-0.000434
-0.000061
0.000263
-0.001589
-0.000838
-0.001078
-0.001480
-0.001089
-0.000756
-0.001107
-0.001732
-0.002159
-0.002084
0.003060
0.004871
-0.000734
0.000915
0.000332
0.000419
0.000419
0.000510
0.000461
0.000408
0.000402
0.000423
0.000450
0.000488
0.000525
0.000571
0.000530
0.000545
0.000532
0.000456
0.000519
0.000548
0.000629
0.000589
0.000435
0.000334
0.000336
0.000410
0.000073
0.000048
0.000061
0.000072
0.000038
0.000028
0.000020
0.000036
0.000039
0.000030
0.000020
0.000016
0.000019
0.000008
0.000018
0.000025
0.000013
0.000190
0.000146
-0.000121
0.000281
0.003538
0.006842
0.009975
0.015255
0.013196
0.006034
0.001284
0.000190
-0.000128
-0.000875
-0.003585
-0.002328
-0.001336
-0.001455
-0.001948
-0.009263
-0.006903
-0.004268
-0.006140
-0.008750
-0.010412
-0.007018
-0.005054
-0.001633
0.002433
-0.001353
-0.005417
-0.005899
0.000597
0.000386
0.000507
0.000471
0.000464
0.000442
0.000425
0.000443
0.000476
0.000530
0.000567
0.000568
0.000568
0.000577
0.000617
0.000576
0.000500
0.000545
0.000605
0.000563
0.000384
0.000374
0.000410
0.000375
0.000090
0.000096
0.000113
0.000122
0.000041
0.000025
0.000020
0.000029
0.000037
0.000028
0.000016
0.000011
0.000009
0.000007
0.000004
0.000002
-0.000013
-0.000025
-0.000042
-0.000055
-0.000032
0.000633
0.001594
-0.000843
-0.002705
-0.002420
-0.003005
-0.003013
-0.002200
-0.002579
-0.003897
-0.004505
-0.004119
-0.003426
-0.003429
-0.001117
-0.014979
-0.010222
-0.004799
-0.007230
-0.010603
-0.017448
-0.016426
-0.014160
-0.004383
-0.002994
-0.005593
-0.007473
-0.008208
-0.007284
0.000790
0.000510
0.000544
0.000506
0.000449
0.000479
0.000482
0.000595
0.000522
0.000579
0.000575
0.000599
0.000594
0.000648
0.000562
0.000610
0.000530
0.000530
0.000529
0.000475
0.000444
0.000453
0.000455
0.000146
0.000135
0.000156
0.000137
0.000051
0.000032
0.000025
0.000024
0.000028
0.000027
0.000019
0.000013
0.000011
0.000003
0.000002
0.000001
-0.000012
-0.000021
-0.000037
-0.000032
0.000486
0.013215
0.011265
0.004013
-0.002813
-0.002912
-0.002248
-0.003185
-0.002508
-0.003976
-0.004268
-0.005543
-0.004153
-0.003758
-0.003934
-0.003265
-0.001803
-0.013094
-0.009155
-0.006751
-0.014068
-0.017518
-0.015135
-0.018075
-0.015670
-0.008087
-0.008339
-0.010790
-0.008590
-0.007114
-0.008411
0.000485
0.000590
0.000554
0.000466
0.000535
0.000567
0.000563
0.000464
0.000531
0.000573
0.000583
0.000610
0.000650
0.000694
0.000635
0.000612
0.000517
0.000594
0.000514
0.000474
0.000367
0.000414
0.000162
0.000153
0.000152
0.000141
0.000061
0.000039
0.000018
0.000012
0.000011
0.000025
0.000013
0.000010
0.000012
0.000008
0.000007
-0.000001
-0.000014
-0.000018
-0.000031
0.000041
0.006118
0.015492
0.018036
0.012646
0.001591
-0.002368
-0.002340
-0.003000
-0.003691
-0.003428
-0.006452
-0.005657
-0.003767
-0.002843
-0.002657
-0.003354
-0.003738
-0.002268
-0.000877
-0.011419
-0.016553
-0.016108
-0.016232
-0.020493
-0.021761
-0.017700
-0.009653
-0.009452
-0.008066
-0.009998
-0.010228
-0.006851
0.000321
0.000510
0.000512
0.000303
0.000406
0.000428
0.000561
0.000520
0.000575
0.000567
0.000696
0.000670
0.000673
0.000653
0.000574
0.000579
0.000712
0.000621
0.000346
0.000393
0.000354
0.000170
0.000137
0.000154
0.000151
0.000105
0.000034
0.000017
0.000003
0.000012
0.000016
0.000009
0.000013
0.000013
0.000007
0.000001
-0.000007
-0.000008
0.000013
0.000027
0.000175
0.002411
0.012588
0.019147
0.017510
0.009622
-0.000313
-0.002825
-0.003473
-0.004525
-0.004116
-0.006450
-0.005867
-0.002647
-0.000997
-0.001445
-0.003369
-0.003563
-0.003630
-0.003181
-0.003275
-0.003626
-0.003886
-0.013485
-0.014799
-0.015066
-0.020262
-0.007042
-0.009147
-0.009716
-0.010831
-0.010528
-0.010893
-0.007556
0.000163
0.000378
0.000204
0.000359
0.000386
0.000499
0.000553
0.000551
0.000633
0.000603
0.000581
0.000591
0.000632
0.000594
0.000610
0.000663
0.000612
0.000506
0.000434
0.000385
0.000199
0.000142
0.000116
0.000154
0.000123
0.000043
0.000014
0.000002
0.000003
0.000004
0.000012
0.000017
0.000012
0.000005
0.000013
0.000009
0.000010
0.000019
0.000026
-0.000054
-0.000208
0.007290
0.015472
0.019503
0.012190
0.001294
-0.003656
-0.003284
-0.005531
-0.005129
-0.007035
-0.006197
-0.000168
-0.000912
-0.001127
-0.002730
-0.003197
-0.003556
-0.003631
-0.005109
-0.005261
-0.005379
-0.006965
-0.006483
-0.006452
-0.006442
-0.012831
-0.006918
-0.009268
-0.012048
-0.012064
-0.011374
-0.011590
-0.009430
-0.005875
0.000331
0.000458
0.000484
0.000341
0.000456
0.000588
0.000505
0.000465
0.000674
0.000656
0.000624
0.000644
0.000573
0.000573
0.000563
0.000573
0.000448
0.000405
0.000196
0.000130
0.000142
0.000149
0.000130
0.000067
0.000010
0.000003
-0.000002
-0.000004
0.000003
0.000008
0.000004
0.000003
0.000033
0.000023
0.000029
0.000018
0.000018
0.000017
-0.000244
-0.001473
0.007637
0.016813
0.016588
0.009321
-0.000950
-0.004175
-0.005661
-0.005041
-0.007725
-0.007296
-0.004117
-0.000520
-0.001864
-0.003219
-0.002828
-0.003709
-0.004876
-0.004611
-0.004564
-0.006130
-0.008280
-0.007194
-0.006303
-0.003380
-0.005618
-0.005655
-0.009325
-0.011956
-0.013183
-0.011503
-0.011142
-0.010973
-0.009533
-0.005352
0.000206
0.000477
0.000458
0.000581
0.000560
0.000537
0.000587
0.000639
0.000682
0.000617
0.000491
0.000393
0.000586
0.000598
0.000598
0.000541
0.000479
0.000194
0.000167
0.000124
0.000126
0.000167
0.000152
0.000173
0.000194
0.000306
-0.000007
-0.000007
-0.000003
0.000052
0.000032
0.000033
0.000036
0.000025
0.000012
0.000014
0.000037
0.000029
-0.000256
0.001172
0.014929
0.020206
0.012950
-0.000195
-0.003719
-0.004700
-0.005145
-0.009431
-0.007323
-0.004309
-0.002474
-0.002348
-0.003175
-0.004274
-0.004547
-0.004435
-0.004815
-0.006025
-0.006125
-0.007764
-0.005601
-0.004874
-0.003501
-0.002084
-0.004412
-0.006208
-0.011075
-0.011906
-0.011609
-0.010329
-0.010387
-0.008698
-0.007947
-0.005570
-0.003409
0.000188
0.000549
0.000497
0.000599
0.000530
0.000612
0.000618
0.000588
0.000533
0.000211
0.000444
0.000522
0.000589
0.000776
0.000735
0.000188
0.000202
0.000145
0.000143
0.000162
0.000173
0.000175
0.000155
0.000139
0.000162
0.000189
0.000288
-0.000007
0.000038
0.000038
0.000034
0.000030
0.000020
0.000027
0.000021
0.000010
0.000260
0.000339
0.000584
0.001120
0.001171
0.000707
0.000586
0.001002
-0.005465
-0.006490
-0.005538
-0.004700
-0.003575
-0.003970
-0.003700
-0.004443
-0.004633
-0.004698
-0.005528
-0.005846
-0.006249
-0.008193
-0.005709
-0.004214
-0.003493
-0.002731
-0.002789
-0.000588
-0.010865
-0.011363
-0.010578
-0.009960
-0.008480
-0.006471
-0.005052
-0.005671
-0.005302
-0.003719
-0.002515
-0.000617
0.000809
0.000701
0.000512
0.000653
0.000629
0.000574
0.000320
0.000346
0.000609
0.000756
0.000832
0.000826
0.000157
0.000213
0.000159
0.000175
0.000164
0.000181
0.000157
0.000136
0.000141
0.000146
0.000167
0.000207
0.000270
0.000266
0.000277
0.000008
0.000269
0.000300
0.000233
0.000211
0.000163
0.000155
0.000141
0.000197
0.000199
0.000217
0.000222
0.000131
-0.000195
0.000199
-0.000515
-0.003761
-0.004403
-0.002564
-0.003352
-0.003416
-0.003636
-0.004143
-0.005004
-0.005210
-0.006469
-0.006377
-0.006874
-0.005229
-0.004344
-0.003741
-0.002914
-0.002869
-0.004101
-0.007011
-0.009430
-0.008833
-0.006932
-0.006331
-0.004448
-0.003816
-0.003303
-0.000541
0.002220
0.004706
0.006643
0.007354
0.004998
0.000742
0.000637
0.000640
0.000663
0.000542
0.000571
0.000727
0.000744
0.000946
0.000970
0.000147
0.000214
0.000174
0.000144
0.000156
0.000179
0.000179
0.000177
0.000183
0.000191
0.000208
0.000218
0.000207
0.000220
0.000229
0.000168
0.000094
0.000141
0.000200
0.000158
0.000118
0.000129
0.000169
0.000190
0.000187
0.000202
0.000197
0.000151
0.000117
0.000117
0.000004
-0.000169
-0.001045
-0.000406
-0.000231
-0.000219
-0.000499
-0.001799
-0.002732
-0.003779
-0.004060
-0.005229
-0.005367
-0.004768
-0.004861
-0.004339
-0.003871
-0.002905
-0.006081
-0.005060
-0.007528
-0.004100
-0.001509
0.000915
0.001859
0.001834
0.005159
0.009004
0.004994
0.001952
0.004295
0.005270
0.002402
0.001017
0.000855
0.000871
0.001112
0.000941
0.000700
0.000776
0.000803
0.000768
0.000747
0.000182
0.000270
0.000252
0.000184
0.000127
0.000173
0.000205
0.000173
0.000177
0.000197
0.000210
0.000212
0.000244
0.000221
0.000214
0.000161
0.000131
0.000171
0.000225
0.000198
0.000136
0.000139
0.000137
0.000168
0.000166
0.000185
0.000189
0.000133
0.000113
0.000004
0.000065
-0.000070
0.000104
0.000270
0.000303
0.000300
0.000224
-0.000062
-0.000211
-0.000236
-0.000218
-0.000199
-0.000347
-0.000293
-0.004573
-0.004372
-0.004106
-0.004605
-0.006002
-0.006159
-0.005679
0.001672
0.002237
0.006498
0.008895
0.007076
0.007762
0.003887
0.001456
0.001270
0.001443
0.001498
0.001404
0.001218
0.001091
0.001132
0.001210
0.001183
0.000740
0.000730
0.000726
0.000700
0.000727
0.000200
0.000259
0.000249
0.000183
0.000164
0.000172
0.000191
0.000241
0.000235
0.000198
0.000249
0.000246
0.000248
0.000238
0.000217
0.000158
0.000167
0.000167
0.000195
0.000184
0.000186
0.000162
0.000154
0.000120
0.000179
0.000199
0.000206
0.000118
0.000132
0.000094
0.000132
0.000172
0.000224
0.000265
0.000250
0.000300
0.000245
0.000167
0.000290
0.000418
0.000419
0.000525
0.000700
0.000803
0.000929
-0.004881
-0.005827
-0.005776
-0.005871
-0.007361
-0.007662
0.007822
0.004810
0.005564
0.008896
0.001937
0.001343
0.001569
0.001227
0.001246
0.001299
0.001247
0.001332
0.001347
0.001073
0.001315
0.001329
0.001081
0.000760
0.000683
0.000741
0.000768
0.000761
0.000247
0.000265
0.000283
0.000209
0.000188
0.000186
0.000160
0.000259
0.000213
0.000210
0.000232
0.000232
0.000235
0.000232
0.000208
0.000239
0.000232
0.000155
0.000197
0.000150
0.000196
0.000157
0.000169
0.000139
0.000165
0.000201
0.000173
0.000135
0.000124
0.000099
0.000191
0.000214
0.000231
0.000281
0.000298
0.000376
0.000321
0.000088
0.000110
0.000270
0.000452
0.000519
0.000729
0.000892
0.000798
0.001675
-0.005793
-0.005845
-0.006140
-0.007737
-0.006611
-0.004404
0.002064
-0.005567
0.000386
0.001512
0.001432
0.001487
0.001216
0.000982
0.000944
0.001106
0.001201
0.001124
0.000875
0.001112
0.001249
0.000992
0.000971
0.000672
0.000745
0.000753
0.000649
0.000245
0.000252
0.000296
0.000303
0.000207
0.000189
0.000154
0.000206
0.000228
0.000228
0.000214
0.000189
0.000233
0.000250
0.000214
0.000235
0.000218
0.000191
0.000239
0.000181
0.000209
0.000151
0.000131
0.000146
0.000177
0.000216
0.000176
0.000174
0.000190
0.000152
0.000202
0.000210
0.000236
0.000279
0.000359
0.000339
0.000306
0.000085
0.000076
0.000249
0.000423
0.000531
0.000726
0.000775
0.000820
0.000801
0.001104
-0.003283
-0.003154
-0.002214
-0.001971
-0.004314
-0.005630
-0.000543
0.001319
0.001500
0.001551
0.001426
0.001063
0.000922
0.000922
0.000798
0.000958
0.001172
0.000919
0.001090
0.001068
0.001057
0.001085
0.000775
0.000633
0.000712
0.000402
0.000232
0.000235
0.000285
0.000262
0.000216
0.000201
0.000141
0.000197
0.000255
0.000228
0.000223
0.000187
0.000237
0.000301
0.000252
0.000205
0.000224
0.000134
0.000206
0.000173
0.000206
0.000151
0.000142
0.000151
0.000197
0.000232
0.000239
0.000240
0.000270
0.000221
0.000170
0.000193
0.000264
0.000281
0.000335
0.000382
0.000368
0.000136
0.000091
0.000346
0.000479
0.000536
0.000577
0.000776
0.000802
0.000761
0.000834
-0.000471
0.004876
0.001903
-0.001264
-0.002402
-0.000760
0.001054
0.001201
0.001225
0.001300
0.001227
0.001010
0.001093
0.001031
0.000842
0.001110
0.001237
0.001033
0.000938
0.001098
0.001095
0.001178
0.001064
0.000382
0.000356
0.000486
0.000215
0.000237
0.000259
0.000248
0.000247
0.000199
0.000199
0.000194
0.000225
0.000235
0.000193
0.000183
0.000214
0.000292
0.000268
0.000199
0.000219
0.000183
0.000189
0.000179
0.000204
0.000198
0.000157
0.000200
0.000182
0.000216
0.000253
0.000274
0.000322
0.000256
0.000185
0.000233
0.000270
0.000289
0.000327
0.000340
0.000302
0.000215
0.000230
0.000485
0.000548
0.000516
0.000588
0.000863
0.000948
0.000861
0.000927
0.000956
0.001491
0.001385
0.000423
0.001025
0.001312
0.001249
0.001086
0.001226
0.001224
0.001273
0.001284
0.001249
0.001157
0.001102
0.000710
0.001014
0.001099
0.001045
0.001097
0.001128
0.001197
0.001167
0.000774
0.000545
0.000595
0.000190
0.000208
0.000228
0.000224
0.000246
0.000213
0.000235
0.000213
0.000216
0.000249
0.000197
0.000195
0.000179
0.000165
0.000172
0.000171
0.000186
0.000163
0.000152
0.000159
0.000162
0.000210
0.000171
0.000194
0.000223
0.000248
0.000304
0.000289
0.000303
0.000281
0.000269
0.000301
0.000386
0.000390
0.000384
0.000375
0.000389
0.000455
0.000325
0.000420
0.000457
0.000542
0.000724
0.000895
0.000775
0.000852
0.001160
0.001350
0.001237
0.001287
0.001308
0.001431
0.001563
0.001573
0.001358
0.001469
0.001313
0.001155
0.001291
0.001335
0.001130
0.000939
0.000830
0.000853
0.001102
0.001260
0.001160
0.001146
0.001194
0.001193
0.000859
0.000887
0.000547
0.000197
0.000212
0.000219
0.000223
0.000260
0.000201
0.000215
0.000163
0.000202
0.000234
0.000221
0.000171
0.000189
0.000177
0.000156
0.000150
0.000162
0.000165
0.000174
0.000167
0.000162
0.000222
0.000200
0.000234
0.000255
0.000244
0.000283
0.000264
0.000272
0.000287
0.000342
0.000352
0.000358
0.000417
0.000363
0.000379
0.000388
0.000273
0.000184
0.000228
0.000453
0.000571
0.000702
0.000740
0.000802
0.001032
0.001042
0.001029
0.001169
0.001365
0.001402
0.001437
0.001551
0.001654
0.001563
0.001410
0.001273
0.001022
0.001307
0.001166
0.000973
0.000906
0.000826
0.000955
0.001178
0.001210
0.001130
0.001145
0.001278
0.001348
0.001246
0.001000
0.000596
0.000213
0.000238
0.000243
0.000266
0.000229
0.000240
0.000201
0.000218
0.000200
0.000328
0.000235
0.000252
0.000233
0.000187
0.000153
0.000089
0.000131
0.000199
0.000222
0.000200
0.000138
0.000201
0.000268
0.000237
0.000223
0.000254
0.000262
0.000332
0.000338
0.000445
0.000415
0.000332
0.000423
0.000436
0.000421
0.000402
0.000250
0.000137
0.000096
0.000211
0.000281
0.000454
0.000442
0.000615
0.000814
0.000969
0.001060
0.001291
0.001287
0.001255
0.001504
0.001493
0.001454
0.001664
0.001506
0.001202
0.001040
0.000958
0.001199
0.001238
0.001204
0.001153
0.000696
0.000944
0.001147
0.001281
0.001220
0.001144
0.001306
0.001395
0.001263
0.000969
0.000794
