-0.000402
-0.000735
-0.000897
0.000632
-0.001308
-0.001351
-0.001362
0.000438
-0.001353
-0.001354
-0.001180
-0.000603
-0.001207
-0.001215
-0.001032
-0.001120
-0.001250
-0.001282
-0.001357
-0.001273
-0.001389
-0.001077
-0.001082
-0.001206
-0.001204
-0.001022
-0.001164
-0.001118
-0.001029
-0.001017
-0.001054
-0.001064
-0.001040
-0.001095
-0.001078
-0.001118
-0.001117
-0.000922
-0.000745
-0.001052
-0.000946
-0.000858
-0.000607
-0.000570
-0.000830
-0.000937
-0.000918
-0.001012
-0.001066
-0.001010
-0.000880
-0.000795
-0.000885
-0.000842
-0.000828
-0.000738
-0.000704
-0.000855
-0.000902
-0.000671
-0.000480
-0.000414
-0.000183
-0.000112
0.000039
0.000129
-0.001158
-0.000396
-0.000532
-0.000725
0.000061
-0.000075
0.000195
-0.001454
-0.001399
-0.001353
-0.001184
-0.001304
-0.001346
-0.001305
-0.001326
-0.001360
-0.001300
-0.001100
-0.001174
-0.001342
-0.001123
-0.001062
-0.000980
-0.001178
-0.001189
-0.001023
-0.001157
-0.001223
-0.001093
-0.000971
-0.001057
-0.001148
-0.001149
-0.001182
-0.001029
-0.001065
-0.001059
-0.001090
-0.001081
-0.001069
-0.001162
-0.001091
-0.001118
-0.001022
-0.000931
-0.000942
-0.001062
-0.001073
-0.001068
-0.001004
-0.000852
-0.000931
-0.000921
-0.000873
-0.000882
-0.000941
-0.000869
-0.000843
-0.000812
-0.000775
-0.000836
-0.000825
-0.000796
-0.000833
-0.000688
-0.000713
-0.000698
-0.000581
-0.000519
-0.000580
-0.000571
-0.000766
-0.000596
-0.000593
-0.000653
-0.000635
-0.000726
-0.000646
-0.000645
-0.000319
-0.001477
-0.001462
-0.001401
-0.001082
-0.001324
-0.001219
-0.001291
-0.001265
-0.001299
-0.001224
-0.001112
-0.000947
-0.001210
-0.001112
-0.001085
-0.000840
-0.001138
-0.001212
-0.001163
-0.001015
-0.001039
-0.001053
-0.001081
-0.001125
-0.001162
-0.000935
-0.000946
-0.001183
-0.001039
-0.001064
-0.001087
-0.001139
-0.001164
-0.001209
-0.001270
-0.001192
-0.000999
-0.000932
-0.001011
-0.001049
-0.001065
-0.001078
-0.000977
-0.000974
-0.000908
-0.000880
-0.000920
-0.000864
-0.000804
-0.000779
-0.000799
-0.000792
-0.000810
-0.000824
-0.000871
-0.000798
-0.000761
-0.000684
-0.000854
-0.000687
-0.000580
-0.000623
-0.000625
-0.000650
-0.000697
-0.000584
-0.000725
-0.000673
-0.000738
-0.000724
-0.000651
-0.000739
-0.000581
-0.001274
-0.001416
-0.001367
-0.001105
-0.001034
-0.001198
-0.001103
-0.001126
-0.001251
-0.001171
-0.001093
-0.000903
-0.001026
-0.001212
-0.000983
-0.000922
-0.001099
-0.001246
-0.001272
-0.001140
-0.001167
-0.001290
-0.001224
-0.001134
-0.001139
-0.001120
-0.001165
-0.001201
-0.001128
-0.001126
-0.001117
-0.001224
-0.001251
-0.001342
-0.001330
-0.001194
-0.001177
-0.001089
-0.001047
-0.001063
-0.001140
-0.001095
-0.001034
-0.000966
-0.000937
-0.000867
-0.000830
-0.000902
-0.000884
-0.000807
-0.000718
-0.000821
-0.000866
-0.000931
-0.001001
-0.000966
-0.000845
-0.000773
-0.000784
-0.000639
-0.000640
-0.000595
-0.000632
-0.000641
-0.000715
-0.000670
-0.000727
-0.000685
-0.000768
-0.000778
-0.000767
-0.000739
-0.000683
-0.001317
-0.001382
-0.001309
-0.001268
-0.001278
-0.001181
-0.001066
-0.001072
-0.001184
-0.001147
-0.001043
-0.000835
-0.000905
-0.001026
-0.001162
-0.001141
-0.001231
-0.001258
-0.001178
-0.001210
-0.001201
-0.001228
-0.001254
-0.001217
-0.001048
-0.001115
-0.001158
-0.001210
-0.001062
-0.001077
-0.001152
-0.001227
-0.001117
-0.001199
-0.001196
-0.000993
-0.001136
-0.000926
-0.000985
-0.001053
-0.001101
-0.001079
-0.000980
-0.001013
-0.000906
-0.000794
-0.000799
-0.000777
-0.000814
-0.000781
-0.000817
-0.000944
-0.000995
-0.000916
-0.000881
-0.000825
-0.000812
-0.000794
-0.000753
-0.000618
-0.000580
-0.000674
-0.000617
-0.000558
-0.000529
-0.000667
-0.000672
-0.000696
-0.000790
-0.000765
-0.000778
-0.000741
-0.002169
-0.001179
-0.001349
-0.001327
-0.001274
-0.001289
-0.001184
-0.001071
-0.001147
-0.001194
-0.001196
-0.000912
-0.000940
-0.000992
-0.001124
-0.001118
-0.001122
-0.001148
-0.001129
-0.001299
-0.001166
-0.001257
-0.001096
-0.001172
-0.001187
-0.001053
-0.001153
-0.001206
-0.001169
-0.001109
-0.001073
-0.000996
-0.001209
-0.001225
-0.001238
-0.000990
-0.001271
-0.001041
-0.000961
-0.000832
-0.001065
-0.001159
-0.001085
-0.000995
-0.000944
-0.000941
-0.000843
-0.000796
-0.000864
-0.000795
-0.000834
-0.000763
-0.000933
-0.000878
-0.000797
-0.000732
-0.000690
-0.000733
-0.000697
-0.000648
-0.000668
-0.000650
-0.000717
-0.000536
-0.000477
-0.000591
-0.000687
-0.000755
-0.000785
-0.000928
-0.000859
-0.000738
-0.000677
-0.000655
-0.001265
-0.001280
-0.001162
-0.001241
-0.001312
-0.001222
-0.001171
-0.001274
-0.001259
-0.001233
-0.001135
-0.001014
-0.000963
-0.001021
-0.001167
-0.000993
-0.001181
-0.001145
-0.001164
-0.001230
-0.001256
-0.001119
-0.001101
-0.001141
-0.001211
-0.001160
-0.001162
-0.001197
-0.001064
-0.001071
-0.001135
-0.001272
-0.001266
-0.001071
-0.000771
-0.001150
-0.001055
-0.001039
-0.001000
-0.001030
-0.001094
-0.001034
-0.001047
-0.000933
-0.000851
-0.000836
-0.000770
-0.000807
-0.000821
-0.000763
-0.000736
-0.000734
-0.000808
-0.000804
-0.000722
-0.000663
-0.000687
-0.000732
-0.000691
-0.000650
-0.000580
-0.000605
-0.000611
-0.000629
-0.000683
-0.000767
-0.000818
-0.000879
-0.000810
-0.000867
-0.000765
-0.000749
-0.000718
-0.001231
-0.001270
-0.001263
-0.001275
-0.001294
-0.001304
-0.001316
-0.001228
-0.001127
-0.001151
-0.000948
-0.000968
-0.000874
-0.001011
-0.001141
-0.001070
-0.001163
-0.001111
-0.001082
-0.001281
-0.001239
-0.001119
-0.001139
-0.001158
-0.001159
-0.001188
-0.001160
-0.001122
-0.001104
-0.001010
-0.001028
-0.001187
-0.001157
-0.001014
-0.000728
-0.001003
-0.001179
-0.001035
-0.000916
-0.000872
-0.000939
-0.001050
-0.001071
-0.000969
-0.000877
-0.000819
-0.000720
-0.000819
-0.000833
-0.000815
-0.000645
-0.000769
-0.000679
-0.000687
-0.000733
-0.000644
-0.000713
-0.000742
-0.000670
-0.000578
-0.000674
-0.000726
-0.000665
-0.000708
-0.000722
-0.000826
-0.000721
-0.000697
-0.000744
-0.000833
-0.000819
-0.000800
-0.000708
-0.001377
-0.001280
-0.000989
-0.001153
-0.001295
-0.001324
-0.001346
-0.001344
-0.000952
-0.000931
-0.000940
-0.000929
-0.000931
-0.000940
-0.001082
-0.001164
-0.001202
-0.001158
-0.001125
-0.001111
-0.001251
-0.001136
-0.001049
-0.001047
-0.001100
-0.001243
-0.001142
-0.001221
-0.001052
-0.001072
-0.000902
-0.001037
-0.001159
-0.001040
-0.000736
-0.000983
-0.001122
-0.000851
-0.000919
-0.000861
-0.000834
-0.000965
-0.001018
-0.000955
-0.000864
-0.000898
-0.000865
-0.000836
-0.000873
-0.000857
-0.000714
-0.000662
-0.000641
-0.000634
-0.000691
-0.000654
-0.000650
-0.000627
-0.000607
-0.000662
-0.000709
-0.000625
-0.000599
-0.000697
-0.000775
-0.000857
-0.000790
-0.000796
-0.000922
-0.000958
-0.000839
-0.000764
0.001326
-0.001279
-0.001157
-0.001162
-0.001289
-0.001339
-0.001329
-0.001263
-0.001264
-0.000863
-0.001120
-0.001015
-0.000853
-0.001090
-0.001020
-0.001096
-0.001193
-0.001176
-0.001078
-0.001039
-0.001100
-0.001180
-0.001083
-0.001073
-0.001168
-0.001217
-0.001212
-0.001057
-0.001150
-0.001109
-0.001011
-0.000916
-0.001012
-0.001074
-0.001145
-0.001163
-0.001139
-0.000964
-0.001155
-0.001029
-0.000868
-0.000792
-0.000870
-0.000896
-0.000880
-0.000903
-0.000874
-0.000907
-0.000851
-0.000769
-0.000886
-0.000671
-0.000684
-0.000651
-0.000666
-0.000688
-0.000691
-0.000709
-0.000821
-0.000767
-0.000674
-0.000646
-0.000632
-0.000674
-0.000695
-0.000734
-0.000750
-0.000738
-0.000794
-0.000889
-0.000967
-0.000855
-0.000708
-0.000604
-0.001211
-0.001244
-0.001259
-0.001379
-0.001459
-0.001211
-0.001112
-0.000807
-0.000673
-0.001029
-0.000926
-0.000960
-0.000976
-0.000835
-0.000996
-0.001146
-0.001133
-0.000953
-0.000952
-0.001123
-0.001176
-0.001157
-0.001121
-0.001108
-0.001032
-0.001197
-0.001206
-0.001079
-0.001091
-0.001064
-0.001015
-0.000951
-0.000848
-0.000913
-0.001042
-0.001428
-0.000935
-0.000731
-0.000810
-0.000745
-0.000751
-0.000775
-0.000761
-0.000891
-0.000895
-0.000829
-0.000892
-0.000917
-0.000914
-0.000909
-0.000806
-0.000766
-0.000713
-0.000678
-0.000657
-0.000595
-0.000714
-0.000714
-0.000850
-0.000658
-0.000581
-0.000657
-0.000733
-0.000731
-0.000770
-0.000737
-0.000798
-0.000940
-0.000845
-0.001025
-0.000865
-0.000710
-0.000739
-0.001147
-0.001207
-0.001338
-0.001326
-0.001350
-0.001239
-0.001005
-0.001069
-0.000765
-0.000755
-0.000861
-0.001072
-0.001111
-0.000918
-0.000882
-0.001049
-0.001151
-0.001220
-0.001092
-0.001007
-0.001112
-0.001158
-0.001098
-0.000941
-0.000944
-0.001167
-0.000991
-0.000912
-0.000774
-0.000678
-0.000828
-0.000753
-0.000805
-0.000853
-0.000789
-0.000791
-0.001625
-0.000755
-0.000763
-0.000764
-0.000768
-0.000719
-0.000821
-0.000836
-0.000825
-0.000790
-0.000838
-0.000871
-0.000814
-0.000827
-0.000872
-0.000908
-0.000794
-0.000715
-0.000635
-0.000647
-0.000692
-0.000791
-0.000763
-0.000620
-0.000642
-0.000703
-0.000750
-0.000773
-0.000881
-0.000878
-0.000934
-0.001010
-0.000993
-0.000911
-0.000963
-0.000851
-0.000864
-0.001225
-0.001219
-0.001241
-0.001380
-0.001398
-0.001463
-0.001310
-0.001237
-0.001157
-0.000713
-0.000846
-0.001084
-0.000998
-0.000818
-0.000715
-0.000696
-0.000956
-0.001251
-0.001044
-0.001001
-0.001053
-0.001158
-0.000790
-0.000991
-0.000896
-0.000982
-0.000897
-0.000555
-0.000908
-0.000766
-0.000876
-0.000989
-0.000872
-0.000725
-0.000977
-0.001042
-0.000968
-0.000977
-0.000887
-0.000757
-0.000693
-0.000710
-0.000771
-0.000856
-0.000857
-0.000825
-0.000881
-0.000794
-0.000799
-0.000871
-0.000555
-0.000563
-0.000719
-0.000651
-0.000657
-0.000744
-0.000802
-0.000684
-0.000768
-0.000694
-0.000769
-0.000844
-0.000818
-0.000825
-0.000862
-0.000918
-0.000911
-0.000970
-0.000988
-0.000953
-0.000989
-0.001018
0.000725
-0.001202
-0.001116
-0.001256
-0.001396
-0.001265
-0.001147
-0.001190
-0.001290
-0.001105
-0.000834
-0.000894
-0.001002
-0.000895
-0.001025
-0.001006
-0.000721
-0.000870
-0.001145
-0.001070
-0.000799
-0.000941
-0.001021
-0.000971
-0.000909
-0.001078
-0.000886
-0.000988
-0.000695
-0.000929
-0.000942
-0.001006
-0.000948
-0.000848
-0.000684
-0.000772
-0.000885
-0.000820
-0.000792
-0.000802
-0.000657
-0.000651
-0.000634
-0.000707
-0.000819
-0.000788
-0.000743
-0.000789
-0.000825
-0.000786
-0.000663
-0.000759
-0.000702
-0.000659
-0.000678
-0.000737
-0.000747
-0.000690
-0.000705
-0.000841
-0.000837
-0.000821
-0.000878
-0.000870
-0.000876
-0.000888
-0.000918
-0.000941
-0.001085
-0.001097
-0.001034
-0.000920
-0.001200
-0.001082
-0.001147
-0.000916
-0.000941
-0.001289
-0.001312
-0.001199
-0.001214
-0.001208
-0.001268
-0.001222
-0.001151
-0.000865
-0.000865
-0.000922
-0.000980
-0.000837
-0.000954
-0.001296
-0.001151
-0.000790
-0.000753
-0.001263
-0.001879
-0.000553
-0.001089
-0.001682
-0.000998
-0.000881
-0.000877
-0.000941
-0.001146
-0.000946
-0.000820
-0.000734
-0.000798
-0.000767
-0.000782
-0.000785
-0.000708
-0.000593
-0.000543
-0.000528
-0.000566
-0.000579
-0.000596
-0.000657
-0.000771
-0.000885
-0.000796
-0.000794
-0.000831
-0.000788
-0.000759
-0.000750
-0.000734
-0.000730
-0.000784
-0.000875
-0.000845
-0.000937
-0.000821
-0.000927
-0.001101
-0.000944
-0.000954
-0.000936
-0.000961
-0.000926
-0.001126
-0.000997
-0.001037
-0.000895
-0.001150
-0.001304
-0.001032
-0.001052
-0.001099
-0.001077
-0.001129
-0.001096
-0.001146
-0.001328
-0.001422
-0.001376
-0.000895
-0.000904
-0.000988
-0.000995
-0.001032
-0.001043
-0.001058
-0.000960
-0.001107
-0.001756
-0.001172
0.005540
0.010268
0.005935
-0.003461
-0.006402
-0.005944
-0.001657
-0.001003
-0.000937
-0.000843
-0.000647
-0.000675
-0.000746
-0.000871
-0.000762
-0.000784
-0.000738
-0.000594
-0.000440
-0.000352
-0.000304
-0.000492
-0.000579
-0.000665
-0.000712
-0.000798
-0.000879
-0.000849
-0.000967
-0.000743
-0.000823
-0.000755
-0.000723
-0.000736
-0.000813
-0.000814
-0.000944
-0.000921
-0.000892
-0.000863
-0.000948
-0.000962
-0.000972
-0.000948
-0.000976
-0.001059
-0.001112
-0.001109
-0.001138
-0.001196
-0.001165
-0.001404
-0.001129
-0.001118
-0.000990
-0.001034
-0.001009
-0.001093
-0.001241
-0.001368
-0.001389
-0.001303
-0.001021
-0.001118
-0.001050
-0.001271
-0.001027
-0.000411
-0.000196
-0.000037
-0.000352
-0.004752
-0.005838
-0.001973
0.006555
0.005479
0.013625
0.010770
-0.011448
-0.007989
-0.003214
-0.001248
-0.000807
-0.000699
-0.000634
-0.000661
-0.000694
-0.000535
-0.000500
-0.000629
-0.000633
-0.000304
0.000038
-0.000282
-0.000487
-0.000611
-0.000691
-0.000831
-0.000844
-0.000831
-0.000827
-0.000902
-0.000796
-0.000819
-0.000822
-0.000774
-0.000774
-0.000776
-0.000795
-0.000877
-0.000936
-0.000892
-0.000907
-0.000909
-0.000933
-0.000976
-0.000987
-0.001104
-0.001079
-0.001066
-0.001148
-0.001058
-0.001089
-0.001100
-0.001365
-0.001310
-0.001179
-0.001038
-0.001117
-0.000923
-0.000950
-0.000879
-0.001214
-0.001231
-0.001164
-0.001166
-0.001266
-0.001241
-0.000375
-0.000074
0.001400
0.002055
0.001216
0.000829
-0.000470
-0.000624
-0.000817
0.000672
0.002991
0.016778
0.022350
0.027926
-0.007424
-0.003065
-0.001104
-0.000906
-0.000633
-0.000589
-0.000389
0.000157
-0.000465
-0.000660
-0.000601
-0.000627
-0.000393
-0.000369
-0.000488
-0.000574
-0.000645
-0.000678
-0.000780
-0.000775
-0.000886
-0.000884
-0.000841
-0.000832
-0.000923
-0.000856
-0.000819
-0.000839
-0.000923
-0.000916
-0.000972
-0.000926
-0.000878
-0.000948
-0.001037
-0.000910
-0.001014
-0.001027
-0.001041
-0.001006
-0.001029
-0.000932
-0.001000
-0.001117
-0.001101
-0.001288
-0.001274
-0.001145
-0.000769
-0.000886
-0.000908
-0.000924
-0.001016
-0.000991
-0.000996
-0.001113
-0.001010
-0.001110
0.000016
0.001265
0.001679
0.002377
0.000383
0.000934
0.001072
0.000309
-0.000690
-0.000287
0.002184
0.004449
0.013471
0.034806
0.028986
0.001912
-0.001826
-0.000862
-0.000689
-0.000539
-0.000390
0.002834
0.005161
0.000194
-0.000470
-0.000566
-0.000522
-0.000613
-0.000769
-0.000683
-0.000715
-0.000726
-0.000755
-0.000832
-0.000812
-0.000960
-0.000809
-0.000800
-0.000791
-0.000862
-0.000835
-0.000813
-0.001004
-0.001056
-0.000965
-0.000918
-0.001012
-0.001018
-0.001089
-0.001156
-0.001068
-0.001065
-0.001163
-0.001049
-0.001021
-0.000992
-0.001036
-0.000989
-0.000964
-0.001049
-0.001258
-0.001296
-0.001047
-0.000772
-0.000776
-0.000843
-0.000821
-0.000837
-0.000960
-0.001063
-0.000950
-0.001037
-0.000033
0.000051
0.001106
0.001692
0.000190
-0.001481
-0.000853
0.000823
0.000361
-0.000157
0.002086
0.003503
0.005548
-0.000491
0.002340
0.002244
0.006247
0.005416
0.003238
0.002805
0.004522
0.005096
0.006680
0.008164
0.004272
0.001733
-0.000087
-0.000492
-0.000748
-0.000823
-0.000777
-0.000749
-0.000752
-0.000757
-0.000817
-0.000886
-0.000688
-0.000722
-0.000761
-0.000801
-0.000785
-0.000779
-0.000839
-0.000978
-0.001042
-0.001088
-0.001033
-0.001015
-0.001120
-0.001098
-0.001226
-0.001074
-0.001123
-0.001183
-0.001226
-0.001004
-0.000918
-0.000919
-0.000902
-0.001074
-0.001211
-0.001111
-0.001134
-0.001056
-0.000934
-0.000911
-0.000972
-0.000797
-0.000774
-0.000900
-0.000946
-0.001074
-0.000096
-0.000888
0.000421
0.002420
-0.003530
-0.004265
-0.001349
-0.000909
-0.001095
-0.000593
0.000476
0.004197
0.005287
0.000348
-0.001453
-0.001778
0.002195
0.005728
0.005572
0.005438
0.003918
0.003236
0.003373
0.002357
0.001587
0.007484
0.004518
0.001449
0.000205
-0.000860
-0.000520
-0.001000
-0.000726
-0.000677
-0.000746
-0.000902
-0.000951
-0.000992
-0.000853
-0.000773
-0.000816
-0.000831
-0.000807
-0.000887
-0.000975
-0.001057
-0.001106
-0.001080
-0.001051
-0.001062
-0.001129
-0.001027
-0.001146
-0.001257
-0.001315
-0.001036
-0.000949
-0.000925
-0.000897
-0.001029
-0.001151
-0.000596
-0.000999
-0.000974
-0.000946
-0.000966
-0.001069
-0.000898
-0.000786
-0.000751
-0.000779
-0.000884
-0.000682
-0.000809
-0.000824
-0.000813
0.000905
-0.006853
-0.004749
-0.000539
-0.000898
-0.001445
-0.000894
0.001132
0.004489
-0.000410
-0.001277
-0.000343
0.000441
0.000829
0.001787
0.000114
0.002627
0.003643
0.002557
0.003190
0.002080
0.003306
0.013247
0.004854
0.002289
0.000866
-0.000851
-0.000352
-0.001469
-0.002088
-0.001198
-0.000926
-0.000909
-0.000917
-0.000837
-0.000792
-0.000811
-0.000816
-0.000858
-0.000905
-0.000916
-0.000934
-0.001005
-0.001066
-0.001104
-0.001197
-0.001055
-0.001018
-0.001107
-0.001210
-0.001204
-0.001226
-0.001077
-0.000982
-0.000867
-0.000994
-0.001106
-0.001153
-0.001232
-0.000979
-0.000928
-0.000937
-0.000990
-0.001119
-0.001049
-0.000865
-0.000791
-0.000875
-0.000931
-0.000939
-0.000880
-0.000819
-0.000737
-0.000039
0.001611
-0.005172
-0.004135
-0.000849
0.001466
0.003330
0.000455
0.000669
-0.000329
0.000587
0.000069
0.002007
0.002444
0.001414
-0.000298
-0.000663
0.000396
0.000391
0.001189
0.000820
0.001142
0.006667
0.003961
0.001543
0.000367
-0.001339
-0.000419
0.000495
-0.003984
-0.003421
-0.001780
-0.001055
-0.000876
-0.000889
-0.000834
-0.000791
-0.000880
-0.000944
-0.000935
-0.000966
-0.000901
-0.000996
-0.001090
-0.001247
-0.001135
-0.001023
-0.001023
-0.001127
-0.001211
-0.001131
-0.000993
-0.000976
-0.000916
-0.000917
-0.001085
-0.001184
-0.001208
-0.001298
-0.000898
-0.000693
-0.000959
-0.000912
-0.000835
-0.000948
-0.000940
-0.000760
-0.000802
-0.000873
-0.000962
-0.000898
-0.000825
-0.000716
-0.000453
0.000424
-0.002230
-0.001220
0.002512
0.003208
0.000618
-0.000484
-0.000463
0.001692
0.001535
0.000975
0.002153
0.004122
0.001845
0.001114
-0.000473
-0.000713
-0.000272
0.000167
0.000195
0.000167
0.000101
0.000418
-0.000364
-0.000497
-0.001276
-0.002546
-0.000301
0.008832
0.008482
0.000381
-0.000744
0.000270
-0.000746
-0.000804
-0.000898
-0.000978
-0.001015
-0.000965
-0.000955
-0.001018
-0.001024
-0.001067
-0.001140
-0.001089
-0.001066
-0.001177
-0.001197
-0.001217
-0.000868
-0.000925
-0.001021
-0.000996
-0.001028
-0.001242
-0.001281
-0.001415
-0.001196
-0.000856
-0.000751
-0.001038
-0.000920
-0.000902
-0.000965
-0.000876
-0.000734
-0.000767
-0.000787
-0.000837
-0.000740
-0.000751
-0.000771
-0.000633
0.001722
0.000826
0.006446
-0.000008
0.000582
0.001247
0.000297
-0.000211
0.001683
0.001347
0.001067
0.001099
0.002402
0.001868
0.002874
0.002414
-0.003280
-0.001381
-0.000257
0.000187
0.000003
-0.000037
-0.000167
-0.002719
-0.000700
-0.000950
-0.004318
-0.006626
-0.003629
0.006498
0.011469
-0.009923
-0.002760
0.000035
-0.000261
-0.001017
-0.001026
-0.001020
-0.001062
-0.000988
-0.000935
-0.001089
-0.001148
-0.001152
-0.001082
-0.001207
-0.001160
-0.001244
-0.001194
-0.000926
-0.001101
-0.001112
-0.001073
-0.001243
-0.001275
-0.001271
-0.001216
-0.001077
-0.000875
-0.000836
-0.000843
-0.000972
-0.000874
-0.000838
-0.000863
-0.000749
-0.000738
-0.000772
-0.000770
-0.000725
-0.000770
-0.000818
-0.000795
-0.000262
0.000019
0.000885
-0.000479
0.000191
-0.000099
-0.001276
-0.000807
-0.000826
-0.001173
-0.000845
-0.000984
-0.000717
0.000492
0.003116
0.002635
-0.005026
-0.001666
-0.000373
-0.000001
0.000897
0.001349
0.000636
0.000986
-0.000700
-0.000863
-0.001713
-0.005307
-0.006878
-0.001688
0.011285
-0.001211
-0.004453
-0.003152
-0.000797
-0.000985
-0.001039
-0.001129
-0.001158
-0.001043
-0.000991
-0.001141
-0.001107
-0.001169
-0.001209
-0.001063
-0.001122
-0.001127
-0.001090
-0.001013
-0.001021
-0.001199
-0.001289
-0.001324
-0.001555
-0.001578
-0.001379
-0.001159
-0.000871
-0.000870
-0.000874
-0.000901
-0.000941
-0.000853
-0.000868
-0.000787
-0.000746
-0.000818
-0.000779
-0.000852
-0.000745
-0.000689
-0.000491
-0.000523
-0.000619
-0.000671
-0.000581
-0.000623
-0.000626
-0.000530
-0.000256
-0.000435
-0.000573
-0.000965
-0.001009
-0.001902
-0.004484
-0.005037
-0.003177
-0.008879
-0.007316
-0.000187
0.000013
0.000759
0.005535
0.005379
0.002413
-0.006412
-0.005362
-0.017636
-0.003702
0.000725
-0.000191
0.012808
0.008653
-0.006668
-0.012564
-0.002530
-0.000973
-0.001086
-0.001035
-0.001170
-0.001084
-0.001071
-0.001168
-0.001099
-0.001130
-0.000976
-0.001073
-0.001250
-0.001104
-0.001030
-0.001071
-0.001289
-0.001406
-0.001452
-0.001607
-0.001620
-0.001337
-0.001147
-0.001145
-0.000860
-0.000886
-0.000777
-0.000775
-0.000742
-0.000871
-0.001016
-0.000922
-0.000717
-0.000783
-0.000652
-0.000844
-0.000713
-0.000533
-0.000457
-0.000492
-0.000670
-0.000598
-0.000551
-0.000483
-0.000253
-0.000437
-0.000389
-0.000849
0.002037
0.001050
-0.002546
-0.008302
-0.014002
-0.016064
-0.013086
-0.011644
-0.009260
-0.006153
-0.005141
-0.003408
-0.000001
0.000317
-0.001812
-0.002232
-0.002101
-0.011910
-0.022341
-0.002329
0.002210
0.006956
0.010207
0.006726
0.001128
-0.004236
-0.001549
-0.001100
-0.001143
-0.001112
-0.001105
-0.001013
-0.001046
-0.000995
-0.000995
-0.000958
-0.001101
-0.001135
-0.000978
-0.001040
-0.001205
-0.001414
-0.001547
-0.001563
-0.001453
-0.001180
-0.001233
-0.001192
-0.001109
-0.000944
-0.000758
-0.000697
-0.000782
-0.000793
-0.000897
-0.001077
-0.001053
-0.000755
-0.000821
-0.000760
-0.000636
-0.000680
-0.000561
-0.000529
-0.000540
-0.000605
-0.000537
-0.000409
-0.000412
-0.000163
0.000746
0.000301
-0.000378
0.000622
0.001269
-0.000277
-0.006952
-0.015741
-0.016556
-0.018485
-0.016780
-0.010552
-0.007418
-0.004296
-0.001245
-0.000823
0.000202
0.000662
-0.001569
0.003475
-0.002099
-0.017766
-0.019611
-0.000639
0.000526
0.003098
0.006062
0.003853
-0.004080
-0.010497
-0.000847
-0.001169
-0.001210
-0.001254
-0.001018
-0.001021
-0.001035
-0.001009
-0.001039
-0.001121
-0.001097
-0.001035
-0.001101
-0.001323
-0.001497
-0.001425
-0.001365
-0.001040
-0.000968
-0.001092
-0.001206
-0.001250
-0.000969
-0.000921
-0.000783
-0.000740
-0.000798
-0.000969
-0.001042
-0.000973
-0.000809
-0.000778
-0.000734
-0.000710
-0.000696
-0.000574
-0.000524
-0.000607
-0.000563
-0.000434
-0.000376
-0.000338
-0.000006
0.000751
0.000715
0.000058
0.000156
0.002425
0.001283
-0.004699
-0.015032
-0.021582
-0.022272
-0.017809
-0.011478
-0.007273
-0.004454
-0.002128
-0.000863
0.000971
0.000589
-0.000018
-0.000955
-0.002037
-0.011154
-0.020838
-0.016080
-0.000305
-0.001201
0.006410
0.005363
-0.005329
-0.012175
-0.008516
0.000188
-0.001203
-0.001145
-0.001141
-0.001264
-0.001181
-0.001166
-0.001186
-0.001162
-0.001096
-0.001056
-0.001217
-0.001342
-0.001441
-0.001297
-0.001103
-0.000972
-0.001014
-0.001049
-0.001232
-0.001295
-0.000965
-0.001071
-0.001034
-0.000966
-0.000883
-0.000926
-0.000940
-0.000826
-0.000836
-0.000771
-0.000721
-0.000731
-0.000718
-0.000654
-0.000627
-0.000533
-0.000491
-0.000385
-0.000497
-0.000373
-0.000072
0.001540
0.001716
0.000152
-0.000033
0.000363
0.002017
-0.003530
-0.022355
-0.026884
-0.025214
-0.019673
-0.011327
-0.005929
-0.003211
-0.002856
-0.000356
0.000696
0.001621
-0.000199
0.000387
0.000574
-0.002958
-0.011641
-0.006366
-0.009235
0.000119
0.003182
0.016473
0.002814
-0.004519
-0.004724
0.004299
-0.000041
-0.001082
-0.001245
-0.001244
-0.001192
-0.001176
-0.001103
-0.001090
-0.001112
-0.001218
-0.001270
-0.001221
-0.001333
-0.001286
-0.001096
-0.000907
-0.000969
-0.001168
-0.001401
-0.001093
-0.001068
-0.001114
-0.000912
-0.000994
-0.000959
-0.000924
-0.000811
-0.000748
-0.000814
-0.000832
-0.000736
-0.000691
-0.000758
-0.000825
-0.000758
-0.000647
-0.000558
-0.000611
-0.000602
-0.000542
-0.000622
0.000085
0.000846
0.000478
-0.000115
0.000442
0.000122
-0.011009
-0.021402
-0.024914
-0.028593
-0.021737
-0.006767
-0.003959
-0.004241
-0.002864
-0.001722
-0.000239
0.001484
0.001166
0.000666
0.000651
0.001071
0.001384
0.002148
-0.000430
0.006766
0.003453
0.005224
0.007468
-0.004459
-0.006366
-0.003129
-0.001429
-0.001189
-0.000133
-0.001142
-0.001167
-0.001080
-0.001096
-0.001043
-0.000974
-0.001147
-0.001210
-0.001220
-0.001390
-0.001212
-0.001052
-0.001040
-0.001268
-0.001251
-0.001035
-0.000975
-0.001013
-0.000895
-0.000922
-0.000916
-0.000923
-0.000928
-0.001003
-0.000874
-0.000809
-0.001044
-0.000854
-0.000760
-0.000779
-0.000832
-0.000608
-0.000623
-0.000740
-0.000711
-0.000719
-0.000663
-0.000664
-0.000827
-0.000222
0.000732
0.000262
0.000705
-0.001873
-0.018967
-0.023957
-0.028391
-0.030080
-0.020321
-0.010777
-0.009702
-0.011616
-0.003862
-0.001541
-0.001995
-0.000596
0.000172
0.000397
-0.000183
0.000254
0.000539
0.001234
0.002826
0.000554
0.006693
0.007235
0.001682
-0.005593
-0.006207
-0.005972
-0.003599
-0.001366
-0.000623
0.000226
-0.000050
-0.001082
-0.001231
-0.001121
-0.001152
-0.001118
-0.001195
-0.001247
-0.001316
-0.001184
-0.001302
-0.001338
-0.001232
-0.001014
-0.000991
-0.001126
-0.000936
-0.000991
-0.000945
-0.000953
-0.000995
-0.001124
-0.000876
-0.000817
-0.000732
-0.000923
-0.000943
-0.000770
-0.000559
-0.000704
-0.000796
-0.000756
-0.000734
-0.000707
-0.000736
-0.000717
-0.000724
-0.000791
-0.000949
-0.000431
0.000259
-0.000240
-0.001876
-0.019237
-0.021791
-0.029247
-0.024014
-0.018228
-0.023416
-0.018070
-0.013016
-0.007683
-0.004493
-0.004110
-0.001506
-0.000523
-0.000767
-0.000750
-0.000234
-0.000912
0.001654
0.000190
0.000222
0.000058
-0.002077
-0.005731
-0.009423
-0.008049
-0.011424
-0.006309
-0.001318
0.002053
-0.000830
-0.000170
0.000309
0.000228
0.000078
-0.000957
-0.001078
-0.001025
-0.001064
-0.001159
-0.001178
-0.001234
-0.001224
-0.001118
-0.001128
-0.001108
-0.001127
-0.000927
-0.000994
-0.001037
-0.000984
-0.000989
-0.000890
-0.000740
-0.000796
-0.000725
-0.000660
-0.000678
-0.000818
-0.000832
-0.000730
-0.000793
-0.000791
-0.000791
-0.000712
-0.000750
-0.000810
-0.000808
-0.000684
-0.000931
-0.001077
-0.000675
-0.000949
-0.000205
-0.001525
-0.001910
-0.020941
-0.016619
-0.022450
-0.023525
-0.016651
-0.011446
-0.008157
-0.003768
-0.001555
-0.000710
-0.000908
-0.001353
-0.000698
-0.000386
0.000731
0.001752
0.000983
0.004038
0.005306
0.001067
-0.012711
-0.009607
-0.009529
-0.014099
-0.009784
0.002087
-0.002349
-0.005442
-0.004498
-0.002584
0.001484
-0.001084
0.000331
0.000077
-0.000950
-0.001032
-0.001003
-0.001263
-0.001267
-0.001180
-0.001171
-0.001266
-0.001197
-0.001269
-0.000889
-0.000831
-0.000913
-0.000980
-0.001008
-0.000679
-0.000878
-0.000901
-0.000711
-0.000778
-0.001161
-0.000656
-0.000152
-0.000271
-0.000196
-0.000824
-0.000810
-0.000685
-0.000683
-0.000453
-0.000503
-0.001152
-0.001151
-0.000994
-0.001110
-0.001085
-0.001001
-0.001119
-0.001037
-0.002713
0.000136
-0.024087
-0.016397
-0.012541
-0.010377
-0.007095
-0.001557
0.000934
-0.001485
-0.001527
-0.001254
-0.001137
-0.000217
0.001356
0.001809
0.005035
0.007474
0.006118
0.004789
-0.002111
-0.006232
-0.011064
-0.009502
-0.004736
-0.005164
-0.003395
-0.002834
0.000081
0.002663
0.000757
-0.001164
-0.001254
-0.001176
0.000184
-0.000235
-0.000535
-0.001138
-0.001258
-0.001298
-0.001312
-0.001392
-0.001446
-0.001261
-0.000881
-0.000756
-0.000862
-0.000870
-0.000973
-0.000924
-0.001004
-0.000964
-0.000883
-0.000853
-0.001069
-0.001025
-0.000945
-0.000952
-0.001086
-0.000751
-0.001020
-0.000874
-0.000809
-0.001147
-0.001042
-0.001053
-0.001089
-0.000929
-0.001168
-0.001115
-0.001150
-0.001197
-0.001162
-0.000649
0.000755
-0.001791
-0.000892
0.000598
-0.000270
0.000038
0.000015
0.000869
-0.000291
-0.001919
-0.001734
-0.002341
-0.001778
0.000046
0.003157
0.002807
0.002519
0.005566
0.005582
0.006140
-0.002394
-0.006991
-0.006761
-0.008310
-0.012140
-0.003782
0.002211
0.001585
-0.000618
-0.001077
-0.001230
-0.001264
-0.001296
-0.001263
-0.001210
-0.001231
-0.001243
-0.001262
-0.001409
-0.001336
-0.001462
-0.001283
-0.001240
-0.000852
-0.000841
-0.000893
-0.000891
-0.000940
-0.000907
-0.000830
-0.000848
-0.000864
-0.000606
-0.000447
-0.001109
-0.001073
-0.001038
-0.001102
-0.001129
-0.000957
-0.001013
-0.000936
-0.001031
-0.001040
-0.001013
-0.001031
-0.001075
-0.001154
-0.001356
-0.001275
-0.001240
-0.001333
-0.000802
0.000223
0.000003
-0.000800
-0.000591
-0.001234
-0.001193
-0.001352
-0.000048
0.000034
-0.000005
-0.000361
-0.000380
-0.000354
-0.000232
-0.001209
0.000174
0.002113
-0.001507
-0.000803
0.007241
0.004419
-0.006107
-0.008971
-0.007025
-0.002332
0.001426
0.001158
-0.000536
-0.001046
-0.001081
-0.001238
-0.001220
-0.001233
-0.001223
-0.001222
-0.001085
-0.001188
-0.001250
-0.001267
-0.001104
-0.001405
-0.001213
-0.001069
-0.000746
-0.000967
-0.000893
-0.001099
-0.000857
0.000012
0.000013
0.000012
-0.000733
-0.001226
-0.000838
-0.001030
-0.001042
-0.000900
-0.001134
-0.001178
-0.001196
-0.001205
-0.001094
-0.000957
-0.000954
-0.001004
-0.001045
-0.001142
-0.001097
-0.001015
-0.001199
-0.001202
-0.001375
-0.001102
-0.000437
0.000008
-0.000805
-0.001627
-0.001376
-0.001299
-0.001244
-0.001263
-0.001294
-0.001402
-0.001466
-0.001502
-0.001335
-0.001236
-0.000282
-0.002693
-0.001736
-0.000839
-0.000266
0.001032
-0.003302
-0.003572
-0.007003
-0.000937
0.002077
0.002215
0.000568
-0.000952
-0.001218
-0.001141
-0.001336
-0.001400
-0.001332
-0.001159
-0.001267
-0.001287
-0.001135
-0.001136
-0.000901
-0.000996
-0.001232
-0.001265
-0.001173
-0.000923
-0.000954
-0.000792
-0.000922
0.000014
0.000009
0.000010
0.000009
0.000008
-0.001129
-0.000966
-0.000841
-0.000834
-0.000937
-0.001083
-0.000999
-0.001116
-0.001131
-0.000968
-0.000896
-0.001024
-0.001091
-0.001119
-0.001118
-0.001406
-0.001295
-0.001317
-0.001322
-0.001283
-0.001058
-0.000868
-0.000974
-0.001250
-0.001648
-0.001389
-0.001428
-0.001365
-0.001300
-0.001375
-0.001279
-0.001298
-0.001446
-0.001383
-0.001614
-0.001152
-0.000029
-0.002604
-0.001899
-0.003651
-0.008654
-0.013645
-0.015566
-0.005740
-0.000784
0.000650
0.000650
-0.000728
-0.001226
-0.001060
-0.001166
-0.001421
-0.001446
-0.001097
-0.001090
-0.001260
-0.001223
-0.001129
-0.001143
-0.000939
-0.001055
-0.001327
-0.001220
-0.001038
-0.000791
-0.000513
0.000008
0.000010
0.000007
0.000008
0.000007
0.000009
-0.001022
-0.000928
-0.001058
-0.001051
-0.000967
-0.000944
-0.000821
-0.000945
-0.001004
-0.001116
-0.001182
-0.000928
-0.000993
-0.001151
-0.001135
-0.001290
-0.001633
-0.001633
-0.001412
-0.001290
-0.001165
-0.001023
-0.001126
-0.001396
-0.001545
-0.001396
-0.001418
-0.001445
-0.001457
-0.001506
-0.001372
-0.001213
-0.001354
-0.001674
-0.001543
-0.001389
-0.001281
-0.001424
-0.001372
-0.007253
-0.009089
-0.020078
-0.007694
-0.006822
-0.006758
-0.001176
-0.000800
-0.001209
-0.001400
-0.001212
-0.001233
-0.001428
-0.001378
-0.001388
-0.001331
-0.001300
-0.001327
-0.001333
-0.001385
-0.001242
-0.001067
-0.001197
-0.001107
-0.001027
-0.000910
0.000010
0.000005
0.000004
0.000005
0.000009
0.000008
0.000008
-0.000997
-0.001060
-0.000986
-0.000981
-0.001027
-0.001125
-0.000809
-0.000757
-0.000940
-0.001078
-0.001300
-0.001215
-0.001396
-0.001024
-0.001325
-0.001240
-0.001536
-0.001644
-0.001625
-0.001529
-0.001461
-0.001330
-0.001223
-0.001424
-0.001480
-0.001392
-0.001489
-0.001477
-0.001506
-0.001489
-0.001503
-0.001317
-0.001360
-0.001534
-0.001816
-0.001649
-0.001478
-0.001616
-0.001547
-0.002385
-0.004234
-0.008165
-0.007922
-0.006553
-0.010108
-0.011339
-0.001344
-0.002354
-0.002061
-0.001456
-0.001324
-0.001403
-0.001347
-0.001355
-0.001378
-0.001468
-0.001400
-0.001341
-0.001442
-0.001413
-0.001244
-0.001247
-0.001162
-0.001185
-0.001074
-0.001108
0.000006
0.000006
0.000005
0.000005
-0.000590
0.000010
0.000009
-0.000993
-0.001062
-0.000995
-0.001053
-0.001150
-0.001129
-0.000897
-0.000781
-0.000928
-0.001112
-0.001221
-0.001357
-0.001369
-0.001527
-0.001446
-0.001406
-0.001522
-0.001567
-0.001705
-0.001729
-0.001674
-0.001532
-0.001515
-0.001571
-0.001411
-0.001386
-0.001457
-0.001437
-0.001491
-0.001573
-0.001360
-0.001112
-0.001394
-0.001524
-0.001384
-0.001508
-0.001669
-0.001698
-0.001868
-0.002433
-0.002023
-0.002574
-0.003209
-0.013303
-0.012529
-0.014407
-0.006177
-0.000178
-0.001661
-0.001490
-0.001300
-0.001228
-0.001280
-0.001456
-0.001292
-0.001202
-0.001113
-0.001309
-0.001378
-0.001393
-0.001346
-0.001188
-0.001165
-0.001092
-0.001223
-0.001305
0.000005
0.000006
0.000008
0.000007
0.000008
0.000009
0.000008
-0.000994
-0.001121
-0.001138
-0.001125
-0.000965
-0.001027
-0.000952
-0.001018
-0.001097
-0.001125
-0.001202
-0.001167
-0.001079
-0.001359
-0.001451
-0.001416
-0.001424
-0.001494
-0.001487
-0.001706
-0.001719
-0.001767
-0.001703
-0.001765
-0.001821
-0.001693
-0.001595
-0.001462
-0.001468
-0.001657
-0.001684
-0.001626
-0.001575
-0.001365
-0.001191
-0.001202
-0.001600
-0.001939
-0.001910
-0.001604
-0.001812
-0.001720
-0.001965
-0.002735
-0.015938
-0.006548
-0.001314
0.000054
-0.000297
-0.001253
-0.001813
-0.001195
-0.001343
-0.001284
-0.001164
-0.001151
-0.001187
-0.001372
-0.001474
-0.001408
-0.001279
-0.001144
-0.001030
-0.001331
-0.001401
-0.001387
0.000007
0.000005
0.000009
0.000008
0.000008
0.000008
0.000007
-0.001046
-0.001022
-0.001133
-0.001029
-0.000701
-0.000846
-0.001206
-0.001378
-0.001136
-0.001183
-0.001153
-0.001059
-0.001151
-0.001180
-0.001442
-0.001486
-0.001535
-0.001451
-0.001675
-0.001612
-0.001722
-0.001647
-0.001745
-0.001814
-0.001812
-0.001763
-0.001801
-0.001770
-0.001665
-0.001764
-0.001839
-0.001591
-0.001513
-0.001351
-0.001429
-0.001357
-0.001402
-0.001750
-0.001790
-0.001652
-0.001564
-0.001596
-0.001516
-0.001454
-0.002082
-0.002221
-0.001565
-0.001204
-0.000692
-0.001250
-0.001085
-0.001487
-0.001412
-0.001184
-0.001222
-0.001215
-0.001341
-0.001535
-0.001459
-0.001275
-0.001256
-0.001150
-0.001080
-0.001056
-0.001164
-0.001228
0.000010
0.000011
0.000008
0.000007
0.000007
0.000007
0.000008
0.000008
-0.000964
-0.000943
-0.000854
-0.000902
-0.000878
-0.001012
-0.001263
-0.001054
-0.001183
-0.001168
-0.000980
-0.000952
-0.001019
-0.001273
-0.001241
-0.001339
-0.001421
-0.001610
-0.001575
-0.001750
-0.001864
-0.001810
-0.001697
-0.001692
-0.001589
-0.001679
-0.001723
-0.001745
-0.001782
-0.001844
-0.001702
-0.001515
-0.001362
-0.001337
-0.001389
-0.001369
-0.001456
-0.001442
-0.001538
-0.001655
-0.001460
-0.001435
-0.001353
-0.001380
-0.001308
-0.001727
-0.001248
-0.001151
-0.001283
-0.001212
-0.000789
-0.001250
-0.001192
-0.001193
-0.001116
-0.001374
-0.001579
-0.001416
-0.001236
-0.001331
-0.001258
-0.001110
-0.000979
-0.000941
-0.000947
