-0.000016
-0.000012
-0.000015
0.000632
-0.000013
-0.000015
-0.000011
0.000438
-0.000011
-0.000013
-0.000012
-0.000603
-0.000017
-0.000020
-0.000015
-0.000011
-0.000011
-0.000013
-0.000013
-0.000016
-0.000012
-0.000011
-0.000018
-0.000017
-0.000013
-0.000015
-0.000015
-0.000020
-0.000017
-0.000015
-0.000017
-0.000022
-0.000021
-0.000020
-0.000018
-0.000021
-0.000021
-0.000023
-0.000024
-0.000023
-0.000025
-0.000027
-0.000027
-0.000030
-0.000038
-0.000038
-0.000029
-0.000028
-0.000029
-0.000026
-0.000027
-0.000030
-0.000034
-0.000036
-0.000036
-0.000039
-0.000035
-0.000029
-0.000028
-0.000029
-0.000027
-0.000025
-0.000014
-0.000020
-0.000029
-0.000027
-0.001158
-0.000019
-0.000022
-0.000021
0.000061
-0.000009
0.000195
-0.000023
-0.000021
-0.000022
-0.000021
-0.000020
-0.000016
-0.000015
-0.000014
-0.000016
-0.000018
-0.000017
-0.000017
-0.000017
-0.000015
-0.000014
-0.000017
-0.000016
-0.000014
-0.000015
-0.000017
-0.000013
-0.000016
-0.000014
-0.000016
-0.000010
-0.000012
-0.000038
-0.000056
-0.000012
0.000101
-0.000009
-0.000021
-0.000022
-0.000021
-0.000025
-0.000024
-0.000023
-0.000027
-0.000025
-0.000023
-0.000027
-0.000026
-0.000030
-0.000031
-0.000036
-0.000037
-0.000034
-0.000030
-0.000028
-0.000033
-0.000028
-0.000028
-0.000026
-0.000031
-0.000035
-0.000033
-0.000027
-0.000029
-0.000033
-0.000033
-0.000034
-0.000030
-0.000027
-0.000023
-0.000027
-0.000029
-0.000029
-0.000028
-0.000031
-0.000027
-0.000026
-0.000027
-0.000024
-0.000022
-0.000021
-0.000021
-0.000016
-0.000017
-0.000015
-0.000014
-0.000015
-0.000016
-0.000016
-0.000017
-0.000013
-0.000018
-0.000016
-0.000013
-0.000015
-0.000014
-0.000014
-0.000015
-0.000015
-0.000017
-0.000014
-0.000015
-0.000012
-0.000013
-0.000014
-0.000011
-0.000027
-0.000021
-0.000039
-0.000010
-0.000018
-0.000021
-0.000021
-0.000025
-0.000024
-0.000026
-0.000025
-0.000021
-0.000028
-0.000024
-0.000025
-0.000028
-0.000034
-0.000034
-0.000031
-0.000029
-0.000029
-0.000025
-0.000034
-0.000030
-0.000028
-0.000028
-0.000032
-0.000035
-0.000033
-0.000031
-0.000029
-0.000029
-0.000031
-0.000031
-0.000030
-0.000029
-0.000024
-0.000027
-0.000029
-0.000028
-0.000027
-0.000028
-0.000028
-0.000027
-0.000030
-0.000033
-0.000017
-0.000021
-0.000027
-0.000019
-0.000013
-0.000013
-0.000014
-0.000015
-0.000015
-0.000015
-0.000016
-0.000016
-0.000014
-0.000014
-0.000014
-0.000013
-0.000014
-0.000016
-0.000014
-0.000015
-0.000011
-0.000010
-0.000012
-0.000012
0.000003
-0.000014
-0.000014
-0.000015
-0.000021
-0.000026
-0.000018
-0.000019
-0.000019
-0.000025
-0.000026
-0.000023
-0.000020
-0.000024
-0.000026
-0.000025
-0.000025
-0.000026
-0.000028
-0.000029
-0.000032
-0.000034
-0.000034
-0.000029
-0.000026
-0.000030
-0.000030
-0.000034
-0.000033
-0.000035
-0.000029
-0.000031
-0.000029
-0.000029
-0.000022
-0.000027
-0.000029
-0.000022
-0.000026
-0.000026
-0.000027
-0.000026
-0.000026
-0.000028
-0.000025
-0.000033
-0.000028
-0.000027
-0.000030
-0.000018
-0.000026
-0.000021
-0.000016
-0.000013
-0.000015
-0.000014
-0.000013
-0.000014
-0.000013
-0.000014
-0.000015
-0.000014
-0.000014
-0.000013
-0.000013
-0.000014
-0.000013
-0.000013
-0.000015
-0.000011
-0.000011
-0.000012
-0.000017
-0.000064
-0.000012
-0.000009
-0.000016
-0.000027
-0.000086
-0.000039
-0.000024
-0.000020
-0.000024
-0.000025
-0.000024
-0.000025
-0.000023
-0.000020
-0.000026
-0.000027
-0.000027
-0.000029
-0.000031
-0.000035
-0.000032
-0.000031
-0.000029
-0.000029
-0.000028
-0.000028
-0.000029
-0.000029
-0.000025
-0.000032
-0.000026
-0.000026
-0.000027
-0.000026
-0.000027
-0.000021
-0.000026
-0.000024
-0.000025
-0.000028
-0.000027
-0.000026
-0.000028
-0.000030
-0.000030
-0.000029
-0.000031
-0.002169
-0.000015
-0.000019
-0.000023
-0.000016
-0.000012
-0.000012
-0.000014
-0.000014
-0.000014
-0.000014
-0.000014
-0.000012
-0.000012
-0.000012
-0.000013
-0.000010
-0.000013
-0.000015
-0.000012
-0.000013
-0.000011
-0.000014
-0.000011
-0.000009
-0.000008
-0.000010
-0.000012
-0.000040
-0.000003
-0.000188
-0.000041
-0.000019
-0.000023
-0.000024
-0.000025
-0.000028
-0.000024
-0.000022
-0.000026
-0.000024
-0.000028
-0.000028
-0.000028
-0.000030
-0.000030
-0.000029
-0.000029
-0.000030
-0.000029
-0.000029
-0.000023
-0.000027
-0.000025
-0.000024
-0.000032
-0.000015
-0.000023
-0.000022
-0.000020
-0.000023
-0.000024
-0.000027
-0.000027
-0.000026
-0.000029
-0.000030
-0.000028
-0.000028
-0.000030
-0.000033
-0.000031
-0.000029
-0.000027
-0.000019
-0.000020
-0.000019
-0.000013
-0.000012
-0.000011
-0.000011
-0.000014
-0.000014
-0.000014
-0.000011
-0.000009
-0.000011
-0.000012
-0.000010
-0.000011
-0.000011
-0.000013
-0.000011
-0.000011
-0.000012
-0.000014
-0.000011
-0.000010
-0.000011
-0.000010
-0.000009
-0.000019
-0.000044
-0.000023
-0.000022
-0.000020
-0.000023
-0.000021
-0.000021
-0.000023
-0.000024
-0.000024
-0.000022
-0.000022
-0.000028
-0.000032
-0.000028
-0.000029
-0.000029
-0.000031
-0.000031
-0.000031
-0.000029
-0.000028
-0.000027
-0.000026
-0.000025
-0.000024
-0.000017
-0.000021
-0.000023
-0.000027
-0.000023
-0.000023
-0.000026
-0.000026
-0.000026
-0.000026
-0.000029
-0.000029
-0.000030
-0.000030
-0.000032
-0.000029
-0.000030
-0.000031
-0.000031
-0.000018
-0.000021
-0.000019
-0.000020
-0.000015
-0.000012
-0.000014
-0.000015
-0.000015
-0.000011
-0.000012
-0.000012
-0.000009
-0.000010
-0.000010
-0.000009
-0.000013
-0.000017
-0.000014
-0.000013
-0.000014
-0.000013
-0.000011
-0.000011
-0.000011
-0.000010
-0.000012
-0.000015
-0.000016
-0.000017
-0.000020
-0.000021
-0.000021
-0.000022
-0.000022
-0.000022
-0.000023
-0.000024
-0.000025
-0.000024
-0.000029
-0.000030
-0.000034
-0.000029
-0.000031
-0.000030
-0.000027
-0.000030
-0.000033
-0.000029
-0.000027
-0.000026
-0.000026
-0.000024
-0.000020
-0.000022
-0.000024
-0.000027
-0.000026
-0.000025
-0.000027
-0.000028
-0.000030
-0.000029
-0.000030
-0.000029
-0.000031
-0.000031
-0.000027
-0.000027
-0.000030
-0.000031
-0.000026
-0.000020
-0.000020
-0.000023
-0.000020
-0.000019
-0.000015
-0.000019
-0.000016
-0.000015
-0.000011
-0.000010
-0.000011
-0.000012
-0.000010
-0.000012
-0.000011
-0.000012
-0.000015
-0.000014
-0.000014
-0.000011
-0.000012
-0.000012
-0.000011
-0.000012
-0.000012
-0.000011
-0.000015
-0.000013
-0.000016
-0.000015
-0.000020
-0.000017
-0.000023
-0.000025
-0.000020
-0.000025
-0.000024
-0.000026
-0.000022
-0.000029
-0.000027
-0.000031
-0.000031
-0.000031
-0.000030
-0.000034
-0.000030
-0.000033
-0.000028
-0.000028
-0.000028
-0.000025
-0.000022
-0.000021
-0.000022
-0.000024
-0.000031
-0.000027
-0.000028
-0.000029
-0.000027
-0.000029
-0.000029
-0.000028
-0.000030
-0.000029
-0.000028
-0.000003
-0.000030
-0.000030
-0.000032
0.001326
-0.000018
-0.000024
-0.000023
-0.000021
-0.000020
-0.000018
-0.000014
-0.000011
-0.000016
-0.000011
-0.000010
-0.000012
-0.000013
-0.000012
-0.000011
-0.000012
-0.000011
-0.000011
-0.000011
-0.000011
-0.000011
-0.000011
-0.000011
-0.000013
-0.000011
-0.000011
-0.000013
-0.000013
-0.000013
-0.000015
-0.000017
-0.000020
-0.000022
-0.000023
-0.000024
-0.000019
-0.000024
-0.000024
-0.000021
-0.000025
-0.000027
-0.000024
-0.000029
-0.000034
-0.000032
-0.000029
-0.000030
-0.000030
-0.000029
-0.000024
-0.000025
-0.000025
-0.000025
-0.000024
-0.000025
-0.000024
-0.000024
-0.000028
-0.000027
-0.000028
-0.000032
-0.000029
-0.000031
-0.000026
-0.000030
-0.000029
-0.000029
-0.000028
-0.000033
-0.000033
-0.000034
-0.000034
-0.000018
-0.000023
-0.000022
-0.000020
-0.000022
-0.000024
-0.000018
-0.000019
-0.000016
-0.000013
-0.000014
-0.000012
-0.000012
-0.000013
-0.000012
-0.000014
-0.000008
-0.000010
-0.000010
-0.000012
-0.000010
-0.000011
-0.000010
-0.000010
-0.000012
-0.000009
-0.000008
-0.000010
-0.000012
-0.000012
-0.000014
-0.000016
-0.000017
-0.000020
-0.000021
-0.000023
-0.000021
-0.000020
-0.000025
-0.000023
-0.000024
-0.000028
-0.000025
-0.000031
-0.000031
-0.000030
-0.000032
-0.000033
-0.000029
-0.000026
-0.000024
-0.000023
-0.000022
-0.000021
-0.000028
-0.000029
-0.000025
-0.000027
-0.000027
-0.000027
-0.000027
-0.000034
-0.000031
-0.000030
-0.000029
-0.000028
-0.000021
-0.000028
-0.000035
-0.000035
-0.000034
-0.000035
-0.000030
-0.000037
-0.000021
-0.000026
-0.000022
-0.000025
-0.000024
-0.000019
-0.000018
-0.000013
-0.000015
-0.000015
-0.000012
-0.000013
-0.000014
-0.000013
-0.000013
-0.000010
-0.000011
-0.000011
-0.000012
-0.000011
-0.000011
-0.000010
-0.000009
-0.000009
-0.000009
-0.000006
-0.000008
-0.000010
-0.000010
-0.000013
-0.000015
-0.000015
-0.000015
-0.000020
-0.000020
-0.000019
-0.000020
-0.000023
-0.000024
-0.000026
-0.000026
-0.000028
-0.000025
-0.000027
-0.000033
-0.000031
-0.000033
-0.000030
-0.000030
-0.000027
-0.000025
-0.000023
-0.000020
-0.000026
-0.000030
-0.000029
-0.000027
-0.000028
-0.000028
-0.000029
-0.000026
-0.000030
-0.000029
-0.000030
-0.000029
-0.000030
-0.000034
-0.000035
-0.000036
-0.000035
-0.000031
-0.000036
-0.000038
-0.000025
-0.000023
-0.000022
-0.000027
-0.000023
-0.000018
-0.000016
-0.000019
-0.000017
-0.000015
-0.000011
-0.000014
-0.000012
-0.000012
-0.000014
-0.000010
-0.000010
-0.000011
-0.000010
-0.000011
-0.000011
-0.000008
-0.000007
-0.000006
-0.000004
-0.000006
-0.000012
-0.000010
-0.000010
-0.000013
-0.000015
-0.000016
-0.000017
-0.000018
-0.000024
-0.000021
-0.000022
-0.000019
-0.000024
-0.000025
-0.000025
-0.000029
-0.000025
-0.000029
-0.000028
-0.000030
-0.000034
-0.000029
-0.000030
-0.000030
-0.000027
-0.000021
-0.000026
-0.000023
-0.000028
-0.000028
-0.000028
-0.000029
-0.000029
-0.000025
-0.000026
-0.000029
-0.000032
-0.000029
-0.000033
-0.000034
-0.000035
-0.000033
-0.000035
-0.000037
-0.000035
-0.000036
0.000725
-0.000024
-0.000024
-0.000025
-0.000027
-0.000022
-0.000019
-0.000015
-0.000013
-0.000014
-0.000015
-0.000015
-0.000013
-0.000012
-0.000012
-0.000012
-0.000010
-0.000011
-0.000013
-0.000011
-0.000008
-0.000010
-0.000009
-0.000004
-0.000004
-0.000008
-0.000016
-0.000131
0.000007
0.000007
-0.000002
-0.000005
-0.000014
-0.000017
-0.000034
-0.000024
-0.000021
-0.000021
-0.000020
-0.000025
-0.000024
-0.000025
-0.000027
-0.000027
-0.000030
-0.000033
-0.000039
-0.000039
-0.000034
-0.000029
-0.000026
-0.000023
-0.000024
-0.000026
-0.000025
-0.000026
-0.000026
-0.000026
-0.000027
-0.000028
-0.000026
-0.000028
-0.000031
-0.000035
-0.000035
-0.000034
-0.000034
-0.000026
-0.000030
-0.000035
-0.000035
-0.000037
-0.000038
-0.000038
-0.000024
-0.000027
-0.000027
-0.000026
-0.000023
-0.000020
-0.000019
-0.000010
-0.000016
-0.000017
-0.000017
-0.000014
-0.000009
-0.000008
-0.000009
-0.000012
-0.000012
-0.000008
-0.000010
-0.000008
-0.000008
-0.000023
-0.000001
-0.000077
-0.000164
-0.000043
0.000061
0.000977
0.000870
0.000451
0.000277
0.000056
-0.000060
-0.000652
-0.000081
-0.000025
-0.000025
-0.000023
-0.000023
-0.000021
-0.000027
-0.000025
-0.000031
-0.000032
-0.000036
-0.000035
-0.000031
-0.000033
-0.000030
-0.000026
-0.000025
-0.000026
-0.000027
-0.000027
-0.000025
-0.000025
-0.000027
-0.000026
-0.000025
-0.000029
-0.000027
-0.000034
-0.000034
-0.000033
-0.000031
-0.000142
-0.000038
-0.000033
-0.000029
-0.000035
-0.000036
-0.000039
-0.000035
-0.000027
-0.000028
-0.000028
-0.000025
-0.000022
-0.000019
-0.000017
-0.000015
-0.000015
-0.000021
-0.000019
-0.000018
-0.000012
-0.000013
-0.000011
-0.000011
-0.000013
-0.000009
-0.000010
-0.000006
0.000011
0.000039
0.000588
-0.001195
-0.001010
-0.001085
-0.000030
-0.000284
0.000118
-0.000358
-0.000650
-0.001095
-0.000555
-0.000096
-0.000022
-0.000019
-0.000019
-0.000024
-0.000022
-0.000023
-0.000019
-0.000024
-0.000025
-0.000031
-0.000031
-0.000029
-0.000024
-0.000033
-0.000032
-0.000027
-0.000023
-0.000026
-0.000027
-0.000025
-0.000026
-0.000025
-0.000027
-0.000029
-0.000030
-0.000031
-0.000031
-0.000035
-0.000029
-0.000020
-0.000021
-0.000024
-0.000032
-0.000034
-0.000034
-0.000035
-0.000036
-0.000039
-0.000040
-0.000028
-0.000028
-0.000029
-0.000025
-0.000020
-0.000018
-0.000018
-0.000022
-0.000016
-0.000019
-0.000017
-0.000014
-0.000013
-0.000013
-0.000015
-0.000014
-0.000008
-0.000055
-0.000089
0.000015
0.000135
0.000078
-0.000035
-0.000829
-0.002292
-0.003099
-0.000982
-0.000764
-0.001003
-0.000126
-0.000099
-0.000682
-0.001054
-0.000136
-0.000071
0.000044
0.000015
-0.000016
-0.000022
-0.000025
-0.000020
-0.000022
-0.000026
-0.000025
-0.000023
-0.000028
-0.000030
-0.000029
-0.000030
-0.000029
-0.000026
-0.000025
-0.000026
-0.000026
-0.000024
-0.000026
-0.000026
-0.000028
-0.000028
-0.000032
-0.000033
-0.000029
-0.000032
-0.000034
-0.000031
-0.000034
-0.000039
-0.000035
-0.000036
-0.000035
-0.000038
-0.000039
-0.001100
-0.000028
-0.000031
-0.000026
-0.000024
-0.000028
-0.000021
-0.000021
-0.000020
-0.000017
-0.000016
-0.000015
-0.000015
-0.000012
-0.000013
-0.000009
0.000001
0.000029
-0.000408
-0.000100
-0.000081
-0.000020
-0.000220
-0.000136
-0.001031
-0.003195
-0.005014
-0.002320
-0.000030
-0.000115
-0.000077
-0.000007
-0.000034
-0.000418
-0.000054
0.000363
-0.000117
-0.000071
0.000091
-0.000009
-0.000022
-0.000026
-0.000025
-0.000026
-0.000026
-0.000022
-0.000028
-0.000028
-0.000028
-0.000031
-0.000029
-0.000023
-0.000027
-0.000026
-0.000026
-0.000026
-0.000027
-0.000026
-0.000031
-0.000033
-0.000033
-0.000034
-0.000034
-0.000034
-0.000034
-0.000032
-0.000038
-0.000035
-0.000033
-0.000037
-0.000038
-0.000040
-0.000036
-0.000037
-0.000033
-0.000033
-0.000029
-0.000025
-0.000026
-0.000028
-0.000023
-0.000019
-0.000014
-0.000019
-0.000017
-0.000015
-0.000016
0.000001
-0.000003
0.000170
0.000104
-0.000808
-0.000286
-0.000378
-0.000349
-0.000055
-0.000522
-0.001993
-0.001637
-0.003422
-0.001163
-0.000103
-0.000426
-0.000473
-0.000092
-0.000350
-0.000194
0.000507
0.000342
0.000367
-0.001327
-0.000003
0.000062
-0.000008
-0.000026
-0.000024
-0.000024
-0.000026
-0.000027
-0.000026
-0.000028
-0.000030
-0.000030
-0.000028
-0.000026
-0.000027
-0.000029
-0.000029
-0.000028
-0.000029
-0.000032
-0.000034
-0.000034
-0.000036
-0.000036
-0.000037
-0.000033
-0.000037
-0.000036
-0.000038
-0.000035
-0.000034
-0.000042
-0.000038
-0.000033
-0.000035
-0.000030
-0.000031
-0.000030
-0.000024
-0.000024
-0.000023
-0.000026
-0.000024
-0.000017
-0.000018
-0.000017
-0.000014
-0.000016
-0.000000
-0.000024
-0.000013
0.000293
0.000707
-0.000118
-0.000847
-0.000923
-0.000301
-0.000055
-0.000107
-0.000748
-0.001405
-0.000506
-0.000427
-0.001619
-0.000269
-0.000260
0.000050
-0.000412
-0.000052
-0.000262
0.001301
0.000829
0.000477
-0.000454
0.000058
0.000149
-0.000007
-0.000029
-0.000028
-0.000026
-0.000026
-0.000028
-0.000030
-0.000028
-0.000029
-0.000030
-0.000028
-0.000025
-0.000026
-0.000029
-0.000031
-0.000032
-0.000033
-0.000036
-0.000037
-0.000039
-0.000036
-0.000031
-0.000039
-0.000041
-0.000033
-0.000038
-0.000044
-0.000041
-0.000037
-0.000039
-0.000030
-0.000039
-0.000032
-0.000026
-0.000026
-0.000017
-0.000023
-0.000023
-0.000024
-0.000023
-0.000020
-0.000019
-0.000016
-0.000014
-0.000004
-0.000031
-0.000031
-0.000031
0.000280
0.000350
-0.000527
-0.000334
-0.000476
-0.000053
-0.000053
-0.000048
-0.000176
-0.000468
-0.000395
-0.000362
-0.000699
-0.000240
-0.000118
-0.000135
0.000028
-0.000453
0.000632
0.001463
-0.000958
0.000342
0.000496
-0.000244
0.000333
-0.000027
-0.000035
-0.000027
-0.000028
-0.000025
-0.000022
-0.000028
-0.000031
-0.000031
-0.000030
-0.000027
-0.000026
-0.000027
-0.000031
-0.000032
-0.000031
-0.000034
-0.000035
-0.000036
-0.000038
-0.000033
-0.000037
-0.000037
-0.000035
-0.000038
-0.000039
-0.000033
-0.000037
-0.000045
-0.000043
-0.000032
-0.000043
-0.000596
-0.000029
-0.000026
-0.000020
-0.000027
-0.000024
-0.000022
-0.000021
-0.000017
-0.000017
-0.000015
-0.000014
-0.000024
-0.000025
-0.000031
-0.000015
0.000399
-0.000116
-0.000262
-0.000213
-0.000508
-0.000042
-0.000016
0.000066
-0.000095
-0.000538
-0.000251
-0.000246
-0.000659
-0.000845
0.000030
-0.000314
-0.000551
-0.000456
-0.000779
-0.000960
-0.002568
0.000351
0.000787
0.000025
0.000312
-0.000071
-0.000005
0.000005
-0.000004
-0.000028
-0.000024
-0.000029
-0.000031
-0.000031
-0.000031
-0.000028
-0.000028
-0.000029
-0.000030
-0.000032
-0.000032
-0.000036
-0.000039
-0.000039
-0.000037
-0.000039
-0.000022
-0.000032
-0.000033
-0.000039
-0.000031
-0.000033
-0.000044
-0.000044
-0.000038
-0.000031
-0.000039
-0.000035
-0.000027
-0.000027
-0.000027
-0.000025
-0.000023
-0.000022
-0.000023
-0.000017
-0.000019
-0.000020
-0.000018
-0.000026
-0.000027
-0.000030
-0.000012
0.000525
0.000751
-0.000636
-0.000384
-0.000490
-0.000277
0.000059
-0.000282
-0.000427
-0.000857
-0.001628
-0.000662
-0.000244
0.000061
0.000047
-0.000087
0.000359
-0.000884
-0.001401
0.002089
0.004100
0.003334
0.001803
0.000555
0.000211
0.000161
0.000009
0.000043
0.000312
-0.000003
-0.000027
-0.000028
-0.000030
-0.000031
-0.000030
-0.000031
-0.000030
-0.000031
-0.000035
-0.000027
-0.000033
-0.000036
-0.000039
-0.000038
-0.000040
-0.000037
-0.000034
-0.000029
-0.000033
-0.000026
-0.000028
-0.000044
-0.000046
-0.000048
-0.000044
-0.000033
-0.000034
-0.000039
-0.000029
-0.000025
-0.000021
-0.000024
-0.000020
-0.000019
-0.000025
-0.000022
-0.000021
-0.000021
-0.000022
-0.000020
-0.000025
-0.000028
-0.000020
0.000135
-0.000144
-0.000236
-0.000907
-0.001232
0.002789
0.000233
-0.000294
-0.000589
-0.001554
-0.002105
-0.000677
-0.000035
0.001104
0.003514
0.001201
0.000854
0.000705
0.000289
0.001413
0.003885
0.000792
0.001101
0.000868
0.000245
0.000678
0.000238
-0.000167
0.000157
0.000096
-0.000009
-0.000025
-0.000029
-0.000030
-0.000030
-0.000031
-0.000033
-0.000030
-0.000060
-0.000038
-0.000038
-0.000038
-0.000034
-0.000038
-0.000043
-0.000034
-0.000020
-0.000021
-0.000027
-0.000032
-0.000040
-0.000043
-0.000053
-0.000046
-0.000041
-0.000040
-0.000043
-0.000038
-0.000028
-0.000029
-0.000025
-0.000019
-0.000021
-0.000020
-0.000024
-0.000022
-0.000020
-0.000021
-0.000020
-0.000024
-0.000022
-0.000025
-0.000028
-0.000000
0.000348
-0.000218
-0.000981
-0.000093
0.007033
0.008125
0.003569
0.000144
-0.000172
-0.000120
-0.000148
-0.000179
-0.000064
0.001518
0.001305
0.001746
0.004598
0.003228
0.001979
0.000344
-0.000075
0.000190
0.000766
0.000502
-0.000001
0.000222
-0.001135
-0.000477
0.000198
0.000074
0.000014
-0.000008
-0.000030
-0.000031
-0.000031
-0.000030
-0.000026
-0.000026
-0.000037
-0.000040
-0.000038
-0.000039
-0.000038
-0.000033
-0.000030
-0.000021
-0.000033
-0.000033
-0.000035
-0.000032
-0.000051
-0.000044
-0.000049
-0.000054
-0.000050
-0.000047
-0.000047
-0.000031
-0.000030
-0.000024
-0.000025
-0.000021
-0.000021
-0.000020
-0.000021
-0.000021
-0.000020
-0.000018
-0.000018
-0.000022
-0.000023
-0.000028
-0.000002
-0.000009
-0.000049
-0.000180
-0.000131
0.001780
0.001625
0.002046
0.001971
0.000713
0.000177
-0.000298
-0.000826
-0.000690
-0.000104
-0.000018
0.000456
0.001255
0.002891
-0.000070
-0.000636
-0.001232
-0.000576
-0.000303
-0.000330
-0.000298
-0.001079
-0.001689
-0.001947
0.000169
0.000057
-0.000041
0.000056
0.000052
-0.000032
-0.000033
-0.000027
-0.000032
-0.000037
-0.000038
-0.000036
-0.000038
-0.000039
-0.000038
-0.000034
-0.000033
-0.000035
-0.000044
-0.000024
-0.000047
-0.000045
-0.000039
-0.000051
-0.000055
-0.000054
-0.000054
-0.000054
-0.000077
-0.000031
-0.000034
-0.000029
-0.000027
-0.000021
-0.000020
-0.000016
-0.000023
-0.000022
-0.000023
-0.000019
-0.000018
-0.000021
-0.000020
-0.000019
-0.000016
-0.000019
-0.000019
-0.000010
0.000052
0.000088
0.000750
0.001015
0.001956
0.001118
0.000132
-0.000244
-0.000906
-0.001696
-0.000925
-0.003161
-0.010816
-0.004704
-0.000062
0.000009
-0.000229
-0.001251
0.001532
0.004320
-0.000798
0.000343
0.004951
-0.000219
-0.000581
-0.000327
-0.000145
-0.000112
-0.000148
0.000572
0.000176
-0.000031
-0.000034
-0.000038
-0.000039
-0.000038
-0.000039
-0.000044
-0.000045
-0.000042
-0.000037
-0.000038
-0.000034
-0.000042
-0.000069
-0.000047
-0.000045
-0.000044
-0.000061
-0.000080
-0.000056
-0.000061
-0.000063
-0.000057
-0.000032
-0.000032
-0.000028
-0.000026
-0.000021
-0.000019
-0.000017
-0.000020
-0.000020
-0.000021
-0.000016
-0.000018
-0.000018
-0.000020
-0.000019
-0.000021
-0.000018
-0.000018
-0.000017
-0.000016
0.000015
0.000338
0.000529
0.000430
0.001695
-0.000067
0.000199
-0.002007
-0.001006
-0.007644
-0.014213
-0.013730
-0.008359
-0.003533
-0.000784
-0.000365
-0.000266
0.005204
0.003376
0.001034
0.004685
0.003227
0.001291
0.000340
-0.000294
-0.000228
-0.000188
-0.000411
-0.000277
0.002036
0.000151
-0.000038
-0.000034
-0.000036
-0.000042
-0.000039
-0.000044
-0.000044
-0.000041
-0.000043
-0.000040
-0.000043
-0.000101
-0.000154
-0.000075
-0.000059
-0.000075
-0.000163
-0.000097
-0.000060
-0.000061
-0.000054
-0.000046
-0.000031
-0.000031
-0.000028
-0.000031
-0.000028
-0.000023
-0.000015
-0.000019
-0.000019
-0.000016
-0.000017
-0.000017
-0.000014
-0.000014
-0.000014
-0.000013
-0.000013
-0.000019
-0.000024
0.000009
0.000254
0.000982
0.000781
0.001260
0.000008
-0.001402
0.000042
-0.001245
-0.003931
-0.009209
-0.018286
-0.017021
-0.008446
-0.002143
-0.000876
-0.000600
-0.000417
0.000193
-0.001630
0.003985
0.007579
0.002371
0.000391
-0.000420
-0.000852
0.001999
0.001278
-0.000062
0.000050
0.002244
0.000640
-0.000132
-0.000038
-0.000041
-0.000057
-0.000043
-0.000040
-0.000042
-0.000041
-0.000042
-0.000040
-0.000086
-0.000057
-0.000054
-0.000065
-0.000064
-0.000131
-0.000139
-0.000058
-0.000046
-0.000059
-0.000056
-0.000058
-0.000032
-0.000033
-0.000034
-0.000033
-0.000032
-0.000027
-0.000019
-0.000016
-0.000017
-0.000019
-0.000015
-0.000014
-0.000012
-0.000006
-0.000007
-0.000011
-0.000016
0.000029
0.000231
0.000512
0.000849
0.000934
0.000700
0.000227
0.000051
-0.001924
-0.001527
0.000811
-0.003841
-0.010210
-0.022888
-0.025528
-0.013916
-0.003783
-0.001055
-0.000719
-0.000655
-0.000601
-0.000552
-0.001641
-0.003705
-0.001017
0.000465
-0.000622
0.000093
0.008040
0.004033
-0.000209
0.000394
-0.001500
-0.004813
-0.005502
0.000081
-0.000043
-0.000035
-0.000032
-0.000049
-0.000052
-0.000049
-0.000038
-0.000055
-0.000057
-0.000056
-0.000055
-0.000048
-0.000051
-0.000048
-0.000051
-0.000051
-0.000060
-0.000062
-0.000061
-0.000056
-0.000035
-0.000043
-0.000041
-0.000033
-0.000030
-0.000028
-0.000019
-0.000016
-0.000016
-0.000015
-0.000017
-0.000014
-0.000010
-0.000006
-0.000006
-0.000009
0.000038
0.000501
0.000407
0.000455
0.000555
0.000938
0.000122
-0.000664
-0.000760
-0.002213
-0.001850
0.001171
-0.000571
-0.010526
-0.024309
-0.025636
-0.017284
-0.005141
-0.001304
-0.000917
-0.000680
-0.000715
0.000001
0.000430
0.000047
0.000453
0.000337
0.000462
0.002208
0.005030
-0.000061
-0.001261
-0.002104
-0.006541
-0.009799
-0.003403
-0.001890
0.000057
-0.000247
-0.000045
-0.000046
-0.000050
-0.000049
-0.000049
-0.000042
-0.000050
-0.000051
-0.000048
-0.000044
-0.000041
-0.000047
-0.000059
-0.000057
-0.000060
-0.000057
-0.000055
-0.000047
-0.000036
-0.000035
-0.000040
-0.000038
-0.000032
-0.000025
-0.000021
-0.000021
-0.000014
-0.000013
-0.000012
-0.000015
-0.000011
-0.000015
-0.000025
0.000051
0.000496
0.000345
0.000397
0.000386
0.000390
0.000621
0.000400
-0.000413
-0.001383
-0.001930
-0.002216
-0.000332
-0.004813
-0.015491
-0.025636
-0.028080
-0.016797
-0.005870
-0.001798
-0.000972
-0.000937
-0.000860
-0.000571
-0.000007
0.000161
0.000231
0.000384
0.000240
0.000573
0.000649
0.001445
-0.000539
-0.002975
-0.006158
-0.002252
-0.001096
-0.001012
-0.001653
-0.003958
-0.000228
-0.000043
-0.000048
-0.000047
-0.000048
-0.000043
-0.000041
-0.000043
-0.000051
-0.000047
-0.000045
-0.000046
-0.000050
-0.000054
-0.000054
-0.000050
-0.000051
-0.000051
-0.000029
-0.000028
-0.000041
-0.000040
-0.000029
-0.000025
-0.000025
-0.000026
-0.000017
-0.000011
-0.000011
-0.000015
-0.000014
0.000171
0.000206
0.000565
0.000505
0.000561
0.000529
0.000454
0.000473
0.000609
0.000755
0.000025
-0.001422
-0.001458
-0.002952
-0.000460
-0.001122
-0.007963
-0.021397
-0.030022
-0.018967
-0.006890
-0.002831
-0.001282
-0.000848
-0.000820
-0.000542
-0.000423
-0.000157
0.000166
0.000159
0.000143
0.001522
0.001860
-0.000271
0.001602
-0.002152
-0.000902
-0.000247
-0.000410
-0.005330
-0.008090
-0.013511
-0.009150
0.000137
-0.000865
-0.000037
-0.000040
-0.000043
-0.000043
-0.000045
-0.000051
-0.000054
-0.000053
-0.000053
-0.000055
-0.000057
-0.000055
-0.000051
-0.000054
-0.000051
-0.000034
-0.000033
-0.000040
-0.000047
-0.000032
-0.000041
-0.000038
-0.000030
-0.000012
-0.000010
-0.000011
0.000083
0.000058
0.000608
0.000436
0.000432
0.000487
0.000524
0.000465
0.000334
0.000343
0.000393
0.000615
0.000009
-0.002746
-0.001973
-0.003202
-0.000041
0.001295
-0.002512
-0.014834
-0.025974
-0.015998
-0.009637
-0.004685
-0.001269
-0.000781
-0.000719
-0.000369
-0.000333
-0.000145
0.000068
-0.000061
0.000437
0.001568
0.002849
0.003652
-0.000163
0.000454
0.000141
-0.000190
-0.002415
-0.008861
-0.006174
-0.003893
-0.004460
-0.007791
-0.016900
0.000162
0.000017
0.000010
-0.000048
-0.000046
-0.000045
-0.000050
-0.000056
-0.000054
-0.000059
-0.000051
-0.000055
-0.000050
-0.000046
-0.000045
-0.000030
-0.000027
-0.000040
-0.000051
-0.000044
-0.000038
-0.000030
-0.000036
-0.000037
-0.000023
-0.000030
0.000104
0.000502
0.000432
0.000489
0.000466
0.000427
0.000575
0.000564
0.000336
0.000349
0.000124
0.000145
0.000033
-0.000299
-0.000380
-0.000392
-0.000221
0.000122
-0.003014
-0.012013
-0.019942
-0.020231
-0.012313
-0.002973
-0.001015
-0.000722
-0.000587
-0.000228
-0.000299
-0.000370
-0.000476
-0.000318
0.000703
0.001854
0.004349
0.004966
0.002697
0.002277
-0.000632
-0.002073
-0.003881
-0.002298
-0.001937
-0.002334
-0.005482
-0.008076
-0.009185
-0.004418
0.000083
0.000650
0.000026
-0.000004
-0.000040
-0.000043
-0.000045
-0.000055
-0.000054
-0.000046
-0.000050
-0.000054
-0.000049
-0.000052
-0.000028
-0.000025
-0.000038
-0.000047
-0.000045
-0.000037
-0.000033
-0.000030
-0.000038
-0.000039
-0.000039
-0.000040
0.000040
0.000059
0.000066
0.000296
0.000384
0.000141
0.000155
0.000138
0.000061
-0.000064
-0.000060
-0.000054
-0.000057
-0.000060
-0.000062
-0.000078
-0.000080
-0.000353
-0.000077
-0.019129
-0.015583
-0.005878
-0.000980
-0.000485
-0.000558
-0.000520
-0.000303
-0.000221
-0.000385
-0.000354
-0.000101
0.000276
0.001801
0.003664
0.001327
-0.000373
-0.000779
-0.001604
-0.001285
-0.001119
-0.000975
-0.000837
-0.000309
0.000028
-0.002927
-0.001840
0.000307
0.000390
0.000004
-0.000030
-0.000059
0.000003
-0.000017
-0.000028
-0.000049
-0.000049
-0.000047
-0.000047
-0.000058
-0.000056
-0.000049
-0.000031
-0.000033
-0.000038
-0.000039
-0.000033
-0.000035
-0.000034
-0.000044
-0.000049
-0.000047
-0.000049
-0.000028
-0.000028
-0.000031
-0.000049
-0.000044
-0.000040
-0.000053
-0.000058
-0.000057
-0.000058
-0.000060
-0.000053
-0.000055
-0.000054
-0.000057
-0.000056
-0.000061
-0.000049
0.000042
0.000092
-0.001849
-0.002650
-0.001510
-0.000270
-0.000006
-0.000003
-0.000334
-0.000368
-0.000229
-0.000180
-0.000336
0.000000
0.002373
0.001903
0.002597
0.001210
-0.001630
-0.003963
-0.002944
-0.000470
-0.000258
0.000459
0.000818
0.000162
0.000176
0.000438
0.000189
0.000045
-0.000045
-0.000050
-0.000055
-0.000047
-0.000051
-0.000047
-0.000052
-0.000045
-0.000045
-0.000051
-0.000045
-0.000053
-0.000060
-0.000056
-0.000033
-0.000036
-0.000025
-0.000028
-0.000037
-0.000033
-0.000025
-0.000044
-0.000038
-0.000045
-0.000030
-0.000043
-0.000044
-0.000035
-0.000046
-0.000037
-0.000036
-0.000044
-0.000058
-0.000061
-0.000058
-0.000055
-0.000051
-0.000059
-0.000054
-0.000055
-0.000056
-0.000061
-0.000052
-0.000008
0.000464
0.000095
-0.000133
-0.000812
-0.000139
-0.000070
-0.000070
-0.000021
0.000001
-0.000005
-0.000003
-0.000019
-0.000128
0.000533
0.002252
0.000590
0.000401
0.000078
-0.000320
-0.004702
-0.002323
0.000001
0.000182
-0.000003
-0.000046
-0.000039
-0.000007
-0.000033
-0.000041
-0.000048
-0.000064
-0.000054
-0.000057
-0.000063
-0.000057
-0.000051
-0.000045
-0.000049
-0.000051
-0.000047
-0.000058
-0.000054
-0.000054
-0.000040
-0.000036
-0.000030
-0.000037
-0.000029
-0.000031
-0.000051
-0.000055
-0.000053
-0.000047
-0.000047
-0.000029
-0.000046
-0.000049
-0.000052
-0.000043
-0.000042
-0.000047
-0.000055
-0.000051
-0.000055
-0.000053
-0.000055
-0.000061
-0.000055
-0.000060
-0.000059
-0.000060
-0.000061
-0.000059
0.000082
0.000115
-0.000172
-0.000266
-0.000077
-0.000062
-0.000063
-0.000072
-0.000068
-0.000069
-0.000076
-0.000113
-0.000198
-0.000065
0.000421
0.000268
-0.000235
-0.000473
-0.001051
-0.000898
-0.000574
0.000350
-0.000174
-0.000147
-0.000057
-0.000059
-0.000057
-0.000047
-0.000046
-0.000036
-0.000069
-0.000067
-0.000056
-0.000055
-0.000056
-0.000048
-0.000045
-0.000047
-0.000056
-0.000050
-0.000053
-0.000050
-0.000046
-0.000036
-0.000045
-0.000029
-0.000029
-0.000041
-0.000052
-0.000028
0.000033
0.000039
0.000044
0.000033
-0.000052
-0.000056
-0.000046
-0.000049
-0.000043
-0.000048
-0.000044
-0.000053
-0.000051
-0.000055
-0.000055
-0.000058
-0.000063
-0.000072
-0.000057
-0.000062
-0.000061
-0.000063
-0.000064
-0.000136
-0.000101
-0.000064
-0.000062
-0.000065
-0.000072
-0.000074
-0.000068
-0.000065
-0.000062
-0.000068
-0.000083
-0.000113
-0.000068
-0.000068
0.000008
-0.000196
-0.000881
-0.001102
-0.000682
-0.000320
-0.000074
-0.000285
-0.000067
-0.000052
-0.000051
-0.000056
-0.000053
-0.000053
-0.000046
-0.000063
-0.000063
-0.000052
-0.000048
-0.000046
-0.000045
-0.000043
-0.000041
-0.000044
-0.000042
-0.000045
-0.000053
-0.000050
-0.000037
-0.000048
-0.000046
-0.000052
-0.000053
-0.000042
-0.000033
0.000029
0.000039
0.000045
0.000031
0.000014
0.000017
-0.000052
-0.000044
-0.000044
-0.000049
-0.000039
-0.000048
-0.000057
-0.000051
-0.000052
-0.000057
-0.000064
-0.000079
-0.000069
-0.000070
-0.000066
-0.000070
-0.000061
-0.000068
-0.000063
-0.000063
-0.000062
-0.000067
-0.000078
-0.000074
-0.000066
-0.000079
-0.000079
-0.000069
-0.000084
-0.000081
-0.000103
-0.000066
-0.000058
0.000001
-0.000200
-0.000308
-0.000343
-0.000583
-0.000594
-0.000933
-0.000445
-0.000056
-0.000050
-0.000054
-0.000053
-0.000051
-0.000055
-0.000066
-0.000058
-0.000058
-0.000044
-0.000041
-0.000042
-0.000044
-0.000039
-0.000040
-0.000045
-0.000052
-0.000061
-0.000058
-0.000047
-0.000055
-0.000056
-0.000053
-0.000061
-0.000051
-0.000031
0.000030
0.000033
0.000038
0.000031
0.000011
0.000021
0.000030
-0.000043
-0.000041
-0.000041
-0.000050
-0.000054
-0.000065
-0.000067
-0.000066
-0.000065
-0.000069
-0.000080
-0.000077
-0.000076
-0.000073
-0.000069
-0.000071
-0.000063
-0.000084
-0.000075
-0.000078
-0.000086
-0.000084
-0.000075
-0.000077
-0.000085
-0.000086
-0.000079
-0.000084
-0.000102
-0.000088
-0.000068
-0.000063
-0.000075
-0.000139
-0.000154
-0.000278
-0.000589
-0.000890
-0.001825
-0.000682
-0.000109
-0.000070
-0.000058
-0.000051
-0.000055
-0.000051
-0.000053
-0.000056
-0.000056
-0.000051
-0.000045
-0.000049
-0.000042
-0.000043
-0.000044
-0.000051
-0.000047
-0.000055
-0.000061
-0.000041
-0.000034
-0.000029
-0.000043
-0.000051
-0.000041
-0.000024
0.000033
0.000027
0.000027
0.000032
0.000009
0.000020
0.000024
-0.000040
-0.000043
-0.000048
-0.000059
-0.000060
-0.000061
-0.000069
-0.000067
-0.000069
-0.000066
-0.000075
-0.000079
-0.000085
-0.000069
-0.000077
-0.000078
-0.000079
-0.000092
-0.000098
-0.000083
-0.000071
-0.000072
-0.000076
-0.000072
-0.000072
-0.000074
-0.000078
-0.000086
-0.000092
-0.000073
-0.000076
-0.000077
-0.000087
-0.000095
-0.000101
-0.000125
-0.000126
-0.000098
-0.000111
-0.000097
-0.000086
-0.000066
-0.000058
-0.000049
-0.000054
-0.000050
-0.000047
-0.000055
-0.000067
-0.000046
-0.000047
-0.000038
-0.000039
-0.000045
-0.000052
-0.000055
-0.000057
-0.000067
-0.000065
-0.000007
-0.000015
-0.000014
-0.000012
-0.000028
-0.000034
0.000040
0.000029
0.000030
0.000031
0.000028
0.000019
0.000014
-0.000048
-0.000042
-0.000040
-0.000052
-0.000055
-0.000059
-0.000056
-0.000061
-0.000063
-0.000068
-0.000071
-0.000072
-0.000079
-0.000082
-0.000067
-0.000074
-0.000080
-0.000069
-0.000088
-0.000089
-0.000087
-0.000075
-0.000080
-0.000089
-0.000089
-0.000087
-0.000075
-0.000086
-0.000088
-0.000092
-0.000088
-0.000092
-0.000073
-0.000071
-0.000074
-0.000084
-0.000081
-0.000078
-0.000071
-0.000060
-0.000066
-0.000063
-0.000051
-0.000051
-0.000049
-0.000053
-0.000047
-0.000049
-0.000055
-0.000073
-0.000047
-0.000038
-0.000042
-0.000044
-0.000050
-0.000057
-0.000057
-0.000057
-0.000144
-0.000063
0.000039
0.000046
-0.000001
-0.000011
-0.000030
-0.000017
0.000037
0.000027
0.000032
0.000034
0.000023
-0.000044
-0.000041
-0.000045
-0.000047
-0.000035
-0.000051
-0.000063
-0.000061
-0.000060
-0.000060
-0.000065
-0.000071
-0.000075
-0.000079
-0.000080
-0.000081
-0.000065
-0.000063
-0.000073
-0.000060
-0.000078
-0.000086
-0.000090
-0.000090
-0.000091
-0.000088
-0.000089
-0.000095
-0.000087
-0.000084
-0.000092
-0.000096
-0.000084
-0.000083
-0.000071
-0.000074
-0.000076
-0.000082
-0.000078
-0.000091
-0.000077
-0.000060
-0.000059
-0.000053
-0.000049
-0.000058
-0.000050
-0.000053
-0.000062
-0.000057
-0.000066
-0.000063
-0.000046
-0.000042
-0.000049
-0.000046
-0.000049
-0.000061
-0.000051
-0.000049
-0.000056
-0.000058
0.000041
0.000044
0.000044
0.000044
-0.000011
0.000037
0.000033
0.000022
0.000033
0.000036
-0.000054
-0.000038
-0.000029
-0.000036
-0.000032
-0.000034
-0.000043
-0.000052
-0.000045
-0.000056
-0.000063
-0.000069
-0.000070
-0.000069
-0.000073
-0.000079
-0.000081
-0.000126
-0.000072
-0.000082
-0.000064
-0.000082
-0.000089
-0.000090
-0.000097
-0.000098
-0.000102
-0.000101
-0.000105
-0.000093
-0.000100
-0.000098
-0.000096
-0.000101
-0.000095
-0.000090
-0.000084
-0.000084
-0.000078
-0.000077
-0.000069
-0.000071
-0.000059
-0.000051
-0.000053
-0.000054
-0.000051
-0.000053
-0.000064
-0.000064
-0.000061
-0.000058
-0.000050
-0.000041
-0.000040
-0.000043
-0.000046
-0.000041
-0.000111
-0.000049
-0.000057
-0.000055
-0.000053
