0.000012
0.000003
-0.000019
0.000632
-0.000036
-0.000066
-0.000085
0.000438
-0.000094
-0.000087
-0.000068
-0.000603
-0.000055
-0.000066
-0.000069
-0.000065
-0.000062
-0.000058
-0.000060
-0.000069
-0.000072
-0.000068
-0.000063
-0.000061
-0.000058
-0.000087
-0.000023
-0.000057
0.000023
0.000002
-0.000034
-0.000035
-0.000035
-0.000039
-0.000039
-0.000035
-0.000041
-0.000035
-0.000036
-0.000037
-0.000037
-0.000036
-0.000030
-0.000029
-0.000029
-0.000028
-0.000028
-0.000031
-0.000029
-0.000025
-0.000026
-0.000028
-0.000024
-0.000024
-0.000027
-0.000029
-0.000027
-0.000028
-0.000025
-0.000023
-0.000027
-0.000023
-0.000023
-0.000018
-0.000012
-0.000009
-0.001158
-0.000004
0.000001
0.000003
0.000061
0.000005
0.000195
-0.000083
-0.000080
-0.000077
-0.000076
-0.000085
-0.000087
-0.000092
-0.000084
-0.000078
-0.000083
-0.000070
-0.000071
-0.000071
-0.000064
-0.000067
-0.000058
-0.000055
-0.000049
-0.000054
-0.000054
-0.000063
-0.000052
-0.000046
-0.000048
-0.000058
-0.000084
-0.000126
-0.000272
-0.000026
0.000075
-0.000033
-0.000036
-0.000041
-0.000044
-0.000044
-0.000043
-0.000045
-0.000046
-0.000039
-0.000040
-0.000042
-0.000034
-0.000037
-0.000031
-0.000030
-0.000026
-0.000028
-0.000025
-0.000024
-0.000028
-0.000027
-0.000024
-0.000026
-0.000025
-0.000027
-0.000028
-0.000026
-0.000023
-0.000023
-0.000027
-0.000027
-0.000023
-0.000022
-0.000021
-0.000022
-0.000020
-0.000020
-0.000021
-0.000018
-0.000019
-0.000015
-0.000017
-0.000010
-0.000090
-0.000084
-0.000083
-0.000078
-0.000082
-0.000080
-0.000084
-0.000081
-0.000064
-0.000071
-0.000078
-0.000068
-0.000066
-0.000061
-0.000061
-0.000057
-0.000050
-0.000053
-0.000052
-0.000057
-0.000062
-0.000047
-0.000044
-0.000058
-0.000083
0.000164
-0.000057
-0.000106
-0.000029
0.000147
-0.000021
-0.000040
-0.000038
-0.000044
-0.000043
-0.000044
-0.000042
-0.000043
-0.000042
-0.000041
-0.000039
-0.000036
-0.000034
-0.000031
-0.000029
-0.000026
-0.000024
-0.000024
-0.000023
-0.000024
-0.000027
-0.000025
-0.000024
-0.000025
-0.000030
-0.000027
-0.000023
-0.000024
-0.000025
-0.000024
-0.000024
-0.000025
-0.000024
-0.000020
-0.000018
-0.000021
-0.000021
-0.000020
-0.000021
-0.000019
-0.000018
-0.000020
-0.000014
-0.000077
-0.000091
-0.000074
-0.000078
-0.000078
-0.000080
-0.000088
-0.000075
-0.000056
-0.000077
-0.000080
-0.000076
-0.000063
-0.000058
-0.000061
-0.000056
-0.000054
-0.000055
-0.000057
-0.000047
-0.000054
-0.000063
-0.000058
-0.000053
-0.000081
0.000154
-0.000094
-0.000093
0.000018
0.000043
-0.000033
-0.000042
-0.000041
-0.000045
-0.000049
-0.000047
-0.000042
-0.000045
-0.000040
-0.000037
-0.000037
-0.000036
-0.000031
-0.000029
-0.000030
-0.000026
-0.000027
-0.000023
-0.000023
-0.000024
-0.000025
-0.000027
-0.000025
-0.000028
-0.000026
-0.000027
-0.000026
-0.000024
-0.000024
-0.000021
-0.000021
-0.000021
-0.000024
-0.000020
-0.000019
-0.000022
-0.000024
-0.000021
-0.000019
-0.000020
-0.000021
-0.000016
-0.000020
-0.000088
-0.000087
-0.000080
-0.000082
-0.000080
-0.000080
-0.000079
-0.000066
-0.000065
-0.000070
-0.000076
-0.000083
-0.000059
-0.000062
-0.000063
-0.000052
-0.000054
-0.000052
-0.000052
-0.000047
-0.000050
-0.000056
-0.000055
-0.000052
-0.000067
-0.000187
0.000032
0.000037
-0.000010
-0.000078
-0.000045
-0.000043
-0.000042
-0.000045
-0.000042
-0.000043
-0.000043
-0.000038
-0.000038
-0.000033
-0.000039
-0.000037
-0.000032
-0.000031
-0.000030
-0.000027
-0.000026
-0.000027
-0.000024
-0.000025
-0.000026
-0.000026
-0.000024
-0.000025
-0.000025
-0.000023
-0.000024
-0.000023
-0.000022
-0.000024
-0.000023
-0.000022
-0.000023
-0.000021
-0.000022
-0.000026
-0.000021
-0.000025
-0.000020
-0.000020
-0.000022
-0.000018
-0.002169
-0.000087
-0.000076
-0.000081
-0.000081
-0.000070
-0.000071
-0.000073
-0.000071
-0.000065
-0.000073
-0.000069
-0.000059
-0.000060
-0.000061
-0.000064
-0.000058
-0.000054
-0.000057
-0.000047
-0.000044
-0.000046
-0.000051
-0.000049
-0.000046
-0.000052
-0.000142
-0.000305
-0.000264
-0.000180
-0.000052
-0.000043
-0.000043
-0.000045
-0.000035
-0.000049
-0.000042
-0.000040
-0.000035
-0.000039
-0.000036
-0.000038
-0.000034
-0.000033
-0.000027
-0.000030
-0.000022
-0.000025
-0.000027
-0.000024
-0.000025
-0.000026
-0.000023
-0.000022
-0.000020
-0.000024
-0.000023
-0.000020
-0.000022
-0.000018
-0.000017
-0.000019
-0.000022
-0.000022
-0.000023
-0.000023
-0.000026
-0.000027
-0.000022
-0.000022
-0.000023
-0.000020
-0.000021
-0.000020
-0.000088
-0.000088
-0.000077
-0.000072
-0.000080
-0.000069
-0.000078
-0.000075
-0.000073
-0.000074
-0.000057
-0.000047
-0.000058
-0.000067
-0.000067
-0.000062
-0.000057
-0.000056
-0.000048
-0.000046
-0.000052
-0.000054
-0.000036
-0.000041
-0.000044
-0.000050
-0.000055
-0.000059
-0.000053
-0.000043
-0.000042
-0.000046
-0.000043
-0.000042
-0.000045
-0.000044
-0.000039
-0.000035
-0.000035
-0.000034
-0.000039
-0.000035
-0.000034
-0.000029
-0.000025
-0.000028
-0.000024
-0.000027
-0.000024
-0.000026
-0.000024
-0.000021
-0.000023
-0.000024
-0.000022
-0.000022
-0.000020
-0.000020
-0.000021
-0.000019
-0.000021
-0.000021
-0.000019
-0.000024
-0.000020
-0.000022
-0.000025
-0.000023
-0.000023
-0.000024
-0.000023
-0.000024
-0.000023
-0.000074
-0.000088
-0.000082
-0.000078
-0.000081
-0.000078
-0.000077
-0.000076
-0.000068
-0.000062
-0.000050
-0.000047
-0.000057
-0.000066
-0.000069
-0.000066
-0.000059
-0.000051
-0.000050
-0.000055
-0.000048
-0.000049
-0.000048
-0.000045
-0.000051
-0.000051
-0.000052
-0.000050
-0.000046
-0.000045
-0.000040
-0.000047
-0.000048
-0.000044
-0.000041
-0.000040
-0.000041
-0.000037
-0.000037
-0.000035
-0.000034
-0.000033
-0.000033
-0.000030
-0.000031
-0.000029
-0.000029
-0.000027
-0.000026
-0.000025
-0.000025
-0.000019
-0.000020
-0.000020
-0.000019
-0.000020
-0.000020
-0.000021
-0.000020
-0.000021
-0.000022
-0.000022
-0.000024
-0.000022
-0.000024
-0.000021
-0.000024
-0.000024
-0.000024
-0.000023
-0.000024
-0.000024
-0.000022
-0.000074
-0.000090
-0.000086
-0.000087
-0.000085
-0.000083
-0.000081
-0.000082
-0.000067
-0.000056
-0.000060
-0.000058
-0.000056
-0.000060
-0.000058
-0.000062
-0.000058
-0.000062
-0.000056
-0.000057
-0.000057
-0.000050
-0.000053
-0.000057
-0.000055
-0.000054
-0.000052
-0.000051
-0.000047
-0.000041
-0.000044
-0.000039
-0.000045
-0.000041
-0.000042
-0.000041
-0.000038
-0.000035
-0.000034
-0.000031
-0.000034
-0.000031
-0.000029
-0.000032
-0.000035
-0.000029
-0.000029
-0.000028
-0.000028
-0.000024
-0.000022
-0.000021
-0.000020
-0.000014
-0.000019
-0.000021
-0.000021
-0.000020
-0.000021
-0.000023
-0.000021
-0.000024
-0.000024
-0.000025
-0.000023
-0.000024
-0.000024
-0.000025
-0.000027
-0.000026
-0.000025
-0.000025
0.001326
-0.000084
-0.000091
-0.000081
-0.000079
-0.000080
-0.000084
-0.000087
-0.000078
-0.000070
-0.000065
-0.000054
-0.000051
-0.000061
-0.000055
-0.000058
-0.000058
-0.000058
-0.000058
-0.000053
-0.000056
-0.000053
-0.000047
-0.000055
-0.000058
-0.000056
-0.000053
-0.000055
-0.000054
-0.000051
-0.000047
-0.000044
-0.000044
-0.000049
-0.000044
-0.000037
-0.000040
-0.000037
-0.000036
-0.000038
-0.000030
-0.000030
-0.000032
-0.000031
-0.000030
-0.000026
-0.000029
-0.000026
-0.000022
-0.000025
-0.000021
-0.000021
-0.000017
-0.000018
-0.000019
-0.000021
-0.000019
-0.000021
-0.000019
-0.000019
-0.000019
-0.000020
-0.000024
-0.000026
-0.000025
-0.000026
-0.000026
-0.000026
-0.000026
-0.000027
-0.000028
-0.000026
-0.000024
-0.000022
-0.000092
-0.000078
-0.000081
-0.000080
-0.000074
-0.000075
-0.000083
-0.000075
-0.000069
-0.000069
-0.000059
-0.000056
-0.000063
-0.000059
-0.000064
-0.000068
-0.000068
-0.000058
-0.000056
-0.000056
-0.000059
-0.000058
-0.000054
-0.000053
-0.000052
-0.000051
-0.000051
-0.000054
-0.000053
-0.000050
-0.000043
-0.000041
-0.000044
-0.000036
-0.000033
-0.000037
-0.000039
-0.000037
-0.000039
-0.000038
-0.000031
-0.000028
-0.000028
-0.000029
-0.000022
-0.000027
-0.000030
-0.000033
-0.000026
-0.000027
-0.000019
-0.000018
-0.000018
-0.000020
-0.000021
-0.000020
-0.000022
-0.000016
-0.000020
-0.000021
-0.000025
-0.000022
-0.000025
-0.000024
-0.000023
-0.000024
-0.000026
-0.000026
-0.000026
-0.000028
-0.000028
-0.000026
-0.000024
-0.000091
-0.000100
-0.000091
-0.000085
-0.000081
-0.000077
-0.000072
-0.000072
-0.000071
-0.000069
-0.000070
-0.000062
-0.000058
-0.000057
-0.000061
-0.000062
-0.000065
-0.000068
-0.000057
-0.000048
-0.000052
-0.000061
-0.000059
-0.000047
-0.000045
-0.000049
-0.000051
-0.000046
-0.000049
-0.000048
-0.000045
-0.000041
-0.000039
-0.000038
-0.000037
-0.000033
-0.000041
-0.000039
-0.000040
-0.000032
-0.000032
-0.000034
-0.000032
-0.000029
-0.000022
-0.000024
-0.000031
-0.000030
-0.000026
-0.000022
-0.000019
-0.000020
-0.000020
-0.000022
-0.000019
-0.000017
-0.000021
-0.000023
-0.000026
-0.000023
-0.000023
-0.000024
-0.000027
-0.000022
-0.000024
-0.000026
-0.000028
-0.000027
-0.000032
-0.000027
-0.000028
-0.000026
-0.000026
-0.000081
-0.000080
-0.000066
-0.000069
-0.000073
-0.000084
-0.000074
-0.000073
-0.000072
-0.000063
-0.000070
-0.000063
-0.000056
-0.000072
-0.000071
-0.000063
-0.000052
-0.000061
-0.000058
-0.000052
-0.000049
-0.000057
-0.000055
-0.000050
-0.000042
-0.000039
-0.000051
-0.000046
-0.000047
-0.000047
-0.000043
-0.000039
-0.000036
-0.000036
-0.000038
-0.000036
-0.000034
-0.000040
-0.000036
-0.000036
-0.000035
-0.000033
-0.000028
-0.000025
-0.000021
-0.000021
-0.000029
-0.000031
-0.000025
-0.000019
-0.000018
-0.000020
-0.000018
-0.000018
-0.000021
-0.000022
-0.000022
-0.000024
-0.000029
-0.000025
-0.000024
-0.000026
-0.000027
-0.000028
-0.000026
-0.000027
-0.000030
-0.000029
-0.000031
-0.000027
-0.000029
-0.000029
0.000725
-0.000098
-0.000090
-0.000089
-0.000081
-0.000080
-0.000065
-0.000058
-0.000066
-0.000062
-0.000058
-0.000065
-0.000070
-0.000063
-0.000067
-0.000076
-0.000050
-0.000048
-0.000048
-0.000061
-0.000042
-0.000043
-0.000061
-0.000045
-0.000028
-0.000036
-0.000043
-0.000050
-0.000049
-0.000048
-0.000048
-0.000046
-0.000041
-0.000035
-0.000033
-0.000035
-0.000037
-0.000034
-0.000033
-0.000034
-0.000033
-0.000029
-0.000032
-0.000029
-0.000029
-0.000028
-0.000022
-0.000020
-0.000026
-0.000023
-0.000021
-0.000021
-0.000019
-0.000019
-0.000021
-0.000019
-0.000022
-0.000023
-0.000024
-0.000027
-0.000025
-0.000026
-0.000023
-0.000030
-0.000028
-0.000027
-0.000027
-0.000028
-0.000025
-0.000027
-0.000027
-0.000025
-0.000028
-0.000016
-0.000075
-0.000087
-0.000078
-0.000078
-0.000087
-0.000071
-0.000057
-0.000063
-0.000057
-0.000063
-0.000065
-0.000073
-0.000067
-0.000066
-0.000068
-0.000055
-0.000047
-0.000063
-0.000063
-0.000055
-0.000053
-0.000058
-0.000005
0.000301
0.000154
-0.000031
-0.000062
-0.000054
-0.000050
-0.000049
-0.000045
-0.000042
-0.000034
-0.000035
-0.000033
-0.000037
-0.000034
-0.000029
-0.000031
-0.000035
-0.000025
-0.000028
-0.000026
-0.000026
-0.000028
-0.000020
-0.000017
-0.000027
-0.000023
-0.000020
-0.000021
-0.000019
-0.000019
-0.000020
-0.000018
-0.000021
-0.000023
-0.000025
-0.000027
-0.000023
-0.000021
-0.000024
-0.000030
-0.000028
-0.000026
-0.000029
-0.000030
-0.000033
-0.000028
-0.000027
-0.000025
-0.000025
-0.000023
-0.000054
-0.000082
-0.000092
-0.000076
-0.000070
-0.000068
-0.000060
-0.000061
-0.000078
-0.000076
-0.000080
-0.000066
-0.000064
-0.000064
-0.000050
-0.000046
-0.000054
-0.000055
-0.000049
-0.000057
-0.000058
-0.000106
-0.000303
-0.000451
-0.000521
-0.000758
-0.000465
-0.000080
-0.000067
-0.000156
-0.000050
-0.000039
-0.000033
-0.000029
-0.000031
-0.000033
-0.000030
-0.000029
-0.000030
-0.000028
-0.000024
-0.000019
-0.000020
-0.000022
-0.000024
-0.000020
-0.000025
-0.000027
-0.000026
-0.000021
-0.000017
-0.000021
-0.000021
-0.000019
-0.000019
-0.000020
-0.000024
-0.000024
-0.000024
-0.000025
-0.000026
-0.000027
-0.000024
-0.000026
-0.000028
-0.000029
-0.000028
-0.000027
-0.000028
-0.000024
-0.000024
-0.000027
-0.000027
-0.000032
-0.000047
-0.000067
-0.000076
-0.000066
-0.000063
-0.000070
-0.000071
-0.000075
-0.000074
-0.000076
-0.000071
-0.000063
-0.000061
-0.000064
-0.000063
-0.000018
-0.000011
-0.000011
-0.000126
-0.000233
-0.000268
-0.000087
-0.000416
-0.001198
-0.001495
-0.001417
-0.000561
-0.000105
-0.000056
-0.000046
-0.000033
-0.000027
-0.000028
-0.000030
-0.000029
-0.000048
-0.000028
-0.000028
-0.000028
-0.000026
-0.000021
-0.000021
-0.000023
-0.000017
-0.000019
-0.000024
-0.000022
-0.000017
-0.000020
-0.000017
-0.000018
-0.000019
-0.000018
-0.000019
-0.000023
-0.000023
-0.000021
-0.000022
-0.000025
-0.000026
-0.000026
-0.000027
-0.000028
-0.000028
-0.000029
-0.000027
-0.000027
-0.000024
-0.000023
-0.000024
-0.000031
-0.001100
-0.000091
-0.000054
-0.000063
-0.000093
-0.000054
-0.000076
-0.000069
-0.000059
-0.000068
-0.000063
-0.000079
-0.000063
-0.000077
-0.000069
-0.000010
0.000013
0.000087
0.000022
-0.000055
-0.000479
-0.000733
-0.000164
-0.000114
-0.000284
-0.001449
-0.003029
-0.000666
-0.000643
-0.000017
-0.000041
-0.000037
-0.000033
-0.000021
-0.000012
-0.000101
0.000031
0.000013
0.000062
-0.000024
-0.000030
-0.000026
-0.000022
-0.000021
-0.000021
-0.000025
-0.000020
-0.000024
-0.000025
-0.000023
-0.000020
-0.000017
-0.000018
-0.000019
-0.000020
-0.000021
-0.000020
-0.000022
-0.000024
-0.000025
-0.000026
-0.000028
-0.000027
-0.000028
-0.000025
-0.000027
-0.000029
-0.000025
-0.000025
-0.000021
-0.000023
-0.000029
-0.000031
-0.000022
-0.000088
-0.000077
-0.000076
-0.000095
-0.000078
-0.000095
-0.000078
-0.000064
-0.000059
-0.000054
-0.000077
-0.000073
-0.000063
0.000003
-0.000154
-0.000546
-0.000160
-0.000374
-0.000212
-0.000997
-0.000739
-0.000104
-0.000070
-0.000070
-0.002576
-0.001921
0.000161
0.000093
0.000069
-0.000005
-0.000028
-0.000114
0.000133
0.000450
0.000755
0.000626
0.000086
0.000233
0.000099
-0.000021
-0.000025
-0.000020
-0.000020
-0.000023
-0.000022
-0.000021
-0.000021
-0.000020
-0.000023
-0.000019
-0.000019
-0.000019
-0.000019
-0.000020
-0.000020
-0.000020
-0.000023
-0.000023
-0.000026
-0.000027
-0.000028
-0.000023
-0.000022
-0.000026
-0.000031
-0.000027
-0.000027
-0.000025
-0.000024
-0.000027
-0.000026
-0.000023
-0.000022
-0.000080
-0.000103
-0.000088
-0.000082
-0.000077
-0.000089
-0.000079
-0.000066
-0.000063
-0.000068
-0.000078
-0.000071
0.000002
-0.000083
-0.000334
-0.001488
-0.000446
-0.000723
-0.000545
-0.000233
-0.000116
-0.000053
-0.000041
-0.000059
-0.000581
-0.000067
0.000224
0.000691
0.000580
0.000493
0.000385
0.000496
0.000574
0.001222
0.001910
0.000069
-0.000031
0.000514
0.000225
0.000065
-0.000024
-0.000021
-0.000021
-0.000023
-0.000021
-0.000021
-0.000023
-0.000020
-0.000019
-0.000021
-0.000018
-0.000019
-0.000020
-0.000019
-0.000021
-0.000023
-0.000024
-0.000024
-0.000025
-0.000027
-0.000027
-0.000023
-0.000025
-0.000027
-0.000029
-0.000029
-0.000026
-0.000025
-0.000029
-0.000025
-0.000023
-0.000025
-0.000023
-0.000082
-0.000084
-0.000071
-0.000067
-0.000072
-0.000074
-0.000064
-0.000058
-0.000053
-0.000046
-0.000052
-0.000013
-0.000079
-0.000066
-0.000091
-0.001648
-0.001167
-0.000362
-0.000234
-0.000104
-0.000064
-0.000026
-0.000032
-0.000020
-0.000448
-0.000160
-0.000002
-0.000278
0.001032
0.000287
0.000650
0.001190
0.001351
0.001672
0.001234
-0.001418
-0.000431
0.000335
0.000068
-0.000159
-0.000084
-0.000028
-0.000022
-0.000020
-0.000021
-0.000025
-0.000023
-0.000021
-0.000020
-0.000017
-0.000017
-0.000019
-0.000018
-0.000021
-0.000022
-0.000024
-0.000024
-0.000026
-0.000024
-0.000026
-0.000026
-0.000028
-0.000027
-0.000027
-0.000030
-0.000026
-0.000024
-0.000031
-0.000027
-0.000027
-0.000028
-0.000028
-0.000596
-0.000073
-0.000079
-0.000080
-0.000075
-0.000071
-0.000065
-0.000061
-0.000049
-0.000041
-0.000043
-0.000047
-0.000057
-0.000077
-0.000066
-0.000089
-0.000216
-0.000857
-0.000642
-0.000163
-0.000037
-0.000019
-0.000062
-0.000183
-0.000066
-0.000376
-0.000345
-0.000172
0.000018
0.001424
-0.001033
0.000752
0.000871
0.000444
0.001303
0.001159
0.001154
0.000066
-0.000418
-0.000227
-0.000077
-0.000037
-0.000026
-0.000021
-0.000020
-0.000022
-0.000021
-0.000021
-0.000017
-0.000018
-0.000020
-0.000020
-0.000019
-0.000019
-0.000022
-0.000023
-0.000023
-0.000026
-0.000024
-0.000025
-0.000025
-0.000024
-0.000024
-0.000025
-0.000023
-0.000024
-0.000023
-0.000027
-0.000029
-0.000025
-0.000025
-0.000026
-0.000026
-0.000028
-0.000060
-0.000054
-0.000071
-0.000078
-0.000071
-0.000069
-0.000060
-0.000046
-0.000037
-0.000050
-0.000062
-0.000059
-0.000077
-0.000075
-0.000065
-0.000273
-0.001707
-0.001180
-0.000400
-0.000193
-0.000118
0.000248
0.000112
-0.000581
-0.000006
0.000059
-0.000150
-0.000065
-0.000129
-0.000159
-0.000132
-0.000355
-0.000312
0.000498
0.002367
0.000989
-0.000237
-0.000095
-0.000032
-0.000025
-0.000022
-0.000020
-0.000016
-0.000016
-0.000018
-0.000018
-0.000019
-0.000020
-0.000019
-0.000020
-0.000022
-0.000020
-0.000022
-0.000024
-0.000024
-0.000024
-0.000025
-0.000024
-0.000026
-0.000023
-0.000021
-0.000024
-0.000024
-0.000024
-0.000025
-0.000028
-0.000025
-0.000022
-0.000022
-0.000028
-0.000027
-0.000024
-0.000025
-0.000064
-0.000054
-0.000061
-0.000074
-0.000066
-0.000067
-0.000065
-0.000059
-0.000044
-0.000057
-0.000061
-0.000073
-0.000083
-0.000057
-0.000055
-0.000063
-0.000662
-0.001525
-0.000706
-0.001917
0.000307
0.000365
-0.000786
-0.000305
0.001929
0.001511
0.000600
0.000260
-0.000216
0.000002
0.000493
0.000003
0.000178
0.000430
0.000894
0.000228
0.000040
-0.000016
-0.000019
-0.000016
-0.000016
-0.000016
-0.000015
-0.000014
-0.000015
-0.000014
-0.000016
-0.000020
-0.000021
-0.000023
-0.000019
-0.000023
-0.000022
-0.000023
-0.000024
-0.000025
-0.000027
-0.000027
-0.000025
-0.000023
-0.000023
-0.000024
-0.000023
-0.000023
-0.000030
-0.000027
-0.000023
-0.000026
-0.000027
-0.000028
-0.000027
-0.000026
-0.000023
-0.000070
-0.000051
-0.000060
-0.000073
-0.000066
-0.000056
-0.000064
-0.000065
-0.000060
-0.000052
-0.000062
-0.000074
-0.000072
-0.000056
-0.000057
-0.000069
-0.000060
-0.000293
-0.000049
-0.000184
0.000163
0.000186
0.000513
0.000840
0.001035
0.001717
0.002774
0.000889
-0.000091
0.000094
0.000532
0.000173
0.000269
0.000127
0.000590
0.000285
0.000035
-0.000018
-0.000017
-0.000016
-0.000016
-0.000015
-0.000013
-0.000012
-0.000012
-0.000012
-0.000012
-0.000016
-0.000017
-0.000021
-0.000021
-0.000021
-0.000026
-0.000022
-0.000024
-0.000026
-0.000025
-0.000028
-0.000024
-0.000025
-0.000025
-0.000026
-0.000031
-0.000030
-0.000029
-0.000031
-0.000030
-0.000030
-0.000029
-0.000028
-0.000030
-0.000031
-0.000022
-0.000070
-0.000066
-0.000054
-0.000061
-0.000072
-0.000062
-0.000055
-0.000063
-0.000049
-0.000055
-0.000060
-0.000068
-0.000072
-0.000062
-0.000060
-0.000069
-0.000003
0.000010
-0.000028
0.000013
0.000041
0.000093
0.000132
0.000293
0.000409
0.001059
0.002776
0.002948
0.000424
0.000146
0.000367
-0.001551
-0.000839
0.000096
0.000110
-0.000019
-0.000059
-0.000206
-0.000189
0.000034
-0.000060
-0.000399
-0.000015
-0.000013
-0.000012
-0.000010
-0.000011
-0.000012
-0.000017
-0.000019
-0.000022
-0.000023
-0.000025
-0.000024
-0.000021
-0.000030
-0.000029
-0.000027
-0.000029
-0.000029
-0.000024
-0.000084
-0.000059
-0.000031
-0.000034
-0.000029
-0.000028
-0.000031
-0.000032
-0.000034
-0.000031
-0.000029
-0.000019
-0.000065
-0.000064
-0.000054
-0.000063
-0.000062
-0.000055
-0.000051
-0.000058
-0.000055
-0.000053
-0.000054
-0.000060
-0.000074
-0.000063
-0.000047
-0.000046
-0.000053
-0.000061
-0.000048
-0.000045
-0.000044
-0.000036
-0.000008
0.000004
0.000058
0.000213
0.000563
0.001042
-0.000695
-0.001183
-0.001549
-0.004292
-0.008993
-0.000306
-0.000944
-0.000400
0.000847
0.002048
-0.000327
-0.001709
-0.000558
0.000165
-0.000086
-0.000459
-0.000012
-0.000012
-0.000011
-0.000011
-0.000011
0.000007
-0.000021
-0.000023
-0.000023
-0.000023
-0.000027
-0.000028
-0.000028
-0.000027
-0.000028
-0.000029
-0.000114
-0.000320
-0.000064
-0.000044
-0.000030
-0.000028
-0.000030
-0.000031
-0.000031
-0.000034
-0.000028
-0.000030
-0.000021
-0.000067
-0.000069
-0.000047
-0.000049
-0.000064
-0.000057
-0.000056
-0.000050
-0.000054
-0.000056
-0.000044
-0.000060
-0.000060
-0.000050
-0.000055
-0.000053
-0.000066
-0.000062
-0.000056
-0.000051
-0.000052
-0.000045
0.000003
0.000826
0.001271
0.000816
-0.000937
-0.002205
-0.002161
-0.002672
-0.003722
-0.002997
-0.003458
-0.007796
-0.013391
-0.015143
-0.000663
-0.000726
-0.003035
-0.002025
-0.001202
-0.000721
-0.000444
0.000834
0.000172
0.000002
-0.000011
-0.000011
-0.000005
0.000245
0.000061
-0.000023
-0.000024
-0.000023
-0.000024
-0.000027
-0.000026
-0.000026
-0.000026
-0.000066
-0.000346
-0.000103
-0.000057
-0.000030
-0.000034
-0.000034
-0.000028
-0.000024
-0.000027
-0.000027
-0.000028
-0.000031
-0.000020
-0.000056
-0.000071
-0.000065
-0.000053
-0.000060
-0.000070
-0.000066
-0.000049
-0.000052
-0.000057
-0.000056
-0.000060
-0.000054
-0.000053
-0.000055
-0.000064
-0.000061
-0.000058
-0.000046
-0.000056
-0.000017
0.000194
0.000313
0.000358
0.000732
0.000699
0.000507
-0.000766
-0.001386
-0.003100
-0.004269
-0.002915
-0.003106
-0.004380
-0.006270
-0.011683
-0.014459
-0.000040
-0.001016
-0.004197
-0.001297
-0.000576
-0.000976
0.000335
0.000902
0.000179
0.000039
-0.000007
0.000050
0.000530
0.000940
0.000019
-0.000023
-0.000024
-0.000027
-0.000026
-0.000026
-0.000026
-0.000029
-0.000287
-0.000069
-0.000060
-0.000029
-0.000028
-0.000030
-0.000029
-0.000022
-0.000026
-0.000024
-0.000024
-0.000030
-0.000029
-0.000023
-0.000057
-0.000057
-0.000064
-0.000060
-0.000059
-0.000055
-0.000063
-0.000056
-0.000057
-0.000060
-0.000063
-0.000063
-0.000061
-0.000055
-0.000049
-0.000056
-0.000055
-0.000051
-0.000059
-0.000074
-0.000048
0.000039
0.000037
0.000034
0.000226
0.000535
0.000813
0.000523
-0.000670
-0.003922
-0.004853
-0.004141
-0.002470
-0.003931
-0.006204
-0.006521
-0.003286
-0.000985
0.000992
-0.001403
-0.001292
-0.000684
-0.000113
-0.000145
0.000355
0.000619
0.000079
0.000080
0.000672
0.001049
0.000411
-0.000568
0.000074
-0.000030
-0.000028
-0.000026
-0.000028
-0.000030
-0.000029
-0.000028
-0.000030
-0.000032
-0.000028
-0.000035
-0.000035
-0.000031
-0.000032
-0.000032
-0.000022
-0.000021
-0.000029
-0.000025
-0.000022
-0.000061
-0.000051
-0.000075
-0.000068
-0.000061
-0.000065
-0.000051
-0.000063
-0.000065
-0.000060
-0.000056
-0.000055
-0.000048
-0.000046
-0.000049
-0.000047
-0.000044
-0.000039
-0.000050
-0.000052
-0.000046
-0.000054
-0.000031
0.000024
0.000170
0.000580
0.000891
0.001364
-0.000045
-0.003030
-0.004665
-0.004632
-0.002217
-0.001091
-0.004033
-0.002639
-0.003903
0.000406
0.001743
0.001523
0.001220
0.001021
-0.000020
-0.000285
0.000074
-0.000229
0.000667
0.001164
0.001377
0.001863
-0.003363
-0.007224
-0.002849
0.000057
0.000006
-0.000023
-0.000026
-0.000027
-0.000027
-0.000031
-0.000029
-0.000026
-0.000036
-0.000052
-0.000037
-0.000028
-0.000033
-0.000031
-0.000032
-0.000030
-0.000029
-0.000030
-0.000031
-0.000062
-0.000057
-0.000078
-0.000085
-0.000079
-0.000062
-0.000067
-0.000059
-0.000059
-0.000060
-0.000057
-0.000048
-0.000058
-0.000053
-0.000047
-0.000051
-0.000052
-0.000045
-0.000047
-0.000046
-0.000045
-0.000051
-0.000040
-0.000046
0.000160
0.000292
0.000600
0.001061
0.000349
-0.002234
-0.003687
-0.003537
0.000181
-0.000867
-0.000020
-0.000994
-0.000599
0.000945
0.001629
0.001409
0.001055
0.001030
0.001263
0.001208
0.001245
0.000296
0.005166
0.002642
0.002099
-0.000955
-0.007198
-0.007475
-0.002646
-0.000804
0.000300
0.000007
-0.000024
-0.000023
-0.000030
-0.000029
-0.000024
-0.000030
-0.000035
-0.000032
-0.000029
-0.000028
-0.000029
-0.000034
-0.000035
-0.000036
-0.000036
-0.000032
-0.000032
-0.000044
-0.000064
-0.000077
-0.000067
-0.000076
-0.000070
-0.000084
-0.000056
-0.000060
-0.000066
-0.000058
-0.000062
-0.000056
-0.000048
-0.000044
-0.000074
-0.000059
-0.000053
-0.000047
-0.000049
-0.000053
-0.000051
-0.000046
-0.000062
0.000058
0.000107
0.000273
0.000853
-0.000563
-0.002718
-0.004275
-0.004181
-0.001226
-0.000917
0.000693
0.000222
0.000614
0.001291
0.001123
0.001368
0.001540
0.001188
0.001117
0.001498
0.001697
0.001501
-0.000722
0.001063
-0.001728
-0.002183
-0.001901
-0.001052
-0.000378
-0.000244
-0.000146
-0.000081
0.000000
-0.000011
-0.000023
-0.000024
-0.000029
-0.000029
-0.000025
-0.000024
-0.000030
-0.000030
-0.000033
-0.000034
-0.000035
-0.000034
-0.000029
-0.000031
-0.000030
-0.000060
-0.000062
-0.000077
-0.000078
-0.000082
-0.000082
-0.000069
-0.000038
-0.000041
-0.000065
-0.000071
-0.000059
-0.000025
-0.000071
-0.000050
-0.000056
-0.000053
-0.000055
-0.000062
-0.000052
-0.000050
-0.000052
-0.000046
-0.000055
-0.000063
0.000079
0.000345
0.000497
-0.001082
-0.002815
-0.003710
-0.001710
-0.002119
-0.004614
-0.010221
-0.009707
-0.003768
0.000458
0.001406
0.001529
0.001302
0.001264
0.001504
0.002064
0.001855
0.001244
0.001102
-0.000154
-0.000848
-0.001226
-0.000964
-0.000329
-0.000327
-0.000314
-0.000307
-0.000542
-0.000098
0.000013
0.000048
0.000028
0.000004
-0.000031
-0.000027
-0.000027
-0.000028
-0.000030
-0.000033
-0.000015
-0.000029
-0.000028
-0.000028
-0.000027
-0.000026
-0.000053
-0.000076
-0.000067
-0.000075
-0.000084
-0.000062
-0.000050
-0.000050
-0.000054
-0.000039
-0.000040
-0.000051
-0.000047
-0.000040
-0.000053
-0.000054
-0.000060
-0.000060
-0.000063
-0.000056
-0.000051
-0.000029
-0.000038
-0.000055
-0.000036
-0.000022
0.000000
-0.000016
0.000003
-0.003249
-0.003046
-0.003334
-0.007222
-0.018597
-0.020400
-0.010513
-0.004405
-0.000106
0.001865
0.002266
0.000794
0.001439
0.001816
0.001537
0.000754
0.001165
0.001196
0.000965
-0.000592
-0.001275
-0.000452
-0.000245
-0.000134
-0.000367
-0.000519
0.000567
0.001198
0.001218
0.001222
0.000352
0.000094
0.000008
-0.000002
-0.000027
-0.000025
-0.000028
-0.000024
-0.000029
-0.000028
-0.000027
-0.000031
-0.000029
-0.000021
-0.000058
-0.000059
-0.000062
-0.000074
-0.000069
-0.000061
-0.000059
-0.000064
-0.000070
-0.000066
-0.000067
-0.000037
-0.000017
-0.000018
-0.000026
-0.000035
-0.000093
-0.000054
-0.000065
-0.000061
-0.000069
-0.000069
-0.000067
-0.000068
-0.000073
-0.000066
-0.000072
-0.000077
-0.000071
-0.000272
0.000054
-0.007499
-0.012389
-0.016165
-0.010748
-0.006413
-0.003348
-0.000299
0.001703
0.001150
0.001609
0.002101
0.001932
0.002112
-0.001435
0.000561
0.000574
0.000453
-0.002044
-0.001306
-0.000122
-0.000064
0.000130
0.000053
0.000321
0.002281
0.002039
0.002019
0.001476
0.000522
0.000007
-0.000033
-0.000033
0.000004
-0.000004
-0.000005
0.000026
-0.000030
-0.000031
-0.000032
-0.000030
-0.000030
-0.000028
-0.000060
-0.000072
-0.000055
-0.000054
-0.000053
-0.000061
-0.000070
-0.000070
-0.000059
-0.000064
-0.000070
-0.000064
-0.000071
-0.000060
-0.000069
-0.000054
-0.000072
-0.000075
-0.000077
-0.000082
-0.000073
-0.000068
-0.000068
-0.000067
-0.000075
-0.000072
-0.000075
-0.000079
-0.000073
-0.000073
-0.000075
-0.000952
-0.001369
-0.000794
-0.000285
-0.000129
-0.000162
0.000644
0.001242
0.002279
0.004469
0.008541
0.006997
0.001043
0.000591
-0.001074
-0.001545
-0.003359
-0.006689
-0.007130
-0.001644
-0.000013
0.000970
0.000256
0.000513
0.001483
0.000723
0.000431
0.000248
0.000034
-0.000035
-0.000030
-0.000026
-0.000025
-0.000022
-0.000051
-0.000030
-0.000032
-0.000032
-0.000032
-0.000034
-0.000031
-0.000030
-0.000070
-0.000057
-0.000065
-0.000060
-0.000066
-0.000072
-0.000065
-0.000061
-0.000064
-0.000073
-0.000056
-0.000072
-0.000078
-0.000077
-0.000069
-0.000066
-0.000070
-0.000073
-0.000075
-0.000080
-0.000073
-0.000069
-0.000067
-0.000063
-0.000066
-0.000074
-0.000075
-0.000077
-0.000073
-0.000074
-0.000080
-0.000071
-0.000090
-0.000093
-0.000072
-0.000074
-0.000077
0.000004
0.000001
0.000066
0.000728
0.000419
0.001180
0.000137
-0.001114
-0.004983
-0.005286
-0.004429
-0.004003
-0.002959
-0.001358
-0.000684
-0.000019
0.000460
0.000215
0.000579
0.000256
0.000098
-0.000014
-0.000027
-0.000030
-0.000027
-0.000026
-0.000033
0.000007
-0.000028
-0.000042
-0.000031
-0.000032
-0.000030
-0.000031
-0.000032
-0.000033
-0.000059
-0.000059
-0.000061
-0.000073
-0.000057
-0.000055
-0.000058
-0.000070
-0.000078
-0.000078
-0.000070
-0.000069
-0.000076
-0.000079
-0.000069
-0.000061
-0.000071
-0.000068
-0.000067
-0.000078
-0.000079
-0.000071
-0.000069
-0.000066
-0.000061
-0.000066
-0.000061
-0.000070
-0.000070
-0.000068
-0.000071
-0.000115
-0.000089
-0.000070
-0.000072
-0.000064
-0.000073
-0.000078
-0.000073
-0.000088
-0.000115
-0.000215
-0.000219
-0.000122
0.000059
-0.008143
-0.008016
-0.003427
-0.002340
-0.001049
-0.000666
0.000105
0.000203
0.000122
0.000029
0.000037
0.000031
-0.000012
-0.000031
-0.000031
-0.000029
-0.000030
-0.000029
-0.000026
-0.000027
-0.000031
-0.000032
-0.000031
-0.000029
-0.000027
-0.000033
-0.000033
-0.000026
-0.000060
-0.000057
-0.000047
-0.000050
-0.000070
-0.000070
-0.000081
-0.000082
-0.000074
-0.000080
-0.000078
-0.000061
-0.000041
-0.000077
-0.000072
-0.000065
-0.000068
-0.000068
-0.000077
-0.000077
-0.000064
-0.000075
-0.000068
-0.000067
-0.000066
-0.000065
-0.000068
-0.000075
-0.000079
-0.000074
-0.000077
-0.000087
-0.000078
-0.000073
-0.000077
-0.000077
-0.000073
-0.000069
-0.000071
-0.000092
-0.000151
-0.000129
-0.000157
-0.000084
-0.000073
0.000078
-0.004422
-0.001804
-0.002014
-0.000269
-0.000091
-0.000208
0.000087
0.000011
-0.000048
-0.000056
-0.000035
-0.000031
-0.000027
-0.000032
-0.000029
-0.000034
-0.000034
-0.000024
-0.000026
-0.000027
-0.000032
-0.000029
-0.000026
-0.000031
-0.000030
-0.000033
-0.000026
-0.000066
-0.000071
-0.000074
-0.000081
-0.000087
-0.000081
-0.000082
-0.000080
-0.000082
-0.000077
-0.000078
-0.000079
0.000062
-0.000077
-0.000055
-0.000071
-0.000074
-0.000087
-0.000080
-0.000080
-0.000072
-0.000067
-0.000071
-0.000079
-0.000076
-0.000071
-0.000070
-0.000080
-0.000082
-0.000075
-0.000083
-0.000070
-0.000077
-0.000089
-0.000087
-0.000071
-0.000071
-0.000070
-0.000083
-0.000104
-0.000112
-0.000080
-0.000085
-0.000108
-0.000069
-0.000058
-0.000234
-0.000800
-0.000462
-0.002297
0.000098
-0.000021
-0.000141
-0.000439
-0.000092
-0.000101
-0.000040
-0.000033
-0.000033
-0.000045
-0.000039
-0.000035
-0.000034
-0.000025
-0.000025
-0.000032
-0.000033
-0.000038
-0.000045
-0.000046
-0.000029
-0.000029
-0.000024
-0.000073
-0.000078
-0.000088
-0.000075
-0.000090
-0.000087
-0.000074
-0.000072
-0.000069
-0.000081
-0.000048
0.000073
0.000065
0.000058
-0.000068
-0.000065
-0.000072
-0.000075
-0.000076
-0.000082
-0.000083
-0.000071
-0.000080
-0.000083
-0.000082
-0.000076
-0.000078
-0.000085
-0.000089
-0.000094
-0.000084
-0.000086
-0.000089
-0.000085
-0.000081
-0.000070
-0.000074
-0.000078
-0.000080
-0.000097
-0.000086
-0.000109
-0.000090
-0.000108
-0.000083
-0.000068
-0.000093
-0.000245
-0.000241
-0.000521
0.004853
0.001991
-0.000001
-0.000254
-0.000115
-0.000055
-0.000034
-0.000028
-0.000028
-0.000030
-0.000031
-0.000029
-0.000030
-0.000032
-0.000035
-0.000032
-0.000038
-0.000079
-0.000084
-0.000034
-0.000031
-0.000030
-0.000031
-0.000069
-0.000067
0.000088
0.000081
0.000075
0.000067
-0.000079
-0.000066
-0.000075
-0.000052
0.000074
0.000056
0.000057
0.000073
0.000085
-0.000054
-0.000061
-0.000061
-0.000066
-0.000069
-0.000084
-0.000075
-0.000084
-0.000079
-0.000080
-0.000084
-0.000093
-0.000098
-0.000103
-0.000094
-0.000071
-0.000087
-0.000088
-0.000094
-0.000082
-0.000070
-0.000091
-0.000079
-0.000069
-0.000099
-0.000086
-0.000089
-0.000087
-0.000089
-0.000086
-0.000087
-0.000118
-0.000243
-0.000256
-0.000228
-0.000435
-0.000184
-0.000143
-0.000280
-0.000228
-0.000051
-0.000032
-0.000026
-0.000029
-0.000036
-0.000035
-0.000032
-0.000027
-0.000028
-0.000031
-0.000033
-0.000035
-0.000028
-0.000028
-0.000036
-0.000032
-0.000027
-0.000029
0.000057
0.000070
0.000068
0.000044
0.000078
0.000077
0.000078
-0.000033
0.000072
-0.000059
0.000072
0.000068
0.000077
0.000062
-0.000055
-0.000070
-0.000063
-0.000063
-0.000062
-0.000078
-0.000075
-0.000097
-0.000084
-0.000082
-0.000080
-0.000087
-0.000102
-0.000103
-0.000095
-0.000067
-0.000066
-0.000086
-0.000103
-0.000096
-0.000089
-0.000088
-0.000095
-0.000100
-0.000090
-0.000086
-0.000080
-0.000077
-0.000076
-0.000079
-0.000084
-0.000086
-0.000100
-0.000096
-0.000087
-0.000090
-0.000119
-0.000106
-0.000080
-0.000098
-0.000143
-0.000044
-0.000038
-0.000033
-0.000034
-0.000031
-0.000033
-0.000032
-0.000029
-0.000028
-0.000030
-0.000033
-0.000037
-0.000035
-0.000029
-0.000032
-0.000031
-0.000029
-0.000029
0.000021
0.000063
0.000051
0.000028
0.000079
0.000073
0.000087
0.000088
0.000091
-0.000050
-0.000082
-0.000084
-0.000061
-0.000061
-0.000090
-0.000081
-0.000070
-0.000066
-0.000065
-0.000082
-0.000093
-0.000099
-0.000095
-0.000091
-0.000099
-0.000091
-0.000093
-0.000074
-0.000080
-0.000068
-0.000060
-0.000066
-0.000088
-0.000105
-0.000100
-0.000100
-0.000101
-0.000099
-0.000085
-0.000085
-0.000086
-0.000089
-0.000087
-0.000086
-0.000096
-0.000086
-0.000091
-0.000079
-0.000063
-0.000060
-0.000056
-0.000057
-0.000070
-0.000132
-0.000054
-0.000048
-0.000045
-0.000040
-0.000035
-0.000034
-0.000035
-0.000035
-0.000033
-0.000032
-0.000036
-0.000037
-0.000038
-0.000032
-0.000030
-0.000031
-0.000033
-0.000030
-0.000032
-0.000001
0.000008
0.000062
0.000077
0.000076
0.000086
0.000088
0.000094
0.000085
-0.000043
-0.000079
-0.000069
-0.000062
-0.000059
-0.000085
-0.000073
-0.000072
-0.000063
-0.000057
-0.000066
-0.000079
-0.000077
-0.000083
-0.000083
-0.000075
-0.000079
-0.000085
-0.000091
-0.000084
-0.000074
-0.000091
-0.000107
-0.000109
-0.000104
-0.000105
-0.000104
-0.000098
-0.000083
-0.000081
-0.000088
-0.000090
-0.000082
-0.000071
-0.000084
-0.000086
-0.000077
-0.000060
-0.000058
-0.000046
-0.000048
-0.000039
-0.000058
-0.000064
-0.000058
-0.000049
-0.000067
-0.000046
-0.000038
-0.000037
-0.000038
-0.000037
-0.000033
-0.000031
-0.000030
-0.000036
-0.000036
-0.000032
-0.000032
-0.000030
-0.000028
-0.000037
-0.000032
-0.000034
