-0.000940
-0.000938
-0.001001
0.000632
-0.000882
-0.000869
-0.000890
0.000438
-0.000881
-0.000858
-0.000761
-0.000603
-0.000984
-0.000971
-0.001109
-0.000882
-0.000758
-0.000940
-0.000977
-0.000845
-0.000838
-0.000835
-0.000781
-0.000878
-0.000972
-0.001024
-0.000966
-0.000878
-0.000888
-0.000901
-0.000622
-0.000808
-0.000750
-0.000763
-0.000808
-0.000854
-0.000844
-0.000564
-0.000554
-0.000586
-0.000541
-0.000554
-0.000693
-0.000690
-0.000679
-0.000686
-0.000646
-0.000690
-0.000654
-0.000723
-0.000615
-0.000740
-0.000718
-0.000688
-0.000612
-0.000600
-0.000605
-0.000526
-0.000597
-0.000603
-0.000670
-0.000513
-0.000113
0.000051
0.000213
0.000186
-0.001158
0.000178
0.000208
0.000106
0.000061
0.000010
0.000195
-0.000950
-0.000916
-0.000961
-0.000970
-0.000933
-0.000987
-0.000973
-0.001004
-0.001083
-0.001090
-0.001167
-0.001159
-0.001190
-0.001107
-0.001017
-0.000987
-0.000944
-0.000914
-0.000854
-0.000762
-0.000811
-0.000815
-0.000791
-0.000891
-0.000918
-0.000914
-0.000927
-0.000839
-0.000827
-0.000725
-0.000632
-0.000672
-0.000793
-0.000705
-0.000816
-0.000795
-0.000822
-0.000631
-0.000674
-0.000637
-0.000603
-0.000527
-0.000598
-0.000668
-0.000623
-0.000663
-0.000714
-0.000774
-0.000731
-0.000690
-0.000684
-0.000682
-0.000603
-0.000594
-0.000677
-0.000637
-0.000542
-0.000593
-0.000573
-0.000647
-0.000590
-0.000559
-0.000614
-0.000591
-0.000607
-0.000644
-0.000662
-0.000660
-0.000702
-0.000719
-0.000583
-0.000669
-0.000527
-0.000822
-0.000900
-0.000932
-0.000928
-0.000983
-0.000974
-0.001037
-0.001056
-0.000895
-0.000894
-0.000955
-0.001055
-0.001041
-0.001068
-0.001020
-0.001022
-0.000936
-0.000950
-0.000968
-0.000812
-0.000823
-0.000919
-0.000849
-0.000934
-0.000860
-0.000908
-0.000827
-0.000857
-0.000897
-0.000930
-0.000617
-0.000737
-0.000740
-0.000726
-0.000741
-0.000800
-0.000585
-0.000669
-0.000603
-0.000566
-0.000528
-0.000539
-0.000569
-0.000707
-0.000684
-0.000711
-0.000683
-0.000724
-0.000757
-0.000679
-0.000558
-0.000616
-0.000668
-0.000576
-0.000683
-0.000660
-0.000631
-0.000564
-0.000581
-0.000651
-0.000611
-0.000600
-0.000544
-0.000545
-0.000574
-0.000607
-0.000637
-0.000698
-0.000719
-0.000732
-0.000672
-0.000722
-0.000678
-0.000730
-0.000847
-0.000925
-0.000863
-0.000744
-0.000819
-0.000975
-0.000852
-0.000891
-0.000844
-0.001002
-0.001097
-0.000970
-0.001007
-0.000976
-0.000927
-0.000873
-0.000977
-0.000949
-0.000823
-0.000829
-0.000909
-0.000848
-0.000857
-0.000893
-0.000865
-0.000852
-0.000677
-0.000860
-0.000914
-0.000687
-0.000804
-0.000739
-0.000814
-0.000825
-0.000714
-0.000655
-0.000546
-0.000575
-0.000697
-0.000647
-0.000647
-0.000679
-0.000644
-0.000769
-0.000628
-0.000618
-0.000647
-0.000678
-0.000740
-0.000575
-0.000686
-0.000598
-0.000628
-0.000613
-0.000600
-0.000515
-0.000602
-0.000642
-0.000700
-0.000650
-0.000592
-0.000559
-0.000555
-0.000564
-0.000606
-0.000681
-0.000698
-0.000673
-0.000689
-0.000709
-0.000772
-0.000713
-0.000701
-0.000792
-0.000845
-0.000593
-0.000692
-0.000857
-0.000795
-0.000721
-0.000869
-0.000877
-0.000998
-0.000975
-0.000979
-0.001005
-0.000898
-0.000880
-0.000811
-0.000917
-0.000865
-0.000771
-0.000816
-0.000893
-0.000887
-0.000903
-0.000855
-0.000865
-0.000829
-0.000707
-0.000734
-0.000778
-0.000781
-0.000725
-0.000836
-0.000719
-0.000560
-0.000476
-0.000541
-0.000521
-0.000475
-0.000600
-0.000724
-0.000739
-0.000750
-0.000663
-0.000694
-0.000590
-0.000576
-0.000643
-0.000612
-0.000624
-0.000599
-0.000616
-0.000586
-0.000582
-0.000565
-0.000508
-0.000559
-0.000483
-0.000544
-0.000570
-0.000588
-0.000612
-0.000740
-0.000710
-0.000700
-0.000617
-0.000629
-0.000703
-0.000707
-0.000722
-0.000731
-0.000759
-0.002169
-0.000720
-0.000722
-0.000828
-0.000866
-0.000626
-0.000864
-0.000775
-0.000762
-0.000892
-0.000968
-0.000953
-0.001019
-0.001051
-0.000870
-0.000874
-0.000856
-0.000887
-0.000967
-0.000898
-0.000772
-0.000811
-0.000898
-0.000860
-0.000870
-0.000784
-0.000762
-0.000791
-0.000846
-0.000746
-0.000803
-0.000749
-0.000684
-0.000783
-0.000415
-0.000378
-0.000345
-0.000327
-0.000414
-0.000480
-0.000569
-0.000670
-0.000837
-0.000413
-0.000368
-0.000521
-0.000567
-0.000576
-0.000558
-0.000603
-0.000632
-0.000605
-0.000580
-0.000500
-0.000473
-0.000411
-0.000486
-0.000562
-0.000461
-0.000552
-0.000581
-0.000592
-0.000685
-0.000590
-0.000585
-0.000575
-0.000640
-0.000576
-0.000618
-0.000694
-0.000747
-0.000743
-0.000728
-0.000757
-0.000723
-0.000787
-0.000831
-0.000962
-0.000674
-0.000842
-0.000831
-0.000755
-0.000909
-0.000892
-0.000879
-0.000894
-0.000924
-0.000799
-0.000866
-0.000934
-0.000964
-0.000933
-0.000912
-0.000941
-0.000933
-0.000832
-0.000765
-0.000789
-0.000772
-0.000822
-0.000806
-0.000900
-0.000843
-0.000660
-0.000787
-0.000816
-0.000814
-0.000685
-0.000686
-0.000497
-0.000656
-0.000632
-0.000510
-0.000526
-0.000579
-0.000678
-0.000720
-0.000793
-0.000649
-0.000496
-0.000557
-0.000547
-0.000594
-0.000602
-0.000564
-0.000520
-0.000514
-0.000507
-0.000508
-0.000501
-0.000540
-0.000637
-0.000664
-0.000701
-0.000657
-0.000677
-0.000512
-0.000675
-0.000567
-0.000628
-0.000599
-0.000646
-0.000683
-0.000758
-0.000765
-0.000747
-0.000766
-0.000732
-0.000777
-0.000831
-0.000930
-0.000844
-0.000779
-0.000948
-0.000831
-0.000774
-0.000790
-0.000852
-0.000838
-0.000905
-0.000913
-0.000918
-0.000976
-0.001025
-0.001047
-0.001047
-0.000933
-0.000905
-0.000835
-0.000898
-0.000745
-0.000680
-0.000824
-0.000884
-0.000846
-0.000789
-0.000818
-0.000843
-0.000868
-0.000856
-0.000735
-0.000623
-0.000595
-0.000653
-0.000651
-0.000503
-0.000593
-0.000624
-0.000684
-0.000661
-0.000591
-0.000655
-0.000532
-0.000493
-0.000529
-0.000590
-0.000571
-0.000473
-0.000460
-0.000509
-0.000527
-0.000539
-0.000519
-0.000550
-0.000575
-0.000551
-0.000531
-0.000567
-0.000733
-0.000585
-0.000770
-0.000649
-0.000580
-0.000593
-0.000641
-0.000730
-0.000746
-0.000791
-0.000786
-0.000752
-0.000709
-0.000770
-0.000806
-0.000913
-0.000770
-0.000796
-0.000827
-0.000902
-0.000892
-0.000826
-0.000841
-0.000681
-0.000708
-0.000840
-0.001047
-0.000840
-0.000968
-0.001009
-0.000995
-0.000926
-0.000800
-0.000849
-0.000848
-0.000785
-0.000779
-0.000887
-0.000887
-0.000889
-0.000733
-0.000620
-0.000769
-0.000843
-0.000823
-0.000673
-0.000600
-0.000611
-0.000565
-0.000579
-0.000571
-0.000607
-0.000605
-0.000604
-0.000590
-0.000534
-0.000577
-0.000583
-0.000595
-0.000480
-0.000515
-0.000418
-0.000421
-0.000449
-0.000507
-0.000544
-0.000520
-0.000548
-0.000550
-0.000547
-0.000561
-0.000547
-0.000621
-0.000654
-0.000696
-0.000669
-0.000652
-0.000550
-0.000711
-0.000701
-0.000746
-0.000794
-0.000735
-0.000795
0.001326
-0.000659
-0.000678
-0.000722
-0.000773
-0.000719
-0.000904
-0.000811
-0.000854
-0.000810
-0.000954
-0.000697
-0.000718
-0.000937
-0.001010
-0.001035
-0.000968
-0.001018
-0.000965
-0.000840
-0.000827
-0.000805
-0.000817
-0.000837
-0.000904
-0.000838
-0.000808
-0.000916
-0.000943
-0.000796
-0.000647
-0.000728
-0.000675
-0.000689
-0.000577
-0.000613
-0.000574
-0.000551
-0.000583
-0.000489
-0.000554
-0.000655
-0.000597
-0.000608
-0.000560
-0.000521
-0.000580
-0.000593
-0.000535
-0.000534
-0.000449
-0.000472
-0.000461
-0.000504
-0.000551
-0.000585
-0.000577
-0.000604
-0.000614
-0.000593
-0.000599
-0.000648
-0.000641
-0.000621
-0.000557
-0.000647
-0.000695
-0.000749
-0.000751
-0.000806
-0.000848
-0.000870
-0.000818
-0.000918
-0.000817
-0.000649
-0.000651
-0.000726
-0.000795
-0.000831
-0.000986
-0.000897
-0.000950
-0.001011
-0.000781
-0.000742
-0.000720
-0.000907
-0.000890
-0.001060
-0.000957
-0.000827
-0.000964
-0.000972
-0.000906
-0.000929
-0.000799
-0.000761
-0.000715
-0.000695
-0.000838
-0.000883
-0.000887
-0.000805
-0.000703
-0.000604
-0.000708
-0.000559
-0.000552
-0.000609
-0.000552
-0.000515
-0.000464
-0.000469
-0.000519
-0.000532
-0.000577
-0.000573
-0.000498
-0.000529
-0.000579
-0.000533
-0.000524
-0.000537
-0.000521
-0.000506
-0.000563
-0.000574
-0.000600
-0.000622
-0.000641
-0.000584
-0.000668
-0.000674
-0.000646
-0.000657
-0.000648
-0.000685
-0.000707
-0.000719
-0.000716
-0.000823
-0.000905
-0.000933
-0.000869
-0.000879
-0.000880
-0.000745
-0.000552
-0.000624
-0.000681
-0.000701
-0.000801
-0.000891
-0.000914
-0.000931
-0.000884
-0.000810
-0.000779
-0.000854
-0.001026
-0.000981
-0.000832
-0.000852
-0.000951
-0.000965
-0.000933
-0.000872
-0.000914
-0.000878
-0.000642
-0.000694
-0.000765
-0.000731
-0.000680
-0.000838
-0.000691
-0.000674
-0.000607
-0.000662
-0.000722
-0.000589
-0.000524
-0.000542
-0.000557
-0.000517
-0.000458
-0.000486
-0.000532
-0.000524
-0.000544
-0.000527
-0.000442
-0.000453
-0.000483
-0.000530
-0.000511
-0.000453
-0.000479
-0.000528
-0.000527
-0.000674
-0.000594
-0.000676
-0.000576
-0.000613
-0.000657
-0.000677
-0.000692
-0.000729
-0.000681
-0.000752
-0.000712
-0.000764
-0.000859
-0.000970
-0.001024
-0.000954
-0.000904
-0.000891
-0.000753
-0.000627
-0.000655
-0.000720
-0.000817
-0.000863
-0.000920
-0.000966
-0.000948
-0.000852
-0.000824
-0.000705
-0.000778
-0.000826
-0.000988
-0.000905
-0.000931
-0.000911
-0.000805
-0.000822
-0.000886
-0.000819
-0.000708
-0.000707
-0.000687
-0.000688
-0.000685
-0.000786
-0.000850
-0.000822
-0.000716
-0.000597
-0.000692
-0.000758
-0.000727
-0.000563
-0.000496
-0.000481
-0.000511
-0.000573
-0.000499
-0.000505
-0.000456
-0.000511
-0.000466
-0.000429
-0.000507
-0.000558
-0.000521
-0.000530
-0.000459
-0.000526
-0.000492
-0.000507
-0.000570
-0.000702
-0.000591
-0.000631
-0.000689
-0.000658
-0.000685
-0.000734
-0.000710
-0.000686
-0.000764
-0.000796
-0.000890
-0.000985
-0.000973
-0.000930
-0.000938
-0.000947
0.000725
-0.000762
-0.000712
-0.000758
-0.000785
-0.000831
-0.000735
-0.000760
-0.000910
-0.000909
-0.000878
-0.000890
-0.000830
-0.000905
-0.000725
-0.000906
-0.000905
-0.000850
-0.000884
-0.000798
-0.000751
-0.000880
-0.001216
-0.000410
-0.000729
-0.001214
-0.001004
-0.000925
-0.000915
-0.000985
-0.000831
-0.000764
-0.000640
-0.000626
-0.000654
-0.000603
-0.000477
-0.000465
-0.000563
-0.000463
-0.000523
-0.000447
-0.000457
-0.000501
-0.000382
-0.000388
-0.000482
-0.000469
-0.000521
-0.000540
-0.000548
-0.000511
-0.000494
-0.000534
-0.000581
-0.000706
-0.000745
-0.000922
-0.000748
-0.000793
-0.000770
-0.000710
-0.000731
-0.000725
-0.000707
-0.000797
-0.000897
-0.000922
-0.000895
-0.000881
-0.000988
-0.000944
-0.000874
-0.000630
-0.000721
-0.000771
-0.000867
-0.000783
-0.000788
-0.000733
-0.000698
-0.000826
-0.000897
-0.000793
-0.000882
-0.000787
-0.000929
-0.000714
-0.000716
-0.000843
-0.000725
-0.000907
-0.001040
-0.000993
-0.001091
-0.001222
0.006670
0.009912
-0.001274
-0.006719
-0.005389
-0.006397
-0.002839
-0.001018
-0.000834
-0.000582
-0.000575
-0.000613
-0.000834
-0.000518
-0.000504
-0.000487
-0.000390
-0.000199
-0.000174
-0.000190
-0.000260
-0.000333
-0.000401
-0.000479
-0.000467
-0.000474
-0.000517
-0.000571
-0.000532
-0.000525
-0.000576
-0.000621
-0.000657
-0.000745
-0.000768
-0.000743
-0.000856
-0.000916
-0.000906
-0.000859
-0.000873
-0.000875
-0.000866
-0.000831
-0.000922
-0.000936
-0.000963
-0.000960
-0.001115
-0.001176
-0.000753
-0.000898
-0.000855
-0.000848
-0.000833
-0.000743
-0.000693
-0.000635
-0.000705
-0.000870
-0.000761
-0.000832
-0.000752
-0.000776
-0.000690
-0.000766
-0.000811
-0.000677
-0.000648
-0.000895
-0.001040
-0.000476
0.005278
0.001257
0.001317
0.000752
0.010215
0.003646
-0.008041
-0.008272
-0.006596
-0.004725
-0.000933
-0.000643
-0.000565
-0.000599
-0.000680
-0.000567
-0.000383
-0.000283
-0.000157
-0.000089
-0.000007
-0.000104
-0.000301
-0.000399
-0.000462
-0.000400
-0.000489
-0.000555
-0.000534
-0.000524
-0.000538
-0.000592
-0.000593
-0.000643
-0.000676
-0.000717
-0.000747
-0.000826
-0.000842
-0.000862
-0.000841
-0.000948
-0.000917
-0.000934
-0.000967
-0.000966
-0.001051
-0.001065
-0.001193
-0.001226
-0.001258
-0.000918
-0.000901
-0.000907
-0.000872
-0.000803
-0.000714
-0.000626
-0.000600
-0.000635
-0.000765
-0.000750
-0.000626
-0.000746
-0.000668
-0.000637
-0.000739
-0.000666
-0.000678
-0.000254
0.000220
-0.000405
0.001051
-0.000166
-0.003878
-0.001299
-0.000861
-0.003413
0.001285
0.004583
-0.000814
-0.001384
-0.000942
-0.000725
-0.000611
-0.000477
-0.000550
-0.000602
-0.000573
-0.000379
-0.000286
-0.000219
0.000033
0.000301
0.000008
-0.000161
-0.000286
-0.000395
-0.000406
-0.000521
-0.000592
-0.000579
-0.000542
-0.000607
-0.000636
-0.000697
-0.000670
-0.000709
-0.000833
-0.000840
-0.000868
-0.000888
-0.000904
-0.001025
-0.000994
-0.000946
-0.000958
-0.001047
-0.001051
-0.001116
-0.001233
-0.001252
-0.001216
-0.001151
-0.001100
-0.000858
-0.000881
-0.000883
-0.000767
-0.000768
-0.000699
-0.000654
-0.000660
-0.000658
-0.000587
-0.000593
-0.000699
-0.000659
-0.000560
-0.000316
-0.000297
-0.001140
0.001949
0.002912
0.001322
-0.000075
-0.000540
-0.000846
-0.000878
0.000400
0.004058
0.000886
0.005989
-0.000877
-0.000774
-0.000731
-0.000569
-0.000601
-0.000599
-0.000483
-0.000389
-0.000530
-0.000445
-0.000458
-0.000204
-0.000056
0.000034
-0.000086
-0.000182
-0.000305
-0.000442
-0.000622
-0.000650
-0.000637
-0.000649
-0.000543
-0.000617
-0.000611
-0.000667
-0.000640
-0.000721
-0.000865
-0.000950
-0.000910
-0.000897
-0.000896
-0.001040
-0.000976
-0.000898
-0.000999
-0.001098
-0.001108
-0.001117
-0.001207
-0.001213
-0.001134
-0.001057
-0.001070
-0.000852
-0.000907
-0.000906
-0.000768
-0.000711
-0.000825
-0.000763
-0.000600
-0.000572
-0.000617
-0.000614
-0.000629
-0.000600
0.000048
-0.000131
-0.000280
0.002400
0.004571
0.001814
0.003602
0.000249
-0.000436
-0.000655
-0.001050
0.000672
0.006711
0.024941
0.005110
0.002607
0.000311
-0.000655
-0.000592
-0.000860
-0.000973
0.001085
0.001847
0.000425
-0.000277
-0.000413
-0.000433
-0.000269
-0.000218
-0.000175
-0.000288
-0.000369
-0.000504
-0.000657
-0.000653
-0.000662
-0.000642
-0.000609
-0.000602
-0.000674
-0.000795
-0.000771
-0.000770
-0.000809
-0.000889
-0.001019
-0.001020
-0.001005
-0.001068
-0.000997
-0.000957
-0.001034
-0.001079
-0.001103
-0.001245
-0.001187
-0.001065
-0.001123
-0.001164
-0.001045
-0.000910
-0.000959
-0.000863
-0.000777
-0.000702
-0.000736
-0.000642
-0.000631
-0.000629
-0.000657
-0.000671
-0.000547
-0.000055
0.000228
0.001724
-0.002149
-0.001331
0.002401
0.000625
-0.000365
-0.000300
-0.000584
-0.001819
-0.000200
0.002340
-0.001508
0.002129
0.000042
0.004560
0.002706
0.002117
0.002901
0.003767
0.004142
0.003917
0.005065
0.003829
0.001337
0.000330
-0.000260
-0.000341
-0.000249
-0.000328
-0.000500
-0.000632
-0.000636
-0.000759
-0.000692
-0.000693
-0.000686
-0.000596
-0.000675
-0.000758
-0.000752
-0.000782
-0.000820
-0.000845
-0.000871
-0.001044
-0.001042
-0.001018
-0.001020
-0.001073
-0.001047
-0.001006
-0.000974
-0.001184
-0.001169
-0.001170
-0.001101
-0.001167
-0.001119
-0.001011
-0.000907
-0.000827
-0.000789
-0.000743
-0.000759
-0.000723
-0.000687
-0.000593
-0.000614
-0.000624
-0.000655
-0.000228
-0.000068
0.000784
0.001818
0.002596
0.002940
-0.000031
-0.000443
-0.000607
-0.000397
-0.000740
-0.002852
0.000933
-0.000097
-0.001889
-0.001263
-0.000051
0.000513
0.001298
-0.001799
-0.002679
0.000063
0.000100
0.000076
0.002403
0.004468
0.004361
0.003333
0.000977
-0.000076
-0.000317
-0.000604
-0.000761
-0.000749
-0.000857
-0.000868
-0.000782
-0.000863
-0.000764
-0.000678
-0.000690
-0.000742
-0.000750
-0.000790
-0.000810
-0.000909
-0.000958
-0.001020
-0.000979
-0.001082
-0.001167
-0.001146
-0.001047
-0.001013
-0.000994
-0.001074
-0.001070
-0.000973
-0.000969
-0.001081
-0.001195
-0.000596
-0.000867
-0.000752
-0.000757
-0.000794
-0.000752
-0.000730
-0.000694
-0.000603
-0.000627
-0.000573
-0.000533
-0.000473
-0.000339
-0.001800
-0.001519
-0.000883
0.000911
-0.000230
-0.000435
-0.000666
-0.000437
-0.000403
0.001707
0.002817
-0.000401
-0.001682
-0.001095
0.000087
0.000229
0.000261
-0.000375
-0.001173
-0.002968
-0.003149
-0.004005
-0.000423
0.002540
0.003158
0.003036
0.001499
-0.000274
-0.000807
-0.001755
-0.001631
-0.000636
-0.000861
-0.000831
-0.000840
-0.000858
-0.000851
-0.000772
-0.000771
-0.000795
-0.000769
-0.000809
-0.000858
-0.000936
-0.000971
-0.000957
-0.001041
-0.001143
-0.001068
-0.000947
-0.000960
-0.000962
-0.000983
-0.001057
-0.000990
-0.001030
-0.001069
-0.001264
-0.001097
-0.000832
-0.000864
-0.000763
-0.000776
-0.000781
-0.000723
-0.000704
-0.000670
-0.000641
-0.000578
-0.000573
-0.000514
-0.000442
-0.000594
-0.002638
-0.004279
0.000623
-0.000676
-0.000735
-0.000428
0.000067
0.001206
0.002205
0.002797
0.002575
0.001724
0.001334
0.001151
0.000919
-0.000019
-0.000367
-0.000112
-0.000493
-0.000976
-0.001002
-0.002212
0.001319
0.001592
0.001600
0.002047
0.002126
-0.000687
-0.001519
-0.003950
-0.006585
0.000371
-0.000471
-0.000925
-0.000958
-0.000931
-0.000883
-0.000927
-0.000930
-0.000822
-0.000861
-0.000875
-0.000904
-0.000973
-0.001019
-0.001076
-0.001097
-0.001026
-0.000954
-0.000928
-0.001007
-0.001111
-0.000807
-0.000871
-0.001135
-0.001159
-0.001081
-0.000873
-0.000822
-0.000892
-0.000858
-0.000625
-0.000661
-0.000823
-0.000712
-0.000665
-0.000610
-0.000606
-0.000592
-0.000562
-0.000521
-0.000483
-0.000546
-0.001458
-0.001213
0.002936
-0.001092
-0.000803
0.000511
0.001464
0.001386
0.003468
0.003547
0.012115
0.005206
0.004345
0.002816
0.001452
0.001254
0.000566
-0.001506
-0.001282
-0.000932
-0.000986
-0.002015
0.002304
-0.000823
-0.000619
0.000382
0.000886
-0.000100
-0.001652
-0.004078
-0.004820
0.000683
0.010423
-0.000183
-0.000845
-0.000780
-0.000851
-0.000844
-0.000912
-0.000932
-0.000914
-0.000888
-0.000975
-0.001071
-0.001094
-0.001158
-0.000920
-0.000929
-0.000928
-0.000835
-0.000940
-0.000966
-0.000824
-0.001051
-0.001265
-0.001066
-0.001016
-0.000983
-0.001024
-0.000850
-0.000619
-0.000626
-0.000692
-0.000828
-0.000760
-0.000662
-0.000624
-0.000586
-0.000575
-0.000567
-0.000515
-0.000514
-0.000544
-0.001772
-0.000254
0.003514
0.003341
0.002047
0.000776
0.001767
0.003161
0.003486
0.004071
0.005170
0.002970
0.002060
0.002357
0.004339
0.004591
0.003346
0.004437
-0.000437
-0.001446
-0.001476
0.000599
0.001720
-0.001273
-0.000878
-0.000456
-0.001302
-0.000772
-0.000343
0.002200
-0.002557
0.000302
0.010132
0.003573
-0.000527
-0.000786
-0.000869
-0.000967
-0.001019
-0.000910
-0.000899
-0.000969
-0.001054
-0.001098
-0.001113
-0.001077
-0.000994
-0.000988
-0.001020
-0.001061
-0.001105
-0.001033
-0.001015
-0.001191
-0.001277
-0.001354
-0.001234
-0.001192
-0.001279
-0.000811
-0.000768
-0.000638
-0.000898
-0.000767
-0.000762
-0.000676
-0.000622
-0.000587
-0.000531
-0.000591
-0.000512
-0.000522
-0.000907
-0.002034
-0.002142
0.000154
-0.000015
0.000560
0.001057
0.003161
0.003262
0.001696
0.003464
0.005424
0.004806
0.004142
0.002565
0.000530
0.003246
-0.000093
0.001979
-0.000103
-0.000428
0.000178
0.002252
-0.001011
0.000469
0.001159
0.001250
-0.000871
0.000406
0.000723
-0.000442
-0.006668
0.001592
0.010645
0.004923
0.002885
-0.000917
-0.000834
-0.000936
-0.000903
-0.000921
-0.000976
-0.000904
-0.000967
-0.001023
-0.000971
-0.000992
-0.000929
-0.000876
-0.001099
-0.001193
-0.001176
-0.001084
-0.001314
-0.001420
-0.001322
-0.001395
-0.001369
-0.001293
-0.001089
-0.000806
-0.000690
-0.000680
-0.000782
-0.000679
-0.000745
-0.000683
-0.000638
-0.000646
-0.000592
-0.000555
-0.000593
-0.000621
-0.000568
-0.000740
-0.000780
-0.000220
-0.000680
-0.000949
-0.000914
-0.001347
-0.001165
-0.000246
0.000614
0.000996
0.001600
0.000052
-0.001278
-0.003138
-0.005066
-0.003692
0.000189
-0.006516
-0.007846
-0.000276
-0.000238
-0.000397
0.003200
0.007835
0.010533
0.006036
0.010855
0.005971
0.001242
-0.003123
0.008098
0.004627
0.000790
-0.001794
0.000091
-0.000774
-0.000974
-0.000971
-0.000961
-0.000900
-0.000907
-0.000937
-0.001033
-0.001075
-0.000996
-0.000871
-0.000869
-0.000966
-0.001148
-0.001329
-0.001313
-0.001288
-0.001285
-0.001192
-0.001300
-0.001298
-0.001165
-0.001146
-0.000931
-0.000718
-0.000658
-0.000839
-0.000733
-0.000733
-0.000701
-0.000737
-0.000672
-0.000632
-0.000543
-0.000633
-0.000603
-0.000575
-0.000712
-0.000758
-0.000664
-0.000586
-0.000922
-0.000912
-0.000874
-0.000651
-0.000656
-0.000414
0.004226
-0.001410
-0.013151
-0.017600
-0.015824
-0.013721
-0.008755
-0.010750
-0.010379
-0.006615
-0.001961
-0.002264
-0.000684
0.001736
0.005983
0.003161
0.001343
0.002863
0.001895
-0.001836
0.001231
0.004109
0.001949
-0.005623
-0.005113
-0.002639
-0.000315
-0.001564
-0.000989
-0.000930
-0.000893
-0.000915
-0.001071
-0.001035
-0.000979
-0.000957
-0.000802
-0.000944
-0.001086
-0.001277
-0.001402
-0.001277
-0.001313
-0.001221
-0.001238
-0.001162
-0.001186
-0.001197
-0.001236
-0.001153
-0.000810
-0.000739
-0.000741
-0.000828
-0.000743
-0.000737
-0.000739
-0.000674
-0.000634
-0.000627
-0.000677
-0.000632
-0.000629
-0.000708
-0.000716
-0.000608
-0.000706
-0.000742
-0.000728
-0.000742
-0.000075
0.005032
0.004996
0.004157
0.000394
-0.008394
-0.014664
-0.016106
-0.013578
-0.011450
-0.013767
-0.013504
-0.007506
-0.002406
-0.001915
-0.000568
-0.001648
0.001826
0.005073
-0.015316
-0.007476
-0.009920
-0.002516
-0.001183
0.002499
-0.000895
-0.002400
-0.007671
-0.005575
0.000483
-0.005354
-0.000911
-0.000947
-0.000941
-0.000961
-0.000888
-0.000926
-0.000789
-0.000884
-0.000951
-0.001234
-0.001259
-0.001389
-0.001426
-0.001454
-0.001416
-0.001439
-0.001439
-0.001224
-0.001080
-0.001213
-0.001230
-0.001088
-0.000781
-0.000735
-0.000837
-0.000698
-0.000770
-0.000701
-0.000751
-0.000679
-0.000559
-0.000704
-0.000797
-0.000664
-0.000542
-0.000577
-0.000698
-0.000744
-0.000822
-0.000801
-0.000619
-0.000425
0.001667
0.005875
0.005974
0.002590
0.001479
-0.006266
-0.009652
-0.012930
-0.014481
-0.016406
-0.018171
-0.014596
-0.005236
-0.001978
-0.001006
-0.000137
-0.000048
0.001801
0.002401
0.005089
0.004260
0.003525
-0.007311
-0.008269
-0.009827
0.004356
-0.000012
-0.005026
-0.001348
0.000402
-0.018111
-0.019440
0.000279
-0.000929
-0.000940
-0.000918
-0.000928
-0.000979
-0.001176
-0.001306
-0.001228
-0.001380
-0.001466
-0.001354
-0.001526
-0.001458
-0.001391
-0.001245
-0.001028
-0.001308
-0.001283
-0.001064
-0.001172
-0.000748
-0.000703
-0.000682
-0.000816
-0.000751
-0.000740
-0.000753
-0.000737
-0.000642
-0.000701
-0.000751
-0.000621
-0.000591
-0.000653
-0.000637
-0.000748
-0.000767
-0.000469
-0.000342
-0.000373
0.000128
0.006161
0.007303
0.004456
0.001838
-0.005613
-0.010875
-0.014413
-0.017382
-0.016958
-0.017111
-0.014202
-0.000401
-0.001185
-0.002767
-0.003362
-0.000447
0.001037
-0.000228
0.000205
0.000731
0.000131
0.000962
-0.001977
-0.005837
-0.009990
-0.001206
-0.002365
0.006669
-0.004870
-0.016944
-0.019736
-0.014118
0.000484
0.000558
-0.000944
-0.001038
-0.000991
-0.001133
-0.001365
-0.001405
-0.001338
-0.001383
-0.001413
-0.001296
-0.001351
-0.001251
-0.001083
-0.001224
-0.001147
-0.001177
-0.001131
-0.001177
-0.000843
-0.000817
-0.000828
-0.000682
-0.000658
-0.000817
-0.000770
-0.000586
-0.000695
-0.000623
-0.000756
-0.000621
-0.000636
-0.000675
-0.000644
-0.000637
-0.000448
-0.000389
-0.000489
-0.000527
-0.000643
0.002367
0.006095
0.005176
0.001981
-0.005458
-0.012580
-0.017012
-0.019240
-0.017902
-0.019543
-0.014200
0.003027
0.000076
-0.001802
-0.001386
-0.000244
0.000880
0.000450
0.000830
0.000299
-0.000700
-0.000540
-0.000024
-0.000066
-0.001974
-0.006370
0.001978
0.008621
-0.006811
-0.012727
-0.013087
-0.006423
-0.002793
0.006554
-0.000019
-0.000893
-0.000977
-0.001250
-0.001321
-0.001195
-0.001300
-0.001473
-0.001341
-0.001258
-0.001225
-0.001036
-0.001039
-0.001196
-0.001085
-0.001275
-0.001233
-0.001297
-0.000947
-0.000876
-0.000869
-0.000905
-0.000816
-0.001013
-0.000892
-0.000791
-0.000745
-0.000693
-0.000662
-0.000642
-0.000711
-0.000642
-0.000404
-0.000405
-0.000360
-0.000499
-0.000549
-0.000656
-0.000834
-0.001005
0.002572
0.004122
-0.004554
-0.011015
-0.010119
-0.010280
-0.012955
-0.013132
-0.020846
-0.017137
-0.007504
-0.003510
-0.001282
-0.000303
0.000363
0.000497
0.000293
0.000164
-0.000171
-0.000493
-0.000214
0.000280
0.000768
0.001734
-0.000306
0.007480
0.001147
-0.006739
-0.009844
-0.005951
-0.001019
0.006361
0.004319
0.003203
0.000073
-0.000378
-0.001171
-0.000993
-0.001094
-0.001227
-0.001293
-0.001218
-0.001216
-0.001223
-0.001183
-0.001201
-0.001259
-0.001331
-0.001245
-0.001236
-0.001217
-0.000932
-0.000901
-0.000858
-0.000911
-0.000837
-0.000968
-0.000978
-0.000798
-0.000425
-0.000652
-0.000610
-0.000723
-0.000498
-0.000365
-0.000307
-0.000373
-0.000446
-0.000583
-0.000701
-0.000815
-0.000820
-0.001018
0.000240
0.003322
-0.001279
-0.004848
-0.009668
-0.011591
-0.013012
-0.019522
-0.018850
-0.014626
-0.006467
-0.002358
-0.001903
-0.001407
-0.002076
-0.000224
-0.000025
-0.000612
-0.000733
-0.000300
0.000075
-0.000023
0.000451
0.000741
0.001767
-0.000492
0.000734
-0.007030
-0.004849
-0.000362
0.019598
0.014666
0.006459
0.002081
-0.001418
-0.001739
0.000219
0.000046
-0.000030
-0.001201
-0.001344
-0.001096
-0.001085
-0.001086
-0.001339
-0.001230
-0.001249
-0.001253
-0.001150
-0.001234
-0.001228
-0.000873
-0.000851
-0.000880
-0.000947
-0.001043
-0.000902
-0.000927
-0.000985
-0.000921
-0.000811
-0.000708
-0.000730
-0.000649
-0.000549
-0.000307
-0.000378
-0.000586
-0.000609
-0.000712
-0.000725
-0.000738
-0.000976
-0.000913
-0.001117
-0.001603
-0.001855
-0.001068
-0.001878
-0.000272
-0.013427
-0.011102
-0.006090
-0.003983
-0.002911
-0.001543
-0.000859
-0.000722
-0.001234
-0.001212
-0.000943
-0.001539
-0.000935
-0.000456
-0.001945
-0.002804
-0.000638
0.000211
0.000284
0.000627
-0.005203
-0.002643
0.003226
0.018900
0.015825
0.014769
0.004611
0.001028
0.000854
-0.000353
-0.000846
-0.002231
0.000305
-0.000057
-0.001184
-0.001145
-0.001184
-0.001187
-0.001118
-0.001197
-0.001122
-0.001175
-0.001178
-0.001020
-0.000876
-0.000874
-0.000824
-0.000863
-0.000956
-0.000872
-0.000874
-0.000852
-0.000737
-0.000963
-0.001040
-0.000526
-0.000164
-0.000364
-0.000356
0.000052
-0.000401
-0.000458
-0.000539
-0.000702
-0.000817
-0.001325
-0.001346
-0.001344
-0.001324
-0.001328
-0.001348
-0.001318
-0.001306
-0.001619
-0.000586
-0.005682
-0.004000
-0.001858
-0.001125
-0.000493
-0.000181
-0.001245
-0.001907
-0.001990
-0.002146
-0.003506
-0.004162
-0.006205
-0.006903
-0.005247
-0.004197
-0.003352
-0.003589
-0.003208
0.006405
0.017529
0.009483
0.014376
0.009772
0.002979
0.005445
0.003479
0.001702
0.001293
0.001014
-0.000048
-0.000400
0.000070
-0.000405
-0.000654
-0.001140
-0.001130
-0.001126
-0.001143
-0.001047
-0.001258
-0.000810
-0.000988
-0.000933
-0.000860
-0.000819
-0.000816
-0.000766
-0.000768
-0.000764
-0.000865
-0.001260
-0.001362
-0.000871
-0.001030
-0.001131
-0.000957
-0.000514
-0.001357
-0.001360
-0.001188
-0.001139
-0.001189
-0.001275
-0.001368
-0.001363
-0.001308
-0.001330
-0.001391
-0.001333
-0.001374
-0.001356
-0.001295
-0.001320
-0.000968
-0.000309
0.000133
0.000038
0.000003
-0.000844
-0.001551
-0.001464
-0.002801
-0.004992
-0.004351
-0.002615
-0.010588
-0.012119
-0.010791
-0.008133
-0.008650
-0.010555
0.002169
0.024047
0.008316
0.003547
-0.000399
-0.002673
0.002152
0.000377
0.000597
0.000218
-0.000585
-0.000939
-0.001142
-0.001223
-0.001245
-0.001156
-0.001006
-0.001108
-0.001232
-0.001114
-0.001105
-0.001131
-0.000828
-0.000768
-0.000923
-0.000820
-0.000697
-0.000749
-0.000684
-0.000663
-0.001119
-0.001388
-0.001325
-0.001073
-0.001252
-0.001147
-0.001304
-0.001271
-0.000914
-0.001127
-0.001222
-0.001014
-0.000913
-0.001036
-0.001271
-0.001350
-0.001325
-0.001325
-0.001371
-0.001427
-0.001531
-0.001516
-0.001497
-0.001458
-0.001395
-0.001526
-0.001406
-0.001439
-0.001510
-0.001588
-0.000281
-0.000104
-0.000153
-0.000260
-0.000885
-0.000955
-0.000365
0.002992
-0.014467
-0.013790
-0.017359
-0.016772
-0.015500
-0.015636
0.001157
-0.000731
-0.002534
-0.001664
-0.001929
-0.000556
-0.000754
-0.000975
-0.001030
-0.001099
-0.000992
-0.001028
-0.001082
-0.001182
-0.001144
-0.001128
-0.001223
-0.001213
-0.001148
-0.001131
-0.001106
-0.000853
-0.001055
-0.001010
-0.000954
-0.000888
-0.000686
-0.000971
-0.001189
-0.001583
-0.001624
-0.001548
-0.001156
-0.001095
-0.001441
-0.001455
-0.001401
-0.001337
-0.001119
-0.001201
-0.001250
-0.001099
-0.001104
-0.001142
-0.001244
-0.001319
-0.001304
-0.001402
-0.001447
-0.001655
-0.001526
-0.001612
-0.001539
-0.001494
-0.001578
-0.001570
-0.001488
-0.001623
-0.001724
-0.001894
-0.001980
-0.001789
-0.001812
-0.001849
-0.001820
-0.001820
0.000569
-0.015612
-0.023230
-0.025409
-0.022835
-0.022362
-0.019462
-0.001134
-0.000338
-0.001000
-0.001027
-0.001234
-0.001347
-0.001320
-0.001330
-0.001200
-0.001131
-0.001008
-0.001143
-0.001201
-0.001187
-0.001091
-0.001272
-0.001131
-0.001043
-0.001099
-0.001129
-0.001104
-0.000927
-0.001150
-0.001106
-0.001020
-0.001010
-0.001162
-0.001359
-0.001480
-0.001731
-0.001580
-0.001407
-0.001508
-0.001093
-0.001229
-0.001336
-0.001297
-0.001308
-0.001049
-0.001304
-0.001289
-0.001232
-0.000995
-0.001194
-0.001370
-0.001377
-0.001294
-0.001323
-0.001531
-0.001750
-0.001760
-0.001979
-0.001697
-0.001525
-0.001512
-0.001616
-0.001715
-0.001863
-0.001839
-0.001878
-0.001590
-0.001700
-0.001826
-0.001723
-0.001970
-0.002033
-0.001938
0.000611
-0.024141
-0.028075
-0.023285
-0.013794
-0.009818
-0.005680
-0.001890
-0.001486
-0.001443
-0.001192
-0.001602
-0.001575
-0.001329
-0.001181
-0.001061
-0.001142
-0.001278
-0.001346
-0.001274
-0.001234
-0.001179
-0.001154
-0.001099
-0.001115
-0.001098
-0.000976
-0.001092
-0.001334
-0.001448
-0.001300
-0.001338
-0.001359
-0.001647
-0.001718
-0.001605
-0.001467
-0.001606
-0.001658
-0.001582
-0.001109
-0.001263
-0.000867
-0.001372
-0.001493
-0.001334
-0.001338
-0.001345
-0.001350
-0.001286
-0.001415
-0.001508
-0.001597
-0.001606
-0.001626
-0.001699
-0.001461
-0.001654
-0.001782
-0.001696
-0.001744
-0.001831
-0.001867
-0.001815
-0.001869
-0.001691
-0.001645
-0.001847
-0.001983
-0.002011
-0.001804
-0.001994
-0.001835
-0.001688
-0.002290
-0.024122
-0.027337
-0.025848
-0.008147
-0.001783
-0.003911
-0.002387
-0.001382
-0.001499
-0.001631
-0.001603
-0.001267
-0.001239
-0.001159
-0.001280
-0.001540
-0.001533
-0.001302
-0.001237
-0.001226
-0.001243
-0.001230
-0.001049
-0.001017
-0.001015
-0.001344
-0.001571
-0.001419
-0.001388
-0.001496
-0.001505
-0.001375
-0.001579
-0.001519
-0.001533
-0.001494
-0.001652
-0.001681
-0.001851
-0.001134
-0.001350
-0.001263
-0.001426
-0.001323
-0.001377
-0.001411
-0.001360
-0.001318
-0.001425
-0.001679
-0.001781
-0.001744
-0.001762
-0.001696
-0.001881
-0.001971
-0.001999
-0.001889
-0.001841
-0.001897
-0.001981
-0.001947
-0.001899
-0.001531
-0.001742
-0.002302
-0.002121
-0.002213
-0.001964
-0.002085
-0.001949
-0.001988
-0.001979
-0.005470
-0.020240
-0.010606
-0.003209
-0.000272
-0.002571
-0.002214
-0.001876
-0.001820
-0.001675
-0.001342
-0.001355
-0.001256
-0.001264
-0.001259
-0.001488
-0.001503
-0.001312
-0.001368
-0.001301
-0.001375
-0.001242
-0.001027
-0.000991
-0.001199
-0.001398
-0.001643
-0.001602
-0.001535
-0.001512
-0.001481
-0.001479
-0.001497
-0.001574
-0.001492
-0.001624
-0.001723
-0.001737
0.000033
-0.001158
-0.001367
-0.001212
-0.001285
-0.001500
-0.001502
-0.001390
-0.001396
-0.001261
-0.001408
-0.001766
-0.001990
-0.001949
-0.001892
-0.001976
-0.002047
-0.002058
-0.001977
-0.001923
-0.002017
-0.001922
-0.002118
-0.002027
-0.001660
-0.001695
-0.001910
-0.002038
-0.001715
-0.001622
-0.001874
-0.002122
-0.002161
-0.002274
-0.002206
-0.002323
-0.003728
-0.002463
-0.001990
-0.001839
-0.001914
-0.001803
-0.001689
-0.001717
-0.001504
-0.001394
-0.001511
-0.001437
-0.001336
-0.001338
-0.001304
-0.001221
-0.001064
-0.001107
-0.001299
-0.001185
-0.001167
-0.001064
-0.001335
-0.001309
-0.001543
-0.001606
-0.001601
-0.001602
-0.001574
-0.001373
-0.001457
-0.001369
-0.001555
-0.001546
-0.001475
-0.001523
-0.001586
-0.001630
-0.001503
-0.001240
-0.001169
-0.001321
-0.001551
-0.001595
-0.001404
-0.001407
-0.001447
-0.001550
-0.001760
-0.001979
-0.001942
-0.001949
-0.002065
-0.002048
-0.001927
-0.002120
-0.002085
-0.002203
-0.002310
-0.002173
-0.002245
-0.002149
-0.002130
-0.002338
-0.002142
-0.001918
-0.002087
-0.002012
-0.002181
-0.002025
-0.002241
-0.002123
-0.002233
-0.002024
-0.001888
-0.001948
-0.001891
-0.001823
-0.001627
-0.001571
-0.001572
-0.001506
-0.001393
-0.001428
-0.001289
-0.001093
-0.001191
-0.001110
-0.001130
-0.001149
-0.001121
-0.001020
-0.001061
-0.001132
-0.001243
-0.001298
-0.001195
-0.001295
-0.001554
-0.001594
-0.001425
-0.001283
-0.001408
-0.001225
-0.001392
-0.001656
-0.001616
-0.001402
-0.001521
-0.001625
-0.001454
-0.001032
-0.001300
-0.001268
-0.001397
-0.001560
-0.001544
-0.001442
-0.001393
-0.001513
-0.001699
-0.001898
-0.002067
-0.002089
-0.002025
-0.001945
-0.002013
-0.002070
-0.002078
-0.002272
-0.002248
-0.002387
-0.002242
-0.002235
-0.001996
-0.002099
-0.002081
-0.002119
-0.002202
-0.002254
-0.002309
-0.001862
-0.001932
-0.002342
-0.002347
-0.002046
-0.002037
-0.001936
-0.001828
-0.001871
-0.001778
-0.001548
-0.001511
-0.001599
-0.001560
-0.001395
-0.001386
-0.001407
-0.001104
-0.001130
-0.001127
-0.001157
-0.001239
-0.001247
-0.001129
-0.001215
-0.001282
-0.001326
-0.001266
-0.001218
-0.001205
0.000022
-0.001529
-0.001489
-0.001447
-0.001341
-0.001291
-0.001450
-0.001579
-0.001417
-0.001487
-0.001541
-0.001443
-0.001281
-0.001231
-0.001225
-0.000888
-0.001288
-0.001287
-0.001255
-0.001456
-0.001412
-0.001454
-0.001605
-0.001766
-0.001791
-0.001952
-0.001902
-0.001852
-0.001910
-0.002082
-0.001982
-0.002230
-0.002290
-0.002287
-0.002278
-0.002408
-0.002091
-0.002014
-0.002137
-0.002173
-0.001983
-0.002098
-0.002167
-0.001990
-0.001830
-0.001879
-0.002054
-0.001952
-0.001933
-0.001703
-0.001780
-0.001970
-0.001750
-0.001675
-0.001698
-0.001617
-0.001555
-0.001321
-0.001155
-0.001198
-0.001264
-0.001282
-0.001218
-0.001254
-0.001225
-0.001450
-0.001333
-0.001281
-0.001468
-0.001356
-0.001197
-0.001378
-0.001094
