0.000690
0.000652
0.000624
0.000632
0.000681
0.000729
0.000708
0.000438
0.000503
0.000668
0.000760
-0.000603
0.000932
0.000903
0.000644
0.000612
0.000585
0.000677
0.000691
0.000688
0.000691
0.000810
0.000935
0.000890
0.000940
0.000919
0.000823
0.000817
0.000742
0.000672
0.000757
0.000793
0.000716
0.000723
0.000644
0.000585
0.000499
0.000533
0.000632
0.000614
0.000602
0.000602
0.000617
0.000508
0.000506
0.000458
0.000423
0.000472
0.000503
0.000445
0.000399
0.000319
0.000320
0.000341
0.000333
0.000344
0.000399
0.000429
0.000388
0.000466
0.000511
0.000618
0.000587
0.000290
0.000004
-0.000173
-0.001158
0.000082
0.000040
0.000031
0.000061
0.000070
0.000195
0.000535
0.000463
0.000526
0.000499
0.000584
0.000647
0.000613
0.000619
0.000569
0.000583
0.000643
0.000746
0.000653
0.000761
0.000575
0.000634
0.000651
0.000731
0.000695
0.000613
0.000725
0.000757
0.000819
0.000868
0.000890
0.000867
0.000824
0.000883
0.000846
0.000676
0.000892
0.000753
0.000798
0.000860
0.000842
0.000806
0.000583
0.000581
0.000708
0.000659
0.000660
0.000637
0.000531
0.000530
0.000532
0.000567
0.000568
0.000548
0.000554
0.000556
0.000557
0.000500
0.000379
0.000405
0.000376
0.000404
0.000445
0.000450
0.000412
0.000411
0.000439
0.000391
0.000427
0.000500
0.000448
0.000415
0.000482
0.000500
0.000463
0.000405
0.000323
0.000390
0.000609
0.000588
0.000521
0.000523
0.000370
0.000495
0.000618
0.000622
0.000609
0.000588
0.000556
0.000630
0.000664
0.000640
0.000551
0.000512
0.000518
0.000604
0.000631
0.000658
0.000687
0.000642
0.000637
0.000737
0.000823
0.000802
0.000880
0.000871
0.000825
0.000861
0.000858
0.000836
0.000685
0.000726
0.000756
0.000852
0.000891
0.000767
0.000638
0.000649
0.000676
0.000678
0.000606
0.000565
0.000584
0.000581
0.000613
0.000570
0.000498
0.000447
0.000432
0.000566
0.000464
0.000419
0.000430
0.000409
0.000375
0.000405
0.000404
0.000404
0.000298
0.000394
0.000376
0.000420
0.000415
0.000444
0.000400
0.000346
0.000388
0.000423
0.000320
0.000299
0.000398
0.000524
0.000525
0.000577
0.000500
0.000484
0.000537
0.000615
0.000622
0.000672
0.000645
0.000622
0.000640
0.000674
0.000590
0.000688
0.000593
0.000525
0.000623
0.000651
0.000638
0.000683
0.000732
0.000681
0.000732
0.000770
0.000771
0.000810
0.000777
0.000861
0.000833
0.000861
0.000774
0.000720
0.000767
0.000772
0.000779
0.000831
0.000831
0.000783
0.000746
0.000765
0.000650
0.000711
0.000673
0.000653
0.000597
0.000542
0.000575
0.000541
0.000503
0.000517
0.000531
0.000450
0.000377
0.000385
0.000429
0.000422
0.000441
0.000453
0.000500
0.000516
0.000420
0.000386
0.000432
0.000397
0.000467
0.000438
0.000365
0.000348
0.000349
0.000360
0.000384
0.000345
0.000519
0.000604
0.000573
0.000623
0.000518
0.000474
0.000569
0.000623
0.000608
0.000684
0.000646
0.000634
0.000708
0.000701
0.000704
0.000624
0.000605
0.000635
0.000673
0.000714
0.000639
0.000730
0.000771
0.000639
0.000657
0.000776
0.000709
0.000680
0.000715
0.000734
0.000830
0.000768
0.000674
0.000706
0.000759
0.000775
0.000836
0.000801
0.000860
0.000628
0.000515
0.000732
0.000721
0.000753
0.000624
0.000587
0.000470
0.000512
0.000517
0.000423
0.000447
0.000424
0.000380
0.000365
0.000388
0.000439
0.000417
0.000415
0.000429
0.000439
0.000510
0.000396
0.000366
0.000446
0.000492
0.000373
0.000323
0.000320
0.000390
0.000326
0.000321
0.000387
0.000327
-0.002169
0.000485
0.000562
0.000590
0.000456
0.000408
0.000529
0.000547
0.000543
0.000660
0.000608
0.000562
0.000562
0.000635
0.000620
0.000758
0.000625
0.000576
0.000686
0.000706
0.000734
0.000728
0.000737
0.000690
0.000691
0.000695
0.000738
0.000633
0.000680
0.000761
0.000776
0.000746
0.000698
0.000730
0.000748
0.000762
0.000777
0.000750
0.000802
0.000647
0.000394
0.000425
0.000517
0.000701
0.000719
0.000561
0.000456
0.000512
0.000537
0.000424
0.000448
0.000430
0.000387
0.000400
0.000427
0.000426
0.000431
0.000415
0.000350
0.000413
0.000407
0.000439
0.000373
0.000347
0.000371
0.000357
0.000370
0.000407
0.000440
0.000364
0.000350
0.000389
0.000394
0.000466
0.000581
0.000583
0.000532
0.000395
0.000306
0.000517
0.000480
0.000523
0.000637
0.000625
0.000583
0.000592
0.000570
0.000605
0.000675
0.000752
0.000664
0.000651
0.000737
0.000740
0.000759
0.000758
0.000803
0.000771
0.000684
0.000704
0.000603
0.000590
0.000719
0.000802
0.000692
0.000730
0.000763
0.000850
0.000835
0.000732
0.000802
0.000762
0.000505
0.000500
0.000700
0.000821
0.000679
0.000648
0.000632
0.000494
0.000456
0.000457
0.000428
0.000464
0.000445
0.000376
0.000413
0.000359
0.000393
0.000380
0.000415
0.000371
0.000480
0.000451
0.000480
0.000405
0.000317
0.000445
0.000498
0.000398
0.000370
0.000349
0.000339
0.000389
0.000399
0.000447
0.000372
0.000555
0.000554
0.000493
0.000404
0.000408
0.000491
0.000421
0.000560
0.000638
0.000542
0.000567
0.000495
0.000591
0.000575
0.000637
0.000707
0.000684
0.000771
0.000679
0.000726
0.000801
0.000746
0.000807
0.000851
0.000737
0.000712
0.000681
0.000652
0.000699
0.000696
0.000674
0.000762
0.000790
0.000839
0.000827
0.000799
0.000796
0.000737
0.000571
0.000598
0.000777
0.000830
0.000733
0.000615
0.000578
0.000540
0.000416
0.000456
0.000489
0.000448
0.000438
0.000388
0.000353
0.000379
0.000357
0.000323
0.000348
0.000344
0.000342
0.000407
0.000460
0.000315
0.000348
0.000337
0.000423
0.000400
0.000417
0.000356
0.000439
0.000406
0.000413
0.000338
0.000232
0.000497
0.000574
0.000544
0.000525
0.000466
0.000473
0.000383
0.000562
0.000527
0.000635
0.000520
0.000531
0.000510
0.000606
0.000623
0.000595
0.000697
0.000639
0.000741
0.000733
0.000826
0.000798
0.000854
0.000852
0.000812
0.000804
0.000763
0.000687
0.000759
0.000783
0.000761
0.000668
0.000568
0.000790
0.000781
0.000850
0.000834
0.000880
0.000754
0.000602
0.000749
0.000770
0.000706
0.000604
0.000603
0.000523
0.000539
0.000486
0.000541
0.000493
0.000346
0.000377
0.000392
0.000305
0.000287
0.000298
0.000329
0.000402
0.000449
0.000388
0.000422
0.000315
0.000252
0.000335
0.000340
0.000360
0.000352
0.000456
0.000421
0.000356
0.000410
0.000375
0.001326
0.000581
0.000529
0.000590
0.000512
0.000483
0.000479
0.000464
0.000497
0.000487
0.000589
0.000462
0.000548
0.000590
0.000623
0.000604
0.000634
0.000666
0.000620
0.000651
0.000739
0.000851
0.000825
0.000837
0.000849
0.000824
0.000805
0.000758
0.000707
0.000736
0.000752
0.000773
0.000714
0.000531
0.000817
0.000765
0.000757
0.000820
0.000834
0.000720
0.000606
0.000621
0.000680
0.000713
0.000629
0.000620
0.000585
0.000542
0.000510
0.000517
0.000387
0.000352
0.000397
0.000414
0.000367
0.000371
0.000409
0.000421
0.000362
0.000453
0.000418
0.000391
0.000441
0.000395
0.000279
0.000356
0.000382
0.000339
0.000451
0.000413
0.000392
0.000481
0.000411
0.000435
0.000549
0.000505
0.000567
0.000593
0.000562
0.000525
0.000436
0.000420
0.000445
0.000500
0.000488
0.000495
0.000572
0.000626
0.000585
0.000631
0.000670
0.000610
0.000640
0.000709
0.000807
0.000766
0.000766
0.000795
0.000823
0.000818
0.000741
0.000763
0.000787
0.000822
0.000734
0.000678
0.000725
0.000822
0.000780
0.000715
0.000824
0.000784
0.000716
0.000601
0.000618
0.000554
0.000517
0.000580
0.000680
0.000618
0.000570
0.000432
0.000353
0.000239
0.000327
0.000357
0.000390
0.000364
0.000323
0.000317
0.000377
0.000330
0.000454
0.000401
0.000479
0.000501
0.000427
0.000341
0.000365
0.000336
0.000393
0.000511
0.000483
0.000395
0.000546
0.000530
0.000431
0.000523
0.000537
0.000444
0.000492
0.000470
0.000458
0.000446
0.000486
0.000456
0.000462
0.000439
0.000473
0.000555
0.000540
0.000566
0.000643
0.000636
0.000552
0.000543
0.000617
0.000793
0.000761
0.000672
0.000773
0.000844
0.000808
0.000731
0.000846
0.000821
0.000790
0.000748
0.000653
0.000754
0.000779
0.000804
0.000746
0.000746
0.000810
0.000825
0.000620
0.000591
0.000385
0.000381
0.000545
0.000620
0.000601
0.000576
0.000451
0.000365
0.000390
0.000392
0.000379
0.000366
0.000396
0.000340
0.000310
0.000460
0.000426
0.000458
0.000517
0.000479
0.000458
0.000440
0.000362
0.000389
0.000435
0.000476
0.000419
0.000481
0.000543
0.000517
0.000491
0.000440
0.000560
0.000562
0.000515
0.000421
0.000473
0.000445
0.000430
0.000439
0.000464
0.000466
0.000367
0.000414
0.000467
0.000434
0.000463
0.000483
0.000557
0.000619
0.000690
0.000713
0.000721
0.000751
0.000687
0.000682
0.000840
0.000809
0.000806
0.000815
0.000806
0.000884
0.000936
0.000889
0.000770
0.000847
0.000837
0.000829
0.000795
0.000803
0.000746
0.000619
0.000468
0.000332
0.000297
0.000346
0.000417
0.000529
0.000576
0.000562
0.000413
0.000382
0.000337
0.000361
0.000365
0.000406
0.000414
0.000357
0.000377
0.000472
0.000456
0.000500
0.000434
0.000453
0.000432
0.000423
0.000416
0.000456
0.000437
0.000307
0.000285
0.000500
0.000527
0.000568
0.000725
0.000522
0.000492
0.000477
0.000568
0.000451
0.000382
0.000403
0.000420
0.000405
0.000392
0.000397
0.000392
0.000351
0.000442
0.000429
0.000470
0.000474
0.000548
0.000633
0.000733
0.000728
0.000689
0.000060
-0.000929
-0.000899
-0.000170
0.000146
0.000566
0.000791
0.000957
0.000978
0.000960
0.000877
0.000829
0.000841
0.000915
0.000868
0.000861
0.000725
0.000522
0.000363
0.000303
0.000328
0.000327
0.000326
0.000513
0.000558
0.000527
0.000451
0.000390
0.000391
0.000407
0.000421
0.000422
0.000436
0.000227
0.000299
0.000483
0.000504
0.000470
0.000409
0.000470
0.000475
0.000454
0.000473
0.000457
0.000440
0.000364
0.000237
0.000439
0.000464
0.000572
0.000560
0.000544
0.000467
0.000455
0.000505
0.000422
0.000353
0.000391
0.000421
0.000364
0.000370
0.000338
0.000343
0.000355
0.000389
0.000377
0.000426
0.000470
0.000551
0.000598
0.000714
0.000726
-0.000266
-0.006671
-0.007127
-0.018766
-0.031694
-0.021142
-0.013055
-0.000700
0.000869
0.000892
0.000977
0.000893
0.000843
0.000812
0.000857
0.000878
0.000846
0.000645
0.000447
0.000171
0.000228
0.000316
0.000354
0.000406
0.000546
0.000631
0.000608
0.000615
0.000492
0.000408
0.000375
0.000419
0.000434
0.000389
0.000383
0.000345
0.000561
0.000575
0.000559
0.000466
0.000518
0.000531
0.000524
0.000452
0.000477
0.000481
0.000419
0.000543
0.000567
0.000531
0.000601
0.000466
0.000476
0.000424
0.000376
0.000428
0.000327
0.000328
0.000353
0.000376
0.000319
0.000330
0.000298
0.000296
0.000334
0.000373
0.000386
0.000392
0.000483
0.000554
0.000595
0.000671
0.000430
-0.000795
-0.000515
-0.003074
-0.007606
-0.009356
-0.009008
-0.024041
-0.030403
-0.003769
0.000559
0.001010
0.001022
0.000875
0.000802
0.000754
0.000843
0.000874
0.000678
0.000382
0.000111
-0.000058
0.000176
0.000335
0.000411
0.000459
0.000590
0.000634
0.000616
0.000513
0.000444
0.000411
0.000449
0.000347
0.000348
0.000170
0.000299
0.000603
0.000600
0.000557
0.000586
0.000563
0.000582
0.000550
0.000495
0.000503
0.000417
0.000487
0.000596
0.000507
0.000589
0.000586
0.000326
0.000465
0.000390
0.000335
0.000345
0.000296
0.000287
0.000299
0.000282
0.000271
0.000304
0.000324
0.000280
0.000333
0.000348
0.000389
0.000428
0.000343
0.000399
0.000458
0.000538
0.000364
-0.002549
-0.007078
-0.011442
-0.015441
-0.023144
-0.021860
-0.016067
-0.023931
0.000365
0.001009
0.000985
0.001065
0.001034
0.000859
0.000812
0.000845
0.000841
0.000713
0.000472
0.000074
-0.000239
0.000115
0.000361
0.000445
0.000448
0.000591
0.000604
0.000610
0.000550
0.000419
0.000392
0.000430
0.000349
0.000240
0.000263
0.000311
0.000601
0.000547
0.000523
0.000500
0.000456
0.000467
0.000485
0.000511
0.000538
0.000490
0.000544
0.000512
0.000784
0.000738
0.000612
-0.001100
0.000450
0.000403
0.000368
0.000295
0.000294
0.000313
0.000299
0.000274
0.000309
0.000316
0.000332
0.000331
0.000293
0.000289
0.000344
0.000243
-0.005481
-0.000217
0.000934
0.001024
0.000711
0.000602
0.000431
-0.000248
-0.000355
0.001157
-0.006741
-0.007603
-0.000878
0.000998
0.000939
0.000970
0.001052
0.001065
0.001367
0.001607
0.001327
0.000902
0.000763
0.000512
0.000350
0.000184
0.000313
0.000449
0.000467
0.000422
0.000434
0.000546
0.000508
0.000540
0.000439
0.000473
0.000437
0.000418
0.000321
0.000302
0.000357
0.000567
0.000526
0.000464
0.000461
0.000398
0.000418
0.000464
0.000487
0.000609
0.000599
0.000666
0.000695
0.000712
0.000723
0.000764
0.000652
0.000449
0.000406
0.000352
0.000265
0.000265
0.000304
0.000296
0.000291
0.000317
0.000318
0.000293
0.000225
0.000220
0.000196
-0.003389
-0.000661
-0.004779
0.000905
0.001019
0.001012
0.000845
0.000972
0.000885
0.000851
0.000973
0.002036
0.001914
0.007215
0.010323
0.002022
0.000854
0.000755
0.000872
0.001945
0.009939
0.016692
0.012967
0.004853
0.001301
0.000848
0.000533
0.000447
0.000411
0.000463
0.000517
0.000475
0.000449
0.000533
0.000534
0.000564
0.000486
0.000465
0.000520
0.000545
0.000417
0.000300
0.000376
0.000424
0.000608
0.000626
0.000515
0.000336
0.000345
0.000479
0.000562
0.000676
0.000692
0.000768
0.000720
0.000663
0.000739
0.000858
0.000735
0.000457
0.000408
0.000340
0.000294
0.000250
0.000270
0.000266
0.000278
0.000227
0.000266
0.000213
0.000245
0.000422
-0.001373
-0.001905
0.000532
0.001169
0.000751
0.000851
0.000892
0.001038
0.001294
0.001386
0.001380
0.000914
0.000220
0.000644
0.006745
0.014220
0.015981
0.008585
0.004981
0.008048
0.019395
0.015359
0.014205
0.014618
0.015624
0.006923
0.003493
0.001035
0.000545
0.000491
0.000544
0.000546
0.000473
0.000517
0.000565
0.000600
0.000562
0.000541
0.000507
0.000557
0.000528
0.000503
0.000479
0.000459
0.000416
0.000521
0.000589
0.000501
0.000501
0.000563
0.000495
0.000627
0.000632
0.000787
0.000804
0.000745
0.000645
0.000746
0.000793
0.000704
0.000405
0.000368
0.000322
0.000284
0.000287
0.000278
0.000251
0.000206
0.000259
0.000212
0.000229
0.000454
-0.000096
-0.002664
-0.004748
0.001076
0.001041
0.000795
0.000811
0.001034
0.001292
0.001308
0.001204
0.001029
0.000415
0.000621
0.000556
0.002543
0.009794
0.013304
0.005895
0.001412
0.006799
0.012895
0.008068
0.006808
0.007887
0.012138
0.013327
0.008743
0.002182
0.000630
0.000595
0.000381
0.000519
0.000560
0.000503
0.000590
0.000594
0.000656
0.000550
0.000504
0.000521
0.000503
0.000476
0.000417
0.000549
0.000496
0.000637
0.000614
0.000604
0.000655
0.000709
0.000627
0.000653
0.000684
0.000805
0.000700
0.000718
0.000760
0.000779
0.000757
-0.000596
0.000393
0.000382
0.000316
0.000278
0.000266
0.000273
0.000282
0.000192
0.000227
0.000189
0.000244
0.000133
-0.000001
-0.005008
-0.005727
0.001210
0.001028
0.000937
0.000918
0.001143
0.001357
0.000982
0.002339
0.000254
-0.002638
-0.000169
-0.000188
0.000458
0.005449
0.007942
0.008865
0.003686
0.003068
0.005487
0.002645
0.001641
0.002418
0.005885
0.009386
0.007285
0.001941
0.001735
0.004295
-0.000150
0.000379
0.000514
0.000645
0.000508
0.000552
0.000675
0.000607
0.000543
0.000476
0.000487
0.000488
0.000532
0.000595
0.000569
0.000582
0.000696
0.000544
0.000630
0.000568
0.000512
0.000654
0.000843
0.000800
0.000892
0.000963
0.000891
0.000825
0.000783
0.000660
0.000388
0.000375
0.000333
0.000137
0.000220
0.000207
0.000230
0.000178
0.000189
0.000199
0.000159
0.000147
0.000053
-0.004486
-0.015472
0.005126
0.001410
0.001236
0.001114
0.001271
0.000973
0.006975
0.008689
0.010814
0.008255
0.003360
0.000976
0.001238
0.001296
0.001030
0.001898
0.001383
0.000263
-0.000379
0.000932
0.000406
0.000872
0.001581
0.002983
0.005551
0.002477
0.005877
0.003404
-0.000398
0.001216
-0.000710
-0.000282
0.000598
0.000487
0.000645
0.000626
0.000625
0.000528
0.000469
0.000473
0.000528
0.000557
0.000525
0.000416
0.000495
0.000558
0.000510
0.000273
0.000538
0.000944
0.000979
0.001049
0.001192
0.001186
0.000793
0.000670
0.000720
0.000715
0.000444
0.000388
0.000279
0.000124
0.000035
0.000122
0.000235
0.000160
0.000105
0.000141
0.000158
0.000140
0.000099
-0.001386
-0.011707
0.009157
0.003598
0.001295
0.001159
0.001007
0.017247
0.025548
0.021999
0.023533
0.022994
0.015586
0.006180
0.001665
0.001386
0.000621
0.001445
0.000990
-0.001123
-0.001136
0.000172
0.001211
0.000668
0.000819
-0.001349
0.000335
-0.000933
0.001925
0.002977
0.000737
-0.005028
0.002433
0.004533
0.001151
0.000413
0.000605
0.000613
0.000652
0.000582
0.000518
0.000488
0.000601
0.000669
0.000685
0.000524
0.000518
0.000629
0.000704
0.000396
0.000444
0.000603
0.000908
0.001045
0.001124
0.000920
0.000858
0.000676
0.000762
0.000863
0.000418
0.000391
0.000340
0.000227
0.000067
0.000096
0.000134
0.000165
0.000125
0.000131
0.000115
0.000102
0.000097
-0.000295
-0.004355
-0.004137
0.003894
0.001932
0.006315
0.018734
0.027854
0.034267
0.037871
0.032039
0.028317
0.021785
0.013257
0.004295
0.000963
0.000847
0.001129
0.000990
-0.001319
-0.001656
-0.001828
0.000478
0.000755
0.000518
-0.002619
-0.000327
-0.000980
-0.001396
0.001216
-0.001399
-0.002174
-0.002964
-0.008007
0.000599
0.000508
0.000428
0.000516
0.000555
0.000610
0.000578
0.000531
0.000566
0.000648
0.000730
0.000704
0.000585
0.000810
0.000908
0.000788
0.000429
0.000343
0.000646
0.000968
0.001018
0.000834
0.000798
0.000700
0.000949
0.000844
0.000351
0.000382
0.000300
0.000242
0.000213
0.000125
0.000179
0.000156
0.000148
0.000117
0.000106
0.000075
0.000104
-0.000109
-0.006955
0.002140
-0.000887
0.009653
0.013083
0.016948
0.008766
0.020699
0.030314
0.032847
0.031000
0.022598
0.011569
0.001939
0.000527
0.000750
0.001161
0.000385
-0.000955
-0.000702
-0.000623
-0.001840
-0.002816
-0.002819
-0.001412
-0.000467
-0.001165
-0.000753
-0.000988
-0.001885
-0.002935
-0.006444
-0.009172
-0.011964
0.001060
0.000447
0.000453
0.000505
0.000562
0.000630
0.000582
0.000588
0.000629
0.000738
0.000817
0.000813
0.000875
0.000907
0.000902
0.000464
0.000521
0.000534
0.000711
0.000922
0.000973
0.000858
0.000690
0.000713
0.000829
0.000326
0.000343
0.000355
0.000305
0.000260
0.000190
0.000167
0.000147
0.000117
0.000061
0.000036
0.000016
0.000018
0.000013
0.000152
0.000148
-0.000036
-0.000575
-0.001174
-0.001803
-0.001085
0.000869
0.005763
0.008523
0.014114
0.013419
0.005938
0.000648
-0.001935
0.001835
0.000109
-0.007205
-0.006608
-0.001185
-0.003681
-0.001262
-0.007786
-0.007566
-0.007190
-0.008374
-0.011566
-0.012287
-0.002484
-0.003366
-0.003532
-0.004833
-0.007353
-0.008186
-0.010783
0.001128
0.000649
0.000615
0.000627
0.000702
0.000655
0.000755
0.000786
0.000809
0.001014
0.000790
0.000829
0.000854
0.000846
0.000565
0.000673
0.000712
0.000894
0.000917
0.001036
0.000674
0.000713
0.000758
0.000849
0.000317
0.000360
0.000318
0.000275
0.000207
0.000195
0.000154
0.000131
0.000104
0.000041
0.000002
-0.000017
-0.000032
-0.000062
-0.000065
-0.000027
0.000023
0.000051
0.000180
0.000129
0.000323
0.000972
0.001680
-0.001380
-0.003055
-0.003044
-0.003091
-0.003169
-0.002510
-0.000930
-0.003719
-0.009907
-0.010469
-0.008858
-0.007378
-0.004887
-0.015637
-0.007149
-0.005884
-0.008126
-0.011889
-0.017276
-0.017078
-0.014729
-0.004281
-0.004882
-0.006929
-0.009065
-0.009859
-0.009014
0.000833
0.000711
0.000794
0.000738
0.000752
0.000794
0.000912
0.000883
0.000932
0.000801
0.000846
0.000869
0.000915
0.000738
0.000739
0.000754
0.000926
0.001011
0.000971
0.000852
0.000688
0.000629
0.000812
0.000317
0.000289
0.000301
0.000261
0.000259
0.000239
0.000143
0.000115
0.000077
0.000043
-0.000004
-0.000029
-0.000073
-0.000099
-0.000105
-0.000107
-0.000090
0.000069
0.000147
0.000249
0.001131
0.020914
0.015143
0.003738
-0.002688
-0.002186
-0.002241
-0.003597
-0.003629
-0.002198
-0.004580
-0.009409
-0.010601
-0.010358
-0.008355
-0.009818
-0.006395
-0.012843
-0.009836
-0.008234
-0.016061
-0.017247
-0.019536
-0.018347
-0.015117
-0.011418
-0.011603
-0.012422
-0.011048
-0.009914
-0.009638
0.000864
0.000761
0.000859
0.000743
0.000790
0.000780
0.000886
0.000940
0.000914
0.000727
0.000911
0.000980
0.001043
0.000816
0.000913
0.001056
0.000975
0.001029
0.000970
0.000848
0.000607
0.000644
0.000296
0.000305
0.000309
0.000263
0.000252
0.000214
0.000167
0.000107
0.000088
0.000048
-0.000018
-0.000056
-0.000101
-0.000134
-0.000148
-0.000159
-0.000159
-0.000054
0.000042
0.000148
0.014012
0.027610
0.024128
0.013752
0.000966
-0.003069
-0.003525
-0.003625
-0.003888
-0.003134
-0.006481
-0.011862
-0.012587
-0.011512
-0.009838
-0.011481
-0.012514
-0.008974
-0.004236
-0.011868
-0.014989
-0.016949
-0.017603
-0.019952
-0.021237
-0.017804
-0.012375
-0.013032
-0.008764
-0.011665
-0.012282
-0.007362
0.000752
0.000860
0.000909
0.000649
0.000541
0.000801
0.001010
0.000989
0.000724
0.000935
0.001011
0.001045
0.000948
0.000912
0.001026
0.001130
0.001120
0.001085
0.001076
0.000585
0.000642
0.000333
0.000363
0.000331
0.000314
0.000263
0.000214
0.000164
0.000102
0.000087
0.000051
0.000006
-0.000091
-0.000144
-0.000176
-0.000198
-0.000231
-0.000242
-0.000216
-0.000691
-0.000628
0.001447
0.027020
0.026868
0.016463
0.008299
-0.002990
-0.005009
-0.005270
-0.004354
-0.004853
-0.006716
-0.012592
-0.012944
-0.011405
-0.011662
-0.013325
-0.012976
-0.011907
-0.009477
-0.006913
-0.006699
-0.006318
-0.013440
-0.011410
-0.011527
-0.018633
-0.007674
-0.008769
-0.006446
-0.012217
-0.012639
-0.012784
-0.008089
0.000599
0.000777
0.000659
0.000562
0.000767
0.000867
0.000953
0.000880
0.000858
0.001112
0.001057
0.001112
0.001091
0.001067
0.001171
0.001268
0.001094
0.001003
0.000860
0.000707
0.000430
0.000341
0.000343
0.000319
0.000339
0.000268
0.000193
0.000080
0.000038
0.000011
-0.000037
-0.000103
-0.000165
-0.000212
-0.000220
-0.000256
-0.000258
-0.000389
-0.000497
-0.000790
-0.000520
0.013734
0.026375
0.014421
0.007739
-0.002826
-0.005407
-0.004027
-0.005787
-0.006266
-0.006579
-0.013508
-0.011853
-0.010401
-0.012163
-0.012366
-0.012501
-0.011625
-0.010391
-0.008853
-0.009912
-0.010123
-0.007090
-0.005792
-0.004725
-0.002027
-0.009017
-0.005128
-0.007832
-0.012983
-0.011603
-0.011897
-0.011793
-0.008670
-0.005970
0.000476
0.000517
0.000713
0.000823
0.000929
0.000920
0.000963
0.001056
0.000851
0.001031
0.001026
0.001114
0.001195
0.001117
0.001082
0.001128
0.000922
0.000920
0.000500
0.000378
0.000389
0.000341
0.000335
0.000305
0.000186
0.000066
0.000051
0.000001
-0.000041
-0.000092
-0.000167
-0.000202
-0.000189
-0.000321
-0.000379
-0.000456
-0.000509
-0.000578
-0.001789
-0.005064
0.015000
0.015652
0.008709
-0.000287
-0.004487
-0.005127
-0.004281
-0.005368
-0.004429
-0.012491
-0.013589
-0.010343
-0.010129
-0.011888
-0.010340
-0.009775
-0.008796
-0.010352
-0.010542
-0.011205
-0.008727
-0.006568
-0.003310
-0.001660
-0.006839
-0.002178
-0.007534
-0.011245
-0.013745
-0.011722
-0.010796
-0.008776
-0.007837
-0.004554
0.000524
0.000848
0.000730
0.000969
0.001062
0.000717
0.000910
0.000531
0.001125
0.001059
0.000626
0.000935
0.001081
0.001119
0.001108
0.001036
0.001002
0.000507
0.000408
0.000356
0.000365
0.000396
0.000451
0.000466
0.000565
0.000818
-0.000019
-0.000079
-0.000100
-0.000052
-0.000340
-0.000352
-0.000391
-0.000415
-0.000510
-0.000612
-0.000660
-0.000694
-0.001681
0.000631
0.013052
0.009023
0.005541
-0.002942
-0.005248
-0.005164
-0.006019
-0.004163
-0.007709
-0.011361
-0.010301
-0.011332
-0.010925
-0.009826
-0.008721
-0.009575
-0.011040
-0.011155
-0.009503
-0.008026
-0.006190
-0.003832
-0.001852
-0.001726
-0.006311
-0.007752
-0.012370
-0.012117
-0.010630
-0.008017
-0.006451
-0.006690
-0.007154
-0.003699
-0.002409
0.000760
0.000866
0.001158
0.000973
0.000694
0.001054
0.001037
0.000982
0.000776
0.000617
0.000816
0.001073
0.001087
0.001163
0.001294
0.000484
0.000487
0.000389
0.000392
0.000437
0.000463
0.000396
0.000415
0.000463
0.000534
0.000598
0.000616
-0.000113
-0.000321
-0.000295
-0.000275
-0.000341
-0.000385
-0.000488
-0.000495
-0.000545
0.000596
0.000614
0.000789
0.001760
0.002225
0.001305
0.000974
0.001826
-0.002545
-0.001261
-0.002716
-0.011851
-0.009706
-0.011120
-0.012638
-0.010425
-0.010142
-0.010445
-0.011599
-0.009265
-0.007466
-0.006775
-0.005113
-0.004041
-0.003221
-0.003589
-0.004022
-0.006111
-0.012865
-0.011790
-0.009269
-0.006561
-0.005498
-0.004290
-0.004969
-0.004192
-0.004322
-0.002662
-0.000763
0.001015
0.001252
0.001048
0.001079
0.000937
0.000981
0.000599
0.000840
0.000733
0.001080
0.001236
0.001336
0.001348
0.000446
0.000585
0.000454
0.000380
0.000387
0.000311
0.000327
0.000344
0.000398
0.000496
0.000504
0.000374
0.000589
0.000704
0.000629
0.000455
0.000503
0.000611
0.000555
0.000561
0.000467
0.000512
0.000408
0.000547
0.000550
0.000585
0.000570
0.000562
0.000489
0.000514
0.000101
-0.001796
-0.008515
-0.006186
-0.010378
-0.010669
-0.010639
-0.010203
-0.010751
-0.010400
-0.009545
-0.007690
-0.005210
-0.004702
-0.004644
-0.004610
-0.003768
-0.004752
-0.003342
-0.007257
-0.011173
-0.009236
-0.005564
-0.000649
-0.000745
-0.001620
-0.003562
-0.000904
0.003615
0.007711
0.009364
0.008228
0.001276
0.001117
0.001232
0.001112
0.001042
0.000992
0.000835
0.001080
0.001281
0.001475
0.001144
0.000491
0.000593
0.000439
0.000373
0.000324
0.000314
0.000376
0.000456
0.000505
0.000513
0.000495
0.000445
0.000255
0.000560
0.000510
0.000461
0.000504
0.000507
0.000463
0.000493
0.000382
0.000458
0.000452
0.000515
0.000541
0.000474
0.000403
0.000331
0.000387
0.000418
0.000258
0.000036
0.000025
0.000009
-0.000047
-0.000128
-0.000106
-0.005256
-0.007019
-0.009066
-0.007581
-0.006229
-0.004661
-0.003656
-0.004148
-0.004396
-0.004613
-0.005156
-0.005335
-0.004939
-0.007095
-0.005964
0.000936
0.004260
0.003465
0.003109
0.004986
0.009425
0.011983
0.003473
0.002430
0.002084
0.001726
0.001142
0.000985
0.001156
0.001610
0.001199
0.000821
0.000743
0.000822
0.001351
0.001002
0.000514
0.000610
0.000575
0.000412
0.000375
0.000401
0.000379
0.000353
0.000463
0.000436
0.000391
0.000477
0.000486
0.000557
0.000627
0.000498
0.000473
0.000481
0.000470
0.000421
0.000366
0.000448
0.000406
0.000492
0.000537
0.000419
0.000230
0.000229
0.000305
0.000233
0.000388
0.000440
0.000573
0.000594
0.000642
0.000791
0.000564
0.000566
0.000299
0.000294
0.000497
0.000650
0.000688
-0.000722
-0.002328
-0.004972
-0.005144
-0.005376
-0.006488
-0.007303
-0.005739
-0.000905
0.004177
0.005841
0.004532
0.004005
0.006820
0.006244
0.002189
0.001756
0.001700
0.001746
0.001773
0.001624
0.001227
0.001292
0.001536
0.001300
0.000840
0.000806
0.000924
0.000742
0.000957
0.000515
0.000524
0.000586
0.000498
0.000412
0.000422
0.000403
0.000333
0.000359
0.000351
0.000229
0.000430
0.000542
0.000538
0.000632
0.000611
0.000512
0.000515
0.000522
0.000441
0.000430
0.000507
0.000544
0.000395
0.000497
0.000457
0.000182
0.000112
0.000301
0.000117
0.000358
0.000506
0.000576
0.000639
0.000683
0.000777
0.000502
0.000647
0.000708
0.000780
0.000784
0.001135
0.001631
0.001993
0.000988
-0.005332
-0.007537
-0.007560
-0.007987
-0.009642
-0.009036
0.002146
-0.000400
0.000980
-0.001058
-0.000026
0.001845
0.002353
0.002071
0.001944
0.001883
0.001876
0.001649
0.001425
0.000845
0.001416
0.001653
0.001484
0.001045
0.001092
0.001049
0.000923
0.000854
0.000548
0.000554
0.000620
0.000532
0.000437
0.000469
0.000378
0.000391
0.000428
0.000492
0.000549
0.000581
0.000549
0.000540
0.000562
0.000683
0.000576
0.000468
0.000576
0.000558
0.000531
0.000587
0.000507
0.000401
0.000406
0.000472
0.000230
-0.000079
0.000123
0.000172
0.000368
0.000535
0.000591
0.000665
0.000791
0.000801
0.000780
0.000455
0.000541
0.000667
0.000705
0.000891
0.001594
0.001887
0.001840
0.002654
-0.005946
-0.009609
-0.009784
-0.010930
-0.009756
-0.005489
-0.000867
0.002044
0.001885
0.001826
0.001868
0.002161
0.002081
0.001987
0.001903
0.001812
0.001726
0.001349
0.000705
0.001618
0.001686
0.001558
0.001423
0.001141
0.001162
0.000811
0.000822
0.000550
0.000631
0.000616
0.000762
0.000588
0.000445
0.000325
0.000405
0.000447
0.000499
0.000536
0.000514
0.000631
0.000635
0.000523
0.000620
0.000604
0.000603
0.000653
0.000581
0.000531
0.000500
0.000488
0.000501
0.000483
0.000512
0.000408
0.000346
0.000078
0.000247
0.000493
0.000483
0.000571
0.000660
0.000792
0.000829
0.000730
0.000352
0.000355
0.000522
0.000671
0.000986
0.001556
0.001659
0.001842
0.001770
0.002230
-0.008378
-0.006325
-0.005324
-0.002591
0.002080
-0.006017
0.000455
0.001804
0.001891
0.001868
0.002040
0.001853
0.001810
0.001823
0.001844
0.001728
0.001526
0.001460
0.001697
0.001584
0.001781
0.001548
0.001129
0.000966
0.000741
0.000279
0.000616
0.000633
0.000747
0.000730
0.000577
0.000449
0.000291
0.000494
0.000443
0.000460
0.000518
0.000599
0.000633
0.000719
0.000638
0.000576
0.000636
0.000617
0.000560
0.000548
0.000504
0.000435
0.000460
0.000537
0.000519
0.000591
0.000603
0.000570
0.000409
0.000405
0.000419
0.000491
0.000532
0.000630
0.000775
0.000742
0.000731
0.000267
0.000043
0.000447
0.000755
0.001030
0.001247
0.001588
0.001891
0.001906
0.001758
0.001479
0.001900
0.002257
0.001960
0.003201
-0.002805
0.001511
0.001643
0.002060
0.001646
0.001798
0.001728
0.001618
0.001944
0.001589
0.001257
0.001451
0.001543
0.001389
0.001464
0.001653
0.001452
0.001096
0.000436
0.000461
0.000167
0.000662
0.000682
0.000766
0.000677
0.000606
0.000483
0.000475
0.000532
0.000420
0.000424
0.000368
0.000332
0.000420
0.000697
0.000645
0.000609
0.000676
0.000658
0.000526
0.000514
0.000527
0.000493
0.000510
0.000548
0.000533
0.000615
0.000684
0.000561
0.000582
0.000489
0.000502
0.000596
0.000553
0.000577
0.000748
0.000768
0.000847
0.000380
-0.000125
0.000444
0.000860
0.000877
0.000973
0.001661
0.001957
0.001800
0.001762
0.001806
0.001688
0.001670
0.001965
-0.000604
0.001578
0.001608
0.001472
0.001844
0.001612
0.001904
0.001958
0.001837
0.001825
0.001806
0.001240
0.001528
0.001679
0.001611
0.001552
0.001622
0.001579
0.001195
0.000697
0.000370
0.000441
0.000641
0.000602
0.000646
0.000625
0.000648
0.000587
0.000535
0.000485
0.000441
0.000455
0.000370
0.000298
0.000249
0.000481
0.000504
0.000506
0.000579
0.000573
0.000505
0.000429
0.000457
0.000547
0.000478
0.000573
0.000570
0.000681
0.000745
0.000727
0.000673
0.000567
0.000533
0.000663
0.000723
0.000667
0.000840
0.000837
0.000899
0.000687
0.000120
0.000521
0.000729
0.000887
0.001166
0.001756
0.001788
0.001835
0.001850
0.001892
0.001598
0.001748
0.001761
0.001961
0.002181
0.001589
0.001725
0.001827
0.001972
0.001584
0.001786
0.001877
0.001705
0.001830
0.001721
0.001546
0.001634
0.001806
0.001659
0.001604
0.001568
0.001534
0.000852
0.000765
0.000633
0.000645
0.000533
0.000605
0.000683
0.000730
0.000571
0.000561
0.000390
0.000400
0.000398
0.000326
0.000299
0.000385
0.000491
0.000456
0.000448
0.000585
0.000567
0.000574
0.000371
0.000461
0.000507
0.000557
0.000466
0.000627
0.000494
0.000713
0.000677
0.000611
0.000653
0.000528
0.000697
0.000777
0.000804
0.000906
0.000986
0.000609
0.000547
0.000284
0.000355
0.000738
0.000856
0.001172
0.001497
0.001683
0.001820
0.001791
0.001789
0.001990
0.001913
0.001964
0.001962
0.002245
0.002172
0.001940
0.002019
0.001878
0.001650
0.001657
0.001639
0.001533
0.001629
0.001411
0.001519
0.001754
0.001786
0.001447
0.001673
0.001661
0.001675
0.001022
0.001087
0.001013
0.000646
0.000535
0.000585
0.000712
0.000615
0.000594
0.000588
0.000472
0.000468
0.000491
0.000497
0.000493
0.000515
0.000527
0.000593
0.000483
0.000567
0.000604
0.000487
0.000571
0.000530
0.000602
0.000655
0.000563
0.000513
0.000416
0.000537
0.000740
0.000650
0.000659
0.000449
0.000738
0.000814
0.000847
0.000778
0.000417
0.000629
0.000457
0.000206
0.000631
0.000643
0.000787
0.001054
0.001323
0.001786
0.001811
0.001694
0.002044
0.001815
0.001640
0.001932
0.001977
0.002089
0.002194
0.002135
0.001769
0.001815
0.001387
0.001404
0.001501
0.001529
0.001789
0.001550
0.001542
0.001856
0.001849
0.001577
0.001584
0.001380
0.001046
0.001043
0.000929
0.000931
