0.000107
0.000114
0.000067
0.000632
0.000123
0.000109
-0.000056
0.000438
-0.000341
-0.000338
-0.000253
-0.000603
-0.000271
-0.000378
-0.000434
-0.000397
-0.000362
-0.000369
-0.000364
-0.000356
-0.000296
-0.000295
-0.000233
-0.000197
-0.000198
-0.000097
0.000374
0.001334
0.000759
0.000048
-0.000234
-0.000667
-0.000139
0.000091
-0.000043
-0.000071
-0.000068
-0.000074
-0.000086
-0.000082
-0.000041
-0.000091
-0.000110
-0.000111
-0.000124
-0.000121
-0.000094
-0.000071
-0.000107
-0.000121
-0.000110
-0.000103
-0.000119
-0.000117
-0.000131
-0.000129
-0.000125
-0.000130
-0.000138
-0.000172
-0.000110
0.000002
-0.000178
-0.000223
-0.000079
-0.000061
-0.001158
-0.000058
-0.000065
-0.000039
0.000061
0.000027
0.000195
-0.000707
-0.000807
-0.000811
-0.000779
-0.000828
-0.000854
-0.000735
-0.000707
-0.000720
-0.000636
-0.000578
-0.000545
-0.000552
-0.000471
-0.000394
-0.000373
-0.000395
-0.000397
-0.000332
-0.000330
-0.000287
-0.000294
-0.000251
-0.000214
-0.000189
-0.000147
0.000202
-0.000014
0.000900
-0.000056
-0.000639
-0.000152
-0.000072
-0.000075
-0.000073
-0.000076
-0.000068
-0.000068
-0.000065
-0.000082
-0.000018
-0.000076
-0.000099
-0.000134
-0.000229
-0.000101
-0.000096
-0.000106
-0.000103
-0.000116
-0.000111
-0.000110
-0.000114
-0.000115
-0.000128
-0.000124
-0.000117
-0.000131
-0.000333
-0.000122
-0.000042
-0.000152
-0.000222
-0.000169
-0.000128
-0.000131
-0.000122
-0.000117
-0.000122
-0.000117
-0.000121
-0.000122
-0.000074
-0.000662
-0.000772
-0.000762
-0.000682
-0.000765
-0.000755
-0.000692
-0.000660
-0.000650
-0.000640
-0.000607
-0.000519
-0.000508
-0.000407
-0.000386
-0.000382
-0.000358
-0.000315
-0.000308
-0.000253
-0.000270
-0.000205
-0.000217
-0.000230
-0.000227
-0.000197
-0.000325
-0.000068
-0.000095
-0.000154
-0.000204
-0.000101
-0.000044
-0.000080
-0.000069
-0.000071
-0.000064
-0.000051
-0.000057
-0.000069
-0.000097
-0.000303
-0.000256
-0.000165
-0.000114
-0.000143
-0.000094
-0.000093
-0.000105
-0.000107
-0.000113
-0.000114
-0.000118
-0.000111
-0.000114
-0.000120
-0.000136
-0.000143
-0.000166
-0.000105
-0.000122
-0.000156
-0.000259
-0.000149
-0.000117
-0.000129
-0.000125
-0.000126
-0.000139
-0.000134
-0.000137
-0.000124
-0.000110
-0.000520
-0.000713
-0.000729
-0.000691
-0.000699
-0.000628
-0.000562
-0.000585
-0.000650
-0.000616
-0.000536
-0.000532
-0.000418
-0.000387
-0.000347
-0.000332
-0.000357
-0.000324
-0.000329
-0.000287
-0.000202
-0.000231
-0.000255
-0.000238
-0.000213
-0.000183
-0.000173
-0.000343
-0.000027
-0.000608
-0.000716
-0.000507
-0.000286
-0.000059
-0.000070
-0.000056
-0.000052
-0.000056
-0.000055
-0.000064
-0.000066
-0.000079
-0.000079
-0.000094
-0.000089
-0.000094
-0.000100
-0.000099
-0.000100
-0.000105
-0.000106
-0.000116
-0.000117
-0.000115
-0.000111
-0.000131
-0.000128
-0.000142
-0.000123
-0.000139
-0.000148
-0.000147
-0.000182
-0.000117
-0.000112
-0.000121
-0.000119
-0.000137
-0.000136
-0.000135
-0.000098
-0.000131
-0.000140
-0.000534
-0.000632
-0.000683
-0.000606
-0.000586
-0.000570
-0.000543
-0.000491
-0.000566
-0.000568
-0.000533
-0.000465
-0.000345
-0.000310
-0.000332
-0.000312
-0.000309
-0.000344
-0.000311
-0.000280
-0.000242
-0.000238
-0.000222
-0.000199
-0.000245
-0.000180
-0.000141
-0.000190
-0.000277
-0.000206
-0.000553
-0.000865
-0.000161
-0.000065
-0.000071
-0.000050
-0.000053
-0.000051
-0.000046
-0.000051
-0.000057
-0.000061
-0.000072
-0.000079
-0.000089
-0.000085
-0.000088
-0.000115
-0.000103
-0.000110
-0.000106
-0.000116
-0.000103
-0.000105
-0.000120
-0.000121
-0.000115
-0.000116
-0.000112
-0.000152
-0.000137
-0.000099
-0.000106
-0.000107
-0.000112
-0.000116
-0.000122
-0.000124
-0.000133
-0.000129
-0.000123
-0.000176
-0.002169
-0.000509
-0.000641
-0.000654
-0.000603
-0.000572
-0.000474
-0.000549
-0.000491
-0.000537
-0.000527
-0.000529
-0.000393
-0.000354
-0.000304
-0.000329
-0.000335
-0.000303
-0.000306
-0.000268
-0.000254
-0.000245
-0.000207
-0.000201
-0.000217
-0.000220
-0.000154
-0.000171
-0.000387
-0.000692
-0.000150
-0.000102
-0.000106
-0.000079
-0.000051
-0.000053
-0.000049
-0.000045
-0.000044
-0.000036
-0.000037
-0.000041
-0.000053
-0.000056
-0.000064
-0.000077
-0.000078
-0.000085
-0.000093
-0.000106
-0.000094
-0.000105
-0.000109
-0.000082
-0.000098
-0.000113
-0.000110
-0.000103
-0.000093
-0.000101
-0.000099
-0.000108
-0.000106
-0.000099
-0.000106
-0.000114
-0.000123
-0.000126
-0.000139
-0.000140
-0.000138
-0.000140
-0.000135
-0.000125
-0.000685
-0.000619
-0.000523
-0.000471
-0.000541
-0.000478
-0.000536
-0.000513
-0.000417
-0.000445
-0.000474
-0.000377
-0.000372
-0.000368
-0.000308
-0.000302
-0.000311
-0.000282
-0.000280
-0.000265
-0.000262
-0.000216
-0.000201
-0.000226
-0.000213
-0.000214
-0.000166
-0.000163
-0.000141
-0.000112
-0.000084
-0.000094
-0.000067
-0.000055
-0.000050
-0.000036
-0.000034
-0.000020
-0.000021
-0.000020
-0.000027
-0.000033
-0.000031
-0.000049
-0.000060
-0.000071
-0.000072
-0.000086
-0.000086
-0.000074
-0.000080
-0.000097
-0.000101
-0.000093
-0.000104
-0.000102
-0.000103
-0.000096
-0.000098
-0.000111
-0.000113
-0.000106
-0.000103
-0.000122
-0.000119
-0.000137
-0.000143
-0.000138
-0.000141
-0.000143
-0.000145
-0.000153
-0.000138
-0.000733
-0.000555
-0.000587
-0.000496
-0.000488
-0.000486
-0.000486
-0.000466
-0.000499
-0.000462
-0.000380
-0.000385
-0.000298
-0.000337
-0.000370
-0.000338
-0.000291
-0.000281
-0.000259
-0.000237
-0.000269
-0.000238
-0.000243
-0.000203
-0.000212
-0.000218
-0.000141
-0.000153
-0.000126
-0.000091
-0.000081
-0.000081
-0.000063
-0.000061
-0.000039
-0.000013
-0.000006
-0.000001
0.000002
0.000002
-0.000002
-0.000005
-0.000013
-0.000032
-0.000051
-0.000050
-0.000047
-0.000057
-0.000058
-0.000056
-0.000073
-0.000097
-0.000080
-0.000085
-0.000089
-0.000095
-0.000092
-0.000097
-0.000103
-0.000106
-0.000107
-0.000117
-0.000115
-0.000121
-0.000149
-0.000141
-0.000162
-0.000131
-0.000146
-0.000153
-0.000157
-0.000181
-0.000220
-0.000671
-0.000598
-0.000507
-0.000510
-0.000522
-0.000457
-0.000454
-0.000487
-0.000386
-0.000386
-0.000386
-0.000319
-0.000284
-0.000275
-0.000351
-0.000373
-0.000285
-0.000307
-0.000288
-0.000271
-0.000255
-0.000253
-0.000272
-0.000246
-0.000240
-0.000199
-0.000157
-0.000151
-0.000126
-0.000095
-0.000098
-0.000071
-0.000056
-0.000021
-0.000009
0.000001
0.000018
0.000020
0.000022
0.000024
0.000023
0.000016
0.000009
-0.000002
-0.000036
-0.000040
-0.000054
-0.000064
-0.000053
-0.000056
-0.000064
-0.000088
-0.000089
-0.000086
-0.000088
-0.000092
-0.000100
-0.000086
-0.000101
-0.000103
-0.000112
-0.000128
-0.000123
-0.000129
-0.000132
-0.000170
-0.000147
-0.000154
-0.000156
-0.000188
-0.000192
-0.000171
0.001326
-0.000635
-0.000568
-0.000536
-0.000407
-0.000446
-0.000464
-0.000454
-0.000418
-0.000319
-0.000279
-0.000304
-0.000321
-0.000319
-0.000347
-0.000375
-0.000306
-0.000296
-0.000271
-0.000212
-0.000206
-0.000238
-0.000240
-0.000278
-0.000300
-0.000282
-0.000162
-0.000170
-0.000116
-0.000101
-0.000093
-0.000070
-0.000072
-0.000064
0.000014
0.000216
-0.000015
0.000029
0.000044
0.000052
0.000051
0.000049
0.000042
0.000032
0.000016
-0.000004
-0.000024
-0.000044
-0.000057
-0.000069
-0.000068
-0.000074
-0.000079
-0.000085
-0.000084
-0.000089
-0.000090
-0.000100
-0.000098
-0.000101
-0.000100
-0.000125
-0.000134
-0.000134
-0.000129
-0.000156
-0.000163
-0.000151
-0.000157
-0.000155
-0.000188
-0.000173
-0.000176
-0.000178
-0.000694
-0.000602
-0.000565
-0.000472
-0.000482
-0.000503
-0.000439
-0.000334
-0.000403
-0.000356
-0.000390
-0.000368
-0.000326
-0.000277
-0.000335
-0.000421
-0.000362
-0.000264
-0.000221
-0.000185
-0.000221
-0.000282
-0.000284
-0.000255
-0.000244
-0.000202
-0.000178
-0.000131
-0.000112
-0.000097
-0.000081
-0.000044
-0.000049
-0.000245
-0.000270
0.000019
0.000055
0.000072
0.000081
0.000078
0.000083
0.000074
0.000058
0.000046
0.000021
-0.000009
-0.000026
-0.000057
-0.000076
-0.000073
-0.000078
-0.000079
-0.000095
-0.000079
-0.000100
-0.000091
-0.000099
-0.000102
-0.000100
-0.000111
-0.000121
-0.000122
-0.000124
-0.000119
-0.000141
-0.000165
-0.000155
-0.000161
-0.000171
-0.000170
-0.000175
-0.000187
-0.000177
-0.000645
-0.000684
-0.000570
-0.000466
-0.000476
-0.000501
-0.000479
-0.000426
-0.000413
-0.000438
-0.000416
-0.000373
-0.000387
-0.000337
-0.000377
-0.000301
-0.000272
-0.000238
-0.000171
-0.000206
-0.000204
-0.000261
-0.000284
-0.000231
-0.000216
-0.000210
-0.000167
-0.000120
-0.000110
-0.000116
-0.000082
-0.000027
-0.000020
-0.000002
0.000009
0.000054
0.000089
0.000116
0.000132
0.000122
0.000122
0.000112
0.000098
0.000079
0.000049
0.000013
-0.000012
-0.000044
-0.000066
-0.000069
-0.000077
-0.000070
-0.000079
-0.000095
-0.000084
-0.000098
-0.000105
-0.000108
-0.000108
-0.000118
-0.000125
-0.000134
-0.000127
-0.000127
-0.000141
-0.000174
-0.000161
-0.000168
-0.000166
-0.000178
-0.000193
-0.000192
-0.000186
-0.000606
-0.000596
-0.000552
-0.000461
-0.000534
-0.000456
-0.000475
-0.000453
-0.000472
-0.000342
-0.000407
-0.000393
-0.000340
-0.000353
-0.000391
-0.000363
-0.000295
-0.000255
-0.000209
-0.000255
-0.000301
-0.000288
-0.000277
-0.000243
-0.000213
-0.000230
-0.000267
-0.000168
-0.000119
-0.000114
-0.000081
-0.000021
-0.000006
0.000025
0.000056
0.000086
0.000117
0.000132
0.000174
0.000179
0.000178
0.000170
0.000152
0.000120
0.000067
0.000032
0.000002
-0.000026
-0.000054
-0.000078
-0.000068
-0.000081
-0.000087
-0.000083
-0.000094
-0.000122
-0.000110
-0.000114
-0.000112
-0.000149
-0.000138
-0.000142
-0.000144
-0.000139
-0.000153
-0.000158
-0.000166
-0.000173
-0.000175
-0.000183
-0.000185
-0.000185
0.000725
-0.000511
-0.000569
-0.000550
-0.000471
-0.000518
-0.000450
-0.000472
-0.000450
-0.000487
-0.000421
-0.000446
-0.000382
-0.000316
-0.000327
-0.000358
-0.000375
-0.000294
-0.000308
-0.000270
-0.000220
-0.000258
-0.000366
-0.000563
-0.000995
-0.001211
-0.001366
-0.002023
-0.001001
-0.000271
-0.000125
-0.000083
-0.000021
-0.000001
0.000039
0.000081
0.000116
0.000139
0.000185
0.000214
0.000214
0.000237
0.000236
0.000191
0.000153
0.000095
0.000046
0.000013
-0.000012
-0.000038
-0.000060
-0.000093
-0.000088
-0.000101
-0.000107
-0.000109
-0.000120
-0.000121
-0.000290
-0.000123
-0.000128
-0.000150
-0.000131
-0.000142
-0.000160
-0.000204
-0.000161
-0.000169
-0.000181
-0.000186
-0.000184
-0.000186
-0.000214
-0.000229
-0.000520
-0.000493
-0.000550
-0.000498
-0.000468
-0.000417
-0.000423
-0.000368
-0.000446
-0.000487
-0.000404
-0.000314
-0.000355
-0.000329
-0.000326
-0.000306
-0.000308
-0.000395
-0.000331
-0.000291
-0.000277
-0.000579
-0.002105
-0.002820
-0.002829
-0.002035
-0.001402
-0.002121
-0.003016
-0.001647
-0.000283
-0.000048
0.000038
0.000075
0.000111
0.000142
0.000182
0.000218
0.000231
0.000295
0.000307
0.000360
0.000314
0.000208
0.000124
0.000061
0.000024
-0.000003
-0.000038
-0.000049
-0.000056
-0.000058
-0.000065
-0.000094
-0.000109
-0.000119
-0.000182
-0.000154
-0.000129
-0.000143
-0.000173
-0.000154
-0.000159
-0.000155
-0.000170
-0.000180
-0.000193
-0.000214
-0.000190
-0.000196
-0.000208
-0.000214
-0.000252
-0.000505
-0.000503
-0.000540
-0.000463
-0.000405
-0.000421
-0.000402
-0.000338
-0.000360
-0.000476
-0.000395
-0.000265
-0.000369
-0.000330
-0.000282
-0.000246
-0.000239
-0.000290
-0.000272
-0.000304
-0.000242
-0.000713
-0.000627
-0.001016
-0.000696
-0.001776
-0.002389
-0.000791
-0.002057
-0.004178
-0.003634
-0.000483
0.000064
0.000091
0.000122
0.000159
0.000211
0.000242
0.000304
0.000304
0.000426
0.000522
0.000437
0.000288
0.000153
0.000076
0.000033
-0.000005
-0.000038
-0.000056
-0.000066
-0.000067
-0.000065
-0.000111
-0.000114
-0.000122
-0.000134
-0.000144
-0.000144
-0.000145
-0.000160
-0.000163
-0.000175
-0.000172
-0.000175
-0.000207
-0.000213
-0.000183
-0.000215
-0.000241
-0.000244
-0.000230
-0.000245
-0.000546
-0.000520
-0.000524
-0.000422
-0.000393
-0.000398
-0.000387
-0.000312
-0.000339
-0.000369
-0.000324
-0.000225
-0.000234
-0.000302
-0.000341
-0.000262
-0.000114
-0.000079
-0.000045
-0.000200
-0.000740
-0.001907
-0.002232
-0.003146
-0.002956
-0.003415
-0.001923
-0.002030
-0.000992
-0.000016
-0.000015
0.000049
0.000073
0.000098
0.000101
0.000075
0.000481
0.000271
0.000308
0.000334
0.000440
0.000682
0.000505
0.000302
0.000152
0.000079
0.000030
-0.000021
-0.000051
-0.000067
-0.000074
-0.000081
-0.000110
-0.000136
-0.000123
-0.000126
-0.000146
-0.000150
-0.000154
-0.000160
-0.000175
-0.000177
-0.000172
-0.000173
-0.000195
-0.000193
-0.000192
-0.000212
-0.000235
-0.000210
-0.000230
-0.000243
-0.001100
-0.000537
-0.000564
-0.000566
-0.000472
-0.000350
-0.000367
-0.000376
-0.000317
-0.000328
-0.000255
-0.000359
-0.000292
-0.000354
-0.000310
-0.000103
-0.000029
-0.000505
0.000343
0.000567
-0.000295
-0.000409
-0.000344
-0.000297
-0.000579
-0.004403
-0.001996
-0.001343
0.000377
-0.000361
0.000124
0.000057
0.000052
-0.000001
0.000100
0.000184
0.000820
0.001057
0.000519
0.000258
0.000282
0.000323
0.000470
0.000425
0.000260
0.000111
0.000059
-0.000066
-0.000059
-0.000064
-0.000069
-0.000070
-0.000088
-0.000106
-0.000117
-0.000128
-0.000128
-0.000160
-0.000164
-0.000171
-0.000169
-0.000174
-0.000173
-0.000184
-0.000182
-0.000203
-0.000205
-0.000194
-0.000203
-0.000194
-0.000184
-0.000197
-0.000222
-0.000211
-0.000475
-0.000527
-0.000503
-0.000304
-0.000375
-0.000365
-0.000361
-0.000303
-0.000291
-0.000278
-0.000324
-0.000333
-0.000302
0.000025
-0.000437
-0.000132
-0.000212
0.000253
0.000143
-0.000609
-0.000357
-0.000309
-0.000230
-0.000243
-0.002520
-0.000733
0.002833
0.003849
-0.000168
0.000320
0.000182
0.000066
0.000218
0.000493
0.001230
0.001421
0.001781
0.000555
0.000205
0.000198
0.000235
0.000273
0.000288
0.000177
0.000114
0.000010
-0.000040
-0.000062
-0.000069
-0.000072
-0.000079
-0.000092
-0.000109
-0.000149
-0.000169
-0.000178
-0.000193
-0.000161
-0.000164
-0.000176
-0.000182
-0.000177
-0.000182
-0.000213
-0.000215
-0.000206
-0.000187
-0.000159
-0.000171
-0.000170
-0.000177
-0.000203
-0.000211
-0.000437
-0.000508
-0.000483
-0.000339
-0.000292
-0.000337
-0.000282
-0.000344
-0.000336
-0.000318
-0.000330
-0.000325
0.000020
-0.000656
-0.000847
0.000633
0.000067
-0.001041
-0.000594
-0.000407
-0.000372
-0.000306
-0.000319
-0.000355
-0.000311
0.000014
-0.001329
-0.000736
0.000163
0.000782
-0.000871
0.000108
0.001133
0.001733
0.003297
0.001111
0.001424
0.001061
0.000215
-0.000075
0.000168
0.000167
0.000185
0.000119
0.000052
-0.000003
-0.000041
-0.000064
-0.000073
-0.000082
-0.000092
-0.000102
-0.000119
-0.000154
-0.000185
-0.000192
-0.000173
-0.000167
-0.000177
-0.000180
-0.000191
-0.000184
-0.000184
-0.000210
-0.000205
-0.000209
-0.000186
-0.000176
-0.000186
-0.000189
-0.000177
-0.000201
-0.000212
-0.000353
-0.000419
-0.000406
-0.000339
-0.000374
-0.000342
-0.000281
-0.000352
-0.000356
-0.000210
-0.000229
-0.000085
-0.000320
-0.000300
-0.000887
-0.002229
-0.002989
-0.000424
-0.000495
-0.000466
-0.000308
-0.000368
-0.000515
-0.000487
-0.000500
-0.002117
-0.002537
-0.001139
-0.000266
0.000384
0.001269
0.000942
0.001830
0.002020
0.001065
0.000677
0.000601
0.000758
0.001169
-0.000765
-0.000002
0.000104
0.000119
0.000069
0.000010
-0.000031
-0.000061
-0.000074
-0.000088
-0.000097
-0.000121
-0.000136
-0.000133
-0.000149
-0.000181
-0.000173
-0.000180
-0.000182
-0.000194
-0.000193
-0.000189
-0.000202
-0.000203
-0.000217
-0.000217
-0.000222
-0.000188
-0.000181
-0.000182
-0.000198
-0.000212
-0.000223
-0.000596
-0.000259
-0.000410
-0.000398
-0.000340
-0.000336
-0.000342
-0.000291
-0.000291
-0.000316
-0.000248
-0.000215
-0.000217
-0.000249
-0.000333
-0.000196
-0.002668
-0.002640
-0.000481
-0.000321
-0.000387
-0.000387
-0.000457
-0.000506
-0.000857
-0.001070
-0.001862
-0.002093
-0.001784
-0.001389
0.000536
0.000620
0.000276
0.001172
0.001136
0.000842
0.002148
0.001162
0.000102
-0.000396
0.000443
0.000109
0.000219
0.000090
0.000008
-0.000021
-0.000054
-0.000072
-0.000086
-0.000110
-0.000133
-0.000138
-0.000142
-0.000140
-0.000157
-0.000161
-0.000177
-0.000189
-0.000204
-0.000208
-0.000202
-0.000192
-0.000207
-0.000220
-0.000232
-0.000232
-0.000224
-0.000213
-0.000183
-0.000190
-0.000216
-0.000225
-0.000247
-0.000200
-0.000382
-0.000335
-0.000288
-0.000366
-0.000249
-0.000210
-0.000225
-0.000282
-0.000342
-0.000327
-0.000227
-0.000235
-0.000275
-0.000278
-0.000780
-0.003019
-0.003832
-0.001671
-0.000359
-0.000279
-0.000476
-0.000416
-0.000707
-0.001729
-0.002002
-0.001686
-0.001398
-0.000840
-0.001086
-0.001048
-0.000323
-0.000282
-0.000271
-0.000572
-0.000716
-0.000199
0.000783
-0.002661
-0.002291
0.003557
0.000266
0.000467
0.000068
0.000034
0.000056
-0.000065
-0.000091
-0.000101
-0.000124
-0.000131
-0.000133
-0.000148
-0.000153
-0.000152
-0.000172
-0.000186
-0.000199
-0.000202
-0.000192
-0.000189
-0.000204
-0.000219
-0.000234
-0.000242
-0.000235
-0.000239
-0.000219
-0.000219
-0.000201
-0.000205
-0.000213
-0.000208
-0.000175
-0.000268
-0.000269
-0.000307
-0.000297
-0.000294
-0.000229
-0.000287
-0.000294
-0.000360
-0.000402
-0.000338
-0.000357
-0.000309
-0.000261
-0.000292
-0.001662
-0.002058
-0.003373
-0.000919
-0.000007
0.000160
0.000030
0.000221
0.000157
-0.000934
-0.000977
-0.001014
-0.001296
-0.000889
0.000047
0.000242
-0.001054
-0.000798
-0.000866
-0.000685
-0.001184
-0.001484
-0.001395
0.001017
0.005912
0.000509
-0.000702
-0.000111
0.000052
0.000078
0.000021
-0.000099
-0.000124
-0.000131
-0.000137
-0.000151
-0.000170
-0.000168
-0.000176
-0.000184
-0.000202
-0.000206
-0.000201
-0.000203
-0.000223
-0.000236
-0.000237
-0.000222
-0.000220
-0.000212
-0.000225
-0.000235
-0.000242
-0.000214
-0.000224
-0.000232
-0.000245
-0.000178
-0.000298
-0.000370
-0.000385
-0.000340
-0.000349
-0.000338
-0.000335
-0.000316
-0.000312
-0.000322
-0.000356
-0.000314
-0.000263
-0.000293
-0.000309
-0.000154
-0.000019
-0.000884
-0.000179
0.000542
0.000027
0.000905
0.001329
0.001761
0.001011
0.000188
0.001062
-0.000101
-0.000402
0.000203
0.000442
0.001365
0.000073
-0.001380
-0.001203
0.000641
0.005010
0.002193
0.005687
0.000913
0.000008
-0.000580
-0.000206
0.000066
0.000054
0.000016
-0.000022
-0.000123
-0.000143
-0.000154
-0.000172
-0.000178
-0.000187
-0.000203
-0.000202
-0.000211
-0.000211
-0.000189
-0.000234
-0.000269
-0.000240
-0.000291
-0.000222
-0.000211
-0.000229
-0.000227
-0.000275
-0.000240
-0.000259
-0.000291
-0.000290
-0.000276
-0.000200
-0.000337
-0.000394
-0.000374
-0.000373
-0.000322
-0.000324
-0.000328
-0.000323
-0.000294
-0.000279
-0.000352
-0.000277
-0.000268
-0.000293
-0.000343
-0.000436
0.000027
-0.000023
-0.000114
0.000067
0.000815
0.001409
0.002633
0.003297
0.001759
0.001283
0.001025
0.000303
-0.000028
-0.000397
-0.000270
0.001013
0.000453
-0.001224
-0.000297
0.006727
0.003463
0.003516
0.002537
0.000685
-0.001907
-0.000299
-0.000290
0.000042
0.000034
-0.000045
-0.000106
-0.000036
-0.000027
-0.000172
-0.000174
-0.000176
-0.000194
-0.000203
-0.000199
-0.000219
-0.000199
-0.000200
-0.000232
-0.000315
-0.000220
-0.000225
-0.000211
-0.000226
-0.000239
-0.000282
-0.000272
-0.000303
-0.000310
-0.000296
-0.000286
-0.000284
-0.000263
-0.000411
-0.000401
-0.000358
-0.000324
-0.000310
-0.000314
-0.000301
-0.000302
-0.000293
-0.000324
-0.000296
-0.000260
-0.000271
-0.000271
-0.000201
-0.000150
-0.000217
-0.000227
-0.000127
0.000212
0.000332
0.000324
0.000546
-0.000135
0.000046
-0.000008
-0.000118
-0.001463
-0.003900
-0.004360
-0.004639
-0.009119
-0.001152
-0.000609
-0.000385
-0.000721
0.008366
0.017797
0.015364
0.007902
-0.003194
-0.007132
0.001356
0.003757
0.000016
-0.000071
-0.000074
0.000056
0.001000
0.000209
-0.000192
-0.000210
-0.000202
-0.000213
-0.000208
-0.000213
-0.000211
-0.000221
-0.000223
-0.000214
-0.000220
-0.000216
-0.000219
-0.000215
-0.000254
-0.000390
-0.000308
-0.000329
-0.000373
-0.000340
-0.000326
-0.000227
-0.000229
-0.000352
-0.000400
-0.000370
-0.000321
-0.000294
-0.000303
-0.000274
-0.000277
-0.000262
-0.000290
-0.000294
-0.000306
-0.000265
-0.000239
-0.000213
-0.000204
-0.000188
-0.000185
-0.000177
-0.000159
-0.000137
-0.000047
-0.000062
0.000975
0.000810
-0.000023
0.000110
-0.004405
-0.007047
-0.008486
-0.008794
-0.005963
-0.005449
-0.004977
-0.003137
-0.001956
0.000635
0.012899
0.013510
0.002263
0.001417
0.000814
-0.000087
0.001089
0.001931
-0.000404
-0.000431
-0.000115
-0.000099
0.003292
0.000056
-0.000206
-0.000213
-0.000201
-0.000217
-0.000261
-0.000240
-0.000209
-0.000211
-0.000213
-0.000231
-0.000243
-0.000219
-0.000233
-0.000275
-0.000292
-0.000314
-0.000358
-0.000328
-0.000285
-0.000273
-0.000242
-0.000279
-0.000310
-0.000314
-0.000359
-0.000337
-0.000296
-0.000294
-0.000304
-0.000271
-0.000257
-0.000261
-0.000313
-0.000322
-0.000294
-0.000246
-0.000237
-0.000236
-0.000189
-0.000206
-0.000167
-0.000173
0.000076
0.001654
0.002356
0.001617
0.000603
0.000031
-0.000186
0.000063
-0.004455
-0.005011
-0.008172
-0.007986
-0.006251
-0.005944
-0.003547
-0.002347
-0.001797
0.000662
0.007619
0.004408
0.005676
-0.000752
0.000241
0.000409
-0.003774
-0.001843
-0.000789
-0.000188
-0.000229
0.001708
0.001354
-0.001329
-0.000206
-0.000190
-0.000196
-0.000214
-0.000211
-0.000192
-0.000185
-0.000193
-0.000248
-0.000248
-0.000253
-0.000247
-0.000242
-0.000288
-0.000322
-0.000301
-0.000251
-0.000239
-0.000260
-0.000270
-0.000285
-0.000328
-0.000328
-0.000386
-0.000358
-0.000312
-0.000325
-0.000306
-0.000248
-0.000245
-0.000251
-0.000296
-0.000297
-0.000292
-0.000256
-0.000237
-0.000202
-0.000208
-0.000187
-0.000088
0.000045
0.000587
0.001801
0.001789
0.000645
-0.001344
-0.001143
0.000340
0.001038
-0.003683
-0.004913
-0.008869
-0.009152
-0.007593
-0.005908
-0.003465
-0.002613
-0.001644
-0.001383
-0.001514
0.005590
0.006676
0.006849
-0.000351
-0.002345
-0.013141
-0.008101
0.001305
-0.000317
-0.000620
0.002438
-0.003929
-0.016412
0.000274
-0.000206
-0.000213
-0.000215
-0.000224
-0.000238
-0.000177
-0.000184
-0.000236
-0.000263
-0.000251
-0.000253
-0.000265
-0.000265
-0.000256
-0.000254
-0.000260
-0.000276
-0.000279
-0.000253
-0.000294
-0.000327
-0.000302
-0.000372
-0.000361
-0.000342
-0.000311
-0.000337
-0.000275
-0.000248
-0.000259
-0.000276
-0.000288
-0.000278
-0.000254
-0.000260
-0.000255
-0.000226
0.000054
0.000112
0.000309
0.000184
0.000845
0.000768
-0.000870
-0.001171
0.000396
0.000364
0.001135
0.001706
-0.006069
-0.015059
-0.015038
-0.010501
-0.007732
-0.004800
-0.002143
-0.001711
-0.001265
-0.001639
-0.002099
-0.001903
-0.001682
0.001072
0.000348
-0.003533
-0.005641
0.002583
0.000433
-0.000148
0.002774
-0.010986
-0.014286
-0.003337
0.000133
-0.000051
-0.000207
-0.000225
-0.000203
-0.000201
-0.000214
-0.000228
-0.000236
-0.000256
-0.000269
-0.000282
-0.000271
-0.000258
-0.000275
-0.000356
-0.000298
-0.000304
-0.000279
-0.000268
-0.000331
-0.000316
-0.000373
-0.000411
-0.000410
-0.000361
-0.000336
-0.000297
-0.000233
-0.000234
-0.000242
-0.000251
-0.000277
-0.000289
-0.000263
-0.000253
0.000027
0.000040
0.000049
0.000080
-0.000015
-0.000089
-0.000066
0.000030
-0.000021
0.000086
0.000543
0.001165
0.000640
-0.009554
-0.020745
-0.025657
-0.015324
-0.008015
-0.003488
-0.001786
-0.001738
-0.001775
-0.001750
-0.001782
-0.001958
-0.001665
-0.001448
-0.000906
-0.000742
-0.001554
-0.009330
-0.000041
0.001143
-0.000665
-0.014989
-0.005641
-0.000771
-0.000249
-0.000287
-0.000143
-0.000177
-0.000172
-0.000182
-0.000201
-0.000219
-0.000221
-0.000268
-0.000276
-0.000265
-0.000302
-0.000282
-0.000303
-0.000344
-0.000349
-0.000382
-0.000311
-0.000300
-0.000336
-0.000341
-0.000345
-0.000408
-0.000399
-0.000398
-0.000327
-0.000330
-0.000272
-0.000250
-0.000248
-0.000282
-0.000270
-0.000152
-0.000157
0.000013
0.000111
0.000066
0.000022
0.000036
0.000018
-0.000210
-0.000060
0.000039
0.000096
0.000716
0.001147
0.001724
-0.001470
-0.008179
-0.020146
-0.025252
-0.017620
-0.010195
-0.005614
-0.002354
-0.001873
-0.002037
-0.001729
-0.001613
-0.002156
-0.001852
-0.001540
-0.000849
-0.000742
-0.000627
-0.004242
-0.003249
-0.000577
-0.006094
-0.008340
-0.000819
-0.000196
-0.000189
-0.000361
-0.002452
-0.000079
-0.000093
-0.000183
-0.000213
-0.000218
-0.000227
-0.000247
-0.000283
-0.000345
-0.000425
-0.000292
-0.000335
-0.000384
-0.000345
-0.000331
-0.000329
-0.000384
-0.000329
-0.000372
-0.000353
-0.000397
-0.000522
-0.000523
-0.000360
-0.000237
-0.000181
-0.000251
-0.000268
-0.000280
-0.000041
0.000044
0.000099
-0.000012
0.000032
0.000013
-0.000010
0.000001
0.000019
-0.000030
-0.000025
-0.000039
0.000073
0.001760
0.001958
0.001318
-0.004313
-0.008979
-0.019750
-0.025882
-0.018416
-0.010368
-0.005402
-0.002544
-0.002059
-0.002001
-0.001809
-0.001849
-0.002128
-0.002018
-0.001705
-0.001173
-0.000945
-0.000724
-0.000608
0.000387
-0.001810
-0.006008
-0.003444
-0.000657
-0.000274
-0.000304
-0.000286
-0.000343
-0.001157
-0.001221
0.000029
0.000027
0.000025
-0.000213
-0.000232
-0.000419
-0.000353
-0.000302
-0.000292
-0.000424
-0.000385
-0.000320
-0.000286
-0.000294
-0.000322
-0.000373
-0.000377
-0.000378
-0.000415
-0.000572
-0.000500
-0.000383
-0.000312
-0.000310
-0.000260
-0.000270
-0.000308
0.000050
0.000019
0.000059
0.000010
-0.000007
0.000049
0.000024
-0.000008
0.000008
-0.000092
-0.000185
-0.000169
-0.000091
-0.000229
-0.000089
-0.000088
0.000207
-0.013749
-0.019841
-0.020720
-0.013762
-0.009746
-0.003824
-0.002388
-0.002014
-0.001766
-0.001727
-0.002186
-0.002481
-0.002676
-0.001845
-0.001354
-0.000964
-0.000870
-0.000587
-0.000500
-0.000315
-0.002347
-0.000491
-0.000287
-0.000402
-0.000423
-0.000457
-0.000481
-0.002653
-0.008169
-0.004287
0.000151
0.000175
0.000089
0.000026
-0.000331
-0.000408
-0.000353
-0.000364
-0.000337
-0.000327
-0.000272
-0.000280
-0.000312
-0.000355
-0.000343
-0.000349
-0.000371
-0.000387
-0.000468
-0.000422
-0.000379
-0.000388
-0.000375
-0.000374
-0.000410
-0.000416
-0.000066
-0.000117
-0.000050
0.000064
-0.000084
-0.000240
-0.000187
-0.000126
-0.000246
-0.000435
-0.000492
-0.000448
-0.000453
-0.000422
-0.000424
-0.000405
-0.000438
-0.000410
-0.000016
-0.012321
-0.009733
-0.005170
-0.002499
-0.001983
-0.001881
-0.002046
-0.002376
-0.002442
-0.002543
-0.002126
-0.001798
-0.001424
-0.001067
-0.000828
-0.000563
-0.000694
-0.000735
-0.000372
0.000108
0.001517
0.001305
0.001473
0.002049
-0.001088
-0.012572
-0.008506
0.001062
0.001157
-0.000024
-0.000534
-0.000505
0.000033
-0.000203
-0.000364
-0.000434
-0.000308
-0.000263
-0.000259
-0.000296
-0.000438
-0.000352
-0.000356
-0.000354
-0.000345
-0.000342
-0.000380
-0.000433
-0.000468
-0.000370
-0.000353
-0.000382
-0.000395
-0.000372
-0.000453
-0.000312
-0.000486
-0.000275
-0.000280
-0.000424
-0.000429
-0.000462
-0.000445
-0.000465
-0.000452
-0.000471
-0.000475
-0.000470
-0.000452
-0.000502
-0.000495
-0.000495
-0.000437
-0.001536
-0.001037
-0.000219
-0.000076
-0.000009
0.000030
-0.002197
-0.002437
-0.002463
-0.002564
-0.002635
-0.002238
-0.001567
-0.000922
-0.000751
-0.000628
-0.001541
-0.002438
-0.002716
-0.000574
0.003518
0.005815
0.007973
0.004374
-0.000700
0.001536
0.001943
-0.000178
-0.000345
-0.000457
-0.000422
-0.000395
-0.000415
-0.000398
-0.000359
-0.000429
-0.000339
-0.000336
-0.000362
-0.000427
-0.000322
-0.000270
-0.000367
-0.000365
-0.000374
-0.000360
-0.000419
-0.000415
-0.000436
-0.000333
-0.000342
-0.000368
-0.000252
-0.000455
-0.000413
-0.000496
-0.000490
-0.000477
-0.000423
-0.000407
-0.000445
-0.000469
-0.000430
-0.000466
-0.000443
-0.000465
-0.000448
-0.000431
-0.000464
-0.000502
-0.000492
-0.000407
-0.000453
-0.000455
-0.000472
-0.000526
-0.000557
-0.000633
-0.000701
-0.000103
-0.000033
-0.000040
-0.000094
-0.000166
-0.000312
-0.000004
-0.001254
-0.000981
-0.001961
-0.005072
-0.008309
-0.007809
-0.009914
-0.001334
0.004598
0.004443
0.002048
0.003344
0.002141
0.000043
-0.000312
-0.000389
-0.000465
-0.000348
-0.000363
-0.000385
-0.000383
-0.000424
-0.000407
-0.000396
-0.000395
-0.000435
-0.000340
-0.000279
-0.000234
-0.000384
-0.000376
-0.000414
-0.000445
-0.000369
-0.000374
-0.000425
-0.000400
-0.000434
-0.000498
-0.000358
-0.000431
-0.000433
-0.000456
-0.000440
-0.000452
-0.000440
-0.000424
-0.000386
-0.000391
-0.000408
-0.000429
-0.000477
-0.000487
-0.000434
-0.000432
-0.000447
-0.000444
-0.000457
-0.000507
-0.000476
-0.000498
-0.000580
-0.000586
-0.000518
-0.000535
-0.000538
-0.000603
-0.000619
-0.000597
-0.000630
-0.000737
-0.000669
-0.000657
-0.000086
-0.004272
-0.011942
-0.012723
-0.014696
-0.015221
-0.015150
-0.001143
0.000883
0.003408
0.002288
0.000422
-0.000329
-0.000373
-0.000381
-0.000414
-0.000403
-0.000359
-0.000339
-0.000333
-0.000390
-0.000384
-0.000479
-0.000496
-0.000457
-0.000321
-0.000290
-0.000310
-0.000257
-0.000371
-0.000423
-0.000443
-0.000396
-0.000400
-0.000415
-0.000485
-0.000476
-0.000491
-0.000478
-0.000414
-0.000437
-0.000289
-0.000428
-0.000420
-0.000410
-0.000456
-0.000403
-0.000401
-0.000449
-0.000443
-0.000435
-0.000499
-0.000562
-0.000518
-0.000468
-0.000424
-0.000449
-0.000499
-0.000527
-0.000498
-0.000590
-0.000633
-0.000649
-0.000546
-0.000561
-0.000611
-0.000631
-0.000623
-0.000592
-0.000560
-0.000559
-0.000651
-0.000685
-0.000657
-0.000271
-0.015624
-0.018712
-0.011780
-0.005525
-0.001948
-0.000639
0.000252
0.000414
-0.000379
-0.000411
-0.000528
-0.000458
-0.000341
-0.000343
-0.000390
-0.000407
-0.000351
-0.000407
-0.000414
-0.000431
-0.000427
-0.000402
-0.000402
-0.000325
-0.000305
-0.000322
-0.000308
-0.000376
-0.000458
-0.000482
-0.000425
-0.000475
-0.000481
-0.000465
-0.000462
-0.000454
-0.000457
-0.000494
-0.000468
-0.000365
-0.000422
-0.000370
-0.000460
-0.000510
-0.000453
-0.000437
-0.000454
-0.000441
-0.000424
-0.000510
-0.000601
-0.000576
-0.000512
-0.000447
-0.000469
-0.000533
-0.000420
-0.000593
-0.000622
-0.000688
-0.000652
-0.000547
-0.000490
-0.000524
-0.000579
-0.000576
-0.000619
-0.000595
-0.000613
-0.000708
-0.000735
-0.000659
-0.000576
-0.002208
-0.005577
-0.003643
-0.002388
-0.001991
-0.000273
-0.000780
-0.001570
-0.000335
-0.000542
-0.000466
-0.000483
-0.000391
-0.000414
-0.000489
-0.000475
-0.000377
-0.000519
-0.000466
-0.000478
-0.000376
-0.000333
-0.000322
-0.000311
-0.000293
-0.000296
-0.000339
-0.000468
-0.000460
-0.000453
-0.000446
-0.000515
-0.000501
-0.000473
-0.000532
-0.000481
-0.000508
-0.000520
-0.000547
-0.000521
-0.000345
-0.000380
-0.000407
-0.000467
-0.000498
-0.000456
-0.000545
-0.000464
-0.000451
-0.000492
-0.000612
-0.000642
-0.000597
-0.000534
-0.000545
-0.000587
-0.000539
-0.000903
-0.000591
-0.000660
-0.000623
-0.000500
-0.000504
-0.000529
-0.000521
-0.000552
-0.000634
-0.000611
-0.000649
-0.000753
-0.000822
-0.000744
-0.000686
-0.000697
-0.001157
-0.001456
-0.001618
0.000076
0.000345
-0.001251
-0.003741
-0.000861
-0.000567
-0.000538
-0.000453
-0.000417
-0.000413
-0.000435
-0.000391
-0.000436
-0.000458
-0.000417
-0.000426
-0.000357
-0.000352
-0.000332
-0.000336
-0.000345
-0.000325
-0.000262
-0.000461
-0.000410
-0.000441
-0.000418
-0.000515
-0.000540
-0.000557
-0.000530
-0.000561
-0.000537
-0.000522
-0.000544
0.000014
-0.000341
-0.000331
-0.000350
-0.000470
-0.000485
-0.000430
-0.000445
-0.000469
-0.000458
-0.000463
-0.000577
-0.000657
-0.000598
-0.000610
-0.000662
-0.000692
-0.000694
-0.000662
-0.000615
-0.000644
-0.000563
-0.000586
-0.000533
-0.000499
-0.000523
-0.000504
-0.000570
-0.000539
-0.000627
-0.000686
-0.000787
-0.000694
-0.000768
-0.000751
-0.000857
-0.001023
-0.000682
0.002660
0.001200
-0.000836
-0.002130
-0.000784
-0.000530
-0.000547
-0.000498
-0.000438
-0.000443
-0.000492
-0.000409
-0.000378
-0.000400
-0.000379
-0.000452
-0.000394
-0.000296
-0.000403
-0.000398
-0.000375
-0.000370
-0.000315
-0.000430
-0.000448
-0.000418
-0.000468
-0.000517
-0.000500
-0.000265
-0.000470
-0.000552
-0.000507
-0.000498
-0.000478
-0.000438
-0.000405
-0.000400
-0.000381
-0.000406
-0.000439
-0.000408
-0.000363
-0.000405
-0.000468
-0.000458
-0.000521
-0.000584
-0.000605
-0.000627
-0.000686
-0.000743
-0.000762
-0.000559
-0.000526
-0.000525
-0.000589
-0.000598
-0.000642
-0.000573
-0.000629
-0.000775
-0.000795
-0.000756
-0.000699
-0.000699
-0.000663
-0.000749
-0.000752
-0.000669
-0.000715
-0.000772
-0.000652
-0.000531
-0.000125
-0.001341
-0.000701
-0.000520
-0.000539
-0.000588
-0.000524
-0.000470
-0.000461
-0.000435
-0.000423
-0.000405
-0.000382
-0.000424
-0.000368
-0.000401
-0.000356
-0.000414
-0.000363
-0.000380
-0.000404
-0.000442
-0.000454
-0.000440
-0.000419
-0.000539
-0.000502
-0.000463
-0.000357
-0.000497
-0.000467
-0.000525
-0.000473
-0.000463
-0.000382
-0.000432
-0.000522
-0.000420
-0.000413
-0.000460
-0.000458
-0.000392
-0.000432
-0.000481
-0.000525
-0.000567
-0.000533
-0.000632
-0.000659
-0.000673
-0.000702
-0.000657
-0.000524
-0.000537
-0.000618
-0.000679
-0.000770
-0.000717
-0.000684
-0.000813
-0.000850
-0.000763
-0.000703
-0.000760
-0.000621
-0.000689
-0.000800
-0.000744
-0.000760
-0.000734
-0.000716
-0.000622
-0.000647
-0.000661
-0.000620
-0.000629
-0.000545
-0.000549
-0.000503
-0.000533
-0.000456
-0.000421
-0.000376
-0.000390
-0.000429
-0.000418
-0.000362
-0.000356
-0.000389
-0.000359
-0.000434
-0.000546
-0.000423
-0.000437
-0.000465
-0.000431
-0.000441
-0.000401
-0.000400
-0.000428
-0.000454
-0.000464
-0.000464
-0.000412
-0.000459
-0.000376
-0.000364
-0.000331
-0.000450
-0.000451
-0.000463
-0.000459
-0.000517
-0.000444
-0.000363
-0.000406
-0.000443
-0.000430
-0.000454
-0.000541
-0.000624
-0.000600
-0.000646
-0.000662
-0.000648
-0.000553
-0.000634
-0.000740
-0.000842
-0.000809
-0.000756
-0.000754
-0.000795
-0.000766
-0.000755
-0.000707
-0.000619
-0.000628
-0.000676
-0.000725
-0.000761
-0.000864
-0.000685
-0.000654
-0.000529
-0.000548
-0.000590
-0.000546
-0.000581
-0.000515
-0.000505
-0.000497
-0.000475
-0.000388
-0.000384
-0.000439
-0.000444
-0.000454
-0.000386
-0.000357
-0.000379
-0.000341
-0.000395
-0.000399
-0.000406
-0.000404
-0.000380
-0.000367
