0.000003
0.000006
0.000012
0.000632
0.000023
0.000020
0.000005
0.000438
0.000002
-0.000015
0.000008
-0.000603
0.000026
0.000048
0.000070
0.000092
0.000088
0.000090
0.000089
0.000085
0.000079
0.000071
0.000146
0.001019
0.000262
-0.000038
-0.000063
-0.000111
-0.000129
-0.000109
-0.000217
-0.000006
0.000482
0.000865
0.000483
0.000435
0.000334
0.000109
0.000106
0.000034
0.000094
0.000077
0.000081
0.000090
0.000095
0.000087
0.000094
0.000095
0.000097
0.000135
0.000117
0.000095
0.000085
0.000089
0.000099
0.000105
0.000101
0.000099
0.000107
0.000098
0.000088
0.000102
0.000138
0.000139
0.000084
0.000053
-0.001158
0.000092
0.000082
0.000061
0.000061
0.000013
0.000195
0.000001
0.000002
0.000009
0.000016
0.000026
0.000036
0.000048
0.000061
0.000064
0.000067
0.000081
0.000079
0.000069
0.000074
0.000070
0.000075
0.000099
0.000096
0.000093
0.000088
0.000089
0.000081
0.000027
-0.000374
-0.000091
-0.000088
-0.000274
-0.000055
-0.000392
-0.000449
-0.000169
-0.000047
0.000142
0.000399
0.000324
0.000234
0.001013
0.000211
0.000165
0.000161
0.000111
0.000116
0.000113
0.000104
0.000107
0.000099
0.000111
0.000101
0.000095
0.000128
0.000121
0.000125
0.000102
0.000105
0.000106
0.000110
0.000091
0.000080
0.000099
0.000089
0.000070
0.000086
0.000281
0.000288
-0.000669
-0.000021
0.000089
0.000086
0.000081
0.000078
0.000080
0.000077
0.000076
0.000005
0.000008
0.000011
0.000021
0.000028
0.000041
0.000050
0.000061
0.000074
0.000073
0.000078
0.000078
0.000085
0.000082
0.000065
0.000077
0.000102
0.000096
0.000089
0.000087
0.000072
0.000132
0.000189
-0.000072
-0.000059
-0.000141
-0.000258
-0.000308
-0.000363
-0.000623
-0.000459
-0.000176
0.000071
0.000082
0.000231
0.000114
0.000295
0.000382
0.000164
0.000146
0.000109
0.000114
0.000120
0.000103
0.000099
0.000102
0.000105
0.000108
0.000096
0.000104
0.000049
0.000095
0.000103
0.000105
0.000105
0.000101
0.000100
0.000091
0.000090
0.000087
0.000088
0.000090
0.000118
0.000147
-0.000437
0.000066
0.000086
0.000083
0.000083
0.000085
0.000081
0.000080
0.000086
0.000010
0.000014
0.000015
0.000024
0.000032
0.000051
0.000049
0.000056
0.000054
0.000083
0.000085
0.000078
0.000086
0.000084
0.000090
0.000082
0.000095
0.000092
0.000089
0.000072
-0.000100
0.000091
0.000194
0.000015
-0.000131
-0.000199
-0.000313
-0.000419
-0.000553
-0.000743
-0.000515
-0.000277
-0.000141
0.000044
0.000208
0.000020
0.000155
0.000140
0.000102
0.000114
0.000119
0.000107
0.000115
0.000119
0.000105
0.000101
0.000098
0.000112
0.000098
0.000130
0.000213
0.000136
0.000103
0.000103
0.000095
0.000092
0.000090
0.000088
0.000079
0.000094
0.000104
0.000096
0.000114
0.000124
0.000081
0.000058
0.000083
0.000084
0.000083
0.000085
0.000096
0.000098
0.000089
0.000018
0.000018
0.000027
0.000032
0.000042
0.000047
0.000054
0.000069
0.000062
0.000064
0.000084
0.000083
0.000087
0.000062
0.000081
0.000067
0.000072
0.000088
0.000092
0.000096
0.000068
-0.000247
-0.000380
-0.000089
-0.000108
-0.000155
-0.000208
-0.000099
0.000002
-0.000331
-0.000174
-0.000016
-0.000212
0.000038
-0.000033
0.000637
0.000099
0.000096
0.000094
0.000103
0.000118
0.000109
0.000105
0.000113
0.000107
0.000105
0.000094
0.000107
0.000218
0.000105
-0.000229
-0.000011
-0.000060
0.000089
0.000100
0.000103
0.000085
0.000089
0.000084
0.000090
0.000099
0.000091
0.000100
0.000107
0.000101
0.000095
0.000093
0.000080
0.000082
0.000095
0.000100
0.000091
-0.002169
0.000025
0.000025
0.000035
0.000035
0.000045
0.000056
0.000066
0.000059
0.000064
0.000078
0.000089
0.000083
0.000081
0.000071
0.000067
0.000077
0.000053
0.000085
0.000093
0.000091
0.000091
0.000095
0.000038
-0.000800
-0.000399
-0.000343
-0.000302
-0.000180
0.000023
0.000022
0.000081
-0.000045
-0.000558
-0.000713
-0.000148
0.000371
0.000170
0.000205
0.000145
0.000104
0.000113
0.000107
0.000101
0.000119
0.000103
0.000098
0.000096
0.000118
0.000237
0.000234
0.000744
0.000168
-0.000160
-0.000287
0.000034
0.000114
0.000119
0.000112
0.000087
0.000083
0.000087
0.000100
0.000087
0.000099
0.000098
0.000092
0.000085
0.000091
0.000096
0.000096
0.000106
0.000092
0.000097
0.000034
0.000038
0.000037
0.000046
0.000055
0.000054
0.000068
0.000061
0.000077
0.000083
0.000073
0.000072
0.000074
0.000081
0.000081
0.000076
0.000076
0.000078
0.000098
0.000101
0.000103
0.000105
0.000105
0.000035
-0.000832
-0.001291
-0.001535
-0.001147
-0.000365
-0.000040
0.000106
0.000071
-0.000303
-0.000858
-0.000248
0.000354
0.000228
0.000398
0.000441
0.000123
0.000118
0.000117
0.000112
0.000108
0.000101
0.000102
0.000103
0.000111
0.000095
0.000116
0.000259
0.000682
0.000035
-0.000095
-0.000162
-0.000434
0.000061
0.000094
0.000077
0.000081
0.000085
0.000093
0.000096
0.000095
0.000088
0.000086
0.000092
0.000094
0.000103
0.000095
0.000097
0.000105
0.000096
0.000042
0.000045
0.000055
0.000046
0.000057
0.000057
0.000054
0.000060
0.000075
0.000078
0.000066
0.000066
0.000069
0.000072
0.000084
0.000081
0.000076
0.000068
0.000091
0.000091
0.000104
0.000106
0.000111
0.000116
0.000082
-0.000391
-0.000937
-0.001869
-0.001282
-0.000704
-0.000288
0.000051
0.000338
-0.000600
-0.000369
-0.000100
-0.000019
0.000761
0.000658
0.000155
0.000120
0.000121
0.000114
0.000115
0.000109
0.000114
0.000107
0.000104
0.000100
0.000074
0.000137
0.000361
0.000909
-0.000941
-0.000482
0.000040
0.000082
0.000059
0.000082
0.000098
0.000095
0.000076
0.000081
0.000089
0.000090
0.000095
0.000114
0.000108
0.000099
0.000088
0.000093
0.000098
0.000097
0.000052
0.000057
0.000055
0.000058
0.000070
0.000056
0.000058
0.000055
0.000074
0.000079
0.000076
0.000066
0.000061
0.000075
0.000076
0.000083
0.000075
0.000081
0.000094
0.000094
0.000102
0.000107
0.000108
0.000109
0.000113
0.000104
0.000099
0.000061
0.000082
-0.000036
-0.000657
-0.001777
0.000083
0.000249
-0.000860
-0.000738
0.000025
0.000128
0.000319
0.000141
0.000126
0.000129
0.000121
0.000118
0.000123
0.000116
0.000107
0.000101
0.000103
0.000090
0.000099
-0.000009
0.000053
-0.000044
0.000062
0.000088
0.000074
0.000083
0.000081
0.000098
0.000094
0.000077
0.000089
0.000089
0.000092
0.000107
0.000080
0.000080
0.000096
0.000098
0.000097
0.000098
0.001326
0.000058
0.000066
0.000069
0.000071
0.000058
0.000069
0.000075
0.000061
0.000064
0.000075
0.000064
0.000068
0.000069
0.000069
0.000077
0.000077
0.000082
0.000097
0.000098
0.000097
0.000103
0.000106
0.000110
0.000110
0.000111
0.000107
0.000119
0.000115
0.000130
0.000128
0.000067
-0.000701
-0.000220
0.000175
-0.000056
-0.001267
-0.000837
-0.000047
0.000134
0.000134
0.000138
0.000143
0.000131
0.000128
0.000116
0.000104
0.000101
0.000102
0.000101
0.000096
0.000113
0.000085
0.000084
0.000076
0.000083
0.000063
0.000071
0.000079
0.000084
0.000091
0.000096
0.000100
0.000091
0.000083
0.000100
0.000089
0.000100
0.000094
0.000099
0.000100
0.000103
0.000103
0.000105
0.000063
0.000074
0.000076
0.000072
0.000070
0.000071
0.000074
0.000054
0.000057
0.000085
0.000076
0.000082
0.000075
0.000077
0.000076
0.000088
0.000092
0.000095
0.000104
0.000104
0.000106
0.000108
0.000120
0.000117
0.000116
0.000120
0.000118
0.000112
0.000106
0.000127
0.000130
0.000074
-0.000285
-0.000294
0.000231
-0.000004
-0.000364
0.000071
0.000102
0.000125
0.000129
0.000124
0.000126
0.000125
0.000119
0.000100
0.000095
0.000095
0.000102
0.000086
0.000013
0.000086
0.000089
0.000053
0.000090
0.000088
0.000080
0.000081
0.000089
0.000096
0.000087
0.000083
0.000086
0.000088
0.000091
0.000103
0.000099
0.000104
0.000105
0.000103
0.000103
0.000108
0.000097
0.000067
0.000078
0.000078
0.000079
0.000071
0.000072
0.000077
0.000052
0.000062
0.000080
0.000085
0.000086
0.000076
0.000071
0.000073
0.000086
0.000090
0.000090
0.000098
0.000104
0.000104
0.000105
0.000116
0.000109
0.000123
0.000126
0.000119
0.000124
0.000131
0.000128
0.000118
0.000115
0.000101
-0.000225
-0.000067
0.000059
0.000092
0.000098
0.000118
0.000122
0.000106
0.000127
0.000119
0.000124
0.000116
0.000109
0.000097
0.000104
0.000108
0.000106
0.000101
0.000091
0.000090
0.000094
0.000092
0.000084
0.000086
0.000090
0.000087
0.000094
0.000086
0.000102
0.000104
0.000092
0.000095
0.000102
0.000105
0.000104
0.000103
0.000100
0.000108
0.000119
0.000095
0.000071
0.000079
0.000080
0.000084
0.000076
0.000071
0.000068
0.000068
0.000081
0.000081
0.000077
0.000080
0.000079
0.000086
0.000089
0.000089
0.000092
0.000092
0.000096
0.000101
0.000099
0.000106
0.000113
0.000111
0.000127
0.000130
0.000122
0.000124
0.000115
0.000120
0.000119
0.000121
0.000137
0.000130
0.000129
0.000129
0.000124
0.000118
0.000121
0.000122
0.000125
0.000112
0.000123
0.000127
0.000121
0.000122
0.000107
0.000109
0.000122
0.000118
0.000100
0.000094
0.000083
0.000084
0.000087
0.000084
0.000093
0.000083
0.000088
0.000092
0.000094
0.000096
0.000096
0.000093
0.000097
0.000096
0.000105
0.000106
0.000108
0.000115
0.000115
0.000114
0.000725
0.000071
0.000073
0.000078
0.000084
0.000085
0.000076
0.000066
0.000077
0.000067
0.000077
0.000071
0.000078
0.000072
0.000075
0.000081
0.000088
0.000094
0.000095
0.000102
0.000102
0.000101
0.000101
0.000104
0.000118
0.000120
0.000107
0.000106
0.000122
0.000126
0.000120
0.000117
0.000123
0.000140
0.000136
0.000132
0.000124
0.000136
0.000130
0.000129
0.000137
0.000139
0.000134
0.000114
0.000116
0.000119
0.000124
0.000115
0.000098
0.000098
0.000103
0.000109
0.000104
0.000102
0.000075
0.000081
0.000087
0.000100
0.000085
0.000094
0.000094
0.000095
0.000097
0.000093
0.000098
0.000098
0.000096
0.000111
0.000110
0.000116
0.000116
0.000117
0.000125
0.000103
0.000074
0.000069
0.000076
0.000079
0.000080
0.000062
0.000070
0.000075
0.000072
0.000074
0.000079
0.000073
0.000075
0.000075
0.000077
0.000083
0.000089
0.000090
0.000101
0.000106
0.000098
0.000081
-0.000171
0.000090
0.000236
-0.000023
-0.000092
0.000083
0.000108
0.000116
0.000111
0.000101
0.000130
0.000131
0.000121
0.000118
0.000136
0.000130
0.000127
0.000119
0.000131
0.000134
0.000107
0.000130
0.000123
0.000114
0.000101
0.000090
0.000093
0.000094
0.000089
0.000090
0.000074
0.000073
0.000074
0.000086
0.000092
0.000099
0.000089
0.000091
0.000096
0.000097
0.000096
0.000099
0.000102
0.000108
0.000111
0.000117
0.000123
0.000118
0.000122
0.000121
0.000105
0.000071
0.000065
0.000069
0.000069
0.000075
0.000072
0.000079
0.000069
0.000069
0.000070
0.000074
0.000070
0.000073
0.000073
0.000077
0.000082
0.000083
0.000090
0.000102
0.000109
0.000094
0.000040
-0.000166
-0.001094
-0.000714
-0.000238
-0.000055
-0.000145
-0.000564
-0.000264
0.000063
0.000153
0.000054
-0.000623
0.000035
0.000132
0.000138
0.000130
0.000125
0.000117
0.000125
0.000116
0.000126
0.000097
0.000100
0.000097
0.000085
0.000094
0.000094
0.000099
0.000087
0.000076
0.000081
0.000086
0.000089
0.000093
0.000101
0.000093
0.000094
0.000096
0.000100
0.000102
0.000101
0.000102
0.000101
0.000101
0.000108
0.000114
0.000121
0.000117
0.000121
0.000143
0.000133
0.000072
0.000064
0.000071
0.000074
0.000070
0.000078
0.000078
0.000076
0.000072
0.000068
0.000068
0.000060
0.000068
0.000073
0.000075
0.000080
0.000040
0.000032
0.000029
0.000103
0.000149
-0.000084
-0.000523
-0.000686
-0.000662
-0.000744
-0.000659
-0.000529
-0.000525
-0.000418
-0.000255
-0.000315
-0.000238
-0.000677
0.000048
0.000132
0.000136
0.000138
0.000127
0.000121
0.000126
0.000120
0.000118
0.000103
0.000081
0.000078
0.000102
0.000111
0.000100
0.000085
0.000084
0.000085
0.000086
0.000093
0.000090
0.000093
0.000086
0.000099
0.000107
0.000101
0.000105
0.000106
0.000099
0.000101
0.000104
0.000105
0.000108
0.000109
0.000116
0.000125
0.000127
0.000131
-0.001100
0.000066
0.000065
0.000070
0.000073
0.000070
0.000075
0.000078
0.000071
0.000067
0.000067
0.000064
0.000060
0.000075
0.000069
0.000019
0.000004
-0.000100
-0.000163
-0.000149
-0.000066
0.000534
0.000458
-0.000262
-0.000978
-0.001261
-0.000873
-0.000596
-0.000617
-0.001386
-0.000284
0.000121
0.000123
-0.000204
-0.000714
0.000061
0.000095
0.000119
0.000128
0.000125
0.000125
0.000133
0.000113
0.000104
0.000089
0.000108
0.000111
0.000107
0.000100
0.000089
0.000088
0.000084
0.000084
0.000086
0.000094
0.000094
0.000109
0.000110
0.000101
0.000104
0.000106
0.000108
0.000102
0.000096
0.000098
0.000110
0.000109
0.000112
0.000114
0.000115
0.000133
0.000128
0.000138
0.000137
0.000075
0.000072
0.000069
0.000065
0.000066
0.000069
0.000074
0.000069
0.000065
0.000069
0.000066
0.000062
0.000067
0.000008
-0.000068
-0.000081
-0.000089
-0.000131
-0.000111
0.000035
0.000083
0.000343
0.000177
-0.000326
-0.000945
-0.000688
-0.000073
-0.000077
-0.001366
-0.000319
0.000115
0.000118
-0.000166
-0.000410
0.000037
0.000141
0.000166
-0.000001
0.000105
0.000141
0.000144
0.000128
0.000102
0.000106
0.000119
0.000113
0.000097
0.000097
0.000092
0.000091
0.000090
0.000089
0.000090
0.000098
0.000103
0.000102
0.000106
0.000105
0.000109
0.000109
0.000108
0.000123
0.000106
0.000101
0.000107
0.000108
0.000102
0.000112
0.000107
0.000115
0.000112
0.000112
0.000112
0.000071
0.000065
0.000070
0.000069
0.000063
0.000071
0.000068
0.000061
0.000060
0.000062
0.000058
0.000061
-0.000001
0.000223
0.000114
0.000044
0.000054
0.000030
-0.000055
-0.000256
-0.000633
-0.000156
0.000339
0.001115
0.002004
0.001129
0.000187
-0.000093
-0.000182
-0.000470
-0.000155
0.000197
-0.000246
-0.000133
-0.000034
0.000128
0.000562
0.000139
-0.000190
-0.000041
0.000043
0.000106
0.000123
0.000118
0.000107
0.000107
0.000104
0.000101
0.000100
0.000089
0.000087
0.000094
0.000103
0.000103
0.000104
0.000105
0.000102
0.000110
0.000103
0.000115
0.000115
0.000114
0.000117
0.000112
0.000099
0.000102
0.000113
0.000115
0.000105
0.000108
0.000115
0.000116
0.000125
0.000069
0.000070
0.000064
0.000061
0.000064
0.000054
0.000061
0.000052
0.000057
0.000049
0.000052
-0.000041
0.000098
0.000498
0.000712
0.000359
0.000150
0.000116
0.000077
-0.001134
-0.000762
-0.000246
0.000021
0.001187
0.000809
0.000232
0.000206
0.000118
0.000100
-0.000250
-0.000354
-0.000010
0.000005
-0.000667
0.000065
-0.000590
-0.000635
-0.001424
-0.000902
-0.001034
-0.001106
-0.000600
0.000132
0.000091
0.000043
0.000101
0.000101
0.000101
0.000100
0.000092
0.000083
0.000098
0.000107
0.000113
0.000108
0.000107
0.000102
0.000112
0.000112
0.000121
0.000113
0.000119
0.000104
0.000088
0.000096
0.000105
0.000109
0.000101
0.000105
0.000108
0.000115
0.000123
-0.000596
0.000066
0.000068
0.000064
0.000057
0.000066
0.000061
0.000054
0.000051
0.000054
0.000054
0.000031
0.000034
0.000058
0.000060
0.000995
0.000274
0.000150
0.000113
0.000087
-0.000670
-0.000418
0.000150
0.000149
0.000107
-0.000059
0.000086
0.000490
0.000301
0.000154
0.000167
-0.000219
-0.000332
-0.000381
-0.000130
0.000276
0.000041
-0.000747
-0.001540
-0.000400
-0.000837
-0.002042
-0.001523
-0.000972
0.000040
-0.001401
-0.000105
0.000103
0.000099
0.000099
0.000098
0.000095
0.000094
0.000095
0.000101
0.000109
0.000110
0.000105
0.000100
0.000115
0.000131
0.000124
0.000112
0.000103
0.000098
0.000108
0.000120
0.000100
0.000106
0.000106
0.000108
0.000130
0.000129
0.000114
0.000063
0.000069
0.000061
0.000055
0.000047
0.000050
0.000047
0.000047
0.000052
0.000041
0.000033
0.000039
0.000042
0.000274
0.002208
0.000677
0.000175
0.000117
0.000108
-0.000234
0.000198
0.000215
0.000168
0.000089
0.000006
0.000209
0.000125
0.000223
0.000156
0.000421
0.000299
-0.000122
-0.000164
-0.000535
-0.000136
0.000298
-0.000186
-0.000116
-0.000247
-0.002544
-0.001352
-0.000908
-0.001719
0.001365
0.001107
-0.001467
-0.000085
0.000093
0.000098
0.000100
0.000104
0.000093
0.000109
0.000107
0.000107
0.000111
0.000114
0.000110
0.000112
0.000123
0.000131
0.000127
0.000117
0.000129
0.000112
0.000106
0.000107
0.000109
0.000114
0.000131
0.000137
0.000146
0.000112
0.000059
0.000061
0.000057
0.000048
0.000047
0.000044
0.000038
0.000040
0.000044
0.000040
0.000032
0.000035
0.000033
0.000060
0.000751
0.000970
0.000137
0.000118
0.000093
-0.000039
0.000050
0.000106
0.000152
0.000054
-0.000023
-0.000154
-0.000101
0.000162
0.000497
0.000638
0.000553
0.000000
-0.000244
-0.000185
-0.000587
-0.000108
0.000334
0.000539
0.000053
-0.000886
0.001758
0.005486
0.003584
0.001444
0.000356
-0.001778
-0.000927
0.000047
0.000097
0.000097
0.000095
0.000094
0.000105
0.000107
0.000110
0.000113
0.000120
0.000121
0.000126
0.000127
0.000143
0.000130
0.000114
0.000118
0.000107
0.000098
0.000108
0.000115
0.000118
0.000131
0.000148
0.000129
0.000096
0.000055
0.000059
0.000047
0.000046
0.000049
0.000042
0.000035
0.000034
0.000040
0.000041
0.000042
0.000036
0.000027
0.000036
0.000221
0.001639
0.000467
0.000069
0.000029
-0.000037
-0.000234
0.000039
0.000065
0.000084
0.000064
-0.000042
-0.000091
0.000423
0.000917
0.000543
0.000904
0.000441
0.000486
0.000455
-0.000044
0.000180
0.001931
0.000115
0.000297
0.003110
0.003935
0.002919
0.001065
0.001478
-0.001077
-0.002851
-0.001449
-0.000041
0.000098
0.000106
0.000112
0.000100
0.000104
0.000119
0.000125
0.000118
0.000120
0.000131
0.000126
0.000138
0.000142
0.000127
0.000106
0.000112
0.000111
0.000099
0.000097
0.000105
0.000123
0.000129
0.000127
0.000126
0.000071
0.000053
0.000049
0.000052
0.000051
0.000045
0.000041
0.000032
0.000034
0.000040
0.000042
0.000038
0.000004
-0.000195
-0.000082
0.000052
0.000523
0.000186
0.000113
0.000010
-0.000118
0.000046
0.000065
0.000081
0.000081
0.000089
0.000079
-0.000010
-0.000035
-0.000675
-0.000053
0.000570
-0.000083
-0.000073
0.001476
0.000424
-0.000241
-0.000392
-0.000997
-0.000387
0.000075
-0.000227
0.000204
0.001048
-0.000614
-0.002708
-0.002769
-0.000311
0.000083
0.000119
0.000109
0.000128
0.000101
0.000111
0.000110
0.000125
0.000121
0.000118
0.000127
0.000121
0.000136
0.000128
0.000113
0.000075
0.000116
0.000108
0.000104
0.000109
0.000125
0.000120
0.000115
0.000133
0.000129
0.000066
0.000050
0.000045
0.000048
0.000046
0.000044
0.000039
0.000035
0.000033
0.000039
0.000042
0.000034
0.000025
0.000036
0.000020
0.000027
0.000063
0.000071
0.000071
0.000055
0.000056
0.000052
0.000063
0.000046
0.000025
0.000033
0.000021
-0.000018
-0.000164
-0.000330
-0.000123
-0.000536
-0.002882
-0.004014
-0.000225
-0.000143
-0.000616
-0.000236
-0.003694
-0.004559
-0.004231
-0.002395
-0.002744
0.001752
0.006042
-0.000667
-0.001120
-0.000252
0.000080
0.000267
0.000186
0.000116
0.000103
0.000101
0.000111
0.000119
0.000121
0.000120
0.000125
0.000136
0.000124
0.000057
0.000117
0.000131
0.000112
0.000118
0.000122
0.000121
0.000106
0.000114
0.000122
0.000121
0.000120
0.000089
0.000046
0.000043
0.000038
0.000045
0.000038
0.000037
0.000036
0.000039
0.000039
0.000038
0.000036
0.000032
0.000024
0.000048
0.000060
0.000042
0.000060
0.000057
0.000063
0.000058
0.000036
0.000016
0.000003
-0.000016
0.000009
0.000030
0.000261
0.000417
-0.000273
-0.001513
-0.002985
-0.003824
-0.002152
-0.001864
-0.001957
-0.002468
-0.000257
-0.002584
-0.004506
-0.002910
-0.002039
-0.002790
-0.000295
0.007793
-0.000925
-0.000157
-0.000058
0.000103
0.000402
0.001341
0.000105
0.000109
0.000083
0.000061
0.000112
0.000120
0.000133
0.000131
0.000121
0.000121
0.000123
0.000118
0.000116
0.000122
0.000121
0.000126
0.000110
0.000109
0.000107
0.000113
0.000117
0.000114
0.000118
0.000043
0.000041
0.000042
0.000043
0.000044
0.000038
0.000037
0.000040
0.000038
0.000034
0.000033
0.000036
0.000036
0.000067
0.000036
0.000040
0.000058
0.000056
0.000054
0.000039
-0.000010
-0.000053
0.000021
0.000055
0.000024
-0.000008
0.000203
0.000374
-0.000514
-0.001495
-0.002721
-0.003746
-0.002126
-0.001388
-0.004193
-0.004861
-0.002436
-0.000121
-0.001613
-0.002011
-0.001525
-0.002880
-0.001563
0.000519
0.000580
0.000076
0.000146
0.000179
0.000576
0.001910
0.000291
-0.000131
-0.000027
0.000091
0.000106
0.000130
0.000128
0.000101
0.000106
0.000114
0.000112
0.000133
0.000133
0.000114
0.000119
0.000110
0.000109
0.000116
0.000112
0.000111
0.000109
0.000110
0.000123
0.000050
0.000043
0.000043
0.000046
0.000048
0.000044
0.000041
0.000036
0.000037
0.000036
0.000033
0.000029
0.000031
0.000028
0.000029
0.000040
0.000053
0.000033
0.000010
-0.000031
-0.000050
-0.000054
0.000028
0.000035
0.000041
0.000042
0.000244
0.000528
-0.000852
-0.001623
-0.002648
-0.002811
-0.001065
-0.002326
-0.005413
-0.005324
-0.001639
-0.000209
-0.000778
-0.001423
-0.001885
-0.001412
-0.000849
0.000229
0.000844
0.000773
0.000760
0.000443
0.001342
-0.000300
-0.007615
-0.005947
0.000147
0.000114
0.000131
0.000126
0.000094
0.000109
0.000107
0.000103
0.000118
0.000144
0.000142
0.000124
0.000128
0.000127
0.000124
0.000122
0.000115
0.000109
0.000117
0.000126
0.000139
0.000050
0.000047
0.000048
0.000049
0.000046
0.000048
0.000040
0.000036
0.000041
0.000040
0.000033
0.000027
0.000020
0.000021
0.000024
0.000034
0.000029
-0.000041
-0.000046
-0.000045
-0.000048
-0.000016
0.000066
0.000083
0.000165
0.000350
0.000622
0.000956
-0.001312
-0.001620
-0.002549
-0.002775
0.000452
-0.002375
-0.003616
-0.003369
-0.000995
-0.000636
-0.000468
-0.001524
-0.001589
-0.001243
-0.000320
-0.000613
-0.000034
0.000396
0.000528
0.001182
0.000352
-0.007035
-0.010678
-0.005057
0.000084
-0.000048
0.000122
0.000026
0.000110
0.000126
0.000114
0.000112
0.000115
0.000118
0.000117
0.000128
0.000133
0.000138
0.000133
0.000134
0.000125
0.000114
0.000119
0.000138
0.000130
0.000052
0.000051
0.000051
0.000046
0.000046
0.000045
0.000042
0.000040
0.000039
0.000039
0.000031
0.000029
0.000022
0.000018
0.000015
0.000013
-0.000035
-0.000040
-0.000037
-0.000039
-0.000043
-0.000043
0.000014
0.000107
0.000220
0.000318
0.000739
0.000964
-0.000860
-0.001284
-0.001961
-0.002782
0.003173
-0.004334
-0.004331
-0.001195
-0.000285
0.000022
-0.000010
-0.000861
-0.001362
-0.001723
-0.001372
-0.001317
-0.000724
0.000161
0.001655
0.001694
-0.001859
-0.003750
-0.004057
-0.000203
0.003659
0.003212
0.000864
0.000031
0.000118
0.000124
0.000114
0.000124
0.000105
0.000109
0.000127
0.000154
0.000146
0.000127
0.000127
0.000126
0.000116
0.000109
0.000129
0.000122
0.000119
0.000047
0.000048
0.000052
0.000048
0.000042
0.000046
0.000047
0.000045
0.000041
0.000034
0.000031
0.000025
0.000023
0.000010
-0.000024
-0.000043
-0.000089
-0.000035
-0.000032
-0.000041
-0.000042
-0.000053
-0.000051
-0.000003
0.000160
0.000298
0.000479
-0.001099
-0.000979
0.000020
-0.000769
-0.001575
-0.002189
-0.006320
-0.006635
-0.002043
-0.000652
0.000058
-0.000072
-0.001046
-0.001633
-0.001869
-0.001636
-0.001198
-0.001102
-0.000172
-0.000117
0.000095
-0.000184
-0.001847
-0.000851
0.001772
0.004806
0.008029
0.000717
0.000198
0.000016
0.000113
0.000105
0.000115
0.000118
0.000098
0.000113
0.000135
0.000127
0.000126
0.000128
0.000123
0.000118
0.000106
0.000107
0.000107
0.000147
0.000050
0.000049
0.000052
0.000045
0.000046
0.000054
0.000059
0.000050
0.000034
0.000035
0.000028
0.000023
-0.000025
-0.000038
-0.000063
-0.000017
-0.000051
-0.000028
-0.000034
-0.000037
-0.000048
-0.000059
-0.000060
-0.000039
0.000187
0.000307
-0.000004
-0.001708
-0.001287
0.000374
0.000152
-0.001757
-0.006012
-0.010278
-0.007696
-0.002139
-0.000585
-0.000347
-0.000190
-0.001252
-0.001245
-0.001369
-0.001596
-0.001441
-0.001487
-0.000798
-0.000698
-0.000036
-0.000243
-0.001201
-0.000391
0.001162
0.002948
0.001355
0.000311
0.000361
0.000767
0.001406
0.000085
0.000064
0.000001
0.000114
0.000120
0.000119
0.000113
0.000128
0.000138
0.000117
0.000104
0.000108
0.000108
0.000111
0.000112
0.000048
0.000049
0.000050
0.000044
0.000048
0.000054
0.000054
0.000050
0.000051
0.000047
0.000038
0.000008
-0.000035
-0.000034
-0.000032
-0.000041
-0.000032
-0.000047
-0.000037
-0.000042
-0.000043
-0.000001
0.000012
0.000011
-0.000012
-0.000056
0.000001
-0.000092
0.000160
0.001339
0.000197
-0.004851
-0.017476
-0.017210
-0.009937
-0.002514
0.000217
0.000847
0.002644
-0.000250
-0.000956
-0.001019
-0.001147
-0.001560
-0.001244
-0.001618
-0.001388
-0.000587
-0.000045
-0.000311
-0.000033
0.000149
0.000034
0.000582
0.000807
0.001131
0.001302
0.000920
0.001982
0.001883
0.001064
-0.000011
0.000000
0.000109
0.000114
0.000113
0.000114
0.000104
0.000101
0.000118
0.000105
0.000094
0.000110
0.000047
0.000046
0.000042
0.000045
0.000049
0.000053
0.000052
0.000049
0.000054
0.000057
0.000061
0.000027
0.000017
0.000031
0.000005
-0.000034
-0.000013
0.000023
0.000014
0.000009
0.000032
0.000076
0.000086
0.000085
0.000083
0.000080
0.000078
0.000075
0.000199
0.000070
0.000373
-0.015053
-0.021692
-0.014142
-0.006829
-0.000950
0.001490
0.004848
0.004155
0.009358
0.006964
0.005106
-0.000463
-0.001626
-0.002974
-0.003139
-0.001539
-0.000191
0.000528
-0.000607
0.000108
0.000160
0.000288
0.001069
0.001097
0.001050
0.001140
0.000922
0.001087
0.000949
0.000283
0.000123
0.000105
-0.000010
0.000042
0.000080
0.000099
0.000097
0.000102
0.000116
0.000105
0.000096
0.000106
0.000046
0.000047
0.000039
0.000037
0.000047
0.000047
0.000049
0.000052
0.000058
0.000059
0.000053
0.000061
0.000069
0.000071
0.000071
0.000028
0.000029
0.000062
0.000079
0.000079
0.000081
0.000083
0.000082
0.000081
0.000083
0.000084
0.000077
0.000090
0.000141
0.000382
0.000382
-0.001121
-0.000755
-0.000276
-0.000053
0.000004
0.000012
0.002645
0.009826
0.013162
0.007134
0.002794
-0.000437
-0.001150
-0.001477
-0.002251
-0.002197
0.000828
-0.001087
-0.003792
-0.002037
0.000115
0.001030
0.001333
0.001518
0.001138
0.000827
0.000602
0.000302
0.000139
0.000083
0.000093
0.000109
0.000112
0.000113
0.000097
0.000090
0.000087
0.000094
0.000110
0.000097
0.000104
0.000114
0.000051
0.000049
0.000042
0.000045
0.000046
0.000048
0.000047
0.000050
0.000041
0.000040
0.000028
0.000063
0.000073
0.000076
0.000079
0.000071
0.000067
0.000073
0.000082
0.000086
0.000084
0.000080
0.000078
0.000074
0.000078
0.000081
0.000065
0.000090
0.000100
0.000114
0.000095
0.000080
0.000087
0.000089
0.000081
0.000086
0.000083
0.000167
-0.000215
-0.000398
0.000123
0.000065
-0.000055
0.000052
-0.002397
-0.003223
-0.003721
-0.001670
-0.001987
-0.006140
-0.005570
-0.001333
0.000829
0.001226
0.000720
0.000805
0.000685
0.000458
0.000111
0.000091
0.000054
0.000107
0.000110
0.000102
0.000098
0.000094
0.000085
0.000089
0.000094
0.000107
0.000112
0.000112
0.000106
0.000050
0.000052
0.000051
0.000046
0.000049
0.000046
0.000014
0.000052
0.000061
0.000061
0.000049
0.000069
0.000073
0.000046
0.000065
0.000073
0.000069
0.000074
0.000068
0.000088
0.000081
0.000080
0.000079
0.000080
0.000079
0.000075
0.000083
0.000088
0.000094
0.000086
0.000084
0.000090
0.000089
0.000088
0.000087
0.000065
0.000077
0.000097
0.000100
0.000090
0.000039
0.000092
0.000096
0.000087
0.000098
-0.002899
-0.003036
-0.002050
-0.004295
-0.003229
-0.002917
0.000058
0.000877
0.000787
0.000582
0.000603
0.000303
0.000137
0.000104
0.000092
0.000113
0.000108
0.000104
0.000104
0.000097
0.000085
0.000088
0.000091
0.000102
0.000109
0.000097
0.000099
0.000104
0.000050
0.000052
0.000049
0.000042
0.000048
0.000011
0.000009
0.000007
0.000061
0.000055
0.000042
0.000035
0.000047
0.000056
0.000065
0.000067
0.000069
0.000076
0.000069
0.000063
0.000080
0.000079
0.000079
0.000076
0.000080
0.000077
0.000082
0.000091
0.000096
0.000083
0.000079
0.000082
0.000089
0.000092
0.000087
0.000087
0.000095
0.000094
0.000097
0.000082
0.000053
0.000094
0.000101
0.000098
0.000091
0.000051
-0.002616
-0.002359
-0.003078
-0.002904
-0.001041
-0.001661
-0.000104
0.000381
0.000323
0.000133
0.000118
0.000112
0.000072
0.000092
0.000121
0.000120
0.000111
0.000107
0.000098
0.000090
0.000100
0.000104
0.000123
0.000097
0.000093
0.000089
0.000082
0.000051
0.000050
0.000050
0.000050
0.000008
0.000007
0.000008
0.000050
0.000055
0.000050
0.000054
0.000054
0.000045
0.000051
0.000054
0.000066
0.000066
0.000074
0.000076
0.000064
0.000080
0.000078
0.000079
0.000081
0.000084
0.000087
0.000084
0.000091
0.000098
0.000094
0.000094
0.000088
0.000087
0.000049
0.000088
0.000090
0.000102
0.000109
0.000099
0.000084
0.000085
0.000109
0.000117
0.000112
0.000101
0.000080
-0.000158
-0.000812
-0.000726
-0.002087
-0.002743
-0.000796
0.000119
0.000449
0.000116
0.000102
0.000127
0.000115
0.000096
0.000115
0.000115
0.000111
0.000100
0.000113
0.000110
0.000099
0.000102
0.000123
0.000122
0.000092
0.000097
0.000096
0.000097
0.000053
0.000054
0.000056
0.000056
0.000039
0.000048
0.000051
0.000052
0.000059
0.000054
0.000049
0.000058
0.000067
0.000045
0.000055
0.000068
0.000078
0.000081
0.000083
0.000073
0.000078
0.000078
0.000081
0.000084
0.000084
0.000088
0.000087
0.000088
0.000092
0.000098
0.000093
0.000093
0.000099
0.000089
0.000091
0.000102
0.000109
0.000109
0.000107
0.000111
0.000106
0.000111
0.000121
0.000116
0.000111
0.000097
0.000103
0.000071
0.000093
-0.000024
0.000142
0.000155
0.000341
0.000453
0.000146
0.000141
0.000129
0.000115
0.000069
0.000080
0.000095
0.000101
0.000108
0.000125
0.000113
0.000109
0.000110
0.000131
0.000114
0.000098
0.000103
0.000105
0.000099
0.000052
0.000052
0.000052
0.000056
0.000057
0.000053
0.000053
0.000056
0.000065
0.000060
0.000054
0.000058
0.000068
0.000040
0.000056
0.000078
0.000083
0.000076
0.000077
0.000062
0.000074
0.000079
0.000082
0.000087
0.000086
0.000090
0.000094
0.000101
0.000086
0.000105
0.000100
0.000097
0.000100
0.000105
0.000103
0.000105
0.000109
0.000100
0.000108
0.000107
0.000112
0.000113
0.000109
0.000115
0.000112
0.000118
0.000128
0.000127
0.000141
0.000169
0.000490
0.000488
0.000336
0.000286
0.000054
0.000104
0.000132
0.000113
0.000111
0.000103
0.000107
0.000105
0.000103
0.000135
0.000118
0.000123
0.000125
0.000115
0.000112
0.000111
0.000116
0.000114
0.000111
0.000052
0.000049
0.000054
0.000053
0.000052
0.000053
0.000053
0.000057
0.000057
0.000055
0.000052
0.000059
0.000058
0.000057
0.000065
0.000064
0.000072
0.000087
0.000081
0.000072
0.000077
0.000085
0.000085
0.000090
0.000091
0.000093
0.000098
0.000090
0.000103
0.000095
0.000088
0.000055
0.000096
0.000097
0.000111
0.000112
0.000109
0.000085
0.000118
0.000112
0.000107
0.000113
0.000113
0.000110
0.000114
0.000118
0.000129
0.000124
0.000125
0.000133
0.000134
0.000321
0.000255
0.000271
0.000280
-0.000018
0.000097
0.000110
0.000101
0.000112
0.000127
0.000111
0.000115
0.000114
0.000112
0.000111
0.000105
0.000070
0.000089
0.000106
0.000111
0.000113
0.000114
0.000053
0.000055
0.000052
0.000053
0.000052
0.000047
0.000055
0.000056
0.000061
0.000056
0.000053
0.000049
0.000052
0.000068
0.000069
0.000073
0.000079
0.000084
0.000082
0.000081
0.000077
0.000088
0.000089
0.000091
0.000091
0.000097
0.000097
0.000104
0.000108
0.000105
0.000088
0.000100
0.000101
0.000105
0.000111
0.000103
0.000100
0.000101
0.000111
0.000107
0.000105
0.000111
0.000117
0.000112
0.000115
0.000116
0.000127
0.000129
0.000128
0.000110
0.000108
0.000124
0.000117
0.000213
0.000367
0.000337
0.000077
0.000102
0.000108
0.000123
0.000124
0.000117
0.000114
0.000099
0.000109
0.000108
0.000048
0.000029
-0.000094
0.000054
0.000047
0.000114
0.000137
0.000053
0.000054
0.000051
0.000042
0.000047
0.000056
0.000057
0.000057
0.000056
0.000052
0.000047
0.000044
0.000049
0.000068
0.000060
0.000069
0.000074
0.000083
0.000079
0.000080
0.000073
0.000088
0.000089
0.000093
0.000091
0.000089
0.000098
0.000093
0.000097
0.000098
0.000103
0.000106
0.000107
0.000101
0.000112
0.000114
0.000108
0.000114
0.000111
0.000110
0.000113
0.000116
0.000114
0.000121
0.000112
0.000113
0.000109
0.000128
0.000125
0.000114
0.000126
0.000124
-0.000058
-0.000217
0.000372
0.000418
0.000242
0.000109
0.000110
0.000121
0.000118
0.000116
0.000107
0.000101
0.000107
0.000040
0.000170
0.000251
0.000173
0.000206
0.000240
0.000135
0.000095
