-0.000227
-0.000499
-0.000830
0.000632
-0.001140
-0.001066
-0.000825
0.000438
-0.000834
-0.000846
-0.000886
-0.000603
-0.000810
-0.000492
-0.000735
-0.000968
-0.001027
-0.000679
-0.000638
-0.000869
-0.000898
-0.000662
-0.000671
0.000178
-0.000564
-0.000284
-0.000755
-0.000760
-0.000844
-0.000943
-0.000662
-0.000502
-0.000377
-0.000274
0.000104
0.000496
0.000497
-0.000619
-0.000756
-0.000871
-0.000675
-0.000526
-0.000548
-0.000618
-0.000653
-0.000592
-0.000650
-0.000656
-0.000683
-0.000959
-0.000835
-0.000686
-0.000610
-0.000640
-0.000721
-0.000770
-0.000747
-0.000746
-0.000848
-0.000871
-0.000871
-0.000770
-0.000648
-0.000592
-0.000918
-0.000862
-0.001158
-0.000730
-0.000646
-0.000486
0.000061
-0.000100
0.000195
-0.001262
-0.001203
-0.001131
-0.001172
-0.001034
-0.001135
-0.001212
-0.001042
-0.001095
-0.001072
-0.001123
-0.000860
-0.000713
-0.000748
-0.000577
-0.000383
-0.000774
-0.000819
-0.000591
-0.000711
-0.000647
-0.000633
-0.000535
-0.001269
-0.000904
-0.000370
-0.000568
-0.000214
-0.001227
-0.001024
-0.000651
-0.000609
-0.000222
-0.000074
-0.000253
-0.000154
0.001535
-0.000522
-0.000674
-0.000855
-0.000786
-0.000816
-0.000793
-0.000702
-0.000726
-0.000669
-0.000767
-0.000705
-0.000672
-0.000937
-0.000889
-0.000909
-0.000736
-0.000763
-0.000786
-0.000805
-0.000668
-0.000586
-0.000750
-0.000691
-0.000839
-0.000637
-0.000688
-0.000597
-0.001302
-0.000819
-0.000728
-0.000669
-0.000632
-0.000622
-0.000622
-0.000624
-0.000608
-0.001285
-0.001158
-0.001104
-0.001130
-0.001151
-0.001168
-0.000987
-0.001017
-0.001176
-0.001157
-0.001070
-0.000844
-0.000876
-0.000771
-0.000542
-0.000486
-0.000783
-0.000718
-0.000686
-0.000702
-0.000812
-0.000767
-0.000703
-0.000772
-0.000667
-0.001233
-0.001185
-0.001422
-0.001502
-0.001083
-0.001080
-0.000787
-0.000473
-0.000336
-0.000297
-0.000466
-0.000143
-0.000095
-0.000656
-0.000824
-0.000737
-0.000788
-0.000833
-0.000709
-0.000681
-0.000694
-0.000728
-0.000749
-0.000671
-0.000762
-0.000905
-0.000809
-0.000753
-0.000787
-0.000751
-0.000740
-0.000744
-0.000686
-0.000679
-0.000662
-0.000751
-0.000727
-0.000541
-0.000723
-0.001132
-0.000620
-0.000666
-0.000661
-0.000661
-0.000691
-0.000645
-0.000620
-0.000687
-0.001126
-0.001106
-0.001199
-0.001096
-0.001199
-0.001138
-0.000817
-0.000822
-0.000677
-0.001052
-0.001124
-0.000805
-0.000976
-0.000795
-0.000876
-0.000514
-0.000600
-0.000932
-0.000615
-0.000697
-0.001166
-0.000975
-0.000862
-0.000804
-0.001007
-0.001277
-0.001324
-0.001139
-0.001381
-0.001279
-0.000932
-0.000676
-0.000711
-0.000475
-0.000368
-0.000372
-0.000338
-0.000499
-0.000719
-0.000807
-0.000834
-0.000738
-0.000777
-0.000808
-0.000702
-0.000686
-0.000666
-0.000766
-0.000667
-0.000830
-0.000929
-0.000773
-0.000775
-0.000799
-0.000697
-0.000687
-0.000663
-0.000651
-0.000602
-0.000716
-0.000881
-0.000938
-0.000856
-0.001399
-0.000878
-0.000456
-0.000671
-0.000649
-0.000648
-0.000678
-0.000747
-0.000791
-0.000716
-0.000919
-0.001136
-0.001084
-0.000989
-0.001130
-0.000849
-0.000822
-0.000980
-0.000725
-0.000782
-0.000950
-0.001067
-0.000954
-0.000474
-0.000772
-0.000553
-0.000498
-0.000758
-0.000563
-0.000455
-0.000621
-0.001760
-0.002535
-0.001355
-0.001353
-0.001501
-0.001469
-0.001322
-0.001090
-0.001379
-0.000989
-0.000697
-0.000979
-0.000536
-0.000572
0.000547
-0.000483
-0.000657
-0.000622
-0.000721
-0.000826
-0.000748
-0.000703
-0.000769
-0.000725
-0.000699
-0.000630
-0.000724
-0.000585
-0.000772
-0.001131
-0.000965
-0.000923
-0.000783
-0.000781
-0.000774
-0.000606
-0.000643
-0.000620
-0.000699
-0.000772
-0.000727
-0.000789
-0.000846
-0.000794
-0.000742
-0.000736
-0.000626
-0.000638
-0.000750
-0.000793
-0.000730
-0.002169
-0.000883
-0.001036
-0.001096
-0.000907
-0.000975
-0.000981
-0.001001
-0.000732
-0.000720
-0.000904
-0.001045
-0.000992
-0.000915
-0.000691
-0.000592
-0.000689
-0.000571
-0.000927
-0.000810
-0.000714
-0.000692
-0.000788
-0.000832
-0.002838
-0.001894
-0.001890
-0.001866
-0.001547
-0.001215
-0.000994
-0.000833
-0.000536
-0.001335
-0.001182
-0.000783
-0.000202
-0.000297
-0.000617
-0.000624
-0.000703
-0.000794
-0.000725
-0.000656
-0.000785
-0.000699
-0.000639
-0.000641
-0.000818
-0.000859
-0.000682
-0.000238
-0.000833
-0.000984
-0.000831
-0.000828
-0.000688
-0.000573
-0.000626
-0.000614
-0.000633
-0.000662
-0.000766
-0.000673
-0.000770
-0.000770
-0.000716
-0.000672
-0.000724
-0.000772
-0.000762
-0.000841
-0.000740
-0.000789
-0.000820
-0.000951
-0.000864
-0.000926
-0.000945
-0.000731
-0.000960
-0.000726
-0.000873
-0.001008
-0.000988
-0.000858
-0.000780
-0.000857
-0.000785
-0.000712
-0.000785
-0.000608
-0.000754
-0.000852
-0.000845
-0.000804
-0.000580
-0.000894
-0.002295
-0.004544
-0.006253
-0.005575
-0.002930
-0.001267
-0.000906
-0.000681
-0.000994
-0.000994
-0.001045
-0.000426
-0.000098
-0.000547
-0.000476
-0.000660
-0.000805
-0.000779
-0.000725
-0.000699
-0.000667
-0.000672
-0.000687
-0.000790
-0.000948
-0.000684
-0.000594
-0.000060
-0.000927
-0.000814
-0.000867
-0.000967
-0.000667
-0.000602
-0.000620
-0.000607
-0.000668
-0.000726
-0.000741
-0.000740
-0.000691
-0.000676
-0.000720
-0.000744
-0.000814
-0.000756
-0.000775
-0.000847
-0.000786
-0.000840
-0.000942
-0.000975
-0.000789
-0.000878
-0.000643
-0.000658
-0.000706
-0.000931
-0.000875
-0.000824
-0.000749
-0.000757
-0.000901
-0.000900
-0.000763
-0.000677
-0.000525
-0.000524
-0.000837
-0.000743
-0.000762
-0.000738
-0.000725
-0.000823
-0.001032
-0.000840
-0.001485
-0.002621
-0.003330
-0.001679
-0.001234
-0.000162
-0.000787
-0.001001
-0.000940
-0.001113
-0.000523
0.000356
-0.000691
-0.000787
-0.000786
-0.000736
-0.000760
-0.000722
-0.000735
-0.000715
-0.000716
-0.000946
-0.001072
-0.000803
-0.000504
-0.000051
-0.001171
-0.000988
-0.000673
-0.000640
-0.000690
-0.000635
-0.000741
-0.000733
-0.000597
-0.000629
-0.000679
-0.000711
-0.000749
-0.000905
-0.000858
-0.000776
-0.000694
-0.000740
-0.000793
-0.000786
-0.000921
-0.000962
-0.001008
-0.001057
-0.001074
-0.000691
-0.000692
-0.000674
-0.000878
-0.000915
-0.000899
-0.000663
-0.000594
-0.000853
-0.000797
-0.000778
-0.000718
-0.000853
-0.000906
-0.000740
-0.000681
-0.000750
-0.000702
-0.000782
-0.000881
-0.000829
-0.000793
-0.000619
-0.000718
-0.000851
-0.002154
-0.003617
-0.001463
-0.000327
-0.001007
-0.000443
0.001069
-0.000473
-0.000538
-0.000836
-0.000794
-0.000811
-0.000758
-0.000747
-0.000797
-0.000763
-0.000691
-0.000669
-0.000726
-0.001004
-0.000613
-0.000930
-0.000801
-0.000731
-0.000679
-0.000714
-0.000666
-0.000619
-0.000630
-0.000741
-0.000711
-0.000600
-0.000699
-0.000682
-0.000724
-0.000839
-0.000633
-0.000621
-0.000777
-0.000781
-0.000769
-0.000792
0.001326
-0.000889
-0.001005
-0.000969
-0.001025
-0.000888
-0.000990
-0.000931
-0.000713
-0.000743
-0.000805
-0.000629
-0.000700
-0.000740
-0.000743
-0.000872
-0.000844
-0.001029
-0.001081
-0.000868
-0.000616
-0.000740
-0.000519
-0.000766
-0.000780
-0.000650
-0.000498
-0.000606
-0.000691
-0.000559
-0.000629
-0.000737
-0.001097
-0.001607
-0.000895
-0.000208
-0.001526
-0.001175
-0.000837
-0.000776
-0.000815
-0.000813
-0.000845
-0.000803
-0.000772
-0.000702
-0.000649
-0.000639
-0.000653
-0.000671
-0.000723
-0.000815
-0.000777
-0.000728
-0.000620
-0.000715
-0.000731
-0.000657
-0.000602
-0.000642
-0.000688
-0.000738
-0.000757
-0.000699
-0.000648
-0.000787
-0.000710
-0.000786
-0.000765
-0.000789
-0.000807
-0.000821
-0.000832
-0.000845
-0.000989
-0.001089
-0.001042
-0.001036
-0.001061
-0.001023
-0.000886
-0.000616
-0.000588
-0.001038
-0.000789
-0.000945
-0.000824
-0.000841
-0.001003
-0.001028
-0.001116
-0.001082
-0.000997
-0.000589
-0.000564
-0.000639
-0.000722
-0.000610
-0.000522
-0.000528
-0.000423
-0.000528
-0.000474
-0.000612
-0.000607
-0.000410
-0.001097
-0.001721
-0.000601
-0.000610
-0.001677
-0.000715
-0.000737
-0.000736
-0.000700
-0.000675
-0.000693
-0.000717
-0.000684
-0.000563
-0.000557
-0.000594
-0.000679
-0.000707
-0.000898
-0.000658
-0.000723
-0.000831
-0.000821
-0.000698
-0.000604
-0.000598
-0.000675
-0.000734
-0.000670
-0.000642
-0.000681
-0.000694
-0.000728
-0.000823
-0.000786
-0.000821
-0.000835
-0.000825
-0.000832
-0.000870
-0.000756
-0.000913
-0.001123
-0.001056
-0.001171
-0.000981
-0.001052
-0.000939
-0.000590
-0.000660
-0.000915
-0.001028
-0.001010
-0.000783
-0.000844
-0.000770
-0.001108
-0.000992
-0.001061
-0.000821
-0.000602
-0.000532
-0.000593
-0.000619
-0.000430
-0.000604
-0.000632
-0.000394
-0.000389
-0.000526
-0.000631
-0.000405
-0.000467
-0.000501
-0.000845
-0.001874
-0.001015
-0.000861
-0.000803
-0.000623
-0.000619
-0.000501
-0.000613
-0.000579
-0.000617
-0.000613
-0.000589
-0.000553
-0.000636
-0.000697
-0.000719
-0.000708
-0.000628
-0.000633
-0.000686
-0.000662
-0.000599
-0.000635
-0.000661
-0.000657
-0.000718
-0.000665
-0.000802
-0.000818
-0.000727
-0.000765
-0.000807
-0.000838
-0.000827
-0.000820
-0.000808
-0.000876
-0.000968
-0.000749
-0.001020
-0.001075
-0.001131
-0.001146
-0.001063
-0.000942
-0.000870
-0.000909
-0.001038
-0.000968
-0.000843
-0.001038
-0.000822
-0.000978
-0.000994
-0.001018
-0.000901
-0.001119
-0.000936
-0.000803
-0.000731
-0.000680
-0.000683
-0.000485
-0.000552
-0.000548
-0.000670
-0.000541
-0.000389
-0.000482
-0.000411
-0.000400
-0.000524
-0.000437
-0.000567
-0.000717
-0.000685
-0.000578
-0.000557
-0.000552
-0.000530
-0.000421
-0.000515
-0.000562
-0.000569
-0.000642
-0.000588
-0.000651
-0.000788
-0.000790
-0.000686
-0.000647
-0.000583
-0.000593
-0.000622
-0.000601
-0.000686
-0.000608
-0.000662
-0.000711
-0.000723
-0.000749
-0.000753
-0.000732
-0.000766
-0.000755
-0.000824
-0.000844
-0.000867
-0.000935
-0.000936
-0.000924
0.000725
-0.001035
-0.001073
-0.001066
-0.001185
-0.001240
-0.001001
-0.000927
-0.001126
-0.000788
-0.000989
-0.000911
-0.000905
-0.000692
-0.000729
-0.000892
-0.000856
-0.000894
-0.001060
-0.000791
-0.000692
-0.000597
-0.000857
-0.000830
-0.000875
-0.000826
-0.000542
-0.000531
-0.000725
-0.000613
-0.000455
-0.000436
-0.000468
-0.000564
-0.000452
-0.000505
-0.000327
-0.000446
-0.000478
-0.000503
-0.000475
-0.000441
-0.000400
-0.000353
-0.000431
-0.000499
-0.000592
-0.000609
-0.000553
-0.000607
-0.000680
-0.000731
-0.000721
-0.000710
-0.000522
-0.000565
-0.000613
-0.000721
-0.000632
-0.000725
-0.000725
-0.000737
-0.000762
-0.000737
-0.000778
-0.000781
-0.000778
-0.000886
-0.000882
-0.000948
-0.000950
-0.000959
-0.001019
-0.000825
-0.001073
-0.000923
-0.001102
-0.001147
-0.001170
-0.000777
-0.001071
-0.001156
-0.000924
-0.001042
-0.001090
-0.000885
-0.000824
-0.000789
-0.000888
-0.000887
-0.000861
-0.001034
-0.000993
-0.000790
-0.000867
-0.001008
-0.002022
-0.004618
-0.004266
-0.002794
-0.001497
-0.000910
-0.000814
-0.000407
-0.000535
-0.000366
-0.000507
-0.000557
-0.000464
-0.000231
-0.000394
-0.000370
-0.000366
-0.000276
-0.000265
-0.000250
-0.000207
-0.000383
-0.000484
-0.000502
-0.000496
-0.000496
-0.000574
-0.000603
-0.000598
-0.000617
-0.000489
-0.000495
-0.000536
-0.000630
-0.000682
-0.000755
-0.000679
-0.000697
-0.000757
-0.000760
-0.000756
-0.000777
-0.000811
-0.000870
-0.000898
-0.000957
-0.001014
-0.000977
-0.001006
-0.000997
-0.000839
-0.000986
-0.000924
-0.001039
-0.001071
-0.001051
-0.001084
-0.001161
-0.000957
-0.000946
-0.000925
-0.001095
-0.000843
-0.000823
-0.000699
-0.000782
-0.000894
-0.000778
-0.000664
-0.000534
-0.000826
-0.000752
-0.002107
-0.004823
-0.005114
-0.005024
-0.007201
-0.010329
-0.006965
-0.005929
-0.006753
-0.010520
-0.005011
-0.002626
-0.001334
-0.000444
-0.000371
-0.000318
-0.000214
-0.000270
-0.000169
-0.000132
-0.000035
-0.000128
-0.000141
-0.000297
-0.000399
-0.000414
-0.000556
-0.000607
-0.000653
-0.000585
-0.000515
-0.000567
-0.000616
-0.000637
-0.000682
-0.000757
-0.000706
-0.000728
-0.000754
-0.000782
-0.000804
-0.000797
-0.000807
-0.000818
-0.000804
-0.000888
-0.000941
-0.001009
-0.000974
-0.001008
-0.001193
-0.001102
-0.001026
-0.000973
-0.001072
-0.001024
-0.000948
-0.001073
-0.001135
-0.001117
-0.001016
-0.000899
-0.000930
-0.000609
-0.000653
-0.000756
-0.000767
-0.000796
-0.000298
-0.000198
-0.000081
-0.000156
-0.000004
-0.001751
-0.001597
0.000381
0.001586
-0.003403
-0.007029
-0.009291
-0.008214
-0.001936
-0.002531
-0.002717
-0.001602
-0.000482
-0.000379
-0.000327
-0.000280
-0.000169
-0.000265
-0.000160
-0.000064
0.000251
0.000070
-0.000104
-0.000237
-0.000364
-0.000601
-0.000687
-0.000636
-0.000564
-0.000574
-0.000590
-0.000627
-0.000680
-0.000668
-0.000688
-0.000638
-0.000748
-0.000830
-0.000776
-0.000831
-0.000823
-0.000780
-0.000813
-0.000826
-0.000853
-0.000883
-0.000900
-0.000966
-0.001040
-0.001064
-0.001089
-0.001100
-0.001056
-0.000938
-0.001113
-0.000983
-0.000937
-0.001005
-0.001138
-0.001027
-0.000916
-0.000858
-0.000907
-0.000662
-0.000854
-0.000742
0.000066
0.000113
0.001714
-0.000174
0.000764
0.001478
0.004931
0.003006
0.003150
0.002471
0.001770
-0.001478
-0.001762
-0.004637
-0.000883
-0.002323
-0.002793
-0.002732
-0.001361
-0.000444
-0.000329
-0.000353
-0.000394
-0.000279
-0.000269
-0.000173
-0.000145
-0.000035
-0.000084
-0.000209
-0.000461
-0.000618
-0.000647
-0.000632
-0.000569
-0.000588
-0.000568
-0.000583
-0.000612
-0.000701
-0.000709
-0.000824
-0.000853
-0.000776
-0.000828
-0.000842
-0.000863
-0.000816
-0.000765
-0.000800
-0.000895
-0.000897
-0.000926
-0.000948
-0.000961
-0.001088
-0.001076
-0.001151
-0.001136
-0.001092
-0.001095
-0.001101
-0.000862
-0.000889
-0.001115
-0.001072
-0.000908
-0.000919
-0.000954
-0.000845
-0.000715
-0.000821
0.000016
0.003310
0.005151
0.004556
0.002971
0.002844
0.003059
0.002408
0.003724
0.003866
0.002609
0.004366
0.006189
0.001068
-0.000583
-0.000667
-0.001786
-0.002007
-0.001770
-0.001284
-0.001698
-0.000231
-0.000048
-0.000170
-0.000758
-0.000479
-0.000309
-0.000279
-0.000295
-0.000314
-0.000428
-0.000597
-0.000641
-0.000586
-0.000622
-0.000601
-0.000601
-0.000621
-0.000635
-0.000664
-0.000731
-0.000781
-0.000793
-0.000829
-0.000821
-0.000862
-0.000863
-0.000845
-0.000986
-0.000856
-0.000813
-0.000889
-0.000890
-0.000849
-0.000938
-0.000878
-0.000954
-0.000932
-0.000932
-0.000932
-0.001068
-0.001118
-0.001106
-0.001098
-0.000982
-0.001018
-0.001019
-0.000828
-0.000906
-0.000907
-0.000688
-0.000729
-0.000099
0.001357
0.003067
0.004045
0.001367
0.002309
0.004169
0.004019
0.003634
0.006355
0.006767
0.005571
0.005969
0.002022
0.000586
0.000231
-0.000058
-0.000796
-0.001571
-0.001887
0.000394
0.000596
-0.001299
-0.001446
-0.000803
-0.000221
-0.001048
-0.000479
-0.000064
-0.000441
-0.000546
-0.000553
-0.000550
-0.000618
-0.000652
-0.000653
-0.000656
-0.000592
-0.000606
-0.000672
-0.000757
-0.000774
-0.000794
-0.000823
-0.000811
-0.000883
-0.000828
-0.000932
-0.000928
-0.000903
-0.000961
-0.000926
-0.000819
-0.000844
-0.000936
-0.000960
-0.000882
-0.000898
-0.000961
-0.000959
-0.001033
-0.001078
-0.001080
-0.001018
-0.000961
-0.000957
-0.000751
-0.000870
-0.000741
-0.000890
-0.000612
-0.000616
-0.000259
-0.000616
0.003467
0.002331
0.001755
-0.000149
-0.000520
-0.000028
0.008700
0.007072
0.009450
0.011461
0.004885
0.001112
-0.000110
-0.000211
-0.000810
0.000067
0.000625
-0.000353
-0.000696
0.000774
-0.000692
-0.001663
-0.002570
-0.001640
-0.000981
-0.005061
-0.004302
-0.002341
-0.001088
-0.000708
-0.000631
-0.000609
-0.000595
-0.000633
-0.000669
-0.000679
-0.000641
-0.000591
-0.000721
-0.000800
-0.000858
-0.000836
-0.000843
-0.000798
-0.000906
-0.000914
-0.000975
-0.000903
-0.000981
-0.000844
-0.000730
-0.000786
-0.000884
-0.000918
-0.000841
-0.000870
-0.000902
-0.000956
-0.001016
-0.000596
-0.001096
-0.001217
-0.001186
-0.000916
-0.001043
-0.000971
-0.000819
-0.000724
-0.000792
-0.000756
-0.000411
-0.000740
-0.000684
0.000516
0.002766
-0.000075
-0.000391
-0.000541
-0.000507
0.005907
0.006659
0.008444
0.001690
-0.000201
-0.000929
0.000547
0.001258
-0.000520
-0.000898
-0.001075
-0.001248
-0.001561
-0.001274
-0.001482
-0.001956
-0.001495
-0.001803
-0.003239
-0.005984
-0.004566
-0.001803
0.000974
-0.002652
-0.000431
-0.001560
-0.000751
-0.000662
-0.000673
-0.000695
-0.000725
-0.000705
-0.000708
-0.000720
-0.000774
-0.000856
-0.000864
-0.000818
-0.000805
-0.000932
-0.001077
-0.001031
-0.000914
-0.000840
-0.000799
-0.000902
-0.001010
-0.000839
-0.000889
-0.000888
-0.000905
-0.001092
-0.001047
-0.000890
-0.001116
-0.001215
-0.001054
-0.000872
-0.000724
-0.000796
-0.000670
-0.000743
-0.000816
-0.000690
-0.000523
-0.000651
-0.001002
-0.000465
0.004979
0.000810
-0.000375
-0.000717
-0.000656
0.004108
0.004674
0.001670
0.000119
-0.000190
-0.000062
0.001196
0.001872
0.000786
-0.000736
-0.001264
-0.002670
-0.002644
-0.002791
-0.002329
0.000829
-0.001575
-0.001780
-0.002079
-0.002346
-0.002794
0.004633
0.001531
0.001851
0.005155
0.001822
-0.001423
-0.000705
-0.000657
-0.000734
-0.000769
-0.000807
-0.000718
-0.000867
-0.000848
-0.000848
-0.000883
-0.000890
-0.000862
-0.000909
-0.001014
-0.001079
-0.001038
-0.000932
-0.001075
-0.000939
-0.000890
-0.000894
-0.000921
-0.000966
-0.001105
-0.001171
-0.001235
-0.000963
-0.001060
-0.001111
-0.000941
-0.000751
-0.000813
-0.000733
-0.000577
-0.000643
-0.000764
-0.000735
-0.000551
-0.000651
-0.000792
-0.000484
0.005235
0.003060
-0.000891
-0.000735
0.001160
0.004537
0.000323
-0.000396
0.000114
-0.000135
-0.000248
0.000970
0.002047
0.002377
0.000370
-0.001448
-0.002300
-0.002295
-0.002884
-0.002826
-0.002251
-0.001547
-0.001816
-0.001258
0.001541
0.004938
0.007472
0.004256
0.004770
-0.000803
-0.005273
-0.003838
-0.001160
-0.000727
-0.000757
-0.000764
-0.000748
-0.000757
-0.000838
-0.000847
-0.000868
-0.000901
-0.000947
-0.000961
-0.001025
-0.001043
-0.001182
-0.001080
-0.000947
-0.000989
-0.000908
-0.000829
-0.000919
-0.000982
-0.001012
-0.001124
-0.001276
-0.001127
-0.000845
-0.001054
-0.001123
-0.000810
-0.000828
-0.000931
-0.000755
-0.000632
-0.000581
-0.000715
-0.000782
-0.000753
-0.000717
-0.000699
-0.001071
0.001330
0.011116
0.006164
0.004475
0.000106
-0.000142
-0.000597
-0.000287
-0.000295
-0.000497
-0.000835
-0.001186
0.000464
0.000988
0.001546
-0.000919
-0.001355
-0.002453
-0.002130
-0.001686
0.000089
-0.002115
-0.001151
-0.002301
-0.001757
0.005499
-0.000750
0.001885
-0.002738
-0.005111
-0.006556
-0.003799
-0.002312
-0.000923
-0.000793
-0.000856
-0.000908
-0.000816
-0.000846
-0.000952
-0.000988
-0.000942
-0.000944
-0.001030
-0.001029
-0.001137
-0.001130
-0.001075
-0.000937
-0.000954
-0.000960
-0.000847
-0.000836
-0.000915
-0.001070
-0.001134
-0.001121
-0.001097
-0.000631
-0.001004
-0.000982
-0.001075
-0.000937
-0.000830
-0.000730
-0.000617
-0.000623
-0.000750
-0.000873
-0.000854
-0.000976
-0.001007
-0.001017
0.000761
0.002253
0.001275
0.000587
-0.000984
-0.000752
-0.000511
-0.000480
-0.000461
-0.000498
-0.000587
-0.000600
-0.001256
-0.000669
-0.000972
-0.000641
-0.000897
-0.001081
-0.000334
0.000333
-0.001245
-0.002457
-0.001656
-0.001178
-0.001248
-0.001946
-0.002011
-0.003185
-0.007255
-0.005267
-0.003679
-0.002757
-0.001622
-0.000918
-0.000894
-0.000986
-0.001059
-0.000827
-0.000909
-0.000881
-0.001005
-0.000964
-0.000954
-0.001032
-0.000996
-0.001094
-0.001194
-0.001037
-0.000941
-0.001047
-0.000933
-0.000902
-0.000945
-0.001096
-0.001061
-0.001029
-0.001184
-0.001156
-0.000598
-0.000976
-0.000900
-0.000960
-0.000873
-0.000866
-0.000732
-0.000575
-0.000592
-0.000699
-0.000867
-0.000787
-0.000864
-0.000655
-0.000647
-0.000357
-0.000354
-0.000586
-0.000366
-0.000371
-0.000428
-0.000479
-0.000565
-0.000217
-0.000611
-0.000627
-0.000542
-0.000753
-0.001825
-0.003298
-0.005268
-0.004466
-0.010964
-0.006194
-0.001198
-0.000977
-0.002038
-0.001796
-0.001780
-0.003873
-0.009521
-0.012183
-0.022932
-0.003889
-0.002197
-0.001737
-0.002009
-0.001472
-0.000814
-0.001658
-0.000978
-0.001038
-0.000857
-0.000811
-0.000890
-0.000972
-0.000978
-0.000958
-0.001014
-0.001127
-0.001077
-0.001054
-0.001059
-0.001141
-0.000967
-0.001031
-0.001068
-0.001066
-0.000943
-0.001011
-0.001094
-0.001063
-0.001085
-0.000821
-0.000829
-0.000770
-0.000688
-0.000906
-0.000719
-0.000665
-0.000629
-0.000677
-0.000714
-0.000759
-0.000723
-0.000633
-0.000764
-0.000617
-0.000572
-0.000772
-0.000559
-0.000629
-0.000587
-0.000589
-0.000291
-0.000540
-0.000556
-0.001144
-0.000702
-0.000520
0.000200
0.001563
-0.006092
-0.013371
-0.013634
-0.015357
-0.007894
-0.004569
-0.003765
-0.003310
-0.000363
-0.001983
-0.004324
-0.005925
-0.008163
-0.026464
-0.012608
-0.001630
-0.002190
-0.001395
-0.001001
-0.001030
-0.003795
0.000524
-0.001529
-0.000916
-0.000829
-0.000762
-0.000921
-0.000972
-0.001060
-0.001099
-0.001060
-0.001067
-0.001085
-0.001030
-0.001021
-0.001071
-0.001068
-0.001112
-0.000973
-0.000983
-0.000954
-0.001017
-0.001067
-0.001041
-0.001078
-0.000747
-0.000746
-0.000703
-0.000865
-0.000857
-0.000703
-0.000676
-0.000761
-0.000753
-0.000707
-0.000831
-0.000807
-0.000747
-0.000544
-0.000583
-0.000594
-0.000567
-0.000600
-0.000548
-0.000562
-0.000380
-0.000826
-0.000751
-0.000794
-0.000681
-0.000729
-0.000048
0.001510
-0.005530
-0.017625
-0.017780
-0.015778
-0.011125
-0.008874
-0.005584
-0.004059
-0.003103
-0.000077
0.000775
-0.003276
-0.000030
-0.018211
-0.015910
-0.000518
-0.002437
-0.001939
-0.001199
-0.001582
-0.004870
0.002538
-0.005428
-0.000571
-0.000615
-0.000832
-0.000875
-0.001094
-0.001107
-0.000910
-0.000971
-0.001010
-0.000996
-0.001173
-0.001167
-0.001022
-0.001063
-0.000984
-0.000976
-0.001044
-0.001030
-0.001020
-0.001010
-0.001012
-0.001123
-0.000840
-0.000739
-0.000807
-0.000895
-0.000932
-0.000806
-0.000768
-0.000661
-0.000735
-0.000761
-0.000743
-0.000706
-0.000781
-0.000692
-0.000607
-0.000544
-0.000557
-0.000645
-0.000600
-0.000562
-0.000739
-0.000819
-0.000832
-0.000912
-0.000680
-0.000124
0.000460
0.001324
-0.010032
-0.019945
-0.019801
-0.020272
-0.019161
-0.011201
-0.006255
-0.003809
-0.002876
-0.001576
-0.001181
-0.000332
-0.004909
-0.002973
-0.016222
-0.005504
-0.002422
0.000492
0.000433
-0.003717
0.001281
0.010670
-0.009186
-0.004339
0.000015
-0.000936
-0.001109
-0.001161
-0.000979
-0.001032
-0.000946
-0.000903
-0.001056
-0.001282
-0.001255
-0.001121
-0.001157
-0.001142
-0.001125
-0.001117
-0.001072
-0.001022
-0.001092
-0.001176
-0.001262
-0.000914
-0.000810
-0.000921
-0.000959
-0.000971
-0.000941
-0.000766
-0.000706
-0.000758
-0.000810
-0.000719
-0.000640
-0.000688
-0.000613
-0.000633
-0.000612
-0.000656
-0.000721
-0.000716
-0.000601
-0.000723
-0.000778
-0.000404
-0.000825
0.000549
0.002551
0.001528
0.000283
-0.018158
-0.024704
-0.019629
-0.024983
-0.022627
-0.011459
-0.005188
-0.003303
-0.002650
-0.002563
-0.001550
-0.000954
-0.000405
0.000287
-0.002063
-0.005314
-0.002708
-0.003755
-0.002164
-0.002479
0.015972
0.017398
-0.004687
-0.003700
-0.003777
0.000239
-0.001047
-0.000810
-0.001030
-0.001099
-0.001006
-0.000991
-0.001025
-0.001065
-0.001062
-0.001164
-0.001215
-0.001264
-0.001241
-0.001243
-0.001185
-0.001087
-0.001139
-0.001316
-0.001194
-0.000986
-0.000937
-0.001021
-0.001111
-0.001014
-0.000881
-0.000892
-0.000727
-0.000779
-0.000796
-0.000672
-0.000695
-0.000750
-0.000643
-0.000774
-0.000687
-0.000723
-0.000837
-0.000741
-0.000742
-0.000887
-0.001016
-0.000875
-0.000303
0.001417
0.002336
0.004292
0.000198
-0.023041
-0.023357
-0.027361
-0.028604
-0.018774
-0.010470
-0.004371
-0.003097
-0.003009
-0.002690
-0.002127
-0.001244
-0.000696
-0.000634
-0.000804
-0.000079
0.001427
-0.001427
0.001487
0.008347
0.017095
0.005907
-0.001497
-0.003988
-0.005644
-0.002829
-0.001895
-0.000329
-0.001049
-0.001089
-0.001001
-0.001106
-0.000934
-0.000988
-0.001155
-0.001389
-0.001321
-0.001178
-0.001231
-0.001202
-0.001108
-0.001052
-0.001220
-0.001194
-0.001160
-0.000911
-0.000976
-0.001089
-0.001042
-0.000826
-0.001004
-0.001060
-0.000918
-0.000851
-0.000805
-0.000703
-0.000642
-0.000696
-0.000507
-0.000562
-0.000774
-0.000960
-0.000959
-0.000886
-0.001002
-0.001012
-0.001163
-0.001208
-0.000977
0.000882
0.001835
0.003109
-0.015446
-0.018981
-0.024065
-0.028603
-0.030300
-0.022259
-0.011036
-0.004442
-0.003119
-0.003166
-0.003319
-0.002929
-0.002535
-0.001705
-0.001646
-0.001160
0.000500
0.001126
0.002232
-0.001099
0.006533
0.000125
0.000371
-0.003463
-0.005959
-0.004637
0.001821
-0.002234
-0.002424
0.000183
-0.000280
-0.000948
-0.001041
-0.001071
-0.000911
-0.001043
-0.001251
-0.001203
-0.001201
-0.001234
-0.001189
-0.001156
-0.001049
-0.001063
-0.001061
-0.001455
-0.001023
-0.000980
-0.001102
-0.001011
-0.000968
-0.001327
-0.001252
-0.001061
-0.001138
-0.000821
-0.000904
-0.000565
-0.000903
-0.000894
-0.000984
-0.000839
-0.000905
-0.000924
-0.000985
-0.001010
-0.001089
-0.001191
-0.001217
-0.001165
0.001294
0.001743
-0.001003
-0.018270
-0.019662
-0.025511
-0.024489
-0.022066
-0.016338
-0.007710
-0.003899
-0.003479
-0.003534
-0.004390
-0.005601
-0.004260
-0.002495
-0.001664
-0.000735
-0.000047
-0.000169
0.001875
0.003090
-0.000775
-0.000717
-0.004571
-0.006241
-0.005735
-0.000451
-0.002514
-0.002549
-0.001888
-0.001681
-0.001718
0.000202
0.000173
0.000092
-0.001017
-0.001108
-0.001114
-0.001066
-0.001227
-0.001346
-0.001160
-0.001044
-0.001097
-0.001095
-0.001124
-0.001131
-0.000935
-0.001039
-0.001081
-0.000937
-0.001025
-0.001095
-0.001064
-0.001002
-0.000998
-0.000883
-0.000664
-0.000974
-0.000842
-0.000863
-0.000843
-0.000894
-0.001050
-0.000956
-0.001011
-0.001010
-0.001034
-0.000833
-0.001114
-0.001106
-0.000964
-0.000726
-0.000166
-0.001341
-0.000827
-0.013562
-0.017486
-0.016680
-0.009848
-0.004911
-0.003711
-0.003790
-0.004724
0.004455
0.001396
-0.005859
-0.002918
-0.001533
-0.000310
-0.000710
-0.001257
0.001165
0.001149
0.003475
-0.000260
-0.003596
-0.004936
-0.002792
-0.002019
-0.002268
-0.002441
-0.002127
-0.001873
-0.001154
-0.000531
0.000584
-0.000398
0.000273
0.000022
-0.001039
-0.001091
-0.001107
-0.001132
-0.001055
-0.001048
-0.001232
-0.001093
-0.000972
-0.001125
-0.000878
-0.000965
-0.000900
-0.000953
-0.000966
-0.001026
-0.000982
-0.000959
-0.001023
-0.001100
-0.001219
-0.000722
-0.000283
-0.000564
-0.000187
-0.000756
-0.000969
-0.000805
-0.000620
-0.000544
-0.000881
-0.001342
-0.001396
-0.001383
-0.001364
-0.001306
-0.001254
-0.001159
-0.001045
-0.000646
0.000110
-0.010582
-0.004675
-0.003347
-0.003682
-0.004920
-0.003511
0.007029
0.002685
0.002948
0.001471
-0.000789
0.005399
-0.002775
-0.002894
-0.000464
0.002290
0.003202
0.008156
0.000758
-0.001496
-0.001641
-0.001988
-0.002117
-0.002061
-0.002159
-0.001275
-0.000031
0.001017
0.001113
-0.001043
-0.001231
-0.001210
0.000107
-0.000422
-0.000814
-0.001034
-0.001017
-0.001082
-0.001234
-0.001119
-0.001008
-0.001083
-0.000902
-0.000996
-0.000718
-0.000706
-0.000891
-0.000903
-0.000951
-0.001000
-0.001092
-0.001141
-0.001070
-0.001245
-0.001301
-0.001351
-0.001498
-0.000686
-0.000848
-0.001024
-0.001283
-0.001325
-0.001312
-0.001314
-0.001311
-0.001382
-0.001431
-0.001398
-0.001415
-0.001492
-0.001447
-0.000596
-0.000568
-0.001302
-0.000412
-0.000058
0.000050
-0.000541
-0.000060
0.001421
0.006167
0.002589
-0.000157
-0.002814
0.002860
0.003972
0.006859
-0.003532
0.002809
0.009625
0.005973
0.001643
-0.000945
-0.002065
-0.002344
-0.002134
-0.002086
-0.001480
-0.000367
0.000435
-0.000779
-0.001067
-0.001044
-0.001194
-0.001253
-0.001292
-0.001284
-0.001091
-0.000962
-0.000952
-0.001021
-0.001193
-0.001062
-0.001130
-0.001212
-0.001046
-0.000959
-0.000808
-0.000864
-0.000927
-0.000930
-0.000877
-0.001011
-0.000868
-0.000875
-0.000589
-0.001212
-0.001384
-0.001444
-0.001528
-0.001177
-0.001017
-0.001221
-0.001336
-0.001349
-0.001320
-0.001217
-0.001196
-0.001240
-0.001299
-0.001345
-0.001376
-0.001534
-0.001488
-0.001273
-0.001294
-0.001302
-0.001345
-0.001367
-0.001249
-0.001268
-0.001298
-0.000270
-0.000332
-0.000429
-0.000489
-0.000829
-0.000931
-0.000525
0.009837
0.005200
-0.010327
-0.001320
-0.002668
-0.004578
-0.002729
-0.001710
-0.002645
-0.001896
-0.000987
-0.000561
-0.000385
-0.000569
-0.001082
-0.001120
-0.001036
-0.001216
-0.001251
-0.001160
-0.001107
-0.001044
-0.000943
-0.000964
-0.001027
-0.001174
-0.001224
-0.001219
-0.001143
-0.001015
-0.001032
-0.001043
-0.000973
-0.000927
-0.000889
0.000014
-0.000960
-0.001334
-0.001357
-0.001052
-0.001295
-0.001376
-0.000881
-0.001143
-0.001143
-0.001067
-0.001204
-0.001175
-0.001477
-0.001254
-0.001228
-0.001202
-0.001236
-0.001241
-0.001205
-0.001381
-0.001479
-0.001600
-0.001358
-0.001291
-0.001395
-0.001369
-0.001363
-0.001331
-0.001212
-0.001321
-0.001432
-0.001444
-0.001546
-0.001507
-0.001609
-0.001476
-0.001344
0.000321
0.001261
-0.000311
-0.006639
-0.006389
-0.008828
-0.007730
-0.001406
-0.002368
-0.001310
-0.000493
-0.000368
-0.001062
-0.001100
-0.001129
-0.001194
-0.001293
-0.001180
-0.001146
-0.001142
-0.001093
-0.000956
-0.000966
-0.001006
-0.001137
-0.001203
-0.001074
-0.001100
-0.001129
-0.001066
-0.001071
-0.000997
-0.000825
-0.000984
0.000011
0.000009
0.000007
-0.001341
-0.001274
-0.001079
-0.000758
-0.001042
-0.001207
-0.001087
-0.001039
-0.001093
-0.001208
-0.001107
-0.001078
-0.001224
-0.001178
-0.001216
-0.001272
-0.001334
-0.001333
-0.001356
-0.001553
-0.001651
-0.001341
-0.001210
-0.001252
-0.001388
-0.001448
-0.001570
-0.001471
-0.001389
-0.001421
-0.001452
-0.001556
-0.001462
-0.001554
-0.001622
-0.001547
-0.001393
0.000174
-0.002910
-0.011537
-0.009554
-0.014013
-0.005178
-0.003344
-0.002100
-0.000987
-0.001414
-0.001257
-0.001287
-0.001333
-0.001202
-0.001152
-0.001348
-0.001336
-0.001224
-0.001196
-0.001105
-0.001006
-0.001096
-0.001141
-0.001388
-0.001088
-0.001034
-0.001004
-0.000895
-0.001125
-0.001165
-0.001134
-0.001117
0.000008
0.000007
0.000008
-0.001080
-0.001200
-0.001126
-0.001144
-0.001204
-0.001075
-0.001087
-0.000809
-0.001022
-0.001104
-0.001236
-0.001359
-0.001084
-0.001254
-0.001166
-0.001224
-0.001284
-0.001373
-0.001471
-0.001493
-0.001571
-0.001636
-0.001562
-0.001495
-0.001383
-0.001700
-0.001702
-0.001595
-0.001454
-0.001518
-0.001680
-0.001568
-0.001399
-0.001516
-0.001902
-0.001950
-0.001937
-0.001609
-0.001249
-0.000523
-0.003921
-0.003317
0.002906
-0.004554
-0.003182
-0.002129
-0.002237
-0.001364
-0.001288
-0.001553
-0.001350
-0.001320
-0.001340
-0.001319
-0.001205
-0.001092
-0.001247
-0.001211
-0.001070
-0.001128
-0.001353
-0.001380
-0.001049
-0.001098
-0.001073
-0.001064
-0.001177
-0.001209
-0.001290
-0.001241
-0.000692
-0.000971
-0.001076
-0.001119
-0.001305
-0.001141
-0.001002
-0.001209
-0.001403
-0.000925
-0.000893
-0.001143
-0.001369
-0.001434
-0.001539
-0.001262
-0.001306
-0.001252
-0.001304
-0.001404
-0.001546
-0.001549
-0.001458
-0.001442
-0.001525
-0.001646
-0.001664
-0.001585
-0.001776
-0.001746
-0.001601
-0.001624
-0.001655
-0.001694
-0.001777
-0.001832
-0.001814
-0.001945
-0.002140
-0.002026
-0.001786
-0.001481
-0.001700
-0.002188
-0.002877
-0.001778
-0.002150
-0.002498
-0.001934
-0.002461
-0.002757
-0.001864
-0.001737
-0.001472
-0.001270
-0.001118
-0.001151
-0.001133
-0.001212
-0.001352
-0.001213
-0.001219
-0.001382
-0.001472
-0.001269
-0.001097
-0.001170
-0.001190
-0.001079
-0.001130
-0.001168
-0.001259
-0.001328
-0.001257
-0.001137
-0.001161
-0.001246
-0.001463
-0.001317
-0.001189
-0.001204
-0.001396
-0.000843
-0.001015
-0.001406
-0.001466
-0.001245
-0.001352
-0.001008
-0.001219
-0.001305
-0.001347
-0.001427
-0.001569
-0.001683
-0.001927
-0.001935
-0.001489
-0.001852
-0.001848
-0.001716
-0.001708
-0.001783
-0.001738
-0.001649
-0.001730
-0.001563
-0.001743
-0.001738
-0.001876
-0.001839
-0.001788
-0.001989
-0.001882
-0.001937
-0.002089
-0.002118
-0.002245
-0.002744
-0.001924
-0.002197
-0.002105
-0.001605
-0.003461
-0.001783
-0.001666
-0.001360
-0.001338
-0.001188
-0.001200
-0.001160
-0.001351
-0.001510
-0.001306
-0.001447
-0.001432
-0.001333
-0.001265
-0.001257
-0.001300
-0.001283
-0.001217
-0.001170
-0.001150
-0.001252
-0.001256
-0.001171
-0.001211
-0.001202
-0.001270
-0.001274
-0.001230
-0.001176
-0.001289
-0.001188
-0.001066
-0.001070
-0.001148
-0.001309
-0.001601
-0.001362
-0.001198
-0.001368
-0.001596
-0.001530
-0.001557
-0.001611
-0.001572
-0.001870
-0.001662
-0.001893
-0.001712
-0.001862
-0.001797
-0.001717
-0.001698
-0.001845
-0.001860
-0.001868
-0.001577
-0.002045
-0.001807
-0.001682
-0.001838
-0.001829
-0.001813
-0.001860
-0.001864
-0.002079
-0.001873
-0.001843
-0.001822
-0.001569
-0.001609
-0.001682
-0.001721
-0.001828
-0.002029
-0.001582
-0.001349
-0.001215
-0.001325
-0.001471
-0.001279
-0.001311
-0.001270
-0.001264
-0.001296
-0.001246
-0.001210
-0.001199
-0.001323
-0.001302
-0.001284
-0.001263
-0.001222
-0.001253
-0.001189
-0.001217
-0.001136
-0.001037
-0.001214
-0.001267
-0.001374
-0.001274
-0.001127
-0.001086
-0.000882
-0.001229
-0.001300
-0.001298
-0.001451
-0.001451
-0.001343
-0.001355
-0.001301
-0.001616
-0.001601
-0.001655
-0.001669
-0.001788
-0.001873
-0.002103
-0.002038
-0.001998
-0.001702
-0.001999
-0.001706
-0.001741
-0.002033
-0.001800
-0.001637
-0.001693
-0.001934
-0.001710
-0.001626
-0.001808
-0.001901
-0.001819
-0.001844
-0.001897
-0.002074
-0.001831
-0.001782
-0.001508
-0.001409
-0.001585
-0.002181
-0.001831
-0.001528
-0.001389
-0.001434
-0.001275
-0.001321
-0.001469
-0.001452
-0.001361
-0.001293
-0.001122
-0.001199
-0.001308
-0.001099
-0.001186
-0.001400
-0.001350
-0.001439
-0.001369
-0.001526
-0.001238
-0.001203
-0.001157
-0.000946
-0.001050
-0.001220
-0.001281
-0.001323
-0.001284
-0.001182
-0.000988
-0.000833
-0.000894
-0.001208
-0.000988
-0.001077
-0.001197
-0.001313
-0.001198
-0.001232
-0.001080
-0.001558
-0.001582
-0.001784
-0.001750
-0.001754
-0.001726
-0.001619
-0.001843
-0.001855
-0.001907
-0.001880
-0.001839
-0.001658
-0.002051
-0.001926
-0.001741
-0.001912
-0.001820
-0.001770
-0.001865
-0.001999
-0.002081
-0.001998
-0.001846
-0.001831
-0.001645
-0.001860
-0.001709
-0.001499
-0.001690
-0.001710
-0.001406
-0.002299
-0.001664
-0.001390
-0.001329
-0.001238
-0.001328
-0.001424
-0.001386
-0.001357
-0.001204
-0.001153
-0.001230
-0.001344
-0.001040
-0.000911
-0.001102
-0.001177
-0.001260
-0.001227
-0.001072
