0.000895
0.000963
0.000902
0.000632
0.000544
0.000154
-0.000015
0.000438
-0.000085
-0.000066
0.000066
-0.000603
0.000316
0.000378
0.000445
0.000593
0.000489
0.000381
0.000479
0.000478
0.000362
0.000236
-0.000914
-0.002331
-0.002583
-0.002266
-0.001814
-0.000916
-0.000608
-0.001123
-0.001293
-0.000243
0.000013
0.000675
0.002712
0.003787
-0.001582
-0.000217
0.000122
0.000233
0.000371
0.000370
0.000365
0.000352
0.000342
0.000338
0.000304
0.000259
0.000282
0.000424
0.000397
0.000372
0.000408
0.000407
0.000417
0.000411
0.000407
0.000318
0.000083
0.000092
-0.000008
0.000246
0.000193
0.000167
0.000164
0.000129
-0.001158
0.000262
0.000284
0.000436
0.000061
0.000523
0.000195
0.000598
0.000659
0.000654
0.000724
0.000746
0.000664
0.000615
0.000526
0.000649
0.000707
0.000662
0.000575
0.000509
0.000577
0.000397
0.000378
0.000551
0.000471
0.000544
0.000505
0.000368
-0.000674
-0.001727
-0.000782
-0.002010
-0.002361
-0.003066
-0.002633
-0.002217
-0.001463
-0.000818
-0.000157
0.000257
0.000251
0.000817
0.002010
-0.001012
-0.000890
0.000223
0.000360
0.000404
0.000442
0.000414
0.000392
0.000358
0.000397
0.000415
0.000312
0.000324
0.000324
0.000353
0.000416
0.000362
0.000393
0.000410
0.000444
0.000422
0.000316
0.000243
0.000282
-0.000139
0.000329
0.000574
0.000587
-0.001598
0.000096
0.000237
0.000309
0.000276
0.000361
0.000371
0.000405
0.000384
0.000556
0.000703
0.000689
0.000710
0.000659
0.000640
0.000525
0.000478
0.000596
0.000565
0.000614
0.000587
0.000516
0.000532
0.000307
0.000303
0.000513
0.000460
0.000495
0.000476
0.000146
0.000012
-0.000475
-0.001309
-0.002786
-0.002851
-0.002909
-0.003920
-0.003647
-0.001677
-0.001401
-0.001113
0.000115
0.000161
0.000277
0.000885
0.000906
-0.003240
0.000125
0.000444
0.000357
0.000398
0.000444
0.000366
0.000375
0.000409
0.000435
0.000383
0.000371
0.000377
0.000287
0.000336
0.000276
0.000341
0.000343
0.000396
0.000369
0.000257
0.000211
0.000241
0.000109
0.000206
0.000498
0.000340
-0.001169
0.000106
0.000320
0.000323
0.000313
0.000359
0.000315
0.000338
0.000351
0.000606
0.000681
0.000559
0.000627
0.000674
0.000569
0.000424
0.000373
0.000299
0.000490
0.000600
0.000512
0.000655
0.000468
0.000392
0.000241
0.000465
0.000465
0.000426
0.000378
-0.000103
-0.000175
-0.000199
-0.001217
-0.002860
-0.003678
-0.003791
-0.004160
-0.005026
-0.002888
-0.001302
-0.001194
-0.000281
0.000067
0.000967
0.001065
-0.003491
-0.000162
0.000367
0.000327
0.000470
0.000458
0.000436
0.000403
0.000385
0.000401
0.000395
0.000415
0.000348
0.000366
0.000233
0.000556
0.000481
0.000258
0.000325
0.000371
0.000345
0.000305
0.000257
0.000263
0.000286
-0.000270
-0.000350
-0.002089
-0.000132
0.000466
0.000334
0.000300
0.000301
0.000343
0.000281
0.000353
0.000317
0.000652
0.000705
0.000658
0.000552
0.000619
0.000372
0.000373
0.000491
0.000339
0.000375
0.000490
0.000640
0.000545
0.000163
0.000235
-0.000036
0.000005
0.000343
0.000487
0.000472
0.000419
-0.000072
-0.002463
-0.001581
-0.003006
-0.003581
-0.004583
-0.004482
-0.003033
-0.003441
-0.001176
-0.000460
-0.000628
0.000025
0.000589
-0.002120
-0.000250
0.000322
0.000364
0.000320
0.000331
0.000421
0.000429
0.000405
0.000400
0.000388
0.000411
0.000357
0.000693
0.000451
-0.000550
0.000082
0.000065
0.000279
0.000233
0.000301
0.000325
0.000331
0.000222
0.000239
0.000331
0.000276
0.000414
0.000419
0.000467
0.000500
0.000304
0.000251
0.000300
0.000266
0.000322
0.000302
-0.002169
0.000516
0.000595
0.000672
0.000629
0.000499
0.000530
0.000438
0.000350
0.000402
0.000523
0.000572
0.000515
0.000473
0.000265
0.000130
0.000055
-0.000053
0.000205
0.000442
0.000452
0.000463
0.000466
0.000160
-0.004122
-0.003683
-0.004645
-0.005145
-0.003527
-0.003573
-0.002491
-0.000675
0.000465
-0.000188
-0.001932
0.000331
0.000345
-0.000729
0.000279
0.000428
0.000344
0.000305
0.000406
0.000457
0.000450
0.000400
0.000446
0.000463
0.000431
0.000671
0.000813
0.001312
0.000238
-0.000329
-0.000269
0.000179
0.000487
0.000616
0.000439
0.000310
0.000346
0.000361
0.000382
0.000350
0.000452
0.000426
0.000419
0.000328
0.000310
0.000357
0.000346
0.000279
0.000255
0.000292
0.000480
0.000593
0.000477
0.000554
0.000488
0.000338
0.000415
0.000366
0.000558
0.000623
0.000582
0.000511
0.000437
0.000375
0.000326
0.000129
0.000113
0.000154
0.000432
0.000509
0.000506
0.000490
0.000487
0.000353
-0.002179
-0.006472
-0.009446
-0.007198
-0.003454
-0.002640
-0.001441
-0.000355
0.000543
-0.003001
-0.000957
0.001263
-0.001483
0.000078
0.000839
0.000373
0.000313
0.000420
0.000436
0.000455
0.000420
0.000443
0.000384
0.000370
-0.000754
0.000261
0.000340
0.001314
-0.000378
-0.000142
-0.000294
-0.000463
0.000318
0.000547
0.000289
0.000412
0.000357
0.000401
0.000362
0.000443
0.000402
0.000416
0.000404
0.000332
0.000372
0.000422
0.000296
0.000249
0.000278
0.000489
0.000636
0.000660
0.000512
0.000526
0.000330
0.000309
0.000387
0.000553
0.000531
0.000487
0.000467
0.000446
0.000365
0.000338
0.000313
0.000137
0.000189
0.000377
0.000476
0.000527
0.000504
0.000526
0.000612
0.000647
0.000548
-0.000026
-0.001719
-0.002129
-0.003187
-0.002562
-0.002201
-0.001819
-0.003056
-0.002199
-0.000932
-0.003575
0.000352
0.002277
0.000521
0.000380
0.000418
0.000469
0.000496
0.000384
0.000441
0.000458
0.000483
-0.000139
-0.001102
0.000350
0.000441
0.001420
-0.000928
-0.000448
0.000064
0.000175
-0.000078
0.000451
0.000504
0.000439
0.000361
0.000335
0.000390
0.000399
0.000419
0.000468
0.000352
0.000389
0.000306
0.000351
0.000298
0.000328
0.000535
0.000627
0.000636
0.000596
0.000539
0.000334
0.000329
0.000375
0.000465
0.000451
0.000431
0.000398
0.000380
0.000361
0.000319
0.000327
0.000145
0.000343
0.000429
0.000532
0.000577
0.000567
0.000585
0.000618
0.000688
0.000668
0.000670
0.000490
0.000502
0.000369
-0.001330
-0.006513
-0.003010
-0.000974
-0.001019
-0.000155
-0.004507
-0.000577
0.001011
0.000219
0.000340
0.000382
0.000449
0.000475
0.000458
0.000397
0.000393
0.000494
0.000428
-0.000156
0.000285
-0.000205
-0.000061
0.000065
0.000147
0.000099
0.000117
0.000388
0.000473
0.000517
0.000471
0.000339
0.000303
0.000312
0.000381
0.000428
0.000340
0.000273
0.000321
0.000364
0.000352
0.000353
0.001326
0.000530
0.000582
0.000607
0.000552
0.000484
0.000463
0.000454
0.000345
0.000401
0.000353
0.000343
0.000378
0.000382
0.000345
0.000318
0.000368
0.000324
0.000370
0.000461
0.000512
0.000574
0.000589
0.000597
0.000644
0.000681
0.000559
0.000639
0.000652
0.000616
0.000495
0.000443
-0.000678
-0.002088
-0.001317
-0.000505
0.001365
0.000705
-0.001440
0.000088
0.000324
0.000411
0.000434
0.000495
0.000574
0.000537
0.000513
0.000383
0.000461
0.000449
0.000272
0.000082
0.000124
-0.000034
0.000156
0.000065
-0.000183
-0.000065
0.000339
0.000472
0.000474
0.000459
0.000431
0.000364
0.000322
0.000420
0.000317
0.000368
0.000372
0.000382
0.000342
0.000404
0.000402
0.000331
0.000379
0.000408
0.000591
0.000520
0.000453
0.000623
0.000457
0.000301
0.000265
0.000411
0.000405
0.000402
0.000365
0.000300
0.000383
0.000443
0.000477
0.000487
0.000460
0.000488
0.000596
0.000625
0.000660
0.000570
0.000648
0.000637
0.000619
0.000604
0.000525
0.000526
0.000450
0.000360
-0.000182
-0.001041
-0.000785
-0.000141
0.001947
-0.000151
0.000176
0.000395
0.000464
0.000484
0.000553
0.000590
0.000549
0.000527
0.000452
0.000424
0.000464
0.000310
-0.000474
0.000359
0.000166
-0.000552
-0.000543
0.000130
0.000331
0.000438
0.000510
0.000556
0.000460
0.000420
0.000330
0.000354
0.000320
0.000442
0.000366
0.000459
0.000410
0.000399
0.000395
0.000408
0.000327
0.000405
0.000461
0.000594
0.000547
0.000439
0.000568
0.000427
0.000244
0.000300
0.000363
0.000406
0.000412
0.000387
0.000375
0.000421
0.000425
0.000523
0.000559
0.000511
0.000553
0.000643
0.000624
0.000611
0.000584
0.000646
0.000680
0.000638
0.000600
0.000568
0.000470
0.000389
0.000345
0.000379
0.000226
-0.000574
-0.000549
0.000189
0.000079
0.000324
0.000387
0.000348
0.000438
0.000504
0.000569
0.000590
0.000575
0.000474
0.000488
0.000500
0.000499
0.000495
0.000509
0.000398
0.000297
0.000423
0.000346
0.000428
0.000481
0.000500
0.000493
0.000452
0.000425
0.000356
0.000344
0.000353
0.000403
0.000394
0.000411
0.000385
0.000368
0.000401
0.000477
0.000349
0.000489
0.000486
0.000528
0.000552
0.000451
0.000438
0.000299
0.000320
0.000331
0.000379
0.000367
0.000424
0.000424
0.000383
0.000386
0.000413
0.000486
0.000526
0.000539
0.000540
0.000588
0.000648
0.000694
0.000653
0.000748
0.000741
0.000681
0.000556
0.000505
0.000459
0.000438
0.000417
0.000479
0.000483
0.000449
0.000314
0.000305
0.000290
0.000318
0.000352
0.000410
0.000514
0.000544
0.000555
0.000597
0.000591
0.000536
0.000470
0.000562
0.000530
0.000495
0.000481
0.000426
0.000413
0.000398
0.000512
0.000552
0.000507
0.000496
0.000467
0.000444
0.000408
0.000349
0.000363
0.000387
0.000435
0.000467
0.000398
0.000346
0.000423
0.000476
0.000453
0.000725
0.000442
0.000511
0.000485
0.000558
0.000504
0.000396
0.000241
0.000256
0.000367
0.000311
0.000288
0.000409
0.000406
0.000366
0.000367
0.000381
0.000469
0.000526
0.000576
0.000647
0.000576
0.000612
0.000603
0.000546
0.000614
0.000634
0.000553
0.000565
0.000575
0.000503
0.000454
0.000447
0.000460
0.000441
0.000453
0.000336
0.000333
0.000300
0.000286
0.000313
0.000391
0.000569
0.000573
0.000571
0.000592
0.000619
0.000597
0.000546
0.000511
0.000524
0.000569
0.000599
0.000575
0.000465
0.000456
0.000525
0.000605
0.000459
0.000382
0.000472
0.000471
0.000451
0.000387
0.000367
0.000405
0.000458
0.000416
0.000459
0.000407
0.000441
0.000415
0.000477
0.000323
0.000509
0.000465
0.000482
0.000549
0.000558
0.000349
0.000269
0.000274
0.000352
0.000316
0.000291
0.000378
0.000444
0.000408
0.000353
0.000359
0.000417
0.000557
0.000637
0.000640
0.000502
0.000047
-0.000968
-0.002892
-0.002547
-0.001310
-0.001582
0.000019
0.000409
0.000418
-0.000019
0.000035
0.000408
0.000453
0.000466
0.000366
0.000346
0.000293
0.000271
0.000300
0.000409
0.000546
0.000549
0.000674
0.000619
0.000579
0.000541
0.000516
0.000466
0.000522
0.000539
0.000570
0.000518
0.000482
0.000505
0.000576
0.000537
0.000624
0.000503
0.000506
0.000514
0.000475
0.000411
0.000391
0.000436
0.000420
0.000446
0.000438
0.000387
0.000403
0.000436
0.000482
0.000349
0.000474
0.000452
0.000478
0.000510
0.000552
0.000460
0.000419
0.000305
0.000247
0.000305
0.000291
0.000280
0.000405
0.000419
0.000403
0.000348
0.000398
0.000485
0.000576
0.000590
0.000428
-0.002894
-0.003970
-0.007229
-0.010639
-0.010316
-0.012545
-0.010995
-0.008157
-0.015954
-0.032320
-0.008922
-0.002414
-0.000150
0.000333
0.000369
0.000312
0.000297
0.000294
0.000298
0.000332
0.000413
0.000640
0.000544
0.000590
0.000575
0.000486
0.000487
0.000476
0.000494
0.000513
0.000549
0.000534
0.000505
0.000506
0.000546
0.000595
0.000569
0.000493
0.000482
0.000496
0.000450
0.000383
0.000340
0.000381
0.000414
0.000370
0.000372
0.000398
0.000428
0.000450
0.000485
0.000494
0.000460
0.000544
0.000557
0.000500
0.000473
0.000488
0.000478
0.000296
0.000262
0.000253
0.000261
0.000245
0.000408
0.000415
0.000408
0.000383
0.000243
0.000201
0.000238
0.000269
0.000055
-0.002366
-0.003831
-0.003503
-0.003167
-0.010732
-0.007571
-0.008282
-0.017887
-0.001484
-0.001177
-0.002681
0.000049
0.000194
0.000290
0.000323
0.000301
0.000271
0.000271
0.000272
0.000233
0.000108
0.000598
0.000657
0.000647
0.000543
0.000499
0.000516
0.000598
0.000502
0.000520
0.000499
0.000540
0.000532
0.000492
0.000470
0.000435
0.000520
0.000566
0.000496
0.000501
0.000454
0.000388
0.000351
0.000360
0.000398
0.000402
0.000339
0.000369
0.000514
0.000470
0.000398
-0.001100
0.000548
0.000499
0.000538
0.000510
0.000459
0.000470
0.000466
0.000328
0.000328
0.000269
0.000283
0.000291
0.000352
0.000364
0.000197
-0.000294
0.000206
-0.001909
-0.000450
0.000445
0.001156
0.000061
0.000077
0.000536
0.000222
-0.003181
-0.006850
-0.005270
-0.000052
-0.000294
-0.002256
-0.002316
-0.001210
0.000122
0.000236
0.000216
0.000080
0.000161
0.000258
0.000287
0.000321
0.000358
0.000647
0.000647
0.000707
0.000561
0.000525
0.000528
0.000551
0.000522
0.000500
0.000511
0.000527
0.000540
0.000505
0.000501
0.000483
0.000505
0.000503
0.000552
0.000524
0.000451
0.000413
0.000364
0.000387
0.000466
0.000502
0.000360
0.000557
0.000593
0.000466
0.000545
0.000629
0.000526
0.000544
0.000518
0.000455
0.000417
0.000426
0.000425
0.000344
0.000305
0.000381
0.000350
0.000298
0.000317
0.000051
0.000851
0.001532
0.001506
0.001203
0.001043
0.001650
0.001493
0.001674
0.001093
0.001429
0.001812
-0.000203
-0.002251
-0.000521
0.000198
-0.000736
-0.001894
-0.000730
-0.001505
-0.000264
-0.000570
-0.000165
0.000118
-0.001200
0.000220
0.000600
0.000529
0.000467
0.000612
0.000695
0.000768
0.000658
0.000522
0.000528
0.000561
0.000509
0.000520
0.000527
0.000530
0.000553
0.000535
0.000449
0.000365
0.000456
0.000527
0.000471
0.000526
0.000623
0.000536
0.000437
0.000427
0.000536
0.000609
0.000531
0.000609
0.000574
0.000468
0.000592
0.000664
0.000512
0.000527
0.000456
0.000418
0.000437
0.000374
0.000380
0.000361
0.000300
0.000351
0.000377
0.000301
0.000051
-0.000417
0.001633
0.001593
0.001346
0.001349
0.001675
0.002137
0.002644
0.002660
0.001869
0.001730
0.001525
0.000373
-0.002391
-0.002371
-0.000795
-0.001090
-0.001582
-0.002900
0.000036
0.000006
-0.000350
-0.001662
-0.000794
0.000669
-0.000368
0.002903
0.002776
0.000344
0.000477
0.000734
0.000780
0.000731
0.000531
0.000528
0.000588
0.000522
0.000501
0.000545
0.000537
0.000549
0.000506
0.000463
0.000427
0.000279
0.000305
0.000309
0.000390
0.000484
0.000525
0.000577
0.000488
0.000529
0.000691
0.000625
0.000515
0.000684
0.000646
0.000644
0.000725
0.000451
0.000520
0.000430
0.000280
0.000329
0.000291
0.000396
0.000363
0.000331
0.000345
0.000363
0.000290
-0.000102
0.003393
0.001886
0.000918
0.001412
0.001298
0.001348
0.002061
0.002321
0.003365
0.002588
0.001258
-0.000157
0.001224
0.002403
-0.001281
-0.001830
-0.001508
-0.001358
-0.002196
0.002560
0.002675
-0.000141
-0.001799
-0.002635
-0.002480
-0.003485
0.000403
0.002143
0.004118
-0.000900
0.000487
0.000532
0.000672
0.000551
0.000527
0.000537
0.000553
0.000483
0.000537
0.000557
0.000549
0.000559
0.000573
0.000518
0.000277
0.000190
0.000181
0.000321
0.000478
0.000605
0.000563
0.000572
0.000546
0.000709
0.000656
0.000594
0.000786
0.000770
0.000667
-0.000596
0.000439
0.000473
0.000352
0.000305
0.000346
0.000367
0.000350
0.000337
0.000346
0.000352
0.000394
0.000139
-0.000392
-0.001110
0.002838
0.001328
0.001312
0.001374
0.001165
0.001634
0.002081
0.002954
-0.001840
-0.000639
0.000843
0.005189
0.008802
0.004664
0.002077
0.001878
0.001464
0.000430
0.001940
-0.000153
-0.002249
-0.003094
-0.003267
-0.003758
-0.004413
-0.003325
0.000093
0.002456
0.002640
0.001118
-0.002738
0.000227
0.000601
0.000545
0.000574
0.000598
0.000487
0.000559
0.000568
0.000568
0.000603
0.000569
0.000457
0.000490
0.000371
0.000097
0.000125
0.000615
0.000683
0.000569
0.000679
0.000757
0.000679
0.000769
0.000654
0.000797
0.000748
0.000761
0.000747
0.000422
0.000389
0.000341
0.000330
0.000284
0.000304
0.000286
0.000315
0.000318
0.000340
0.000228
0.000270
-0.000225
-0.001231
0.005819
0.001745
0.001263
0.001354
0.001392
0.001654
0.002054
0.001418
0.004775
0.000656
0.002078
0.007422
0.011989
0.007804
0.006279
0.003200
-0.001231
-0.002258
-0.002473
-0.002686
-0.002424
-0.002610
-0.003525
-0.003749
-0.003410
-0.004918
0.001354
0.001205
0.002863
0.011769
0.009358
-0.002468
0.000326
0.000567
0.000586
0.000618
0.000514
0.000444
0.000564
0.000606
0.000618
0.000629
0.000605
0.000584
0.000517
0.000225
0.000326
0.000614
0.000832
0.000844
0.000773
0.000663
0.000806
0.000870
0.000712
0.000832
0.000854
0.000896
0.000809
0.000310
0.000329
0.000339
0.000275
0.000257
0.000281
0.000260
0.000279
0.000317
0.000328
0.000229
0.000213
0.000022
-0.000223
0.006737
0.002994
0.001355
0.001610
0.001231
0.001512
0.000871
0.000596
0.002717
0.000815
0.000579
0.004512
0.008180
0.009313
0.005494
0.003018
-0.001590
-0.002847
-0.003042
-0.002864
-0.002400
-0.003153
-0.002929
-0.003126
-0.003465
-0.002553
-0.000129
0.001782
0.001945
0.000630
-0.004807
-0.004428
-0.000566
0.000520
0.000552
0.000591
0.000506
0.000393
0.000577
0.000661
0.000705
0.000721
0.000728
0.000700
0.000415
0.000498
0.000489
0.000577
0.000788
0.000904
0.000906
0.000826
0.000799
0.000807
0.000762
0.000723
0.000864
0.000824
0.000769
0.000319
0.000304
0.000266
0.000222
0.000196
0.000178
0.000277
0.000281
0.000308
0.000324
0.000322
0.000273
0.000138
-0.000761
0.000050
0.003856
0.001696
0.000798
0.000577
-0.004430
-0.001715
-0.000148
-0.000005
-0.000016
-0.000009
0.000695
0.004700
0.005459
0.004019
0.003751
-0.000877
-0.002609
-0.002856
-0.002711
-0.002367
-0.002910
-0.002641
-0.004462
-0.004097
-0.001585
-0.002980
0.000374
-0.002618
-0.013994
-0.008065
-0.011210
-0.010002
0.000335
0.000559
0.000604
0.000655
0.000289
0.000581
0.000782
0.000740
0.000723
0.000686
0.000768
0.000737
0.000598
0.000483
0.000727
0.000801
0.000891
0.000996
0.000729
0.000704
0.000722
0.000760
0.000640
0.000667
0.000798
0.000719
0.000325
0.000290
0.000337
0.000320
0.000191
0.000170
0.000286
0.000318
0.000317
0.000324
0.000288
0.000180
-0.001232
-0.000817
0.000156
0.001550
0.002900
0.001943
-0.003767
-0.001561
-0.000158
-0.000068
-0.000063
-0.000057
-0.000051
-0.000067
0.000076
0.002013
0.003973
0.004107
0.001002
-0.001515
-0.002662
-0.002149
-0.002713
-0.003183
-0.004132
-0.005008
-0.003813
-0.003119
-0.002338
-0.006910
-0.009674
-0.008280
-0.006401
-0.012082
-0.006635
0.000513
0.000418
0.000603
0.000668
0.000435
0.000479
0.000693
0.000791
0.000745
0.000706
0.000774
0.000907
0.000772
0.000648
0.000779
0.000739
0.000917
0.000857
0.000681
0.000711
0.000712
0.000783
0.000567
0.000672
0.000753
0.000645
0.000334
0.000272
0.000265
0.000298
0.000286
0.000155
0.000246
0.000273
0.000313
0.000341
0.000265
0.000188
0.000324
0.000194
0.000077
-0.000007
0.000203
0.000065
-0.000152
-0.000071
-0.000081
-0.000077
-0.000020
0.000055
0.000040
0.000052
0.000173
0.000667
0.002727
0.004263
0.003584
-0.010109
-0.008396
-0.003195
-0.002325
-0.003222
-0.009492
-0.011575
-0.012452
-0.010831
-0.011140
-0.011696
-0.004803
-0.006103
-0.002548
-0.008239
-0.003443
0.001093
-0.003867
0.000795
0.000552
0.000636
0.000630
0.000733
0.000729
0.000747
0.000732
0.000832
0.000915
0.000729
0.000642
0.000818
0.000926
0.000838
0.000952
0.000761
0.000837
0.000704
0.000654
0.000598
0.000668
0.000897
0.000947
0.000307
0.000250
0.000173
0.000288
0.000203
0.000191
0.000310
0.000312
0.000318
0.000331
0.000299
0.000218
0.000137
0.000290
0.000365
0.000064
-0.000050
-0.000036
-0.000040
-0.000067
-0.000018
0.000075
0.000087
0.000468
0.002416
0.000879
0.005103
0.008869
0.003575
-0.000489
-0.006456
-0.012768
-0.011656
-0.009922
-0.008541
-0.006045
-0.008136
-0.011680
-0.012882
-0.012228
-0.014298
-0.016156
-0.012383
-0.007925
-0.000891
-0.001727
0.000347
0.000427
-0.005941
-0.003204
0.000465
0.000717
0.000656
0.000656
0.000769
0.000732
0.000803
0.000883
0.000662
0.000843
0.000816
0.000895
0.000868
0.000869
0.000885
0.000892
0.000634
0.000580
0.000618
0.000625
0.000804
0.000935
0.000903
0.000292
0.000243
0.000239
0.000314
0.000254
0.000334
0.000349
0.000348
0.000340
0.000308
0.000306
0.000193
0.000187
0.000360
0.000148
0.000022
-0.000069
-0.000055
-0.000049
-0.000007
0.000148
-0.000100
0.001051
0.000783
0.000416
0.000332
0.003500
0.007002
0.004920
0.000245
-0.006638
-0.013304
-0.013040
-0.011103
-0.009312
-0.008337
-0.005642
-0.009894
-0.012580
-0.014283
-0.013676
-0.015788
-0.012473
-0.006635
-0.008039
-0.000597
-0.000236
-0.001355
-0.004998
-0.004164
-0.009546
0.000416
0.000736
0.000819
0.000844
0.000949
0.000880
0.000818
0.000693
0.000808
0.000769
0.000920
0.000976
0.000846
0.000846
0.000891
0.000742
0.000629
0.000560
0.000771
0.000799
0.000815
0.000768
0.000295
0.000291
0.000280
0.000334
0.000348
0.000387
0.000382
0.000344
0.000368
0.000324
0.000307
0.000193
0.000188
0.000188
0.000170
0.000032
-0.000058
-0.000007
-0.000010
0.000035
-0.000342
-0.000191
0.001569
0.000657
0.000761
0.001997
0.004981
0.007597
0.006633
-0.000142
-0.007607
-0.014737
-0.014593
-0.011508
-0.009348
-0.007789
-0.007018
-0.005430
-0.004486
-0.014434
-0.012305
-0.009344
-0.016107
-0.013173
-0.008975
-0.006818
-0.001514
-0.007255
0.000102
-0.003948
-0.012629
-0.008321
0.000302
0.000906
0.000948
0.000998
0.000804
0.000792
0.000835
0.000806
0.000886
0.000987
0.001009
0.000849
0.000897
0.000900
0.000898
0.000676
0.000613
0.000722
0.000929
0.000897
0.000769
0.000331
0.000303
0.000380
0.000335
0.000356
0.000410
0.000400
0.000351
0.000376
0.000367
0.000327
0.000226
0.000204
0.000126
0.000163
0.000078
-0.000009
0.000064
-0.000305
-0.000258
-0.000279
0.000208
0.002193
0.001294
0.004077
0.010868
0.012013
0.007767
0.008177
0.000511
-0.009246
-0.016703
-0.014348
-0.011060
-0.010194
-0.007838
-0.007226
-0.006941
-0.006030
-0.006374
-0.005591
-0.005245
-0.003113
-0.000604
-0.001336
-0.009558
-0.005509
-0.007789
-0.000189
-0.007289
-0.011827
-0.012161
-0.007994
0.000430
0.000903
0.000796
0.000866
0.000780
0.000894
0.000939
0.000953
0.000920
0.000981
0.000948
0.000971
0.001000
0.000982
0.000859
0.000663
0.000726
0.000910
0.001061
0.000732
0.000377
0.000356
0.000360
0.000340
0.000371
0.000423
0.000373
0.000318
0.000357
0.000370
0.000331
0.000287
0.000234
0.000127
0.000148
0.000112
0.000106
-0.000313
-0.000305
-0.000283
-0.000285
-0.000207
0.000983
0.002904
0.006653
0.014644
0.015349
0.010375
0.007551
0.000519
-0.008385
-0.016020
-0.008712
-0.009439
-0.008830
-0.007916
-0.007493
-0.007384
-0.005981
-0.006900
-0.007105
-0.007207
-0.006502
-0.005701
-0.006276
-0.003476
-0.008558
-0.005460
-0.002544
-0.010101
-0.011721
-0.011509
-0.011377
-0.008553
0.001350
0.000616
0.000958
0.000915
0.000789
0.000993
0.000987
0.000985
0.000975
0.001087
0.001001
0.000980
0.000899
0.000874
0.000789
0.000829
0.000929
0.000880
0.000837
0.000280
0.000283
0.000358
0.000288
0.000286
0.000377
0.000400
0.000372
0.000374
0.000359
0.000336
0.000355
0.000345
0.000173
0.000189
-0.000074
-0.000410
-0.000358
-0.000348
-0.000356
-0.000326
-0.000369
-0.000264
0.000510
0.005064
0.012507
0.017194
0.008266
0.006471
-0.001659
-0.009335
-0.015473
-0.012782
-0.010484
-0.009140
-0.008074
-0.007731
-0.007655
-0.006976
-0.007532
-0.007353
-0.008092
-0.007517
-0.007409
-0.006681
-0.006278
-0.007339
-0.007319
-0.009894
-0.011193
-0.012313
-0.011701
-0.011040
-0.010381
-0.008521
-0.006730
0.000352
0.000755
0.000822
0.000789
0.000885
0.001027
0.000989
0.000752
0.000726
0.000708
0.000903
0.000867
0.000752
0.000665
0.000705
0.000762
0.000855
0.000243
0.000282
0.000319
0.000242
0.000205
0.000386
0.000433
0.000419
0.000563
0.000248
0.000208
0.000383
0.000297
-0.000273
-0.000363
-0.000206
-0.000378
-0.000326
-0.000332
-0.000355
-0.000354
-0.000351
-0.000367
-0.000101
0.004727
0.012649
0.014939
0.008800
0.008244
0.001629
-0.008665
-0.011653
-0.011312
-0.008747
-0.008601
-0.008359
-0.006901
-0.007552
-0.007850
-0.007940
-0.007465
-0.007702
-0.007127
-0.006847
-0.006121
-0.007290
-0.005794
-0.007897
-0.010631
-0.010950
-0.011294
-0.012042
-0.009102
-0.009717
-0.009729
-0.009495
-0.007134
-0.004815
0.000594
0.001023
0.001032
0.000949
0.001009
0.000874
0.000875
0.000825
0.000834
0.000918
0.000593
0.000606
0.000877
0.000856
0.000663
0.000274
0.000275
0.000282
0.000177
0.000248
0.000238
0.000320
0.000318
0.000302
0.000275
0.000299
0.000403
-0.000019
-0.000328
-0.000307
-0.000361
-0.000387
-0.000308
-0.000302
-0.000309
-0.000283
0.000267
0.000329
0.000321
0.000248
0.000454
0.001149
0.001113
0.002608
-0.002027
-0.005133
-0.008556
-0.009939
-0.008920
-0.008296
-0.007692
-0.007597
-0.008138
-0.008443
-0.007184
-0.006721
-0.005056
-0.006077
-0.006022
-0.005235
-0.007056
-0.007218
-0.004683
-0.006400
-0.012079
-0.011379
-0.010500
-0.007944
-0.007828
-0.008148
-0.007832
-0.007599
-0.006744
-0.002620
0.002310
0.002225
0.000999
0.000979
0.000856
0.000909
0.000796
0.000762
0.000814
0.000753
0.000720
0.000805
0.000805
0.000627
0.000250
0.000229
0.000129
0.000204
0.000194
0.000205
0.000246
0.000264
0.000236
0.000278
0.000236
0.000276
0.000420
0.000347
0.000359
-0.000148
-0.000147
0.000146
0.000215
0.000179
0.000089
-0.000066
-0.000046
-0.000058
-0.000105
-0.000103
-0.000100
0.000013
0.001650
0.003727
0.002699
-0.005751
-0.008471
-0.008039
-0.008900
-0.007825
-0.007421
-0.007379
-0.007340
-0.006518
-0.005222
-0.003166
-0.003728
-0.006566
-0.005757
-0.005833
-0.005321
-0.004562
-0.003213
-0.004879
-0.008764
-0.009115
-0.007952
-0.007263
-0.006918
-0.006873
-0.003644
0.003814
0.011454
0.012675
0.003017
0.001011
0.000905
0.001000
0.000866
0.000766
0.000809
0.000766
0.000839
0.000766
0.000784
0.000871
0.000659
0.000297
0.000158
0.000193
0.000174
0.000136
0.000161
0.000189
0.000234
0.000222
0.000245
0.000272
0.000223
0.000186
0.000160
0.000075
0.000288
-0.000032
-0.000071
-0.000067
-0.000050
-0.000077
-0.000080
-0.000061
-0.000089
-0.000083
-0.000091
-0.000134
-0.000064
0.000356
0.003474
0.002891
-0.000598
-0.000032
0.000050
-0.000067
-0.000370
-0.000309
-0.003743
-0.003487
-0.004972
-0.004124
-0.004548
-0.003715
-0.005283
-0.006191
-0.005696
-0.004672
-0.002781
-0.004293
-0.003182
-0.005048
-0.009164
-0.008207
-0.006461
-0.004912
-0.001939
0.004256
0.012282
0.004823
0.002425
0.001686
0.001180
0.001290
0.001265
0.001042
0.001123
0.001138
0.001016
0.000925
0.001008
0.000862
0.001080
0.000791
0.000275
0.000311
0.000201
0.000245
0.000190
0.000197
0.000196
0.000237
0.000219
0.000268
0.000284
0.000212
0.000223
0.000236
0.000051
-0.000042
-0.000080
-0.000051
-0.000045
-0.000065
-0.000076
-0.000090
-0.000108
-0.000067
-0.000076
-0.000108
-0.000112
-0.000059
0.000034
0.000197
0.000063
-0.000097
-0.000057
-0.000054
-0.000054
-0.000052
-0.000083
-0.000228
-0.000971
-0.000831
-0.000653
-0.000230
0.000029
0.000341
-0.004712
-0.005169
-0.005853
-0.003879
-0.003580
-0.005829
-0.004032
-0.007189
-0.007094
-0.003453
0.002263
0.005646
0.009513
0.006876
0.002091
0.001621
0.001662
0.001606
0.001270
0.001541
0.001459
0.001382
0.001321
0.001175
0.000995
0.000966
0.001030
0.001058
0.000924
0.000313
0.000364
0.000319
0.000221
0.000251
0.000237
0.000269
0.000328
0.000362
0.000315
0.000322
0.000267
0.000238
0.000227
0.000046
-0.000003
-0.000068
-0.000057
-0.000098
-0.000076
-0.000092
-0.000074
-0.000067
-0.000098
-0.000102
-0.000120
-0.000087
-0.000044
-0.000051
-0.000064
-0.000056
-0.000050
-0.000073
-0.000060
-0.000014
-0.000050
-0.000038
-0.000023
-0.000004
0.000046
0.000097
0.000243
0.000437
0.000748
0.000677
-0.005027
-0.005830
-0.005716
-0.004541
-0.006257
-0.005491
-0.006051
-0.003385
0.002284
0.008420
0.008689
0.004017
0.001810
0.001690
0.001527
0.001722
0.001686
0.001384
0.001378
0.001467
0.001461
0.001376
0.001165
0.001048
0.001055
0.001106
0.000943
0.000849
0.000266
0.000258
0.000308
0.000254
0.000182
0.000176
0.000217
0.000296
0.000313
0.000322
0.000322
0.000255
0.000214
0.000185
0.000094
0.000003
-0.000045
-0.000066
-0.000121
-0.000148
-0.000113
-0.000115
-0.000041
-0.000083
-0.000087
-0.000086
-0.000070
-0.000060
-0.000040
-0.000056
-0.000073
-0.000067
-0.000061
-0.000052
-0.000000
-0.000043
-0.000017
0.000017
0.000062
0.000019
0.000121
0.000241
0.000399
0.000773
0.000935
0.001167
-0.005199
-0.006367
-0.005658
-0.005182
-0.004405
-0.003755
-0.002131
0.004423
0.002086
0.001874
0.001556
0.001362
0.001616
0.001689
0.001685
0.001547
0.001272
0.001368
0.001448
0.001461
0.001282
0.001166
0.001008
0.001099
0.001014
0.001023
0.000821
0.000254
0.000220
0.000264
0.000336
0.000204
0.000167
0.000168
0.000234
0.000288
0.000383
0.000325
0.000260
0.000242
0.000151
0.000081
0.000043
0.000047
0.000013
-0.000012
-0.000153
-0.000073
-0.000098
-0.000044
-0.000042
-0.000050
-0.000041
-0.000054
-0.000052
-0.000036
-0.000063
-0.000093
-0.000098
-0.000045
-0.000043
-0.000035
-0.000029
-0.000028
0.000020
0.000032
-0.000042
0.000152
0.000319
0.000552
0.000792
0.000958
0.000833
0.001193
-0.003809
-0.003528
-0.002297
-0.003719
-0.003248
-0.001756
-0.001295
0.000876
0.001307
0.001574
0.001678
0.001553
0.001676
0.001471
0.001505
0.001466
0.001456
0.001438
0.001200
0.001278
0.001408
0.001002
0.001009
0.001151
0.001144
0.000823
0.000183
0.000204
0.000277
0.000241
0.000237
0.000181
0.000222
0.000176
0.000285
0.000328
0.000352
0.000283
0.000211
0.000188
0.000195
0.000058
0.000033
0.000046
0.000035
-0.000055
-0.000052
-0.000072
-0.000038
0.000001
-0.000008
0.000009
-0.000021
-0.000045
-0.000058
-0.000071
-0.000112
-0.000076
-0.000039
-0.000050
-0.000097
-0.000025
-0.000000
0.000035
0.000094
0.000229
0.000302
0.000365
0.000596
0.000777
0.000938
0.000900
0.000930
0.000684
0.000644
-0.000041
-0.001255
-0.002711
-0.001394
-0.001372
0.000574
0.001460
0.001810
0.001814
0.001541
0.001497
0.001225
0.001472
0.001427
0.001534
0.001433
0.001237
0.001475
0.001360
0.001187
0.001236
0.001251
0.001309
0.000801
0.000265
0.000202
0.000278
0.000270
0.000276
0.000216
0.000300
0.000282
0.000268
0.000375
0.000364
0.000311
0.000277
0.000199
0.000204
0.000109
-0.000005
-0.000004
0.000022
-0.000083
-0.000093
-0.000002
-0.000030
-0.000016
-0.000008
0.000017
-0.000017
-0.000035
-0.000033
-0.000008
0.000006
-0.000030
0.000009
0.000008
-0.000013
-0.000007
0.000112
0.000216
0.000247
0.000369
0.000290
0.000329
0.000434
0.000665
0.000750
0.000800
0.000939
0.001035
0.000972
0.000777
0.000822
-0.001941
-0.002483
-0.000506
-0.001641
0.001314
0.001674
0.001601
0.001599
0.001444
0.001423
0.001433
0.001558
0.001694
0.001637
0.001509
0.001497
0.001170
0.001242
0.001290
0.001156
0.001170
0.000738
0.000338
0.000201
0.000142
0.000189
0.000270
0.000282
0.000297
0.000252
0.000254
0.000362
0.000397
0.000281
0.000239
0.000150
0.000131
0.000116
0.000006
-0.000008
-0.000010
-0.000032
-0.000013
-0.000047
-0.000013
-0.000012
-0.000014
0.000009
-0.000002
-0.000069
0.000040
0.000069
0.000115
0.000137
0.000094
0.000065
0.000027
0.000047
0.000196
0.000276
0.000208
0.000213
0.000290
0.000281
0.000336
0.000578
0.000656
0.000751
0.000860
0.001022
0.001006
0.000899
0.000910
0.000509
-0.000486
0.000026
-0.000340
-0.000174
0.001553
0.001575
0.001558
0.001556
0.001582
0.001380
0.001708
0.001755
0.001534
0.001369
0.001453
0.001202
0.000965
0.001202
0.001004
0.000845
0.000813
0.000396
0.000151
0.000157
0.000230
0.000292
0.000338
0.000180
0.000185
0.000208
0.000258
0.000335
0.000259
0.000235
0.000098
0.000070
0.000088
0.000005
-0.000037
-0.000044
-0.000038
-0.000017
0.000013
-0.000025
0.000005
-0.000026
-0.000002
-0.000006
0.000003
0.000038
0.000138
0.000037
0.000075
0.000082
0.000115
0.000086
0.000021
0.000074
0.000108
0.000159
0.000064
0.000132
0.000215
0.000345
0.000482
0.000415
0.000371
0.000776
0.001157
0.001195
0.000936
0.000868
0.001178
0.000477
0.000503
-0.000395
-0.000102
0.001132
0.001560
0.001515
0.001698
0.001499
0.001295
0.001412
0.001376
0.001550
0.001331
0.000692
-0.001560
-0.000567
0.000340
-0.000117
0.000714
0.000777
0.000396
0.000330
0.000199
0.000241
0.000201
0.000272
0.000258
0.000226
0.000244
0.000239
0.000296
0.000254
0.000198
0.000139
0.000049
0.000045
0.000076
0.000047
0.000020
0.000019
0.000011
0.000004
0.000015
0.000027
0.000019
0.000051
0.000095
0.000041
0.000129
0.000123
0.000133
0.000116
0.000033
0.000109
0.000153
0.000147
0.000137
0.000151
0.000096
0.000133
0.000167
0.000181
0.000284
0.000479
0.000339
0.000409
0.000597
0.001156
0.001276
0.001170
0.001207
0.001427
0.001527
0.000168
-0.000000
-0.000153
0.001230
0.001459
0.001500
0.001473
0.001375
0.001312
0.001446
0.001604
0.001449
0.000598
0.001962
0.002053
0.001457
0.001358
0.002322
0.001359
0.000933
