0.000135
0.000161
0.000171
0.000632
0.000096
0.000117
0.000110
0.000438
0.000148
0.000168
0.000174
-0.000603
0.000138
0.000114
0.000095
0.000084
0.000052
0.000043
0.000084
0.000338
0.000202
0.000141
0.000122
0.000049
0.000019
-0.000045
-0.000006
0.000054
0.000079
0.000080
0.000007
-0.000028
0.000074
0.000044
-0.000212
-0.000950
-0.001301
-0.001321
-0.000992
-0.000297
0.000483
0.000512
0.000086
0.000075
0.000060
0.000056
0.000059
0.000050
0.000052
0.000048
0.000049
0.000072
0.000063
0.000054
-0.000077
-0.000142
0.000066
0.000057
0.000043
0.000046
0.000039
0.000050
0.000027
0.000034
0.000042
0.000022
-0.001158
0.000015
-0.000005
-0.000035
0.000061
-0.000013
0.000195
0.000130
0.000114
0.000123
0.000121
0.000057
0.000078
0.000095
0.000121
0.000095
0.000075
0.000105
0.000114
0.000113
0.000134
0.000113
0.000090
0.000074
0.000065
0.000111
0.000464
0.000247
0.000164
0.000124
0.000091
-0.000021
0.000079
0.000029
0.000125
-0.000013
0.000043
-0.000017
0.000125
0.000227
-0.000552
-0.000137
-0.000007
0.000154
0.000122
-0.000569
-0.000140
-0.000043
0.000854
0.000471
0.000081
0.000062
0.000054
0.000054
0.000056
0.000051
0.000050
0.000046
0.000108
0.000803
0.000106
-0.000922
-0.000302
0.000036
0.000051
0.000055
0.000048
0.000039
0.000045
0.000043
0.000044
0.000049
0.000044
0.000041
0.000043
0.000046
0.000044
0.000057
0.000056
0.000050
0.000131
0.000129
0.000123
0.000141
0.000057
0.000024
0.000077
0.000116
0.000083
0.000073
0.000092
0.000117
0.000130
0.000136
0.000118
0.000097
0.000062
0.000066
0.000103
0.000449
0.000299
0.000102
0.000140
0.000091
0.000054
0.000115
0.000281
0.000540
0.000279
-0.000160
-0.000128
0.000368
0.000340
-0.000258
-0.000012
0.000148
0.000349
0.000371
0.000542
0.000501
-0.000569
0.000824
0.000780
0.000163
0.000069
0.000052
0.000053
0.000045
0.000048
0.000049
0.000053
0.000066
0.000236
0.000529
-0.000291
-0.001321
-0.000059
0.000045
0.000043
0.000043
0.000043
0.000043
0.000040
0.000047
0.000045
0.000045
0.000048
0.000040
0.000042
0.000047
0.000057
0.000058
0.000058
0.000124
0.000130
0.000121
0.000150
0.000113
0.000027
0.000100
0.000101
0.000067
0.000084
0.000104
0.000122
0.000111
0.000116
0.000123
0.000095
0.000073
0.000087
0.000088
0.000096
0.000225
0.000182
0.000239
0.000143
0.000091
0.000109
0.000699
0.000527
0.000142
-0.000037
0.000033
0.000063
0.000470
-0.000593
0.000236
0.000328
0.000591
0.000136
-0.000430
0.000101
0.000052
0.000409
0.000164
0.000076
0.000054
0.000042
0.000047
0.000049
0.000054
0.000055
0.000065
0.000034
0.000004
0.000067
0.000392
-0.001108
-0.000421
0.000047
0.000046
0.000045
0.000037
0.000036
0.000048
0.000050
0.000048
0.000048
0.000040
0.000042
0.000036
0.000052
0.000060
0.000058
0.000059
0.000121
0.000126
0.000120
0.000112
0.000129
0.000079
0.000086
0.000106
0.000112
0.000090
0.000078
0.000113
0.000102
0.000091
0.000096
0.000105
0.000083
0.000085
0.000081
0.000002
-0.000119
-0.000071
0.000629
0.000503
0.000312
0.000114
0.000366
0.000830
0.000120
0.000031
0.000052
0.000061
0.000204
0.000141
0.000057
-0.000022
-0.000051
0.000043
0.000022
-0.000090
0.000147
0.000255
0.000092
0.000069
0.000053
0.000028
0.000052
0.000049
0.000043
0.000053
0.000008
0.000020
-0.000118
0.000048
0.000548
-0.000256
-0.000520
0.000088
-0.000013
0.000030
0.000035
0.000042
0.000050
0.000043
0.000051
0.000045
0.000045
0.000045
0.000043
0.000048
0.000053
0.000056
-0.002169
0.000128
0.000126
0.000117
0.000121
0.000117
0.000039
0.000026
0.000092
0.000130
0.000106
0.000064
0.000097
0.000086
0.000073
0.000087
0.000097
0.000084
0.000070
0.000069
0.000086
0.000070
0.000076
-0.000010
0.000569
0.000760
0.000319
0.000274
0.000774
0.000992
0.000419
0.000156
0.000006
0.000037
-0.000127
-0.000324
-0.001001
-0.000407
-0.000067
0.000001
0.000091
0.000112
0.000076
0.000069
0.000069
0.000060
0.000050
0.000051
0.000051
0.000024
0.000036
0.000064
0.000041
0.000140
0.000637
0.000584
0.000137
-0.000489
-0.001400
-0.000090
-0.000274
0.000029
0.000037
0.000045
0.000056
0.000040
0.000041
0.000042
0.000048
0.000045
0.000048
0.000049
0.000061
0.000058
0.000135
0.000132
0.000100
0.000086
0.000103
0.000061
0.000048
0.000116
0.000130
0.000097
0.000100
0.000086
0.000073
0.000063
0.000084
0.000083
0.000083
0.000072
0.000088
0.000083
0.000073
0.000064
0.000056
-0.000219
0.000618
0.000507
0.000250
0.000317
0.000204
0.000051
0.000070
-0.000083
-0.000235
-0.002303
-0.001899
-0.001477
-0.001165
-0.000360
0.000119
0.000025
0.000014
0.000096
0.000081
0.000074
0.000068
0.000054
0.000053
0.000049
0.000034
0.000024
0.000078
0.000053
0.000212
0.000435
0.000075
-0.000270
-0.000430
-0.002422
-0.000176
0.000027
0.000049
0.000042
0.000025
0.000037
0.000046
0.000044
0.000043
0.000058
0.000049
0.000051
0.000047
0.000063
0.000045
0.000120
0.000127
0.000102
0.000095
0.000115
0.000081
0.000117
0.000113
0.000112
0.000095
0.000071
0.000080
0.000078
0.000068
0.000072
0.000067
0.000073
0.000083
0.000083
0.000090
0.000085
0.000084
0.000084
0.000019
-0.000439
0.000529
0.000286
-0.000275
-0.001648
-0.000523
-0.000576
-0.000298
-0.000047
-0.000237
-0.000191
-0.000390
-0.000209
-0.000150
0.000033
0.000027
0.000061
0.000075
0.000085
0.000073
0.000072
0.000069
0.000053
0.000045
-0.000013
-0.000013
0.000254
0.000522
0.000012
-0.000557
-0.000101
0.000435
-0.002686
-0.000388
-0.000279
0.000021
0.000045
0.000039
0.000035
0.000033
0.000051
0.000052
0.000047
0.000055
0.000053
0.000054
0.000056
0.000059
0.000057
0.000136
0.000118
0.000134
0.000123
0.000107
0.000124
0.000112
0.000104
0.000117
0.000090
0.000080
0.000077
0.000080
0.000084
0.000073
0.000068
0.000066
0.000057
0.000088
0.000104
0.000096
0.000096
0.000078
0.000085
-0.000122
0.000403
-0.000068
-0.003474
-0.002516
-0.000354
-0.000349
0.000015
0.000087
0.000085
0.000077
0.000062
0.000055
0.000039
0.000041
0.000067
0.000076
0.000072
0.000079
0.000091
0.000068
0.000032
0.000031
-0.000008
-0.000181
0.000111
0.000425
-0.000114
-0.000251
-0.000199
-0.000275
-0.004213
-0.000280
-0.000081
0.000010
0.000041
0.000058
0.000049
0.000049
0.000048
0.000049
0.000043
0.000039
0.000047
0.000051
0.000052
0.000054
0.000058
0.001326
0.000139
0.000140
0.000140
0.000129
0.000124
0.000132
0.000141
0.000105
0.000114
0.000085
0.000085
0.000086
0.000078
0.000078
0.000085
0.000082
0.000079
0.000087
0.000088
0.000094
0.000083
0.000096
0.000080
0.000076
-0.000032
-0.000672
-0.001333
-0.000671
-0.000061
0.000050
0.000074
0.000054
0.000068
0.000077
0.000065
0.000057
0.000065
0.000057
0.000044
0.000067
0.000078
0.000076
0.000082
0.000093
0.000032
-0.000562
-0.001408
-0.002025
-0.000528
0.000253
-0.000064
-0.000396
-0.000262
0.000462
-0.001700
-0.000185
0.000036
0.000035
0.000042
0.000056
0.000059
0.000058
0.000053
0.000050
0.000048
0.000045
0.000045
0.000050
0.000053
0.000048
0.000059
0.000057
0.000061
0.000137
0.000158
0.000124
0.000131
0.000136
0.000150
0.000124
0.000112
0.000101
0.000086
0.000087
0.000081
0.000074
0.000085
0.000081
0.000117
0.000086
0.000090
0.000085
0.000083
0.000092
0.000089
0.000089
0.000085
0.000057
0.000041
0.000052
0.000051
0.000071
0.000071
0.000084
0.000087
0.000067
0.000083
0.000066
0.000054
0.000046
0.000058
-0.000040
0.000096
0.000054
-0.000098
0.000052
0.000073
-0.000093
-0.000565
0.000803
0.000724
0.000414
-0.000225
0.000026
0.000443
-0.000713
-0.003091
-0.000184
0.000043
0.000048
0.000047
0.000048
0.000055
0.000046
0.000055
0.000045
0.000045
0.000048
0.000054
0.000048
0.000046
0.000066
0.000059
0.000063
0.000060
0.000083
0.000129
0.000151
0.000129
0.000124
0.000150
0.000133
0.000107
0.000123
0.000117
0.000106
0.000090
0.000083
0.000090
0.000090
0.000104
0.000123
0.000089
0.000101
0.000088
0.000084
0.000100
0.000087
0.000067
0.000093
0.000096
0.000084
0.000078
0.000077
0.000077
0.000087
0.000092
0.000093
0.000078
0.000076
0.000059
0.000058
0.000048
0.000062
-0.000120
0.000110
0.000003
0.000075
0.000062
0.000078
-0.000026
0.000092
0.000966
0.000844
0.000283
0.000143
0.000371
0.000429
-0.000761
-0.000070
0.000044
0.000045
0.000040
0.000041
0.000047
0.000037
0.000040
0.000046
0.000047
0.000042
0.000050
0.000042
0.000059
0.000063
0.000064
0.000068
0.000065
0.000068
0.000079
0.000144
0.000129
0.000116
0.000117
0.000115
0.000139
0.000096
0.000111
0.000104
0.000105
0.000090
0.000090
0.000095
0.000112
0.000120
0.000119
0.000094
0.000082
0.000096
0.000088
0.000085
0.000063
0.000085
0.000103
0.000089
0.000058
0.000090
0.000089
0.000090
0.000096
0.000090
0.000073
0.000070
0.000079
0.000067
0.000077
0.000064
0.000067
0.000055
0.000065
-0.000068
0.000054
0.000087
0.000092
0.000088
0.000286
0.000818
0.001292
0.000916
0.000175
0.000641
-0.001149
-0.000147
0.000040
0.000038
0.000042
0.000031
0.000045
0.000044
0.000037
0.000043
0.000025
0.000056
0.000036
0.000043
0.000048
0.000046
0.000064
0.000065
0.000071
0.000065
0.000067
0.000725
0.000138
0.000129
0.000131
0.000116
0.000145
0.000126
0.000084
0.000110
0.000096
0.000100
0.000090
0.000084
0.000086
0.000100
0.000108
0.000090
0.000095
0.000076
0.000102
0.000102
0.000084
0.000078
-0.000014
-0.000351
-0.000657
-0.001083
-0.000054
0.000069
0.000085
0.000085
0.000101
0.000083
0.000068
0.000083
0.000077
0.000075
0.000077
0.000061
0.000070
0.000079
0.000076
0.000071
0.000060
0.000077
0.000097
0.000175
0.001271
0.000651
0.000865
0.000011
-0.000074
-0.003571
-0.000217
0.000030
0.000038
0.000043
0.000043
0.000047
0.000052
0.000046
0.000049
0.000042
0.000049
0.000039
0.000048
0.000046
0.000065
0.000069
0.000063
0.000066
0.000056
0.000066
0.000047
0.000160
0.000126
0.000138
0.000135
0.000141
0.000081
0.000099
0.000120
0.000105
0.000103
0.000110
0.000107
0.000105
0.000095
0.000088
0.000075
0.000073
0.000099
0.000096
0.000090
0.000091
0.000022
-0.000849
-0.001978
-0.002703
-0.000615
-0.001086
-0.000652
-0.000316
0.000035
-0.000385
-0.000198
0.000082
0.000069
0.000074
0.000083
0.000073
0.000072
0.000064
0.000075
0.000091
0.000087
0.000061
0.000076
0.000069
0.000104
0.000418
0.000331
0.000939
0.000260
-0.002319
-0.000376
0.000029
0.000036
0.000042
0.000052
0.000040
0.000036
0.000051
0.000055
0.000039
0.000043
0.000037
0.000043
0.000048
0.000056
0.000059
0.000051
0.000049
0.000054
0.000043
0.000064
0.000037
0.000158
0.000146
0.000152
0.000147
0.000121
0.000098
0.000118
0.000130
0.000130
0.000129
0.000119
0.000116
0.000108
0.000103
0.000074
0.000079
0.000100
0.000096
0.000081
0.000085
0.000080
-0.000197
-0.000691
-0.002771
-0.003789
-0.000936
-0.000632
-0.001832
-0.008893
-0.014103
-0.023855
-0.010058
-0.000603
0.000078
0.000063
0.000070
0.000073
0.000065
0.000067
0.000069
0.000063
0.000071
0.000066
0.000071
0.000083
-0.000045
-0.001401
-0.002589
-0.003534
-0.001708
-0.000186
0.000035
0.000037
0.000033
0.000041
0.000049
0.000042
0.000038
0.000059
0.000062
0.000054
0.000058
0.000045
0.000047
0.000053
0.000060
0.000041
0.000042
0.000050
0.000035
0.000045
0.000056
0.000053
0.000154
0.000154
0.000142
0.000130
0.000116
0.000114
0.000121
0.000110
0.000103
0.000098
0.000100
0.000089
0.000087
0.000094
0.000074
0.000069
0.000087
0.000036
0.000096
0.000120
0.000112
-0.000849
-0.001942
-0.002651
-0.004700
-0.004223
-0.001646
-0.000890
-0.002351
-0.009476
-0.001152
-0.003754
-0.000189
0.000064
0.000066
0.000064
0.000064
0.000067
0.000064
0.000062
0.000055
0.000054
0.000058
0.000075
0.000071
0.000062
-0.000020
-0.000687
-0.000235
0.000021
0.000044
0.000041
0.000046
0.000047
0.000041
0.000039
0.000048
0.000054
0.000059
0.000069
0.000059
0.000053
0.000052
0.000043
0.000044
0.000059
0.000032
0.000022
0.000040
0.000054
0.000052
0.000063
-0.001100
0.000157
0.000141
0.000128
0.000110
0.000097
0.000109
0.000109
0.000091
0.000085
0.000072
0.000070
0.000094
0.000086
0.000094
0.000095
0.000054
0.000212
0.000326
0.000301
0.000120
0.000053
0.000018
-0.000084
-0.000101
-0.000229
0.000255
0.000083
-0.000027
-0.000345
-0.001793
-0.001562
-0.000669
-0.000070
0.000040
-0.000098
-0.000297
-0.000133
0.000040
0.000054
0.000069
0.000061
0.000063
0.000056
0.000071
0.000071
0.000084
0.000081
0.000069
0.000074
0.000051
0.000051
0.000055
0.000055
0.000048
0.000034
0.000035
0.000048
0.000052
0.000038
0.000060
0.000064
0.000055
0.000059
0.000038
0.000040
0.000046
0.000047
0.000031
0.000038
0.000033
0.000052
0.000076
0.000090
0.000175
0.000171
0.000120
0.000088
0.000094
0.000100
0.000105
0.000089
0.000074
0.000078
0.000084
0.000061
0.000087
0.000089
0.000274
0.000002
0.000062
0.000286
0.000181
0.000081
0.000073
0.000062
0.000014
0.000018
0.000015
0.000829
0.000372
0.000075
-0.000630
-0.000688
-0.001745
-0.000899
0.000072
-0.000015
-0.001832
-0.004899
-0.003002
-0.000102
0.000056
0.000067
0.000058
0.000069
0.000072
0.000077
0.000085
0.000093
0.000082
0.000072
0.000075
0.000064
0.000064
0.000059
0.000056
0.000049
0.000048
0.000050
0.000055
0.000040
0.000039
0.000044
0.000064
0.000059
0.000057
0.000049
0.000053
0.000067
0.000078
0.000057
0.000050
0.000068
0.000068
0.000077
0.000083
0.000158
0.000163
0.000115
0.000072
0.000087
0.000089
0.000098
0.000093
0.000060
0.000076
0.000091
0.000087
0.000096
-0.000021
0.000362
0.000611
0.000210
0.000122
0.000084
0.000089
0.000097
0.000119
0.000036
0.000077
0.000039
-0.000400
-0.000017
0.000536
-0.000163
-0.000389
-0.000769
-0.000512
0.000582
0.000706
0.000989
0.001452
0.000029
-0.000089
0.000129
0.000076
0.000060
0.000058
0.000073
0.000081
0.000084
0.000089
0.000069
0.000075
0.000069
0.000058
0.000056
0.000053
0.000051
0.000055
0.000052
0.000042
0.000058
0.000047
0.000020
0.000048
0.000060
0.000054
0.000056
0.000061
0.000082
0.000075
0.000075
0.000079
0.000074
0.000071
0.000077
0.000091
0.000088
0.000156
0.000139
0.000104
0.000062
0.000056
0.000062
0.000075
0.000080
0.000054
0.000071
0.000075
0.000142
-0.000070
0.000204
0.000542
0.000087
0.000037
0.000066
0.000059
0.000021
0.000088
0.000131
0.000107
0.000070
-0.001884
0.000010
0.000752
0.000978
-0.000516
-0.000994
-0.000121
0.001707
0.004772
0.005383
0.004824
0.003730
0.002418
0.000197
0.000253
0.000289
0.000119
0.000067
0.000052
0.000071
0.000072
0.000073
0.000065
0.000071
0.000067
0.000056
0.000048
0.000050
0.000052
0.000056
0.000049
0.000064
0.000070
0.000060
0.000037
0.000049
0.000056
0.000059
0.000058
0.000074
0.000081
0.000086
0.000085
0.000079
0.000075
0.000083
0.000095
0.000083
-0.000596
0.000155
0.000141
0.000094
0.000056
0.000018
0.000020
0.000047
0.000076
0.000071
0.000079
0.000097
0.000092
0.000050
0.000014
0.001249
0.000123
0.000067
0.000056
0.000063
0.000032
0.000104
0.000105
-0.000020
-0.000158
-0.001579
-0.000098
0.000216
-0.000053
-0.000091
0.000075
-0.000004
0.001683
0.006462
0.006239
0.003905
0.003584
0.004896
0.001446
0.000859
0.000411
0.000527
0.000464
-0.000040
0.000059
0.000059
0.000071
0.000080
0.000095
0.000063
0.000060
0.000059
0.000051
0.000051
0.000042
0.000059
0.000066
0.000075
0.000072
0.000052
0.000037
0.000058
0.000072
0.000076
0.000071
0.000073
0.000077
0.000073
0.000095
0.000087
0.000093
0.000082
0.000074
0.000080
0.000144
0.000110
0.000099
0.000036
0.000009
0.000019
0.000055
0.000071
0.000092
0.000101
0.000114
0.000084
0.000087
0.000050
0.000024
0.000462
0.000058
0.000028
0.000069
0.000021
0.000059
-0.000170
-0.000127
-0.000454
-0.000298
0.000070
0.000355
0.000263
-0.000297
-0.001400
-0.000693
0.000668
0.003663
0.005329
0.004572
0.003255
0.004979
0.001945
0.000625
0.000228
0.000223
0.001057
0.000767
0.000244
0.000019
0.000085
0.000092
0.000084
0.000071
0.000061
0.000058
0.000061
0.000053
0.000059
0.000057
0.000066
0.000086
0.000070
0.000056
0.000049
0.000070
0.000066
0.000072
0.000074
0.000068
0.000076
0.000091
0.000085
0.000089
0.000080
0.000086
0.000067
0.000080
0.000107
0.000093
0.000103
0.000062
0.000038
0.000057
0.000072
0.000095
0.000101
0.000103
0.000104
0.000097
0.000092
0.000078
-0.000006
-0.000028
0.000397
0.000133
0.000079
0.000035
0.000305
0.001274
0.000286
0.000149
-0.000197
0.000797
0.001053
0.000425
0.000056
-0.001615
-0.001443
-0.000322
0.001832
0.004043
0.006636
0.003705
0.003657
0.001897
0.000745
0.000248
0.000216
0.000591
0.000770
0.000826
-0.001010
-0.000219
0.000265
0.000081
0.000064
0.000058
0.000060
0.000054
0.000043
0.000053
0.000055
0.000073
0.000062
0.000069
0.000064
0.000049
0.000064
0.000071
0.000075
0.000076
0.000060
0.000080
0.000085
0.000086
0.000092
0.000088
0.000078
0.000073
0.000087
0.000099
0.000091
0.000103
0.000101
0.000072
0.000081
0.000076
0.000100
0.000104
0.000099
0.000092
0.000076
0.000088
0.000076
0.000063
-0.000086
-0.000027
0.000400
0.000098
0.000369
-0.000593
-0.000158
0.002275
0.000435
0.000658
0.001356
0.001632
0.000914
0.000081
-0.001394
-0.000431
-0.000401
0.000545
0.002644
0.007104
0.004249
0.004989
0.004159
0.000754
-0.000133
0.000214
0.000851
0.002365
0.002133
-0.000172
0.000267
0.000932
0.000496
0.000203
0.000166
0.000054
0.000053
0.000053
0.000046
0.000046
0.000054
0.000059
0.000064
0.000066
0.000065
0.000066
0.000064
0.000065
0.000070
0.000070
0.000087
0.000084
0.000082
0.000086
0.000069
0.000086
0.000081
0.000091
0.000081
0.000087
0.000123
0.000127
0.000092
0.000085
0.000072
0.000092
0.000103
0.000101
0.000084
0.000082
0.000090
0.000061
0.000051
0.000053
0.000090
0.000098
0.000074
0.000063
0.000040
0.000083
0.000092
-0.000139
0.000042
0.000094
0.000135
0.000153
0.000496
0.000385
-0.000076
0.000485
0.000178
0.002062
0.008316
0.005383
0.002904
0.004958
0.001415
0.000148
0.000280
0.001009
0.003113
0.002895
0.000602
0.000395
0.000201
0.000975
0.001564
0.001898
0.000461
0.000055
0.000047
0.000058
0.000055
0.000054
0.000067
0.000078
0.000083
0.000075
0.000063
0.000055
0.000065
0.000080
0.000070
0.000067
0.000093
0.000093
0.000087
0.000097
0.000083
0.000085
0.000106
0.000098
0.000092
0.000133
0.000131
0.000095
0.000068
0.000059
0.000082
0.000100
0.000103
0.000082
0.000083
0.000073
0.000058
0.000061
0.000101
0.000093
0.000096
0.000095
0.000069
0.000057
0.000062
0.000075
0.000102
0.000116
0.000096
0.000094
0.000226
0.000592
0.000987
0.001255
0.000057
0.001814
0.000981
0.002925
0.005040
0.002221
0.000768
-0.000048
0.000920
0.000079
0.000027
0.002621
0.002370
0.000050
0.000281
-0.000608
0.000297
0.000913
0.005412
0.003917
0.000138
0.000058
0.000050
0.000075
0.000080
0.000101
0.000096
0.000095
0.000077
0.000070
0.000061
0.000067
0.000100
0.000080
0.000075
0.000095
0.000092
0.000070
0.000078
0.000087
0.000081
0.000077
0.000121
0.000101
0.000122
0.000130
0.000117
0.000101
0.000074
0.000078
0.000101
0.000099
0.000086
0.000086
0.000074
0.000052
0.000050
0.000081
0.000096
0.000100
0.000100
0.000085
0.000074
0.000112
0.000129
0.000045
0.000041
0.000125
0.000320
0.001223
0.001934
0.001581
0.001345
0.000821
0.000848
0.000333
-0.000205
-0.001432
0.000941
0.001511
-0.002021
0.000733
0.000022
-0.000542
-0.000304
-0.000030
0.001132
0.000005
-0.000448
0.000629
0.000937
0.000409
0.002925
0.000133
0.000070
0.000070
0.000078
0.000097
0.000109
0.000104
0.000093
0.000081
0.000066
0.000069
0.000087
0.000103
0.000071
0.000072
0.000084
0.000087
0.000078
0.000077
0.000084
0.000069
0.000065
0.000133
0.000106
0.000111
0.000093
0.000067
0.000107
0.000086
0.000083
0.000102
0.000091
0.000093
0.000077
0.000071
0.000051
0.000056
0.000055
0.000089
0.000097
0.000097
0.000094
0.000118
0.000044
0.000071
0.000055
0.000047
0.000042
-0.000003
0.000977
0.001841
0.002640
0.003031
0.001542
0.001710
0.000893
0.000145
-0.001355
-0.001494
-0.000165
-0.002033
-0.000072
-0.000025
-0.000314
-0.000595
-0.000200
-0.000522
0.000846
0.000103
0.000703
-0.000193
0.000362
0.000459
0.000042
0.000061
0.000082
0.000094
0.000112
0.000094
0.000098
0.000089
0.000087
0.000092
0.000129
0.000066
0.000059
0.000076
0.000072
0.000085
0.000076
0.000085
0.000085
0.000078
0.000068
0.000081
0.000128
0.000122
0.000121
0.000109
0.000119
0.000113
0.000107
0.000084
0.000091
0.000088
0.000112
0.000099
0.000074
0.000057
0.000054
0.000064
0.000090
0.000099
0.000102
0.000127
0.000057
0.000039
0.000072
0.000074
0.000018
-0.000034
-0.000012
0.000508
0.001618
0.002324
0.002914
0.001723
0.002622
0.001468
-0.000528
-0.001723
-0.000938
-0.000663
-0.000258
-0.000296
-0.000627
-0.000016
0.000159
0.000204
0.000533
0.000576
0.000560
-0.000842
-0.000353
-0.000040
0.001248
0.000770
0.000189
0.000077
0.000094
0.000093
0.000083
0.000079
0.000086
0.000094
0.000102
0.000081
0.000056
0.000074
0.000075
0.000086
0.000074
0.000069
0.000074
0.000086
0.000089
0.000092
0.000072
0.000107
0.000114
0.000093
0.000111
0.000097
0.000112
0.000108
0.000087
0.000084
0.000097
0.000097
0.000097
0.000079
0.000054
0.000048
0.000059
0.000090
0.000121
0.000056
0.000068
0.000049
0.000043
0.000047
0.000076
-0.000021
-0.000529
-0.000301
0.000385
0.001366
0.001931
0.001584
0.001425
0.002544
0.001443
-0.001014
-0.001439
-0.000149
0.000085
-0.000085
0.000384
0.000227
-0.000517
-0.000115
-0.000689
-0.000326
0.000318
-0.000570
-0.000122
0.000092
0.001092
0.002645
0.005327
0.003077
0.000325
0.000215
0.000091
0.000091
0.000078
0.000080
0.000086
0.000074
0.000074
0.000066
0.000065
0.000061
0.000061
0.000062
0.000062
0.000077
0.000086
0.000083
0.000072
0.000055
0.000098
0.000082
0.000088
0.000114
0.000116
0.000127
0.000108
0.000087
0.000077
0.000094
0.000095
0.000099
0.000082
0.000066
0.000045
0.000069
0.000113
0.000059
0.000085
0.000075
0.000069
0.000046
0.000072
0.000072
-0.000007
-0.000023
0.000131
0.000120
0.000825
0.001739
0.001739
0.000883
0.001607
0.000652
-0.001068
-0.000325
0.000284
0.000173
0.000117
0.000426
-0.000052
-0.000907
-0.001324
-0.001527
-0.001323
-0.000072
-0.001250
0.000021
0.001421
0.002288
0.005953
0.005046
0.004324
0.002407
0.001551
0.000264
0.000096
0.000081
0.000076
0.000061
0.000056
0.000093
0.000089
0.000043
0.000046
0.000058
0.000060
0.000067
0.000074
0.000076
0.000064
0.000071
0.000065
0.000105
0.000108
0.000122
0.000115
0.000116
0.000118
0.000110
0.000084
0.000089
0.000097
0.000101
0.000099
0.000095
0.000100
0.000125
0.000041
0.000052
0.000064
0.000085
0.000081
0.000077
0.000076
0.000083
-0.000000
-0.000437
0.001890
0.001126
0.000647
0.000927
0.001358
0.001424
0.001529
0.001455
-0.000456
-0.000324
-0.000477
0.000130
0.000276
0.000268
0.000402
0.000106
-0.000924
-0.001478
-0.001662
-0.001355
-0.001306
-0.000498
0.000513
0.001796
0.003996
0.006634
0.004404
0.003717
0.002887
0.002525
0.001327
0.000337
0.000135
0.000076
0.000034
0.000073
0.000092
0.000069
0.000041
0.000040
0.000043
0.000066
0.000073
0.000072
0.000067
0.000073
0.000070
0.000068
0.000093
0.000121
0.000132
0.000120
0.000101
0.000123
0.000134
0.000136
0.000166
0.000046
0.000038
0.000102
0.000121
0.000054
0.000051
0.000045
0.000051
0.000063
0.000076
0.000081
0.000075
0.000063
0.000080
0.000146
0.000669
0.002148
0.000781
0.000173
0.000211
0.000970
0.001670
0.001918
0.000350
-0.001341
-0.000420
-0.000053
0.000124
0.000245
0.000279
0.000355
-0.000021
-0.000821
-0.001080
-0.001435
-0.001555
-0.001643
-0.001359
0.000849
0.002619
0.004365
0.004362
0.003532
0.003043
0.002867
0.002518
0.002128
0.001516
0.000640
0.000168
0.000041
0.000069
0.000077
0.000076
0.000069
0.000043
0.000053
0.000057
0.000070
0.000066
0.000060
0.000067
0.000071
0.000063
0.000092
0.000113
0.000121
0.000122
0.000125
0.000130
0.000129
0.000117
0.000082
0.000092
0.000108
0.000133
0.000006
0.000060
0.000069
0.000057
0.000052
0.000054
0.000055
0.000061
0.000048
0.000129
0.000122
0.000115
0.000072
0.000368
0.000385
0.000207
0.000550
-0.000287
0.000639
0.001495
0.000422
-0.000605
-0.000442
-0.000295
0.000097
0.000305
0.000409
0.000384
0.000192
-0.000887
-0.001103
-0.001297
-0.001669
-0.001625
-0.001680
-0.001379
0.001929
0.003583
0.002789
0.002154
0.002660
0.002452
0.002849
0.003595
0.003691
0.002784
0.002411
0.002153
0.001332
0.000106
0.000084
0.000070
0.000042
0.000051
0.000045
0.000061
0.000071
0.000066
0.000056
0.000060
0.000049
0.000101
0.000095
0.000119
0.000122
0.000115
0.000104
0.000107
0.000098
0.000079
0.000086
0.000096
0.000135
0.000139
0.000131
0.000111
0.000020
0.000126
0.000113
0.000110
0.000130
0.000106
0.000086
0.000076
0.000068
0.000061
0.000050
0.000056
0.000063
-0.000021
0.000443
0.001019
0.003189
0.002383
0.000499
-0.000080
-0.000016
0.000161
0.000349
0.000382
0.000263
-0.000045
-0.000813
-0.001137
-0.001350
-0.001481
-0.001865
-0.001853
-0.001519
-0.001101
0.000654
0.001979
0.001917
0.001963
0.002121
0.002439
0.003812
0.004908
0.005006
0.003355
0.001512
0.001008
0.000411
0.000022
0.000086
0.000076
0.000069
0.000058
0.000062
0.000077
0.000063
0.000050
0.000050
0.000046
0.000104
0.000109
0.000126
0.000128
0.000118
0.000084
0.000092
0.000085
0.000080
0.000084
0.000109
0.000139
0.000133
0.000114
0.000099
0.000100
0.000082
0.000073
0.000070
0.000081
0.000084
0.000067
0.000076
0.000074
0.000054
0.000061
0.000063
0.000061
0.000054
0.000324
0.000062
0.000064
0.000632
-0.000388
-0.002662
-0.000273
0.000367
0.000252
0.000238
0.000251
0.000111
-0.000602
-0.001022
-0.001278
-0.001645
-0.002115
-0.002128
-0.001733
-0.001617
-0.001728
0.001037
0.001312
0.000732
0.000947
0.001230
0.002682
0.003607
0.003265
0.000808
0.000093
0.000066
0.000033
0.000027
0.000018
0.000015
0.000013
0.000035
0.000059
0.000058
0.000051
0.000057
0.000053
0.000044
0.000080
0.000101
0.000111
0.000110
0.000095
0.000091
0.000062
0.000090
0.000096
0.000091
0.000093
0.000130
0.000139
0.000117
0.000068
0.000091
0.000083
0.000074
0.000060
0.000068
0.000081
0.000081
0.000078
0.000076
0.000048
0.000063
0.000055
0.000026
0.000039
-0.000057
0.000009
-0.000312
-0.000127
-0.000018
-0.000156
0.000074
0.000077
0.000109
0.000110
0.000075
-0.000014
0.000010
0.000078
-0.000056
-0.001609
-0.002160
-0.002062
-0.002152
-0.002252
-0.002086
-0.001685
-0.000168
-0.000058
0.000006
-0.000491
0.000284
0.000887
0.000227
0.000056
0.000023
0.000012
0.000027
0.000037
0.000028
0.000024
0.000023
0.000033
0.000038
0.000045
0.000052
0.000060
0.000058
0.000071
0.000086
0.000090
0.000103
0.000121
0.000076
0.000092
0.000089
0.000111
0.000158
0.000110
0.000095
0.000109
0.000118
0.000115
0.000089
0.000081
0.000082
0.000078
0.000071
0.000065
0.000089
0.000082
0.000085
0.000087
0.000073
0.000065
0.000052
0.000040
0.000033
0.000028
0.000038
-0.000038
-0.000198
0.000061
0.000083
0.000086
0.000090
0.000088
0.000104
0.000089
0.000091
0.000112
0.000098
0.000076
0.000202
-0.001835
-0.002131
-0.002476
-0.002229
-0.002180
-0.001872
0.000223
0.000002
0.000010
-0.000012
0.000040
0.000091
0.000032
0.000026
0.000018
0.000015
0.000015
0.000028
0.000023
0.000023
0.000027
0.000019
0.000038
0.000053
0.000058
0.000067
0.000066
0.000071
0.000081
0.000082
0.000099
0.000107
0.000123
0.000148
0.000124
0.000121
0.000136
0.000109
0.000107
0.000097
0.000100
0.000104
0.000099
0.000088
0.000101
0.000084
0.000093
0.000081
0.000084
0.000063
0.000092
0.000092
0.000081
0.000063
0.000051
0.000053
0.000049
0.000056
0.000067
0.000020
0.000065
0.000079
0.000087
0.000096
0.000081
0.000089
0.000094
0.000095
0.000089
0.000114
0.000118
0.000105
0.000096
0.000494
-0.002179
-0.002181
-0.002065
-0.001703
-0.001596
-0.002352
-0.000309
0.000019
0.000023
0.000029
0.000039
0.000027
0.000028
0.000022
0.000023
0.000029
0.000037
0.000030
0.000028
0.000032
0.000030
0.000036
0.000066
0.000060
0.000078
0.000057
0.000057
0.000090
0.000083
0.000091
0.000125
0.000139
0.000152
0.000145
0.000115
0.000125
0.000141
0.000106
0.000078
0.000099
0.000113
0.000098
0.000093
0.000111
0.000106
0.000128
0.000066
0.000084
0.000063
0.000106
0.000096
0.000090
0.000080
0.000062
0.000055
0.000070
0.000099
0.000046
-0.000048
0.000084
0.000062
0.000083
0.000087
0.000083
0.000070
0.000102
0.000097
0.000106
0.000122
0.000129
0.000124
0.000105
0.000100
0.000435
-0.000961
-0.000756
-0.001067
-0.001466
-0.002963
-0.000511
0.000039
0.000039
0.000036
0.000033
0.000028
0.000023
0.000024
0.000019
0.000031
0.000034
0.000031
0.000039
0.000046
0.000031
0.000047
0.000062
0.000076
0.000068
0.000052
0.000055
0.000091
0.000082
0.000105
0.000107
0.000138
0.000148
0.000156
0.000142
0.000143
0.000164
0.000130
0.000088
0.000097
0.000122
0.000113
0.000086
0.000103
0.000098
0.000108
0.000054
0.000052
0.000068
0.000087
0.000111
0.000109
0.000096
0.000087
0.000081
0.000083
0.000021
0.000058
0.000065
0.000086
0.000069
0.000078
0.000099
0.000081
0.000082
0.000106
0.000107
0.000120
0.000108
0.000119
0.000130
0.000101
0.000109
0.000084
0.000096
-0.000060
-0.000724
-0.002175
-0.001130
-0.000369
-0.000012
0.000021
0.000041
0.000026
0.000032
0.000031
0.000021
0.000020
0.000022
0.000022
0.000041
0.000042
0.000037
0.000047
0.000046
0.000062
0.000059
0.000051
0.000055
0.000058
0.000117
0.000100
0.000104
0.000083
0.000115
0.000136
0.000153
0.000155
0.000146
0.000178
0.000170
0.000082
0.000077
0.000105
0.000111
0.000075
0.000077
0.000097
0.000080
0.000069
0.000097
0.000075
0.000071
0.000102
0.000104
0.000105
0.000101
0.000098
0.000109
0.000086
0.000084
0.000084
0.000096
0.000070
0.000094
0.000099
0.000099
0.000100
0.000115
0.000113
0.000112
0.000127
0.000124
0.000116
0.000108
0.000105
0.000094
0.000076
0.000038
-0.000013
-0.000055
0.000317
-0.000480
-0.000442
-0.000706
-0.000168
-0.000041
0.000021
0.000030
0.000018
0.000012
0.000026
0.000020
0.000038
0.000034
0.000037
0.000051
0.000050
0.000050
0.000045
0.000053
0.000055
0.000036
0.000108
0.000100
0.000107
0.000090
0.000100
0.000121
0.000132
0.000164
0.000136
0.000165
0.000177
0.000135
0.000070
0.000074
0.000078
0.000051
0.000041
0.000074
0.000060
0.000039
0.000058
0.000061
0.000062
0.000105
0.000114
0.000117
0.000114
0.000100
0.000123
0.000109
0.000111
0.000117
0.000093
0.000094
0.000106
0.000109
0.000113
0.000119
0.000092
0.000121
0.000103
0.000104
0.000112
0.000120
0.000113
0.000106
0.000080
0.000077
0.000075
0.000074
0.000057
0.000031
0.000109
0.000320
-0.001110
-0.002309
-0.000396
0.000004
0.000049
0.000030
0.000026
0.000024
0.000023
0.000035
0.000030
0.000047
0.000030
0.000033
0.000040
0.000052
0.000040
0.000038
0.000034
0.000116
0.000110
0.000100
0.000072
0.000088
0.000129
0.000162
0.000158
0.000130
0.000135
0.000147
0.000113
0.000075
0.000074
0.000077
0.000068
0.000060
0.000065
0.000052
0.000032
0.000058
0.000039
0.000033
0.000081
0.000123
0.000118
0.000114
0.000107
0.000123
0.000128
0.000106
0.000117
0.000117
0.000094
0.000074
0.000130
0.000117
0.000111
0.000083
0.000092
0.000099
0.000105
0.000113
0.000104
0.000104
0.000079
0.000093
0.000127
0.000126
0.000078
0.000048
0.000030
-0.000267
-0.000144
0.000055
-0.002695
-0.000485
0.000013
0.000040
0.000034
0.000030
0.000028
0.000030
0.000030
0.000037
0.000037
0.000035
0.000020
0.000017
0.000034
0.000046
0.000042
0.000033
0.000140
0.000112
0.000122
0.000102
0.000094
0.000108
0.000135
0.000119
0.000134
0.000132
0.000138
0.000098
0.000080
0.000090
0.000098
0.000095
0.000130
0.000091
0.000082
0.000079
0.000055
0.000062
0.000056
0.000082
0.000111
0.000115
0.000131
0.000147
0.000121
0.000139
0.000112
0.000113
0.000102
0.000078
0.000081
0.000109
0.000096
0.000059
0.000087
0.000108
0.000111
0.000114
0.000106
0.000099
0.000088
0.000094
0.000114
0.000127
0.000104
0.000070
0.000044
0.000031
-0.000138
-0.000403
-0.000234
-0.000233
-0.000514
-0.000015
0.000028
0.000029
0.000032
0.000028
0.000037
0.000044
0.000042
0.000030
0.000030
0.000017
0.000012
0.000031
0.000049
0.000044
0.000058
