0.000067
0.000273
0.000335
0.000632
0.000433
0.000447
0.000401
0.000438
0.000152
0.000120
0.000153
-0.000603
0.000277
0.000431
0.000534
0.000493
0.000343
0.000378
0.000309
0.000099
0.000041
0.000090
0.000203
0.000357
0.000504
0.000624
0.000636
0.000689
0.000546
0.000431
0.000349
0.000270
0.000270
0.000293
0.000361
0.000385
0.000489
0.000483
0.000508
0.000468
0.000478
0.000471
0.000333
0.000285
0.000307
0.000271
0.000299
0.000263
0.000285
0.000187
0.000041
0.000148
0.000252
0.000288
0.000227
0.000318
0.000323
0.000309
0.000364
0.000277
0.000219
0.000194
0.000259
0.000366
0.000427
0.000437
-0.001158
0.000354
0.000306
0.000248
0.000061
0.000394
0.000195
0.000260
0.000343
0.000391
0.000416
0.000381
0.000442
0.000434
0.000467
0.000435
0.000490
0.000503
0.000477
0.000445
0.000505
0.000512
0.000434
0.000374
0.000423
0.000410
0.000287
0.000218
0.000190
0.000273
0.000395
0.000460
0.000524
0.000564
0.000614
0.000570
0.000637
0.000613
0.000588
0.000537
0.000552
0.000567
0.000607
0.000587
0.000440
0.000511
0.000461
0.000393
0.000349
0.000341
0.000337
0.000333
0.000346
0.000293
0.000242
0.000261
0.000255
0.000205
0.000137
0.000238
0.000240
0.000275
0.000311
0.000292
0.000269
0.000339
0.000301
0.000253
0.000233
0.000316
0.000273
0.000272
0.000284
0.000267
0.000309
0.000235
0.000231
0.000179
0.000233
0.000375
0.000384
0.000405
0.000408
0.000456
0.000492
0.000381
0.000447
0.000443
0.000471
0.000463
0.000459
0.000555
0.000437
0.000513
0.000436
0.000465
0.000394
0.000439
0.000391
0.000315
0.000252
0.000263
0.000284
0.000304
0.000377
0.000480
0.000511
0.000544
0.000548
0.000552
0.000645
0.000600
0.000543
0.000536
0.000568
0.000608
0.000538
0.000472
0.000487
0.000395
0.000382
0.000423
0.000334
0.000313
0.000330
0.000366
0.000336
0.000290
0.000261
0.000233
0.000280
0.000212
0.000261
0.000303
0.000316
0.000318
0.000303
0.000315
0.000340
0.000346
0.000293
0.000310
0.000274
0.000255
0.000249
0.000237
0.000255
0.000231
0.000208
0.000217
0.000190
0.000275
0.000395
0.000394
0.000419
0.000439
0.000470
0.000476
0.000455
0.000449
0.000458
0.000454
0.000508
0.000425
0.000470
0.000360
0.000418
0.000352
0.000339
0.000346
0.000481
0.000439
0.000362
0.000314
0.000347
0.000289
0.000274
0.000331
0.000509
0.000585
0.000584
0.000525
0.000561
0.000587
0.000573
0.000611
0.000534
0.000609
0.000552
0.000658
0.000551
0.000377
0.000318
0.000365
0.000418
0.000386
0.000403
0.000350
0.000329
0.000356
0.000302
0.000212
0.000233
0.000244
0.000244
0.000265
0.000259
0.000301
0.000310
0.000302
0.000284
0.000347
0.000331
0.000309
0.000311
0.000248
0.000252
0.000232
0.000206
0.000194
0.000239
0.000250
0.000261
0.000228
0.000204
0.000392
0.000435
0.000447
0.000462
0.000466
0.000469
0.000427
0.000414
0.000460
0.000494
0.000469
0.000458
0.000460
0.000376
0.000398
0.000414
0.000358
0.000365
0.000455
0.000411
0.000426
0.000363
0.000401
0.000419
0.000221
0.000356
0.000549
0.000547
0.000578
0.000543
0.000553
0.000603
0.000579
0.000569
0.000513
0.000552
0.000524
0.000495
0.000538
0.000477
0.000391
0.000432
0.000505
0.000424
0.000420
0.000299
0.000258
0.000294
0.000279
0.000306
0.000231
0.000246
0.000251
0.000302
0.000325
0.000300
0.000225
0.000303
0.000279
0.000309
0.000326
0.000268
0.000284
0.000253
0.000243
0.000193
0.000208
0.000221
0.000296
0.000280
0.000250
0.000293
0.000244
-0.002169
0.000451
0.000397
0.000456
0.000459
0.000460
0.000444
0.000419
0.000455
0.000516
0.000473
0.000419
0.000351
0.000344
0.000269
0.000354
0.000441
0.000460
0.000490
0.000440
0.000414
0.000336
0.000399
0.000427
0.000319
0.000371
0.000528
0.000607
0.000501
0.000536
0.000508
0.000590
0.000629
0.000617
0.000607
0.000515
0.000562
0.000637
0.000508
0.000555
0.000433
0.000276
0.000495
0.000430
0.000396
0.000377
0.000313
0.000274
0.000267
0.000275
0.000214
0.000262
0.000216
0.000282
0.000314
0.000247
0.000242
0.000268
0.000308
0.000288
0.000292
0.000316
0.000309
0.000250
0.000243
0.000216
0.000309
0.000253
0.000207
0.000211
0.000263
0.000300
0.000287
0.000379
0.000463
0.000418
0.000419
0.000429
0.000454
0.000437
0.000422
0.000432
0.000469
0.000407
0.000347
0.000335
0.000331
0.000352
0.000391
0.000442
0.000384
0.000445
0.000564
0.000468
0.000358
0.000416
0.000487
0.000486
0.000487
0.000503
0.000563
0.000486
0.000531
0.000573
0.000576
0.000670
0.000625
0.000592
0.000567
0.000675
0.000664
0.000535
0.000499
0.000484
0.000346
0.000476
0.000463
0.000356
0.000387
0.000298
0.000248
0.000295
0.000303
0.000250
0.000275
0.000229
0.000245
0.000271
0.000228
0.000207
0.000253
0.000285
0.000278
0.000270
0.000299
0.000305
0.000249
0.000273
0.000308
0.000230
0.000327
0.000310
0.000230
0.000195
0.000322
0.000291
0.000243
0.000480
0.000450
0.000405
0.000404
0.000393
0.000426
0.000433
0.000435
0.000409
0.000404
0.000381
0.000381
0.000297
0.000477
0.000423
0.000408
0.000489
0.000537
0.000553
0.000567
0.000475
0.000485
0.000532
0.000583
0.000462
0.000428
0.000478
0.000549
0.000573
0.000566
0.000588
0.000618
0.000594
0.000496
0.000692
0.000701
0.000587
0.000563
0.000467
0.000508
0.000371
0.000411
0.000359
0.000470
0.000403
0.000334
0.000293
0.000299
0.000291
0.000280
0.000291
0.000240
0.000262
0.000261
0.000216
0.000215
0.000234
0.000291
0.000279
0.000236
0.000276
0.000284
0.000350
0.000296
0.000391
0.000262
0.000316
0.000279
0.000289
0.000277
0.000259
0.000269
0.000275
0.000465
0.000456
0.000399
0.000330
0.000302
0.000379
0.000413
0.000414
0.000330
0.000150
0.000273
0.000267
0.000216
0.000344
0.000367
0.000387
0.000447
0.000510
0.000580
0.000559
0.000504
0.000513
0.000524
0.000527
0.000488
0.000487
0.000421
0.000510
0.000563
0.000447
0.000298
0.000452
0.000464
0.000614
0.000575
0.000634
0.000592
0.000587
0.000540
0.000396
0.000393
0.000374
0.000564
0.000529
0.000481
0.000354
0.000359
0.000262
0.000281
0.000259
0.000293
0.000247
0.000203
0.000230
0.000234
0.000195
0.000291
0.000281
0.000267
0.000247
0.000269
0.000322
0.000326
0.000308
0.000229
0.000295
0.000243
0.000232
0.000254
0.000239
0.000275
0.000252
0.001326
0.000449
0.000460
0.000405
0.000371
0.000315
0.000394
0.000434
0.000444
0.000350
0.000156
0.000274
0.000236
0.000251
0.000245
0.000393
0.000411
0.000505
0.000534
0.000571
0.000498
0.000480
0.000328
0.000447
0.000475
0.000467
0.000452
0.000488
0.000576
0.000429
0.000458
0.000510
0.000587
0.000437
0.000584
0.000629
0.000637
0.000682
0.000663
0.000630
0.000583
0.000528
0.000462
0.000479
0.000482
0.000431
0.000387
0.000292
0.000352
0.000323
0.000248
0.000250
0.000256
0.000223
0.000245
0.000237
0.000216
0.000286
0.000259
0.000314
0.000246
0.000274
0.000314
0.000363
0.000323
0.000294
0.000263
0.000288
0.000279
0.000328
0.000272
0.000297
0.000225
0.000367
0.000492
0.000455
0.000401
0.000340
0.000314
0.000342
0.000402
0.000404
0.000311
0.000162
0.000190
0.000240
0.000304
0.000326
0.000424
0.000459
0.000527
0.000530
0.000524
0.000468
0.000410
0.000346
0.000219
0.000339
0.000430
0.000451
0.000491
0.000433
0.000619
0.000560
0.000440
0.000631
0.000589
0.000632
0.000621
0.000656
0.000635
0.000649
0.000513
0.000551
0.000515
0.000495
0.000458
0.000523
0.000430
0.000412
0.000330
0.000288
0.000264
0.000281
0.000231
0.000285
0.000257
0.000196
0.000213
0.000239
0.000265
0.000257
0.000282
0.000273
0.000290
0.000305
0.000290
0.000302
0.000288
0.000237
0.000306
0.000310
0.000324
0.000276
0.000320
0.000248
0.000361
0.000448
0.000421
0.000414
0.000329
0.000308
0.000321
0.000321
0.000332
0.000361
0.000266
0.000150
0.000208
0.000348
0.000393
0.000366
0.000431
0.000480
0.000482
0.000447
0.000440
0.000520
0.000406
0.000213
0.000358
0.000404
0.000448
0.000471
0.000500
0.000470
0.000495
0.000533
0.000585
0.000603
0.000589
0.000645
0.000686
0.000671
0.000662
0.000582
0.000554
0.000505
0.000438
0.000431
0.000437
0.000452
0.000375
0.000173
0.000256
0.000220
0.000149
0.000238
0.000282
0.000299
0.000226
0.000217
0.000188
0.000245
0.000291
0.000268
0.000261
0.000284
0.000324
0.000269
0.000269
0.000296
0.000285
0.000253
0.000322
0.000262
0.000372
0.000280
0.000352
0.000195
0.000454
0.000362
0.000320
0.000322
0.000256
0.000310
0.000297
0.000353
0.000380
0.000387
0.000318
0.000328
0.000458
0.000470
0.000483
0.000457
0.000508
0.000509
0.000477
0.000371
0.000411
0.000288
0.000441
0.000422
0.000455
0.000414
0.000450
0.000518
0.000472
0.000481
0.000566
0.000603
0.000558
0.000612
0.000685
0.000749
0.000674
0.000647
0.000590
0.000538
0.000501
0.000557
0.000488
0.000423
0.000481
0.000331
0.000238
0.000037
-0.000018
0.000036
0.000187
0.000223
0.000297
0.000283
0.000232
0.000217
0.000241
0.000282
0.000311
0.000289
0.000280
0.000256
0.000280
0.000257
0.000293
0.000319
0.000273
0.000271
0.000172
0.000307
0.000388
0.000343
0.000725
0.000344
0.000344
0.000232
0.000248
0.000166
0.000223
0.000291
0.000289
0.000368
0.000369
0.000397
0.000396
0.000478
0.000460
0.000406
0.000431
0.000424
0.000457
0.000450
0.000365
0.000353
0.000293
-0.000011
-0.000422
-0.000014
0.000346
0.000409
0.000487
0.000426
0.000496
0.000523
0.000604
0.000531
0.000540
0.000729
0.000659
0.000635
0.000679
0.000566
0.000512
0.000560
0.000485
0.000421
0.000463
0.000473
0.000303
0.000350
0.000362
0.000262
0.000269
0.000194
0.000204
0.000240
0.000262
0.000196
0.000136
0.000238
0.000281
0.000327
0.000305
0.000275
0.000290
0.000289
0.000297
0.000286
0.000270
0.000259
0.000272
0.000337
0.000362
0.000333
0.000304
0.000129
0.000369
0.000334
0.000110
0.000121
0.000123
0.000197
0.000253
0.000299
0.000361
0.000428
0.000424
0.000455
0.000470
0.000523
0.000449
0.000404
0.000426
0.000403
0.000391
0.000325
0.000246
-0.000026
-0.001162
-0.003351
-0.004247
-0.001773
-0.000197
0.000369
0.000497
0.000468
0.000482
0.000548
0.000683
0.000639
0.000677
0.000651
0.000622
0.000541
0.000559
0.000514
0.000530
0.000540
0.000501
0.000532
0.000437
0.000360
0.000256
0.000399
0.000347
0.000428
0.000188
0.000188
0.000243
0.000209
0.000245
0.000202
0.000184
0.000278
0.000255
0.000352
0.000361
0.000331
0.000338
0.000293
0.000278
0.000284
0.000301
0.000270
0.000273
0.000403
0.000287
0.000272
0.000153
0.000388
0.000286
0.000156
0.000070
0.000110
0.000188
0.000287
0.000342
0.000361
0.000416
0.000378
0.000365
0.000407
0.000404
0.000424
0.000407
0.000464
0.000398
0.000329
0.000201
-0.000408
-0.000777
-0.000071
-0.000342
-0.001329
-0.001146
-0.004801
-0.001680
0.000360
0.000524
0.000513
0.000882
0.000769
0.000794
0.000666
0.000543
0.000547
0.000604
0.000583
0.000529
0.000493
0.000418
0.000517
0.000501
0.000381
-0.000291
-0.000060
0.000287
0.000204
0.000068
0.000216
0.000228
0.000242
0.000248
0.000307
0.000198
0.000194
0.000317
0.000336
0.000317
0.000368
0.000369
0.000350
0.000306
0.000304
0.000334
0.000310
0.000251
0.000266
0.000305
0.000204
0.000214
0.000232
0.000427
0.000340
0.000139
0.000157
0.000141
0.000233
0.000322
0.000367
0.000369
0.000403
0.000415
0.000373
0.000357
0.000364
0.000332
0.000340
0.000382
0.000402
0.000423
-0.000244
-0.000584
-0.000390
-0.000587
-0.003329
-0.006109
-0.001913
-0.005710
-0.009238
-0.001636
0.001958
0.002033
0.001382
0.000836
0.000757
0.000568
0.000546
0.000609
0.000626
0.000572
0.000546
0.000459
0.000356
0.000483
0.000440
0.000397
-0.000049
0.000134
0.000142
-0.000594
0.000120
0.000249
0.000293
0.000366
0.000295
0.000289
0.000241
0.000233
0.000307
0.000289
0.000308
0.000328
0.000347
0.000317
0.000248
0.000306
0.000336
0.000228
0.000291
0.000299
0.000306
0.000291
0.000281
-0.001100
0.000470
0.000425
0.000237
0.000261
0.000249
0.000242
0.000270
0.000317
0.000360
0.000403
0.000344
0.000291
0.000257
0.000260
0.000341
0.000203
0.000509
0.000478
0.000438
0.000245
0.000131
0.000026
0.000035
-0.000137
-0.000354
0.000758
-0.002251
-0.012578
0.000605
0.002159
0.002040
0.001889
0.001005
0.000636
0.000481
0.000520
0.000543
0.000577
0.000465
0.000512
0.000441
0.000413
0.000446
0.000502
0.000498
0.000406
0.000174
0.000063
0.000213
0.000173
0.000182
0.000250
0.000269
0.000327
0.000308
0.000231
0.000207
0.000208
0.000297
0.000267
0.000308
0.000292
0.000263
0.000294
0.000384
0.000339
0.000331
0.000281
0.000302
0.000340
0.000297
0.000273
0.000207
0.000498
0.000483
0.000436
0.000330
0.000328
0.000330
0.000248
0.000280
0.000329
0.000347
0.000323
0.000185
0.000181
0.000284
0.000343
0.000410
0.000542
0.000317
0.000243
0.000307
0.000186
0.000146
0.000108
0.000134
0.000026
0.000029
-0.000517
-0.001759
-0.000718
0.001332
0.001559
0.001001
0.000856
0.000454
0.000145
0.000941
0.001138
0.000701
0.000587
0.000524
0.000446
0.000525
0.000482
0.000540
0.000448
0.000401
0.000431
0.000298
0.000318
0.000231
0.000244
0.000240
0.000341
0.000348
0.000304
0.000270
0.000188
0.000168
0.000271
0.000239
0.000332
0.000296
0.000311
0.000314
0.000319
0.000344
0.000336
0.000356
0.000336
0.000333
0.000301
0.000228
0.000192
0.000456
0.000449
0.000478
0.000324
0.000312
0.000296
0.000283
0.000301
0.000329
0.000340
0.000267
0.000202
-0.000278
-0.000656
0.000294
0.000136
0.000147
0.000131
0.000163
0.000236
0.000121
0.000153
0.000203
0.000229
-0.000427
-0.011777
-0.014510
-0.006121
-0.007313
-0.006658
-0.006202
-0.005861
-0.007820
-0.001255
0.001628
0.001215
0.001916
0.001590
0.001795
0.000682
0.000552
0.000501
0.000487
0.000530
0.000455
0.000469
0.000447
0.000321
0.000299
0.000271
0.000291
0.000310
0.000301
0.000320
0.000349
0.000311
0.000266
0.000240
0.000190
0.000314
0.000252
0.000308
0.000318
0.000318
0.000341
0.000360
0.000370
0.000362
0.000322
0.000361
0.000340
0.000305
0.000292
0.000403
0.000491
0.000399
0.000298
0.000316
0.000311
0.000289
0.000308
0.000302
0.000260
0.000222
-0.001531
-0.011279
-0.004239
0.000119
0.000119
0.000125
0.000152
0.000183
0.000222
0.000232
0.000188
0.000214
0.000042
-0.015226
-0.013150
-0.012295
-0.010731
-0.007391
-0.003424
-0.006807
-0.005044
-0.003889
-0.000824
-0.000220
-0.000210
0.000184
0.000498
0.001159
0.000912
0.000698
0.000512
0.000400
0.000395
0.000452
0.000433
0.000449
0.000378
0.000278
0.000283
0.000255
0.000286
0.000305
0.000335
0.000337
0.000282
0.000181
0.000229
0.000165
0.000256
0.000314
0.000295
0.000314
0.000366
0.000309
0.000300
0.000337
0.000332
0.000374
0.000450
0.000350
0.000312
-0.000596
0.000400
0.000417
0.000378
0.000339
0.000329
0.000339
0.000370
0.000293
0.000204
0.000223
0.000282
-0.000341
-0.005432
-0.011553
-0.000289
0.000188
0.000173
0.000178
0.000199
0.000189
0.000238
0.000064
-0.000000
-0.010048
-0.010653
-0.009290
-0.009247
-0.014468
-0.010685
-0.007920
-0.006722
-0.008854
-0.003375
-0.002445
0.000132
0.000247
0.000276
0.000305
0.000822
0.001517
0.000618
0.000633
0.000434
0.000393
0.000467
0.000451
0.000403
0.000351
0.000299
0.000323
0.000271
0.000330
0.000370
0.000353
0.000355
0.000345
0.000315
0.000232
0.000143
0.000270
0.000278
0.000305
0.000319
0.000343
0.000344
0.000313
0.000394
0.000391
0.000457
0.000434
0.000360
0.000326
0.000373
0.000457
0.000422
0.000381
0.000348
0.000295
0.000287
0.000290
0.000203
0.000187
0.000227
0.000184
0.000121
-0.001370
-0.023287
-0.001584
0.000164
0.000169
0.000190
0.000223
0.000225
0.000153
-0.004607
-0.006138
-0.005381
-0.008151
-0.008773
-0.010672
-0.012011
-0.012104
-0.010651
-0.008835
-0.010056
-0.006410
-0.003697
-0.000254
0.000324
0.000286
0.000309
0.000590
0.001211
0.000709
0.000472
0.000248
-0.000169
0.000379
0.000547
0.000349
0.000350
0.000343
0.000294
0.000293
0.000295
0.000410
0.000236
0.000365
0.000372
0.000307
0.000205
0.000206
0.000245
0.000264
0.000327
0.000373
0.000362
0.000345
0.000346
0.000432
0.000425
0.000345
0.000374
0.000354
0.000391
0.000391
0.000431
0.000408
0.000376
0.000347
0.000262
0.000286
0.000298
0.000258
0.000242
0.000171
0.000144
0.000087
-0.000019
-0.003364
-0.010396
0.000139
0.000215
0.000325
0.000371
0.000267
-0.002563
-0.002735
-0.000863
0.000461
-0.002280
-0.004555
-0.006498
-0.008416
-0.012576
-0.010543
-0.008711
-0.009616
-0.009541
-0.004680
-0.000417
0.000217
0.000335
0.000490
0.000674
0.001354
0.000703
0.000252
-0.000996
-0.001663
0.000352
0.000393
0.000447
0.000351
0.000351
0.000341
0.000337
0.000330
0.000348
0.000350
0.000328
0.000392
0.000336
0.000286
0.000208
0.000230
0.000322
0.000362
0.000373
0.000419
0.000416
0.000364
0.000412
0.000356
0.000377
0.000393
0.000378
0.000282
0.000270
0.000283
0.000363
0.000413
0.000336
0.000289
0.000244
0.000273
0.000225
0.000164
0.000146
0.000132
0.000087
0.000068
-0.000305
-0.008301
-0.007776
-0.000649
0.000634
0.000458
0.001097
0.000443
0.001302
0.001249
0.001337
0.000482
-0.003170
-0.004406
-0.006267
-0.009569
-0.007562
-0.006926
-0.009020
-0.009313
-0.005763
-0.001984
-0.000196
0.000374
0.000495
0.000690
0.000844
0.000655
0.000022
-0.004566
-0.000103
0.000275
0.000275
0.000218
0.000477
0.000364
0.000337
0.000354
0.000354
0.000444
0.000400
0.000358
0.000335
0.000371
0.000323
0.000264
0.000295
0.000264
0.000321
0.000358
0.000473
0.000431
0.000397
0.000361
0.000398
0.000444
0.000428
0.000368
0.000357
0.000221
0.000294
0.000324
0.000326
0.000331
0.000268
0.000266
0.000229
0.000170
0.000147
0.000132
0.000105
0.000097
0.000076
0.000060
-0.001109
-0.004909
-0.000408
0.000114
-0.000150
-0.000705
0.000067
-0.001645
0.000877
0.000808
0.000448
-0.002930
-0.005573
-0.005851
-0.001865
-0.006850
-0.006238
-0.005887
-0.010402
-0.009982
-0.007530
-0.001612
0.000348
0.000600
0.000736
0.001348
0.000844
-0.000518
-0.001641
0.000174
0.000298
0.000160
0.000288
0.000232
0.000885
0.000350
0.000332
0.000371
0.000380
0.000456
0.000474
0.000370
0.000374
0.000324
0.000266
0.000274
0.000159
0.000442
0.000463
0.000476
0.000451
0.000449
0.000337
0.000426
0.000431
0.000380
0.000368
0.000433
0.000417
0.000248
0.000304
0.000331
0.000257
0.000257
0.000246
0.000197
0.000143
0.000108
0.000099
0.000087
0.000095
0.000082
0.000090
0.000077
-0.000120
0.000149
0.000118
0.000082
0.000053
-0.000064
-0.001557
-0.003332
-0.001130
-0.000052
-0.000280
-0.000469
0.001805
0.001913
0.001240
0.001199
-0.006592
-0.001062
-0.003376
-0.003334
-0.001459
-0.000133
0.000314
0.000309
0.000375
0.000366
0.000286
0.000309
0.000274
0.000297
0.000217
0.000284
0.000243
0.000380
0.000627
0.000360
0.000398
0.000421
0.000451
0.000482
0.000386
0.000413
0.000387
0.000392
0.000388
0.000302
0.000467
0.000503
0.000497
0.000571
0.000414
0.000425
0.000428
0.000373
0.000336
0.000375
0.000474
0.000373
0.000185
0.000274
0.000286
0.000246
0.000286
0.000246
0.000208
0.000134
0.000096
0.000087
0.000071
0.000080
0.000079
0.000069
0.000044
0.000094
0.000100
0.000096
0.000062
0.000105
0.000101
0.000112
-0.000187
-0.003750
-0.003528
-0.002439
0.001772
0.001655
0.001209
-0.000826
-0.004396
-0.006128
-0.008182
-0.007888
-0.007347
-0.005195
-0.000108
0.000393
0.000436
0.000439
0.000369
0.000341
0.000223
0.000217
0.000279
0.000216
0.000206
0.000247
0.000315
-0.000014
0.000466
0.000425
0.000454
0.000454
0.000430
0.000394
0.000406
0.000414
0.000381
0.000384
0.000403
0.000497
0.000529
0.000454
0.000465
0.000488
0.000403
0.000349
0.000346
0.000432
0.000390
0.000416
0.000330
0.000177
0.000275
0.000252
0.000335
0.000308
0.000268
0.000222
0.000133
0.000091
0.000048
0.000051
0.000053
0.000060
0.000052
0.000062
0.000063
0.000015
0.000040
0.000039
0.000065
-0.000062
-0.001429
-0.003084
-0.003890
-0.004226
-0.002912
-0.001113
0.001080
0.001200
-0.001117
-0.004698
-0.007482
-0.009087
-0.009299
-0.009661
-0.008054
-0.005566
-0.000390
-0.000242
0.000536
0.000436
0.000341
0.000218
0.000214
0.000232
-0.000159
0.000006
0.000137
0.000083
-0.000183
-0.000052
0.000456
0.000476
0.000478
0.000436
0.000400
0.000387
0.000368
0.000393
0.000374
0.000439
0.000433
0.000436
0.000330
0.000408
0.000472
0.000441
0.000355
0.000370
0.000260
0.000301
0.000330
0.000180
0.000235
0.000276
0.000320
0.000313
0.000221
0.000213
0.000193
0.000124
0.000079
0.000077
0.000024
0.000042
0.000034
0.000034
0.000040
0.000034
0.000015
0.000059
-0.000133
-0.000252
-0.001222
0.003153
0.000333
-0.003249
-0.005635
-0.004736
-0.003263
-0.000777
-0.000144
-0.001216
-0.004459
-0.008231
-0.009293
-0.009406
-0.009630
-0.009531
-0.008040
-0.006863
-0.006139
-0.000719
-0.000361
0.000429
0.000294
0.000205
0.000226
0.000281
0.000265
-0.000000
-0.000077
0.000174
0.000348
0.000204
0.000556
0.000503
0.000472
0.000397
0.000392
0.000400
0.000421
0.000434
0.000454
0.000332
0.000336
0.000356
0.000327
0.000439
0.000398
0.000308
0.000320
0.000391
0.000397
0.000330
0.000139
0.000224
0.000268
0.000282
0.000268
0.000239
0.000118
0.000146
0.000139
0.000104
0.000091
0.000031
0.000015
0.000016
0.000015
0.000016
0.000020
0.000038
-0.000618
-0.002952
-0.002951
-0.001332
0.004737
0.001058
-0.003131
-0.004263
-0.004692
-0.003682
-0.000338
-0.000836
-0.001219
-0.004287
-0.007947
-0.009676
-0.009423
-0.009806
-0.010083
-0.007417
-0.006049
-0.008367
-0.007761
-0.005229
0.000707
0.000152
0.000266
0.000357
0.000304
0.000269
-0.000074
0.000309
0.000423
0.000423
0.000403
0.000346
0.000536
0.000516
0.000464
0.000411
0.000371
0.000404
0.000481
0.000409
0.000257
0.000330
0.000374
0.000400
0.000401
0.000442
0.000357
0.000287
0.000415
0.000431
0.000224
0.000183
0.000152
0.000311
0.000271
0.000267
0.000279
0.000198
0.000171
0.000162
0.000107
0.000094
0.000020
-0.000000
-0.000001
-0.000006
-0.000009
0.000005
-0.000982
-0.003535
-0.003046
-0.003569
-0.002323
0.003180
-0.001986
-0.003290
-0.003574
-0.004373
-0.005013
-0.000331
-0.001045
-0.001249
-0.004286
-0.007445
-0.009316
-0.009425
-0.009819
-0.009982
-0.006311
-0.005655
-0.006927
-0.008172
-0.007646
-0.004781
-0.000648
0.000159
0.000702
0.000480
0.000325
0.000476
0.000679
0.000593
0.000435
0.000476
0.000583
0.000661
0.000290
0.000476
0.000280
0.000431
0.000390
0.000497
0.000473
0.000319
0.000334
0.000441
0.000498
0.000451
0.000469
0.000316
0.000318
0.000350
0.000422
0.000296
0.000170
0.000282
0.000302
0.000295
0.000296
0.000322
0.000289
0.000223
0.000140
0.000150
0.000130
0.000071
0.000027
0.000034
-0.000482
-0.000528
-0.000784
-0.003411
-0.003813
-0.003028
-0.003562
-0.004084
-0.002492
-0.003160
0.000603
-0.003089
-0.003872
-0.004573
-0.001409
-0.000331
-0.000670
-0.004290
-0.006832
-0.010306
-0.009225
-0.009593
-0.008816
-0.006792
-0.006009
-0.006160
-0.007159
-0.006431
-0.003426
-0.001077
0.000502
0.000429
0.000512
0.000516
0.000509
0.000561
0.000581
0.000511
0.000687
0.000921
0.000713
0.000589
0.000362
0.000384
0.000408
0.000469
0.000511
0.000503
0.000491
0.000490
0.000457
0.000477
0.000547
0.000498
0.000414
0.000365
0.000334
0.000331
0.000306
0.000207
0.000296
0.000310
0.000293
0.000299
0.000301
0.000372
0.000270
0.000360
0.000433
0.000076
0.000035
-0.000110
-0.000519
-0.003008
-0.003792
-0.003494
-0.003717
-0.004169
-0.004119
-0.003887
-0.003772
-0.003345
-0.001689
-0.000650
0.000515
-0.003198
-0.005270
-0.002341
-0.002735
-0.001420
-0.004295
-0.007026
-0.008622
-0.008884
-0.008389
-0.008283
-0.006533
-0.005965
-0.004958
-0.005627
-0.005567
-0.002109
-0.000340
0.000736
0.000403
0.000603
0.000564
0.000554
0.000615
0.000747
0.000906
0.001807
0.000654
0.000499
0.000755
0.000580
0.000467
0.000339
0.000512
0.000507
0.000521
0.000460
0.000422
0.000470
0.000472
0.000511
0.000432
0.000428
0.000306
0.000287
0.000247
0.000252
0.000285
0.000302
0.000314
0.000295
0.000293
0.000333
0.000285
0.000304
0.000386
0.000369
0.000358
0.000410
0.000070
-0.000042
-0.002826
-0.003752
-0.003812
-0.003560
-0.003339
-0.003194
-0.003445
-0.002953
-0.000108
-0.000042
-0.000089
0.000063
0.000113
0.000630
0.000958
0.000604
-0.002371
-0.004222
-0.007211
-0.008283
-0.008702
-0.007907
-0.007826
-0.007530
-0.005135
-0.002780
-0.002129
-0.001417
-0.000473
0.000767
0.000605
0.000069
0.000540
0.000625
0.000536
0.000347
0.000729
0.001192
0.000631
0.000380
0.000446
0.000603
0.000515
0.000446
0.000346
0.000481
0.000408
0.000215
0.000482
0.000435
0.000454
0.000536
0.000504
0.000442
0.000444
0.000398
0.000397
0.000322
0.000350
0.000451
0.000260
0.000307
0.000269
0.000267
0.000317
0.000319
0.000328
0.000284
0.000315
0.000347
0.000340
0.000290
0.000266
0.000253
0.000117
-0.001843
-0.001753
-0.000016
-0.000077
-0.000181
-0.000084
0.000195
0.000204
0.000216
0.000223
0.000229
0.000267
0.000273
0.000301
0.000198
0.000275
-0.007023
-0.007973
-0.007997
-0.007804
-0.008098
-0.006402
-0.003613
-0.000442
0.000487
0.000628
0.000632
0.000962
0.000480
0.000372
0.000179
0.000387
0.000577
0.000424
0.000572
0.000252
-0.000154
-0.000930
-0.001356
-0.000880
-0.000182
0.000088
0.000397
0.000553
0.000347
0.000335
0.000311
0.000172
0.000453
0.000510
0.000482
0.000508
0.000481
0.000454
0.000410
0.000403
0.000418
0.000407
0.000210
0.000305
0.000248
0.000274
0.000327
0.000282
0.000301
0.000292
0.000317
0.000306
0.000295
0.000258
0.000174
0.000136
0.000219
0.000016
-0.000182
0.000204
0.000229
0.000219
0.000203
0.000210
0.000212
0.000237
0.000172
0.000250
0.000250
0.000240
0.000248
0.000072
-0.000031
0.000838
0.000637
0.000395
0.000156
0.000139
0.000360
-0.001073
0.000401
0.000576
0.000640
0.001126
0.001255
0.000512
0.000250
0.000216
0.000395
0.000455
0.000433
0.000183
-0.000117
-0.004518
-0.006003
-0.002534
-0.002265
-0.003032
-0.000122
0.000298
-0.000139
-0.001068
0.000077
0.000472
0.000333
0.000292
0.000332
0.000358
0.000437
0.000418
0.000401
0.000341
0.000366
0.000418
0.000509
0.000328
0.000339
0.000301
0.000199
0.000185
0.000240
0.000319
0.000305
0.000350
0.000247
0.000302
0.000273
0.000295
0.000190
0.000212
0.000281
0.000226
0.000218
0.000236
0.000223
0.000202
0.000216
0.000218
0.000220
0.000163
0.000243
0.000232
0.000233
-0.000063
0.000124
0.000239
0.000381
0.000406
0.000363
0.000520
0.000572
0.000616
0.000644
0.000648
0.000656
0.000807
0.000687
0.001301
0.000690
0.000449
0.000212
0.000308
0.000348
0.000079
-0.000301
-0.000424
0.000631
0.000452
0.000516
0.000531
0.000288
-0.000755
0.000138
0.000466
0.000346
0.000515
0.000504
0.000317
0.000530
0.000484
0.000302
0.000312
0.000340
0.000295
0.000365
0.000371
0.000418
0.000447
0.000328
0.000336
0.000301
0.000199
0.000174
0.000298
0.000375
0.000360
0.000356
0.000291
0.000397
0.000369
0.000359
0.000289
0.000250
0.000220
0.000265
0.000226
0.000257
0.000229
0.000203
0.000200
0.000240
0.000220
0.000127
0.000199
0.000233
0.000193
0.000133
0.000202
0.000265
0.000309
0.000244
0.000396
0.000496
0.000582
0.000665
0.000634
0.000616
0.000584
0.000489
0.000469
0.000586
0.000552
0.000534
0.000267
-0.000346
-0.000635
-0.000689
-0.001113
-0.000657
0.000692
0.000590
0.000549
0.000566
0.000529
0.000431
0.000451
0.000468
0.000440
0.000548
0.000532
0.000364
0.000574
0.000469
0.000236
0.000270
0.000426
0.000431
0.000415
0.000323
0.000425
0.000352
0.000326
0.000326
0.000319
0.000225
0.000260
0.000463
0.000432
0.000487
0.000417
0.000438
0.000422
0.000393
0.000363
0.000304
0.000224
0.000202
0.000278
0.000238
0.000235
0.000192
0.000201
0.000224
0.000249
0.000262
0.000180
0.000160
0.000176
0.000172
0.000180
0.000098
0.000261
0.000346
0.000394
0.000373
0.000495
0.000634
0.000515
0.000520
0.000600
0.000499
0.000368
0.000475
0.000555
0.000580
0.000485
0.000732
-0.000428
-0.001750
-0.001673
-0.001115
0.000566
0.001030
0.000587
0.000510
0.000525
0.000501
0.000534
0.000534
0.000578
0.000569
0.000462
0.000426
0.000484
0.000461
0.000462
0.000362
0.000388
0.000517
0.000462
0.000397
0.000509
0.000502
0.000454
0.000355
0.000349
0.000185
0.000344
0.000360
0.000502
0.000439
0.000446
0.000435
0.000490
0.000376
0.000351
0.000346
0.000357
0.000242
0.000219
0.000208
0.000253
0.000227
0.000240
0.000239
0.000242
0.000299
0.000261
0.000213
0.000190
0.000175
0.000163
0.000172
0.000190
0.000267
0.000372
0.000402
0.000414
0.000510
0.000484
0.000367
0.000487
0.000516
0.000400
0.000259
0.000401
0.000517
0.000631
0.000557
0.000544
0.000794
-0.000254
0.000788
0.000933
0.001356
0.007614
0.001640
0.000548
0.000483
0.000511
0.000553
0.000599
0.000557
0.000441
0.000504
0.000379
0.000317
0.000408
0.000448
0.000454
0.000487
0.000574
0.000408
0.000508
0.000478
0.000414
0.000475
0.000519
0.000315
0.000375
0.000454
0.000468
0.000508
0.000474
0.000529
0.000493
0.000502
0.000426
0.000326
0.000317
0.000358
0.000349
0.000225
0.000199
0.000240
0.000238
0.000272
0.000297
0.000241
0.000324
0.000337
0.000278
0.000266
0.000236
0.000219
0.000229
0.000146
0.000262
0.000378
0.000395
0.000447
0.000520
0.000463
0.000334
0.000454
0.000478
0.000463
0.000430
0.000367
0.000465
0.000535
0.000551
0.000547
0.000444
0.000534
0.000706
0.001317
0.001297
0.005977
0.000854
0.000601
0.000565
0.000592
0.000633
0.000585
0.000484
0.000400
0.000468
0.000420
0.000413
0.000472
0.000490
0.000502
0.000508
0.000484
0.000334
0.000400
0.000367
0.000410
0.000349
0.000480
0.000232
0.000414
0.000522
0.000500
0.000501
0.000540
0.000493
0.000501
0.000501
0.000449
0.000297
0.000300
0.000389
0.000350
0.000237
0.000241
0.000255
0.000253
0.000270
0.000260
0.000243
0.000283
0.000281
0.000289
0.000189
0.000140
0.000250
0.000366
0.000312
0.000325
0.000448
0.000429
0.000456
0.000487
0.000450
0.000420
0.000542
0.000614
0.000529
0.000477
0.000475
0.000557
0.000503
0.000471
0.000450
0.000437
0.000453
0.000569
0.000654
0.000439
0.002970
0.000683
0.000543
0.000598
0.000626
0.000600
0.000601
0.000550
0.000425
0.000441
0.000462
0.000455
0.000480
0.000466
0.000512
0.000462
0.000389
0.000352
0.000312
0.000382
0.000391
0.000412
0.000417
0.000372
0.000375
0.000428
0.000333
0.000453
0.000486
0.000438
0.000458
0.000475
0.000510
0.000416
0.000302
0.000294
0.000305
0.000231
0.000254
0.000260
0.000285
0.000306
0.000306
0.000221
0.000330
0.000302
0.000372
0.000244
0.000230
0.000292
0.000335
0.000365
0.000334
0.000546
0.000515
0.000373
0.000395
0.000338
0.000409
0.000547
0.000595
0.000598
0.000555
0.000507
0.000447
0.000447
0.000432
0.000478
0.000508
0.000491
0.000495
0.000571
0.000497
-0.001541
0.001686
0.000608
0.000616
0.000605
0.000608
0.000559
0.000583
0.000499
0.000392
0.000470
0.000397
0.000446
0.000455
0.000494
0.000427
0.000377
0.000379
0.000274
0.000314
0.000403
0.000370
0.000443
0.000443
0.000427
0.000425
0.000540
0.000420
0.000496
0.000431
0.000340
0.000423
0.000483
0.000417
0.000338
0.000284
0.000186
0.000216
0.000245
0.000283
0.000262
0.000254
0.000257
0.000341
0.000182
0.000328
0.000298
0.000273
0.000284
0.000358
0.000306
0.000329
0.000374
0.000508
0.000541
0.000395
0.000407
0.000365
0.000498
0.000502
0.000626
0.000597
0.000583
0.000559
0.000485
0.000410
0.000471
0.000530
0.000527
0.000459
0.000418
0.000509
0.000528
0.000470
0.000580
0.000610
0.000689
0.000646
0.000397
0.000377
0.000284
0.000430
0.000337
0.000230
0.000343
0.000374
0.000757
0.000407
0.000383
0.000392
0.000317
0.000224
0.000336
0.000391
0.000354
0.000518
0.000599
0.000539
0.000558
0.000499
0.000547
0.000510
0.000423
0.000307
0.000288
0.000402
0.000401
0.000279
0.000325
0.000288
0.000325
0.000320
0.000320
0.000277
0.000253
0.000294
0.000418
0.000381
0.000229
0.000334
0.000312
0.000274
0.000335
0.000348
0.000405
0.000504
0.000598
0.000640
0.000645
0.000636
0.000354
0.000329
0.000507
0.000580
0.000642
0.000578
0.000543
0.000460
0.000378
0.000316
0.000328
0.000322
0.000458
0.000473
0.000505
0.000518
0.000588
0.000640
0.000663
0.000577
0.000522
-0.000237
0.000420
0.000605
0.000383
0.000155
-0.000354
0.000447
0.000498
0.000477
0.000398
0.000353
0.000214
0.000260
0.000214
0.000273
0.000346
0.000383
