0.000734
0.001003
0.000988
0.000632
0.000980
0.000962
0.000754
0.000438
0.000259
0.000195
0.000258
-0.000603
0.000508
0.000809
0.001016
0.000941
0.000655
0.000726
0.000589
0.000189
0.000086
0.000183
0.000382
0.000638
0.000891
0.001095
0.001108
0.001185
0.000922
0.000715
0.000574
0.000442
0.000445
0.000482
0.000604
0.000676
0.000894
0.000898
0.000945
0.000880
0.000905
0.000916
0.000672
0.000590
0.000634
0.000556
0.000609
0.000542
0.000595
0.000425
0.000179
0.000319
0.000570
0.000627
0.000486
0.000686
0.000693
0.000663
0.000779
0.000597
0.000473
0.000418
0.000560
0.000789
0.000921
0.000950
-0.001158
0.000780
0.000673
0.000548
0.000061
0.000858
0.000195
0.000544
0.000690
0.000719
0.000807
0.000693
0.000844
0.000812
0.000911
0.000832
0.000937
0.000950
0.000899
0.000841
0.000955
0.000978
0.000832
0.000717
0.000815
0.000787
0.000551
0.000425
0.000370
0.000511
0.000708
0.000811
0.000923
0.000985
0.001058
0.000966
0.001076
0.001033
0.000988
0.000909
0.000930
0.000961
0.001051
0.001069
0.000817
0.000947
0.000864
0.000753
0.000690
0.000691
0.000681
0.000673
0.000706
0.000592
0.000502
0.000544
0.000533
0.000461
0.000316
0.000540
0.000521
0.000591
0.000667
0.000627
0.000577
0.000729
0.000642
0.000543
0.000500
0.000680
0.000594
0.000592
0.000617
0.000582
0.000678
0.000522
0.000518
0.000401
0.000463
0.000824
0.000755
0.000719
0.000770
0.000910
0.000971
0.000670
0.000828
0.000850
0.000910
0.000896
0.000867
0.001055
0.000835
0.000980
0.000841
0.000893
0.000752
0.000844
0.000748
0.000606
0.000483
0.000503
0.000537
0.000556
0.000669
0.000846
0.000895
0.000945
0.000932
0.000929
0.001094
0.001012
0.000912
0.000907
0.000960
0.001034
0.000955
0.000870
0.000909
0.000748
0.000734
0.000823
0.000674
0.000645
0.000674
0.000746
0.000688
0.000600
0.000550
0.000489
0.000596
0.000490
0.000597
0.000661
0.000669
0.000683
0.000652
0.000679
0.000726
0.000740
0.000630
0.000664
0.000591
0.000553
0.000542
0.000515
0.000554
0.000503
0.000460
0.000482
0.000424
0.000607
0.000863
0.000765
0.000790
0.000800
0.000871
0.000874
0.000838
0.000828
0.000892
0.000854
0.000989
0.000817
0.000899
0.000692
0.000802
0.000675
0.000655
0.000667
0.000916
0.000840
0.000698
0.000606
0.000653
0.000533
0.000490
0.000585
0.000899
0.001031
0.001018
0.000894
0.000948
0.000992
0.000962
0.001026
0.000898
0.001028
0.000931
0.001133
0.001000
0.000703
0.000597
0.000693
0.000823
0.000779
0.000818
0.000719
0.000679
0.000727
0.000630
0.000425
0.000522
0.000514
0.000529
0.000588
0.000576
0.000649
0.000664
0.000647
0.000614
0.000742
0.000709
0.000663
0.000669
0.000534
0.000547
0.000508
0.000444
0.000422
0.000524
0.000555
0.000575
0.000512
0.000454
0.000859
0.000794
0.000817
0.000842
0.000840
0.000826
0.000763
0.000737
0.000883
0.000947
0.000897
0.000889
0.000890
0.000722
0.000767
0.000794
0.000686
0.000701
0.000873
0.000785
0.000814
0.000687
0.000739
0.000753
0.000398
0.000633
0.000968
0.000963
0.001008
0.000928
0.000936
0.001015
0.000972
0.000957
0.000855
0.000927
0.000878
0.000829
0.000936
0.000873
0.000731
0.000815
0.000980
0.000839
0.000847
0.000622
0.000531
0.000608
0.000577
0.000627
0.000510
0.000526
0.000545
0.000657
0.000702
0.000649
0.000489
0.000661
0.000607
0.000667
0.000699
0.000577
0.000613
0.000548
0.000524
0.000418
0.000454
0.000478
0.000651
0.000623
0.000553
0.000650
0.000502
-0.002169
0.000824
0.000653
0.000836
0.000805
0.000815
0.000787
0.000766
0.000846
0.001000
0.000908
0.000807
0.000683
0.000657
0.000519
0.000682
0.000844
0.000877
0.000934
0.000837
0.000791
0.000636
0.000734
0.000773
0.000575
0.000664
0.000934
0.001069
0.000876
0.000919
0.000856
0.000987
0.001055
0.001034
0.001020
0.000859
0.000946
0.001070
0.000872
0.000984
0.000788
0.000522
0.000939
0.000847
0.000797
0.000768
0.000650
0.000569
0.000558
0.000563
0.000284
0.000548
0.000478
0.000617
0.000686
0.000535
0.000526
0.000579
0.000666
0.000622
0.000632
0.000681
0.000666
0.000540
0.000533
0.000474
0.000673
0.000554
0.000454
0.000472
0.000582
0.000644
0.000581
0.000809
0.000813
0.000696
0.000719
0.000727
0.000821
0.000771
0.000758
0.000798
0.000902
0.000774
0.000663
0.000646
0.000637
0.000677
0.000750
0.000846
0.000739
0.000852
0.001066
0.000891
0.000683
0.000775
0.000888
0.000878
0.000876
0.000900
0.000996
0.000857
0.000920
0.000969
0.000963
0.001119
0.001041
0.000983
0.000947
0.001131
0.001112
0.000909
0.000876
0.000871
0.000634
0.000881
0.000884
0.000710
0.000784
0.000626
0.000517
0.000616
0.000639
0.000529
0.000592
0.000515
0.000542
0.000593
0.000504
0.000452
0.000553
0.000616
0.000599
0.000583
0.000645
0.000660
0.000547
0.000590
0.000668
0.000505
0.000711
0.000675
0.000512
0.000425
0.000673
0.000637
0.000530
0.000794
0.000772
0.000723
0.000745
0.000694
0.000779
0.000797
0.000809
0.000787
0.000771
0.000733
0.000730
0.000573
0.000914
0.000811
0.000783
0.000931
0.001020
0.001051
0.001076
0.000902
0.000908
0.000981
0.001063
0.000840
0.000771
0.000854
0.000968
0.000993
0.000954
0.000982
0.001024
0.000987
0.000821
0.001148
0.001167
0.000978
0.000932
0.000803
0.000904
0.000673
0.000750
0.000680
0.000908
0.000809
0.000692
0.000615
0.000634
0.000626
0.000560
0.000621
0.000526
0.000582
0.000579
0.000483
0.000470
0.000510
0.000631
0.000605
0.000511
0.000593
0.000617
0.000760
0.000643
0.000847
0.000575
0.000698
0.000610
0.000633
0.000601
0.000574
0.000596
0.000591
0.000782
0.000772
0.000720
0.000616
0.000543
0.000707
0.000743
0.000748
0.000605
0.000259
0.000521
0.000515
0.000416
0.000656
0.000703
0.000736
0.000849
0.000973
0.001102
0.001070
0.000967
0.000975
0.000988
0.000977
0.000897
0.000887
0.000762
0.000908
0.000977
0.000746
0.000493
0.000741
0.000760
0.001007
0.000940
0.001040
0.000969
0.000958
0.000895
0.000693
0.000699
0.000676
0.001036
0.001009
0.000948
0.000732
0.000778
0.000777
0.000895
0.000438
0.000617
0.000541
0.000459
0.000511
0.000519
0.000437
0.000629
0.000608
0.000576
0.000530
0.000582
0.000690
0.000708
0.000669
0.000504
0.000646
0.000530
0.000508
0.000560
0.000545
0.000610
0.000570
0.001326
0.000736
0.000779
0.000672
0.000661
0.000546
0.000718
0.000775
0.000809
0.000643
0.000280
0.000518
0.000460
0.000487
0.000475
0.000749
0.000788
0.000958
0.001019
0.001092
0.000958
0.000931
0.000642
0.000849
0.000888
0.000864
0.000830
0.000887
0.001029
0.000745
0.000763
0.000835
0.000958
0.000716
0.000927
0.001018
0.001029
0.001102
0.001067
0.001016
0.000960
0.000905
0.000824
0.000873
0.000920
0.000866
0.000825
0.001169
0.001536
0.000803
0.000195
0.000516
0.000556
0.000493
0.000544
0.000522
0.000476
0.000621
0.000563
0.000675
0.000528
0.000587
0.000676
0.000785
0.000701
0.000640
0.000575
0.000628
0.000606
0.000724
0.000610
0.000663
0.000516
0.000802
0.000785
0.000750
0.000664
0.000592
0.000554
0.000610
0.000727
0.000730
0.000570
0.000298
0.000366
0.000466
0.000587
0.000637
0.000810
0.000874
0.001006
0.001014
0.001005
0.000911
0.000808
0.000678
0.000435
0.000649
0.000805
0.000840
0.000904
0.000785
0.001052
0.000930
0.000720
0.001025
0.000943
0.001016
0.000999
0.001055
0.001018
0.001034
0.000807
0.000865
0.000868
0.000854
0.000822
0.000976
0.000851
0.000899
0.001508
0.000784
0.000562
0.000591
-0.000363
0.000559
0.000561
0.000430
0.000476
0.000525
0.000577
0.000549
0.000605
0.000588
0.000629
0.000658
0.000628
0.000654
0.000626
0.000521
0.000668
0.000672
0.000715
0.000632
0.000727
0.000569
0.000795
0.000718
0.000682
0.000693
0.000568
0.000564
0.000576
0.000577
0.000602
0.000661
0.000481
0.000282
0.000404
0.000678
0.000761
0.000713
0.000827
0.000923
0.000927
0.000870
0.000865
0.001015
0.000811
0.000444
0.000726
0.000767
0.000843
0.000876
0.000918
0.000832
0.000838
0.000871
0.000949
0.000974
0.000945
0.001029
0.001092
0.001063
0.001042
0.000904
0.000836
0.000786
0.000719
0.000744
0.000809
0.000877
0.000741
0.000630
0.000777
0.000344
-0.000117
0.000368
0.000610
0.000649
0.000491
0.000478
0.000411
0.000535
0.000631
0.000576
0.000565
0.000614
0.000700
0.000580
0.000589
0.000647
0.000619
0.000554
0.000698
0.000586
0.000843
0.000639
0.000770
0.000461
0.000729
0.000579
0.000531
0.000538
0.000452
0.000554
0.000524
0.000633
0.000692
0.000713
0.000591
0.000626
0.000876
0.000897
0.000921
0.000870
0.000969
0.000978
0.000927
0.000741
0.000824
0.000609
0.000893
0.000843
0.000909
0.000796
0.000842
0.000960
0.000862
0.000826
0.000926
0.000970
0.000892
0.000972
0.001083
0.001178
0.001057
0.001001
0.000897
0.000774
0.000705
0.000883
0.000809
0.000749
0.000907
0.000639
0.000210
-0.000842
-0.002911
-0.001519
0.000341
0.000492
0.000648
0.000618
0.000504
0.000477
0.000518
0.000607
0.000670
0.000621
0.000603
0.000557
0.000613
0.000563
0.000639
0.000689
0.000594
0.000590
0.000385
0.000696
0.000887
0.000775
0.000725
0.000526
0.000535
0.000361
0.000409
0.000283
0.000392
0.000518
0.000511
0.000668
0.000667
0.000721
0.000747
0.000910
0.000886
0.000786
0.000834
0.000822
0.000887
0.000880
0.000732
0.000734
0.000131
-0.001868
-0.002190
-0.001280
-0.000213
0.000214
0.000652
0.000688
0.000867
0.000858
0.000961
0.000838
0.000842
0.001140
0.001029
0.000984
0.001035
0.000833
0.000695
0.000737
0.000655
0.000666
0.000789
0.000875
0.000448
0.001010
0.000511
0.000230
0.000744
0.000392
0.000422
0.000528
0.000571
0.000426
0.000311
0.000515
0.000609
0.000703
0.000663
0.000595
0.000625
0.000634
0.000649
0.000624
0.000593
0.000570
0.000591
0.000744
0.000809
0.000767
0.000706
0.000336
0.000566
0.000498
0.000143
0.000192
0.000199
0.000339
0.000439
0.000529
0.000652
0.000772
0.000768
0.000851
0.000892
0.000996
0.000865
0.000788
0.000828
0.000793
0.000780
0.000669
0.000401
-0.001846
-0.011573
-0.014494
-0.016062
-0.017529
-0.013357
-0.006161
-0.000412
0.000841
0.000682
0.000670
0.000968
0.000982
0.001043
0.001005
0.000950
0.000812
0.000793
0.000657
0.000616
0.000626
0.000736
0.000874
0.000790
0.000939
0.001545
0.001771
0.001323
0.001040
-0.002621
-0.000056
0.000542
0.000465
0.000529
0.000430
0.000402
0.000601
0.000557
0.000760
0.000784
0.000717
0.000732
0.000640
0.000607
0.000622
0.000656
0.000590
0.000608
0.000904
0.000663
0.000619
0.000373
0.000583
0.000433
0.000215
0.000102
0.000173
0.000315
0.000496
0.000602
0.000639
0.000732
0.000669
0.000670
0.000772
0.000783
0.000824
0.000795
0.000899
0.000788
0.000676
0.000305
-0.002762
-0.004100
-0.001669
-0.008386
-0.011292
-0.008474
-0.024243
-0.033178
-0.014678
-0.006801
-0.003579
-0.006463
0.000271
0.001197
0.001014
0.000832
0.000833
0.000888
0.000786
0.000628
0.000490
0.000377
0.000670
0.000820
0.000654
-0.000595
0.000636
0.000692
0.000453
-0.000934
-0.000826
0.000345
0.000530
0.000538
0.000668
0.000436
0.000429
0.000692
0.000728
0.000689
0.000798
0.000794
0.000761
0.000668
0.000670
0.000727
0.000683
0.000547
0.000595
0.000692
0.000485
0.000510
0.000563
0.000647
0.000510
0.000193
0.000244
0.000218
0.000383
0.000548
0.000637
0.000634
0.000696
0.000719
0.000670
0.000675
0.000706
0.000656
0.000674
0.000662
0.000691
0.000786
-0.001306
-0.002964
-0.002525
-0.014162
-0.012415
-0.015344
-0.012884
-0.016606
-0.042016
-0.031920
-0.002199
0.001344
0.001339
0.001140
0.001125
0.000862
0.000834
0.000923
0.000931
0.000780
0.000629
0.000378
0.000209
0.000549
0.000701
0.000671
-0.000773
0.000929
0.000298
-0.006344
-0.002651
0.000205
0.000649
0.000791
0.000642
0.000634
0.000534
0.000510
0.000666
0.000630
0.000672
0.000714
0.000756
0.000690
0.000546
0.000673
0.000738
0.000492
0.000645
0.000662
0.000697
0.000669
0.000662
-0.001100
0.000709
0.000656
0.000354
0.000399
0.000399
0.000394
0.000449
0.000533
0.000611
0.000683
0.000584
0.000502
0.000479
0.000508
0.000541
0.000320
0.001067
0.001087
0.000998
0.000634
0.000403
0.000286
-0.000447
-0.000719
-0.000894
0.001949
-0.004585
-0.025682
-0.000621
0.002281
0.002144
0.002090
0.001286
0.000942
0.000771
0.001006
0.000989
0.000962
0.000655
0.000645
0.000488
0.000431
0.000599
0.000855
0.000914
0.000698
-0.000870
-0.001392
0.000005
0.000312
0.000401
0.000552
0.000590
0.000714
0.000679
0.000514
0.000463
0.000456
0.000652
0.000585
0.000675
0.000635
0.000578
0.000638
0.000840
0.000749
0.000717
0.000625
0.000674
0.000770
0.000678
0.000640
0.000511
0.000750
0.000729
0.000663
0.000506
0.000514
0.000541
0.000410
0.000462
0.000547
0.000579
0.000538
0.000301
0.000309
0.000475
0.000783
0.000882
0.001118
0.000731
0.000719
0.000828
0.000652
0.000600
0.000505
0.000493
0.000063
0.000598
-0.000119
-0.009217
-0.004077
0.000165
0.000528
0.001022
0.001122
0.001076
0.001735
0.006394
0.006321
0.002974
0.001486
0.000916
0.000414
0.000668
0.000735
0.000944
0.000850
0.000783
0.000802
0.000571
0.000661
0.000496
0.000541
0.000530
0.000748
0.000763
0.000673
0.000594
0.000418
0.000370
0.000600
0.000529
0.000725
0.000644
0.000672
0.000683
0.000704
0.000763
0.000748
0.000795
0.000752
0.000751
0.000696
0.000546
0.000473
0.000674
0.000670
0.000729
0.000485
0.000477
0.000476
0.000467
0.000499
0.000546
0.000564
0.000436
0.000324
-0.000016
-0.000970
0.000650
0.000147
0.000336
0.000360
0.000609
0.000821
0.000549
0.000647
0.000778
0.000801
-0.000338
-0.014879
-0.016421
-0.014839
-0.011745
-0.011118
-0.019542
-0.008370
-0.008432
0.003543
0.016782
0.018610
0.021010
0.013799
0.007675
0.002111
0.000862
0.000757
0.000796
0.000938
0.000868
0.000913
0.000907
0.000674
0.000641
0.000586
0.000633
0.000674
0.000667
0.000705
0.000769
0.000684
0.000578
0.000531
0.000424
0.000691
0.000554
0.000679
0.000697
0.000701
0.000748
0.000802
0.000828
0.000814
0.000729
0.000815
0.000775
0.000697
0.000671
0.000591
0.000731
0.000597
0.000441
0.000478
0.000495
0.000473
0.000506
0.000495
0.000425
0.000358
-0.001173
-0.010583
-0.003078
-0.000540
0.000032
0.000427
0.000596
0.000686
0.000801
0.000854
0.000719
0.000804
0.000437
-0.019886
-0.019861
-0.018236
-0.016664
-0.008246
-0.002550
-0.008975
-0.004985
-0.001628
0.003619
0.007875
0.011909
0.014064
0.007359
0.006334
0.004000
0.001610
0.000971
0.000768
0.000750
0.000882
0.000873
0.000920
0.000793
0.000594
0.000612
0.000559
0.000631
0.000675
0.000742
0.000748
0.000631
0.000413
0.000508
0.000376
0.000576
0.000695
0.000659
0.000693
0.000807
0.000682
0.000675
0.000762
0.000751
0.000849
0.001019
0.000798
0.000717
-0.000596
0.000588
0.000619
0.000560
0.000504
0.000494
0.000521
0.000592
0.000475
0.000330
0.000364
0.000476
-0.000235
-0.005315
-0.008002
-0.004241
-0.000212
0.000534
0.000631
0.000708
0.000704
0.000824
0.000505
-0.000096
-0.012167
-0.010417
-0.010594
-0.012774
-0.015666
-0.009849
-0.007023
-0.005311
-0.006404
-0.002201
-0.001725
0.003762
0.004314
0.005303
0.008237
0.004802
0.005732
0.002430
0.002960
0.002110
0.000989
0.000937
0.000915
0.000830
0.000744
0.000651
0.000707
0.000604
0.000729
0.000822
0.000781
0.000790
0.000767
0.000699
0.000523
0.000328
0.000609
0.000620
0.000685
0.000713
0.000763
0.000744
0.000706
0.000898
0.000892
0.001036
0.000994
0.000820
0.000757
0.000898
0.000671
0.000626
0.000566
0.000519
0.000437
0.000438
0.000457
0.000325
0.000304
0.000379
0.000340
0.000237
-0.001053
-0.019267
0.004234
-0.000911
0.000167
0.000442
0.000483
0.000464
0.000510
-0.002546
-0.007221
-0.007804
-0.004660
-0.003152
-0.007118
-0.009713
-0.011520
-0.009500
-0.006954
-0.009638
-0.006965
-0.003903
-0.001011
0.001137
0.001132
0.006012
0.003595
0.003676
0.002355
0.002136
0.002413
0.003189
0.002390
0.002398
0.000733
0.000752
0.000749
0.000650
0.000650
0.000659
0.000909
0.000535
0.000824
0.000831
0.000697
0.000473
0.000465
0.000559
0.000594
0.000736
0.000828
0.000794
0.000776
0.000780
0.000990
0.000970
0.000795
0.000856
0.000815
0.000915
0.000898
0.000631
0.000597
0.000556
0.000515
0.000392
0.000435
0.000468
0.000411
0.000395
0.000310
0.000263
0.000170
0.000065
-0.003084
-0.009159
0.000308
-0.001120
0.000280
0.000514
0.000617
0.000493
-0.000926
-0.002149
-0.000507
-0.000713
-0.000314
-0.002553
-0.005809
-0.013123
-0.006594
-0.005695
-0.010381
-0.011879
-0.005374
-0.001199
0.000252
0.001142
0.007588
0.004055
0.004604
0.001822
0.001449
0.000195
0.004429
0.009417
0.012344
0.002247
0.000739
0.000771
0.000759
0.000754
0.000741
0.000783
0.000789
0.000753
0.000883
0.000762
0.000648
0.000480
0.000525
0.000724
0.000775
0.000811
0.000943
0.000943
0.000832
0.000942
0.000817
0.000866
0.000901
0.000867
0.000670
0.000658
0.000415
0.000531
0.000611
0.000502
0.000434
0.000370
0.000422
0.000358
0.000291
0.000265
0.000242
0.000164
0.000152
-0.000222
-0.008242
-0.005324
-0.000746
0.000879
0.001389
0.004717
0.005629
0.011498
0.004529
0.002995
0.004846
0.001049
-0.000293
-0.002768
-0.009656
-0.003082
-0.000346
-0.009063
-0.011945
-0.007305
-0.003916
-0.000484
0.001861
0.002690
0.003210
0.002129
0.001447
0.000411
-0.005558
0.004032
0.006263
0.005478
0.001021
0.002226
0.000793
0.000763
0.000803
0.000803
0.000999
0.000908
0.000819
0.000766
0.000846
0.000742
0.000611
0.000668
0.000595
0.000719
0.000795
0.001080
0.000987
0.000911
0.000832
0.000916
0.001013
0.000976
0.000844
0.000836
0.000540
0.000428
0.000473
0.000479
0.000496
0.000406
0.000408
0.000356
0.000296
0.000260
0.000235
0.000189
0.000179
0.000150
0.000134
-0.001074
-0.004111
-0.000003
0.000337
0.000056
-0.000367
0.002316
0.006779
0.011215
0.003589
0.001925
0.001418
-0.003193
-0.007640
-0.005940
-0.005314
-0.000563
-0.002511
-0.011894
-0.011188
-0.010545
-0.004646
0.000772
0.000796
0.001789
0.003403
0.000761
-0.001424
-0.002151
0.000571
0.003258
0.000706
0.001068
0.004235
0.004387
0.000007
0.000661
0.000853
0.000872
0.001033
0.001077
0.000849
0.000863
0.000750
0.000623
0.000636
0.000376
0.000993
0.001071
0.001110
0.001037
0.001030
0.000775
0.000982
0.000989
0.000879
0.000846
0.001039
0.000961
0.000357
0.000441
0.000479
0.000383
0.000391
0.000379
0.000306
0.000235
0.000190
0.000182
0.000164
0.000177
0.000157
0.000169
0.000140
-0.000049
0.000137
0.000042
-0.000016
-0.000050
-0.000108
-0.001483
-0.003177
-0.001096
0.000091
0.000264
-0.000604
0.002344
0.003151
0.003502
0.003271
-0.011926
0.002166
-0.004076
-0.005618
-0.004508
-0.006839
-0.001945
-0.002274
-0.005098
-0.010216
-0.010662
-0.004014
-0.002949
-0.001067
0.000757
0.006428
0.017006
0.023513
-0.002024
0.000302
0.000916
0.000972
0.001033
0.001105
0.000885
0.000948
0.000894
0.000909
0.000897
0.000701
0.001072
0.001257
0.001280
0.001335
0.000954
0.000968
0.000994
0.000880
0.000871
0.000875
0.001112
0.000916
0.000256
0.000395
0.000404
0.000354
0.000431
0.000381
0.000326
0.000218
0.000158
0.000158
0.000130
0.000149
0.000149
0.000123
0.000067
0.000120
0.000077
0.000015
-0.000032
0.000006
0.000011
0.000116
-0.000354
-0.003544
-0.005669
-0.007640
0.000902
0.003558
0.004485
-0.006429
-0.012620
-0.012783
-0.013507
-0.013503
-0.016325
-0.011976
-0.008334
-0.004087
-0.003697
-0.004707
-0.009672
-0.011320
-0.007696
-0.004941
-0.008249
-0.002176
0.001041
0.013595
0.023316
0.010408
0.001973
0.000967
0.001055
0.001050
0.000995
0.000912
0.000942
0.000952
0.000882
0.000893
0.000937
0.001163
0.001286
0.001214
0.001218
0.001136
0.000928
0.000812
0.000830
0.001018
0.000917
0.000986
0.000774
0.000242
0.000387
0.000353
0.000469
0.000450
0.000410
0.000350
0.000213
0.000142
0.000074
0.000085
0.000104
0.000112
0.000099
0.000104
0.000082
-0.000046
-0.000038
-0.000044
-0.000008
0.000131
0.007109
0.008042
0.000216
-0.007599
-0.009262
-0.003707
-0.000639
0.001859
-0.007211
-0.015442
-0.016715
-0.015497
-0.014493
-0.019069
-0.016762
-0.012291
-0.008487
-0.008160
-0.006533
-0.010395
-0.010246
-0.007657
-0.007046
-0.003941
-0.004590
-0.002100
0.005849
0.015829
0.009041
-0.001716
0.001200
0.001103
0.001106
0.001007
0.000935
0.000898
0.000830
0.000921
0.000879
0.001025
0.001000
0.001070
0.000925
0.001082
0.001105
0.001039
0.000852
0.000879
0.000620
0.000717
0.000791
0.000448
0.000317
0.000384
0.000440
0.000425
0.000310
0.000315
0.000303
0.000199
0.000122
0.000115
0.000039
0.000080
0.000068
0.000064
0.000069
0.000045
-0.000028
0.000001
-0.000168
-0.000259
0.000417
0.012877
0.017148
0.008052
-0.009209
-0.011023
-0.007709
-0.002348
-0.001687
-0.007662
-0.017608
-0.020684
-0.015308
-0.012262
-0.011166
-0.015346
-0.017322
-0.013652
-0.011483
-0.009225
-0.010324
-0.009063
-0.008779
-0.007394
-0.005032
-0.002562
-0.002497
-0.001648
0.004226
-0.000679
-0.005782
-0.003134
0.001114
0.001168
0.001098
0.000930
0.000924
0.000938
0.000985
0.001011
0.001057
0.000764
0.000987
0.000884
0.000784
0.001051
0.001060
0.000746
0.000773
0.000947
0.000937
0.000912
0.000357
0.000288
0.000355
0.000377
0.000357
0.000321
0.000163
0.000228
0.000222
0.000164
0.000142
0.000047
0.000033
0.000039
0.000034
0.000034
0.000040
0.000045
-0.000650
-0.003114
-0.003072
0.000252
0.014058
0.012461
0.009141
-0.004027
-0.010604
-0.007661
-0.002145
-0.002595
-0.008256
-0.016506
-0.021825
-0.014455
-0.010778
-0.010354
-0.012285
-0.015631
-0.013416
-0.017251
-0.018033
-0.011242
0.001318
-0.007464
-0.007107
-0.008472
-0.003242
-0.002404
-0.003951
-0.005434
-0.005566
-0.005628
-0.006164
-0.003301
0.001028
0.001125
0.001093
0.000968
0.000876
0.000953
0.001118
0.001003
0.000704
0.000948
0.000908
0.001059
0.001166
0.001077
0.000866
0.000699
0.001021
0.001058
0.000657
0.000469
0.000187
0.000404
0.000354
0.000349
0.000368
0.000267
0.000255
0.000260
0.000173
0.000151
0.000028
0.000007
0.000011
0.000002
0.000000
0.000023
-0.001018
-0.003763
-0.003223
-0.003798
-0.001522
0.012403
0.005355
0.005343
-0.000054
-0.007464
-0.010655
-0.002288
-0.002660
-0.010010
-0.016662
-0.021964
-0.012876
-0.009885
-0.009274
-0.010673
-0.011875
-0.012069
-0.014972
-0.018668
-0.015555
-0.013687
-0.010468
-0.006292
-0.006007
-0.004325
-0.005248
-0.004724
-0.004197
-0.004701
-0.005029
-0.005251
-0.004613
-0.002905
-0.002247
0.001020
0.000675
0.001017
0.000925
0.001173
0.001215
0.000858
0.000903
0.001195
0.001331
0.001257
0.001144
0.000780
0.000789
0.000988
0.001145
0.000821
0.000454
0.000355
0.000390
0.000382
0.000383
0.000419
0.000384
0.000323
0.000218
0.000243
0.000211
0.000115
0.000053
0.000073
-0.000464
-0.000524
-0.000798
-0.003648
-0.004063
-0.003216
-0.003780
-0.004290
0.002339
-0.001343
0.008880
0.008641
0.000086
-0.007264
-0.002788
-0.001749
-0.010382
-0.018554
-0.021031
-0.016567
-0.010206
-0.009849
-0.010074
-0.013748
-0.015501
-0.016476
-0.019326
-0.014039
-0.012619
-0.010917
-0.007663
-0.005536
-0.004687
-0.002370
-0.005978
-0.003942
-0.004394
-0.005067
-0.004389
-0.002913
-0.002280
-0.002857
-0.002118
0.000709
0.000931
0.001089
0.001195
0.001277
0.001244
0.001162
0.001104
0.001280
0.001340
0.001215
0.001187
0.001037
0.000831
0.000825
0.000763
0.000531
0.000369
0.000395
0.000372
0.000380
0.000385
0.000471
0.000337
0.000466
0.000642
0.000126
0.000058
-0.000062
-0.000487
-0.003212
-0.004054
-0.003734
-0.003967
-0.004450
-0.004391
-0.004141
-0.004025
-0.003205
0.001378
0.005673
0.013515
0.007199
-0.004091
-0.002391
-0.005219
-0.014756
-0.019471
-0.020701
-0.017723
-0.011651
-0.009319
-0.012676
-0.015610
-0.016085
-0.014694
-0.018120
-0.014504
-0.011817
-0.009942
-0.007445
-0.005882
-0.006048
-0.004696
-0.000651
-0.003802
-0.004222
-0.003267
0.001199
0.000097
-0.000535
-0.000604
-0.001752
-0.001902
-0.001495
0.001087
0.001138
0.001169
0.001096
0.001006
0.001131
0.001260
0.001254
0.001232
0.001212
0.000760
0.000718
0.000624
0.000633
0.000721
0.000374
0.000394
0.000371
0.000363
0.000413
0.000344
0.000382
0.000504
0.000477
0.000442
0.000516
0.000222
-0.000043
-0.003028
-0.004023
-0.004075
-0.003800
-0.003545
-0.003385
-0.003665
-0.003142
-0.000078
-0.000030
-0.000069
0.000248
0.001146
0.001540
0.001584
0.001969
-0.013910
-0.016236
-0.020660
-0.016223
-0.013737
-0.010365
-0.011234
-0.016193
-0.015568
-0.012174
-0.012779
-0.013402
-0.010333
-0.009119
-0.006898
-0.004629
-0.004790
-0.005138
-0.003481
-0.001577
-0.003242
0.001253
0.006321
0.008017
0.007933
0.005607
-0.000056
-0.001188
-0.002261
-0.001916
-0.002052
-0.001168
0.001143
0.001063
0.001101
0.001308
0.001325
0.001107
0.001092
0.000989
0.000989
0.000810
0.000880
0.001141
0.000323
0.000384
0.000324
0.000307
0.000377
0.000387
0.000416
0.000359
0.000390
0.000414
0.000390
0.000336
0.000345
0.000330
0.000260
-0.001955
-0.001862
0.000021
-0.000048
-0.000153
-0.000060
0.000211
0.000213
0.000220
0.000219
0.000222
0.000249
0.000276
0.000295
0.000138
0.001781
-0.017915
-0.014960
-0.014991
-0.010601
-0.010748
-0.013566
-0.012696
-0.008046
-0.008115
-0.008465
-0.007867
-0.006811
-0.004955
-0.003382
-0.003116
-0.004332
-0.003920
-0.002467
0.000449
0.008257
0.014081
0.013610
0.011456
0.008092
0.003439
-0.000829
-0.001148
0.000066
-0.000219
-0.000041
0.001019
0.000713
0.001106
0.001251
0.001169
0.001276
0.001203
0.001125
0.001025
0.001032
0.001067
0.001189
0.000253
0.000356
0.000285
0.000321
0.000399
0.000342
0.000355
0.000345
0.000394
0.000361
0.000349
0.000292
0.000179
0.000126
0.000244
0.000144
-0.000206
0.000223
0.000260
0.000235
0.000209
0.000219
0.000198
0.000215
0.000122
0.000217
0.000201
0.000179
0.000203
0.000032
0.000461
0.002921
0.001942
0.001959
-0.003791
0.000070
0.000841
-0.005565
-0.004798
-0.004580
-0.005487
-0.005213
-0.004954
-0.004675
-0.003087
-0.002741
-0.003736
-0.004347
-0.005375
-0.005099
0.004813
0.001991
-0.005280
-0.001946
-0.003190
-0.000102
0.003888
0.003597
0.004246
-0.001821
0.000086
0.002532
0.001079
0.001078
0.001226
0.001190
0.001315
0.001119
0.001009
0.000905
0.001097
0.001183
0.001285
0.000385
0.000389
0.000339
0.000220
0.000189
0.000279
0.000382
0.000372
0.000453
0.000318
0.000372
0.000297
0.000281
0.000155
0.000198
0.000300
0.000253
0.000251
0.000279
0.000257
0.000223
0.000209
0.000183
0.000188
0.000100
0.000191
0.000166
0.000166
-0.000118
0.000458
0.000528
0.001010
0.000506
-0.001709
0.000406
0.001146
0.001254
0.001191
0.001184
0.001293
0.001424
0.001245
0.001820
0.001536
-0.003185
-0.002870
-0.004619
-0.006230
-0.006778
-0.007910
-0.005481
0.001885
0.001846
0.001926
0.002119
0.001910
0.000406
0.001484
0.001951
0.001409
0.001844
0.001856
0.001250
0.001835
0.001694
0.001092
0.000983
0.001027
0.000803
0.001092
0.001121
0.001099
0.001156
0.000381
0.000388
0.000313
0.000214
0.000184
0.000368
0.000482
0.000463
0.000458
0.000386
0.000518
0.000441
0.000384
0.000271
0.000235
0.000222
0.000289
0.000249
0.000284
0.000236
0.000197
0.000183
0.000200
0.000177
0.000053
0.000139
0.000178
0.000121
0.000141
0.000416
0.000245
0.000203
0.000467
-0.000047
0.000897
0.001169
0.001350
0.001312
0.001295
0.001304
0.001145
0.001112
0.001413
0.001329
0.001669
-0.003594
-0.007427
-0.008607
-0.008799
-0.008211
-0.005169
0.002086
0.002099
0.001971
0.002080
0.002031
0.001770
0.001695
0.001736
0.001635
0.001950
0.001933
0.001350
0.002016
0.001716
0.000849
0.000788
0.001286
0.001255
0.001071
0.000981
0.001250
0.001326
0.000370
0.000400
0.000366
0.000266
0.000329
0.000605
0.000564
0.000634
0.000539
0.000576
0.000552
0.000508
0.000455
0.000332
0.000209
0.000196
0.000287
0.000244
0.000228
0.000166
0.000174
0.000194
0.000207
0.000216
0.000093
0.000095
0.000096
0.000082
0.000189
-0.000004
0.000126
0.000336
0.000470
0.000563
0.000909
0.001238
0.001035
0.001061
0.001253
0.001063
0.000819
0.001129
0.001332
0.001403
0.001177
0.002728
-0.006178
-0.007497
-0.007217
-0.006043
-0.001972
-0.000349
0.001488
0.001858
0.001976
0.001889
0.001888
0.001967
0.001994
0.001881
0.001574
0.001474
0.001621
0.001620
0.001472
0.001049
0.001217
0.001615
0.001548
0.001133
0.001384
0.001320
0.001384
0.000407
0.000416
0.000229
0.000436
0.000461
0.000652
0.000573
0.000580
0.000557
0.000644
0.000496
0.000460
0.000449
0.000437
0.000258
0.000194
0.000160
0.000220
0.000184
0.000192
0.000199
0.000200
0.000259
0.000213
0.000130
0.000115
0.000088
0.000076
0.000072
0.000274
0.000103
0.000394
0.000553
0.000669
0.000934
0.000947
0.000723
0.000989
0.001063
0.000814
0.000542
0.000946
0.001250
0.001541
0.001364
0.001374
0.002684
-0.002061
0.000021
-0.000520
-0.000133
0.005218
-0.007290
0.001436
0.001783
0.001785
0.001924
0.002047
0.001909
0.001536
0.001708
0.001323
0.001136
0.001410
0.001480
0.001463
0.001578
0.001891
0.001369
0.001423
0.001312
0.001268
0.001422
0.000606
0.000365
0.000442
0.000570
0.000597
0.000662
0.000614
0.000683
0.000633
0.000655
0.000560
0.000429
0.000414
0.000464
0.000432
0.000203
0.000141
0.000184
0.000174
0.000227
0.000255
0.000174
0.000294
0.000315
0.000228
0.000226
0.000155
0.000117
0.000135
0.000035
0.000203
0.000453
0.000532
0.000742
0.001020
0.000916
0.000651
0.000931
0.001002
0.000998
0.000955
0.000841
0.001130
0.001312
0.001367
0.001405
0.001217
0.001514
0.001893
0.004735
0.002112
0.005435
-0.007432
0.001203
0.001831
0.002002
0.002173
0.002002
0.001706
0.001412
0.001643
0.001446
0.001394
0.001447
0.001477
0.001608
0.001718
0.001548
0.001014
0.001164
0.001035
0.001154
0.000988
0.000558
0.000275
0.000495
0.000646
0.000629
0.000632
0.000699
0.000640
0.000648
0.000651
0.000590
0.000389
0.000392
0.000504
0.000416
0.000216
0.000174
0.000186
0.000193
0.000219
0.000202
0.000168
0.000215
0.000224
0.000247
0.000097
0.000015
0.000185
0.000400
0.000330
0.000390
0.000634
0.000615
0.000771
0.000966
0.000906
0.000863
0.001182
0.001370
0.001185
0.001058
0.001100
0.001344
0.001233
0.001162
0.001156
0.001208
0.001373
0.001820
0.002108
0.000892
0.004856
-0.002901
0.001093
0.001965
0.002138
0.002204
0.002113
0.001902
0.001460
0.001553
0.001572
0.001402
0.001494
0.001433
0.001761
0.001499
0.001285
0.001117
0.000967
0.001097
0.001214
0.001195
0.000492
0.000449
0.000455
0.000528
0.000420
0.000564
0.000627
0.000564
0.000596
0.000613
0.000663
0.000545
0.000394
0.000365
0.000303
0.000192
0.000209
0.000202
0.000221
0.000253
0.000245
0.000127
0.000308
0.000261
0.000380
0.000167
0.000169
0.000315
0.000359
0.000445
0.000432
0.000862
0.000808
0.000646
0.000777
0.000674
0.000857
0.001232
0.001337
0.001321
0.001235
0.001126
0.001014
0.001073
0.001057
0.001218
0.001369
0.001450
0.001564
0.001806
0.001778
-0.000972
0.002653
0.000163
0.002001
0.002099
0.002092
0.001796
0.001869
0.001710
0.001300
0.000986
0.001208
0.001521
0.001193
0.001624
0.001449
0.001251
0.001240
0.000983
0.001001
0.001135
0.001057
0.000506
0.000530
0.000512
0.000525
0.000675
0.000531
0.000628
0.000557
0.000439
0.000546
0.000622
0.000542
0.000416
0.000265
0.000111
0.000155
0.000207
0.000225
0.000184
0.000206
0.000184
0.000318
0.000060
0.000306
0.000264
0.000213
0.000237
0.000382
0.000289
0.000321
0.000484
0.000755
0.000886
0.000713
0.000812
0.000733
0.001081
0.001064
0.001407
0.001293
0.001285
0.001237
0.001093
0.000948
0.001158
0.001335
0.001409
0.001352
0.001319
0.001640
0.001770
0.001648
0.001833
0.002040
0.002311
0.002209
0.000600
-0.001600
-0.001591
0.001218
0.000944
-0.000173
0.000852
0.001379
0.003153
0.001496
0.001278
0.001268
0.001093
0.000758
0.000997
0.001126
0.001033
0.000600
0.000718
0.000655
0.000674
0.000620
0.000697
0.000650
0.000547
0.000393
0.000370
0.000514
0.000504
0.000316
0.000306
0.000233
0.000278
0.000277
0.000267
0.000207
0.000187
0.000227
0.000402
0.000354
0.000155
0.000324
0.000304
0.000247
0.000344
0.000349
0.000458
0.000695
0.000865
0.001040
0.001211
0.001295
0.000718
0.000682
0.001089
0.001258
0.001404
0.001276
0.001212
0.001027
0.000839
0.000752
0.000828
0.000856
0.001322
0.001472
0.001637
0.001684
0.001936
0.002090
0.002158
0.001936
0.001826
-0.001691
-0.000915
-0.000399
-0.000212
-0.000460
-0.001848
0.001553
0.001659
0.001752
0.001390
0.001201
0.000748
0.000900
0.000730
0.000848
0.001023
0.001086
